0  0  0  0  0  0  0  0  0  0  0  0  0  0  0  0  0  0  0  0  0  0  0  0  0  0  0  0  0  0  0  0  0  0  0  0  0  0  0  0  0  0  0  0  0  0  0  0  
0  0  0  0  0  0  0  0  0  0  0  0  0  0  0  0  0  0  0  0  0  0  0  0  0  0  0  0  0  0  0  0  0  0  0  0  0  0  0  0  0  0  0  0  0  0  0  0  
0  0  0  0  0  0  0  0  0  0  0  0  0  0  0  0  0  0  0  0  0  0  0  0  0  0  0  0  0  0  0  0  0  0  0  0  0  0  0  0  0  0  0  0  0  0  0  0  
0  0  0  0  0  0  0  0  0  0  0  0  0  0  0  0  0  0  0  0  0  0  0  0  0  0  0  0  0  0  0  0  0  0  0  0  0  0  0  0  0  0  0  0  0  0  0  0  
0  0  0  0  0  0  0  0  0  0  0  0  0  0  0  0  0  0  0  0  0  0  0  0  0  0  0  0  0  0  0  0  0  0  0  0  0  0  0  0  0  0  0  0  0  0  0  0  
0  0  0  0  0  0  0  0  0  0  0  0  0  0  0  0  0  0  0  0  0  0  0  0  0  0  0  0  0  0  0  0  0  0  0  0  0  0  0  0  0  0  0  0  0  0  0  0  
0  0  0  0  0  0  0  0  0  0  0  0  0  0  0  0  0  0  0  0  0  0  0  0  0  0  0  0  0  0  0  0  0  0  0  0  0  0  0  0  0  0  0  0  0  0  0  0  
0  0  0  0  0  0  0  0  0  0  0  0  0  0  0  0  0  0  0  0  0  0  0  0  0  0  0  0  0  0  0  0  0  0  0  0  0  0  0  0  0  0  0  0  0  0  0  0  
0  0  0  0  0  0  0  0  0  0  0  0  0  0  0  0  0  0  0  0  0  0  0  0  0  0  0  0  0  0  0  0  0  0  0  0  0  0  0  0  0  0  0  0  0  0  0  0  
0  0  0  0  0  0  0  0  0  0  0  0  0  0  0  0  0  0  0  0  0  0  0  0  0  0  0  0  0  0  0  0  0  0  0  0  0  0  0  0  0  0  0  0  0  0  0  0  
0  0  0  0  0  0  0  0  0  0  0  0  0  0  0  0  0  0  0  0  0  0  0  0  0  0  0  0  0  0  0  0  0  0  0  0  0  0  0  0  0  0  0  0  0  0  0  0  
0  0  0  0  0  0  0  0  0  0  0  0  0  0  0  0  0  0  0  0  0  0  0  0  0  0  0  0  0  0  0  0  0  0  0  0  0  0  0  0  0  0  0  0  0  0  0  0  
0  0  0  0  0  0  0  0  0  0  0  0  0  0  0  0  0  0  0  0  0  0  0  0  0  0  0  0  0  0  0  0  0  0  0  0  0  0  0  0  0  0  0  0  0  0  0  0  
0  0  0  0  0  0  0  0  0  0  0  0  0  0  0  0  0  0  0  0  0  0  0  0  0  0  0  0  0  0  0  0  0  0  0  0  0  0  0  0  0  0  0  0  0  0  0  0  
0  0  0  0  0  0  0  0  0  0  0  0  0  0  0  0  0  0  0  0  0  0  0  0  0  0  0  0  0  0  0  0  0  0  0  0  0  0  0  0  0  0  0  0  0  0  0  0  
0  0  0  0  0  0  0  0  0  0  0  0  0  0  0  0  0  0  0  0  0  0  0  0  0  0  0  0  0  0  0  0  0  0  0  0  0  0  0  0  0  0  0  0  0  0  0  0  
0  0  0  0  0  0  0  0  0  0  0  0  0  0  0  0  0  0  0  0  0  0  0  0  0  0  0  0  0  0  0  0  0  0  0  0  0  0  0  0  0  0  0  0  0  0  0  0  
0  0  0  0  0  0  0  0  0  0  0  0  0  0  0  0  0  0  0  0  0  0  0  0  0  0  0  0  0  0  0  0  0  0  0  0  0  0  0  0  0  0  0  0  0  0  0  0  
0  0  0  0  0  0  0  0  0  0  0  0  0  0  0  0  0  0  0  0  0  0  0  0  0  0  0  0  0  0  0  0  0  0  0  0  0  0  0  0  0  0  0  0  0  0  0  0  
0  0  0  0  0  0  0  0  0  0  0  0  0  0  0  0  0  0  0  0  0  0  0  0  0  0  0  0  0  0  0  0  0  0  0  0  0  0  0  0  0  0  0  0  0  0  0  0  
0  0  0  0  0  0  0  0  0  0  0  0  0  0  0  0  0  0  0  0  0  0  0  0  0  0  0  0  0  0  0  0  0  0  0  0  0  0  0  0  0  0  0  0  0  0  0  0  
0  0  0  0  0  0  0  0  0  0  0  0  0  0  0  0  0  0  0  0  0  0  0  0  0  0  0  0  0  0  0  0  0  0  0  0  0  0  0  0  0  0  0  0  0  0  0  0  
0  0  0  0  0  0  0  0  0  0  0  0  0  0  0  0  0  0  0  0  0  0  0  0  0  0  0  0  0  0  0  0  0  0  0  0  0  0  0  0  0  0  0  0  0  0  0  0  
0  0  0  0  0  0  0  0  0  0  0  0  0  0  0  0  0  0  0  0  0  0  0  0  0  0  0  0  0  0  0  0  0  0  0  0  0  0  0  0  0  0  0  0  0  0  0  0  
0  0  0  0  0  0  0  0  0  0  0  0  0  0  0  0  0  0  0  0  0  0  0  0  0  0  0  0  0  0  0  0  0  0  0  0  0  0  0  0  0  0  0  0  0  0  0  0  
0  0  0  0  0  0  0  0  0  0  0  0  0  0  0  0  0  0  0  0  0  0  0  0  0  0  0  0  0  0  0  0  0  0  0  0  0  0  0  0  0  0  0  0  0  0  0  0  
0  0  0  0  0  0  0  0  0  0  0  0  0  0  0  0  0  0  0  0  0  0  0  0  0  0  0  0  0  0  0  0  0  0  0  0  0  0  0  0  0  0  0  0  0  0  0  0  
0  0  0  0  0  0  0  0  0  0  0  0  0  0  0  0  0  0  0  0  0  0  0  0  0  0  0  0  0  0  0  0  0  0  0  0  0  0  0  0  0  0  0  0  0  0  0  0  
0  0  0  0  0  0  0  0  0  0  0  0  0  0  0  0  0  0  0  0  0  0  0  0  0  0  0  0  0  0  0  0  0  0  0  0  0  0  0  0  0  0  0  0  0  0  0  0  
0  0  0  0  0  0  0  0  0  0  0  0  0  0  0  0  0  0  0  0  0  0  0  0  0  0  0  0  0  0  0  0  0  0  0  0  0  0  0  0  0  0  0  0  0  0  0  0  
0  0  0  0  0  0  0  0  0  0  0  0  0  0  0  0  0  0  0  0  0  0  0  0  0  0  0  0  0  0  0  0  0  0  0  0  0  0  0  0  0  0  0  0  0  0  0  0  
0  0  0  0  0  0  0  0  0  0  0  0  0  0  0  0  0  0  0  0  0  0  0  0  0  0  0  0  0  0  0  0  0  0  0  0  0  0  0  0  0  0  0  0  0  0  0  0  
0  0  0  0  0  0  0  0  0  0  0  0  0  0  0  0  0  0  0  0  0  0  0  0  0  0  0  0  0  0  0  0  0  0  0  0  0  0  0  0  0  0  0  0  0  0  0  0  
0  0  0  0  0  0  0  0  0  0  0  0  0  0  0  0  0  0  0  0  0  0  0  0  0  0  0  0  0  0  0  0  0  0  0  0  0  0  0  0  0  0  0  0  0  0  0  0  
0  0  0  0  0  0  0  0  0  0  0  0  0  0  0  0  0  0  0  0  0  0  0  0  0  0  0  0  0  0  0  0  0  0  0  0  0  0  0  0  0  0  0  0  0  0  0  0  
0  0  0  0  0  0  0  0  0  0  0  0  0  0  0  0  0  0  0  0  0  0  0  0  0  0  0  0  0  0  0  0  0  0  0  0  0  0  0  0  0  0  0  0  0  0  0  0  
0  0  0  0  0  0  0  0  0  0  0  0  0  0  0  0  0  0  0  0  0  0  0  0  0  0  0  0  0  0  0  0  0  0  0  0  0  0  0  0  0  0  0  0  0  0  0  0  
0  0  0  0  0  0  0  0  0  0  0  0  0  0  0  0  0  0  0  0  0  0  0  0  0  0  0  0  0  0  0  0  0  0  0  0  0  0  0  0  0  0  0  0  0  0  0  0  
0  0  0  0  0  0  0  0  0  0  0  0  0  0  0  0  0  0  0  0  0  0  0  0  0  0  0  0  0  0  0  0  0  0  0  0  0  0  0  0  0  0  0  0  0  0  0  0  
0  0  0  0  0  0  0  0  0  0  0  0  0  0  0  0  0  0  0  0  0  0  0  0  0  0  0  0  0  0  0  0  0  0  0  0  0  0  0  0  0  0  0  0  0  0  0  0  
0  0  0  0  0  0  0  0  0  0  0  0  0  0  0  0  0  0  0  0  0  0  0  0  0  0  0  0  0  0  0  0  0  0  0  0  0  0  0  0  0  0  0  0  0  0  0  0  
0  0  0  0  0  0  0  0  0  0  0  0  0  0  0  0  0  0  0  0  0  0  0  0  0  0  0  0  0  0  0  0  0  0  0  0  0  0  0  0  0  0  0  0  0  0  0  0  
0  0  0  0  0  0  0  0  0  0  0  0  0  0  0  0  0  0  0  0  0  0  0  0  0  0  0  0  0  0  0  0  0  0  0  0  0  0  0  0  0  0  0  0  0  0  0  0  
0  0  0  0  0  0  0  0  0  0  0  0  0  0  0  0  0  0  0  0  0  0  0  0  0  0  0  0  0  0  0  0  0  0  0  0  0  0  0  0  0  0  0  0  0  0  0  0  
0  0  0  0  0  0  0  0  0  0  0  0  0  0  0  0  0  0  0  0  0  0  0  0  0  0  0  0  0  0  0  0  0  0  0  0  0  0  0  0  0  0  0  0  0  0  0  0  
0  0  0  0  0  0  0  0  0  0  0  0  0  0  0  0  0  0  0  0  0  0  0  0  0  0  0  0  0  0  0  0  0  0  0  0  0  0  0  0  0  0  0  0  0  0  0  0  
0  0  0  0  0  0  0  0  0  0  0  0  0  0  0  0  0  0  0  0  0  0  0  0  0  0  0  0  0  0  0  0  0  0  0  0  0  0  0  0  0  0  0  0  0  0  0  0  
0  0  0  0  0  0  0  0  0  0  0  0  0  0  0  0  0  0  0  0  0  0  0  0  0  0  0  0  0  0  0  0  0  0  0  0  0  0  0  0  0  0  0  0  0  0  0  0  
0  0  0  0  0  0  0  0  0  0  0  0  0  0  0  0  0  0  0  0  0  0  0  0  0  0  0  0  0  0  0  0  0  0  0  0  0  0  0  0  0  0  0  0  0  0  0  0  
0  0  0  0  0  0  0  0  0  0  0  0  0  0  0  0  0  0  0  0  0  0  0  0  0  0  0  0  0  0  0  0  0  0  0  0  0  0  0  0  0  0  0  0  0  0  0  0  
0  0  0  0  0  0  0  0  0  0  0  0  0  0  0  0  0  0  0  0  0  0  0  0  0  0  0  0  0  0  0  0  0  0  0  0  0  0  0  0  0  0  0  0  0  0  0  0  
0  0  0  0  0  0  0  0  0  0  0  0  0  0  0  0  0  0  0  0  0  0  0  0  0  0  0  0  0  0  0  0  0  0  0  0  0  0  0  0  0  0  0  0  0  0  0  0  
0  0  0  0  0  0  0  0  0  0  0  0  0  0  0  0  0  0  0  0  0  0  0  0  0  0  0  0  0  0  0  0  0  0  0  0  0  0  0  0  0  0  0  0  0  0  0  0  
0  0  0  0  0  0  0  0  0  0  0  0  0  0  0  0  0  0  0  0  0  0  0  0  0  0  0  0  0  0  0  0  0  0  0  0  0  0  0  0  0  0  0  0  0  0  0  0  
0  0  0  0  0  0  0  0  0  0  0  0  0  0  0  0  0  0  0  0  0  0  0  0  0  0  0  0  0  0  0  0  0  0  0  0  0  0  0  0  0  0  0  0  0  0  0  0  
0  0  0  0  0  0  0  0  0  0  0  0  0  0  0  0  0  0  0  0  0  0  0  0  0  0  0  0  0  0  0  0  0  0  0  0  0  0  0  0  0  0  0  0  0  0  0  0  
0  0  0  0  0  0  0  0  0  0  0  0  0  0  0  0  0  0  0  0  0  0  0  0  0  0  0  0  0  0  0  0  0  0  0  0  0  0  0  0  0  0  0  0  0  0  0  0  
0  0  0  0  0  0  0  0  0  0  0  0  0  0  0  0  0  0  0  0  0  0  0  0  0  0  0  0  0  0  0  0  0  0  0  0  0  0  0  0  0  0  0  0  0  0  0  0  
0  0  0  0  0  0  0  0  0  0  0  0  0  0  0  0  0  0  0  0  0  0  0  0  0  0  0  0  0  0  0  0  0  0  0  0  0  0  0  0  0  0  0  0  0  0  0  0  
0  0  0  0  0  0  0  0  0  0  0  0  0  0  0  0  0  0  0  0  0  0  0  0  0  0  0  0  0  0  0  0  0  0  0  0  0  0  0  0  0  0  0  0  0  0  0  0  
0  0  0  0  0  0  0  0  0  0  0  0  0  0  0  0  0  0  0  0  0  0  0  0  0  0  0  0  0  0  0  0  0  0  0  0  0  0  0  0  0  0  0  0  0  0  0  0  
0  0  0  0  0  0  0  0  0  0  0  0  0  0  0  0  0  0  0  0  0  0  0  0  0  0  0  0  0  0  0  0  0  0  0  0  0  0  0  0  0  0  0  0  0  0  0  0  
0  0  0  0  0  0  0  0  0  0  0  0  0  0  0  0  0  0  0  0  0  0  0  0  0  0  0  0  0  0  0  0  0  0  0  0  0  0  0  0  0  0  0  0  0  0  0  0  
0  0  0  0  0  0  0  0  0  0  0  0  0  0  0  0  0  0  0  0  0  0  0  0  0  0  0  0  0  0  0  0  0  0  0  0  0  0  0  0  0  0  0  0  0  0  0  0  
0  0  0  0  0  0  0  0  0  0  0  0  0  0  0  0  0  0  0  0  0  0  0  0  0  0  0  0  0  0  0  0  0  0  0  0  0  0  0  0  0  0  0  0  0  0  0  0  
0  0  0  0  0  0  0  0  0  0  0  0  0  0  0  0  0  0  0  0  0  0  0  0  0  0  0  0  0  0  0  0  0  0  0  0  0  0  0  0  0  0  0  0  0  0  0  0  
0  0  0  0  0  0  0  0  0  0  0  0  0  0  0  0  0  0  0  0  0  0  0  0  0  0  0  0  0  0  0  0  0  0  0  0  0  0  0  0  0  0  0  0  0  0  0  0  
0  0  0  0  0  0  0  0  0  0  0  0  0  0  0  0  0  0  0  0  0  0  0  0  0  0  0  0  0  0  0  0  0  0  0  0  0  0  0  0  0  0  0  0  0  0  0  0  
0  0  0  0  0  0  0  0  0  0  0  0  0  0  0  0  0  0  0  0  0  0  0  0  0  0  0  0  0  0  0  0  0  0  0  0  0  0  0  0  0  0  0  0  0  0  0  0  
0  0  0  0  0  0  0  0  0  0  0  0  0  0  0  0  0  0  0  0  0  0  0  0  0  0  0  0  0  0  0  0  0  0  0  0  0  0  0  0  0  0  0  0  0  0  0  0  
0  0  0  0  0  0  0  0  0  0  0  0  0  0  0  0  0  0  0  0  0  0  0  0  0  0  0  0  0  0  0  0  0  0  0  0  0  0  0  0  0  0  0  0  0  0  0  0  
0  0  0  0  0  0  0  0  0  0  0  0  0  0  0  0  0  0  0  0  0  0  0  0  0  0  0  0  0  0  0  0  0  0  0  0  0  0  0  0  0  0  0  0  0  0  0  0  
0  0  0  0  0  0  0  0  0  0  0  0  0  0  0  0  0  0  0  0  0  0  0  0  0  0  0  0  0  0  0  0  0  0  0  0  0  0  0  0  0  0  0  0  0  0  0  0  
0  0  0  0  0  0  0  0  0  0  0  0  0  0  0  0  0  0  0  0  0  0  0  0  0  0  0  0  0  0  0  0  0  0  0  0  0  0  0  0  0  0  0  0  0  0  0  0  
0  0  0  0  0  0  0  0  0  0  0  0  0  0  0  0  0  0  0  0  0  0  0  0  0  0  0  0  0  0  0  0  0  0  0  0  0  0  0  0  0  0  0  0  0  0  0  0  
0  0  0  0  0  0  0  0  0  0  0  0  0  0  0  0  0  0  0  0  0  0  0  0  0  0  0  0  0  0  0  0  0  0  0  0  0  0  0  0  0  0  0  0  0  0  0  0  
0  0  0  0  0  0  0  0  0  0  0  0  0  0  0  0  0  0  0  0  0  0  0  0  0  0  0  0  0  0  0  0  0  0  0  0  0  0  0  0  0  0  0  0  0  0  0  0  
0  0  0  0  0  0  0  0  0  0  0  0  0  0  0  0  0  0  0  0  0  0  0  0  0  0  0  0  0  0  0  0  0  0  0  0  0  0  0  0  0  0  0  0  0  0  0  0  
0  0  0  0  0  0  0  0  0  0  0  0  0  0  0  0  0  0  0  0  0  0  0  0  0  0  0  0  0  0  0  0  0  0  0  0  0  0  0  0  0  0  0  0  0  0  0  0  
0  0  0  0  0  0  0  0  0  0  0  0  0  0  0  0  0  0  0  0  0  0  0  0  0  0  0  0  0  0  0  0  0  0  0  0  0  0  0  0  0  0  0  0  0  0  0  0  
0  0  0  0  0  0  0  0  0  0  0  0  0  0  0  0  0  0  0  0  0  0  0  0  0  0  0  0  0  0  0  0  0  0  0  0  0  0  0  0  0  0  0  0  0  0  0  0  
0  0  0  0  0  0  0  0  0  0  0  0  0  0  0  0  0  0  0  0  0  0  0  0  0  0  0  0  0  0  0  0  0  0  0  0  0  0  0  0  0  0  0  0  0  0  0  0  
0  0  0  0  0  0  0  0  0  0  0  0  0  0  0  0  0  0  0  0  0  0  0  0  0  0  0  0  0  0  0  0  0  0  0  0  0  0  0  0  0  0  0  0  0  0  0  0  
0  0  0  0  0  0  0  0  0  0  0  0  0  0  0  0  0  0  0  0  0  0  0  0  0  0  0  0  0  0  0  0  0  0  0  0  0  0  0  0  0  0  0  0  0  0  0  0  
0  0  0  0  0  0  0  0  0  0  0  0  0  0  0  0  0  0  0  0  0  0  0  0  0  0  0  0  0  0  0  0  0  0  0  0  0  0  0  0  0  0  0  0  0  0  0  0  
0  0  0  0  0  0  0  0  0  0  0  0  0  0  0  0  0  0  0  0  0  0  0  0  0  0  0  0  0  0  0  0  0  0  0  0  0  0  0  0  0  0  0  0  0  0  0  0  
0  0  0  0  0  0  0  0  0  0  0  0  0  0  0  0  0  0  0  0  0  0  0  0  0  0  0  0  0  0  0  0  0  0  0  0  0  0  0  0  0  0  0  0  0  0  0  0  
0  0  0  0  0  0  0  0  0  0  0  0  0  0  0  0  0  0  0  0  0  0  0  0  0  0  0  0  0  0  0  0  0  0  0  0  0  0  0  0  0  0  0  0  0  0  0  0  
0  0  0  0  0  0  0  0  0  0  0  0  0  0  0  0  0  0  0  0  0  0  0  0  0  0  0  0  0  0  0  0  0  0  0  0  0  0  0  0  0  0  0  0  0  0  0  0  
0  0  0  0  0  0  0  0  0  0  0  0  0  0  0  0  0  0  0  0  0  0  0  0  0  0  0  0  0  0  0  0  0  0  0  0  0  0  0  0  0  0  0  0  0  0  0  0  
0  0  0  0  0  0  0  0  0  0  0  0  0  0  0  0  0  0  0  0  0  0  0  0  0  0  0  0  0  0  0  0  0  0  0  0  0  0  0  0  0  0  0  0  0  0  0  0  
0  0  0  0  0  0  0  0  0  0  0  0  0  0  0  0  0  0  0  0  0  0  0  0  0  0  0  0  0  0  0  0  0  0  0  0  0  0  0  0  0  0  0  0  0  0  0  0  
0  0  0  0  0  0  0  0  0  0  0  0  0  0  0  0  0  0  0  0  0  0  0  0  0  0  0  0  0  0  0  0  0  0  0  0  0  0  0  0  0  0  0  0  0  0  0  0  
0  0  0  0  0  0  0  0  0  0  0  0  0  0  0  0  0  0  0  0  0  0  0  0  0  0  0  0  0  0  0  0  0  0  0  0  0  0  0  0  0  0  0  0  0  0  0  0  
0  0  0  0  0  0  0  0  0  0  0  0  0  0  0  0  0  0  0  0  0  0  0  0  0  0  0  0  0  0  0  0  0  0  0  0  0  0  0  0  0  0  0  0  0  0  0  0  
0  0  0  0  0  0  0  0  0  0  0  0  0  0  0  0  0  0  0  0  0  0  0  0  0  0  0  0  0  0  0  0  0  0  0  0  0  0  0  0  0  0  0  0  0  0  0  0  
0  0  0  0  0  0  0  0  0  0  0  0  0  0  0  0  0  0  0  0  0  0  0  0  0  0  0  0  0  0  0  0  0  0  0  0  0  0  0  0  0  0  0  0  0  0  0  0  
0  0  0  0  0  0  0  0  0  0  0  0  0  0  0  0  0  0  0  0  0  0  0  0  0  0  0  0  0  0  0  0  0  0  0  0  0  0  0  0  0  0  0  0  0  0  0  0  
0  0  0  0  0  0  0  0  0  0  0  0  0  0  0  0  0  0  0  0  0  0  0  0  0  0  0  0  0  0  0  0  0  0  0  0  0  0  0  0  0  0  0  0  0  0  0  0  
0  0  0  0  0  0  0  0  0  0  0  0  0  0  0  0  0  0  0  0  0  0  0  0  0  0  0  0  0  0  0  0  0  0  0  0  0  0  0  0  0  0  0  0  0  0  0  0  
1.26393  0.0152329  4.30927e-18  0.099292  3.5  4.2  4.9  5.6  6.3  7  7.7  8.4  9.1  9.8  10.5  11.2  11.9  12.6  13.3  14  14.7  15.4  16.1  16.8  0.631963  0.00380823  7.18211e-19  0.0124115  0.35  0.35  0.35  0.35  0.35  0.35  0.35  0.35  0.35  0.35  0.35  0.35  0.35  0.35  0.35  0.35  0.35  0.35  0.35  0.35  
1.60797  0.0540935  0.00864262  0.122126  3.5  4.00025  4.9  5.6  6.3  7  7.7  8.4  9.1  9.8  10.5  11.2  11.9  12.6  13.3  14  14.7  15.4  16.1  16.8  0.803983  0.0135234  0.00144044  0.0152658  0.35  0.333354  0.35  0.35  0.35  0.35  0.35  0.35  0.35  0.35  0.35  0.35  0.35  0.35  0.35  0.35  0.35  0.35  0.35  0.35  
0.00235262  0.158722  0.0008507  3.09321e-20  3.5  3.78173  4.9  5.6  6.3  7  7.7  8.4  9.1  9.8  10.5  11.2  11.9  12.6  13.3  14  14.7  15.4  16.1  16.8  0.00117631  0.0396804  0.000141783  3.86651e-21  0.35  0.315144  0.35  0.35  0.35  0.35  0.35  0.35  0.35  0.35  0.35  0.35  0.35  0.35  0.35  0.35  0.35  0.35  0.35  0.35  
1.26393  0.0152329  4.30927e-18  0.137875  3.5  4.2  4.9  5.6  6.3  7  7.7  8.4  9.1  9.8  10.5  11.2  11.9  12.6  13.3  14  14.7  15.4  16.1  16.8  0.631963  0.00380823  7.18211e-19  0.0172343  0.35  0.35  0.35  0.35  0.35  0.35  0.35  0.35  0.35  0.35  0.35  0.35  0.35  0.35  0.35  0.35  0.35  0.35  0.35  0.35  
0.0169359  0.377073  4.30927e-18  3.09321e-20  3.5  4.2  4.9  5.6  6.3  7  7.7  8.4  9.1  9.8  10.5  11.2  11.9  12.6  13.3  14  14.7  15.4  16.1  16.8  0.00846796  0.0942681  7.18211e-19  3.86651e-21  0.35  0.35  0.35  0.35  0.35  0.35  0.35  0.35  0.35  0.35  0.35  0.35  0.35  0.35  0.35  0.35  0.35  0.35  0.35  0.35  
4.45252e-06  0.00722373  0.05062  0  3.5  4.2  4.9  5.71238  6.3  7  7.7  8.4  9.1  9.8  10.5  11.2  11.9  12.6  13.3  14  14.7  15.4  16.1  16.8  2.22626e-06  0.00180593  0.00843667  0  0.35  0.35  0.35  0.357024  0.35  0.35  0.35  0.35  0.35  0.35  0.35  0.35  0.35  0.35  0.35  0.35  0.35  0.35  0.35  0.35  
0.0283557  0.00621964  5.13885e-09  0  3.5  4.2  4.9  5.71238  6.3  7  7.7  8.4  9.1  9.8  10.5  11.2  11.9  12.6  13.3  14  14.7  15.4  16.1  16.8  0.0141778  0.00155491  8.56474e-10  0  0.35  0.35  0.35  0.357024  0.35  0.35  0.35  0.35  0.35  0.35  0.35  0.35  0.35  0.35  0.35  0.35  0.35  0.35  0.35  0.35  
4.45252e-06  0.247021  4.80239e-09  0  3.5  4.2  4.9  5.71238  6.3  7  7.7  8.4  9.1  9.8  10.5  11.2  11.9  12.6  13.3  14  14.7  15.4  16.1  16.8  2.22626e-06  0.0617553  8.00398e-10  0  0.35  0.35  0.35  0.357024  0.35  0.35  0.35  0.35  0.35  0.35  0.35  0.35  0.35  0.35  0.35  0.35  0.35  0.35  0.35  0.35  
1.44708  0.158184  5.14747e-13  0.000293089  3.5  4.2  4.9  5.6  6.3  7  7.7  8.4  9.1  9.8  10.5  11.2  11.9  12.6  13.3  14  14.7  15.4  16.1  16.8  0.723542  0.0395461  8.57912e-14  3.66361e-05  0.35  0.35  0.35  0.35  0.35  0.35  0.35  0.35  0.35  0.35  0.35  0.35  0.35  0.35  0.35  0.35  0.35  0.35  0.35  0.35  
0.971776  0.158722  0.0008507  3.09321e-20  3.5  3.78173  4.9  5.6  6.3  6.00139  7.7  8.4  9.1  9.8  10.5  11.2  11.9  12.6  13.3  14  14.7  15.4  16.1  16.8  0.485888  0.0396804  0.000141783  3.86651e-21  0.35  0.315144  0.35  0.35  0.35  0.300069  0.35  0.35  0.35  0.35  0.35  0.35  0.35  0.35  0.35  0.35  0.35  0.35  0.35  0.35  
0.591858  0.278896  0.104602  0  3.5  4.32684  5.15594  5.6  6.3  7  7.7  8.4  9.1  9.8  10.5  11.2  11.9  12.6  13.3  14  14.7  15.4  16.1  16.8  0.295929  0.0697241  0.0174337  0  0.35  0.36057  0.368281  0.35  0.35  0.35  0.35  0.35  0.35  0.35  0.35  0.35  0.35  0.35  0.35  0.35  0.35  0.35  0.35  0.35  
0.00947051  0.025995  0.0943352  3.09321e-20  3.5  4.18452  4.9  5.6  6.3  7  7.7  8.4  9.1  9.8  10.5  11.2  11.9  12.6  13.3  14  14.7  15.4  16.1  16.8  0.00473525  0.00649876  0.0157225  3.86651e-21  0.35  0.34871  0.35  0.35  0.35  0.35  0.35  0.35  0.35  0.35  0.35  0.35  0.35  0.35  0.35  0.35  0.35  0.35  0.35  0.35  
0.215239  0.00643961  8.08784e-20  0.133276  3.5  4.2  4.9  5.6  6.3  7  7.7  8.4  9.1  9.8  10.5  11.2  11.9  12.6  13.3  14  14.7  15.4  16.1  16.8  0.10762  0.0016099  1.34797e-20  0.0166594  0.35  0.35  0.35  0.35  0.35  0.35  0.35  0.35  0.35  0.35  0.35  0.35  0.35  0.35  0.35  0.35  0.35  0.35  0.35  0.35  
0.284203  0.00643961  4.06139e-19  0.0510758  3.5  4.2  4.9  5.6  6.3  7  7.7  8.4  9.1  9.8  10.5  11.2  11.9  12.6  13.3  14  14.7  15.4  16.1  16.8  0.142101  0.0016099  6.76898e-20  0.00638448  0.35  0.35  0.35  0.35  0.35  0.35  0.35  0.35  0.35  0.35  0.35  0.35  0.35  0.35  0.35  0.35  0.35  0.35  0.35  0.35  
0.315653  0.029065  0.272979  0.00699599  3.5  4.2  4.9  5.6  6.3  7  7.7  8.4  9.1  9.8  10.5  11.2  11.9  12.6  13.3  14  14.7  15.4  16.1  16.8  0.157827  0.00726625  0.0454965  0.000874498  0.35  0.35  0.35  0.35  0.35  0.35  0.35  0.35  0.35  0.35  0.35  0.35  0.35  0.35  0.35  0.35  0.35  0.35  0.35  0.35  
0.00198739  0.0736011  0  0  3.5  4.2  4.9  5.6  6.3  7  7.7  8.4  9.1  9.8  10.5  11.2  11.9  12.6  13.3  14  14.7  15.4  16.1  16.8  0.000993696  0.0184003  0  0  0.35  0.35  0.35  0.35  0.35  0.35  0.35  0.35  0.35  0.35  0.35  0.35  0.35  0.35  0.35  0.35  0.35  0.35  0.35  0.35  
1.60797  0.124292  0.00864262  0  3.5  4.2  4.9  5.6  6.3  7  7.7  8.4  9.1  9.8  10.5  11.2  11.9  12.6  13.3  14  14.7  15.4  16.1  16.8  0.803983  0.0310731  0.00144044  0  0.35  0.35  0.35  0.35  0.35  0.35  0.35  0.35  0.35  0.35  0.35  0.35  0.35  0.35  0.35  0.35  0.35  0.35  0.35  0.35  
0.0331059  4.6526e-05  0.254022  0  3.5  4.37017  4.9  5.6  6.3  7  7.7  8.4  9.1  9.8  10.5  11.2  11.9  12.6  13.3  14  14.7  15.4  16.1  16.8  0.0165529  1.16315e-05  0.0423371  0  0.35  0.364181  0.35  0.35  0.35  0.35  0.35  0.35  0.35  0.35  0.35  0.35  0.35  0.35  0.35  0.35  0.35  0.35  0.35  0.35  
0.0162105  0.0397608  0.232451  5.64403e-19  3.5  4.2  4.9  5.6  6.3  7  7.7  8.4  9.1  9.8  10.5  11.2  11.9  12.6  13.3  14  14.7  15.4  16.1  16.8  0.00810527  0.0099402  0.0387418  7.05504e-20  0.35  0.35  0.35  0.35  0.35  0.35  0.35  0.35  0.35  0.35  0.35  0.35  0.35  0.35  0.35  0.35  0.35  0.35  0.35  0.35  
0.0169359  0.025995  4.30927e-18  3.09321e-20  3.5  4.2  4.9  5.6  6.3  7  7.7  8.4  9.1  9.8  10.5  11.2  11.9  12.6  13.3  14  14.7  15.4  16.1  16.8  0.00846796  0.00649876  7.18211e-19  3.86651e-21  0.35  0.35  0.35  0.35  0.35  0.35  0.35  0.35  0.35  0.35  0.35  0.35  0.35  0.35  0.35  0.35  0.35  0.35  0.35  0.35  
0.728169  0.00289008  3.8606e-13  0.444268  3.5  4.2  4.9  5.6  6.3  7  7.7  8.4  9.1  9.8  10.5  11.2  11.9  12.6  13.3  14  14.7  15.4  16.1  16.8  0.364085  0.000722521  6.43434e-14  0.0555335  0.35  0.35  0.35  0.35  0.35  0.35  0.35  0.35  0.35  0.35  0.35  0.35  0.35  0.35  0.35  0.35  0.35  0.35  0.35  0.35  
0.0535985  0.243993  0  0.177921  3.5  4.2  4.9  5.6  6.3  7  7.7  8.4  9.1  9.8  10.5  11.2  11.9  12.6  13.3  14  14.7  15.4  16.1  16.8  0.0267993  0.0609982  0  0.0222401  0.35  0.35  0.35  0.35  0.35  0.35  0.35  0.35  0.35  0.35  0.35  0.35  0.35  0.35  0.35  0.35  0.35  0.35  0.35  0.35  
0.00173094  0.121608  0.228885  0.579856  3.5  4.2  4.9  5.6  6.3  7  7.7  8.4  9.1  9.8  10.5  11.2  11.9  12.6  13.3  14  14.7  15.4  16.1  16.8  0.000865469  0.030402  0.0381476  0.072482  0.35  0.35  0.35  0.35  0.35  0.35  0.35  0.35  0.35  0.35  0.35  0.35  0.35  0.35  0.35  0.35  0.35  0.35  0.35  0.35  
1.45517  0.00551472  2.73378e-09  0.0457925  3.5  4.2  4.9  5.6  6.3  7  7.7  8.4  9.1  9.8  10.5  11.2  11.9  12.6  13.3  14  14.7  15.4  16.1  16.8  0.727583  0.00137868  4.5563e-10  0.00572406  0.35  0.35  0.35  0.35  0.35  0.35  0.35  0.35  0.35  0.35  0.35  0.35  0.35  0.35  0.35  0.35  0.35  0.35  0.35  0.35  
0.00198739  0.0736011  0  0.620183  3.5  4.2  4.9  5.6  6.3  7  7.7  8.4  9.1  9.8  10.5  11.2  11.9  12.6  13.3  14  14.7  15.4  16.1  16.8  0.000993696  0.0184003  0  0.0775229  0.35  0.35  0.35  0.35  0.35  0.35  0.35  0.35  0.35  0.35  0.35  0.35  0.35  0.35  0.35  0.35  0.35  0.35  0.35  0.35  
0.00248544  0.0736011  0.159058  0  3.5  4.2  4.9  5.6  6.3  7  7.7  8.4  9.1  9.8  10.5  11.2  11.9  12.6  13.3  14  14.7  15.4  16.1  16.8  0.00124272  0.0184003  0.0265097  0  0.35  0.35  0.35  0.35  0.35  0.35  0.35  0.35  0.35  0.35  0.35  0.35  0.35  0.35  0.35  0.35  0.35  0.35  0.35  0.35  
1.30743  0.442197  5.14747e-13  1.20026e-06  3.5  4.2  4.9  5.6  6.3  7  7.7  8.4  9.1  9.8  10.5  11.2  11.9  12.6  13.3  14  14.7  15.4  16.1  16.8  0.653716  0.110549  8.57912e-14  1.50033e-07  0.35  0.35  0.35  0.35  0.35  0.35  0.35  0.35  0.35  0.35  0.35  0.35  0.35  0.35  0.35  0.35  0.35  0.35  0.35  0.35  
1.19029  0.42109  6.86843e-13  0.0207132  3.5  4.2  4.9  5.6  6.3  7  7.7  8.4  9.1  9.8  10.5  11.2  11.9  12.6  13.3  14  14.7  15.4  16.1  16.8  0.595145  0.105272  1.14474e-13  0.00258915  0.35  0.35  0.35  0.35  0.35  0.35  0.35  0.35  0.35  0.35  0.35  0.35  0.35  0.35  0.35  0.35  0.35  0.35  0.35  0.35  
0.73003  0.0511302  1.24408e-17  5.97961e-20  3.5  4.2  4.9  5.6  6.3  7  7.7  8.4  9.1  9.8  10.5  11.2  11.9  12.6  13.3  14  14.7  15.4  16.1  16.8  0.365015  0.0127826  2.07346e-18  7.47451e-21  0.35  0.35  0.35  0.35  0.35  0.35  0.35  0.35  0.35  0.35  0.35  0.35  0.35  0.35  0.35  0.35  0.35  0.35  0.35  0.35  
0.0134687  1.42159e-05  0  0.121014  3.5  4.2  4.9  5.6  6.3  7  7.7  8.4  9.1  9.8  10.5  11.2  11.9  12.6  13.3  14  14.7  15.4  16.1  16.8  0.00673436  3.55397e-06  0  0.0151268  0.35  0.35  0.35  0.35  0.35  0.35  0.35  0.35  0.35  0.35  0.35  0.35  0.35  0.35  0.35  0.35  0.35  0.35  0.35  0.35  
0.146134  0.129882  4.06139e-19  0.00899536  3.5  4.2  4.9  5.6  6.3  7  7.7  8.4  9.1  9.8  10.5  11.2  11.9  12.6  13.3  14  14.7  15.4  16.1  16.8  0.0730672  0.0324705  6.76898e-20  0.00112442  0.35  0.35  0.35  0.35  0.35  0.35  0.35  0.35  0.35  0.35  0.35  0.35  0.35  0.35  0.35  0.35  0.35  0.35  0.35  0.35  
0.978838  0.332932  1.71582e-13  0.271522  3.5  4.2  4.9  5.6  6.3  7  7.7  8.4  9.1  9.8  10.5  11.2  11.9  12.6  13.3  14  14.7  15.4  16.1  16.8  0.489419  0.083233  2.85971e-14  0.0339403  0.35  0.35  0.35  0.35  0.35  0.35  0.35  0.35  0.35  0.35  0.35  0.35  0.35  0.35  0.35  0.35  0.35  0.35  0.35  0.35  
0.00248544  0.0537924  0.000850698  0.0610603  3.5  4.2  4.9  5.6  6.3  7  7.7  8.4  9.1  9.8  10.5  11.2  11.9  12.6  13.3  14  14.7  15.4  16.1  16.8  0.00124272  0.0134481  0.000141783  0.00763254  0.35  0.35  0.35  0.35  0.35  0.35  0.35  0.35  0.35  0.35  0.35  0.35  0.35  0.35  0.35  0.35  0.35  0.35  0.35  0.35  
0.000247665  0.0866829  0  0.0409378  3.5  4.2  4.9  5.6  6.3  7  7.7  8.4  9.1  9.8  10.5  11.2  11.9  12.6  13.3  14  14.7  15.4  16.1  16.8  0.000123832  0.0216707  0  0.00511723  0.35  0.35  0.35  0.35  0.35  0.35  0.35  0.35  0.35  0.35  0.35  0.35  0.35  0.35  0.35  0.35  0.35  0.35  0.35  0.35  
0.684164  2.45432e-14  0.0111918  1.30722e-19  3.5  4.2  4.9  5.6  6.3  7  7.7  8.4  9.1  9.8  10.5  11.2  11.9  12.6  13.3  14  14.7  15.4  16.1  16.8  0.342082  6.1358e-15  0.0018653  1.63403e-20  0.35  0.35  0.35  0.35  0.35  0.35  0.35  0.35  0.35  0.35  0.35  0.35  0.35  0.35  0.35  0.35  0.35  0.35  0.35  0.35  
0.0285021  0.0511302  1.24408e-17  5.97961e-20  3.5  4.2  4.9  5.6  6.3  7  7.7  8.4  9.1  9.8  10.5  11.2  11.9  12.6  13.3  14  14.7  15.4  16.1  16.8  0.0142511  0.0127826  2.07346e-18  7.47451e-21  0.35  0.35  0.35  0.35  0.35  0.35  0.35  0.35  0.35  0.35  0.35  0.35  0.35  0.35  0.35  0.35  0.35  0.35  0.35  0.35  
0.0134687  1.42159e-05  0  0.453831  3.5  4.2  4.9  5.6  6.3  7  7.7  8.4  9.1  9.8  10.5  11.2  11.9  12.6  13.3  14  14.7  15.4  16.1  16.8  0.00673436  3.55397e-06  0  0.0567289  0.35  0.35  0.35  0.35  0.35  0.35  0.35  0.35  0.35  0.35  0.35  0.35  0.35  0.35  0.35  0.35  0.35  0.35  0.35  0.35  
4.45252e-06  9.29385e-05  5.13885e-09  0  3.5  4.2  4.9  5.6  6.3  7  7.7  8.4  9.1  9.8  10.5  11.2  11.9  12.6  13.3  14  14.7  15.4  16.1  16.8  2.22626e-06  2.32346e-05  8.56474e-10  0  0.35  0.35  0.35  0.35  0.35  0.35  0.35  0.35  0.35  0.35  0.35  0.35  0.35  0.35  0.35  0.35  0.35  0.35  0.35  0.35  
0.215239  0.00125697  8.08784e-20  0.133276  3.5  4.2  4.9  5.6  6.3  7  7.7  8.4  9.1  9.8  10.5  11.2  11.9  12.6  13.3  14  14.7  15.4  16.1  16.8  0.10762  0.000314243  1.34797e-20  0.0166594  0.35  0.35  0.35  0.35  0.35  0.35  0.35  0.35  0.35  0.35  0.35  0.35  0.35  0.35  0.35  0.35  0.35  0.35  0.35  0.35  
1.30743  0.133422  5.14747e-13  1.20026e-06  3.5  4.2  4.9  5.6  6.3  7  7.7  8.4  9.1  9.8  10.5  11.2  11.9  12.6  13.3  14  14.7  15.4  16.1  16.8  0.653716  0.0333556  8.57912e-14  1.50033e-07  0.35  0.35  0.35  0.35  0.35  0.35  0.35  0.35  0.35  0.35  0.35  0.35  0.35  0.35  0.35  0.35  0.35  0.35  0.35  0.35  
1.86518  0.556997  0.0678114  0.177921  3.5  4.33511  4.9  5.6  6.3  7  7.7  8.4  9.1  9.8  10.5  11.2  11.9  12.6  13.3  14  14.7  15.4  16.1  16.8  0.93259  0.139249  0.0113019  0.0222401  0.35  0.361259  0.35  0.35  0.35  0.35  0.35  0.35  0.35  0.35  0.35  0.35  0.35  0.35  0.35  0.35  0.35  0.35  0.35  0.35  
0.00248544  0.0736011  0.000850698  0  3.5  4.2  4.9  5.6  6.3  7  7.7  8.4  9.1  9.8  10.5  11.2  11.9  12.6  13.3  14  14.7  15.4  16.1  16.8  0.00124272  0.0184003  0.000141783  0  0.35  0.35  0.35  0.35  0.35  0.35  0.35  0.35  0.35  0.35  0.35  0.35  0.35  0.35  0.35  0.35  0.35  0.35  0.35  0.35  
0.117745  0.218356  1.27694e-09  0  3.5  4.2  4.9  5.6  6.3  7  7.7  8.4  9.1  9.8  10.5  11.2  11.9  12.6  13.3  14  14.7  15.4  16.1  16.8  0.0588724  0.054589  2.12823e-10  0  0.35  0.35  0.35  0.35  0.35  0.35  0.35  0.35  0.35  0.35  0.35  0.35  0.35  0.35  0.35  0.35  0.35  0.35  0.35  0.35  
0.00248544  0.0736011  0.000850698  0.0610603  3.5  4.2  4.9  5.6  6.3  7  7.7  8.4  9.1  9.8  10.5  11.2  11.9  12.6  13.3  14  14.7  15.4  16.1  16.8  0.00124272  0.0184003  0.000141783  0.00763254  0.35  0.35  0.35  0.35  0.35  0.35  0.35  0.35  0.35  0.35  0.35  0.35  0.35  0.35  0.35  0.35  0.35  0.35  0.35  0.35  
1.60797  0.0540935  0.00864262  0  3.5  4.2  4.9  5.6  6.3  7  7.7  8.4  9.1  9.8  10.5  11.2  11.9  12.6  13.3  14  14.7  15.4  16.1  16.8  0.803983  0.0135234  0.00144044  0  0.35  0.35  0.35  0.35  0.35  0.35  0.35  0.35  0.35  0.35  0.35  0.35  0.35  0.35  0.35  0.35  0.35  0.35  0.35  0.35  
1.86518  0.556997  0  0.177921  3.5  4.2  4.9  5.6  6.3  7  7.7  8.4  9.1  9.8  10.5  11.2  11.9  12.6  13.3  14  14.7  15.4  16.1  16.8  0.93259  0.139249  0  0.0222401  0.35  0.35  0.35  0.35  0.35  0.35  0.35  0.35  0.35  0.35  0.35  0.35  0.35  0.35  0.35  0.35  0.35  0.35  0.35  0.35  
0.801179  2.45432e-14  0.0111918  5.64403e-19  3.5  4.2  4.9  5.6  6.3  7  7.7  8.4  9.1  9.8  10.5  11.2  11.9  12.6  13.3  14  14.7  15.4  16.1  16.8  0.40059  6.1358e-15  0.0018653  7.05504e-20  0.35  0.35  0.35  0.35  0.35  0.35  0.35  0.35  0.35  0.35  0.35  0.35  0.35  0.35  0.35  0.35  0.35  0.35  0.35  0.35  
0.00169097  0.0736011  0  0  3.5  4.2  4.9  5.6  6.3  7  7.7  8.4  9.1  9.8  10.5  11.2  11.9  12.6  13.3  14  14.7  15.4  16.1  16.8  0.000845486  0.0184003  0  0  0.35  0.35  0.35  0.35  0.35  0.35  0.35  0.35  0.35  0.35  0.35  0.35  0.35  0.35  0.35  0.35  0.35  0.35  0.35  0.35  
1.63441  0.0866829  0  0.693635  3.5  4.2  4.9  5.6  6.3  7  7.7  8.4  9.1  9.8  10.5  11.2  11.9  12.6  13.3  14  14.7  15.4  16.1  16.8  0.817204  0.0216707  0  0.0867044  0.35  0.35  0.35  0.35  0.35  0.35  0.35  0.35  0.35  0.35  0.35  0.35  0.35  0.35  0.35  0.35  0.35  0.35  0.35  0.35  
0.0983976  0.170554  5.22124e-13  0.443145  3.5  4.2  4.9  5.6  6.3  7  7.7  8.4  9.1  9.8  10.5  11.2  11.9  12.6  13.3  14  14.7  15.4  16.1  16.8  0.0491988  0.0426386  8.70206e-14  0.0553932  0.35  0.35  0.35  0.35  0.35  0.35  0.35  0.35  0.35  0.35  0.35  0.35  0.35  0.35  0.35  0.35  0.35  0.35  0.35  0.35  
0.343141  0.0736011  0  0  3.5  4.2  4.9  5.6  6.3  7  7.7  8.4  9.1  9.8  10.5  11.2  11.9  12.6  13.3  14  14.7  15.4  16.1  16.8  0.17157  0.0184003  0  0  0.35  0.35  0.35  0.35  0.35  0.35  0.35  0.35  0.35  0.35  0.35  0.35  0.35  0.35  0.35  0.35  0.35  0.35  0.35  0.35  
0.161045  0.00719359  0.0558202  6.74373e-18  3.5  4.2  4.9  5.6  6.3  7  7.7  8.4  9.1  9.8  10.5  11.2  11.9  12.6  13.3  14  14.7  15.4  16.1  16.8  0.0805225  0.0017984  0.00930337  8.42967e-19  0.35  0.35  0.35  0.35  0.35  0.35  0.35  0.35  0.35  0.35  0.35  0.35  0.35  0.35  0.35  0.35  0.35  0.35  0.35  0.35  
0.0156126  4.6526e-05  0.254022  0  3.5  4.2  4.9  5.6  6.3  7  7.7  8.4  9.1  9.8  10.5  11.2  11.9  12.6  13.3  14  14.7  15.4  16.1  16.8  0.00780632  1.16315e-05  0.0423371  0  0.35  0.35  0.35  0.35  0.35  0.35  0.35  0.35  0.35  0.35  0.35  0.35  0.35  0.35  0.35  0.35  0.35  0.35  0.35  0.35  
4.45252e-06  0.00722373  5.13885e-09  0  3.5  4.2  4.9  5.71238  6.3  7  7.7  8.4  9.1  9.8  10.5  11.2  11.9  12.6  13.3  14  14.7  15.4  16.1  16.8  2.22626e-06  0.00180593  8.56474e-10  0  0.35  0.35  0.35  0.357024  0.35  0.35  0.35  0.35  0.35  0.35  0.35  0.35  0.35  0.35  0.35  0.35  0.35  0.35  0.35  0.35  
0.734926  0.247021  4.80239e-09  0  3.5  4.2  4.9  5.71238  6.3  7  7.7  8.4  9.1  9.8  10.5  11.2  11.9  12.6  13.3  14  14.7  15.4  16.1  16.8  0.367463  0.0617553  8.00398e-10  0  0.35  0.35  0.35  0.357024  0.35  0.35  0.35  0.35  0.35  0.35  0.35  0.35  0.35  0.35  0.35  0.35  0.35  0.35  0.35  0.35  
0.343141  0.0463409  0  0  3.5  4.2  4.9  5.6  6.3  7  7.7  8.4  9.1  9.8  10.5  11.2  11.9  12.6  13.3  14  14.7  15.4  16.1  16.8  0.17157  0.0115852  0  0  0.35  0.35  0.35  0.35  0.35  0.35  0.35  0.35  0.35  0.35  0.35  0.35  0.35  0.35  0.35  0.35  0.35  0.35  0.35  0.35  
0.957768  0.471157  4.4196e-09  0.0814177  3.5  4.2  4.9  5.6  6.3  7  7.7  8.4  9.1  9.8  10.5  11.2  11.9  12.6  13.3  14  14.7  15.4  16.1  16.8  0.478884  0.117789  7.366e-10  0.0101772  0.35  0.35  0.35  0.35  0.35  0.35  0.35  0.35  0.35  0.35  0.35  0.35  0.35  0.35  0.35  0.35  0.35  0.35  0.35  0.35  
4.45252e-06  0.0749724  0.00767095  0  3.5  4.2  4.9  5.6  6.3  7  7.7  8.4  9.1  9.8  10.5  11.2  11.9  12.6  13.3  14  14.7  15.4  16.1  16.8  2.22626e-06  0.0187431  0.00127849  0  0.35  0.35  0.35  0.35  0.35  0.35  0.35  0.35  0.35  0.35  0.35  0.35  0.35  0.35  0.35  0.35  0.35  0.35  0.35  0.35  
0.957768  0.471157  0  0.00779449  3.5  4.2  4.9  5.6  6.3  7  7.7  8.4  9.1  9.8  10.5  11.2  11.9  12.6  13.3  14  14.7  15.4  16.1  16.8  0.478884  0.117789  0  0.000974311  0.35  0.35  0.35  0.35  0.35  0.35  0.35  0.35  0.35  0.35  0.35  0.35  0.35  0.35  0.35  0.35  0.35  0.35  0.35  0.35  
4.45252e-06  9.29385e-05  0.081193  0.199761  3.5  4.2  4.9  5.6  6.3  7  7.7  8.4  9.1  9.8  10.5  11.2  11.9  12.6  13.3  14  14.7  15.4  16.1  16.8  2.22626e-06  2.32346e-05  0.0135322  0.0249701  0.35  0.35  0.35  0.35  0.35  0.35  0.35  0.35  0.35  0.35  0.35  0.35  0.35  0.35  0.35  0.35  0.35  0.35  0.35  0.35  
0.337917  0.00289008  3.6922e-09  0.444268  3.5  4.2  4.9  5.6  6.3  7  7.7  8.4  9.1  9.8  10.5  11.2  11.9  12.6  13.3  14  14.7  15.4  16.1  16.8  0.168959  0.000722521  6.15367e-10  0.0555335  0.35  0.35  0.35  0.35  0.35  0.35  0.35  0.35  0.35  0.35  0.35  0.35  0.35  0.35  0.35  0.35  0.35  0.35  0.35  0.35  
0.0134687  0.0541116  0  0.121014  3.5  4.2  4.9  5.6  6.3  7  7.7  8.4  9.1  9.8  10.5  11.2  11.9  12.6  13.3  14  14.7  15.4  16.1  16.8  0.00673436  0.0135279  0  0.0151268  0.35  0.35  0.35  0.35  0.35  0.35  0.35  0.35  0.35  0.35  0.35  0.35  0.35  0.35  0.35  0.35  0.35  0.35  0.35  0.35  
0.591858  0.278896  4.78167e-06  0  3.5  4.32684  4.9  5.6  6.3  7  7.7  8.4  9.1  9.8  10.5  11.2  11.9  12.6  13.3  14  14.7  15.4  16.1  16.8  0.295929  0.0697241  7.96945e-07  0  0.35  0.36057  0.35  0.35  0.35  0.35  0.35  0.35  0.35  0.35  0.35  0.35  0.35  0.35  0.35  0.35  0.35  0.35  0.35  0.35  
0.0467709  0.121608  0.0008507  3.09321e-20  3.5  4.2  4.9  5.6  6.3  7  7.7  8.4  9.1  9.8  10.5  11.2  11.9  12.6  13.3  14  14.7  15.4  16.1  16.8  0.0233854  0.030402  0.000141783  3.86651e-21  0.35  0.35  0.35  0.35  0.35  0.35  0.35  0.35  0.35  0.35  0.35  0.35  0.35  0.35  0.35  0.35  0.35  0.35  0.35  0.35  
1.63441  0.232058  0  0.0191614  3.5  4.2  4.9  5.6  6.3  7  7.7  8.4  9.1  9.8  10.5  11.2  11.9  12.6  13.3  14  14.7  15.4  16.1  16.8  0.817204  0.0580146  0  0.00239517  0.35  0.35  0.35  0.35  0.35  0.35  0.35  0.35  0.35  0.35  0.35  0.35  0.35  0.35  0.35  0.35  0.35  0.35  0.35  0.35  
0.283907  0.293517  5.74959e-06  0.158979  3.5  4.2  4.9  5.6  6.3  7  7.7  8.4  9.1  9.8  10.5  11.2  11.9  12.6  13.3  14  14.7  15.4  16.1  16.8  0.141954  0.0733792  9.58265e-07  0.0198724  0.35  0.35  0.35  0.35  0.35  0.35  0.35  0.35  0.35  0.35  0.35  0.35  0.35  0.35  0.35  0.35  0.35  0.35  0.35  0.35  
0.684164  2.45432e-14  0.0111918  5.64403e-19  3.5  4.2  4.9  5.6  6.3  7  7.7  8.4  9.1  9.8  10.5  11.2  11.9  12.6  13.3  14  14.7  15.4  16.1  16.8  0.342082  6.1358e-15  0.0018653  7.05504e-20  0.35  0.35  0.35  0.35  0.35  0.35  0.35  0.35  0.35  0.35  0.35  0.35  0.35  0.35  0.35  0.35  0.35  0.35  0.35  0.35  
4.45252e-06  9.29385e-05  5.13885e-09  0.199761  3.5  4.2  4.9  5.6  6.3  7  7.7  8.4  9.1  9.8  10.5  11.2  11.9  12.6  13.3  14  14.7  15.4  16.1  16.8  2.22626e-06  2.32346e-05  8.56474e-10  0.0249701  0.35  0.35  0.35  0.35  0.35  0.35  0.35  0.35  0.35  0.35  0.35  0.35  0.35  0.35  0.35  0.35  0.35  0.35  0.35  0.35  
0.593875  0.000291743  0  0.310484  3.5  4.2  4.9  5.6  6.3  7  7.7  8.4  9.1  9.8  10.5  11.2  11.9  12.6  13.3  14  14.7  15.4  16.1  16.8  0.296937  7.29358e-05  0  0.0388105  0.35  0.35  0.35  0.35  0.35  0.35  0.35  0.35  0.35  0.35  0.35  0.35  0.35  0.35  0.35  0.35  0.35  0.35  0.35  0.35  
1.66406  0.42109  6.86843e-13  0.0118413  3.5  4.23632  4.9  5.6  6.3  7  7.7  8.4  9.1  9.8  10.5  11.2  11.9  12.6  13.3  14  14.7  15.4  16.1  16.8  0.83203  0.105272  1.14474e-13  0.00148016  0.35  0.353027  0.35  0.35  0.35  0.35  0.35  0.35  0.35  0.35  0.35  0.35  0.35  0.35  0.35  0.35  0.35  0.35  0.35  0.35  
0.00235262  0.121608  0.0008507  3.09321e-20  3.5  4.2  4.9  5.6  6.3  7  7.7  8.4  9.1  9.8  10.5  11.2  11.9  12.6  13.3  14  14.7  15.4  16.1  16.8  0.00117631  0.030402  0.000141783  3.86651e-21  0.35  0.35  0.35  0.35  0.35  0.35  0.35  0.35  0.35  0.35  0.35  0.35  0.35  0.35  0.35  0.35  0.35  0.35  0.35  0.35  
0.00169097  0.0736011  0  0.0409378  3.5  4.2  4.9  5.6  6.3  7  7.7  8.4  9.1  9.8  10.5  11.2  11.9  12.6  13.3  14  14.7  15.4  16.1  16.8  0.000845486  0.0184003  0  0.00511723  0.35  0.35  0.35  0.35  0.35  0.35  0.35  0.35  0.35  0.35  0.35  0.35  0.35  0.35  0.35  0.35  0.35  0.35  0.35  0.35  
0.89982  0.0381442  0.31352  6.06195e-06  3.5  4.2  4.9  5.6  6.3  7  7.7  8.4  9.1  9.8  10.5  11.2  11.9  12.6  13.3  14  14.7  15.4  16.1  16.8  0.44991  0.00953604  0.0522533  7.57744e-07  0.35  0.35  0.35  0.35  0.35  0.35  0.35  0.35  0.35  0.35  0.35  0.35  0.35  0.35  0.35  0.35  0.35  0.35  0.35  0.35  
0.00311752  0.42109  6.86843e-13  0.0207132  3.5  4.2  4.9  5.6  6.3  7  7.7  8.4  9.1  9.8  10.5  11.2  11.9  12.6  13.3  14  14.7  15.4  16.1  16.8  0.00155876  0.105272  1.14474e-13  0.00258915  0.35  0.35  0.35  0.35  0.35  0.35  0.35  0.35  0.35  0.35  0.35  0.35  0.35  0.35  0.35  0.35  0.35  0.35  0.35  0.35  
0.058013  0.34056  1.71582e-13  0.271522  3.5  4.2  4.9  5.6  6.3  7  7.7  8.4  9.1  9.8  10.5  11.2  11.9  12.6  13.3  14  14.7  15.4  16.1  16.8  0.0290065  0.0851401  2.85971e-14  0.0339403  0.35  0.35  0.35  0.35  0.35  0.35  0.35  0.35  0.35  0.35  0.35  0.35  0.35  0.35  0.35  0.35  0.35  0.35  0.35  0.35  
0.0778227  0.174835  6.85105e-16  0.0157124  3.5  4.2  4.9  5.6  6.3  7  7.7  8.4  9.1  9.8  10.5  11.2  11.9  12.6  13.3  14  14.7  15.4  16.1  16.8  0.0389114  0.0437088  1.14184e-16  0.00196405  0.35  0.35  0.35  0.35  0.35  0.35  0.35  0.35  0.35  0.35  0.35  0.35  0.35  0.35  0.35  0.35  0.35  0.35  0.35  0.35  
0.517634  0.37872  4.78167e-06  0  3.5  4.32684  4.9  5.6  6.3  7  7.7  8.4  9.1  9.8  10.5  11.2  11.9  12.6  13.3  14  14.7  15.4  16.1  16.8  0.258817  0.0946801  7.96945e-07  0  0.35  0.36057  0.35  0.35  0.35  0.35  0.35  0.35  0.35  0.35  0.35  0.35  0.35  0.35  0.35  0.35  0.35  0.35  0.35  0.35  
0.957768  0.312757  0.0749191  0.00779449  3.5  4.2  4.9  5.6  6.3  7  7.7  8.4  9.1  9.8  10.5  11.2  11.9  12.6  13.3  14  14.7  15.4  16.1  16.8  0.478884  0.0781894  0.0124865  0.000974311  0.35  0.35  0.35  0.35  0.35  0.35  0.35  0.35  0.35  0.35  0.35  0.35  0.35  0.35  0.35  0.35  0.35  0.35  0.35  0.35  
0.0022807  0.025995  0.0943352  3.09321e-20  3.5  4.18452  4.9  5.6  6.3  7  7.7  8.4  9.1  9.8  10.5  11.2  11.9  12.6  13.3  14  14.7  15.4  16.1  16.8  0.00114035  0.00649876  0.0157225  3.86651e-21  0.35  0.34871  0.35  0.35  0.35  0.35  0.35  0.35  0.35  0.35  0.35  0.35  0.35  0.35  0.35  0.35  0.35  0.35  0.35  0.35  
0.00551284  0.00157614  5.14747e-13  0.321013  3.5  4.2  4.9  5.6  6.3  7  7.7  8.4  9.1  9.8  10.5  11.2  11.9  12.6  13.3  14  14.7  15.4  16.1  16.8  0.00275642  0.000394034  8.57911e-14  0.0401266  0.35  0.35  0.35  0.35  0.35  0.35  0.35  0.35  0.35  0.35  0.35  0.35  0.35  0.35  0.35  0.35  0.35  0.35  0.35  0.35  
0.0127031  0.00289008  3.6922e-09  0.444268  3.5  4.2  4.9  5.6  6.3  7  7.7  8.4  9.1  9.8  10.5  11.2  11.9  12.6  13.3  14  14.7  15.4  16.1  16.8  0.00635153  0.000722521  6.15367e-10  0.0555335  0.35  0.35  0.35  0.35  0.35  0.35  0.35  0.35  0.35  0.35  0.35  0.35  0.35  0.35  0.35  0.35  0.35  0.35  0.35  0.35  
0.315653  0.0463409  0.0653101  3.09321e-20  3.5  4.2  4.9  5.6  6.3  7  7.7  8.4  9.1  9.8  10.5  11.2  11.9  12.6  13.3  14  14.7  15.4  16.1  16.8  0.157827  0.0115852  0.010885  3.86651e-21  0.35  0.35  0.35  0.35  0.35  0.35  0.35  0.35  0.35  0.35  0.35  0.35  0.35  0.35  0.35  0.35  0.35  0.35  0.35  0.35  
0.161045  0.00719359  0.0125524  6.74373e-18  3.5  4.2  4.9  5.6  6.3  7  7.7  8.4  9.1  9.8  10.5  11.2  11.9  12.6  13.3  14  14.7  15.4  16.1  16.8  0.0805225  0.0017984  0.00209207  8.42967e-19  0.35  0.35  0.35  0.35  0.35  0.35  0.35  0.35  0.35  0.35  0.35  0.35  0.35  0.35  0.35  0.35  0.35  0.35  0.35  0.35  
0.161045  0.196866  0.0125524  6.74373e-18  3.5  4.2  4.9  5.6  6.3  7  7.7  8.4  9.1  9.8  10.5  11.2  11.9  12.6  13.3  14  14.7  15.4  16.1  16.8  0.0805225  0.0492166  0.00209207  8.42967e-19  0.35  0.35  0.35  0.35  0.35  0.35  0.35  0.35  0.35  0.35  0.35  0.35  0.35  0.35  0.35  0.35  0.35  0.35  0.35  0.35  
0.732455  0.452464  0.0744269  5.64403e-19  3.5  4.2  4.9  5.6  6.3  7  7.7  8.4  9.1  9.8  10.5  11.2  11.9  12.6  13.3  14  14.7  15.4  16.1  16.8  0.366227  0.113116  0.0124045  7.05504e-20  0.35  0.35  0.35  0.35  0.35  0.35  0.35  0.35  0.35  0.35  0.35  0.35  0.35  0.35  0.35  0.35  0.35  0.35  0.35  0.35  
0.315653  0.0196946  0.272979  0.00699599  3.5  4.2  4.9  5.6  6.3  7  7.7  8.4  9.1  9.8  10.5  11.2  11.9  12.6  13.3  14  14.7  15.4  16.1  16.8  0.157827  0.00492364  0.0454965  0.000874498  0.35  0.35  0.35  0.35  0.35  0.35  0.35  0.35  0.35  0.35  0.35  0.35  0.35  0.35  0.35  0.35  0.35  0.35  0.35  0.35  
0.0723731  0.0667202  6.85105e-16  0.139956  3.5  4.2  4.9  5.6  6.3  7  7.7  8.4  9.1  9.8  10.5  11.2  11.9  12.6  13.3  14  14.7  15.4  16.1  16.8  0.0361866  0.01668  1.14184e-16  0.0174944  0.35  0.35  0.35  0.35  0.35  0.35  0.35  0.35  0.35  0.35  0.35  0.35  0.35  0.35  0.35  0.35  0.35  0.35  0.35  0.35  
0.89982  0.0381442  0.0111918  6.06195e-06  3.5  4.2  4.9  5.6  6.3  7  7.7  8.4  9.1  9.8  10.5  11.2  11.9  12.6  13.3  14  14.7  15.4  16.1  16.8  0.44991  0.00953604  0.0018653  7.57744e-07  0.35  0.35  0.35  0.35  0.35  0.35  0.35  0.35  0.35  0.35  0.35  0.35  0.35  0.35  0.35  0.35  0.35  0.35  0.35  0.35  
0.732455  0.452464  0.0111918  5.64403e-19  3.5  4.2  4.9  5.6  6.3  7  7.7  8.4  9.1  9.8  10.5  11.2  11.9  12.6  13.3  14  14.7  15.4  16.1  16.8  0.366227  0.113116  0.0018653  7.05504e-20  0.35  0.35  0.35  0.35  0.35  0.35  0.35  0.35  0.35  0.35  0.35  0.35  0.35  0.35  0.35  0.35  0.35  0.35  0.35  0.35  
1.29992  0.000388246  0.0509632  0.00459862  3.5  4.2  4.9  5.6  6.3  7  7.7  8.4  9.1  9.8  10.5  11.2  11.9  12.6  13.3  14  14.7  15.4  16.1  16.8  0.649958  9.70615e-05  0.00849387  0.000574827  0.35  0.35  0.35  0.35  0.35  0.35  0.35  0.35  0.35  0.35  0.35  0.35  0.35  0.35  0.35  0.35  0.35  0.35  0.35  0.35  
0.0169359  0.025995  4.30927e-18  0.195889  3.5  4.2  4.9  5.6  6.3  7  7.7  8.4  9.1  9.8  10.5  11.2  11.9  12.6  13.3  14  14.7  15.4  16.1  16.8  0.00846796  0.00649876  7.18211e-19  0.0244861  0.35  0.35  0.35  0.35  0.35  0.35  0.35  0.35  0.35  0.35  0.35  0.35  0.35  0.35  0.35  0.35  0.35  0.35  0.35  0.35  
1.60797  0.0109867  0.00864262  0  3.5  4.2  4.9  5.6  6.3  7  7.7  8.4  9.1  9.8  10.5  11.2  11.9  12.6  13.3  14  14.7  15.4  16.1  16.8  0.803983  0.00274668  0.00144044  0  0.35  0.35  0.35  0.35  0.35  0.35  0.35  0.35  0.35  0.35  0.35  0.35  0.35  0.35  0.35  0.35  0.35  0.35  0.35  0.35  
0.00198739  0.194936  0  0  3.5  4.2  4.9  5.6  6.3  7  7.7  8.4  9.1  9.8  10.5  11.2  11.9  12.6  13.3  14  14.7  15.4  16.1  16.8  0.000993696  0.0487339  0  0  0.35  0.35  0.35  0.35  0.35  0.35  0.35  0.35  0.35  0.35  0.35  0.35  0.35  0.35  0.35  0.35  0.35  0.35  0.35  0.35  
0.00311752  0.0736011  0.0437451  0  3.5  4.2  4.9  5.6  6.3  7  7.7  8.4  9.1  9.8  10.5  11.2  11.9  12.6  13.3  14  14.7  15.4  16.1  16.8  0.00155876  0.0184003  0.00729085  0  0.35  0.35  0.35  0.35  0.35  0.35  0.35  0.35  0.35  0.35  0.35  0.35  0.35  0.35  0.35  0.35  0.35  0.35  0.35  0.35  
0.00235262  0.158722  0.305126  3.09321e-20  3.5  3.78173  4.9  5.6  6.3  7  7.7  8.4  9.1  9.8  10.5  11.2  11.9  12.6  13.3  14  14.7  15.4  16.1  16.8  0.00117631  0.0396804  0.0508543  3.86651e-21  0.35  0.315144  0.35  0.35  0.35  0.35  0.35  0.35  0.35  0.35  0.35  0.35  0.35  0.35  0.35  0.35  0.35  0.35  0.35  0.35  
0.0162105  0.112265  0.232451  5.64403e-19  3.5  4.2  4.9  5.6  6.3  7  7.7  8.4  9.1  9.8  10.5  11.2  11.9  12.6  13.3  14  14.7  15.4  16.1  16.8  0.00810527  0.0280663  0.0387418  7.05504e-20  0.35  0.35  0.35  0.35  0.35  0.35  0.35  0.35  0.35  0.35  0.35  0.35  0.35  0.35  0.35  0.35  0.35  0.35  0.35  0.35  
1.29504  0.417727  0.0509632  0.00118783  3.5  4.2  4.9  5.6  6.3  7  7.7  8.4  9.1  9.8  10.5  11.2  11.9  12.6  13.3  14  14.7  15.4  16.1  16.8  0.64752  0.104432  0.00849387  0.000148479  0.35  0.35  0.35  0.35  0.35  0.35  0.35  0.35  0.35  0.35  0.35  0.35  0.35  0.35  0.35  0.35  0.35  0.35  0.35  0.35  
0.978838  0.00643961  4.06139e-19  0.0510758  3.5  4.2  4.9  5.6  6.3  7  7.7  8.4  9.1  9.8  10.5  11.2  11.9  12.6  13.3  14  14.7  15.4  16.1  16.8  0.489419  0.0016099  6.76898e-20  0.00638448  0.35  0.35  0.35  0.35  0.35  0.35  0.35  0.35  0.35  0.35  0.35  0.35  0.35  0.35  0.35  0.35  0.35  0.35  0.35  0.35  
4.45252e-06  0.00722373  0.05062  0.0115645  3.5  4.2  4.9  5.71238  6.3  7  7.7  8.4  9.1  9.8  10.5  11.2  11.9  12.6  13.3  14  14.7  15.4  16.1  16.8  2.22626e-06  0.00180593  0.00843667  0.00144556  0.35  0.35  0.35  0.357024  0.35  0.35  0.35  0.35  0.35  0.35  0.35  0.35  0.35  0.35  0.35  0.35  0.35  0.35  0.35  0.35  
0.00154465  0.106267  0.123178  3.09321e-20  3.5  4.2  4.9  5.6  6.3  7  7.7  8.4  9.1  9.8  10.5  11.2  11.9  12.6  13.3  14  14.7  15.4  16.1  16.8  0.000772326  0.0265668  0.0205297  3.86651e-21  0.35  0.35  0.35  0.35  0.35  0.35  0.35  0.35  0.35  0.35  0.35  0.35  0.35  0.35  0.35  0.35  0.35  0.35  0.35  0.35  
