1.73003  1.06138  
1.76129  1.07568  
2.57019  0.947321  
0.588932  1.73656  
1.61912  0.913659  
1.1055  1.29362  
2.08447  0.889034  
1.18161  0.970411  
0.58097  1.5552  
1.36328  0.949189  
1.42607  1.61131  
1.1234  1.49589  
0.5913  1.63064  
1.08363  0.854143  
1.89516  1.07883  
1.32498  1.14934  
1.75353  1.17004  
0.86826  1.6426  
1.19106  1.12604  
0.890819  1.28362  
2.97899  1.21256  
0.534652  1.31207  
1.46639  0.788971  
0.933065  1.27245  
0.821412  1.52068  
0.863761  1.4729  
1.89308  1.20544  
1.0962  1.37196  
1.02571  1.06325  
1.93039  1.03368  
2.25082  0.780397  
1.78226  1.4403  
1.66975  1.24441  
1.46286  1.09344  
1.05287  1.12993  
1.48439  0.886821  
1.03666  1.37483  
1.4428  1.02227  
2.02445  1.17001  
1.01782  1.48107  
1.31476  1.25675  
0.936212  1.26516  
1.02855  1.07216  
1.35327  0.999535  
0.93822  1.42876  
0.506644  1.49123  
1.12179  1.10937  
1.82417  1.22295  
1.38203  0.778786  
0.603551  1.45062  
0.781838  1.59655  
1.11289  0.73097  
0.915417  1.277  
1.95217  1.13459  
2.50512  1.21734  
0.988293  1.47877  
1.21162  1.29107  
1.80111  1.19399  
1.22513  1.059  
0.805117  1.64431  
1.51843  1.30973  
1.94897  1.3097  
0.733274  1.74006  
2.11307  1.17269  
1.89843  0.458007  
1.58687  1.23659  
0.845284  1.26496  
1.07966  1.14782  
1.8164  0.835471  
1.80334  0.884977  
1.48498  1.00429  
0.900501  1.16734  
1.43024  1.1961  
1.25868  1.16214  
1.14865  0.919301  
1.57  1.68364  
1.01195  1.2422  
1.39409  1.23302  
1.45552  0.962162  
0.812959  1.34892  
0.933436  1.06698  
0.760225  1.29574  
1.31939  1.46079  
0.667876  1.228  
1.50759  0.8314  
1.48455  0.76119  
1.57118  0.707139  
0.836226  1.20828  
1.96837  0.803662  
1.00763  1.24475  
0.7751  1.04393  
1.16084  1.07825  
1.23661  1.19939  
1.45431  1.02162  
1.20773  1.09653  
0.882289  1.52073  
1.53841  1.0913  
0.870591  1.4881  
1.79151  1.21564  
1.29392  1.24066  
1.34534  2.11472  
0.96979  2.04579  
1.38144  1.83965  
2.21899  1.31426  
2.13792  1.03964  
3.03198  2.34266  
2.50815  1.48424  
1.98136  1.58555  
1.73923  1.34965  
2.54471  1.50904  
2.5628  1.33089  
1.4471  1.35883  
1.30081  2.02124  
2.67225  1.55101  
2.01964  1.2614  
2.75505  1.41956  
2.25122  1.55631  
2.54553  1.25027  
2.34314  1.36965  
2.09682  1.21158  
1.08731  2.08499  
3.10024  1.92112  
2.50555  1.07589  
1.13167  1.83777  
1.44109  1.68111  
1.13056  2.10498  
1.98116  1.82439  
1.73103  1.74995  
1.6091  1.43048  
2.49035  1.94484  
1.7213  1.28095  
2.40975  1.27984  
2.85373  1.72769  
1.86797  1.18445  
2.37606  1.35489  
2.48856  1.12258  
2.58224  1.63553  
1.39901  1.95514  
2.14274  1.17642  
1.31086  1.93148  
1.38094  1.95855  
1.80393  2.04567  
1.36958  1.68485  
1.03579  2.23452  
1.87529  1.74072  
1.69733  1.90996  
2.04467  1.7199  
2.11929  0.776372  
2.65651  1.49694  
2.02297  0.786158  
1.97006  1.19178  
1.81032  2.08177  
1.31764  1.68659  
2.46808  1.08722  
1.5845  1.32108  
2.12658  0.918806  
2.03361  1.4419  
2.37496  1.85538  
1.54426  1.66289  
2.06544  0.911136  
1.73969  2.29462  
2.80066  1.74825  
2.73847  1.19038  
2.53419  1.71961  
0.313668  0.439946  
1.98585  1.5022  
2.21481  2.59138  
1.19264  1.91856  
1.9727  1.03038  
1.49536  1.9052  
1.36812  1.53867  
1.2634  1.96206  
1.88783  1.29268  
1.17585  2.03746  
2.60219  2.38208  
2.46021  1.54265  
1.17331  2.06775  
1.29532  1.96624  
1.82275  1.8712  
1.41166  1.62494  
2.91546  1.07539  
1.15757  2.13322  
1.36079  1.74134  
2.20061  1.42358  
3.36571  1.12738  
1.33226  1.76054  
2.32828  1.44513  
2.34418  0.624705  
2.29757  1.39902  
1.66652  1.66507  
2.37812  1.72952  
2.03463  0.924615  
2.58246  1.49918  
2.25264  1.58797  
2.44084  1.33413  
1.77348  1.37227  
1.63948  1.84462  
2.14729  1.31934  
1.93457  1.83531  
1.01724  1.9747  
1.34534  2.11472  
0.96979  2.04579  
1.38144  1.83965  
2.21899  1.31426  
2.13792  1.03964  
3.03198  2.34266  
2.50815  1.48424  
1.98136  1.58555  
1.73923  1.34965  
2.54471  1.50904  
2.5628  1.33089  
1.4471  1.35883  
1.30081  2.02124  
2.67225  1.55101  
2.01964  1.2614  
2.75505  1.41956  
2.25122  1.55631  
2.54553  1.25027  
2.34314  1.36965  
2.09682  1.21158  
1.08731  2.08499  
3.10024  1.92112  
2.50555  1.07589  
1.13167  1.83777  
1.44109  1.68111  
1.13056  2.10498  
1.98116  1.82439  
1.73103  1.74995  
1.6091  1.43048  
2.49035  1.94484  
1.7213  1.28095  
2.40975  1.27984  
2.85373  1.72769  
1.86797  1.18445  
2.37606  1.35489  
2.48856  1.12258  
2.58224  1.63553  
1.39901  1.95514  
2.14274  1.17642  
1.31086  1.93148  
1.38094  1.95855  
1.80393  2.04567  
1.36958  1.68485  
1.03579  2.23452  
1.87529  1.74072  
1.69733  1.90996  
2.04467  1.7199  
2.11929  0.776372  
2.65651  1.49694  
2.02297  0.786158  
1.97006  1.19178  
1.81032  2.08177  
1.31764  1.68659  
2.46808  1.08722  
2.73847  1.19038  
2.53419  1.71961  
1.5845  1.32108  
2.12658  0.918806  
2.03361  1.4419  
2.37496  1.85538  
2.06544  0.911136  
2.80066  1.74825  
1.73969  2.29462  
1.54426  1.66289  
2.21481  2.59138  
1.19264  1.91856  
0.300533  0.451828  
1.9727  1.03038  
1.49536  1.9052  
1.36812  1.53867  
1.98585  1.5022  
1.2634  1.96206  
1.88783  1.29268  
1.17585  2.03746  
2.60219  2.38208  
2.46021  1.54265  
1.17331  2.06775  
1.29532  1.96624  
1.82275  1.8712  
1.41166  1.62494  
2.91546  1.07539  
1.15757  2.13322  
1.36079  1.74134  
2.20061  1.42358  
3.36571  1.12738  
1.33226  1.76054  
2.32828  1.44513  
2.34418  0.624705  
2.29757  1.39902  
1.66652  1.66507  
2.37812  1.72952  
2.03463  0.924615  
2.58246  1.49918  
2.25264  1.58797  
2.44084  1.33413  
1.77348  1.37227  
1.63948  1.84462  
2.14729  1.31934  
1.93457  1.83531  
1.01724  1.9747  
1.07936  2.04831  
1.38144  1.82931  
2.13792  1.03964  
3.03198  2.34266  
2.50815  1.48424  
1.98136  1.58555  
1.73923  1.34965  
2.54471  1.50904  
2.5628  1.33089  
1.4471  1.35883  
1.30081  2.02124  
2.67225  1.55101  
2.01964  1.2614  
2.75505  1.41956  
2.25122  1.55631  
2.08146  1.31347  
2.34314  1.36965  
2.09682  1.21158  
1.08731  2.08499  
3.10024  1.92112  
1.88783  1.29268  
2.50555  1.07589  
1.13167  1.83777  
1.44109  1.68111  
1.13056  2.10498  
1.98116  1.82439  
1.73103  1.74995  
1.6091  1.43048  
2.49035  1.94484  
1.7213  1.28095  
2.40975  1.27984  
2.85373  1.72769  
1.86797  1.18445  
2.37606  1.35489  
2.48856  1.12258  
2.58224  1.63553  
1.39901  1.95514  
2.14274  1.17642  
1.31086  1.93148  
1.36958  1.68485  
1.03579  2.23452  
1.87529  1.74072  
1.69733  1.90996  
2.65651  1.49694  
2.02297  0.786158  
1.97006  1.19178  
1.81032  2.08177  
1.31764  1.68659  
2.46808  1.08722  
2.73847  1.19038  
2.53419  1.71961  
1.5845  1.32108  
2.12658  0.918806  
2.03361  1.4419  
2.37496  1.85538  
2.91546  1.07539  
1.15757  2.13322  
2.06544  0.911136  
1.73969  2.29462  
2.21481  2.59138  
2.04467  1.7199  
2.11929  0.776372  
0.292856  0.458897  
1.82275  1.8712  
1.41166  1.62494  
2.80066  1.74825  
1.38094  1.95855  
1.80393  2.04567  
1.34534  2.1144  
0.908512  0.0478748  
1.54426  1.66289  
1.19264  1.91856  
1.9727  1.03038  
1.49536  1.9052  
1.36812  1.53867  
1.98585  1.5022  
1.2634  1.96206  
1.17585  2.03746  
2.60219  2.38208  
1.17331  2.06775  
1.29532  1.96624  
2.46021  1.54265  
1.36079  1.74134  
2.20061  1.42358  
3.36571  1.12738  
1.33226  1.76054  
2.32828  1.44513  
2.02945  1.11707  
2.29757  1.39902  
1.66652  1.66507  
2.37812  1.72952  
2.57204  1.25027  
2.58246  1.49918  
2.25264  1.58797  
2.44084  1.33413  
1.77348  1.37227  
1.63948  1.84462  
2.14729  1.31934  
1.93457  1.83531  
1.01724  1.9747  
1.62699  1.87128  
1.30081  2.02124  
2.67225  1.55101  
2.01964  1.2614  
2.75505  1.41956  
2.25122  1.55631  
2.08146  1.31347  
2.34314  1.36965  
2.09682  1.21158  
1.08731  2.08499  
3.10024  1.92112  
1.88783  1.29268  
1.01724  1.9747  
1.93457  1.83531  
2.14729  1.31934  
1.63948  1.84462  
1.77348  1.37227  
2.44084  1.33413  
2.25264  1.58797  
2.58246  1.49918  
2.60219  2.38208  
1.38094  1.95855  
1.80393  2.04567  
2.04467  1.7199  
2.11929  0.776372  
2.65651  1.49694  
2.02297  0.786158  
1.97006  1.19178  
1.81032  2.08177  
1.31764  1.68659  
2.46808  1.08722  
2.73847  1.19038  
2.53419  1.71961  
1.5845  1.32108  
2.12658  0.918806  
2.03361  1.4419  
2.37496  1.85538  
2.91546  1.07539  
1.15757  2.13322  
1.17585  2.03746  
1.2634  1.96206  
1.98585  1.5022  
1.9727  1.03038  
1.19264  1.91856  
1.82275  1.8712  
1.41166  1.62494  
0.595778  0.228138  
1.36812  1.53867  
0.266415  0.640164  
2.80066  1.74825  
0.135925  0.707452  
0.135525  0.81957  
1.36958  1.68485  
1.03579  2.23452  
1.17331  2.06775  
1.29532  1.96624  
2.06544  0.911136  
2.21003  1.39513  
0.908383  0.0470872  
0.72001  0.151735  
1.73969  2.29462  
1.87529  1.74072  
1.69733  1.90996  
0.398988  0.36882  
0.585712  0.336612  
1.49536  1.9052  
0.000193252  0.99987  
2.21481  2.59138  
0.287455  0.463856  
0.634435  0.215215  
1.54426  1.66289  
2.14274  1.17642  
1.31086  1.93148  
2.58224  1.63553  
1.39901  1.95514  
2.37606  1.35489  
2.48856  1.12258  
2.85373  1.72769  
1.86797  1.18445  
1.7213  1.28095  
2.40975  1.27984  
1.6091  1.43048  
2.49035  1.94484  
1.98116  1.82439  
1.73103  1.74995  
1.44109  1.68111  
1.13056  2.10498  
2.50555  1.07589  
1.13167  1.83777  
2.46021  1.54265  
1.36079  1.74134  
2.20061  1.42358  
3.36571  1.12738  
1.33226  1.76054  
2.32828  1.44513  
2.02945  1.11707  
2.29757  1.39902  
1.66652  1.66507  
2.37812  1.72952  
2.57204  1.25027  
0.591253  0.232138  
0.910926  0.0459644  
0.393796  0.372858  
0.192153  0.56337  
0.241385  0.510624  
0.572308  0.248767  
0.716362  0.158075  
0.64348  0.204903  
0.263086  0.488748  
0.377449  0.38624  
0.683317  0.194833  
0.199278  0.556458  
0.708028  0.176755  
0.457006  0.329239  
0.505367  0.294587  
0.740352  0.143422  
0.255514  0.495216  
0.385567  0.379636  
0.164201  0.59697  
0.710935  0.166674  
0.560281  0.253061  
0.0663372  0.744846  
0.345216  0.41275  
0.00426081  0.941802  
0.108663  0.671223  
0.012867  0.889784  
0.238168  0.512066  
0.192607  0.561179  
0.177978  0.579349  
0.875491  0.0876415  
0.0734933  0.729184  
0.122674  0.650945  
0.490896  0.300186  
0.136393  0.631187  
0.0444421  0.79173  
0.436978  0.340421  
0.427247  0.346616  
0.887827  0.0672446  
0.553889  0.261398  
0.646715  0.195957  
0.58049  0.238898  
0.284951  0.46636  
0.878033  0.0742984  
0.462437  0.320157  
0.000176443  0.999745  
0.53714  0.267104  
0.71984  0.151567  
0.29208  0.460113  
0.258716  0.491363  
0.911548  0.0456101  
0.0933863  0.694451  
0.394566  0.371943  
0.170901  0.586628  
0.150435  0.614559  
0.128909  0.641112  
0.368687  0.392828  
0.624753  0.209603  
0.0292661  0.829098  
0.329978  0.425671  
0.213764  0.537689  
0.0590715  0.757162  
0.277666  0.474542  
0.298261  0.453878  
0.748079  0.135123  
0.51097  0.285235  
0.0213916  0.858934  
0.444585  0.33327  
0.314799  0.440119  
0.591341  0.232115  
0.418448  0.353224  
0.0877743  0.705464  
0.354008  0.406369  
0.790493  0.132587  
0.115577  0.660293  
0.472406  0.314193  
0.157232  0.605007  
0.184771  0.570554  
0.379755  0.383809  
0.0367905  0.811247  
0.616675  0.217613  
0.0517856  0.772924  
0.227454  0.525692  
0.205546  0.548694  
0.0807756  0.718078  
0.270321  0.481624  
0.248638  0.50269  
0.101888  0.682067  
0.520495  0.280953  
0.361801  0.399667  
0.482431  0.307763  
0.411176  0.360468  
0.899637  0.0588632  
0.323008  0.433914  
0.529229  0.273421  
0.401966  0.36699  
0.337764  0.419825  
0.219669  0.533052  
0.234264  0.517892  
0.143403  0.62236  
0.307981  0.447876  
0.910875  0.0499927  
0.538788  0.266212  
0.688369  0.183505  
0.722189  0.150889  
0.590667  0.231611  
0.6075  0.226149  
0.713373  0.158806  
0.639709  0.203058  
0.553047  0.260617  
0.7394  0.143223  
0.198681  0.554715  
0.219838  0.53178  
0.277364  0.47453  
0.248253  0.502051  
0.299838  0.453618  
0.57191  0.246302  
0.262688  0.487677  
0.157133  0.604136  
0.455448  0.326899  
0.361708  0.399414  
0.177867  0.578621  
0.402533  0.366615  
0.269957  0.481021  
0.472391  0.313669  
0.232316  0.51806  
0.697776  0.166243  
0.427028  0.34653  
0.499815  0.29304  
0.748047  0.135108  
0.559899  0.25276  
0.143318  0.621799  
0.191699  0.562272  
0.0734647  0.729162  
0.353769  0.40523  
0.660323  0.187477  
0.762405  0.127171  
0.255313  0.494723  
0.580114  0.238357  
0.377198  0.385848  
0.537478  0.266874  
0.108754  0.670392  
0.518883  0.279727  
0.17055  0.587031  
0.720023  0.151476  
0.0874686  0.704285  
0.000201567  0.999745  
0.150196  0.612816  
0.00464327  0.933394  
0.393417  0.372777  
0.0131581  0.88618  
0.490236  0.299887  
0.0590986  0.757141  
0.436798  0.339699  
0.884115  0.0678689  
0.0291423  0.829394  
0.596071  0.228022  
0.846677  0.0859943  
0.0443521  0.789497  
0.691447  0.174758  
0.291625  0.459985  
0.647279  0.195834  
0.46235  0.320041  
0.911608  0.0453966  
0.129256  0.640486  
0.322096  0.432477  
0.212488  0.539052  
0.329808  0.425746  
0.480403  0.306919  
0.0212171  0.855551  
0.444555  0.333253  
0.136337  0.631108  
0.409024  0.360454  
0.624748  0.209594  
0.0368236  0.808808  
0.307251  0.446533  
0.094697  0.692306  
0.163982  0.595228  
0.33799  0.419806  
0.122584  0.650234  
0.184735  0.570256  
0.529038  0.27301  
0.241082  0.509059  
0.86297  0.0768821  
0.205808  0.546921  
0.614875  0.218062  
0.0517603  0.772549  
0.89399  0.0589933  
0.226812  0.524043  
0.284907  0.467039  
0.0663448  0.742754  
0.369336  0.392815  
0.385438  0.379281  
0.0806537  0.716575  
0.345609  0.41257  
0.418842  0.353165  
0.84357  0.0929751  
0.314511  0.439232  
0.101687  0.681134  
0.510442  0.286894  
0.115626  0.660278  
0.234304  0.516195  
0.206042  0.546297  
0.411416  0.359028  
0.679682  0.181522  
0.213165  0.539048  
0.552817  0.259373  
0.19908  0.554713  
0.881208  0.0660939  
0.136521  0.631105  
0.29302  0.459983  
0.150478  0.612812  
0.492557  0.299838  
0.308045  0.446337  
0.473842  0.313141  
0.378547  0.385846  
0.227032  0.523958  
0.248693  0.501754  
0.263139  0.487477  
0.834284  0.0932746  
0.164301  0.595215  
0.530588  0.272576  
0.300165  0.452604  
0.0368638  0.808408  
0.185157  0.570251  
0.178121  0.578324  
0.824603  0.101993  
0.602539  0.223857  
0.420697  0.353165  
0.0443791  0.789492  
0.0664063  0.742753  
0.76361  0.126235  
0.206868  0.545189  
0.353766  0.405221  
0.0876889  0.703883  
0.0736242  0.729161  
0.51989  0.279057  
0.00464841  0.93339  
0.697593  0.165115  
0.686569  0.172773  
0.129836  0.639677  
0.143505  0.62143  
0.000173143  0.999745  
0.427907  0.345895  
0.402687  0.366171  
0.255311  0.494718  
0.538914  0.265947  
0.914247  0.0441217  
0.232297  0.518032  
0.284912  0.466237  
0.722191  0.150195  
0.115834  0.660278  
0.0591816  0.75714  
0.580951  0.237849  
0.393546  0.372671  
0.0291737  0.829384  
0.89144  0.0578541  
0.12273  0.649893  
0.16937  0.588463  
0.192078  0.562164  
0.660299  0.187425  
0.220228  0.531546  
0.0131479  0.886178  
0.624746  0.209593  
0.845196  0.0836447  
0.445197  0.332784  
0.322093  0.43247  
0.371033  0.391113  
0.559901  0.251762  
0.480938  0.306508  
0.270766  0.48102  
0.157297  0.604134  
0.0212625  0.854705  
0.861063  0.0753816  
0.409022  0.360453  
0.738595  0.14177  
0.108797  0.670334  
0.647561  0.195342  
0.499807  0.293033  
0.510486  0.285797  
0.338635  0.419016  
0.0948543  0.692305  
0.241425  0.509002  
0.330642  0.425715  
0.0518171  0.772552  
0.315327  0.439231  
0.0807234  0.716573  
0.437026  0.339112  
0.361861  0.398599  
0.346285  0.412124  
0.752985  0.134407  
0.614444  0.216642  
0.462769  0.319736  
0.59251  0.230922  
0.571254  0.244846  
0.101871  0.681126  
0.711375  0.157663  
0.277838  0.473424  
0.386299  0.379277  
0.455364  0.326187  
0.63806  0.202432  
0.465659  0.318175  
0.714457  0.155982  
0.629344  0.208572  
0.619321  0.215978  
0.70543  0.164401  
0.423583  0.353166  
0.495481  0.299714  
0.534963  0.272294  
0.457143  0.325199  
0.815324  0.107359  
0.678377  0.178699  
0.729752  0.148638  
0.21393  0.538494  
0.597124  0.230341  
0.575289  0.244196  
0.199855  0.554014  
0.293923  0.45919  
0.15074  0.612654  
0.278873  0.472864  
0.404311  0.36459  
0.371258  0.391064  
0.00465348  0.93339  
0.68626  0.17163  
0.30081  0.452168  
0.20686  0.545184  
0.0737014  0.729161  
0.116106  0.660278  
0.143885  0.621183  
0.185585  0.569217  
0.0445135  0.789491  
0.108974  0.670333  
0.540792  0.264654  
0.28588  0.465334  
0.232296  0.51803  
0.711374  0.156601  
0.355021  0.404194  
0.520453  0.278592  
0.860313  0.0735963  
0.512358  0.284789  
0.582792  0.236641  
0.000166999  0.999745  
0.819538  0.0948074  
0.0131962  0.886178  
0.440188  0.339102  
0.169366  0.58846  
0.255311  0.494718  
0.137003  0.630648  
0.0292397  0.829384  
0.624745  0.209593  
0.381046  0.385846  
0.661834  0.186544  
0.0876867  0.703882  
0.919001  0.0419596  
0.462778  0.31974  
0.0950484  0.692305  
0.73865  0.140655  
0.428145  0.34568  
0.501609  0.291773  
0.879125  0.0636552  
0.32256  0.432074  
0.102172  0.681125  
0.394554  0.3719  
0.059283  0.75714  
0.362974  0.398545  
0.605031  0.222325  
0.561817  0.250566  
0.483276  0.304921  
0.844314  0.0824432  
0.0666034  0.742562  
0.0213465  0.854704  
0.271121  0.479394  
0.41047  0.359329  
0.388778  0.378897  
0.445212  0.332783  
0.339812  0.418186  
0.641431  0.201241  
0.123174  0.649883  
0.051976  0.772549  
0.157742  0.603486  
0.220828  0.530409  
0.0369353  0.808367  
0.192652  0.5615  
0.24243  0.50862  
0.900949  0.0559085  
0.0809855  0.7165  
0.178812  0.578072  
0.316208  0.438582  
0.5525  0.257331  
0.308964  0.445372  
0.766785  0.12441  
0.332701  0.425715  
0.347138  0.41212  
0.264479  0.487473  
0.249665  0.501259  
0.475966  0.31225  
0.227927  0.522857  
0.164486  0.594919  
0.129834  0.639677  
0.652791  0.193765  
0.833969  0.0912575  
0.92244  0.0441015  
0.538274  0.271348  
0.235845  0.51455  
0.62475  0.211373  
0.172263  0.585562  
0.646931  0.199016  
0.578396  0.243408  
0.733054  0.146753  
0.450139  0.330943  
0.250336  0.500851  
0.214523  0.537431  
0.668411  0.185041  
0.389742  0.37742  
0.294722  0.458167  
0.812147  0.106526  
0.279855  0.472077  
0.20047  0.553234  
0.599243  0.228459  
0.228744  0.522333  
0.310309  0.445063  
0.130462  0.639676  
0.302432  0.451304  
0.65287  0.192042  
0.564424  0.248879  
0.816973  0.0973157  
0.0739914  0.728166  
0.523725  0.27636  
0.414033  0.356587  
0.678372  0.176615  
0.116542  0.660278  
0.0594402  0.756425  
0.50418  0.289972  
0.287016  0.464276  
0.865233  0.0714616  
0.43954  0.337056  
0.0132279  0.886178  
0.585705  0.234737  
0.102413  0.680894  
0.356225  0.403169  
0.242984  0.507166  
0.757952  0.130323  
0.232296  0.51803  
0.000119683  0.999744  
0.207599  0.544376  
0.0046305  0.933174  
0.32455  0.430325  
0.0293  0.829384  
0.714124  0.154959  
0.54227  0.263647  
0.144263  0.620879  
0.255311  0.494718  
0.365381  0.397382  
0.395674  0.371001  
0.474592  0.311115  
0.0811584  0.71522  
0.168164  0.589927  
0.0446163  0.789491  
0.0876865  0.703882  
0.629106  0.207272  
0.123329  0.648856  
0.882551  0.0624921  
0.372506  0.389718  
0.381162  0.383984  
0.60762  0.220755  
0.332967  0.423837  
0.778278  0.123174  
0.272287  0.478594  
0.846371  0.08037  
0.186276  0.569215  
0.742609  0.138405  
0.0213823  0.854703  
0.456478  0.324408  
0.341365  0.416542  
0.109458  0.669771  
0.158268  0.602922  
0.221804  0.530379  
0.193323  0.560961  
0.0369913  0.808364  
0.925021  0.0394787  
0.487252  0.304385  
0.423167  0.350171  
0.697774  0.170674  
0.052095  0.772548  
0.179308  0.577555  
0.0667817  0.741999  
0.406409  0.36392  
0.317567  0.437437  
0.0954052  0.691956  
0.833969  0.0888624  
0.514995  0.283405  
0.265166  0.486132  
0.432053  0.343789  
0.469161  0.317887  
0.348661  0.410141  
0.923972  0.0394863  
0.55553  0.256252  
0.137485  0.630346  
0.496623  0.29725  
0.165276  0.594258  
0.15122  0.612007  
0.257734  0.492624  
0.235958  0.514408  
0.631672  0.206025  
0.671506  0.18504  
0.709099  0.162057  
0.600687  0.228416  
0.460105  0.324383  
0.535454  0.269477  
0.735213  0.146449  
0.214692  0.537391  
0.36566  0.397376  
0.137578  0.630346  
0.441396  0.337051  
0.295171  0.458047  
0.228807  0.521791  
0.280059  0.47189  
0.477925  0.310444  
0.31803  0.437328  
0.165326  0.59364  
0.0046384  0.932616  
0.757864  0.129863  
0.0740456  0.728162  
0.102594  0.680769  
0.232296  0.51803  
0.179028  0.577507  
0.044691  0.789491  
0.14458  0.620879  
0.423381  0.350098  
0.678354  0.176394  
0.431205  0.343351  
0.302313  0.450522  
0.6212  0.213267  
0.287012  0.464267  
0.0954751  0.691589  
0.771511  0.121738  
0.585673  0.23471  
0.654032  0.191339  
0.863322  0.0709052  
0.109583  0.669748  
0.24315  0.507148  
0.743982  0.137804  
0.357154  0.402381  
0.0131899  0.88565  
0.186483  0.56895  
0.607565  0.220541  
0.168163  0.589925  
0.000147192  0.993142  
0.46633  0.317122  
0.255311  0.494718  
0.193393  0.560947  
0.504449  0.28976  
0.92379  0.0390124  
0.0214181  0.854703  
0.325115  0.429817  
0.542257  0.263625  
0.0292917  0.829383  
0.816857  0.0968918  
0.0370639  0.808363  
0.62847  0.207246  
0.38911  0.376224  
0.0595098  0.756419  
0.414014  0.356569  
0.0876862  0.703882  
0.123319  0.648834  
0.172344  0.585139  
0.207598  0.544373  
0.564817  0.248478  
0.885109  0.0621561  
0.485002  0.303602  
0.523889  0.276203  
0.272476  0.478487  
0.309803  0.443419  
0.83397  0.0881183  
0.447752  0.33087  
0.575986  0.241644  
0.340889  0.416467  
0.81159  0.104973  
0.406801  0.363728  
0.372846  0.389671  
0.158355  0.602205  
0.71668  0.153463  
0.130564  0.638699  
0.69613  0.169804  
0.116613  0.659101  
0.200514  0.552835  
0.221784  0.52981  
0.0521695  0.772548  
0.0668167  0.741983  
0.0811523  0.715208  
0.554668  0.255275  
0.265405  0.486056  
0.381504  0.383437  
0.349076  0.410132  
0.250457  0.499801  
0.33315  0.423324  
0.496617  0.296821  
0.515675  0.283269  
0.151484  0.611573  
0.644675  0.19873  
0.399151  0.37099  
