2.94155  0.984187  
2.96605  0.98473  
2.88603  0.98968  
2.92629  0.990314  
2.94829  0.987152  
2.92592  0.983878  
2.94965  0.974015  
2.84884  1.01675  
2.94143  0.987239  
2.94861  0.981761  
2.93811  0.97222  
2.93671  0.982859  
2.92821  0.98408  
2.95863  0.986762  
2.907  0.986129  
2.94889  0.986961  
2.95311  0.982059  
2.83574  1.02628  
2.90471  0.994621  
2.91818  0.99189  
2.86588  1.02166  
2.91409  0.983245  
2.94501  0.980505  
2.92773  0.984948  
2.96622  0.977432  
2.90429  0.978724  
2.88765  1.00437  
2.948  0.979598  
2.92488  0.99137  
2.93991  0.986069  
2.93977  0.986885  
2.90468  1.00433  
2.88843  1.00501  
2.94542  0.988866  
2.93743  0.981912  
2.9292  0.986893  
2.93183  0.986751  
2.93774  0.988332  
2.94199  0.978931  
2.97411  0.990289  
2.85482  1.01061  
2.88625  0.996426  
2.94988  0.988711  
2.90231  0.999307  
2.90223  0.99274  
2.93585  0.9827  
2.88518  1.01037  
2.96108  0.987835  
2.93273  0.984573  
2.86159  1.00369  
2.86126  1.01525  
2.91156  0.987791  
2.81927  1.05806  
2.94137  0.989128  
2.89442  0.996124  
2.9261  0.993531  
2.95717  0.973192  
2.91985  0.987417  
2.85973  1.01515  
2.93088  0.979338  
2.90015  0.99431  
2.9547  0.980696  
2.8601  1.02011  
2.85343  1.02036  
2.95717  0.979491  
2.92236  0.984545  
2.94093  0.985021  
2.94254  0.980707  
2.8774  1.00323  
2.88398  0.998879  
2.96501  0.981858  
2.96682  0.983757  
2.94754  0.981332  
2.9052  0.983278  
2.91509  0.976121  
2.95662  0.987167  
2.94373  0.986949  
2.92482  0.985461  
2.87546  1.01117  
2.90998  0.985499  
2.94324  0.984129  
2.90691  0.990181  
2.88309  1.00568  
2.94139  0.973097  
2.92102  0.995791  
2.92676  0.990485  
2.93065  0.979651  
2.92615  0.989637  
2.95123  0.982307  
2.80618  1.09215  
2.91809  0.982505  
2.92307  0.97761  
2.88707  0.995274  
2.8906  0.999209  
2.90751  0.992903  
2.85457  0.998998  
2.92529  0.991092  
2.91981  0.986814  
2.93447  0.988206  
2.90162  0.994345  
2.90754  0.994324  
2.9659  0.982014  
2.96058  0.983461  
2.98208  0.990949  
2.90644  0.994463  
2.96394  0.985451  
2.88047  1.01751  
2.97882  0.989218  
2.95347  0.991161  
2.94887  0.989178  
2.98087  0.98834  
2.93172  0.99008  
2.94938  0.992607  
2.96464  0.990265  
2.89261  0.990934  
2.96308  0.988713  
2.95275  0.989973  
2.90141  1.00377  
2.91103  0.993819  
2.89356  0.994207  
2.92502  0.992523  
2.96692  0.993143  
2.93036  0.992331  
2.90572  1.00562  
2.96745  0.993129  
2.90949  1.00267  
2.95469  0.987956  
2.94456  0.988072  
2.9358  0.992858  
2.98226  0.991478  
2.85725  1.03635  
2.93179  0.993801  
2.91017  1.00257  
2.88832  1.01731  
2.9651  0.993823  
2.95573  0.987532  
2.92832  0.99968  
2.90653  1.00175  
2.97625  0.990921  
2.89246  1.00204  
2.94671  0.986407  
2.94211  0.993256  
2.96789  0.990579  
2.94766  0.985154  
2.90257  1.00265  
2.93387  0.998716  
2.96511  0.9899  
2.93196  0.994427  
2.89552  1.00951  
2.91605  0.995793  
2.91537  0.999115  
2.9229  0.989114  
2.9235  0.996877  
2.92193  0.99931  
2.93923  0.995023  
2.95461  0.985707  
2.93037  0.987244  
1.58595  2.56741  
2.96725  0.982461  
2.96491  0.987052  
2.69224  0.880549  
2.96236  0.988705  
2.97992  0.992114  
2.94483  0.993743  
2.18767  1.72581  
2.91405  0.997809  
2.94716  0.990316  
2.93426  0.989743  
2.92385  0.992002  
2.83702  0.83881  
0.904765  4.90476  
2.91053  1.00206  
2.93169  0.996541  
2.96905  0.992473  
2.95191  0.986469  
2.93016  0.992839  
2.97203  0.990387  
2.94044  0.993178  
2.90046  1.00263  
2.93985  0.995049  
2.93959  0.991603  
2.88905  1.01263  
2.94731  0.986184  
2.94221  0.994568  
2.95397  0.984571  
2.8905  1.0128  
2.90135  0.995568  
2.95712  0.989923  
2.88501  1.01451  
2.96723  0.993047  
2.9349  0.997178  
2.95692  0.988038  
2.95974  0.992724  
2.98113  0.98812  
2.95937  0.98726  
2.84919  1.04129  
2.96696  0.994319  
2.96115  0.990032  
2.93716  0.984318  
2.93747  0.991409  
2.92674  0.946561  
2.90754  0.994324  
2.9659  0.982014  
2.96058  0.983461  
2.98208  0.990949  
2.90644  0.994463  
2.96394  0.985451  
2.88047  1.01751  
2.97882  0.989218  
2.95347  0.991161  
2.94887  0.989178  
2.93037  0.987244  
2.93172  0.99008  
2.94938  0.992607  
2.96464  0.990265  
2.89261  0.990934  
2.96308  0.988713  
2.95275  0.989973  
2.90141  1.00377  
2.91103  0.993819  
2.89356  0.994207  
2.92502  0.992523  
2.96692  0.993143  
2.93036  0.992331  
2.90572  1.00562  
2.96745  0.993129  
2.90949  1.00267  
2.95469  0.987956  
2.94456  0.988072  
2.9358  0.992858  
2.98226  0.991478  
2.95974  0.992724  
2.93179  0.993801  
2.9651  0.993823  
2.95573  0.987532  
2.93923  0.995023  
2.95461  0.985707  
2.92832  0.99968  
2.90653  1.00175  
2.97625  0.990921  
2.89246  1.00204  
2.94671  0.986407  
2.94211  0.993256  
2.96789  0.990579  
2.94766  0.985154  
2.93426  0.989743  
2.92385  0.992002  
2.96725  0.982461  
2.96491  0.987052  
2.97992  0.992114  
2.94483  0.993743  
2.96511  0.9899  
2.93196  0.994427  
2.89552  1.00951  
2.91605  0.995793  
2.91537  0.999115  
2.9229  0.989114  
2.92193  0.99931  
2.91405  0.997809  
2.90257  1.00265  
2.93387  0.998716  
2.11231  1.73916  
1.53459  2.51935  
2.94716  0.990316  
2.91017  1.00257  
2.88832  1.01731  
2.9235  0.996877  
2.96905  0.992473  
2.93169  0.996541  
2.8384  0.839654  
2.66924  0.858242  
2.95191  0.986469  
0.872194  4.87219  
2.93016  0.992839  
2.96236  0.988705  
2.91053  1.00206  
2.97203  0.990387  
2.94044  0.993178  
2.90046  1.00263  
2.93985  0.995049  
2.93959  0.991603  
2.88905  1.01263  
2.94731  0.986184  
2.94221  0.994568  
2.95397  0.984571  
2.8905  1.0128  
2.90135  0.995568  
2.95712  0.989923  
2.88501  1.01451  
2.96723  0.993047  
2.9349  0.997178  
2.95692  0.988038  
2.97776  0.985225  
2.98113  0.98812  
2.95937  0.98726  
2.84919  1.04129  
2.96696  0.994319  
2.96115  0.990032  
2.93716  0.984318  
2.93747  0.991409  
2.92817  0.999521  
2.95741  0.99021  
2.94938  0.992607  
2.96464  0.990265  
2.89261  0.990934  
2.96308  0.988713  
2.95275  0.989973  
2.90141  1.00377  
2.91103  0.993819  
2.89356  0.994207  
2.93716  0.984318  
2.93747  0.991409  
2.96115  0.990032  
2.96696  0.994319  
2.84919  1.04129  
2.95937  0.98726  
2.9229  0.989114  
2.91605  0.995793  
2.93196  0.994427  
2.94483  0.993743  
2.92832  0.99968  
2.90653  1.00175  
2.97625  0.990921  
2.89246  1.00204  
2.94671  0.986407  
2.94211  0.993256  
2.96789  0.990579  
2.94766  0.985154  
2.90257  1.00265  
2.93387  0.998716  
2.96725  0.982461  
2.96491  0.987052  
2.97992  0.992114  
2.96511  0.9899  
2.91537  0.999115  
2.93016  0.992839  
2.91405  0.997809  
2.9235  0.996877  
1.13566  3.3338  
2.94716  0.990316  
2.89552  1.00951  
2.78291  0.80667  
2.97203  0.990387  
2.94205  0.993195  
0.929806  4.03362  
2.57958  1.10911  
2.95191  0.986469  
1.52332  2.50527  
2.96769  0.993508  
2.66821  0.856569  
2.91053  1.00206  
2.49928  1.27296  
2.96905  0.992473  
2.92193  0.99931  
2.06207  1.6931  
1.90794  2.09228  
2.93426  0.989743  
2.92385  0.992002  
1.39246  2.90341  
0.842886  4.84289  
2.16556  1.62965  
2.96236  0.988705  
1.64462  2.42628  
2.20868  1.62718  
2.93169  0.996541  
2.93923  0.995023  
2.95461  0.985707  
2.9651  0.993823  
2.95573  0.987532  
2.91017  1.00257  
2.88832  1.01731  
2.95974  0.992724  
2.93179  0.993801  
2.9358  0.992858  
2.98226  0.991478  
2.95469  0.987956  
2.94456  0.988072  
2.96745  0.993129  
2.90949  1.00267  
2.93036  0.992331  
2.90572  1.00562  
2.92502  0.992523  
2.96692  0.993143  
2.94044  0.993178  
2.90046  1.00263  
2.93985  0.995049  
2.93959  0.991603  
2.88905  1.01263  
2.94731  0.986184  
2.94221  0.994568  
2.95397  0.984571  
2.8905  1.0128  
2.90135  0.995568  
2.95712  0.989923  
2.88501  1.01451  
2.96723  0.993047  
2.9349  0.997178  
2.95692  0.988038  
2.97776  0.985225  
2.98113  0.98812  
2.963  0.977083  
2.93945  0.994577  
2.92031  0.976105  
2.9299  0.992583  
2.02669  1.49079  
2.32539  1.15604  
2.93609  0.993433  
2.90101  1.00108  
1.94305  1.6105  
2.94035  0.996148  
2.8917  1.01142  
2.95389  0.993929  
2.61615  0.725427  
2.97054  0.988892  
2.96284  0.985531  
2.94641  0.98097  
2.90394  0.99816  
2.9349  0.997178  
2.96723  0.993047  
2.88501  1.01451  
2.95712  0.989923  
2.90135  0.995568  
1.97982  1.48445  
2.43302  0.885137  
2.40544  0.962713  
1.22765  2.8242  
2.93426  0.989743  
2.48193  0.762442  
2.96789  0.990579  
2.39268  0.997746  
1.23093  2.72128  
1.85471  1.6497  
1.69987  2.06741  
2.31168  1.15863  
2.57859  0.662204  
1.74334  1.89984  
1.72026  2.06586  
2.24368  1.31134  
2.3314  1.10594  
2.20845  1.37027  
2.63132  0.655761  
1.60063  2.22573  
2.52194  0.704091  
2.91053  1.00206  
1.83785  1.68399  
1.38441  2.30998  
0.843726  3.72183  
2.96511  0.9899  
2.41049  0.950427  
1.99561  1.46335  
1.92003  1.51262  
2.46454  0.820443  
2.34538  1.06939  
1.26652  2.68608  
2.9358  0.992858  
1.75217  1.87105  
1.64452  2.18154  
2.93016  0.992839  
2.25559  1.28891  
0.921691  3.50727  
2.03413  1.46079  
2.90257  1.00265  
2.32015  1.13678  
2.44512  0.84054  
2.28963  1.2765  
1.46098  2.26406  
2.29872  1.18995  
2.91405  0.997809  
1.4371  2.30412  
1.48374  2.2625  
2.47828  0.796734  
2.92193  0.99931  
2.93169  0.996541  
2.9235  0.996877  
2.96905  0.992473  
2.95191  0.986469  
2.96236  0.988705  
2.94716  0.990316  
2.97203  0.990387  
2.91537  0.999115  
2.89552  1.00951  
2.97992  0.992114  
2.96725  0.982461  
2.94671  0.986407  
2.97625  0.990921  
2.92832  0.99968  
2.93923  0.995023  
2.9651  0.993823  
2.91017  1.00257  
2.95974  0.992724  
2.95469  0.987956  
2.96745  0.993129  
2.93036  0.992331  
2.92502  0.992523  
2.94044  0.993178  
2.93985  0.995049  
2.88905  1.01263  
2.94221  0.994568  
2.95397  0.984571  
2.8905  1.0128  
0.436513  3.53903  
1.13329  1.93938  
1.01311  2.06583  
2.05586  0.66123  
2.03758  0.707721  
2.113  0.524  
0.713472  2.7381  
1.15266  1.93781  
2.13271  0.486814  
1.95746  0.907885  
2.15709  0.446272  
1.97904  0.855915  
1.92003  0.987191  
1.64526  1.14821  
1.89249  1.03558  
1.48998  1.37811  
2.02833  0.731521  
1.07231  1.96581  
2.22437  0.367348  
0.588878  2.97355  
1.38919  1.65421  
0.633867  2.80906  
2.16985  0.426538  
0.514677  3.37132  
1.05198  1.99195  
2.06424  0.637999  
1.96756  0.881635  
0.945913  2.26247  
0.361837  3.93739  
0.857529  2.56835  
2.09254  0.571406  
1.65673  1.14397  
1.57952  1.20114  
0.811618  2.67661  
1.3099  1.83922  
1.98935  0.830398  
2.1989  0.388364  
2.31477  0.338773  
2.07397  0.615475  
1.687  1.13896  
0.910561  2.38705  
2.18428  0.40493  
1.90763  1.00828  
1.26561  1.90023  
0.612107  2.87749  
0.339035  4.33903  
0.42181  3.5418  
1.55783  1.23297  
2.01901  0.752732  
1.93314  0.959953  
0.543404  3.2114  
1.10122  1.94774  
1.42782  1.54456  
1.85207  1.08844  
2.00895  0.779974  
1.0315  2.02344  
0.557103  3.13912  
0.68968  2.74127  
1.99924  0.805401  
1.61539  1.16542  
2.14482  0.465552  
1.11692  1.94207  
2.10134  0.548973  
2.08377  0.592328  
1.50195  1.34543  
1.46427  1.4411  
0.978201  2.15634  
1.36052  1.72949  
2.26176  0.347806  
1.54209  1.26006  
0.876936  2.5058  
1.00827  2.0725  
0.489208  3.47149  
0.895627  2.44266  
0.929675  2.3191  
2.04634  0.683884  
0.962038  2.20732  
0.836095  2.62618  
1.32835  1.80372  
1.2035  1.93592  
1.47743  1.40901  
1.40217  1.61657  
0.661419  2.76264  
1.87295  1.06324  
2.12281  0.507571  
1.51455  1.31627  
1.43994  1.50903  
1.2892  1.87208  
0.996117  2.10589  
1.79279  1.12919  
1.82675  1.11133  
1.3759  1.69092  
1.59275  1.1844  
1.34481  1.76698  
1.23887  1.92247  
1.9458  0.933374  
1.41569  1.58085  
2.20056  0.386656  
1.52914  1.28756  
1.45249  1.47542  
0.672241  2.65236  
1.49216  1.12705  
1.98265  0.556301  
2.00115  0.511614  
2.0202  0.468187  
2.04032  0.425951  
1.93647  0.673887  
2.0623  0.384809  
1.90717  0.748516  
1.88618  0.799818  
2.08761  0.344646  
1.85093  0.878567  
1.56304  1.06654  
0.968777  1.91116  
1.82333  0.931383  
1.97348  0.579147  
1.40695  1.2955  
1.92692  0.698436  
1.37032  1.39355  
0.72952  2.59453  
2.22733  0.256706  
0.552426  2.72525  
0.774867  2.48538  
1.78975  0.982936  
0.43532  3.26964  
1.15593  1.84056  
1.30689  1.57289  
1.94586  0.649675  
1.27825  1.64798  
0.94844  1.94462  
2.11986  0.305295  
1.57496  1.06239  
0.528748  2.79556  
1.99185  0.5338  
1.03577  1.85987  
1.60512  1.05709  
0.959432  1.92536  
2.03009  0.446928  
0.460546  3.13327  
0.275097  3.95425  
1.4982  1.11913  
2.0744  0.364618  
0.339996  3.45842  
2.11842  0.306775  
0.812821  2.36081  
0.256198  4.2562  
1.2273  1.7573  
1.71121  1.04703  
0.483727  3.0034  
0.830176  2.2988  
1.34576  1.46323  
0.8632  2.18091  
0.607479  2.65934  
1.83772  0.904941  
1.05049  1.85731  
1.46009  1.17841  
1.41949  1.2647  
0.913678  2.02373  
0.280821  3.8562  
1.86332  0.852162  
0.991739  1.88435  
0.794514  2.42355  
1.91717  0.723316  
0.406933  3.38844  
2.17717  0.266358  
0.846883  2.23859  
1.7441  1.0293  
0.895705  2.0748  
1.53391  1.08325  
0.929851  1.98353  
1.96432  0.602327  
0.879407  2.12614  
0.753407  2.54368  
1.24575  1.72205  
1.44588  1.20608  
2.14205  0.285811  
0.578371  2.67984  
1.32026  1.53577  
2.05101  0.405248  
1.3581  1.42801  
1.95513  0.625813  
1.39464  1.32728  
1.38245  1.36001  
1.20673  1.79002  
2.01058  0.489748  
1.80752  0.95747  
1.18333  1.81855  
1.47537  1.152  
1.87504  0.825873  
0.702576  2.63245  
1.26261  1.68536  
1.51121  1.10393  
0.506207  2.88896  
2.10245  0.324888  
1.29295  1.61037  
1.76913  1.00724  
1.01855  1.86591  
1.89687  0.77402  
1.33318  1.49917  
1.43241  1.23487  
0.672258  2.65235  
1.49226  1.12691  
1.98273  0.556099  
2.00123  0.511405  
1.9552  0.62563  
2.04042  0.425746  
1.05059  1.8573  
2.06242  0.384603  
1.90725  0.748317  
2.0203  0.467973  
2.08776  0.344441  
1.85104  0.87835  
1.56325  1.06645  
0.968839  1.91107  
1.82341  0.931238  
1.97356  0.578937  
1.3947  1.32712  
1.92699  0.698246  
2.14233  0.285607  
0.959432  1.92536  
0.435344  3.26952  
1.37036  1.39343  
1.7693  1.00706  
0.483813  3.00293  
2.17773  0.266148  
0.774894  2.48529  
1.34581  1.46307  
1.38251  1.35985  
1.78987  0.982784  
1.93654  0.673686  
0.895746  2.07468  
1.27831  1.64784  
1.20681  1.78991  
0.863244  2.18076  
0.275145  3.95338  
1.99194  0.533595  
1.89694  0.773839  
1.18336  1.81851  
1.57495  1.06239  
0.729552  2.59447  
0.55243  2.72524  
1.43249  1.2347  
0.52877  2.79548  
1.293  1.61023  
2.23215  0.256492  
2.11842  0.306775  
2.10262  0.324676  
1.41956  1.26454  
1.4982  1.11913  
2.07453  0.364411  
0.340008  3.45841  
2.12007  0.305086  
1.94593  0.649503  
0.256198  4.2562  
0.830206  2.29869  
1.83777  0.904851  
0.506222  2.88889  
1.60544  1.05706  
1.88626  0.799646  
2.03018  0.446726  
1.30694  1.57275  
0.607517  2.65933  
1.03577  1.85987  
0.913686  2.02371  
1.01863  1.86587  
0.280821  3.8562  
0.79454  2.42346  
0.460566  3.13315  
1.86341  0.851982  
0.991805  1.88429  
1.87511  0.825707  
0.812853  2.3607  
1.91725  0.723127  
0.40694  3.38842  
0.846913  2.23848  
1.74427  1.02917  
1.71144  1.04694  
1.9644  0.602121  
1.26268  1.68521  
0.879438  2.12603  
1.51134  1.10378  
1.53405  1.08314  
0.753438  2.5436  
1.24581  1.72193  
1.46017  1.17827  
1.32031  1.53562  
0.929898  1.98343  
1.44595  1.20592  
0.578395  2.67981  
2.05112  0.405044  
1.47546  1.15185  
1.35816  1.42785  
1.407  1.29537  
1.22736  1.75719  
2.01067  0.489533  
1.80763  0.957305  
0.948493  1.94452  
0.702582  2.63244  
1.156  1.84052  
1.33323  1.49902  
1.49226  1.12691  
1.98273  0.556106  
2.00123  0.511416  
1.9552  0.62563  
2.04042  0.425746  
1.93654  0.67369  
1.88626  0.799646  
2.02029  0.467986  
1.56325  1.06645  
1.85102  0.878386  
0.968837  1.91107  
1.82342  0.931227  
1.97356  0.578949  
2.12007  0.305087  
1.407  1.29537  
1.92699  0.698248  
1.37036  1.39343  
1.46017  1.17827  
0.55243  2.72524  
0.830206  2.29869  
1.38251  1.35985  
0.948491  1.94452  
1.78987  0.982781  
2.07453  0.364411  
0.435355  3.26947  
1.22736  1.75719  
0.275145  3.95338  
1.99193  0.533599  
1.80763  0.957305  
0.483813  3.00293  
1.34581  1.46307  
1.30694  1.57274  
1.7693  1.00706  
0.774895  2.48529  
0.895753  2.07465  
1.53405  1.08314  
1.27831  1.64784  
0.959432  1.92536  
1.57495  1.06239  
2.23215  0.256492  
0.280821  3.8562  
0.607518  2.65933  
1.86341  0.851974  
2.14232  0.285612  
1.83777  0.904851  
0.460565  3.13316  
1.293  1.61023  
2.11842  0.306775  
1.43249  1.23471  
0.672278  2.65234  
1.91725  0.723122  
0.52877  2.79548  
1.4982  1.11913  
1.94593  0.649503  
1.05059  1.8573  
1.41956  1.26454  
0.256198  4.2562  
0.340018  3.45841  
2.17773  0.266148  
1.89694  0.773844  
1.03577  1.85987  
1.35816  1.42785  
1.2068  1.78993  
2.03019  0.446719  
0.846913  2.23848  
0.913686  2.02371  
1.32031  1.53562  
0.991813  1.88428  
1.44595  1.20592  
0.863244  2.18076  
0.812849  2.36071  
0.79454  2.42346  
1.24581  1.72193  
1.18337  1.81851  
0.406941  3.38842  
0.729574  2.59443  
1.74427  1.02917  
1.9644  0.602121  
0.929899  1.98342  
0.87944  2.12603  
0.753437  2.5436  
2.06242  0.384604  
0.578398  2.6798  
2.08776  0.344444  
1.39469  1.32715  
2.05112  0.405045  
2.01067  0.489533  
1.60544  1.05706  
1.47546  1.15186  
1.51134  1.10378  
1.26267  1.68524  
1.33323  1.49902  
0.506221  2.8889  
2.10262  0.324679  
1.90725  0.748328  
0.702596  2.63243  
1.15602  1.84051  
1.01863  1.86587  
1.87511  0.825707  
1.71144  1.04694  
1.49226  1.12691  
1.98273  0.556107  
2.00123  0.511416  
1.9552  0.62563  
2.04042  0.425746  
1.93654  0.673704  
1.05059  1.8573  
2.06242  0.384604  
1.90725  0.748328  
1.88626  0.799646  
2.08776  0.344444  
1.85102  0.878386  
1.56325  1.06645  
0.672276  2.65235  
0.968837  1.91107  
1.97356  0.578949  
2.12007  0.305087  
1.407  1.29537  
1.92699  0.698247  
1.37036  1.39343  
1.15603  1.84051  
1.46018  1.17826  
1.33323  1.49902  
0.435355  3.26947  
1.22736  1.75719  
1.27831  1.64784  
0.483813  3.00293  
0.753437  2.5436  
0.774895  2.48529  
0.895753  2.07465  
1.53405  1.08314  
1.30694  1.57274  
0.578398  2.6798  
0.959432  1.92536  
1.82342  0.931227  
1.2068  1.78993  
2.11842  0.306775  
1.43249  1.23471  
1.38251  1.35985  
0.460565  3.13316  
2.23215  0.256492  
1.41956  1.26454  
0.275145  3.95338  
1.74427  1.02917  
1.4982  1.11913  
1.87511  0.825705  
0.830206  2.29869  
1.89694  0.773845  
1.293  1.61023  
1.83777  0.904851  
2.14232  0.285612  
0.256198  4.2562  
0.340018  3.45841  
2.07453  0.364411  
0.607519  2.65933  
0.729564  2.59445  
1.94593  0.649502  
1.78987  0.982779  
1.01863  1.86587  
1.34581  1.46307  
1.35816  1.42785  
2.03019  0.446721  
1.99193  0.5336  
1.86341  0.851974  
0.87944  2.12603  
0.55244  2.72522  
1.57495  1.06239  
0.913686  2.02372  
0.280821  3.8562  
0.702596  2.63243  
0.528768  2.79549  
0.991808  1.88429  
0.812849  2.36071  
0.79454  2.42346  
2.02029  0.467986  
1.91725  0.723125  
0.863244  2.18076  
1.18336  1.81851  
1.03577  1.85987  
1.7693  1.00706  
0.406941  3.38842  
0.846914  2.23848  
1.9644  0.602121  
0.929899  1.98342  
1.24581  1.72193  
1.71144  1.04694  
1.32031  1.53562  
2.17773  0.266148  
1.44595  1.20592  
2.05112  0.405045  
1.39469  1.32715  
2.01066  0.489548  
1.60544  1.05706  
1.80763  0.957305  
1.47546  1.15186  
1.51134  1.10378  
1.26267  1.68524  
0.506221  2.8889  
0.948491  1.94452  
2.10262  0.324679  
1.49226  1.12691  
1.98273  0.556107  
2.00123  0.511416  
2.02029  0.467986  
1.9552  0.625635  
2.04042  0.425746  
1.93654  0.673704  
1.05059  1.8573  
2.06242  0.384604  
1.88626  0.799646  
2.08776  0.344444  
1.85102  0.878386  
1.56325  1.06645  
0.672276  2.65235  
0.968837  1.91107  
1.97356  0.578949  
2.12007  0.305087  
1.407  1.29537  
1.92699  0.698247  
1.37036  1.39343  
0.506221  2.8889  
0.863244  2.18076  
0.280821  3.8562  
1.46018  1.17826  
1.33323  1.49902  
0.729564  2.59445  
1.53405  1.08314  
1.38251  1.35985  
0.460565  3.13316  
1.30694  1.57274  
0.34002  3.45841  
1.22736  1.75719  
1.82342  0.931227  
0.406941  3.38842  
1.99193  0.533601  
0.483813  3.00293  
0.753437  2.5436  
0.895753  2.07465  
1.91725  0.723125  
0.959432  1.92536  
1.90725  0.748329  
2.23215  0.256492  
0.913685  2.02372  
1.4982  1.11913  
1.83777  0.904851  
0.991808  1.88429  
0.528767  2.79549  
0.435357  3.26945  
1.41956  1.26454  
0.256198  4.2562  
1.57495  1.06239  
1.27831  1.64784  
1.34581  1.46307  
2.11842  0.306775  
2.10262  0.32468  
2.07453  0.364411  
0.830206  2.29869  
2.14232  0.285612  
2.03019  0.446721  
1.94593  0.649503  
0.774895  2.48529  
0.275145  3.95338  
1.60544  1.05706  
0.607519  2.65933  
1.03577  1.85987  
1.86341  0.851974  
0.812849  2.36071  
0.79454  2.42346  
1.18336  1.81851  
0.846914  2.23848  
0.552451  2.72519  
1.74427  1.02917  
1.9644  0.602124  
1.51134  1.10378  
1.24581  1.72193  
1.71144  1.04694  
1.32031  1.53562  
0.929899  1.98342  
1.01863  1.86587  
2.17773  0.266148  
1.80763  0.957309  
1.44595  1.20592  
0.578398  2.6798  
1.293  1.61023  
2.05112  0.405045  
1.35816  1.42785  
1.39469  1.32715  
1.87511  0.825705  
1.2068  1.78993  
2.01066  0.489548  
1.47546  1.15186  
1.26267  1.68524  
0.948491  1.94452  
0.87944  2.12603  
0.702617  2.6324  
1.89694  0.773844  
1.43249  1.2347  
1.76929  1.00707  
1.78988  0.982774  
1.15603  1.84051  
