3.84027  2.22019  5.41546  
5.33446  6.12728  4.25421  
1.59927  5.97347  6.25341  
1.60013  4.71244  3.86364  
8.55122  7.80872  4.45653  
5.17784  4.60821  4.08046  
3.71204  3.07738  4.11634  
5.21251  6.61174  4.79586  
3.39646  2.87132  5.58787  
3.42952  2.90637  3.6053  
3.93673  6.08027  6.27754  
6.2326  8.62457  4.66829  
7.59802  4.81139  9.13042  
3.52323  3.60772  2.19958  
5.39866  3.62124  4.64299  
4.89293  3.35386  4.7197  
1.55377  2.02732  3.78662  
1.89235  3.51385  3.25836  
5.64291  5.33749  5.19117  
4.44145  2.02395  2.40401  
5.58791  5.54176  3.872  
8.00785  6.64848  7.84628  
1.46722  2.23423  2.48554  
4.94105  3.20303  4.27264  
4.63924  11.4366  10.1941  
3.35698  2.83621  6.20097  
7.57565  5.5496  7.02791  
3.28086  3.40817  2.3675  
8.4768  4.08828  2.35066  
7.39615  6.64599  4.69223  
4.22614  6.72033  3.97015  
2.93832  2.49704  4.04961  
5.00139  3.44666  3.28776  
2.81084  2.60337  3.77505  
2.31216  3.82974  5.93866  
7.3419  8.24262  5.68526  
4.92219  5.95979  7.32547  
3.5282  5.0628  4.68993  
4.77096  3.54092  3.73753  
4.76257  5.37406  3.60151  
4.28925  3.48591  2.99525  
6.65663  4.92838  2.71709  
6.3913  4.20775  8.19316  
6.03957  4.02764  4.71393  
3.11847  4.32844  1.79884  
2.16631  4.42458  3.93692  
4.67546  8.30834  6.08739  
3.94145  1.83675  4.63108  
4.15804  1.25123  3.99164  
3.53516  4.17145  3.2082  
4.95348  6.45035  6.63436  
4.59125  2.63123  3.50354  
4.01986  4.61321  6.42699  
4.61177  1.82765  4.86012  
3.14353  2.48337  3.86907  
4.51978  3.66051  3.98911  
4.52739  8.53169  11.1127  
6.6952  4.06305  4.15095  
4.19224  3.6288  3.43746  
4.23962  2.74724  4.04003  
7.88036  5.17773  1.3095  
5.28663  5.57595  5.56554  
3.4337  1.38045  2.90354  
8.03806  3.99474  4.75269  
2.02893  2.8579  3.51113  
9.10951  3.37125  9.22838  
3.08524  4.12775  4.56735  
3.67953  3.29751  2.95224  
5.889  6.3692  12.2852  
3.58686  4.09791  3.40409  
2.91728  3.94794  4.40489  
4.25296  3.37437  3.4057  
2.82661  4.5797  2.31631  
3.0915  8.35067  5.6393  
7.1556  4.9842  4.00863  
6.55417  3.64027  3.28527  
4.01943  5.28165  2.33982  
4.5617  2.67201  2.62983  
3.35085  2.18354  2.9177  
3.38468  3.53214  3.35512  
5.98382  3.10183  6.10944  
4.43821  3.23508  2.60998  
8.06691  5.43332  6.50527  
6.13298  4.9383  5.09167  
5.59048  8.49867  4.55084  
4.97664  5.22488  5.02302  
3.78129  1.71138  3.50647  
2.91312  3.82653  3.02154  
4.02162  3.62655  2.42321  
4.33936  3.21546  5.07035  
2.99718  1.35059  5.20484  
4.18938  3.49858  3.98428  
4.54582  4.97143  5.35725  
3.79782  2.91999  5.02977  
3.6211  1.71992  2.85565  
4.80436  3.46766  1.61951  
4.53096  5.345  3.1889  
6.03929  4.97163  4.44245  
3.95339  8.73027  3.83445  
5.28663  4.7676  3.68148  
10.5205  5.86603  8.07894  
5.34437  11.5013  3.45576  
6.84688  4.39927  4.72064  
4.37246  3.81462  5.92  
8.45544  6.64999  3.04596  
9.8894  14.9964  9.46229  
8.71774  8.12446  13.3331  
5.24261  7.00696  4.88743  
7.98846  6.23039  6.81822  
5.98174  8.26728  4.53371  
5.10537  4.1767  5.66729  
5.73099  4.04549  5.17641  
6.60782  4.47357  2.85466  
8.77051  7.07062  5.81462  
6.08981  4.30348  4.86688  
7.20119  4.05513  8.84715  
5.60011  4.74695  3.51228  
7.91983  4.02607  4.87341  
4.51606  5.86146  7.02401  
10.6744  7.89658  3.76973  
4.4182  4.89316  5.76484  
7.9595  6.43395  2.67906  
5.28717  8.20276  6.3056  
3.91521  7.16949  6.11749  
5.09081  3.04129  3.87035  
6.0037  3.63331  5.00934  
6.55878  7.41496  3.94249  
9.3495  5.02074  4.92533  
8.54764  8.50809  8.28087  
7.66065  11.1617  7.95522  
5.58038  6.00837  5.03342  
7.01945  11.0401  4.12182  
6.17719  11.4775  8.1233  
8.88191  5.53641  7.14374  
1.50322  6.46081  6.75197  
7.10981  8.1488  5.50063  
6.23174  5.67007  4.81742  
7.2549  7.1834  4.87337  
9.20062  9.4521  13.8134  
10.1228  12.0493  8.29601  
5.53202  4.32415  5.35423  
7.70642  7.50905  4.60346  
9.80161  4.74692  6.28349  
4.47773  8.93986  5.04333  
3.94708  7.82235  7.04551  
7.25539  9.53524  5.17422  
5.5937  5.07138  7.87826  
11.7158  2.9914  4.93403  
9.97117  6.30666  6.50354  
7.15599  10.688  10.2663  
6.28792  5.63265  9.39548  
6.25849  4.77766  5.46482  
6.0498  5.66449  4.67208  
3.7443  8.23028  13.6253  
9.12111  4.11225  9.28843  
9.22674  8.99545  7.99319  
8.97499  8.78017  3.45563  
8.15217  4.44656  5.51198  
7.98754  5.96286  3.26759  
5.35727  10.0651  4.47478  
6.805  3.75747  5.35869  
8.80952  11.5895  5.96274  
5.97809  10.2486  8.34063  
4.29741  6.23838  4.24369  
0.000120691  0.000119271  1  
8.72876  9.3265  7.13361  
9.12732  10.1342  6.14024  
6.36082  3.11029  4.49046  
6.52374  3.41155  6.97441  
6.3552  9.91231  11.924  
10.8701  8.23228  4.73323  
8.57998  6.46254  8.11467  
9.92793  9.75924  5.61807  
10.552  9.63646  5.55547  
12.9967  6.87632  12.7269  
8.69853  6.97998  11.0559  
4.6445  7.59408  6.53769  
8.0051  6.87894  10.9313  
6.79988  6.74053  5.99805  
3.89417  5.08929  4.54819  
7.1409  8.53655  6.16198  
5.29521  3.26724  5.78971  
11.477  5.13847  7.95083  
5.74131  4.80343  4.69001  
4.7584  3.83462  11.9342  
9.09148  6.87609  5.13852  
8.85705  8.78722  7.84774  
13.13  11.9881  11.1692  
4.3317  12.9089  9.94782  
6.33845  6.71422  5.56756  
5.08903  8.0218  4.57743  
3.30649  5.86107  5.20049  
9.01389  3.09337  6.69259  
7.12878  6.24697  12.996  
5.08376  9.95975  3.98392  
10.3403  9.12826  12.9241  
6.51302  10.3072  9.08514  
7.32064  8.223  8.96798  
10.211  10.8667  7.93703  
5.12943  3.83093  5.94782  
10.5205  5.86603  8.07894  
5.34437  11.5013  3.45576  
6.84688  4.39927  4.72064  
4.37246  3.81462  5.92  
8.45544  6.64999  3.04596  
9.8894  14.9964  9.46229  
8.71774  8.12446  13.3331  
5.24261  7.00696  4.88743  
7.98846  6.23039  6.81822  
5.98174  8.26728  4.53371  
5.10537  4.1767  5.66729  
5.73099  4.04549  5.17641  
6.60782  4.47357  2.85466  
8.77051  7.07062  5.81462  
6.08981  4.30348  4.86688  
7.20119  4.05513  8.84715  
5.60011  4.74695  3.51228  
7.91983  4.02607  4.87341  
4.51606  5.86146  7.02401  
10.6744  7.89658  3.76973  
4.4182  4.89316  5.76484  
7.9595  6.43395  2.67906  
5.28717  8.20276  6.3056  
3.91521  7.16949  6.11749  
5.09081  3.04129  3.87035  
6.0037  3.63331  5.00934  
6.55878  7.41496  3.94249  
9.3495  5.02074  4.92533  
8.54764  8.50809  8.28087  
7.66065  11.1617  7.95522  
5.58038  6.00837  5.03342  
7.01945  11.0401  4.12182  
6.17719  11.4775  8.1233  
8.88191  5.53641  7.14374  
1.50322  6.46081  6.75197  
7.10981  8.1488  5.50063  
6.23174  5.67007  4.81742  
7.2549  7.1834  4.87337  
9.20062  9.4521  13.8134  
10.1228  12.0493  8.29601  
5.53202  4.32415  5.35423  
7.70642  7.50905  4.60346  
9.80161  4.74692  6.28349  
4.47773  8.93986  5.04333  
3.94708  7.82235  7.04551  
7.25539  9.53524  5.17422  
5.5937  5.07138  7.87826  
11.7158  2.9914  4.93403  
9.97117  6.30666  6.50354  
7.15599  10.688  10.2663  
6.28792  5.63265  9.39548  
6.25849  4.77766  5.46482  
6.0498  5.66449  4.67208  
3.7443  8.23028  13.6253  
9.12111  4.11225  9.28843  
9.22674  8.99545  7.99319  
5.97809  10.2486  8.34063  
4.29741  6.23838  4.24369  
8.97499  8.78017  3.45563  
8.15217  4.44656  5.51198  
5.35727  10.0651  4.47478  
6.805  3.75747  5.35869  
8.80952  11.5895  5.96274  
7.98754  5.96286  3.26759  
9.12732  10.1342  6.14024  
6.36082  3.11029  4.49046  
0.000172541  8.72288e-05  1  
6.52374  3.41155  6.97441  
6.3552  9.91231  11.924  
8.72876  9.3265  7.13361  
10.8701  8.23228  4.73323  
8.57998  6.46254  8.11467  
9.92793  9.75924  5.61807  
10.552  9.63646  5.55547  
12.9967  6.87632  12.7269  
8.69853  6.97998  11.0559  
4.6445  7.59408  6.53769  
8.0051  6.87894  10.9313  
6.79988  6.74053  5.99805  
3.89417  5.08929  4.54819  
7.1409  8.53655  6.16198  
5.29521  3.26724  5.78971  
11.477  5.13847  7.95083  
5.74131  4.80343  4.69001  
4.7584  3.83462  11.9342  
9.09148  6.87609  5.13852  
8.85705  8.78722  7.84774  
13.13  11.9881  11.1692  
4.3317  12.9089  9.94782  
6.33845  6.71422  5.56756  
5.08903  8.0218  4.57743  
3.30649  5.86107  5.20049  
9.01389  3.09337  6.69259  
7.12878  6.24697  12.996  
5.08376  9.95975  3.98392  
10.3403  9.12826  12.9241  
6.51302  10.3072  9.08514  
7.32064  8.223  8.96798  
10.211  10.8667  7.93703  
5.12943  3.83093  5.94782  
6.84688  4.39927  4.72064  
4.37246  3.81462  5.92  
8.45544  6.64999  3.04596  
9.8894  14.9964  9.46229  
8.71774  8.12446  13.3331  
5.24261  7.00696  4.88743  
7.98846  6.23039  6.81822  
5.98174  8.26728  4.53371  
5.10537  4.1767  5.66729  
5.73099  4.04549  5.17641  
6.60782  4.47357  2.85466  
8.77051  7.07062  5.81462  
6.08981  4.30348  4.86688  
7.20119  4.05513  8.84715  
5.60011  4.74695  3.51228  
7.91983  4.02607  4.87341  
4.51606  5.86146  7.02401  
10.6744  7.89658  3.76973  
4.4182  4.89316  5.76484  
7.9595  6.43395  2.67906  
9.92793  9.75924  5.61807  
5.28717  8.20276  6.3056  
3.91521  7.16949  6.11749  
5.09081  3.04129  3.87035  
6.0037  3.63331  5.00934  
6.55878  7.41496  3.94249  
9.3495  5.02074  4.92533  
8.54764  8.50809  8.28087  
7.66065  11.1617  7.95522  
5.58038  6.00837  5.03342  
7.01945  11.0401  4.12182  
6.17719  11.4775  8.1233  
8.88191  5.53641  7.14374  
1.50322  6.46081  6.75197  
7.10981  8.1488  5.50063  
6.23174  5.67007  4.81742  
7.2549  7.1834  4.87337  
9.20062  9.4521  13.8134  
10.1228  12.0493  8.29601  
9.80161  4.74692  6.28349  
4.47773  8.93986  5.04333  
3.94708  7.82235  7.04551  
7.25539  9.53524  5.17422  
5.5937  5.07138  7.87826  
11.7158  2.9914  4.93403  
9.97117  6.30666  6.50354  
7.15599  10.688  10.2663  
6.28792  5.63265  9.39548  
6.25849  4.77766  5.46482  
6.0498  5.66449  4.67208  
3.7443  8.23028  13.6253  
9.12111  4.11225  9.28843  
9.22674  8.99545  7.99319  
5.97809  10.2486  8.34063  
4.29741  6.23838  4.24369  
8.97499  8.78017  3.45563  
8.15217  4.44656  5.51198  
7.1409  8.53655  6.16198  
5.29521  3.26724  5.78971  
5.35727  10.0651  4.47478  
8.80952  11.5895  5.96274  
9.12732  10.1342  6.14024  
6.805  3.75747  5.35869  
5.53202  4.32415  5.35423  
7.70642  7.50905  4.60346  
5.34437  11.5013  3.45576  
0.00014632  0.00011654  1  
7.98754  5.96286  3.26759  
6.36082  3.11029  4.49046  
6.52374  3.41155  6.97441  
6.3552  9.91231  11.924  
1.00064  0.000152094  0.000537868  
8.72876  9.3265  7.13361  
10.8701  8.23228  4.73323  
8.57998  6.46254  8.11467  
10.552  9.63646  5.55547  
12.9967  6.87632  12.7269  
4.6445  7.59408  6.53769  
8.0051  6.87894  10.9313  
6.79988  6.74053  5.99805  
3.89417  5.08929  4.54819  
8.69853  6.97998  11.0559  
11.477  5.13847  7.95083  
5.74131  4.80343  4.69001  
4.7584  3.83462  11.9342  
9.09148  6.87609  5.13852  
8.85705  8.78722  7.84774  
13.13  11.9881  11.1692  
4.3317  12.9089  9.94782  
6.33845  6.71422  5.56756  
5.08903  8.0218  4.57743  
3.30649  5.86107  5.20049  
9.01389  3.09337  6.69259  
7.12878  6.24697  12.996  
5.08376  9.95975  3.98392  
10.3403  9.12826  12.9241  
6.51302  10.3072  9.08514  
7.32064  8.223  8.96798  
10.211  10.8667  7.93703  
5.12943  3.83093  5.94782  
8.85705  8.78722  8.84246  
4.4182  4.89316  5.19559  
10.6744  7.89658  3.76973  
4.4182  4.89316  5.76484  
7.9595  6.43395  2.67906  
9.92793  9.75924  5.61807  
5.12943  3.83093  5.94782  
10.211  10.8667  7.93703  
7.32064  8.223  8.96798  
6.51302  10.3072  9.08514  
10.3403  9.12826  12.9241  
5.08376  9.95975  3.98392  
7.12878  6.24697  12.996  
9.01389  3.09337  6.69259  
12.9967  6.87632  12.7269  
8.0051  6.87894  10.9313  
3.89417  5.08929  4.54819  
5.29521  3.26724  5.78971  
8.15217  4.44656  5.51198  
4.29741  6.23838  4.24369  
6.0498  5.66449  4.67208  
3.7443  8.23028  13.6253  
9.12111  4.11225  9.28843  
9.22674  8.99545  7.99319  
5.97809  10.2486  8.34063  
8.97499  8.78017  3.45563  
4.6445  7.59408  6.53769  
10.552  9.63646  5.55547  
6.3552  9.91231  11.924  
6.36082  3.11029  4.49046  
5.35727  10.0651  4.47478  
6.805  3.75747  5.35869  
8.80952  11.5895  5.96274  
9.12732  10.1342  6.14024  
7.1409  8.53655  6.16198  
0.421628  0.574597  0.909717  
6.33845  6.7809  6.18265  
0.00014632  8.35514e-05  1  
10.8701  8.23228  4.73323  
0.99316  1.02597  0.125589  
0.831077  0.838901  0.563198  
6.28792  5.63265  9.39548  
6.25849  4.77766  5.46482  
0.305117  1.3457  0.9639  
0.965127  2.12612  0.291862  
0.707372  0.0572047  0.706766  
8.72876  9.3265  7.13361  
0.306114  0.400554  0.953053  
0.643046  1.05644  0.770931  
6.79988  6.74053  5.99805  
0.528255  0.668031  0.85237  
4.7584  3.83462  11.0223  
0.765025  1.25059  0.646261  
0.923324  0.57998  0.386266  
6.52374  3.41155  6.97441  
0.981768  0.662823  0.192061  
8.57998  6.46254  8.11467  
1  9.776e-05  0.00011065  
0.561802  2.39332  0.832447  
7.98754  5.96286  3.26759  
0.939593  0.523992  0.343087  
9.97117  6.30666  6.50354  
7.15599  10.688  10.2663  
5.5937  5.07138  7.87826  
11.7158  2.9914  4.93403  
3.94708  7.82235  7.04551  
7.25539  9.53524  5.17422  
9.80161  4.74692  6.28349  
4.47773  8.93986  5.04333  
5.53202  4.32415  5.35423  
7.70642  7.50905  4.60346  
9.20062  9.4521  13.8134  
10.1228  12.0493  8.29601  
6.23174  5.67007  4.81742  
7.2549  7.1834  4.87337  
1.50322  6.46081  6.75197  
7.10981  8.1488  5.50063  
6.17719  11.4775  8.1233  
8.88191  5.53641  7.14374  
5.58038  6.00837  5.03342  
7.01945  11.0401  4.12182  
8.54764  8.50809  8.28087  
7.66065  11.1617  7.95522  
6.55878  7.41496  3.94249  
9.3495  5.02074  4.92533  
5.09081  3.04129  3.87035  
6.0037  3.63331  5.00934  
5.28717  8.20276  6.3056  
3.91521  7.16949  6.11749  
8.69853  6.97998  11.0559  
11.477  5.13847  7.95083  
5.74131  4.80343  4.69001  
4.7584  3.83462  11.9342  
9.09148  6.87609  5.13852  
8.85705  8.78722  7.84774  
13.13  11.9881  11.1692  
4.3317  12.9089  9.94782  
6.33845  6.71422  5.56756  
5.08903  8.0218  4.57743  
3.30649  5.86107  5.20049  
0.88459  0.467225  0.0965103  
0.949406  0.31645  0.24065  
0.04061  0.144441  0.999189  
0.10978  0.994862  0.621352  
0.981978  0.190643  0.0989431  
0.0351837  0.999806  0.271458  
0.706643  0.707711  0.395654  
0.857567  0.277183  0.514512  
0.282105  0.960254  0.361685  
0.1169  0.0494719  0.993745  
0.0330446  0.155391  0.99948  
0.999375  0.0348227  0.035443  
0.825406  0.565878  0.0849057  
0.8836  0.468794  0.137074  
0.126442  0.993805  0.335883  
0.823033  0.568268  0.254488  
0.092667  0.996767  0.149875  
0.835886  0.549353  0.0177071  
0.88459  0.467225  0.0721973  
0.923192  0.393533  0.0672846  
0.859558  0.0327894  0.511038  
0.280373  0.960679  0.243493  
0.422855  0.906878  0.463099  
0.494333  0.869295  0.32052  
0.973235  0.0417055  0.230088  
0.604517  0.796677  0.104796  
0.525134  0.143568  0.851548  
0.735  0.113015  0.678536  
0.26438  0.074879  0.964431  
0.406857  0.0236773  0.913504  
0.337162  0.947673  0.0890839  
0.242408  0.0126819  0.971726  
0.169441  0.0129734  0.98566  
0.526287  0.851084  0.194715  
0.604204  0.815012  0.0126183  
0.706042  0.708144  0.239916  
0.862725  0.0304697  0.509792  
0.662533  0.17861  0.749171  
0.20905  0.978929  0.116911  
0.3173  0.138859  0.948546  
0.936994  0.0781242  0.349385  
1  0.00011303  4.59891e-05  
3.93494e-05  8.58513e-05  1  
0.340741  0.0241031  0.940357  
0.453756  0.568759  0.891226  
7.06686e-05  1  7.70761e-05  
0.417487  0.908708  0.0140576  
0.829904  0.558147  0.0170951  
0.701243  0.0166987  0.712923  
0.873072  0.0182662  0.487595  
0.687748  0.323542  0.72627  
0.0775302  0.423061  0.997043  
0.761856  0.0550727  0.647747  
0.437475  0.0272255  0.899231  
0.955479  0.297719  0.0227221  
0.21287  0.977983  0.0939514  
0.604885  0.0108198  0.796348  
0.515292  0.857212  0.0122856  
0.560878  0.024579  0.827899  
0.514046  0.857883  0.404729  
0.747392  0.664337  0.0685459  
0.550708  0.0609416  0.835084  
0.815905  0.396715  0.578294  
0.287075  0.292587  0.95819  
0.643123  0.765773  0.123902  
0.982428  0.191768  0.0250022  
0.690831  0.723161  0.162076  
0.107894  0.995067  0.0259343  
0.471516  0.107489  0.882017  
0.628579  0.0212178  0.778467  
0.0609682  0.998397  0.423615  
0.445072  0.897054  0.680746  
0.751921  0.659994  0.0457789  
0.618579  0.78582  0.327755  
0.990347  0.0472371  0.141922  
0.105689  0.0308501  0.994535  
0.95701  0.0415952  0.290593  
0.824002  0.566662  0.0737654  
0.949541  0.316968  0.016425  
0.523964  0.854491  0.0449031  
0.163969  0.989596  0.0662459  
0.643124  0.765773  0.137739  
0.929122  0.063258  0.370157  
0.410059  0.912662  0.0381101  
0.422643  0.0307382  0.906671  
0.76497  0.0619541  0.644096  
0.19024  0.0635169  0.981763  
0.178161  0.128332  0.984089  
0.944084  0.340408  0.0206583  
0.856548  0.0694901  0.516684  
0.857355  0.0468906  0.514729  
0.837988  0.546858  0.362199  
0.985675  0.0704979  0.169048  
0.0643247  0.0447687  0.997971  
0.0586219  0.998759  0.108876  
0.933251  0.136366  0.359308  
0.43594  0.137259  0.900142  
0.848439  0.540247  0.015771  
0.221809  0.976252  0.10176  
0.603914  0.431247  0.797329  
0.883594  0.468908  0.159532  
0.618498  0.785821  0.109659  
0.860972  0.0150229  0.508728  
0.264897  0.577644  0.964282  
0.0413891  0.147847  0.999143  
0.0627624  0.998384  0.424748  
0.110385  0.994188  0.317899  
0.751518  0.660033  0.0542216  
0.229609  0.975751  0.00764335  
0.999375  0.0365356  0.0354579  
0.0330622  0.147255  0.999458  
0.117245  0.0471724  0.993105  
0.883594  0.468908  0.164771  
0.0350998  0.999474  0.199842  
0.223494  0.975532  0.144606  
0.979919  0.201033  0.0282745  
0.706429  0.707806  0.403804  
0.526346  0.850389  0.117043  
0.605011  0.79624  0.0118923  
0.954794  0.298582  0.0173695  
0.643852  0.765321  0.348064  
0.933251  0.151547  0.359233  
0.33824  0.942231  0.0850443  
0.840498  0.542141  0.0171383  
0.444993  0.897021  0.463322  
0.860855  0.0182549  0.50885  
0.837386  0.546926  0.450186  
0.514032  0.857771  0.0712778  
0.340559  0.0713722  0.940238  
0.407104  0.0336464  0.913439  
0.209618  0.979541  0.0048918  
0.603793  0.0218741  0.797175  
0.823032  0.568267  0.262489  
0.936994  0.0771582  0.349372  
0.88443  0.467121  0.145755  
0.107576  0.994528  0.0327126  
0.417479  0.908689  0.0127502  
8.49879e-05  5.88618e-05  1  
1  0.000100078  8.98408e-05  
0.921138  0.392086  0.0707054  
0.0643604  0.085711  0.997937  
0.734493  0.117121  0.678625  
0.761665  0.0409132  0.647972  
0.494345  0.869283  0.072602  
0.831334  0.555778  0.0173763  
0.956336  0.0224835  0.292275  
0.560902  0.0184123  0.827882  
0.264383  0.0707714  0.964428  
0.687688  0.501612  0.726073  
0.628674  0.0244082  0.777682  
0.169431  0.0134336  0.985545  
0.701243  0.0265022  0.712922  
0.550464  0.0771896  0.834929  
6.96925e-05  1  9.85871e-05  
0.608556  0.793637  0.00790323  
0.618574  0.785734  0.0127203  
0.764955  0.0646511  0.644084  
0.410128  0.912047  0.0221693  
0.173954  0.985175  0.0719164  
0.873096  0.0287227  0.487548  
0.707426  0.706752  0.0665731  
0.126044  0.992127  0.359494  
0.524947  0.128502  0.851153  
0.435869  0.0391646  0.90001  
0.0776206  0.169199  0.996986  
0.662308  0.0945741  0.749264  
0.280521  0.959924  0.110719  
0.855335  0.132256  0.518077  
0.281989  0.959499  0.109756  
0.981735  0.191731  0.0260389  
0.815895  0.162608  0.5782  
0.690794  0.723072  0.206237  
0.453689  0.227309  0.891194  
0.750771  0.66057  0.0577865  
0.824596  0.565726  0.0855964  
0.989921  0.0294962  0.141769  
0.317391  0.127995  0.948328  
0.106257  0.0404838  0.99434  
0.52395  0.851904  0.0657071  
0.422403  0.0137974  0.906656  
0.213491  0.977444  0.441379  
0.162626  0.987171  0.07283  
0.949008  0.317396  0.197414  
0.242251  0.0150722  0.970238  
0.471527  0.38845  0.881887  
0.942157  0.340205  0.020603  
0.287542  0.444322  0.957815  
0.857574  0.0754656  0.514391  
0.17831  0.0838074  0.98398  
0.747355  0.664608  0.13808  
0.223309  0.976831  0.00764447  
0.973164  0.0364312  0.230166  
0.985646  0.0949426  0.169027  
0.0574183  0.998709  0.0802512  
0.422583  0.906375  0.293875  
0.209351  0.978404  0.103612  
0.192286  0.0707401  0.98135  
0.929009  0.0840691  0.370104  
0.979112  0.190977  0.114058  
0.0927022  0.996162  0.192688  
0.222316  0.975317  0.129919  
0.618525  0.785819  0.365576  
0.824805  0.565612  0.104241  
0.954557  0.298914  0.084379  
0.264925  0.413843  0.964269  
0.0413943  0.169455  0.999143  
0.0627634  0.998384  0.530679  
0.11012  0.994178  0.679889  
0.706486  0.707725  0.395108  
0.281971  0.959495  0.338525  
0.209089  0.978201  0.349346  
0.231644  0.974337  0.0042402  
0.999374  0.0313297  0.0354781  
0.0330625  0.161784  0.999453  
0.88352  0.468806  0.138187  
0.0354032  0.999472  0.263561  
0.212887  0.977376  0.453964  
0.979719  0.200262  0.0279732  
0.410128  0.912044  0.0412086  
0.317438  0.137987  0.948279  
0.921127  0.392366  0.0737669  
0.608551  0.793629  0.0102673  
0.840496  0.542153  0.0155145  
0.453728  0.391138  0.891141  
0.605013  0.796233  0.00799137  
0.855335  0.0853967  0.518082  
0.734485  0.0909143  0.678625  
0.989872  0.0353331  0.141978  
0.339538  0.941448  0.0981633  
0.643821  0.765321  0.612435  
0.169447  0.0138128  0.985545  
0.860914  0.0265668  0.508753  
0.999254  0.0323698  0.0386361  
0.973154  0.0325623  0.23018  
0.662308  0.211055  0.749247  
0.192273  0.119971  0.98135  
0.603779  0.0214691  0.797175  
0.751001  0.66019  0.037868  
0.407083  0.0332661  0.913397  
0.831953  0.554852  0.0148214  
0.706747  0.707419  0.0626243  
9.04365e-05  1  8.13882e-05  
0.514081  0.85777  0.070977  
0.17379  0.985162  0.0716143  
0.701243  0.0261237  0.712922  
0.10625  0.0455507  0.99434  
0.280518  0.959923  0.107873  
0.954707  0.298446  0.0227052  
0.208297  0.978716  0.00769465  
0.0585246  0.998624  0.106406  
8.49879e-05  5.88618e-05  1  
0.494345  0.869283  0.0725453  
0.687679  0.341009  0.726016  
0.0777501  0.533126  0.996975  
0.936971  0.081844  0.349407  
0.435869  0.0441715  0.90001  
0.83738  0.546959  0.456431  
0.618573  0.785729  0.0112458  
0.976598  0.190504  0.113522  
0.417476  0.908688  0.0143055  
0.873096  0.0339014  0.487548  
0.560902  0.0201274  0.827882  
0.264398  0.0519242  0.964414  
0.761664  0.0572962  0.647972  
0.956336  0.0226355  0.292272  
0.524944  0.171755  0.851137  
0.242163  0.0128501  0.970238  
0.981586  0.191676  0.0280191  
0.815899  0.484463  0.5782  
0.107644  0.994528  0.0337404  
0.690794  0.723071  0.244292  
0.44451  0.896696  0.582803  
1  0.000100078  7.56334e-05  
0.550442  0.0908537  0.834874  
0.824596  0.565723  0.0603622  
0.340734  0.0783295  0.94016  
0.523995  0.851904  0.0622123  
0.163651  0.98681  0.0626067  
0.764955  0.0385202  0.644084  
0.628741  0.021308  0.77764  
0.47155  0.336415  0.881844  
0.117243  0.0339167  0.993105  
0.942149  0.338449  0.0220081  
0.857534  0.0968173  0.514428  
0.884407  0.467015  0.165856  
0.287496  0.48379  0.957784  
0.928995  0.0809108  0.3701  
0.422411  0.0406419  0.906408  
0.126816  0.992121  0.273707  
0.949002  0.31712  0.0719838  
0.223031  0.975385  0.00715233  
0.747097  0.664685  0.159959  
0.0643612  0.0707729  0.997927  
0.178322  0.115789  0.983973  
0.933239  0.13758  0.359275  
0.985605  0.0980536  0.169093  
0.422742  0.906375  0.45168  
0.823032  0.568294  0.294293  
0.0925861  0.996161  0.0977404  
0.526328  0.850383  0.171072  
0.106778  0.35273  0.994308  
0.999279  0.020454  0.0382163  
0.0375631  0.999354  0.275457  
0.618525  0.785819  0.327837  
0.223342  0.975051  0.117894  
0.209392  0.978175  0.386857  
0.0413987  0.157353  0.999143  
0.110112  0.994178  0.32307  
0.0630978  0.99822  0.395665  
0.706482  0.707723  0.29663  
0.281943  0.959494  0.316169  
0.0330626  0.115517  0.999453  
0.117242  0.047909  0.993105  
0.0777637  0.388485  0.996972  
0.883448  0.468828  0.133836  
0.213315  0.977135  0.134022  
0.230572  0.973643  0.00676408  
0.17421  0.985161  0.0528922  
0.979719  0.200888  0.0263069  
0.605017  0.796232  0.012498  
0.824719  0.565585  0.0694962  
0.643821  0.765321  0.506205  
0.973149  0.0201726  0.230175  
0.34073  0.0396811  0.940161  
0.524944  0.176058  0.85114  
0.410134  0.912044  0.0427437  
0.407082  0.0368525  0.913397  
0.662302  0.209369  0.749237  
0.494344  0.869283  0.0679074  
0.169441  0.0155839  0.985545  
0.126742  0.992121  0.189991  
0.75115  0.660012  0.0655305  
0.192288  0.129034  0.981341  
0.417476  0.908688  0.0140224  
0.280549  0.959923  0.0832657  
0.340095  0.940803  0.0925208  
1  9.88507e-05  9.31463e-05  
0.764955  0.0640563  0.644084  
0.706746  0.707418  0.0554159  
0.832293  0.554341  0.0175472  
0.091269  0.99616  0.0981954  
0.920912  0.392579  0.078607  
0.873096  0.0187692  0.487548  
0.514105  0.85777  0.0487421  
0.815896  0.33548  0.5782  
8.31314e-05  6.86883e-05  1  
0.855333  0.0506966  0.518079  
0.560902  0.0219312  0.827882  
0.435869  0.0249798  0.90001  
0.999372  0.036021  0.0354801  
0.453733  0.230748  0.891138  
0.701243  0.0166896  0.712922  
0.618573  0.785729  0.00873573  
0.884407  0.467007  0.136469  
0.761664  0.0668786  0.647972  
0.857534  0.115317  0.514428  
0.734485  0.0997759  0.678625  
0.823021  0.568305  0.140017  
0.0351759  0.99944  0.281475  
0.954314  0.29884  0.021807  
0.860907  0.0321552  0.508762  
0.936971  0.0714995  0.349407  
9.04365e-05  1  8.13882e-05  
0.985605  0.0640718  0.169069  
0.209282  0.978306  0.00739719  
0.690795  0.723071  0.255754  
0.603791  0.0251276  0.797143  
0.83738  0.546964  0.396174  
0.981528  0.19156  0.0280226  
0.107254  0.994528  0.0384881  
0.264926  0.0709889  0.964269  
0.68768  0.308214  0.726016  
0.948987  0.317171  0.14779  
0.628746  0.0184955  0.777616  
0.287535  0.455151  0.95777  
0.444168  0.896407  0.466077  
0.550513  0.06356  0.834859  
0.317438  0.127839  0.948279  
0.106257  0.0229369  0.99434  
0.956336  0.027929  0.292273  
0.840496  0.542188  0.0151116  
0.523992  0.851903  0.067876  
0.163536  0.986808  0.0523167  
0.242238  0.0148207  0.970233  
0.47155  0.42233  0.881846  
0.942148  0.339006  0.0126142  
0.928995  0.0833167  0.370104  
0.989872  0.0455927  0.14197  
0.422464  0.0361521  0.906403  
0.747093  0.664684  0.15684  
0.223452  0.975232  0.00735202  
0.178343  0.122662  0.983968  
0.264381  0.0580981  0.964418  
0.97621  0.190662  0.113456  
0.064362  0.0854362  0.997927  
0.933225  0.126053  0.359293  
0.0575413  0.998624  0.0816482  
0.422762  0.906375  0.294332  
0.608548  0.79362  0.0119233  
0.526326  0.850382  0.15774  
0.106892  0.107923  0.994271  
0.999258  0.0305293  0.0385886  
0.618517  0.785819  0.251217  
0.0382072  0.99933  0.257308  
0.223445  0.97505  0.0838985  
0.264924  0.531771  0.964269  
0.0413944  0.106035  0.999143  
0.063126  0.998174  0.52478  
0.110092  0.994159  0.361274  
0.706483  0.70772  0.383427  
0.281922  0.959494  0.520972  
0.999371  0.0267611  0.0354753  
0.033062  0.149346  0.999453  
0.117242  0.0482286  0.993103  
0.883447  0.468765  0.0999703  
0.0777597  0.456273  0.996972  
0.035223  0.999439  0.24368  
0.213811  0.977114  0.435534  
0.173675  0.985105  0.0681609  
0.230988  0.973467  0.00578022  
0.410134  0.912044  0.0360341  
0.734485  0.118722  0.678625  
1  9.88507e-05  7.92704e-05  
0.643768  0.765258  0.415938  
0.339454  0.940801  0.103005  
0.973149  0.0419964  0.230179  
0.280548  0.959923  0.114714  
0.34073  0.0447087  0.940161  
0.840496  0.542184  0.00965846  
0.524941  0.126871  0.851139  
0.407082  0.0368525  0.913397  
0.662302  0.122022  0.74924  
0.169459  0.0136466  0.985545  
0.83738  0.546939  0.304166  
0.208377  0.978302  0.00478385  
0.603776  0.0215007  0.797155  
0.75115  0.660011  0.0552873  
0.605017  0.796232  0.0110893  
0.471549  0.244308  0.881844  
0.884354  0.467008  0.179153  
0.979658  0.200703  0.0283158  
0.832291  0.55434  0.0172456  
0.51411  0.85777  0.0642942  
0.815899  0.478186  0.578196  
9.62864e-05  1  7.19143e-05  
8.31314e-05  6.86883e-05  1  
0.417621  0.908622  0.0129392  
0.264381  0.0448906  0.964418  
0.435874  0.0385816  0.900008  
0.0925179  0.99612  0.136213  
0.701243  0.0222465  0.712922  
0.873099  0.0288397  0.487543  
0.920905  0.392838  0.0879708  
0.107016  0.994469  0.0369856  
0.560916  0.0237049  0.827873  
0.064364  0.0266169  0.997926  
0.936973  0.0720005  0.349402  
0.706745  0.707416  0.0539981  
0.618572  0.785728  0.0110395  
0.956336  0.031463  0.292273  
0.494344  0.869283  0.0696844  
0.42265  0.906375  0.391048  
0.761664  0.0640198  0.647972  
0.690796  0.72307  0.215455  
0.687678  0.369136  0.726016  
0.526374  0.850377  0.186757  
0.209393  0.978068  0.754056  
0.453737  0.299875  0.891136  
0.628741  0.0241702  0.777615  
0.857534  0.0374624  0.514428  
0.981381  0.191609  0.0276814  
0.444317  0.896204  0.644487  
0.824719  0.565586  0.0881609  
0.550498  0.0755109  0.834837  
0.942068  0.338774  0.0220736  
0.954307  0.298841  0.0194024  
0.989872  0.0436375  0.141963  
0.317438  0.127839  0.948279  
0.106249  0.0478165  0.99434  
0.163525  0.986808  0.066824  
0.242247  0.0114178  0.970233  
0.223397  0.975229  0.00631346  
0.287541  0.555429  0.957769  
0.928994  0.0451066  0.370105  
0.855333  0.127982  0.518081  
0.422504  0.0407789  0.906377  
0.764955  0.0640563  0.644084  
0.0582379  0.998517  0.0607245  
0.747091  0.664621  0.172969  
0.523899  0.851903  0.0674101  
0.948908  0.317352  0.0928305  
0.178343  0.108332  0.983968  
0.860907  0.032094  0.508762  
0.975964  0.190554  0.112298  
0.933224  0.148996  0.359298  
0.985602  0.0598341  0.169083  
0.608548  0.793613  0.00836644  
0.126827  0.99211  0.270856  
0.823016  0.568263  0.262916  
0.192286  0.0448427  0.981339  
0.618515  0.785819  0.32906  
0.75128  0.659941  0.0668304  
0.0379062  0.999325  0.264798  
0.209313  0.97806  0.678024  
0.22348  0.97505  0.111293  
0.264924  0.100539  0.964269  
0.0413982  0.10139  0.999143  
0.706458  0.70772  0.406382  
0.999371  0.0381758  0.035481  
0.033062  0.149346  0.999453  
0.117243  0.0555745  0.993103  
0.0777608  0.0923174  0.996972  
0.21381  0.977114  0.398777  
0.0349794  0.999438  0.254782  
0.979656  0.200881  0.0280357  
0.173965  0.985105  0.0744849  
0.6438  0.765258  0.582759  
0.410476  0.911958  0.0276304  
0.605016  0.796232  0.00543991  
0.734485  0.0956437  0.678625  
0.954283  0.29877  0.0227588  
0.410136  0.912042  0.0429093  
1  9.88507e-05  7.74756e-05  
0.339976  0.940693  0.110286  
0.444237  0.896204  0.813  
0.340723  0.0454936  0.940164  
0.860907  0.0176592  0.508762  
0.52494  0.127075  0.851139  
0.407082  0.0435549  0.913392  
0.169459  0.00986231  0.985545  
0.422507  0.0365188  0.906364  
0.920552  0.391085  0.0825827  
0.75115  0.66001  0.0588412  
0.523823  0.851903  0.0332086  
0.936973  0.0722376  0.349402  
0.884354  0.467076  0.148445  
0.973149  0.0273398  0.230179  
0.603776  0.0244998  0.797154  
0.280548  0.959923  0.117202  
0.494344  0.869283  0.0726295  
9.62517e-05  1  9.06202e-05  
0.701243  0.0261108  0.712922  
0.2091  0.978137  0.00714692  
0.178346  0.0275959  0.983968  
0.883447  0.468696  0.163337  
0.417621  0.908622  0.0131576  
9.93457e-05  8.70819e-05  1  
0.975921  0.190349  0.113983  
0.435874  0.0412161  0.900008  
0.264381  0.050883  0.964418  
0.526376  0.850377  0.175074  
0.832291  0.554339  0.0142249  
0.873099  0.0192264  0.487543  
0.230851  0.9734  0.00536142  
0.840496  0.542236  0.0163349  
0.51411  0.85777  0.0569911  
0.560916  0.00983595  0.827873  
0.0628181  0.998163  0.323085  
0.618571  0.785729  0.0105349  
0.706744  0.707416  0.064721  
0.6623  0.0767858  0.749238  
0.550499  0.0831095  0.834836  
0.761664  0.0638249  0.647973  
0.824719  0.565586  0.0705452  
0.981379  0.19153  0.0278245  
0.106635  0.994407  0.0307602  
0.815899  0.415275  0.578196  
0.928993  0.0701111  0.3701  
0.690796  0.72307  0.235721  
0.687679  0.151894  0.726015  
0.126847  0.99211  0.285158  
0.453737  0.434076  0.891136  
0.857537  0.0754874  0.514424  
0.628741  0.0239261  0.777615  
0.98987  0.0429075  0.141976  
0.822956  0.568272  0.17546  
0.317438  0.114919  0.948279  
0.106249  0.0365139  0.99434  
0.956336  0.0306846  0.292271  
0.163578  0.986808  0.0603194  
0.242247  0.0123541  0.970233  
0.0579746  0.998388  0.111579  
0.471542  0.231658  0.881844  
0.764955  0.0640563  0.644084  
0.941609  0.339708  0.0220599  
0.747088  0.664667  0.12817  
0.22308  0.975228  0.00743873  
0.287541  0.521246  0.957769  
0.0916916  0.996119  0.179906  
0.281909  0.959494  0.49948  
0.948856  0.316986  0.0668671  
0.83738  0.546965  0.130116  
0.0643641  0.0241702  0.997926  
0.933223  0.161334  0.359297  
0.985602  0.0978082  0.169092  
0.192287  0.06413  0.981339  
0.608548  0.793613  0.00873954  
0.110019  0.994084  0.609338  
0.422734  0.906375  0.355811  
0.855333  0.111371  0.518081  
