6.7147  6.64731  
8.10954  5.31192  
6.18903  3.43848  
8.6064  5.41237  
5.29275  5.00643  
5.32559  7.76768  
8.08642  6.25329  
7.58544  7.59958  
6.40746  5.8414  
7.46732  5.56139  
7.33966  6.85256  
3.61454  6.2483  
6.84412  6.95843  
4.95718  5.56905  
6.12418  6.79566  
6.6741  6.34453  
5.84393  8.03014  
7.89639  6.69632  
3.98834  6.69701  
5.45647  6.43024  
5.63303  5.85895  
5.79522  6.82562  
7.11475  5.97228  
4.3549  6.41429  
5.3793  7.81918  
3.81506  6.16034  
5.73626  5.7622  
5.55705  6.11439  
5.24022  6.64188  
7.45508  5.21739  
5.11467  4.69005  
6.19887  6.04381  
5.5658  5.29976  
6.44775  4.78146  
7.82212  5.4603  
4.99113  7.03181  
5.42926  5.95019  
5.36416  6.15447  
7.96389  6.85494  
4.80463  4.90483  
5.17204  6.53439  
5.12129  5.52464  
6.04458  6.17472  
4.42178  5.91452  
7.81796  5.31176  
7.02073  6.76355  
8.01809  6.75168  
6.58918  4.67463  
6.33896  6.37192  
7.50796  6.82266  
5.15454  4.17028  
6.93974  4.568  
6.36276  5.28402  
6.35257  5.78383  
7.54141  4.96042  
5.22565  6.31222  
5.89455  6.17863  
6.08381  4.21593  
7.0117  4.11584  
6.11941  6.16701  
5.35454  6.32079  
5.09845  6.51108  
5.42921  5.12517  
7.24975  5.86724  
7.29048  6.22701  
4.83319  5.36641  
6.82374  5.75984  
5.65521  5.83422  
6.06469  8.15923  
7.14013  6.46763  
5.90705  7.15172  
5.91525  4.70099  
5.69919  6.27156  
3.81804  5.70886  
6.36553  6.72668  
6.27483  6.80349  
6.97174  5.4735  
5.50128  3.88256  
8.03564  4.55843  
7.02707  3.52569  
3.51306  4.55174  
5.38819  6.72776  
5.38237  8.61067  
5.69152  5.05889  
5.15642  5.50215  
6.77543  6.60171  
4.45423  6.60929  
7.67232  6.39651  
7.02341  6.10743  
4.33347  7.99585  
4.88492  7.10108  
5.10952  4.89294  
5.59822  4.2897  
4.93495  5.82853  
6.02083  5.55539  
7.33395  4.7192  
5.82394  5.98313  
4.33912  4.05008  
4.96826  4.81536  
7.15338  6.64439  
8.19238  6.27665  
5.2212  6.9515  
6.38857  5.08788  
4.64599  7.63077  
6.63758  5.3477  
8.8558  7.02137  
5.63039  7.09379  
7.09363  8.34041  
6.75118  5.72587  
8.74853  6.35267  
6.77852  7.40061  
6.16567  6.48919  
7.18491  8.21788  
5.14449  7.01075  
7.98681  7.97879  
5.85991  8.46104  
7.37795  7.26613  
7.67225  7.27517  
6.62672  6.26009  
6.02276  7.3378  
5.20241  5.5401  
5.13861  9.46642  
5.442  7.09313  
7.61989  7.49516  
7.18369  6.86993  
7.98411  7.80558  
7.63239  5.0173  
5.96325  5.54095  
7.01788  5.83065  
7.64226  5.1749  
7.41927  6.58268  
6.10806  7.59187  
7.50391  4.20696  
7.02755  5.97601  
5.42914  5.53543  
4.36038  5.45099  
8.34255  7.35926  
6.7625  5.0327  
7.75838  7.70404  
6.01498  7.06579  
6.6796  4.89258  
4.59295  6.07643  
6.47569  5.0846  
5.76854  6.0354  
6.35947  6.25496  
0.458594  0.557106  
8.00221  5.80839  
7.54861  5.12959  
5.18938  7.74768  
4.04443  5.95003  
5.89208  5.91429  
5.83653  5.78699  
7.00978  7.14849  
5.94015  4.05628  
6.1524  7.52207  
6.02975  5.59985  
6.03461  5.10555  
7.60712  5.578  
8.14621  7.83783  
4.97091  6.42362  
6.465  6.6549  
6.70844  6.74321  
7.4638  6.36502  
7.12747  7.57351  
7.74284  5.36981  
7.44884  6.28783  
4.77806  6.17485  
4.30118  8.5081  
4.96203  4.30357  
7.38845  6.61702  
4.888  5.10904  
6.05586  6.97579  
4.48594  7.28029  
5.3152  7.7806  
4.56932  6.33513  
6.72531  5.96908  
5.44811  7.44703  
5.00031  6.54664  
6.48481  6.21895  
6.51016  4.84825  
6.54626  6.38789  
6.61591  7.48987  
6.00612  4.57348  
6.6098  7.01217  
6.28072  5.98642  
7.65608  7.08291  
6.92881  3.91047  
4.0244  6.76726  
7.24727  7.51637  
6.37152  8.93038  
5.77157  7.73646  
6.35379  4.66856  
6.9666  5.86907  
3.84567  5.91163  
5.04997  6.47892  
6.79189  6.04106  
6.08606  7.0428  
6.79565  8.20878  
6.87479  6.97538  
5.18977  6.43108  
8.19238  6.27665  
5.2212  6.9515  
6.38857  5.08788  
4.64599  7.63077  
6.63758  5.3477  
8.8558  7.02137  
5.63039  7.09379  
7.09363  8.34041  
6.75118  5.72587  
8.74853  6.35267  
6.77852  7.40061  
5.14449  7.01075  
7.98681  7.97879  
5.85991  8.46104  
7.37795  7.26613  
7.67225  7.27517  
6.62672  6.26009  
6.02276  7.3378  
5.20241  5.5401  
5.13861  9.46642  
5.442  7.09313  
7.61989  7.49516  
7.18369  6.86993  
7.98411  7.80558  
7.63239  5.0173  
5.76854  6.0354  
6.35947  6.25496  
5.96325  5.54095  
7.01788  5.83065  
7.64226  5.1749  
7.41927  6.58268  
6.10806  7.59187  
7.50391  4.20696  
7.02755  5.97601  
5.42914  5.53543  
4.36038  5.45099  
8.34255  7.35926  
6.7625  5.0327  
7.75838  7.70404  
4.59295  6.07643  
6.47569  5.0846  
6.01498  7.06579  
6.6796  4.89258  
6.16567  6.48919  
7.18491  8.21788  
5.83653  5.78699  
7.00978  7.14849  
4.04443  5.95003  
5.89208  5.91429  
5.94015  4.05628  
6.1524  7.52207  
0.454437  0.553626  
5.18938  7.74768  
6.02975  5.59985  
6.03461  5.10555  
7.60712  5.578  
8.14621  7.83783  
4.97091  6.42362  
6.465  6.6549  
6.70844  6.74321  
7.4638  6.36502  
7.12747  7.57351  
7.74284  5.36981  
8.00221  5.80839  
7.54861  5.12959  
7.44884  6.28783  
4.77806  6.17485  
4.30118  8.5081  
4.96203  4.30357  
7.38845  6.61702  
4.888  5.10904  
6.05586  6.97579  
4.48594  7.28029  
5.3152  7.7806  
4.56932  6.33513  
6.72531  5.96908  
5.44811  7.44703  
5.00031  6.54664  
6.48481  6.21895  
6.51016  4.84825  
6.54626  6.38789  
6.61591  7.48987  
6.00612  4.57348  
6.6098  7.01217  
6.28072  5.98642  
7.65608  7.08291  
6.92881  3.91047  
4.0244  6.76726  
7.24727  7.51637  
6.37152  8.93038  
5.77157  7.73646  
6.35379  4.66856  
6.9666  5.86907  
3.84567  5.91163  
5.04997  6.47892  
6.79189  6.04106  
6.08606  7.0428  
6.79565  8.20878  
6.87479  6.97538  
5.18977  6.43108  
8.19238  6.27665  
5.2212  6.9515  
6.38857  5.08788  
4.64599  7.63077  
6.63758  5.3477  
8.8558  7.02137  
5.63039  7.09379  
7.09363  8.34041  
6.75118  5.72587  
6.16567  6.48919  
7.18491  8.21788  
5.14449  7.01075  
7.98681  7.97879  
5.85991  8.46104  
7.37795  7.26613  
7.67225  7.27517  
6.62672  6.26009  
6.02276  7.3378  
5.20241  5.5401  
5.13861  9.46642  
5.442  7.09313  
7.61989  7.49516  
7.18369  6.86993  
7.98411  7.80558  
7.63239  5.0173  
5.76854  6.0354  
6.35947  6.25496  
5.96325  5.54095  
7.01788  5.83065  
7.64226  5.1749  
7.41927  6.58268  
6.10806  7.59187  
7.50391  4.20696  
7.02755  5.97601  
5.42914  5.53543  
4.36038  5.45099  
8.34255  7.35926  
6.7625  5.0327  
7.75838  7.70404  
4.59295  6.07643  
6.47569  5.0846  
6.01498  7.06579  
6.6796  4.89258  
8.74853  6.35267  
6.77852  7.40061  
5.94015  4.05628  
4.04443  5.95003  
5.89208  5.91429  
5.83653  5.78699  
7.00978  7.14849  
6.1524  7.52207  
5.18938  7.74768  
0.454433  0.553582  
6.02975  5.59985  
6.03461  5.10555  
7.60712  5.578  
8.14621  7.83783  
4.97091  6.42362  
6.465  6.6549  
6.70844  6.74321  
7.4638  6.36502  
7.12747  7.57351  
7.74284  5.36981  
8.00221  5.80839  
7.54861  5.12959  
7.44884  6.28783  
4.77806  6.17485  
4.30118  8.5081  
4.96203  4.30357  
7.38845  6.61702  
4.888  5.10904  
6.05586  6.97579  
4.48594  7.28029  
5.3152  7.7806  
4.56932  6.33513  
6.72531  5.96908  
5.44811  7.44703  
5.00031  6.54664  
6.48481  6.21895  
6.51016  4.84825  
6.54626  6.38789  
6.61591  7.48987  
6.00612  4.57348  
6.6098  7.01217  
6.28072  5.98642  
7.65608  7.08291  
6.92881  3.91047  
4.0244  6.76726  
7.24727  7.51637  
6.37152  8.93038  
5.77157  7.73646  
6.35379  4.66856  
6.9666  5.86907  
3.84567  5.91163  
5.04997  6.47892  
6.79189  6.04106  
6.08606  7.0428  
6.79565  8.20878  
6.87479  6.97538  
5.18977  6.43108  
7.00978  7.14849  
5.2212  6.9515  
6.38857  5.08788  
4.64599  7.63077  
6.63758  5.3477  
1.04099  0.328706  
8.74853  6.35267  
6.77852  7.40061  
6.16567  6.48919  
7.18491  8.21788  
5.14449  7.01075  
7.98681  7.97879  
5.85991  8.46104  
7.37795  7.26613  
7.67225  7.27517  
6.62672  6.26009  
6.02276  7.3378  
5.20241  5.5401  
5.13861  9.46642  
5.442  7.09313  
7.61989  7.49516  
7.18369  6.86993  
7.98411  7.80558  
7.63239  5.0173  
5.76854  6.0354  
6.35947  6.25496  
5.96325  5.54095  
7.01788  5.83065  
7.64226  5.1749  
7.41927  6.58268  
6.10806  7.59187  
7.50391  4.20696  
7.02755  5.97601  
5.42914  5.53543  
8.00221  5.80839  
7.54861  5.12959  
6.6098  7.12324  
7.74284  5.36981  
6.01498  7.06579  
6.6796  4.89258  
4.04443  5.95003  
5.89208  5.91429  
4.59295  6.07643  
6.47569  5.0846  
7.09363  8.34041  
6.75118  5.72587  
6.1524  7.52207  
8.8558  7.02137  
5.63039  7.09379  
5.18938  7.74768  
6.7625  5.0327  
7.75838  7.70404  
4.36038  5.45099  
8.34255  7.35926  
5.83653  5.78699  
5.94015  4.05628  
6.02975  5.59985  
0.254267  1.27842  
7.60712  5.578  
0.454314  0.553496  
6.465  6.6549  
6.14029  4.84825  
7.4638  6.36502  
8.19238  6.27665  
8.14621  7.83783  
7.44884  6.28783  
4.77806  6.17485  
4.30118  8.5081  
4.96203  4.30357  
7.38845  6.61702  
4.888  5.10904  
6.05586  6.97579  
4.48594  7.28029  
5.3152  7.7806  
4.56932  6.33513  
6.72531  5.96908  
5.44811  7.44703  
5.00031  6.54664  
6.48481  6.21895  
6.51016  4.84825  
6.54626  6.38789  
6.61591  7.48987  
6.00612  4.57348  
6.6098  7.01217  
6.28072  5.98642  
7.65608  7.08291  
6.92881  3.91047  
4.0244  6.76726  
7.24727  7.51637  
6.37152  8.93038  
5.77157  7.73646  
6.35379  4.66856  
6.9666  5.86907  
3.84567  5.91163  
5.04997  6.47892  
6.79189  6.04106  
6.08606  7.0428  
6.79565  8.20878  
6.87479  6.97538  
5.18977  6.43108  
7.00978  7.14849  
8.34255  7.35926  
7.75838  7.70404  
6.47569  5.0846  
6.6796  4.89258  
5.89208  5.91429  
5.18977  6.43108  
6.87479  6.97538  
6.79565  8.20878  
6.08606  7.0428  
6.79189  6.04106  
5.04997  6.47892  
7.98411  7.80558  
7.63239  5.0173  
5.76854  6.0354  
6.35947  6.25496  
5.96325  5.54095  
7.01788  5.83065  
7.64226  5.1749  
7.41927  6.58268  
6.02975  5.59985  
0.899698  0.412783  
5.18938  7.74768  
6.1524  7.52207  
5.94015  4.05628  
0.450425  0.55035  
5.83653  5.78699  
4.36038  5.45099  
6.465  6.6549  
4.59295  6.07643  
0.253995  1.06063  
7.61989  7.49516  
7.18369  6.86993  
7.60712  5.578  
5.42914  5.53543  
0.899701  0.364538  
7.67225  7.27517  
6.62672  6.26009  
7.54861  5.12959  
0.900117  0.334395  
6.02276  7.3378  
5.20241  5.5401  
7.50391  4.20696  
0.4504  0.632432  
0.450439  0.552641  
7.37795  7.26613  
7.74284  5.36981  
0.297565  1.01801  
5.13861  9.46642  
5.442  7.09313  
0.90012  0.327507  
7.4638  6.36502  
6.7625  5.0327  
0.513208  0.550339  
4.04443  5.95003  
6.01498  7.06579  
6.85826  6.39859  
7.98681  7.97879  
7.18491  8.21788  
0.253637  6.27717  
6.77852  7.40061  
0.899703  0.344008  
6.75118  5.72587  
0.330533  1.018  
5.63039  7.09379  
0.909275  0.327352  
6.63758  5.3477  
0.254  1.01807  
6.38857  5.08788  
8.19238  6.27665  
8.14621  7.83783  
7.44884  6.28783  
4.77806  6.17485  
4.30118  8.5081  
4.96203  4.30357  
7.38845  6.61702  
4.888  5.10904  
6.05586  6.97579  
4.48594  7.28029  
5.3152  7.7806  
4.56932  6.33513  
6.72531  5.96908  
5.44811  7.44703  
5.00031  6.54664  
6.48481  6.21895  
6.51016  4.84825  
6.54626  6.38789  
6.61591  7.48987  
6.00612  4.57348  
6.6098  7.01217  
6.28072  5.98642  
7.65608  7.08291  
6.92881  3.91047  
4.0244  6.76726  
7.24727  7.51637  
6.37152  8.93038  
5.77157  7.73646  
6.35379  4.66856  
6.9666  5.86907  
3.84567  5.91163  
7.00978  7.14849  
8.34255  7.35926  
7.75838  7.70404  
6.47569  5.0846  
6.6796  4.89258  
5.89208  5.91429  
5.18977  6.43108  
6.87479  6.97538  
6.79565  8.20878  
6.08606  7.0428  
6.79189  6.04106  
5.04997  6.47892  
3.84567  5.91163  
0.899277  0.39124  
7.63239  5.0173  
4.76623  6.33513  
6.35947  6.25496  
5.47611  7.52207  
7.01788  5.83065  
7.64226  5.1749  
7.41927  6.58268  
5.18938  7.74768  
6.1524  7.52207  
0.45004  0.842993  
5.83653  5.78699  
0.45004  0.851637  
4.36038  5.45099  
6.7625  5.0327  
4.59295  6.07643  
6.01498  7.06579  
5.42914  5.53543  
0.450042  0.567807  
7.54861  5.12959  
0.897684  0.335592  
0.899832  0.328855  
5.20241  5.5401  
0.472721  0.550312  
0.899226  0.32602  
5.94015  4.05628  
7.60712  5.578  
0.4504  0.550328  
6.02975  5.59985  
7.74284  5.36981  
0.897678  0.338084  
6.00832  4.57348  
5.442  7.09313  
6.62672  6.26009  
0.45016  0.560354  
8.19238  6.27665  
6.465  6.6549  
7.4638  6.36502  
0.317918  1.01271  
0.450225  0.560387  
7.18369  6.86993  
7.50391  4.20696  
0.456142  0.550327  
0.249591  1.01287  
7.37795  7.26613  
4.04443  5.95003  
0.450395  0.551168  
7.98681  7.97879  
0.249008  1.01271  
7.18491  8.21788  
0.246158  1.01288  
6.77852  7.40061  
0.45039  0.552185  
6.75118  5.72587  
0.465155  0.550312  
5.63039  7.09379  
6.63758  5.3477  
6.38857  5.08788  
8.14621  7.83783  
7.44884  6.28783  
4.77806  6.17485  
4.30118  8.5081  
4.96203  4.30357  
7.38845  6.61702  
4.888  5.10904  
6.05586  6.97579  
4.48594  7.28029  
5.3152  7.7806  
4.56932  6.33513  
6.72531  5.96908  
5.44811  7.44703  
5.00031  6.54664  
6.48481  6.21895  
6.51016  4.84825  
6.54626  6.38789  
6.61591  7.48987  
6.00612  4.57348  
6.6098  7.01217  
6.28072  5.98642  
7.65608  7.08291  
6.92881  3.91047  
4.0244  6.76726  
7.24727  7.51637  
6.37152  8.93038  
5.77157  7.73646  
6.35379  4.66856  
6.9666  5.86907  
7.00978  7.14849  
8.34255  7.35926  
7.75838  7.70404  
6.47569  5.0846  
6.6796  4.89258  
5.89208  5.91429  
5.18977  6.43108  
6.87479  6.97538  
6.79565  8.20878  
6.08606  7.0428  
6.79189  6.04106  
5.04997  6.47892  
3.84567  5.91163  
0.899277  0.39124  
7.63239  5.0173  
4.76623  6.33513  
6.35947  6.25496  
5.47611  7.52207  
7.01788  5.83065  
7.64226  5.1749  
7.41927  6.58268  
5.42914  5.53543  
5.18938  7.74768  
0.247483  1.0117  
5.94015  4.05628  
4.36038  5.45099  
6.7625  5.0327  
4.59295  6.07643  
6.01498  7.06579  
1.01759  0.324876  
5.442  7.09313  
5.83653  5.78699  
0.895791  0.327722  
7.54861  5.12959  
0.543206  0.550013  
7.60712  5.578  
6.465  6.6549  
7.4638  6.36502  
0.269541  1.01168  
0.450225  0.560387  
7.18369  6.86993  
0.456252  0.550014  
6.02975  5.59985  
0.473658  0.550013  
6.1524  7.52207  
7.50391  4.20696  
0.895639  0.340792  
0.450155  0.561511  
7.37795  7.26613  
0.450392  0.550321  
7.74284  5.36981  
4.04443  5.95003  
0.471229  0.550025  
5.20241  5.5401  
5.16811  7.03969  
6.62672  6.26009  
0.898126  0.32449  
7.98681  7.97879  
0.895624  0.348347  
7.18491  8.21788  
0.24409  1.01185  
6.77852  7.40061  
0.89803  0.32449  
6.75118  5.72587  
0.450038  0.568455  
5.63039  7.09379  
0.450385  0.551985  
6.63758  5.3477  
0.276921  1.01168  
6.38857  5.08788  
8.19238  6.27665  
8.14621  7.83783  
7.44884  6.28783  
4.77806  6.17485  
4.30118  8.5081  
4.96203  4.30357  
7.38845  6.61702  
4.888  5.10904  
6.05586  6.97579  
4.48594  7.28029  
5.3152  7.7806  
4.56932  6.33513  
6.72531  5.96908  
5.44811  7.44703  
5.00031  6.54664  
6.48481  6.21895  
6.51016  4.84825  
6.54626  6.38789  
6.61591  7.48987  
6.00612  4.57348  
6.6098  7.01217  
6.28072  5.98642  
7.65608  7.08291  
6.92881  3.91047  
4.0244  6.76726  
7.24727  7.51637  
6.37152  8.93038  
5.77157  7.73646  
6.35379  4.66856  
6.9666  5.86907  
7.00978  7.14849  
8.34255  7.35926  
7.75838  7.70404  
6.47569  5.0846  
6.6796  4.89258  
5.89208  5.91429  
5.18977  6.43108  
6.87479  6.97538  
6.79565  8.20878  
6.08606  7.0428  
6.79189  6.04106  
5.04997  6.47892  
0.450225  0.560387  
7.18369  6.86993  
0.899277  0.39124  
7.63239  5.0173  
4.76623  6.33513  
6.35947  6.25496  
5.47611  7.52207  
7.01788  5.83065  
7.64226  5.1749  
7.41927  6.58268  
7.60712  5.578  
6.1524  7.52207  
0.269324  1.01094  
5.94015  4.05628  
5.83653  5.78699  
6.7625  5.0327  
4.59295  6.07643  
7.74284  5.36981  
4.36038  5.45099  
0.24649  1.01119  
7.36288  6.60737  
5.20241  5.5401  
0.450138  0.551268  
5.18938  7.74768  
0.894528  0.329905  
6.02975  5.59985  
0.450009  0.57053  
6.465  6.6549  
7.4638  6.36502  
6.01498  7.06579  
7.50391  4.20696  
0.253559  1.01109  
0.894737  0.369367  
7.37795  7.26613  
0.450143  0.550166  
7.54861  5.12959  
5.42914  5.53543  
0.897056  0.326463  
0.450018  0.561273  
6.62672  6.26009  
4.04443  5.95003  
0.46469  0.550009  
5.442  7.09313  
0.260351  1.01106  
7.98681  7.97879  
0.243995  1.01143  
7.18491  8.21788  
0.268048  1.01099  
6.77852  7.40061  
0.897056  0.323619  
6.75118  5.72587  
0.450009  0.560196  
5.63039  7.09379  
0.456179  0.550008  
6.63758  5.3477  
0.894526  0.338672  
6.38857  5.08788  
8.19238  6.27665  
8.14621  7.83783  
7.44884  6.28783  
4.77806  6.17485  
4.30118  8.5081  
4.96203  4.30357  
7.38845  6.61702  
4.888  5.10904  
6.05586  6.97579  
4.48594  7.28029  
5.3152  7.7806  
4.56932  6.33513  
6.72531  5.96908  
5.44811  7.44703  
5.00031  6.54664  
6.48481  6.21895  
6.51016  4.84825  
6.54626  6.38789  
6.61591  7.48987  
6.00612  4.57348  
6.6098  7.01217  
6.28072  5.98642  
7.65608  7.08291  
6.92881  3.91047  
4.0244  6.76726  
7.24727  7.51637  
6.37152  8.93038  
5.77157  7.73646  
6.35379  4.66856  
6.9666  5.86907  
3.84567  5.91163  
7.00978  7.14849  
8.34255  7.35926  
7.75838  7.70404  
6.47569  5.0846  
6.6796  4.89258  
5.89208  5.91429  
5.18977  6.43108  
6.87479  6.97538  
6.79565  8.20878  
6.08606  7.0428  
7.36288  6.60737  
5.20241  5.5401  
0.46469  0.550009  
5.442  7.09313  
0.450225  0.560387  
7.18369  6.86993  
0.899277  0.39124  
7.63239  5.0173  
4.76623  6.33513  
6.35947  6.25496  
5.47611  7.52207  
7.01788  5.83065  
7.64226  5.1749  
7.41927  6.58268  
0.450018  0.551043  
7.74284  5.36981  
0.450139  0.550115  
7.4638  6.36502  
0.251115  1.01037  
5.18938  7.74768  
6.1524  7.52207  
5.94015  4.05628  
5.83653  5.78699  
4.36038  5.45099  
6.02975  5.59985  
5.42914  5.53543  
0.894522  0.326135  
0.450018  0.561273  
6.62672  6.26009  
0.465077  0.550008  
7.54861  5.12959  
7.50391  4.20696  
0.243995  1.01143  
0.894737  0.369367  
7.37795  7.26613  
6.465  6.6549  
0.896891  0.322858  
7.60712  5.578  
0.450006  0.570189  
0.450008  0.560037  
7.98681  7.97879  
6.7625  5.0327  
4.04443  5.95003  
6.01498  7.06579  
4.59295  6.07643  
0.450008  0.560037  
7.18491  8.21788  
0.454573  0.550008  
6.77852  7.40061  
0.267708  1.01033  
6.75118  5.72587  
0.450007  0.578819  
5.63039  7.09379  
0.896724  0.323072  
6.63758  5.3477  
0.247076  1.01063  
6.38857  5.08788  
8.19238  6.27665  
8.14621  7.83783  
7.44884  6.28783  
4.77806  6.17485  
4.30118  8.5081  
4.96203  4.30357  
7.38845  6.61702  
4.888  5.10904  
6.05586  6.97579  
4.48594  7.28029  
5.3152  7.7806  
4.56932  6.33513  
6.72531  5.96908  
5.44811  7.44703  
5.00031  6.54664  
6.48481  6.21895  
6.51016  4.84825  
6.54626  6.38789  
6.61591  7.48987  
6.00612  4.57348  
6.6098  7.01217  
6.28072  5.98642  
7.65608  7.08291  
6.92881  3.91047  
4.0244  6.76726  
7.24727  7.51637  
6.37152  8.93038  
5.77157  7.73646  
6.35379  4.66856  
6.9666  5.86907  
3.84567  5.91163  
5.04997  6.47892  
6.79189  6.04106  
7.00978  7.14849  
8.34255  7.35926  
7.75838  7.70404  
6.47569  5.0846  
6.6796  4.89258  
5.89208  5.91429  
5.18977  6.43108  
6.87479  6.97538  
6.79565  8.20878  
6.08606  7.0428  
6.79189  6.04106  
5.04997  6.47892  
0.899277  0.39124  
7.63239  5.0173  
4.76623  6.33513  
6.35947  6.25496  
5.47611  7.52207  
7.01788  5.83065  
7.64226  5.1749  
7.41927  6.58268  
0.890347  0.328109  
6.1524  7.52207  
5.83653  5.78699  
4.36038  5.45099  
6.7625  5.0327  
4.59295  6.07643  
0.450225  0.560387  
7.18369  6.86993  
7.74284  5.36981  
0.450014  0.550011  
0.46469  0.550009  
5.442  7.09313  
7.4638  6.36502  
7.60712  5.578  
6.02975  5.59985  
0.668757  0.550007  
5.94015  4.05628  
0.891096  0.314265  
0.890469  0.317415  
5.18938  7.74768  
0.318563  1.0102  
6.465  6.6549  
7.50391  4.20696  
0.45001  0.551563  
7.15238  7.48987  
7.37795  7.26613  
7.54861  5.12959  
5.42914  5.53543  
0.456773  0.550009  
5.63039  7.44016  
6.62672  6.26009  
4.04443  5.95003  
6.01498  7.06579  
7.36288  6.60737  
5.20241  5.5401  
0.245499  1.01061  
7.98681  7.97879  
0.252126  1.0102  
7.18491  8.21788  
0.243995  1.01143  
6.77852  7.40061  
0.46437  0.550007  
6.75118  5.72587  
0.450006  0.561777  
5.63039  7.09379  
4.61624  5.51897  
6.63758  5.3477  
0.450006  0.570112  
6.38857  5.08788  
8.19238  6.27665  
8.14621  7.83783  
7.44884  6.28783  
4.77806  6.17485  
4.30118  8.5081  
4.96203  4.30357  
7.38845  6.61702  
4.888  5.10904  
6.05586  6.97579  
4.48594  7.28029  
5.3152  7.7806  
4.56932  6.33513  
6.72531  5.96908  
5.44811  7.44703  
5.00031  6.54664  
6.48481  6.21895  
6.51016  4.84825  
6.54626  6.38789  
6.61591  7.48987  
6.00612  4.57348  
6.6098  7.01217  
6.28072  5.98642  
7.65608  7.08291  
6.92881  3.91047  
4.0244  6.76726  
7.24727  7.51637  
6.37152  8.93038  
5.77157  7.73646  
6.35379  4.66856  
6.9666  5.86907  
3.84567  5.91163  
