0.819124  1.29443  
1.64668  1.02036  
1.31126  0.931826  
0.716291  1.53711  
1.35193  1.15159  
1.13887  1.18968  
1.03855  1.28695  
0.837974  1.24718  
0.668295  1.37696  
1.34744  0.912558  
1.54901  1.0669  
1.48066  1.04174  
0.918778  1.09794  
1.36903  1.25045  
0.930333  1.38985  
1.51428  1.00354  
1.21768  1.749  
1.84019  1.27762  
1.55044  1.31165  
0.762358  1.3109  
1.48094  1.15399  
1.71783  0.884308  
1.75423  0.824862  
1.76957  1.16327  
1.93746  0.559657  
1.47981  0.786544  
0.407366  1.09385  
1.75907  1.50028  
0.75923  1.13632  
0.912077  1.3616  
2.07854  0.698922  
0.564209  1.62822  
0.632628  1.25468  
0.927155  0.936161  
0.855621  1.25629  
1.14076  1.21291  
2.27977  1.13156  
1.68549  1.3801  
1.38001  1.20734  
2.42368  0.964262  
0.981774  1.66278  
1.48669  0.69512  
0.727001  1.21223  
1.16173  1.14584  
1.84283  1.04559  
1.63068  1.71721  
1.46784  1.17203  
1.54238  0.609061  
1.74102  0.969287  
1.11217  1.34121  
1.17874  1.01863  
1.86924  1.20357  
1.04561  1.56711  
1.90501  1.18681  
1.75276  1.48201  
1.31846  0.791145  
0.523719  1.20704  
1.94735  0.938534  
1.33438  1.03019  
1.13283  0.8612  
1.80105  0.863716  
2.36174  1.16344  
0.872651  0.829913  
0.785133  1.2313  
2.69178  1.06799  
0.894491  1.54188  
0.996797  1.13515  
2.28625  1.24521  
2.21683  1.57253  
1.84384  0.905013  
0.649212  1.50321  
1.72491  0.967844  
1.08886  1.64806  
1.18425  1.26423  
0.706196  1.44844  
1.43709  0.781756  
1.54087  0.884886  
2.28115  0.530701  
1.67042  0.865461  
1.40426  1.19768  
1.35339  0.839093  
1.22328  1.31459  
1.5282  0.875487  
2.15869  0.462376  
1.2903  1.19989  
1.45527  0.599931  
1.20903  1.07097  
0.986416  1.2805  
1.72172  1.18058  
1.70569  1.15747  
1.41781  1.13121  
0.685273  1.43998  
1.14035  1.19064  
1.27404  1.00207  
1.68892  0.732232  
1.62415  1.22824  
1.29987  0.984214  
0.822919  1.2096  
1.10278  0.875509  
1.84649  0.877798  
1.23009  0.929528  
1.82103  1.324  
1.23242  1.23556  
0.565972  1.49838  
0.796419  1.49597  
1.22227  1.28631  
0.807077  1.57373  
1.62386  0.728544  
1.58233  0.555924  
2.4123  0.437377  
1.13076  1.3674  
0.715143  1.81143  
2.0591  0.94293  
1.75058  0.541568  
1.45214  0.746737  
2.30987  0.734802  
0.982934  1.58537  
1.61733  0.590184  
0.976049  1.10925  
1.79808  0.182888  
0.696277  1.43456  
0.863185  1.33907  
1.58233  0.555468  
0.900188  1.23401  
1.32437  0.854864  
1.02981  1.0364  
0.909566  1.13825  
0.851423  1.35646  
1.52361  0.856574  
1.34716  0.778808  
0.717624  1.35309  
1.14054  0.948856  
0.662971  1.4176  
0.566906  1.49455  
0.696926  1.2635  
0.425025  1.70623  
0.438451  1.66058  
0.54424  1.64847  
1.93984  0.636158  
1.41977  0.677171  
0.962952  0.411938  
1.44411  0.666782  
1.72201  1.19039  
0.657092  1.36354  
0.505946  0.288841  
1.58158  0.599738  
1.35484  0.04064  
1.62386  0.719727  
1.72122  1.16973  
0.816421  0.975136  
0.322168  1.70767  
0.955497  1.0834  
0.414435  1.72457  
1.33874  1.17389  
1.87736  0.454531  
1.91713  0.352747  
0.558607  1.49311  
0.890749  1.31292  
1.73709  0.600256  
1.48416  1.06938  
0.641002  1.37246  
1.88331  1.38613  
0.625206  1.55138  
2.1779  0.414213  
1.39416  0.784531  
2.02343  0.55874  
1.33158  1.03239  
0.960828  1.68572  
0.780927  1.35975  
1.24522  0.955404  
1.37037  1.29114  
1.1217  1.044  
1.38556  0.83967  
1.30183  1.29617  
1.08871  1.11405  
1.75273  0.537832  
0.682298  1.60671  
2.04262  0.997423  
1.52318  0.856574  
0.887236  1.40649  
0.80767  1.49093  
0.981314  1.36967  
1.69149  0.687902  
2.07382  1.07909  
1.2173  1.22276  
0.851837  1.6859  
1.53262  0.974508  
1.68011  0.866599  
0.982934  1.57217  
1.45195  1.06766  
2.00828  1.50045  
1.27655  1.41455  
1.88761  0.762106  
1.23242  1.21983  
0.960828  1.66705  
1.22665  1.28252  
0.882562  0.927369  
1.98187  0.698792  
0.80767  1.49401  
0.995239  1.93332  
1.87442  0.587496  
1.60614  1.06226  
0.748542  1.1262  
1.69513  0.593841  
0.266217  1.56601  
1.76928  0.855233  
1.5263  0.689591  
1.3022  0.929913  
1.28248  0.93286  
1.44728  0.671601  
0.884414  1.10352  
1.30746  0.799164  
0.579957  1.43214  
1.99669  0.50152  
1.30942  0.660153  
0.671155  1.06055  
0.817822  0.965424  
0.222028  1.5245  
1.87397  0.584163  
0.722913  0.940816  
1.35623  0.424461  
0.495476  0.981259  
1.09479  0.528957  
0.361583  1.17036  
1.19334  0.299302  
0.379559  1.1337  
0.889815  0.61958  
0.499017  0.294033  
0.382317  1.05943  
0.252204  1.34004  
0.630814  0.829399  
0.387844  1.14146  
1.69513  0.59361  
0.361826  1.14202  
0.393927  1.53116  
1.78962  0.189565  
0.648616  0.767362  
0.576464  0.965215  
0.732289  0.762964  
0.441177  0.975476  
0.962823  0.919326  
0.64257  0.575061  
0.251543  1.64511  
0.342728  0.975919  
0.263438  1.14758  
1.16224  0.400706  
0.531473  0.82995  
0.31106  1.05605  
1.4986  0.237264  
0.657463  0.991825  
1.01595  0.491548  
1.88509  0.0142348  
0.437321  0.858751  
0.0912143  1.20783  
0.754601  0.84365  
0.18458  1.81964  
0.992966  0.00370103  
0.126458  1.3689  
0.604941  1.10244  
0.497954  0.857048  
0.302871  1.19914  
1.78557  0.207434  
0.384517  1.00996  
1.28009  0.213615  
0.267896  1.17969  
0.32527  1.31178  
1.2318  0.488834  
0.464593  1.04186  
0.958787  0.756927  
0.862982  0.687767  
0.547604  1.04693  
0.625769  0.911928  
0.272323  1.48973  
1.79513  0.321573  
0.300174  1.30087  
0.558975  0.973709  
1.76928  0.855233  
1.6397  0.244118  
0.315612  1.31974  
1.23849  0.553487  
0.896298  0.76465  
1.24573  0.739489  
0.466926  1.15175  
1.4659  0.500627  
1.30565  0.658333  
0.634634  0.994872  
0.287867  1.51188  
1.55831  0.465821  
0.443062  1.21168  
1.58401  0.890405  
1.52562  0.487037  
0.822092  0.900522  
1.70593  0.330176  
0.469674  1.18524  
0.630472  1.05197  
1.02697  0.829219  
0.603474  1.0774  
0.991625  0.858568  
0.463809  1.28029  
0.566984  1.15382  
0.535782  0.714818  
1.04046  0.36901  
0.231004  1.09893  
0.74604  0.561432  
0.243549  1.05287  
0.749871  0.460825  
0.921533  0.366651  
0.310629  0.875573  
0.154029  1.38541  
0.811938  0.417417  
0.20459  1.12096  
1.22588  0.229364  
0.482915  0.648405  
0.293773  1.00836  
0.70842  0.489545  
0.198915  1.09082  
1.04913  0.267969  
1.10574  0.244051  
0.434675  0.759751  
0.785882  0.365933  
0.252488  0.910827  
0.157835  1.0433  
1.09461  0.217658  
0.281314  0.858563  
0.989086  0.249695  
0.125445  1.09235  
0.805274  0.303545  
1.09812  0.102695  
0.332355  0.724653  
1.31832  0.152838  
0.939285  0.202141  
0.428894  0.587468  
0.409883  0.611377  
0.627132  0.516419  
1.06305  0.18211  
0.0749016  1.14858  
0.260997  0.901044  
0.288824  0.809193  
0.00341849  1.33234  
0.388264  0.72088  
0.390246  0.588695  
0.896374  0.06902  
0.210999  0.930195  
0.202604  1.04245  
0.804013  0.232463  
0.288263  0.938171  
0.303019  0.660401  
0.307193  0.871874  
0.503968  0.611044  
0.513333  0.689984  
0.389433  0.662304  
0.398292  0.57912  
0.9931  0.00347741  
1.25972  0.121295  
0.288486  0.773459  
0.484619  0.304185  
0.213993  0.923129  
0.722872  0.38281  
1.45056  0.00328361  
0.0256825  0.887116  
0.932948  0.296099  
0.247791  0.818894  
0.659833  0.517849  
0.163713  0.947585  
0.249975  0.943015  
1.43865  0.00439081  
0.3998  0.672015  
1.1706  0.0295073  
0.279127  0.885811  
1.75916  0.289396  
0.248331  0.920062  
0.153605  1.25438  
0.321259  0.808252  
0.121739  1.14652  
0.70696  0.353942  
0.183298  1.09137  
0.648204  0.35244  
0.197197  1.02528  
0.129891  1.11983  
0.668171  0.526949  
0.0861123  1.23387  
0.991019  0.230756  
0.292626  0.838413  
1.88718  0.0928504  
0.440987  0.609938  
0.202709  0.985394  
1.1324  0.168194  
0.175483  1.10972  
0.364211  0.738362  
0.378447  0.635963  
0.690615  0.46329  
0.892835  0.326493  
0.351232  0.808184  
0.676765  0.507307  
0.65857  0.575869  
0.454852  0.660196  
0.561597  0.605335  
1.01808  0.279705  
1.15559  0.195872  
0.932163  0.336165  
0.642525  0.329581  
0.0428473  1.03051  
0.465155  0.417966  
0.678964  0.27464  
0.977025  0.10246  
0.0682044  0.934521  
0.57653  0.344903  
0.796612  0.189681  
1.23456  0.00576641  
0.409604  0.457153  
0.0104122  1.19455  
0.20155  0.691228  
0.877276  0.147633  
0.513905  0.370743  
0.0938325  0.823098  
0.713269  0.238847  
0.0222516  1.05352  
1.03813  0.00983633  
0.311878  0.539284  
0.350206  0.506383  
1.00572  0.00841825  
0.0342452  0.932416  
0.48418  0.348363  
0.362077  0.482431  
0.0699409  0.87125  
0.0152756  0.995403  
0.145098  0.697134  
0.142911  0.719587  
0.0970644  0.798848  
0.368726  0.4277  
0.1313  0.737017  
0.171259  0.677791  
0.256393  0.624984  
0.083794  0.810416  
0.00750503  1.01788  
0.283612  0.575145  
0.808568  0.100841  
0.203076  0.635263  
0.622661  0.213749  
0.0701667  0.864401  
0.781253  0.119225  
0.269841  0.515635  
0.180674  0.669052  
1.26699  3.01696e-06  
1.08222  5.9128e-06  
0.432148  0.34452  
0.311718  0.441784  
0.0584375  0.877874  
0.238276  0.613747  
0.583179  0.236611  
0.45429  0.410729  
0.993182  0.00342458  
0.0779145  0.872865  
0.667047  0.183444  
0.387705  0.397196  
0.228799  0.561265  
0.105326  0.762517  
0.0150402  0.880957  
0.544805  0.262347  
0.933952  0.0977401  
0.495312  0.302082  
0.111898  0.777692  
0.831054  0.088501  
0.941509  0.0920282  
0.259865  0.565277  
0.065575  0.895852  
0.721153  0.209175  
0.00655314  1.08382  
0.120923  0.766452  
0.184128  0.68989  
0.869855  0.110978  
0.851853  0.178278  
1.09681  1.98663e-05  
0.171597  0.694647  
0.633588  0.296252  
0.0880746  0.812332  
0.403367  0.448812  
0.764203  0.186971  
0.203505  0.673173  
0.32341  0.518577  
0.460275  0.378316  
0.00303058  1.05215  
0.100666  0.802385  
0.671891  0.267983  
0.212721  0.661554  
0.572578  0.34293  
0.296393  0.537905  
0.706653  0.227744  
0.188785  0.677807  
0.133668  0.736847  
0.44474  0.42534  
0.16476  0.720717  
0.35082  0.496491  
0.797648  0.183868  
0.39577  0.456342  
0.131385  0.762371  
0.760241  0.193293  
0.345242  0.510335  
0.928938  0.104486  
0.730478  0.208178  
0.472344  0.312882  
0.27141  0.479414  
0.135014  0.632617  
0.128349  0.642005  
0.836834  0.0852597  
0.216792  0.534408  
0.331461  0.42557  
0.0684653  0.739066  
0.106171  0.674555  
0.0620791  0.751415  
0.190779  0.563587  
1.00001  7.43446e-07  
0.343576  0.413867  
0.202432  0.55086  
0.353942  0.406797  
0.778398  0.117742  
0.440357  0.336418  
0.406341  0.363551  
0.240169  0.509977  
0.206981  0.545257  
0.808525  0.100822  
0.571411  0.244187  
0.02974  0.828055  
0.0268658  0.836415  
0.150456  0.613267  
0.185055  0.570504  
0.222769  0.528349  
0.229592  0.521292  
0.625727  0.209379  
0.392202  0.373916  
0.00111221  0.967403  
0.311668  0.441736  
0.170313  0.587524  
0.124962  0.64687  
0.281719  0.469466  
0.649183  0.195638  
0.791156  0.110546  
0.0336856  0.816736  
0.645295  0.196773  
0.318784  0.435567  
0.67869  0.176265  
0.541694  0.264013  
0.562287  0.250158  
0.098217  0.687184  
0.180735  0.575399  
0.0166793  0.870882  
0.0723695  0.731791  
0.251301  0.499039  
0.0455926  0.78755  
0.366973  0.395383  
0.325257  0.429878  
0.455156  0.32596  
0.0835694  0.711655  
0.488444  0.30127  
0.264264  0.485976  
0.825657  0.0913979  
0.0795554  0.718168  
0.00540206  0.927057  
0.115983  0.660095  
0.967259  0.0165923  
0.16497  0.594117  
0.762733  0.126675  
0.155529  0.606106  
0.304918  0.448394  
0.426983  0.346752  
0.17466  0.582205  
0.979043  0.0105901  
0.504284  0.289979  
0.618608  0.213495  
0.0134721  0.885122  
0.0518337  0.772963  
0.110881  0.668533  
0.0880281  0.704055  
0.0394248  0.801801  
0.0926601  0.696338  
0.0578289  0.759928  
0.144177  0.620823  
0.363194  0.398361  
0.065091  0.745077  
0.413908  0.356889  
0.52124  0.278072  
0.0223099  0.85092  
0.288393  0.463042  
0.462988  0.319657  
0.819016  0.0950182  
0.194918  0.558658  
0.582818  0.23659  
0.256818  0.493949  
0.0106929  0.896977  
0.448166  0.332482  
0.00778369  0.91243  
0.376721  0.386253  
0.538398  0.267601  
2.76455e-05  0.997712  
0.598289  0.226627  
0.299928  0.452943  
0.275406  0.475574  
0.558774  0.253007  
0.0198368  0.859689  
0.990851  0.00460195  
0.264244  0.485957  
0.352289  0.406468  
0.130627  0.638595  
0.221869  0.528983  
0.0510206  0.774134  
0.104555  0.676663  
0.0857747  0.707159  
0.427256  0.346359  
0.79131  0.110447  
0.416251  0.354836  
0.826112  0.0911038  
0.117039  0.657931  
0.641984  0.198768  
0.338374  0.418314  
0.582807  0.236588  
0.311664  0.441734  
0.155415  0.605778  
0.161658  0.597959  
0.174568  0.582194  
0.454903  0.32554  
0.404409  0.36409  
0.331607  0.424165  
0.515206  0.282252  
0.149369  0.61353  
0.39252  0.373495  
1.18326e-06  0.999738  
0.187164  0.567388  
0.056699  0.761923  
0.654364  0.191304  
0.360183  0.399863  
0.990843  0.00459426  
0.979023  0.0105483  
0.55844  0.252724  
0.280063  0.470811  
0.201818  0.550772  
0.599228  0.225913  
0.0195508  0.86046  
0.778392  0.117737  
0.23832  0.511837  
0.00942187  0.902974  
0.438196  0.338087  
0.0352155  0.812362  
0.0741417  0.727722  
0.214923  0.53642  
0.180635  0.575001  
0.474577  0.311121  
0.208179  0.543749  
0.807955  0.101143  
0.531896  0.270696  
0.0623248  0.750364  
0.762909  0.126565  
0.965456  0.0175137  
0.488825  0.300857  
0.571075  0.24431  
0.344947  0.412684  
0.325181  0.429758  
0.616682  0.214724  
0.6277  0.20776  
0.288272  0.463093  
0.247196  0.50282  
0.0162559  0.872631  
0.318724  0.435452  
0.749759  0.134162  
0.000955561  0.96917  
0.142408  0.622655  
0.136076  0.631122  
0.193682  0.559916  
1  2.4024e-07  
0.446859  0.331537  
0.369158  0.392434  
0.0125191  0.888166  
0.544219  0.262396  
0.12396  0.647942  
0.111043  0.666777  
0.304287  0.448389  
0.0451087  0.787643  
0.255734  0.494317  
0.027421  0.834519  
0.0680629  0.739121  
0.271894  0.47858  
0.838062  0.0845533  
0.0798748  0.717386  
0.504189  0.289946  
0.168386  0.589658  
0.032028  0.821404  
0.0920902  0.696561  
0.3809  0.382881  
0.230498  0.519928  
0.745078  0.137318  
0.295455  0.456464  
0.691308  0.168666  
0.0230632  0.848169  
0.0979536  0.687042  
0.00627156  0.920888  
0.463501  0.319209  
0.00339543  0.941839  
0.523413  0.276566  
0.674865  0.178508  
0.0402832  0.799403  
0.819004  0.0950133  
0.00900638  0.905109  
0.00112934  0.966409  
0.271986  0.478481  
0.513948  0.283114  
0.208458  0.543432  
0.280056  0.470801  
0.463723  0.319031  
0.0344952  0.814316  
0.531894  0.270692  
0.544324  0.262223  
0.123954  0.647932  
0.454901  0.325539  
0.247126  0.502884  
0.392514  0.373492  
0.616466  0.214853  
0.628039  0.207537  
0.29665  0.455351  
0.136139  0.631032  
0.0566876  0.761916  
0.438157  0.338072  
0.503799  0.290219  
0.345697  0.412059  
0.00332652  0.942392  
0.446656  0.331682  
0.778391  0.117737  
0.655381  0.190456  
0.474571  0.31111  
0.990746  0.00464083  
0.130104  0.63932  
0.110838  0.667107  
0.3316  0.424158  
0.404399  0.364081  
0.148918  0.614193  
0.0979483  0.687038  
0.311547  0.441838  
0.304284  0.448383  
0.807953  0.101139  
0.523391  0.276546  
0.221867  0.528975  
0.142574  0.622414  
0.762905  0.126558  
0.599222  0.225908  
0.174565  0.582193  
0.842578  0.0829765  
0.194644  0.558821  
0.0127374  0.887162  
0.0267068  0.83668  
0.045314  0.787148  
0.31872  0.435449  
0.381093  0.382683  
0.325179  0.429757  
0.0305369  0.825368  
0.016085  0.873189  
0.104551  0.676661  
0.571073  0.244307  
0.0798734  0.717385  
0.0396247  0.800996  
0.352912  0.405945  
0.23831  0.511834  
0.0863891  0.70611  
0.791308  0.110446  
0.0920859  0.696546  
0.161645  0.597951  
0.201372  0.551258  
0.370687  0.391178  
0.0627724  0.749563  
0.0744469  0.727204  
0.00607635  0.922079  
0.0685592  0.738168  
0.338372  0.418308  
0.64198  0.198765  
0.3615  0.398766  
0.58358  0.236093  
0.230651  0.51976  
0.416248  0.354828  
0.818893  0.095075  
0.117601  0.657077  
0.180993  0.574572  
0.488816  0.300848  
0.694389  0.166746  
0.168423  0.589616  
0.216134  0.535128  
1  2.22966e-07  
0.187162  0.567381  
0.0516536  0.772833  
0.288271  0.463092  
6.61445e-07  0.999709  
0.255727  0.494309  
0.264043  0.486151  
0.737379  0.141638  
0.0193103  0.86106  
0.964904  0.017728  
0.979023  0.0105448  
0.674858  0.178504  
0.155414  0.605777  
0.0219963  0.851746  
0.558438  0.252716  
0.749712  0.134143  
0.826837  0.0907273  
0.427252  0.346358  
0.155054  0.606232  
0.0860832  0.706607  
0.231119  0.519258  
0.296374  0.455608  
0.0221096  0.851364  
0.311853  0.441565  
0.168138  0.589958  
0.338571  0.418135  
0.791308  0.110446  
0.1176  0.657074  
0.00570491  0.924514  
0.255726  0.494308  
0.239039  0.511089  
0.0353749  0.811979  
1  1.90823e-07  
0.0157394  0.875168  
0.28827  0.463092  
0.0402648  0.799385  
0.404398  0.364081  
0.656933  0.189561  
0.463813  0.318964  
0.280054  0.470801  
0.474804  0.310942  
0.00103831  0.967829  
0.826823  0.0907049  
0.778391  0.117736  
0.303981  0.448657  
0.599222  0.225907  
0.361494  0.398759  
0.00304683  0.944825  
0.148408  0.614781  
0.583808  0.235931  
0.558438  0.252714  
0.345669  0.412069  
0.20886  0.542991  
0.762904  0.126557  
0.018867  0.862649  
0.807527  0.10138  
0.674858  0.178503  
0.488816  0.300847  
0.0311582  0.823619  
0.42725  0.346357  
0.174564  0.582193  
0.727401  0.147346  
0.694621  0.166572  
0.446654  0.33168  
0.0920851  0.696545  
0.10455  0.67666  
0.0266795  0.836731  
0.615534  0.215492  
0.959955  0.0202805  
0.216115  0.535121  
0.818892  0.095074  
0.223622  0.52712  
0.842067  0.0823706  
0.00845947  0.908067  
0.0507747  0.774676  
0.352907  0.405944  
0.161644  0.597951  
0.4549  0.325538  
0.247126  0.502884  
0.32224  0.432394  
0.381089  0.38268  
0.438061  0.33814  
0.990683  0.0046736  
0.331484  0.424256  
0.0682843  0.738781  
0.416248  0.354828  
0.201371  0.551258  
0.5136  0.283349  
2.21106e-07  0.999709  
0.544323  0.262219  
0.0802271  0.716789  
0.123064  0.649201  
0.271986  0.478478  
0.52339  0.276543  
0.180991  0.574571  
0.0117339  0.891767  
0.098167  0.686703  
0.110833  0.667087  
0.749712  0.134142  
0.370674  0.391172  
0.392514  0.373491  
0.074427  0.727196  
0.0560187  0.763356  
0.628412  0.207288  
0.264042  0.486151  
0.0453109  0.78714  
0.571073  0.244307  
0.641979  0.198765  
0.979023  0.0105448  
0.128589  0.641431  
0.142411  0.622629  
0.503546  0.290397  
0.737112  0.141453  
0.532121  0.270537  
0.194571  0.5589  
0.0616262  0.751916  
0.188002  0.566416  
0.136422  0.630681  
0.488816  0.300847  
0.641979  0.198764  
0.674858  0.178503  
0.0116616  0.892018  
0.147645  0.615803  
0.392514  0.373491  
0.464733  0.318292  
0.0637615  0.747529  
0.371193  0.390747  
0.956393  0.0221717  
0.20137  0.551257  
0.532559  0.270241  
0.321428  0.433065  
0.28827  0.463092  
0.337812  0.4188  
0.502819  0.290927  
0.599221  0.225907  
0.247125  0.502883  
0.0753926  0.725673  
0.296061  0.45589  
0.312559  0.44094  
0.807447  0.101422  
0.135807  0.631489  
0.026387  0.837587  
0.153662  0.608015  
0.223621  0.527117  
0.558438  0.252713  
0.0225051  0.850019  
0.0348285  0.813394  
0.0396449  0.801056  
0.345668  0.412067  
0.168136  0.589957  
0.426573  0.346889  
0.175169  0.581474  
0.00550455  0.925818  
1.65349e-07  0.99971  
0.160602  0.599256  
0.264042  0.48615  
1  5.82101e-08  
0.05086  0.774523  
0.0864475  0.705985  
0.978726  0.0107142  
0.0150573  0.877315  
0.105704  0.674888  
0.208792  0.543063  
0.188  0.566414  
0.791402  0.110394  
0.826822  0.0907035  
0.239037  0.511088  
0.361733  0.39856  
0.353525  0.405446  
0.414563  0.356173  
0.0455584  0.786578  
0.00839411  0.908483  
0.818892  0.0950739  
0.216115  0.53512  
0.7236  0.149807  
0.303981  0.448656  
0.584008  0.2358  
0.181725  0.573713  
0.123062  0.6492  
0.092826  0.695329  
0.0995413  0.684541  
0.0806434  0.716055  
0.694615  0.166567  
0.117007  0.657939  
0.0684409  0.7384  
0.381088  0.382677  
0.12974  0.639828  
0.14241  0.622628  
0.737111  0.14145  
0.437017  0.338945  
0.4549  0.325538  
0.656905  0.189508  
0.000876639  0.970419  
0.544928  0.261816  
0.749721  0.134136  
0.513596  0.283345  
0.99068  0.00467146  
0.0304916  0.825389  
0.475342  0.310557  
0.271986  0.478478  
0.280053  0.470801  
0.330023  0.425536  
0.404219  0.364221  
0.0574058  0.760579  
0.614934  0.215864  
0.00299896  0.945273  
0.763124  0.126436  
0.11141  0.66622  
0.0190928  0.861845  
0.778391  0.117736  
0.446464  0.331822  
0.84423  0.0819941  
0.194571  0.558899  
0.571072  0.244307  
0.231118  0.519256  
0.523163  0.276704  
0.255722  0.494311  
0.628406  0.207283  
0.247323  0.502685  
0.4549  0.325538  
0.371192  0.390747  
0.523163  0.276702  
0.475409  0.310504  
0.194702  0.558751  
0.0195177  0.860359  
0.532795  0.270077  
1  4.33675e-08  
0.436563  0.339283  
0.0278134  0.833249  
0.231117  0.519255  
0.99068  0.00467139  
0.843774  0.0814353  
0.321422  0.433061  
0.791401  0.110394  
0.175125  0.581522  
0.0573303  0.760662  
0.337804  0.418796  
0.0925193  0.695863  
0.73711  0.141449  
0.345667  0.412067  
0.641979  0.198764  
0.353805  0.405191  
0.426565  0.346883  
0.0993215  0.684862  
0.153938  0.607656  
0.720571  0.151419  
0.0799061  0.717625  
0.38182  0.382088  
0.11141  0.666219  
0.116815  0.658219  
0.0236308  0.846299  
0.0697118  0.735974  
0.414982  0.355821  
0.16807  0.590037  
0.61463  0.216025  
0.000977596  0.968791  
0.216149  0.535082  
0.182745  0.572544  
0.464732  0.318289  
0.749721  0.134136  
0.287838  0.463504  
0.571072  0.244307  
0.599221  0.225907  
0.0116917  0.891895  
0.778369  0.117749  
0.954518  0.0230247  
0.00322169  0.943288  
0.0420039  0.795068  
0.329749  0.425767  
0.312556  0.440936  
0.446356  0.331903  
0.763122  0.126433  
0.105229  0.675613  
0.160599  0.599255  
0.0748821  0.726362  
0.135707  0.631618  
0.0637516  0.747515  
0.675103  0.178355  
0.0463768  0.784672  
0.188479  0.565862  
0.818892  0.0950739  
0.129735  0.639815  
0.22362  0.527117  
0.807446  0.101421  
0.208792  0.543063  
0.513596  0.283345  
0.502807  0.290915  
0.558336  0.252783  
0.488815  0.300847  
0.141395  0.623981  
0.392675  0.373363  
0.657343  0.189242  
0.584544  0.235461  
0.304073  0.448573  
0.280053  0.4708  
0.271986  0.478478  
0.828213  0.0899926  
0.201796  0.550785  
0.362164  0.398209  
0.015529  0.875415  
0.694614  0.166565  
0.00620709  0.9217  
0.239037  0.511087  
0.263898  0.486291  
0.255722  0.494311  
0.0323553  0.820137  
0.978586  0.0107689  
0.123062  0.6492  
0.0370159  0.807617  
0.0851149  0.708543  
0.00882271  0.906095  
0.0519468  0.772206  
0.147631  0.615777  
0.628405  0.207281  
0.544922  0.261813  
0.404218  0.36422  
1.40192e-07  0.999708  
0.29598  0.455962  
