0.716905  3.52589  
1.30551  3.12736  
3.69713  0.35372  
3.7635  0.607853  
0.917887  3.52758  
2.26643  2.46592  
2.96239  1.18743  
0.799487  4.47728  
1.03575  4.55149  
2.46418  1.699  
4.28051  1.02658  
4.64624  0.409875  
3.31357  0.981863  
4.06301  0.423926  
2.01659  3.06288  
2.92638  1.17926  
4.90287  0.502021  
1.53406  2.70831  
1.58364  2.7964  
3.92174  0.598332  
1.50196  3.86083  
0.447551  4.1022  
4.71685  0.240325  
1.67108  2.19978  
2.81539  1.36683  
4.62359  1.07849  
2.32308  1.74595  
1.61714  2.78668  
2.48484  1.3938  
0.2597  4.6143  
1.48239  3.89175  
3.27524  1.04529  
3.80873  0.733907  
2.1143  1.63582  
2.42375  0.989017  
2.58286  1.19502  
1.19666  2.59681  
2.88408  0.812878  
1.72372  3.36028  
2.68853  0.855019  
2.81436  1.80499  
2.27286  2.02578  
0.75214  3.68243  
3.01942  1.09412  
4.20022  0.0159407  
2.61546  1.06025  
4.98103  0.0483035  
1.25042  3.24488  
1.10314  4.0555  
3.09955  0.91677  
1.98317  1.67078  
3.0166  1.32604  
0.848864  4.49805  
3.64526  0.0695333  
3.89143  0.628198  
0.602089  3.10884  
0.642072  3.87903  
2.61309  1.53828  
4.24453  0.0035719  
4.43157  0.571509  
2.35537  2.05476  
3.22749  0.932182  
2.20559  1.9602  
2.66842  1.54487  
0.812804  4.00094  
1.43573  3.45263  
2.84636  1.45413  
1.39018  4.01278  
0.427143  3.82137  
4.13477  0.222263  
1.74379  1.54508  
0.921013  3.65727  
3.83806  0.695784  
1.45492  2.51264  
2.18295  1.76282  
0.210513  4.7556  
1.08875  3.25793  
4.70315  0.594534  
0.909152  3.33252  
2.91455  0.866536  
0.866697  4.65225  
4.18729  0.779069  
3.69912  0.141335  
3.10076  1.16924  
2.07577  2.28511  
2.29262  1.30818  
0.31038  4.91227  
0.709471  4.15654  
2.81227  0.930893  
1.13355  2.56281  
0.513865  4.11279  
4.2179  1.01771  
0.535175  4.19472  
2.67796  1.82012  
5.17656  0.120009  
1.74153  3.58698  
5.17499  0.109599  
2.14885  1.25808  
4.06917  1.01679  
1.91743  1.54519  
1.59086  0.503428  
0.045865  5.88209  
2.7153  0.885971  
2.62634  0.856307  
5.59254  0.592855  
2.49574  0.762892  
2.25713  0.731498  
2.08623  0.55552  
2.0808  0.531052  
1.9497  0.564303  
5.20352  0.408402  
5.6593  0.21149  
5.98011  0.105077  
1.70205  0.451097  
0.308834  5.3764  
5.57052  0.273617  
0.995114  5.28963  
1.12011  5.22185  
0.0930209  5.38508  
4.68242  1.07197e-09  
0.381427  3.87232  
4.38356  0.0954447  
0.543649  4.05023  
0.955991  4.0425  
0.927004  3.61805  
0.116801  4.09431  
1.19153  0.316065  
0.0333132  4.83621  
1.2666e-19  4.95864  
1.15877  0.307375  
0.955453  3.68267  
1.19036e-19  4.66015  
5.534  3.03758e-12  
0.333526  4.08685  
5.85095  0.0230283  
3.7722  0.113128  
0.106122  4.87647  
0.600684  3.97131  
0.084685  4.42098  
0.164504  4.48799  
5.65234  0.332404  
4.58095  9.40073e-12  
4.79207  2.34677e-11  
0.629018  3.82398  
0.966529  3.54929  
1.15739e-19  4.53109  
3.39538e-12  4.44158  
1.69952  5.66054e-16  
0.000698887  4.31988  
1.01053  3.40115  
1.08105  3.83785  
3.24814e-18  4.44784  
5.85244  2.22059e-11  
6.83121e-18  4.426  
0.376755  4.52269  
0.00579594  1.1015  
0.14568  5.07058  
3.23507  0.0780079  
1.21665  0.323968  
0.865194  0.229501  
3.23617e-18  4.43144  
3.7971  4.59124e-11  
0.650348  3.62611  
5.82675  1.21888e-06  
0.885176  3.587  
5.32641  2.021e-11  
4.85149  0.00659739  
5.6311  0.0542439  
0.560919  4.18567  
0.000611768  5.1572  
1.57033  0.402847  
4.58738  0.225326  
5.08162  2.93515e-06  
0.012424  5.07719  
0.0737815  4.96109  
0.455288  4.50897  
2.79456e-10  5.24138  
5.59167  1.42692e-10  
5.2475  1.09771e-06  
1.36477e-19  5.34297  
0.119871  5.09009  
2.29498  0.586436  
5.0399  0.0350089  
4.98935  0.0418404  
0.0110769  5.30723  
0.726232  4.65517  
0.265843  5.33255  
1.10098  4.33548  
5.37657  2.09664e-06  
0.836584  4.4758  
0.00422686  5.55193  
5.86543  2.28727e-06  
1.12034  0.285929  
5.32171  0.0169279  
1.44764  0.384001  
0.041599  5.33497  
5.30979  0.0368837  
4.4823  2.8345e-09  
1.10909  4.13121  
0.915449  4.61566  
1.5088  0.400111  
4.24514  1.91516e-08  
0.275481  4.05475  
4.19505  0.000868349  
0.000493026  4.07039  
1.22024  0.32359  
3.3318  0.0546505  
0.375996  3.33988  
3.67837  0.000761399  
0.000474823  3.92011  
0.995188  0.26388  
3.5643  0.00283095  
5.10343e-19  5.02211  
0.422381  3.14533  
3.67817  0  
0.197255  3.64431  
0.447391  3.10913  
0.363663  3.20016  
3.0063  0.00520197  
0.607957  2.373  
0.783318  2.14121  
2.72706  0.24215  
0.806453  2.12839  
2.85025  0.0862547  
4.21767  4.9916e-12  
0.00383493  1.10496  
2.9178  0.0151398  
2.77832  0.217151  
0.212002  2.78725  
0.655777  2.24243  
0.417579  2.49042  
0.861963  2.02887  
0.232334  2.71444  
3.04615  0  
3.12583  1.72758e-05  
0.621483  2.27824  
0.573061  2.46741  
2.93334  1.32335e-08  
0.000466106  3.84814  
1.19011  1.82516e-05  
2.83479  0.0891062  
2.77907  0.144692  
0.96311  2.6572  
3.41182  0  
2.76052  0.241532  
2.99346  3.54275e-12  
3.42864e-17  3.07213  
0.831111  0.220398  
2.90218  0.0410244  
0.35269  2.58766  
2.88651  0.0839343  
3.01832  0  
0.944792  0.250544  
0.0165045  2.95275  
2.76285  0.123615  
2.90907  0.0907757  
0  2.91835  
2.88693  0.0664163  
2.96209  6.23848e-05  
0.516186  2.37569  
0.839757  2.07026  
0.284767  2.65437  
0.739763  2.14452  
0.363365  2.5563  
0.839256  2.11767  
2.99059  1.65283e-05  
0.722008  2.62592  
3.01831  7.65134e-06  
0  3.07305  
0.948279  0.251146  
0.49673  2.52831  
0.265345  2.74171  
2.98017  0.00262647  
0  3.16524  
0.775855  2.19969  
2.98958  0.0045374  
0.840628  2.44519  
0.431821  2.56553  
0.136724  3.00575  
0.0752225  2.81832  
0.693858  2.3393  
1.00205  0.250769  
2.86565  0.104248  
0.390335  2.69912  
3.22677e-16  2.91799  
0.258831  2.76055  
2.80824  0.136713  
3.07872  0.000637276  
2.78007  0.162489  
0  3.60521  
0.966091  0.254639  
0.00626645  3.21653  
0.35621  2.78128  
2.81095  0.138965  
0.296871  3.01246  
3.60095e-19  3.54357  
3.42416  0  
3.30158  0.00246458  
2.98766  0.124933  
0.967281  0.256507  
2.46716  0.0189381  
0  3.59495  
0.634192  2.51051  
1.24539  0.330203  
2.57175  5.71042e-16  
3.2702  0  
2.20357  0.167146  
0.474033  2.89459  
2.28277  0.0756008  
2.53413  1.12538e-15  
0.0362085  3.24525  
2.20685  0.0946743  
0.755561  2.00833  
0.570757  2.25255  
2.3895  0.00788504  
0.235545  2.95092  
1.06292  0.281869  
2.50361  0  
0.0274622  3.11052  
2.06529  0.181258  
1.93804  0.157074  
0.145126  2.69264  
0.400444  1.96647  
0  2.90199  
2.09965  5.51523e-05  
0.272285  2.18361  
0.937054  0.248492  
1.98261  0.119008  
0.0793743  1.12072  
2.30793  0  
1.97401  0.13712  
0.262777  1.95487  
0.065167  2.30891  
0.0924637  2.57288  
2.0044  0.0821493  
1.98653  0.104659  
0.0319026  2.85932  
0.897445  1.23486  
0.640281  1.92635  
0.805273  0.213545  
0  2.5734  
2.48639  0  
2.11593  1.64441e-15  
2.06764  0.0108104  
1.02023  7.91747e-14  
2.17869  0.00433913  
0  2.40184  
0  3.324  
2.04506  0.121882  
2.1206  0  
0.0761229  2.18542  
0.50395  2.42714  
2.11303  0  
0.205452  1.96201  
1.88089  0.156694  
2.03766  4.00073e-05  
0.214676  2.44978  
0.780461  1.53299  
0.909653  1.37135  
2.27309  0.000223995  
0.0436077  2.99681  
0.547927  1.32238  
0.402819  1.97813  
0.156921  2.21563  
0.34527  2.16865  
0.025822  2.92475  
0.361881  1.83066  
2.23245  4.95704e-16  
1.13092e-06  2.53711  
0.965542  0.241633  
2.06388  0.0209841  
2.02168  0.100054  
0  3.15163  
1.89916  0.220171  
0.837899  1.3261  
0.0847953  2.76312  
0.93912  0.249042  
2.05217  0.0709772  
0.325902  2.19598  
2.13574  3.06352e-13  
0.0919415  2.68014  
0.150081  2.93656  
0.0185966  2.9262  
2.06829  0.0438422  
2.36173  5.2441e-16  
0  2.99906  
0.931303  0.246927  
0.099433  2.76411  
2.03049  0.1962  
0.842998  1.96776  
2.1141  0.0384165  
2.06175  0.0812321  
0.941593  0.249375  
0.333174  2.42499  
0.580985  2.00757  
0.00300161  3.13074  
2.08153  0.0471462  
2.36916  4.6516e-05  
0.538681  2.11762  
0.252902  2.86426  
0.382023  1.62146  
0.940329  0.946287  
0.0336264  2.20235  
0.602069  1.28838  
1.90554  0.0091099  
0.228555  1.78067  
1.15689  0.306783  
0.328948  1.57791  
0.469091  1.48509  
1.6826  0.21713  
1.86634  0.0421231  
1.9868  0.000485864  
1.79805  0.116017  
0.893128  0.932182  
0.126803  1.80564  
0.418536  1.50427  
1.74017  0.158881  
0.198718  1.71006  
1.39858  0.0495496  
0.00507542  2.39232  
0.0363579  1.43598  
0.68335  0.785272  
1.37567  0.0783805  
2.20692  0  
0.338096  1.11188  
0.965542  0.241633  
0.0903466  1.37201  
0.41876  1.04183  
1.4219  0.0257197  
1.23378  0.195104  
0.156959  1.2819  
1.27171  0.158465  
1.34603  0.107981  
1.17465  0.222285  
0.560882  0.918884  
0.268291  1.1463  
0.684987  0.878457  
0.460939  0.996587  
1.37544  0.088749  
0  2.41899  
0.0540954  1.3935  
0.350557  1.08437  
1.42694  0.0278465  
0.927866  0.246065  
0.303259  1.58687  
0.549318  1.28706  
1.32717  0.121173  
0  1.44977  
1.38731  0.0584613  
0  1.68969  
0.803013  0.212942  
0  1.02138  
0.297322  1.62656  
0.511286  0.943352  
1.85552  0.00878256  
0.491751  0.969994  
0.370685  0.632781  
1.45593  0  
1.00256  0  
0.382166  1.06033  
0.124192  1.30675  
0.707273  0.711754  
1.25568  0.178019  
0.64741  0.802324  
0.425137  1.0397  
0.393629  1.2392  
0.202707  1.20975  
1.84746  0.0246759  
0.715902  1.18276  
1.44273  0.0119167  
0.928173  0.246071  
0.0841159  1.38568  
0.512132  1.30554  
1.38669  0.0742592  
1.42008  0.0328019  
0.0773701  1.45342  
1.44355  0.0168578  
0.0309925  1.9091  
0.563061  0.922717  
0.786265  0.904891  
0.00338497  1.59552  
0.717041  0.744874  
0.938457  0.248498  
1.59822  0  
0.929807  0.24663  
0  1.74595  
0.0423677  1.43197  
1.45404  0.0262855  
0.593367  1.07214  
0.198521  1.57594  
1.93137  0  
0.833272  1.03266  
0.412129  1.47798  
0.471191  1.44282  
1.89903  0.00191896  
0.410214  1.51074  
0.445793  1.4751  
1.91711  0.000468821  
0.549706  1.28797  
1.89934  0.00401644  
0.499422  0.500613  
0.389434  0.610607  
0.937572  0.062492  
0.335137  0.664915  
0.257226  0.742828  
0.854961  0.145118  
0.412218  0.58785  
0.492171  0.507872  
0.446058  0.553986  
0.968713  0.0313416  
0.108993  0.891072  
0.152113  0.847914  
0.825443  0.174586  
0.194337  0.805713  
0.358139  0.641917  
0.0223361  0.977711  
0.178775  0.821276  
0.22659  0.773445  
0.463098  0.536944  
0.800092  0.199971  
0.280573  0.719465  
0.86262  0.137439  
0.438221  0.561844  
0.311482  0.688554  
0.138976  0.861096  
0.0547277  0.945319  
0.873242  0.126812  
0.880261  0.11978  
0.0471005  0.95296  
0.949462  0.0506117  
0.812697  0.187351  
0.116127  0.883899  
0.218073  0.781968  
0.085495  0.914557  
0.343251  0.656792  
0.892593  0.107474  
0.942416  0.0576293  
0.0389584  0.961092  
0.00657427  0.993464  
0  1.00007  
0.924665  0.0753834  
0.477993  0.52207  
0.913143  0.0868852  
0.123909  0.876129  
0.397608  0.602455  
0.147456  0.852597  
0.867911  0.132155  
0.0150874  0.984997  
0.287816  0.712243  
0.485717  0.514316  
0.240682  0.759371  
0.468851  0.531189  
0.962878  0.0371606  
0.233073  0.766962  
0.373656  0.626382  
0.0622198  0.937848  
0.918789  0.0812787  
0.32004  0.680012  
0.806097  0.193943  
0.350273  0.649798  
0.421801  0.578247  
0.295695  0.704355  
0.993322  0.00672152  
0.272338  0.727705  
0.849654  0.150402  
0.837959  0.162073  
0.405476  0.594567  
0.101031  0.899015  
0.186922  0.813127  
0.92835  0.0717143  
0.900155  0.0998944  
0.98699  0.0130495  
0.202293  0.79774  
0.843888  0.156158  
1.00005  0  
0.974503  0.0255385  
0.13178  0.868289  
0.0306174  0.969424  
0.366344  0.633714  
0.0705644  0.929502  
0.0773219  0.922722  
0.163137  0.836915  
0.831061  0.168984  
0.88683  0.113215  
0.819509  0.180526  
0.303741  0.696318  
0.416449  0.583621  
0.170553  0.829503  
0.210503  0.789556  
0.956224  0.0438156  
0.381462  0.618611  
0.454905  0.545135  
0.249109  0.750939  
0.980564  0.019485  
0.156066  0.843989  
0.0931883  0.906876  
0.264719  0.735346  
0.430886  0.56914  
0.327964  0.672089  
0.907075  0.0929633  
0.895729  0.104271  
0.00728208  0.992718  
0.471437  0.528563  
0.186066  0.813934  
0.92379  0.0762096  
0.332997  0.667003  
0.014699  0.985301  
0.156953  0.843047  
0.478339  0.521661  
0.463979  0.536021  
0.279331  0.720669  
0.815024  0.184976  
0.119013  0.880987  
0.193273  0.806727  
0.373545  0.626455  
0.102791  0.897209  
0.201494  0.798506  
0.99153  0.00847001  
0.423878  0.576122  
0.379551  0.620449  
0.148955  0.851045  
0.85401  0.145991  
0.312364  0.687636  
0.295056  0.704944  
0.233998  0.766002  
0.902831  0.0971691  
0.228384  0.771616  
0.0950806  0.904919  
0.881662  0.118338  
0.28692  0.71308  
0.171376  0.828624  
0.360981  0.639019  
0.0358517  0.964148  
0.952914  0.0470863  
0.267333  0.732667  
0.874708  0.125292  
0.0294674  0.970533  
0.207698  0.792302  
0.499997  0.500003  
0.416774  0.583226  
0.343668  0.656332  
0.430542  0.569458  
0.438  0.562  
0.127107  0.872893  
0.319315  0.680685  
0.910891  0.0891092  
0.965181  0.0348187  
0.971518  0.0284817  
0.367028  0.632972  
0.0873429  0.912657  
0.042737  0.957263  
0.26154  0.73846  
0.350512  0.649488  
0.303964  0.696036  
0.385963  0.614037  
0.253466  0.746534  
0.867629  0.132371  
0.82363  0.17637  
0.339604  0.660396  
0.80001  0.19999  
0.946857  0.0531429  
0.91715  0.0828497  
0.0491623  0.950838  
0.95971  0.0402898  
0.213726  0.786274  
0  1  
0.072418  0.927582  
0.400403  0.599597  
0.239584  0.760416  
0.407506  0.592494  
0.220121  0.779879  
0.0221233  0.977877  
0.178345  0.821655  
0.273809  0.726191  
0.847812  0.152188  
0.326064  0.673936  
0.985509  0.0144913  
0.245461  0.754539  
0.452574  0.547426  
0.391573  0.608427  
0.0801763  0.919824  
0.860555  0.139445  
0.458675  0.541325  
0.0646122  0.935388  
0.110747  0.889253  
0.832138  0.167862  
1  0  
0.164426  0.835574  
0.445347  0.554653  
0.492546  0.507454  
0.807893  0.192107  
0.888941  0.111059  
0.978861  0.0211394  
0.839798  0.160202  
0.0579062  0.942094  
0.930697  0.069303  
0.938229  0.0617715  
0.484941  0.515059  
0.140868  0.859132  
0.133989  0.866011  
0.845072  0.154928  
0  1  
0.866813  0.133187  
0.35629  0.64371  
0.81926  0.18074  
0.240108  0.759892  
0.103766  0.896234  
0.291165  0.708835  
0.0317936  0.968206  
0.412424  0.587576  
0.127349  0.872651  
0.956211  0.0437893  
0.477565  0.522435  
0.463623  0.536377  
0.0742322  0.925768  
0.089364  0.910636  
0.050054  0.949946  
0.266291  0.733709  
0.986497  0.0135031  
0.284789  0.715211  
0.80001  0.19999  
0.386831  0.613169  
0.159325  0.840675  
0.325707  0.674293  
0.398222  0.601778  
0.393112  0.606888  
0.427246  0.572754  
0.456455  0.543545  
0.173937  0.826063  
0.066311  0.933689  
0.896044  0.103956  
0.838453  0.161547  
0.297082  0.702918  
0.971998  0.0280018  
0.368688  0.631312  
0.993579  0.00642072  
0.309898  0.690102  
0.212097  0.787903  
0.12016  0.87984  
0.450287  0.549713  
0.278803  0.721197  
0.499997  0.500003  
0.247276  0.752724  
0.132338  0.867662  
0.493312  0.506689  
0.16613  0.83387  
0.929194  0.0708059  
0.92233  0.07767  
0.873739  0.126261  
0.139395  0.860605  
0.272635  0.727365  
0.0149802  0.98502  
0.948434  0.051566  
0.317289  0.682711  
0.852489  0.147511  
0.888608  0.111392  
0.0816336  0.918366  
0.381419  0.618581  
0.434265  0.565735  
0.204249  0.795751  
0.0411024  0.958898  
0.859742  0.140258  
1  0  
0.022612  0.977388  
0.146535  0.853465  
0.964582  0.035418  
0.253593  0.746407  
0.181042  0.818958  
0.111501  0.8885  
0.333599  0.666401  
0.0959536  0.904046  
0.30381  0.69619  
0.153069  0.846931  
0.826023  0.173977  
0.830903  0.169097  
0.232291  0.767709  
0.348903  0.651097  
0.807178  0.192822  
0.904179  0.0958211  
0.218771  0.781229  
0.942013  0.0579868  
0.404907  0.595093  
0.471034  0.528966  
0.44173  0.55827  
0.484032  0.515968  
0.419815  0.580185  
0.362713  0.637287  
0.813663  0.186337  
0.196024  0.803976  
0.188381  0.811619  
0.00834234  0.991658  
0.881104  0.118896  
0.912464  0.0875356  
0.260018  0.739982  
0.22601  0.77399  
0.979819  0.0201805  
0.375033  0.624967  
0.341725  0.658275  
0.935439  0.0645608  
0.0588149  0.941185  
0.260209  0.739791  
0.381009  0.618991  
0.949098  0.0509023  
0.915665  0.0843347  
0.437464  0.562536  
0.902042  0.0979575  
0.252943  0.747057  
0.140252  0.859748  
0.232619  0.767381  
0.0497381  0.950262  
0.826292  0.173708  
0.849003  0.150997  
0.977464  0.0225358  
0.360379  0.639621  
0.388628  0.611372  
0.312424  0.687576  
0.80001  0.19999  
0.266737  0.733263  
0.346083  0.653917  
0.158503  0.841497  
0.174041  0.825959  
0.333244  0.666756  
0.99296  0.00704014  
0.0164289  0.983571  
0.0827884  0.917212  
0.969792  0.0302082  
0.0767389  0.923261  
0.880567  0.119433  
0.396489  0.603511  
0.114766  0.885234  
0.985257  0.0147433  
0.227642  0.772358  
0.188115  0.811885  
0.962371  0.0376292  
0.246637  0.753363  
0.887708  0.112292  
0.299206  0.700794  
0  1  
0.443433  0.556567  
0.319556  0.680444  
0.873426  0.126574  
0.339723  0.660277  
0.306992  0.693008  
0.811917  0.188083  
0.458402  0.541598  
0.0912352  0.908765  
1  0  
0.47829  0.52171  
0.818371  0.181629  
0.0085203  0.99148  
0.487319  0.512681  
0.0250996  0.9749  
0.865485  0.134515  
0.133765  0.866235  
0.921361  0.0786388  
0.834056  0.165944  
0.934966  0.065034  
0.127343  0.872657  
0.213663  0.786337  
0.240569  0.759431  
0.352305  0.647695  
0.464667  0.535333  
0.942168  0.0578317  
0.894884  0.105116  
0.196955  0.803045  
0.287678  0.712322  
0.293543  0.706457  
0.404779  0.595221  
0.367376  0.632624  
0.431032  0.568968  
0.470544  0.529456  
0.806141  0.193859  
0.273848  0.726152  
0.499997  0.500003  
0.205159  0.794841  
0.107674  0.892326  
0.493864  0.506136  
0.411219  0.588781  
0.0987013  0.901299  
0.841237  0.158763  
0.909795  0.0902051  
0.220234  0.779766  
0.374028  0.625972  
0.0418531  0.958147  
0.955612  0.0443878  
0.0629522  0.937048  
0.423773  0.576227  
0.166018  0.833982  
0.281517  0.718483  
0.033996  0.966004  
0.121485  0.878515  
0.056845  0.943155  
0.32629  0.67371  
0.149108  0.850892  
0.927845  0.072155  
0.417757  0.582243  
0.0700567  0.929943  
0.180061  0.819939  
0.451676  0.548324  
0.857238  0.142762  
0.912828  0.087172  
0.323508  0.676492  
0.268876  0.731124  
0.476155  0.523845  
0.828688  0.171312  
0.928769  0.0712307  
0.371835  0.628165  
0.863349  0.136651  
0.849836  0.150164  
0.00723257  0.992767  
0.0799083  0.920092  
0.420637  0.579363  
0.454202  0.545798  
0.447903  0.552097  
1  0  
0.098817  0.901183  
0.146478  0.853522  
0.43998  0.56002  
0.125912  0.874088  
0.176955  0.823045  
0.807169  0.192831  
0.856822  0.143178  
0.386561  0.613439  
0.884854  0.115146  
0.0728435  0.927156  
0.0530208  0.946979  
0.935277  0.064723  
0.469069  0.530931  
0.0294339  0.970566  
0.835469  0.164531  
0.0862482  0.913752  
0.412652  0.587348  
0.811843  0.188157  
0.31656  0.68344  
0.308384  0.691616  
0.0218529  0.978147  
0.10441  0.89559  
0.344865  0.655135  
0.987067  0.0129335  
0.397828  0.602172  
0.118863  0.881137  
0.204835  0.795165  
0.462783  0.537217  
0.843495  0.156505  
0  1  
0.337882  0.662118  
0.80001  0.19999  
0.30097  0.69903  
0.892105  0.107895  
0.0451766  0.954823  
0.366243  0.633757  
0.980328  0.0196719  
0.198774  0.801226  
0.870589  0.129411  
0.0607072  0.939293  
0.141353  0.858647  
0.211619  0.788381  
0.191493  0.808507  
0.285342  0.714658  
0.293486  0.706514  
0.254055  0.745945  
0.229612  0.770388  
0.218225  0.781775  
0.16195  0.83805  
0.330413  0.669587  
0.960046  0.0399536  
0.390826  0.609174  
0.224738  0.775262  
0.492785  0.507215  
0.899226  0.100774  
0.973616  0.0263837  
0.99408  0.0059198  
0.15554  0.84446  
0.246354  0.753646  
0.942576  0.0574241  
0.427073  0.572927  
0.169239  0.830761  
0.134323  0.865677  
0.967347  0.0326534  
0.0145785  0.985421  
0.483889  0.516111  
0.352001  0.647999  
0.112008  0.887992  
0.184242  0.815758  
0.499997  0.500003  
0.379452  0.620548  
0.0939897  0.90601  
0.906193  0.0938065  
0.40578  0.59422  
0.821619  0.178381  
0.952083  0.0479167  
0.877947  0.122053  
0.433692  0.566308  
0.277165  0.722835  
0.0667925  0.933208  
0.35935  0.64065  
0.921487  0.0785132  
0.0373059  0.962694  
0.261256  0.738744  
0.239343  0.760657  
0.371647  0.628353  
0.939473  0.0605268  
0.10082  0.89918  
0.138247  0.861753  
0.116112  0.883888  
0.061851  0.938149  
0.454129  0.545871  
0.33982  0.66018  
0.945361  0.0546389  
0.167714  0.832286  
0.817482  0.182518  
0.30368  0.69632  
0.332676  0.667324  
0.852182  0.147818  
0.311102  0.688898  
0.446672  0.553328  
0.0468572  0.953143  
0.221331  0.778669  
0.157782  0.842218  
0.18083  0.81917  
0.0161776  0.983822  
0.123357  0.876643  
0.867341  0.132659  
0.144762  0.855238  
0.430479  0.569521  
0.187187  0.812813  
0.363148  0.636852  
0.845634  0.154366  
0.347552  0.652448  
0.235968  0.764032  
0.215626  0.784374  
0.838609  0.161391  
0.402154  0.597846  
0.377106  0.622894  
0.919009  0.0809912  
0.899783  0.100217  
0.808934  0.191066  
0.437956  0.562044  
0.068769  0.931231  
0.499999  0.500001  
0.0817911  0.918209  
0.253366  0.746634  
0.410577  0.589423  
0.094321  0.905679  
0.480391  0.519609  
0.203095  0.796905  
0.831547  0.168453  
0.926601  0.0733993  
0  1  
0.825216  0.174784  
0.075155  0.924845  
0.984479  0.0155213  
0.0236106  0.976389  
0.953038  0.0469622  
0.0309522  0.969048  
0.906378  0.0936219  
0.893731  0.106269  
0.913055  0.0869451  
0.460606  0.539394  
0.282707  0.717293  
0.289496  0.710504  
0.473992  0.526008  
0.209266  0.790734  
0.268003  0.731997  
0.99193  0.00806979  
0.96935  0.0306496  
0.108292  0.891708  
0.227367  0.772633  
0.385642  0.614358  
0.419379  0.580621  
0.39464  0.60536  
0.325978  0.674022  
0.976735  0.0232648  
0.467154  0.532846  
0.961117  0.0388826  
0.195008  0.804992  
0.31841  0.68159  
0.886624  0.113377  
0.880875  0.119125  
0.131112  0.868888  
0.00839362  0.991606  
0.426027  0.573974  
0.80001  0.19999  
0.242317  0.757683  
0.174079  0.825921  
0.493371  0.506629  
0.48708  0.51292  
0.248076  0.751924  
0.259945  0.740055  
0.356227  0.643773  
0.275125  0.724875  
0.859354  0.140646  
0.932959  0.0670408  
0.088877  0.911123  
0.297193  0.702807  
1  0  
0.0548283  0.945172  
0.87407  0.12593  
0.0389415  0.961059  
0.150763  0.849237  
