1.41774  3.56262  
0.969657  4.11265  
1.52842  3.44328  
0.803658  4.34845  
1.7613  3.44745  
1.12505  3.85491  
0.861122  4.14789  
1.20562  4.11606  
1.44763  3.88473  
0.92643  4.29248  
1.3811  3.70585  
1.93253  2.71059  
1.0963  4.05285  
1.96163  2.89987  
1.79975  3.20737  
0.804186  4.23473  
1.07905  4.14642  
1.01364  4.22176  
1.87134  3.0587  
0.970534  4.16245  
1.25385  3.80747  
1.48067  3.80363  
1.13468  3.96617  
1.36883  3.8359  
1.19892  4.02933  
0.983262  4.04217  
1.5175  3.47776  
1.41126  3.64384  
1.01318  4.05729  
1.16049  3.96094  
1.5423  3.66043  
1.63561  3.39511  
1.46685  3.50496  
1.37115  3.67478  
1.81167  3.21497  
0.839848  4.31172  
0.873447  4.29053  
1.70005  3.33848  
1.83067  2.73175  
1.58629  3.46422  
1.19815  3.90562  
1.2889  3.86825  
1.05322  4.06664  
1.38254  3.72468  
1.06538  4.03751  
1.71569  2.91026  
0.814241  4.24601  
2.15426  1.89388  
1.71435  3.38939  
1.38133  3.88443  
1.90824  2.95645  
0.901527  4.20864  
1.47459  3.68621  
1.29725  3.84581  
1.13866  4.09742  
1.44665  3.735  
1.85396  2.94824  
1.48888  3.73573  
1.5053  3.55132  
1.55985  3.31071  
1.46553  3.81069  
0.993556  4.07081  
1.60241  3.64132  
1.03528  4.18966  
1.55289  3.45737  
1.53586  3.60842  
0.960639  4.20822  
1.47951  3.79426  
1.41451  3.79493  
1.43624  3.88633  
1.59139  3.51475  
0.94152  4.19612  
1.23869  3.93415  
1.42371  3.88006  
1.481  3.63698  
1.06516  3.98866  
1.5037  3.73092  
0.998671  4.06396  
1.52639  3.55237  
1.88795  3.1072  
1.35116  3.83505  
1.59172  3.56396  
1.5052  3.60403  
1.41933  3.91979  
1.65456  3.50006  
1.16139  3.95354  
0.761358  4.28792  
1.1833  4.12797  
1.29745  3.91869  
1.51551  3.6796  
1.39138  4.06251  
2.00636  2.78724  
0.830485  4.38728  
1.60479  3.6426  
1.77739  3.24272  
1.60185  3.29987  
1.48997  3.43222  
1.13714  3.88503  
1.89059  2.95712  
1.75083  3.34581  
1.77826  3.17048  
1.03436  4.15704  
1.93296  3.00397  
1.76024  3.42478  
1.33943  3.91683  
2.34308  1.69091  
2.08806  2.86891  
0.975664  4.33455  
1.98956  2.76976  
1.98598  2.55653  
2.35467  1.55451  
1.31248  3.91108  
1.43301  3.91638  
1.81534  3.20405  
1.80532  3.35508  
1.81171  3.20042  
0.90842  4.23421  
2.06558  2.22451  
1.85717  3.12197  
0.98966  4.20423  
1.80703  3.17111  
1.99804  2.56706  
0.826265  4.27246  
2.07887  2.54083  
1.84109  2.99366  
1.85039  2.88088  
1.4282  3.53389  
1.72837  3.13361  
0.858474  4.23813  
1.73854  3.29195  
1.50729  3.7372  
1.76113  3.11278  
0.732023  4.30816  
1.20409  3.80888  
1.65186  3.22022  
1.87021  2.51426  
1.52392  3.42512  
1.27429  3.61503  
0.677788  4.40867  
1.01005  3.97693  
1.78619  3.08283  
2.21012  0.958492  
2.05904  2.25042  
0.902178  3.88594  
1.54002  3.40814  
1.48045  3.52722  
2.08355  0.101325  
1.66799  3.32253  
2.32975  1.39383  
1.51507  3.73521  
1.82597  2.14064  
0.183936  4.13475  
1.95587  1.73245  
2.0015  2.27067  
1.35837  3.64371  
1.24794  3.67118  
1.15893  3.80362  
1.50412  2.98202  
1.87472  2.86741  
1.48192  3.49956  
1.50796  3.7247  
1.77772  2.96688  
2.31027  0.455275  
1.74965  2.71251  
1.45914  3.53173  
0.812623  4.28951  
1.53397  3.48487  
1.18871  4.06617  
2.01615  2.4956  
2.16004  2.86497  
1.77484  3.22697  
2.08293  2.24481  
1.27731  3.90505  
2.20155  2.08303  
1.40202  3.79619  
1.4197  3.58322  
2.30937  1.49034  
1.99466  2.56981  
1.22397  3.97704  
1.81868  3.04912  
1.99139  2.79986  
1.89572  2.82094  
2.33735  1.68519  
1.5834  3.60528  
2.07444  1.9603  
1.88806  2.9161  
1.38066  4.00689  
1.82695  3.59488  
2.10104  2.5823  
2.23582  2.15881  
1.71201  3.43854  
1.64535  3.5612  
1.43242  3.91579  
1.54771  3.71997  
2.06273  2.76746  
1.67204  3.48844  
1.76135  3.34077  
1.51091  3.84891  
1.86905  3.06307  
2.0474  2.89502  
1.47251  3.63096  
1.65994  3.26467  
1.4578  3.54601  
0.965718  4.04533  
1.60987  3.15808  
1.55967  3.51311  
0.910271  4.15652  
1.23456  3.82486  
1.88862  2.69179  
1.39091  3.54229  
1.95175  2.54634  
0.694098  4.23847  
1.99993  2.29427  
1.72529  2.97889  
1.13076  3.90071  
2.03761  1.97627  
0.95573  3.97179  
2.00068  2.26012  
1.08574  3.9107  
1.24128  3.54902  
0.940978  3.9068  
1.04198  3.78322  
1.49762  3.18629  
1.47753  3.31178  
0.357701  4.21502  
1.75474  2.66751  
2.00405  1.65327  
1.16803  3.68617  
1.25428  3.52538  
1.97041  1.45091  
0.882346  3.94533  
1.67964  2.80323  
0.87867  3.94551  
1.83896  2.26872  
1.65398  2.84995  
1.26954  3.37672  
1.59087  3.11369  
2.05826  0.0600596  
0.732676  4.0429  
1.96756  2.16498  
1.056  3.64919  
1.80587  1.95914  
1.74698  2.98561  
0.771099  3.97937  
2.14359  1.52053  
1.46239  2.91351  
1.47165  3.45925  
1.43497  3.22667  
1.59362  3.35076  
0.0889204  4.06367  
1.27036  3.5478  
1.67207  2.84011  
1.74028  2.57979  
1.66911  2.72796  
1.2347  3.53473  
0.823288  3.95158  
0.73865  3.9992  
1.75186  2.47583  
2.14477  1.32217  
1.70718  2.68056  
1.38879  3.2402  
1.01458  3.88394  
1.72731  2.55357  
0.936133  3.88131  
1.41457  3.42288  
0.847633  4.0038  
0.620628  4.11169  
0.878555  3.97405  
1.56653  3.0919  
2.10575  1.47135  
1.33298  3.48618  
1.62576  3.00324  
1.75752  2.55582  
1.12678  3.86619  
1.72683  2.75436  
1.91395  2.47501  
1.60255  3.07489  
0.957971  3.80429  
0.948153  3.92296  
0.980096  3.89923  
1.65032  2.9954  
1.47747  3.39641  
2.04262  1.8374  
0.631121  4.16702  
1.71943  2.98354  
1.50661  3.20634  
0.576926  4.30879  
1.3721  3.53295  
1.921  2.29501  
1.40944  3.51899  
1.2157  3.75879  
1.58724  3.09802  
0.756738  4.12747  
1.72732  2.83707  
1.24065  3.55917  
2.0153  2.04298  
1.13714  3.8837  
1.8627  2.61885  
1.32765  3.70035  
1.48834  3.41632  
1.84549  2.22792  
1.50096  3.05083  
1.68883  2.61148  
1.23879  3.44985  
1.05731  3.70457  
1.78166  2.38917  
1.3925  3.19362  
1.56284  2.81523  
1.82107  2.24178  
1.26725  3.38774  
1.67443  2.63786  
1.09934  3.62581  
1.45221  3.0682  
1.91373  1.86483  
0.436593  4.12226  
1.78962  2.33881  
1.37249  3.26279  
1.74208  2.4498  
1.48073  3.01213  
1.33256  3.23406  
1.01603  3.62371  
1.36969  3.29147  
1.50975  2.97898  
2.0295  0.97731  
0.907441  3.75345  
1.92389  1.69995  
1.99409  1.34502  
0.888408  3.82471  
1.99973  1.29021  
1.78129  2.34201  
0.993958  3.67594  
1.31197  3.25535  
1.18789  3.3766  
1.65975  2.63329  
0.686644  3.87189  
1.55532  2.73034  
1.10436  3.48927  
1.91691  1.58139  
1.76349  2.10698  
1.36615  2.96436  
1.97369  1.4199  
1.85999  1.96136  
1.74997  2.32445  
0.642962  3.97806  
1.66062  2.35713  
1.87367  1.64753  
1.58037  2.59909  
1.87542  1.88385  
1.27995  3.29048  
1.0227  3.52  
0.469772  4.00449  
1.64954  2.57761  
2.03056  0.0555049  
1.62185  2.64634  
0.0604696  4.03777  
0.56686  3.90809  
0.741713  3.79917  
1.91218  1.83236  
1.21127  3.3475  
1.13064  3.44208  
1.46082  2.80999  
1.34073  3.12649  
1.00641  3.66489  
1.75841  2.30849  
0.550085  4.00359  
0.738483  3.86776  
2.10883  0.675715  
0.226089  4.12658  
1.37637  3.0362  
1.53322  2.86853  
1.03912  3.67846  
1.85438  2.12539  
0.94806  3.70686  
0.831287  3.80404  
1.6959  2.45544  
1.09111  3.54658  
2.05805  1.01836  
1.55597  2.79538  
0.308148  4.12409  
0.455225  4.04165  
1.92864  1.67529  
1.96303  1.65662  
1.22971  3.38603  
0.649044  3.96937  
1.81922  2.22605  
0.682243  3.9813  
1.99601  1.54928  
0.73404  3.91915  
2.04056  1.27985  
1.96063  1.42963  
1.20293  3.41284  
2.08774  0.859329  
1.83357  2.15065  
1.18222  3.51138  
1.27002  3.36104  
1.67384  2.57413  
1.17124  3.43535  
0.535972  4.02931  
1.44808  3.02024  
0.698336  3.95101  
0.44352  3.98723  
1.17825  3.34259  
1.405  2.94225  
1.60463  2.52068  
1.93552  1.4124  
1.26115  3.15169  
1.68604  2.27779  
0.616896  3.84875  
1.8287  1.8338  
1.08243  3.45072  
1.4828  2.77042  
0.284827  4.0203  
1.4988  2.76232  
1.22797  3.22201  
1.45102  2.83681  
1.67708  2.2999  
1.74618  2.10859  
1.38492  2.9341  
0.554737  3.88304  
1.71758  2.14345  
1.63865  2.36837  
1.53872  2.61732  
1.54866  2.5709  
1.97756  0.871347  
1.80103  1.86347  
1.87003  1.54993  
0.960964  3.56681  
1.04812  3.4386  
0.955636  3.59165  
0.516613  3.92037  
1.45175  2.79098  
1.93537  1.12037  
1.46537  2.76234  
0.639494  3.84016  
0.338614  3.97147  
1.25368  3.13866  
1.90055  1.32581  
1.84722  1.74581  
1.10207  3.37586  
1.41034  2.85798  
2.01035  0.0104501  
1.5944  2.44321  
1.35042  2.99256  
0.577965  3.87285  
0.825182  3.66983  
0.887623  3.61878  
1.74942  2.07102  
0.965674  3.51935  
0.452527  3.93656  
1.83174  1.65675  
1.79807  1.9095  
0.589636  3.84519  
0.646444  3.80071  
1.20029  3.22695  
1.66785  2.31518  
1.14902  3.3238  
1.75092  1.96809  
0.42916  3.95433  
0.78894  3.73277  
1.31448  3.05434  
1.18018  3.29306  
1.95454  1.03156  
0.0205148  4.01797  
1.67771  2.21655  
1.51996  2.63889  
2.04302  0.0430877  
1.02199  3.51493  
1.50013  2.70627  
0.947844  3.56972  
1.8648  1.60651  
1.22821  3.19538  
0.794092  3.74362  
1.65398  2.33584  
1.72757  2.11273  
1.12552  3.3509  
1.82152  1.8121  
1.29645  3.11088  
1.79542  1.91191  
0.927832  3.60268  
1.08789  3.4181  
0.737391  3.74926  
1.57994  2.55093  
1.708  2.19092  
0.231059  4.00584  
1.03061  3.50575  
1.24066  3.17772  
0.713852  3.79186  
0.742467  3.74013  
0.502227  3.9253  
1.34458  3.02743  
1.40264  2.91508  
1.44438  2.84078  
1.97077  1.01516  
0.529767  3.91634  
1.37967  2.97684  
1.15694  3.32075  
0.584935  3.86571  
1.17776  3.31059  
1.14637  3.34416  
1.28831  3.13691  
0.433969  3.90535  
1.65187  2.25702  
0.646995  3.78565  
1.86516  1.44653  
1.54975  2.53386  
0.238468  3.97206  
1.97646  0.617769  
1.82116  1.65568  
0.491501  3.878  
0.571068  3.83419  
1.28339  3.07097  
1.30551  3.03142  
1.09187  3.35229  
1.69895  2.11234  
0.519658  3.86329  
1.3697  2.91598  
0.36544  3.93329  
1.90421  1.22624  
1.6741  2.19171  
1.68833  2.14607  
0.794928  3.67135  
1.51138  2.62114  
1.87358  1.40236  
1.96336  0.767637  
1.85614  1.49222  
0.901688  3.57126  
0.461383  3.89279  
0.855126  3.61679  
1.16418  3.25356  
1.83922  1.57382  
1.40472  2.84856  
1.94231  0.958071  
1.75322  1.93098  
1.84892  1.52781  
1.12135  3.31313  
1.9834  0.521239  
1.72733  2.01816  
0.735771  3.72029  
0.837403  3.63331  
0.192965  3.9819  
1.56665  2.48808  
0.623019  3.80171  
1.46636  2.72153  
0.398196  3.9206  
1.91239  1.17425  
1.7853  1.80517  
0.874951  3.59782  
1.89612  1.27535  
1.83078  1.61269  
1.06041  3.39246  
1.26488  3.09964  
1.91983  1.12476  
0.126617  3.9931  
1.63172  2.31461  
1.77613  1.84103  
1.57794  2.45935  
1.80395  1.72946  
1.66163  2.22796  
0.936889  3.53492  
0.0152494  4.01246  
1.99789  0.314618  
0.816354  3.65244  
0.964858  3.50456  
1.73893  1.97807  
1.0298  3.42994  
1.13717  3.29147  
1.5989  2.40452  
0.328845  3.94618  
1.98953  0.42875  
1.70879  2.0805  
1.21057  3.18514  
1.8812  1.36095  
1.48936  2.67116  
0.688743  3.75603  
1.76686  1.87632  
0.28586  3.95953  
1.44333  2.77033  
0.71206  3.73871  
0.598013  3.81772  
1.97105  0.683444  
1.95661  0.833493  
0.546139  3.84867  
1.61864  2.35113  
1.34318  2.96491  
1.79475  1.76731  
1.92766  1.06962  
0.0238023  4.00143  
1.88843  1.32042  
0.774694  3.6886  
1.9349  1.01588  
1.31812  3.00962  
2.00393  0.00393775  
1.18255  3.22689  
1.39374  2.87011  
0.997611  3.46782  
1.81305  1.69099  
1.4192  2.81967  
1.23781  3.14295  
1.53369  2.56884  
1.94997  0.893182  
1.17748  3.23411  
1.8988  1.25864  
1.3404  2.96965  
1.92792  1.06692  
0.355159  3.93689  
0.457743  3.89435  
1.72094  2.03952  
1.44433  2.76789  
1.35484  2.94377  
1.06665  3.38443  
0.792465  3.67326  
1.60876  2.37776  
1.98268  0.530614  
1.83755  1.58096  
0.967422  3.50166  
1.86853  1.42842  
0.553134  3.84453  
2.00039  0.00182982  
1.96929  0.702513  
1.00223  3.46229  
1.31809  3.00942  
1.74736  1.94749  
1.39934  2.85883  
0.5821  3.82737  
1.7917  1.77907  
1.87545  1.39362  
0.193874  3.98159  
0.701268  3.74662  
0.386097  3.92522  
1.95384  0.858174  
1.6231  2.33855  
1.43048  2.7965  
1.80493  1.72488  
1.30049  3.03977  
1.93654  1.00266  
1.13648  3.2926  
0.895782  3.57715  
1.27016  3.0909  
1.65546  2.24586  
1.11212  3.32536  
1.15337  3.26877  
0.767242  3.69459  
0.0078461  4.00043  
1.37567  2.9044  
0.987352  3.47934  
1.23014  3.15479  
1.51665  2.60864  
1.78363  1.81127  
0.916656  3.55592  
1.19449  3.2091  
1.48781  2.67432  
0.817654  3.65161  
1.69191  2.13468  
0.133086  3.99151  
0.617201  3.8053  
1.98903  0.425268  
1.58888  2.43053  
0.487814  3.87971  
1.461  2.73277  
1.02223  3.4388  
1.70687  2.08633  
1.50162  2.64313  
0.844028  3.62832  
1.91848  1.1331  
1.24975  3.1238  
1.53612  2.56267  
0.246744  3.96993  
1.84656  1.54181  
1.56332  2.49602  
0.865885  3.60648  
1.97733  0.605465  
0.643694  3.78775  
1.77345  1.8508  
1.90847  1.19889  
1.28328  3.06889  
1.75775  1.90978  
1.8862  1.33225  
0.6747  3.76612  
0.297293  3.95599  
0.732171  3.72307  
1.66486  2.21784  
1.73554  1.98934  
0.418503  3.91191  
1.9623  0.776557  
1.81689  1.67391  
1.09349  3.35025  
1.99555  0.275299  
1.04498  3.4116  
1.47524  2.70194  
1.67972  2.17264  
1.85723  1.4862  
0.5227  3.86148  
1.94473  0.937037  
0.949999  3.52068  
1.41601  2.82586  
1.64345  2.28089  
1.83046  1.61359  
1.2104  3.18519  
1.57618  2.46344  
1.54697  2.5364  
1.9679  0.717019  
1.61508  2.36026  
0.707432  3.74191  
0.785721  3.67916  
1.78551  1.80352  
0.891086  3.58158  
1.35385  2.94678  
1.91056  1.18481  
1.52297  2.59364  
1.4985  2.65006  
1.14711  3.27768  
0.484103  3.8815  
1.26133  3.10493  
1.83714  1.58273  
1.72672  2.01956  
1.20217  3.19749  
1.87797  1.37766  
1.98565  0.483066  
1.41044  2.8368  
1.99611  0.258107  
0.556043  3.84314  
1.47887  2.6938  
0.760412  3.70013  
1.31916  3.00734  
0.940385  3.53091  
1.77397  1.84853  
0.517092  3.86489  
1.65372  2.25076  
1.18145  3.22819  
1.69821  2.11418  
2.00027  0.000302618  
1.99108  0.383348  
0.19334  3.9816  
1.44537  2.76558  
0.963043  3.50632  
1.9593  0.805773  
1.63047  2.31756  
1.95221  0.871908  
0.833748  3.63639  
1.64363  2.28023  
1.33963  2.97092  
1.21649  3.17576  
1.39569  2.8658  
1.5829  2.4459  
0.621175  3.80265  
1.76441  1.88475  
0.81094  3.65704  
0.120227  3.99319  
0.910034  3.5625  
0.449513  3.89813  
1.16205  3.2562  
1.24283  3.13465  
0.301278  3.95472  
1.85567  1.49356  
0.409194  3.91591  
1.02174  3.43928  
0.251101  3.9687  
1.00562  3.45884  
1.66699  2.21121  
1.42563  2.80627  
0.861038  3.61088  
1.12918  3.30215  
1.07131  3.37838  
0.00414994  4.00038  
1.80408  1.72793  
0.649849  3.78352  
0.342399  3.94133  
1.08558  3.36012  
1.29408  3.05062  
1.86671  1.43749  
1.51313  2.61657  
1.56995  2.47907  
1.93393  1.02197  
1.97653  0.614754  
1.53753  2.55905  
1.55206  2.52377  
1.60288  2.3933  
0.683264  3.75982  
1.88607  1.33261  
1.84467  1.54711  
1.67912  2.17419  
0.732481  3.72258  
0.592409  3.82095  
1.37088  2.91331  
1.75226  1.92957  
1.10687  3.33227  
1.92128  1.11345  
1.27997  3.07437  
1.04888  3.40645  
1.81381  1.68681  
1.73803  1.98028  
1.71658  2.0559  
1.82725  1.6277  
0.985654  3.4811  
1.79521  1.76457  
0.38042  3.92737  
1.46609  2.72157  
1.93971  0.977197  
1.89598  1.2751  
1.90415  1.22558  
0.460753  3.89268  
1.59316  2.41898  
1.491  2.66677  
1.40949  2.83861  
1.23229  3.15114  
1.16503  3.25184  
1.92128  1.1131  
1.46078  2.73296  
1.2161  3.17618  
0.382121  3.92664  
1.07309  3.37601  
1.90324  1.23079  
1.57  2.4789  
1.52553  2.58755  
1.28685  3.06267  
1.57997  2.45335  
0.495648  3.87556  
1.77618  1.83981  
0.7301  3.72436  
1.98936  0.416779  
1.148  3.27597  
1.69849  2.11297  
1.54131  2.54989  
1.75421  1.92228  
1.9399  0.975257  
0.558102  3.84148  
1.99501  0.289107  
1.95012  0.889969  
0.584574  3.8257  
0.674096  3.76667  
1.55439  2.51792  
1.81049  1.70077  
1.47485  2.70245  
1.61638  2.35655  
1.20214  3.19738  
0.356273  3.93634  
1.84238  1.55779  
0.99052  3.47547  
1.35748  2.94001  
1.03974  3.41755  
1.38944  2.87793  
1.78563  1.80296  
1.85479  1.49771  
1.62889  2.32184  
1.96013  0.7972  
1.26779  3.09429  
1.71125  2.0714  
0.184482  3.98332  
1.79743  1.7553  
0.123678  3.99275  
2.00023  0.000233263  
1.93338  1.02578  
1.87871  1.37325  
1.72178  2.0362  
1.91241  1.17253  
1.74292  1.96304  
1.43433  2.78832  
0.808853  3.65876  
1.66887  2.20546  
0.530232  3.85722  
1.88889  1.31627  
1.60642  2.38362  
0.283738  3.95984  
0.88789  3.58469  
1.3034  3.03454  
0.235655  3.97242  
0.622478  3.80171  
1.10033  3.34076  
1.4479  2.76013  
0.699707  3.74853  
1.64124  2.28692  
0.316509  3.9499  
1.31888  3.00768  
0.00379679  4.00027  
0.654832  3.77991  
1.81827  1.66726  
1.37232  2.91046  
0.905566  3.56694  
0.761998  3.69873  
1.73231  2.00014  
1.97503  0.633152  
0.93226  3.53939  
1.01579  3.44719  
0.785501  3.67901  
0.964118  3.50503  
1.12398  3.30914  
1.96685  0.728036  
1.82826  1.62294  
1.65476  2.24757  
1.18254  3.22646  
1.68126  2.16741  
1.50765  2.62907  
1.9844  0.502421  
0.837931  3.63246  
1.3341  2.98074  
0.419172  3.9115  
1.8678  1.43171  
1.76384  1.8867  
1.25289  3.11848  
0.861907  3.60996  
1.81523  1.68139  
1.94189  0.959754  
1.86973  1.42149  
1.46875  2.71634  
1.67815  2.17703  
1.62611  2.32979  
1.27404  3.084  
1.98666  0.465429  
0.995967  3.46925  
0.80998  3.65772  
1.54702  2.53662  
1.93407  1.02052  
0.564201  3.83792  
1.38838  2.87984  
1.31698  3.01103  
1.19205  3.2126  
0.69718  3.74961  
1.70745  2.08371  
0.857589  3.61442  
1.25622  3.11317  
0.341393  3.9417  
1.96662  0.73046  
1.56458  2.49246  
1.52832  2.58107  
0.460652  3.89279  
1.74158  1.96767  
0.419436  3.91137  
1.9055  1.21669  
1.33053  2.98707  
2.00023  0.000226149  
1.71828  2.04794  
1.04533  3.41068  
1.21359  3.18005  
1.41497  2.82766  
1.36847  2.91773  
1.61343  2.36462  
1.66714  2.21059  
1.50137  2.6434  
0.636663  3.79232  
0.182496  3.98365  
1.65437  2.24861  
1.39946  2.85832  
1.9822  0.540487  
1.95223  0.871335  
1.01875  3.44269  
1.17296  3.24043  
1.59434  2.41586  
0.883533  3.58898  
1.83208  1.60572  
0.839084  3.63139  
0.383229  3.9262  
0.283764  3.95983  
1.85004  1.52103  
1.77881  1.82961  
0.785031  3.67933  
1.92181  1.10932  
1.87791  1.37736  
1.2374  3.14311  
1.99651  0.243986  
1.95927  0.805578  
0.952712  3.51749  
1.88949  1.3125  
1.84012  1.56842  
1.97469  0.637445  
1.89727  1.26714  
1.1095  3.32861  
1.06808  3.38255  
0.929908  3.54181  
0.905706  3.56681  
0.237436  3.97205  
1.91391  1.16266  
1.13222  3.2981  
1.72878  2.0123  
1.82274  1.64764  
1.75276  1.92755  
1.51552  2.61139  
1.85979  1.47268  
1.45272  2.75083  
0.974516  3.49344  
1.69579  2.12162  
0.495047  3.87588  
1.6403  2.28948  
1.99131  0.376806  
1.4876  2.67436  
1.14911  3.27493  
0.668506  3.77034  
0.718019  3.73386  
1.08691  3.35829  
1.80494  1.72424  
1.29349  3.05149  
0.00137369  4.00027  
1.58036  2.45232  
1.76753  1.8728  
1.79315  1.77274  
1.35083  2.95045  
1.42998  2.79725  
0.751618  3.7073  
0.118771  3.99321  
0.528406  3.85826  
0.600335  3.81655  
1.818  1.66853  
0.0013726  4.00027  
1.48486  2.68085  
1.55198  2.52371  
1.89692  1.26937  
1.07514  3.37319  
0.960435  3.5089  
1.37007  2.91465  
1.76827  1.86977  
0.793335  3.67375  
1.82719  1.62737  
1.64886  2.26448  
1.95006  0.889835  
1.02983  3.42927  
1.73749  1.98219  
0.677191  3.76398  
1.46402  2.72577  
0.988522  3.47756  
0.857304  3.61415  
1.38747  2.88146  
0.400418  3.91922  
1.96498  0.74742  
1.5381  2.55781  
1.65935  2.23424  
1.93245  1.0324  
0.743843  3.7134  
1.50672  2.63095  
1.24671  3.12812  
1.68734  2.14809  
0.941429  3.52943  
0.877164  3.59504  
0.5594  3.84058  
1.09662  3.34546  
0.899451  3.57303  
1.56296  2.49639  
1.91303  1.16814  
1.67471  2.18739  
1.79623  1.75997  
1.61148  2.36972  
1.16343  3.25395  
1.22027  3.16955  
1.94012  0.973154  
0.20688  3.97873  
1.26423  3.09987  
1.01146  3.45109  
1.59384  2.41852  
1.62855  2.32264  
0.526905  3.85897  
0.434721  3.90459  
1.98674  0.46313  
0.827689  3.64169  
1.80547  1.72155  
1.32781  2.99167  
1.28781  3.0613  
1.40112  2.85483  
1.45222  2.75075  
1.88279  1.3509  
0.320435  3.94851  
1.75027  1.93619  
2.00018  0.00018074  
1.63817  2.29547  
1.18384  3.2245  
1.9801  0.565046  
1.52079  2.59849  
1.35133  2.94925  
1.30962  3.02367  
1.72434  2.02715  
0.491803  3.8774  
1.57773  2.45881  
0.135212  3.99101  
0.361321  3.93439  
1.99192  0.363567  
0.919454  3.55253  
0.719016  3.73283  
1.97287  0.659018  
0.598082  3.81719  
1.43505  2.78676  
1.8509  1.51678  
1.87237  1.40718  
0.76592  3.69534  
1.71154  2.07498  
0.701087  3.74663  
0.268533  3.96396  
1.95697  0.828862  
1.83956  1.57083  
1.9964  0.245972  
0.462574  3.89175  
1.41607  2.82517  
1.92242  1.1048  
1.05224  3.40198  
1.11593  3.31986  
1.90422  1.22434  
0.659485  3.77662  
1.78311  1.81239  
0.62861  3.79753  
1.86123  1.46555  
1.75884  1.90492  
1.14148  3.28486  
1.70105  2.1048  
1.20121  3.19858  
