5.39816  0.176975  
2.54378  0.5902  
2.87561  0.535738  
1.20228  1.98119  
1.0967  2.82961  
0.671874  2.96288  
2.23995  1.05717  
1.28507  2.5738  
0.595137  2.79937  
2.42194  1.58151  
0.928217  1.58602  
4.72682  0.0669718  
2.91829  0.458067  
1.55797  2.31381  
2.84263  0.3822  
2.53557  0.563554  
2.65833  0.518089  
4.03559  0.365938  
2.41622  1.11541  
4.26095  0.180524  
3.51854  0.275172  
1.26308  1.64129  
2.88431  0.449874  
1.84499  2.07609  
2.23522  0.758258  
4.0204  0.271918  
1.12782  2.62024  
1.10869  2.07831  
2.07787  1.39077  
4.16992  0.132062  
3.67225  0.153031  
3.9278  0.345367  
1.16508  1.9692  
2.59359  0.509409  
2.26895  0.731639  
2.18371  0.834413  
1.61543  1.7121  
3.01168  0.444489  
1.91989  1.66944  
1.85524  2.20104  
1.70674  0.811339  
3.09927  0.568431  
4.69666  0.190534  
2.72616  0.66956  
2.39439  0.855374  
5.21257  0.194868  
3.37  0.170511  
2.05826  0.903582  
2.22211  1.0026  
0.055371  4.01363  
1.97961  1.66359  
2.64474  0.585707  
4.49303  0.351687  
1.51608  2.08796  
2.6521  1.00143  
1.96529  1.62822  
3.25872  0.508449  
0.691921  2.92567  
4.31443  0.367257  
1.1915  2.49516  
2.52003  2.10159  
0.673044  2.67709  
1.42186  1.67055  
1.89579  0.91372  
2.32179  0.70852  
0.234167  3.36142  
3.46037  0.442885  
4.85178  0.138075  
0.255001  3.65854  
0.825986  2.69028  
4.39246  0.0249955  
2.90269  0.664344  
3.75102  0.259619  
0.253645  3.04947  
0.0901012  4.6794  
4.28536  0.156252  
0.354037  2.91035  
0.38027  3.42781  
0.944427  2.41022  
2.75179  0.663508  
0.359546  3.38775  
2.385  1.14687  
0.127609  4.05345  
2.83974  0.527053  
1.53762  2.15279  
2.20888  1.48296  
2.38939  0.814856  
0.258364  4.19044  
1.93719  1.89925  
1.65645  1.65147  
3.04147  0.518625  
1.26976  2.68672  
2.99332  0.450824  
0.118003  4.39629  
2.62565  0.8094  
3.83347  0.454489  
0.879409  2.28828  
1.24046  2.19224  
2.43875  1.43528  
0.882681  2.63771  
0.232559  4.56329  
5.52255  0.0380971  
0.0784917  5.03745  
2.12658  0.310781  
0.356453  4.79047  
5.9967  0.159935  
2.25707  0.607605  
2.08132  0.494317  
1.86448  0.248693  
0.21153  4.9251  
0.553558  3.78521  
0.117222  5.30212  
2.3707  2.22696  
2.30996  0.313101  
0.00511152  5.40864  
1.81818  0.243727  
0.20329  4.58499  
5.35797  0.569302  
2.22006  0.59545  
2.16893  0.530319  
4.85877  0.426814  
0.426321  3.78035  
2.23353e-11  4.51613  
4.40628  0.0114908  
1.4219  0.191367  
0.00551618  5.83682  
0.934968  2.78091  
0.0832211  4.25889  
5.22532  0.000283793  
0.0697766  4.11868  
4.26635  0.000725383  
2.72322  8.45975e-09  
0.000242487  4.82188  
5.35335  0.568811  
0.952918  2.52664  
0.726115  3.21083  
3.68117  9.24583e-12  
0.880098  2.8524  
1.46736  0.197485  
3.68809  0.00387678  
0.0394674  4.20408  
0.28188  3.27145  
0.345884  4.64843  
1.23682  0.166899  
6.38122e-15  5.0514  
0.0519476  3.6841  
0.941198  0.126671  
5.21279  0.00940186  
0.0279678  4.57828  
0.00385153  4.07541  
5.74392e-15  5.1172  
1.64963e-15  5.25294  
0.721486  3.1372  
0.053471  4.6079  
0.000967225  4.50498  
1.1803e-12  4.66724  
1.85374  0.24726  
0.0412879  4.01124  
0.0965955  4.59983  
0.145584  3.84619  
1.95599  0.78272  
4.36393  3.12988e-11  
2.46339e-14  4.83658  
5.03967  0.14867  
5.07186  3.89996e-12  
0.939197  2.94995  
5.02023  0.0556377  
1.26e-16  5.41792  
0.182601  4.67026  
0.00518298  5.01412  
0.202068  4.17961  
0.327946  3.90725  
1.32788  2.65805  
2.12641  0.51589  
4.27048  0.0415462  
4.64867  8.45598e-11  
0.163977  4.3321  
0.981749  3.47548  
5.54073  8.79981e-05  
1.95908  0.264361  
0.350646  4.07059  
0.148296  0.73922  
1.26551  3.24853  
1.7958  3.05245  
4.91263  0.14153  
0.088666  5.1506  
1.13736  3.32865  
4.71024  0.185889  
4.84077  0.173113  
5.2046  0.0369461  
1.6359  0.220751  
5.39608  0.00657965  
0.243202  4.77214  
0.210267  4.89567  
5.37465  0.21211  
5.71014  0.184472  
1.84895  2.09135  
5.89664  0.0872507  
1.96088  0.346375  
1.94937  0.263191  
0.454104  3.28301  
1.45495  0.196305  
0.350938  3.2266  
0.204908  3.93993  
3.98263  0.0759807  
0.9956  2.41943  
0.0587828  4.19376  
0.372833  3.02277  
1.15817  0.156234  
1.72125e-17  5.24109  
0.571  2.74811  
0.1948  3.24078  
0.0110643  4.21085  
0.803168  2.35667  
3.26838  0.0136479  
0.0546836  3.66283  
0.976403  0.13175  
3.39111  7.03107e-05  
3.42671  0  
3.16558  0.0945181  
0.177601  2.29045  
0.852746  1.40952  
2.91044  5.13649e-10  
0.285751  2.16816  
0.426186  1.7873  
0.0234758  2.71913  
0.126218  2.43153  
0.326236  2.88681  
2.70354e-19  3.15298  
0.0413267  2.5587  
3.00281  2.97653e-08  
6.57775e-17  3.0519  
0.159023  2.23548  
0.0961807  2.41552  
0.124861  2.25088  
0.956352  0.128865  
0.230074  0.637936  
2.94843  3.52604e-05  
0.0622126  2.48556  
3.16113  0  
0.846416  0.114201  
0.0748075  2.47034  
2.94462  0.00785263  
0.0062096  2.76121  
3.37265  0  
1.22378  5.57165e-06  
7.19098e-09  3.18953  
0.625123  1.71707  
0.0282953  2.98702  
3.00166  4.28425e-10  
6.33044e-12  2.96645  
0.200759  2.18711  
0.00640135  2.84648  
0.102944  2.38172  
0.0782593  2.45267  
3.17474  2.46246e-06  
0.000947926  4.9135  
0.188005  2.21045  
3.17647  8.67943e-09  
0.701562  1.6085  
0.0359031  2.63195  
2.73726  0.120611  
2.86479  0.0360529  
0.00504521  2.81564  
0.00195369  4.64408  
0.461779  1.76716  
3.1694  3.22394e-07  
2.80119  0.0798291  
2.90724  0.0126466  
2.84007  0.0729868  
0.424633  2.10196  
2.86104  0.0581039  
7.14536e-12  3.34832  
0.00626553  3.14057  
0.969434  0.13081  
0.000329506  2.91217  
0.214127  2.67973  
2.99018  2.31931e-06  
3.05053  1.77388e-09  
3.36864  0  
5.27864e-19  3.77166  
0.96775  0.130582  
0.26629  2.35494  
0.137549  2.58386  
0.461971  1.83175  
0.00947921  3.34801  
3.02441  0.000628578  
1.57156e-17  4.78531  
0.736006  1.92959  
3.93743e-17  4.38652  
2.90399  0.0500311  
0.00468361  3.65747  
9.10354e-12  4.03754  
2.91353  0.0456122  
6.46748e-18  4.66364  
0.0102032  3.638  
2.99109  0.114365  
0.10949  3.11683  
0.195736  2.79723  
0.0784774  3.59733  
0.465467  1.76895  
2.7337  0  
0.698743  1.482  
0.204603  2.11897  
1.07401  0.144919  
2.68764  0  
2.56264  1.00242e-07  
0.117546  2.37045  
0.625807  1.52484  
2.1485  0.0377986  
2.99192e-16  3.06501  
0.0547306  2.54654  
0.184221  2.27337  
0.642487  1.46236  
0.40344  1.84283  
0.921692  0.942402  
0.224883  1.95452  
0.563708  1.52674  
0.0639028  2.42176  
0.955377  0.128912  
2.11753  0.027849  
2.0213  0.0583227  
2.0537  0.0362609  
2.12607  1.28008e-07  
1.98708  0.102773  
2.09152  5.6758e-09  
2.03467  0.0382269  
0.0866612  2.37082  
0.540851  1.14712  
0.29003  1.38326  
0.828077  0.824489  
0.0811145  2.40454  
0.751242  0.952517  
0.000684203  1.92781  
0.636397  1.02483  
0.278421  1.92076  
2.0799  9.25864e-07  
0.0450252  2.47737  
0.326287  1.22399  
0.332937  1.75835  
0.0155622  1.62842  
0.105877  1.26369  
2.1266  0  
0.832888  0.112393  
0.293341  0.476151  
0.0147609  2.70003  
2.49597  0  
0  1.84821  
0  2.72646  
1.0272  3.34882e-07  
0.0186755  1.52247  
0.000652242  2.7584  
0.835321  1.02162  
0.745697  1.01706  
0.000643113  2.7198  
2.122  0  
1.9213  0.0596351  
0.00241977  1.65238  
0.0210582  2.54783  
0.146596  1.19193  
0.00509674  2.64208  
0.0427388  1.45299  
0.00013339  1.768  
1.90036  0.113822  
0.370647  1.67876  
0.0725574  1.35102  
0.0125292  1.6174  
1.94316  0.0984932  
0.0373394  1.49303  
0.943657  0.127343  
0.0875182  1.90122  
0.571421  1.18826  
2.17223  4.30158e-06  
0.372585  1.53333  
0.775937  0.95804  
2.02138  0.0598916  
0.00620324  2.64984  
0.0527811  2.4061  
2.85252e-16  2.9222  
0.880765  0.902087  
0.561328  1.27763  
2.05425  0.0407529  
0.303163  1.83595  
0.920715  0.855076  
0.768072  1.04685  
0.035953  2.50529  
0.0785439  2.32834  
1.95612  0.0966504  
0.0167034  2.6321  
2.10118  0.0388898  
0.880048  0.927216  
2.19445  2.21506e-07  
0  3.27319  
0.961396  0.129593  
0.196063  2.01912  
0.433977  1.5667  
2.20583  4.36811e-06  
0.662101  1.43259  
0.000667943  2.82481  
2.12944  0.0399144  
0.268501  1.17638  
0.169298  1.37087  
0.246401  1.2107  
0.0719045  1.64263  
0.387003  1.0668  
1.97462  0.00111298  
0.583952  0.854441  
0.103271  1.52066  
0.307684  1.11788  
7.38697e-05  2.13231  
0.757879  0.675165  
1.78535  0.0149713  
0.489898  0.936823  
0.0369854  1.80624  
0.193608  1.28923  
0.953822  0.128772  
1.99719  0  
1.04631e-05  2.0452  
0.0483906  1.71162  
3.85425e-06  1.9004  
1.46445  0  
0.745699  0.44489  
0.311537  0.858774  
0.00267918  1.55465  
0.616791  0.499215  
1.41443  0.0181538  
0.937574  0.126523  
0.375022  0.717147  
0.158765  1.17465  
5.28381e-05  1.52521  
0.164003  0.964865  
0.0269054  1.25241  
1.19406  0.120849  
0.502221  0.610979  
0.0669521  1.06473  
0.0112582  1.22927  
0.817817  0.110363  
0.0539361  1.59706  
0.514886  0.305691  
0.500548  0.61701  
0.126596  1.03432  
0.237018  0.516642  
1.00427  1.11496e-16  
0.505098  0.603888  
0.164298  0.953102  
0.141883  0.974979  
1.38695  0.0309657  
0.0587759  1.55049  
0.00639953  2.02407  
8.51542e-05  1.4469  
0.00396666  1.84986  
0.196798  0.934169  
0.0497433  1.68286  
1.4598  1.62071e-16  
0.106873  1.03158  
1.27984  0.0768448  
1.248  0.106198  
0.05169  1.15353  
1.30769  0.075283  
0.558209  0.560463  
0.188447  0.942883  
0.226526  0.877312  
0.444613  0.650559  
0.00296066  1.38071  
0.76137  0.488548  
1.33225  0.0595922  
0.682977  0.468876  
0  1.55076  
1.20142  0.114597  
1.39834  0.0373236  
0.594672  0.542704  
0.54722  0.583723  
1.37986  0.0436933  
1.44164  0.012286  
3.98798e-07  1.96831  
0.000160593  1.8704  
1.40382  0.0254579  
0  2.04214  
0.681581  0.497179  
1.46867  0  
0.477641  0.654302  
0.714067  0.74103  
0.944169  0.127416  
0.239969  1.11222  
1.65653  1.83912e-16  
0.000506126  1.88288  
0.763634  0.451157  
0.00570608  1.80474  
0.345689  0.995973  
0.324608  1.1069  
0.612342  0.551589  
0.0139112  1.72401  
0.128133  1.40823  
0.000168694  1.96475  
0.455733  0.891938  
1.5168  0.0233572  
0.0902992  1.51919  
0  2.04788  
0.00423229  1.81747  
0.00966859  1.7943  
0.182098  0.573456  
0.288929  0.462694  
0.468724  0.315549  
0.0219026  0.852283  
0.499385  0.293475  
0.171355  0.586187  
0.094659  0.692573  
0.228154  0.522532  
0.35721  0.402462  
0.380908  0.382977  
0.299972  0.452446  
0.00399752  0.936936  
0.28086  0.470158  
0.256107  0.494118  
0.308092  0.445089  
0.0633867  0.748475  
0.913613  0.0443069  
0.949882  0.0254948  
0.4175  0.354  
0.135009  0.632778  
0.0575049  0.760458  
0.462741  0.319923  
0.970664  0.0149157  
0.123121  0.649374  
0.128973  0.641114  
0.110028  0.668446  
0.294014  0.457965  
0.391585  0.374429  
0.850102  0.0780737  
0.927035  0.0373301  
0.0104794  0.898002  
0.861392  0.0720466  
0.363342  0.397382  
0.157219  0.603718  
0.0745999  0.72705  
0.165975  0.592755  
0.0251538  0.841674  
0.20075  0.552132  
0.0983495  0.686688  
0.0372637  0.807143  
0.318309  0.435965  
0.813299  0.0982965  
0.0287971  0.830527  
0.9996  0.000289948  
0.0477351  0.781825  
0.0853213  0.708071  
0.988208  0.00603162  
0.249826  0.500308  
0.089887  0.700447  
0.245841  0.50435  
0.209153  0.542908  
0.900314  0.0512537  
0.142653  0.622472  
0.494203  0.297117  
0.240152  0.510129  
0.326839  0.428448  
0.176638  0.579904  
0.150035  0.61284  
1.01382  0  
0.349151  0.409272  
0.115752  0.659991  
0.0702203  0.735216  
0.404411  0.364241  
0.398233  0.369148  
0.0148642  0.880245  
0.197099  0.556222  
0.0780678  0.720766  
0.435669  0.340119  
0.190523  0.563656  
0.0193908  0.861002  
0.368913  0.392774  
0.0315849  0.822498  
0.86679  0.0690711  
0.838994  0.0841746  
0.452151  0.327723  
0.00748618  0.916002  
0.938358  0.0313962  
0.443422  0.334271  
0.233425  0.516978  
0.87591  0.0641708  
0.961891  0.0193405  
0.975859  0.0122309  
0.0432698  0.792109  
0.802766  0.104135  
0.487332  0.302069  
0.0527566  0.770657  
0.220056  0.531019  
0.336716  0.419865  
0  1.00374  
0.430107  0.3443  
0.265592  0.484808  
0.0162465  0.872813  
0.104721  0.676557  
0.826164  0.0911616  
0.272348  0.478295  
0.424377  0.348663  
0.888274  0.0576227  
0.215333  0.536135  
0.411228  0.358856  
0.474686  0.311118  
0.00113428  0.966321  
0.356207  0.403169  
0.0897577  0.700404  
0.153038  0.6088  
0.0181945  0.865113  
0.821785  0.0934763  
0.800018  0.105563  
0.00341452  0.941566  
0.841679  0.0825693  
0.0401778  0.799556  
0.424206  0.348689  
0.0359412  0.810418  
0.0296613  0.827775  
0.0599432  0.755167  
0.859445  0.0729374  
0.126467  0.644377  
0.474815  0.310932  
0.499954  0.292926  
0.162072  0.597418  
0.240929  0.509154  
0.365353  0.395556  
1  0  
0.307333  0.445624  
0.262724  0.487434  
0.279642  0.471188  
0.811517  0.0991576  
0.335225  0.421014  
0.342101  0.415106  
0.0090623  0.904804  
0.0951867  0.691477  
0.0124916  0.888234  
0.0258422  0.839245  
0.869664  0.067442  
0.270995  0.479428  
0.45023  0.329008  
0.407478  0.36166  
0.255407  0.494622  
0.0217635  0.852475  
0.466157  0.317243  
0.0804059  0.716441  
0.0706314  0.734234  
0.916373  0.0427265  
0.927707  0.0368248  
0.323746  0.431013  
0.294208  0.45759  
0.442131  0.335071  
0.457934  0.323292  
0.00614116  0.921634  
0.193859  0.559706  
0.316398  0.437508  
0.0152139  0.876655  
0.18603  0.568689  
0.0744752  0.727099  
0.101536  0.681353  
0.227591  0.522935  
0.141023  0.62447  
0.896043  0.0534043  
0.98829  0.00587249  
0.851395  0.0772893  
0.374099  0.388364  
0.0658441  0.743399  
0.222207  0.528612  
0.112892  0.664006  
0.938703  0.0311331  
0.119855  0.653799  
0.215154  0.536153  
0.832779  0.087433  
0.349404  0.408896  
0.485235  0.303412  
0.886306  0.058562  
0.0329453  0.818492  
0.106223  0.674082  
0.17399  0.582879  
0.904886  0.0487449  
0.383649  0.380606  
0.148337  0.614854  
0.208614  0.543257  
0.492098  0.298503  
0.399685  0.367794  
0.978099  0.0110111  
0.201937  0.550627  
0.167918  0.590222  
0.180048  0.575679  
0.235022  0.51521  
0.0488454  0.77899  
0.967086  0.0165946  
0.0538041  0.768043  
0.300568  0.451759  
0.415469  0.355431  
0  1  
0.949138  0.0257627  
0.13313  0.63513  
0.287844  0.463489  
0.87717  0.0634266  
0.045139  0.787541  
0.393652  0.372583  
0.0849547  0.70853  
0.432984  0.341985  
0.957859  0.0212975  
0.247745  0.50226  
0.833901  0.0868184  
0.399291  0.368105  
0.0350236  0.812854  
0.967747  0.0162585  
0.167771  0.590402  
0.920186  0.0407368  
0.332704  0.423195  
0.407607  0.361559  
1  0  
0.854356  0.0756864  
0.474966  0.310822  
0.458183  0.323108  
0.254738  0.495284  
0.295198  0.456679  
0.929731  0.0357744  
0.947612  0.0265463  
0.957802  0.0213266  
0.450506  0.328803  
0.391777  0.374079  
0.21574  0.535522  
0.230782  0.519602  
0.800018  0.105563  
0.433642  0.341485  
0.00322524  0.943209  
0.237466  0.512696  
0.100638  0.682766  
0.0304057  0.825628  
0.116423  0.658792  
0.822824  0.0929035  
0.416546  0.354596  
0.0182073  0.865065  
0.288203  0.463154  
0.279419  0.471399  
0.308303  0.444749  
0.88065  0.0615703  
0.134385  0.633415  
0.179944  0.575802  
0.20757  0.544402  
0.0738907  0.728172  
0.139871  0.626007  
0.0626186  0.749763  
0.146086  0.617788  
0.152401  0.609614  
0.339733  0.417133  
0.262789  0.48737  
0.0219982  0.851682  
0.0476107  0.781801  
0.302743  0.449779  
0.355004  0.404178  
0.0384778  0.803843  
0.978807  0.0106534  
0.105935  0.674523  
0.379041  0.384337  
0.200555  0.552166  
0.0943609  0.692818  
0  1  
0.0517453  0.772524  
0.00105246  0.967558  
0.325542  0.429437  
0.122238  0.650375  
0.989161  0.00543445  
0.349208  0.409061  
0.0263146  0.837782  
0.317457  0.436567  
0.271311  0.479125  
0.127921  0.642339  
0.483044  0.304986  
0.890826  0.0561645  
0.939342  0.0308034  
0.246529  0.503483  
0.011553  0.892515  
0.864403  0.0702673  
0.0890494  0.701589  
0.112687  0.664311  
0.0560634  0.763223  
0.499992  0.292899  
0.371772  0.390269  
0.491206  0.299139  
0.0791262  0.718706  
0.0146005  0.879167  
0.872442  0.0659537  
0.22342  0.527327  
0.386292  0.378476  
0.899853  0.0513942  
0.0431437  0.792289  
0.00866825  0.906897  
0.192789  0.560922  
0.083851  0.71043  
0.185184  0.56967  
0.00586936  0.923388  
0.909688  0.0462241  
0.811895  0.0989478  
0.159151  0.601063  
0.175186  0.581448  
0.362376  0.398023  
0.845646  0.0804099  
0.423751  0.349038  
0.442029  0.335148  
0.0678333  0.739552  
0.465024  0.318073  
0.289757  0.46171  
0.243428  0.506616  
0.000965018  0.968935  
0.02632  0.837765  
0.948412  0.0261355  
0.350461  0.408003  
0.800007  0.105569  
0.988913  0.00555894  
0.827581  0.0902854  
0.463077  0.319502  
0.492567  0.298169  
0.868211  0.0682217  
0.809051  0.100527  
0.206894  0.545144  
0.141913  0.623286  
0.0915438  0.697438  
0.484667  0.30382  
0.0669106  0.741329  
0.0821127  0.713447  
0.436755  0.339125  
0.0725475  0.730654  
0.856895  0.0743137  
0.0436487  0.791077  
0.476964  0.309374  
0.0780514  0.720623  
0.454791  0.325618  
0.846041  0.0801951  
1  0  
0.906707  0.0477882  
0.835909  0.0857196  
0.0112439  0.893963  
0.305171  0.447577  
0.103125  0.678868  
0.0053606  0.926784  
0.383122  0.381031  
0.296746  0.455256  
0.173832  0.583069  
0.228446  0.52204  
0.428482  0.345415  
0.888803  0.0572365  
0.192953  0.560736  
0.221631  0.529224  
0.154365  0.607107  
0.135028  0.632539  
0.967776  0.0162442  
0.33752  0.419036  
0.958904  0.0207638  
0.0085879  0.907329  
0.235525  0.514691  
0.469582  0.314739  
0.0868493  0.705298  
0.186668  0.567949  
0.0188604  0.862667  
0.0342196  0.815015  
0.446403  0.331866  
0.257977  0.492086  
0.322549  0.432066  
0.356911  0.402579  
0.0969672  0.688605  
0.249828  0.500172  
0.419469  0.352336  
0.0224339  0.850221  
0.00285953  0.946525  
0.401715  0.36619  
0.179684  0.576108  
0.499992  0.292899  
0.167442  0.590803  
0.314302  0.439373  
0.365571  0.395375  
0.818308  0.0953965  
0.0522851  0.771341  
0.199172  0.553713  
0.898888  0.0519028  
0.4112  0.358752  
0.120569  0.65277  
0.0151536  0.8769  
0.936393  0.0323262  
0.0300472  0.826659  
0  1  
0.926784  0.0373039  
0.109681  0.668819  
0.215093  0.536219  
0.27174  0.478713  
0.148351  0.614837  
0.282595  0.468403  
0.374478  0.388054  
0.115853  0.659629  
0.0387182  0.803231  
0.263968  0.486222  
0.9169  0.0424509  
0.344868  0.412746  
0.97755  0.0112886  
0.330857  0.424798  
0.127994  0.642238  
0.878825  0.0625433  
0.0617169  0.751571  
0.160598  0.599254  
0.0472519  0.782625  
0.392554  0.373459  
0.0569048  0.761453  
0.860251  0.0725028  
0.00083817  0.971049  
0.00326371  0.942871  
0.33226  0.42358  
0.800007  0.105569  
0.172463  0.584714  
0.0948455  0.69203  
0.159668  0.600415  
0.15479  0.606566  
0.181251  0.574264  
0.811436  0.0992024  
0.989976  0.00502445  
0.31423  0.439438  
0.0374435  0.806497  
0.474128  0.311431  
0.397241  0.36973  
0.0715041  0.732597  
0.205834  0.546311  
0.911177  0.0454439  
0.499994  0.292897  
0.446715  0.331633  
0.436845  0.339057  
0.0142159  0.88077  
0.10633  0.673917  
0.382019  0.381923  
0.430125  0.344161  
0.841541  0.0826445  
0.0332146  0.817751  
0.0283666  0.831576  
0.247277  0.50273  
0.240744  0.509344  
1  0  
0.00653916  0.919135  
0.126401  0.644471  
0.980602  0.00974669  
0.292881  0.458815  
0.133704  0.634345  
0.879254  0.0623145  
0.461089  0.320965  
0.423202  0.34946  
0.277683  0.473044  
0.325842  0.429175  
0.889271  0.0569885  
0.218502  0.532558  
0.958343  0.02105  
0.973812  0.0131808  
0.0666125  0.741906  
0.354946  0.404227  
0.869585  0.0674846  
0.164837  0.593999  
0.0833486  0.711298  
0.111781  0.665663  
0.964016  0.0181568  
0.0167771  0.870474  
0.89982  0.0514114  
0.0411432  0.797162  
0.922274  0.0396493  
0.0100462  0.899769  
0.193736  0.559845  
0.830626  0.088613  
0.0521516  0.771633  
0.0763665  0.723655  
0.300646  0.451688  
0.945259  0.0277557  
0.363021  0.397488  
0.262283  0.487864  
0.934562  0.0332727  
0.850841  0.0775894  
0.0634369  0.748133  
0.119976  0.653625  
0.389891  0.375587  
0.453358  0.326681  
0.467019  0.316612  
0.413625  0.356863  
0.307576  0.445405  
0.225909  0.524701  
0.255636  0.494396  
8.24388e-08  0.999713  
0.0240554  0.844902  
0.100259  0.683364  
0.0898007  0.700332  
0.270451  0.479951  
0.233096  0.5172  
0.0574735  0.760264  
0.284663  0.466462  
0.187377  0.56713  
0.339907  0.416985  
0.0201239  0.858141  
0.404938  0.363653  
0.046668  0.783972  
0.199554  0.553285  
0.320074  0.434249  
0.147146  0.616404  
0.492338  0.298332  
0.212401  0.53913  
0.346452  0.411398  
0.820775  0.0940338  
0.142128  0.623001  
0.484323  0.304067  
0.373902  0.388525  
0.444754  0.333101  
0.322497  0.432112  
0.412311  0.357886  
0.131484  0.637393  
0.800007  0.105569  
0.214154  0.537233  
0.182307  0.573025  
0.451667  0.327938  
0.067816  0.739585  
1  0  
0.0830126  0.711881  
0.884233  0.0596635  
0.475071  0.310746  
0.422017  0.350371  
0.177452  0.578749  
0.306635  0.446254  
0.22704  0.523513  
0.0156402  0.874939  
0.360553  0.399539  
0.0935484  0.694143  
0.906984  0.047643  
0.0540992  0.767408  
0.989331  0.00534906  
0.937904  0.0315456  
0.401955  0.366001  
0.0877073  0.703846  
0.282506  0.468487  
0.383708  0.380558  
0.0732323  0.729385  
0.917882  0.0419382  
0.00272636  0.947785  
0.865265  0.069804  
0.125415  0.64586  
0.0590439  0.75701  
0.834816  0.0863174  
0.0778304  0.721019  
0.233017  0.517282  
0.2905  0.46102  
0.164608  0.594281  
0.255912  0.494123  
0.428971  0.345042  
0.0451234  0.787577  
0.844874  0.0808296  
0.483123  0.304929  
0.238874  0.511253  
0.491268  0.299095  
0.0117353  0.891671  
0.2209  0.53  
0.0241179  0.844701  
0.275214  0.475392  
0.099416  0.684697  
0.268905  0.481439  
0.353052  0.405818  
0.948227  0.0262305  
0.0198487  0.859115  
0.968509  0.0158712  
0.436032  0.339673  
0.194796  0.558643  
0.26219  0.487955  
0.46691  0.316692  
0.170857  0.586651  
0.000868362  0.970532  
0.0500443  0.776294  
0.207988  0.543943  
0.119566  0.654217  
8.14242e-08  0.999715  
0.0357455  0.810935  
0.345234  0.412434  
0.855196  0.0752318  
0.3139  0.439732  
0.874516  0.0648443  
0.00548071  0.925968  
0.156901  0.603892  
0.459239  0.322328  
0.144848  0.619411  
0.138123  0.628351  
0.329883  0.425646  
0.33766  0.418915  
0.10699  0.672907  
0.248835  0.501167  
0.956755  0.0218614  
0.392344  0.373626  
0.927039  0.0371713  
0.36725  0.393989  
0.499994  0.292897  
0.81587  0.0967447  
0.189606  0.564563  
0.976997  0.0115685  
0.0317443  0.821831  
0.0277292  0.833479  
0.150646  0.611869  
0.825943  0.0911858  
0.0403461  0.799137  
0.891553  0.055779  
0.00836522  0.908538  
0.111995  0.665344  
0.374561  0.387986  
0.0635879  0.747834  
0.29884  0.453337  
0.200795  0.551899  
