0.987427  0.723365  
0.726322  1.29407  
0.682543  1.28873  
1.5792  0.549553  
1.66218  0.305766  
0.199339  0.553526  
1.19999  0.799726  
2.13846  0.324028  
0.0348188  0.813402  
1.4306  0.555805  
0.00223558  0.952718  
2.39744  0.0570307  
0.822539  1.03712  
0.0455731  0.786521  
0.193278  0.560366  
0.973843  0.898389  
1.75463  0.23809  
2.06909  0.201167  
0.736873  1.20252  
2.24371  0.275978  
0.0490897  0.778438  
0.901483  1.0769  
2.22695  0.226457  
0.0437083  0.790935  
1.37229  0.811436  
1.0789  0.884898  
0.871392  0.881327  
1.25138  0.59128  
1.68744  0.504738  
0.190245  0.563829  
2.06081  0.19943  
0.989333  1.00962  
1.41273  0.609932  
0.00473567  0.931184  
1.009  0.943428  
1.70608  0.207555  
2.08552  0.272638  
1.41223  0.536838  
0.166311  0.592188  
2.25526  0.152302  
0.854054  1.1131  
0.956278  0.858718  
1.53386  0.446923  
1.46853  0.50669  
1.68095  0.582078  
2.20784  0.128931  
1.51168  0.7135  
0.178108  0.577972  
2.14174  0.187523  
0.871819  0.802103  
0.0930416  0.694973  
0.710988  1.34914  
0.19679  0.55639  
0.0365642  0.808782  
0.00769683  0.912268  
0.87871  0.966748  
1.72436  0.242695  
2.49644  0.0241753  
1.92395  0.157787  
0.183708  0.571389  
1.23323  0.816023  
1.19462  0.912231  
0.14791  0.615409  
2.06834  0.0898867  
1.77969  0.423644  
0.05015  0.776058  
0.15405  0.607508  
0.771132  1.07796  
1.5456  0.637873  
0.139471  0.626542  
1.73624  0.451674  
2.14226  0.23807  
0.141782  0.623461  
2.38062  0.0554566  
2.13764  0.185613  
0.0855611  0.707492  
0.0670199  0.741118  
1.70833  0.169596  
1.8498  0.449425  
0.831094  0.919684  
0.118034  0.656439  
1.33669  0.616231  
0.000336041  0.981669  
0.798351  1.1501  
1.32277  0.776787  
2.26065  0.180752  
1.15179  0.912239  
0.614224  1.31171  
0.973923  0.891448  
1.95457  0.355471  
1.08352  0.798606  
0.0455685  0.786532  
1.59386  0.414029  
1.1324  1.01435  
2.11406  0.0949582  
0.193848  0.559719  
0.543985  1.21631  
1.13578  0.654827  
0.985334  0.863775  
0.720172  1.22885  
1.3034  0.160611  
1.31472  0.0015075  
1.40815  0  
1.24666  0.00751404  
1.28159  3.17581e-12  
1.18211  0.146172  
1.23197  0.0106936  
1.27524  0  
1.09524  0.135429  
1.15227  0  
0.689439  1.43655  
0.60887  1.47825  
1.14744  0.00939287  
1.14946  0.00135826  
1.14476  0.00477274  
0.774561  1.28921  
1.15  0  
0.516718  1.32012  
1.03554  0.128047  
0.0448401  0.788245  
0.0261862  0.838178  
0.131261  0.637701  
0.0112543  0.893914  
0.103462  0.678345  
0.090158  0.699737  
0.117168  0.657702  
0.161341  0.598328  
0.145714  0.618275  
0.000939618  0.969347  
0.176227  0.580206  
1.16354  0.00259431  
0.00260413  0.948969  
0.0498578  0.776711  
0.184072  0.570964  
0.00526026  0.927472  
1.34144e-05  0.996337  
0.0777896  0.721092  
0.135663  0.631675  
0.00784454  0.911431  
0.0579968  0.759175  
1.37823  0.0112821  
0.060614  0.753801  
0.0837608  0.710585  
0.0808404  0.715676  
1.08012  0.209479  
0.825676  0.160132  
0.15328  0.60849  
0.199983  0.552806  
0.0719896  0.731691  
1.05  0  
0.949229  0.117375  
0.0967693  0.688922  
0.0146626  0.878911  
0.138451  0.627911  
0.00318385  0.943574  
0.0396781  0.800806  
0.0455009  0.786691  
0.124163  0.647633  
0.998928  0.0748328  
0.192721  0.560999  
1.04066  0.00903306  
0.168488  0.589527  
0.110223  0.668001  
0.0310091  0.823906  
0.0162507  0.872522  
0.0219675  0.851786  
0.0545763  0.766384  
0.0182144  0.865039  
0.0349454  0.813063  
0.149814  0.612942  
0.180241  0.575452  
0.100278  0.683333  
0.120475  0.652905  
0.17166  0.585681  
0.126367  0.644519  
0.107135  0.672684  
0.0865316  0.705838  
0.142628  0.622339  
0.158951  0.601314  
0.186103  0.568604  
0.00936295  0.903238  
0.129675  0.639896  
0.0747333  0.726626  
0.0412678  0.796855  
0.095172  0.6915  
0.197954  0.55508  
0.00663013  0.918574  
0.0118454  0.891163  
0.0433358  0.791828  
0.0390132  0.802483  
0.122683  0.649739  
0.0662753  0.74256  
0.17924  0.576632  
0.136478  0.630571  
0.101282  0.681752  
0.143806  0.620782  
0.0184356  0.864222  
1.04926  0.00571902  
0.044333  0.789446  
0.143201  0.621581  
0.167675  0.590519  
0.128599  0.641393  
0.00354145  0.94049  
0.175556  0.581006  
0.0481641  0.780537  
0.0503548  0.775601  
0.167671  0.590523  
0.0388237  0.802963  
0.0760065  0.724307  
0.105887  0.674597  
0.0731497  0.729538  
0.0590959  0.756904  
0.0330925  0.818087  
0.0432055  0.792141  
0.170023  0.587662  
0.122496  0.650005  
0.133059  0.635227  
0.162572  0.596798  
0.128676  0.641285  
0.0661707  0.742763  
0.103339  0.678536  
0.117107  0.657791  
0.131232  0.637741  
0.0902854  0.699525  
0.160769  0.599039  
0.0144467  0.879806  
0.176105  0.580352  
0.030491  0.825383  
0.044726  0.788515  
0.0550705  0.765329  
0.19054  0.563491  
0.168469  0.58955  
0.106833  0.673147  
0.0027578  0.947485  
0.0319811  0.821167  
0.124112  0.647705  
0.153263  0.608512  
1.05  0  
0.0837388  0.710623  
0.000889614  0.970174  
0.00784095  0.911451  
0.199989  0.552798  
0.188006  0.566403  
0.0967838  0.688899  
0.050006  0.77638  
0.81641  0.158335  
0.955596  0.0673529  
0.992592  0.00783339  
0.138448  0.627914  
0.145792  0.618173  
0.0396694  0.800828  
0.000610755  0.975287  
0.0219668  0.851788  
0.077787  0.721097  
0.053902  0.767832  
0.0606013  0.753827  
0.0795907  0.717882  
0.94059  0.116306  
0.00163136  0.95961  
0.0719442  0.731776  
1.51799e-05  0.996104  
0.194906  0.558519  
0.184047  0.570993  
0.0261777  0.838205  
0.0350607  0.812755  
0.0181155  0.865406  
0.00509486  0.928622  
0.179619  0.576185  
0.0869382  0.705147  
0.164806  0.594037  
0.149511  0.613334  
0.113633  0.662905  
0.107971  0.67141  
0.0924364  0.695966  
0.134943  0.632654  
0.157283  0.603411  
0.120516  0.652847  
0.127266  0.643257  
0.172421  0.584764  
0.100229  0.683411  
0.0152232  0.876618  
0.0068762  0.917077  
0.110197  0.66804  
0.0476502  0.781711  
0.0690587  0.73721  
0.0126237  0.887645  
0.0420829  0.794859  
0.0748904  0.726339  
0.14077  0.624807  
0.0577844  0.759616  
0.0329229  0.818553  
0.023817  0.845672  
0.0374281  0.806537  
0.0101352  0.899326  
0.0286556  0.83072  
0.0161755  0.872817  
0.011011  0.895067  
0.00379575  0.93839  
0.196354  0.556882  
0.155154  0.606104  
0.0879874  0.703373  
0.0913781  0.697712  
0.10462  0.676549  
0.159509  0.600614  
0.0852976  0.707943  
0.154964  0.606346  
0.122355  0.650207  
0.101708  0.681083  
0.111884  0.665509  
0.118861  0.655238  
0.166566  0.591876  
0.182103  0.573265  
0.140277  0.625464  
0.129357  0.640337  
0.170402  0.587202  
0.143966  0.620571  
0.189996  0.564115  
0.19779  0.555264  
0.17435  0.582448  
0.186054  0.56866  
0.178135  0.57794  
0.151544  0.610713  
0.0446614  0.788667  
0.0551224  0.765218  
0.00643595  0.919776  
0.0661669  0.742771  
0.0777393  0.721182  
0.180148  0.575561  
0.0901591  0.699735  
0.0180473  0.86566  
0.117081  0.657828  
0.145795  0.61817  
1.05  0  
0.176231  0.580201  
0.133292  0.634908  
0.191996  0.561826  
0.940088  0.116244  
0.000498398  0.977675  
0.0143666  0.880139  
0.0498081  0.776823  
0.071886  0.731884  
0.160825  0.59897  
0.0966924  0.689046  
0.124104  0.647715  
0.157002  0.603765  
0.0837012  0.710688  
0.81536  0.158131  
0.0396284  0.800931  
0.103378  0.678476  
0.00780717  0.911642  
0.00273122  0.947739  
0.0219386  0.851883  
0.199995  0.552792  
0.131196  0.637791  
0.138419  0.627953  
0.990162  0.00781422  
0.106746  0.67328  
0.0304231  0.825578  
1.51799e-05  0.996104  
0.153268  0.608505  
0.945277  0.0666041  
0.00100878  0.968239  
0.168484  0.589532  
0.110153  0.668108  
0.184067  0.57097  
0.0605668  0.753897  
0.0349492  0.813053  
0.0261079  0.838421  
0.0109602  0.895309  
0.00510197  0.928572  
0.188024  0.566382  
0.164656  0.594222  
0.172341  0.584861  
0.149489  0.613362  
0.14209  0.623052  
0.0689935  0.737334  
0.195964  0.557322  
0.134961  0.63263  
0.113601  0.662952  
0.0524554  0.770969  
0.120595  0.652732  
0.0868984  0.705215  
0.100026  0.683731  
0.127597  0.642793  
0.0933963  0.694392  
0.0747438  0.726607  
0.0806433  0.716022  
0.0633462  0.748313  
0.0420937  0.794833  
0.0578315  0.759518  
0.0472194  0.7827  
0.0325941  0.819462  
0.0239276  0.845315  
0.0282542  0.83191  
0.0199852  0.858631  
0.0161695  0.87284  
0.00935132  0.903298  
0.0126319  0.887608  
0.00398322  0.936887  
0.00182177  0.957318  
0.118852  0.65525  
0.062099  0.750803  
0.143932  0.620616  
0.189722  0.564429  
0.098348  0.686395  
0.182093  0.573277  
0.108422  0.670725  
0.194046  0.559494  
0.178191  0.577873  
0.174229  0.582593  
0.162748  0.59658  
0.18603  0.568688  
0.0853071  0.707926  
0.140249  0.625502  
0.158966  0.601295  
0.170394  0.587212  
0.197998  0.55503  
0.15514  0.606122  
0.0918193  0.696983  
0.151309  0.611016  
0.00461567  0.932061  
0.000576442  0.975991  
0.0551475  0.765165  
1.05  0  
0.0446658  0.788657  
0.009151  0.904339  
0.0900744  0.699876  
0.131206  0.637777  
0.117075  0.657837  
0.103375  0.67848  
0.0661288  0.742845  
0.176221  0.580213  
0.191985  0.561839  
0.937798  0.115961  
0.0143609  0.880163  
0.0304076  0.825622  
0.110162  0.668093  
0.145773  0.618198  
0.0498057  0.776828  
0.0718887  0.731879  
0.12409  0.647735  
0.0966618  0.689095  
0.0219068  0.851991  
0.81327  0.157726  
0.00780087  0.911677  
0.988251  0.00771228  
0.0777514  0.721161  
0.160831  0.598962  
0.0836765  0.710731  
0.13841  0.627966  
0.127683  0.642672  
0.00273448  0.947708  
1.51799e-05  0.996104  
0.15703  0.60373  
0.060527  0.753978  
0.199998  0.552788  
0.039616  0.800962  
0.943176  0.066456  
0.168464  0.589557  
0.184052  0.570987  
0.153243  0.608537  
0.0349229  0.813123  
0.0259889  0.838789  
0.0420969  0.794825  
0.018057  0.865624  
0.0108986  0.895604  
0.00509092  0.928649  
0.000984227  0.968628  
0.188001  0.566409  
0.195977  0.557307  
0.172335  0.584868  
0.0691147  0.737103  
0.180128  0.575586  
0.149377  0.613506  
0.052435  0.771013  
0.142092  0.623049  
0.16465  0.594229  
0.0239579  0.845217  
0.100009  0.683758  
0.0934013  0.694384  
0.0472492  0.782631  
0.113605  0.662946  
0.120538  0.652815  
0.0747957  0.726512  
0.13479  0.632862  
0.106715  0.673327  
0.0869232  0.705173  
0.0635011  0.748006  
0.080723  0.715882  
0.0577809  0.759623  
0.0126076  0.887717  
5.09272e-10  0.999977  
0.0281877  0.832108  
0.0372306  0.807048  
0.032696  0.81918  
0.00642785  0.919826  
0.0161861  0.872776  
0.0199391  0.858794  
0.0017834  0.95777  
0.00322999  0.943167  
0.164647  0.594233  
0.166556  0.591888  
0.0143627  0.880156  
0.032674  0.819241  
0.168479  0.589538  
0.160828  0.598967  
0.885018  0.109435  
0.0109496  0.89536  
0.134814  0.63283  
0.10003  0.683725  
0.0837075  0.710677  
0.170408  0.587195  
0.0605276  0.753976  
1.01989  0.000453245  
0.147673  0.615718  
0.00933863  0.903363  
0.0806975  0.715927  
0.0472474  0.782635  
0.030424  0.825575  
0.0747854  0.726531  
0.068999  0.737323  
0.0446229  0.788759  
0.13843  0.627938  
0.103393  0.678452  
0.191993  0.56183  
0.120583  0.65275  
0.145806  0.618154  
1.01225  0.00359954  
0.110168  0.668084  
0.153269  0.608504  
0.117092  0.657813  
0.182103  0.573264  
0.162724  0.596609  
0.0161835  0.872785  
0.0869086  0.705197  
0.066149  0.742806  
0.18802  0.566387  
0.00273189  0.947733  
0.107937  0.671462  
0.0396113  0.800974  
0.15515  0.606109  
0.0551009  0.765264  
0.18014  0.575571  
0.151399  0.610899  
0.174292  0.582517  
0.0239852  0.845128  
0.037262  0.806966  
0.00641364  0.919915  
0.0077973  0.911698  
0.0524295  0.771025  
0.186045  0.56867  
0.0950403  0.691714  
0.00510711  0.928536  
0.122749  0.649645  
0.178186  0.577879  
0.94272  0.0664238  
0.113623  0.662921  
1.05  0  
4.86663e-11  0.999993  
0.195606  0.557726  
0.0260867  0.838486  
0.01968  0.859715  
0.184071  0.570965  
0.0578068  0.75957  
0.0978469  0.687195  
0.133006  0.635301  
0.00387985  0.937712  
0.131212  0.637768  
0.0901351  0.699775  
0.0282391  0.831955  
0.125177  0.646197  
0.0180419  0.86568  
0.197988  0.555041  
0.15894  0.601327  
0.000384385  0.980394  
0.0497851  0.776874  
0.172344  0.584857  
0.143788  0.620807  
0.0718779  0.7319  
0.199998  0.552788  
0.14953  0.613309  
0.987923  0.00770972  
0.140266  0.625479  
0.111891  0.665499  
0.0347381  0.813618  
0.104912  0.676098  
0.127652  0.642715  
0.101617  0.681225  
0.0777385  0.721184  
0.0633439  0.748318  
0.0929231  0.695167  
0.000989806  0.968539  
0.176229  0.580204  
0.0126278  0.887626  
0.748657  0.145217  
0.19001  0.564098  
0.00180236  0.957546  
0.0420944  0.794831  
0.0219187  0.85195  
0.157034  0.603724  
0.00168117  0.958998  
0.110139  0.668128  
4.40849e-11  0.999993  
0.0229968  0.848353  
0.0337515  0.816284  
0.121033  0.652102  
0.0971915  0.688244  
0.0883794  0.702713  
0.168969  0.588942  
0.118851  0.655252  
0.154821  0.606527  
0.18321  0.571969  
0.161151  0.598564  
0.15074  0.611748  
0.075921  0.724462  
0.0595211  0.756031  
0.00677271  0.917704  
0.176659  0.579692  
0.0903555  0.699408  
0.00922764  0.903939  
0.0616914  0.751622  
0.102448  0.679925  
0.13023  0.639127  
0.114796  0.661185  
0.0839524  0.710255  
0.128208  0.641938  
0.0199307  0.858824  
1  0  
0.0150833  0.877186  
0.0215041  0.853357  
0.0920395  0.69662  
0.192265  0.56152  
0.0138396  0.882358  
0.0866772  0.70559  
0.112405  0.664732  
0.163331  0.595858  
0.00456058  0.932468  
0.0729103  0.729981  
0.166291  0.592212  
0.0184324  0.864234  
0.0551473  0.765165  
0.0523281  0.771247  
0.0466099  0.784107  
0.0572184  0.760796  
0.104958  0.676028  
0.116514  0.658659  
0.1806  0.57503  
0.0777649  0.721136  
0.134232  0.633623  
0.0118331  0.89122  
0.189847  0.564286  
0.94272  0.0664238  
0.107362  0.672339  
0.0485065  0.779758  
0.996991  0.00301009  
0.0384196  0.803991  
0.157414  0.603246  
0.0105002  0.897529  
0.171636  0.585711  
0.147616  0.615792  
0.12381  0.648134  
0.000308154  0.982446  
0.0446341  0.788732  
0.194639  0.558821  
0.0405912  0.798527  
0.197276  0.555842  
0.12594  0.645119  
0.0708874  0.733753  
0.0355527  0.811446  
0.00351477  0.940714  
0.174454  0.582323  
0.00571519  0.924401  
0.987549  0.00765703  
0.141254  0.624162  
0.000900924  0.969985  
0.026473  0.837295  
0.029845  0.827243  
0.0824532  0.712853  
0.0799775  0.717197  
0.137253  0.629523  
0.0662531  0.742603  
0.0425961  0.793612  
0.199998  0.552788  
0.132552  0.635923  
0.0946365  0.69237  
0.037032  0.807563  
0.144211  0.620248  
0.00274349  0.947622  
0.740622  0.143659  
0.00806202  0.910211  
0.0280648  0.832474  
0.0505294  0.775213  
0.186615  0.568011  
0.0248499  0.842361  
0.0167738  0.870486  
0.839967  0.103864  
0.0683757  0.738512  
0.0636938  0.747624  
0.0319767  0.82118  
0.0999399  0.683867  
0.112231  0.664991  
0.173185  0.583845  
0.105907  0.674567  
0.0985158  0.686128  
0.00304943  0.944778  
0.00211463  0.954015  
0.153853  0.607759  
0.0922133  0.696334  
0.175796  0.58072  
0.132275  0.636304  
0.100717  0.682641  
0.0830893  0.711748  
0.740622  0.143659  
0.0486737  0.779379  
0.0725051  0.730732  
0.052309  0.771288  
4.40849e-11  0.999993  
0.0961515  0.689917  
0.18747  0.567022  
0.0337456  0.8163  
0.128184  0.641972  
0.0140278  0.881561  
0.0788102  0.719268  
0.0369493  0.807778  
0.0503216  0.775675  
0.140621  0.625005  
0.0879649  0.703411  
0.166858  0.591517  
0.130368  0.638936  
0.00510006  0.928585  
0.170754  0.586776  
0.0768292  0.722819  
0.0430585  0.792495  
0.0861744  0.706445  
0.987515  0.00765677  
0.899797  0.0633747  
0.123421  0.648686  
0.0212643  0.854177  
0.0900339  0.699944  
0.150404  0.612181  
0.0297716  0.827456  
0.0811376  0.715153  
0.0744973  0.727058  
0.18236  0.572964  
0.000678476  0.973952  
0.0631893  0.748625  
0.0316216  0.822175  
0.145419  0.618661  
0.14323  0.621543  
0.193625  0.559972  
0.158015  0.602489  
0.197155  0.555979  
0.156001  0.60503  
0.825697  0.1021  
0.0174135  0.86804  
0.0241876  0.844476  
0.0466752  0.783956  
0.040888  0.797792  
0.00133486  0.963464  
0.17862  0.577366  
0.000212939  0.985408  
0.0231196  0.847949  
0.0124565  0.888391  
0.10309  0.678923  
0.190489  0.563549  
0.10912  0.669667  
0.0278862  0.833008  
0.0158548  0.874084  
0.120809  0.652424  
0.126046  0.64497  
0.0702404  0.734971  
0.0107939  0.896106  
0.0560757  0.763197  
0.00953574  0.902349  
0.115014  0.660863  
1  0  
0.0353044  0.812105  
0.0677201  0.739769  
0.160974  0.598785  
0.147887  0.615439  
0.0191135  0.861748  
0.00830995  0.908841  
0.0542801  0.767019  
0.0939771  0.693443  
0.117788  0.656798  
0.996991  0.00301009  
0.199998  0.552788  
0.0259907  0.838784  
0.138175  0.628282  
0.1847  0.570233  
0.134933  0.632667  
0.00599181  0.922593  
0.0450539  0.787741  
0.163486  0.595666  
0.0387562  0.803134  
0.0584165  0.758305  
0.0654661  0.744137  
0.00412719  0.935757  
0.00708484  0.915829  
0.0606659  0.753696  
0.170537  0.587039  
0.176431  0.579963  
0.062261  0.750478  
6.92263e-12  0.999997  
0.0730903  0.729648  
0.19071  0.563297  
0.00509106  0.928648  
0.0477762  0.781422  
0.0158543  0.874086  
0.0147779  0.878436  
0.137254  0.629522  
0.0545964  0.766341  
0.168383  0.589655  
0.182044  0.573334  
0.184535  0.570425  
0.114691  0.66134  
0.000302353  0.982612  
0.101654  0.681167  
0.0315719  0.822315  
0.0120614  0.890176  
0.157873  0.602668  
0.0452726  0.787226  
0.0369218  0.80785  
0.0880652  0.703242  
0.0038553  0.937909  
0.052482  0.770911  
0.987396  0.00765584  
0.110128  0.668144  
0.0909666  0.698393  
1  0  
0.059514  0.756045  
0.0798074  0.717498  
0.996991  0.00301009  
0.199998  0.552788  
0.173042  0.584017  
0.106148  0.674196  
0.143063  0.621763  
0.0952732  0.691336  
0.0756146  0.725019  
0.043048  0.79252  
0.0287071  0.830568  
0.162729  0.596603  
0.0389258  0.802704  
0.0973955  0.687917  
0.160371  0.599536  
0.00715016  0.915441  
0.0408026  0.798004  
0.0233046  0.847342  
0.11997  0.653633  
0.00947617  0.902654  
0.165369  0.593345  
0.124478  0.647186  
0.0663435  0.742428  
0.140384  0.625321  
0.081672  0.714217  
0.154858  0.606479  
0.0196058  0.859979  
0.0248488  0.842365  
0.129481  0.640166  
0.0856243  0.707384  
0.197209  0.555918  
0.0106415  0.896842  
0.820718  0.101484  
0.0835199  0.711002  
0.889386  0.0626414  
0.0703133  0.734833  
0.104047  0.677438  
0.151909  0.610245  
0.0682771  0.738701  
0.00260298  0.948981  
0.021478  0.853446  
0.00168374  0.958967  
0.0267064  0.836579  
0.127001  0.643627  
0.14901  0.613981  
0.186848  0.56774  
0.0335262  0.816898  
0.107974  0.671406  
0.0174376  0.867949  
0.0647208  0.745597  
0.0570646  0.761118  
0.11744  0.657304  
0.112114  0.665165  
0.132176  0.636439  
0.035233  0.812296  
0.0135355  0.883658  
0.0931474  0.694799  
0.19426  0.55925  
0.00834948  0.908625  
0.740622  0.143659  
0.12207  0.650615  
0.0500178  0.776353  
0.134581  0.633147  
0.0992623  0.684941  
0.145713  0.618276  
0.0303596  0.82576  
0.179125  0.576769  
0.000788706  0.971916  
0.0774532  0.721696  
0.00614956  0.921581  
0.00161707  0.959787  
3.34102e-12  0.999998  
0.00274582  0.947599  
0.145968  0.617943  
0.0458815  0.7858  
0.012188  0.889601  
0.00499519  0.929323  
0.199998  0.552788  
0.0284672  0.831278  
0.0438122  0.790686  
0.0252746  0.84102  
0.10291  0.679204  
0.0332893  0.817547  
0.13182  0.636929  
0.125432  0.645836  
0.180163  0.575543  
0.166025  0.592538  
0.740389  0.143613  
0.00822824  0.90929  
0.0153763  0.875999  
0.162891  0.596403  
0.0762473  0.723871  
0.120303  0.653152  
0.111225  0.666496  
0.00721642  0.91505  
0.0991261  0.685157  
0.0799738  0.717204  
0.0914605  0.697576  
0.0641922  0.746638  
0.128654  0.641317  
0.191537  0.56235  
0.00611808  0.921782  
0.108064  0.671269  
0.0105335  0.897367  
0.0818594  0.713889  
0.088812  0.701987  
0.0366602  0.808531  
0.0348254  0.813384  
0.0688725  0.737564  
0.000353452  0.9812  
0.0963596  0.689582  
0.00936835  0.90321  
0.0267384  0.836481  
0.154024  0.60754  
0.0601538  0.754737  
0.996801  0.00296036  
0.987171  0.00764428  
0.138547  0.627781  
0.175144  0.581498  
0.194791  0.558649  
0.0538688  0.767903  
0.0196834  0.859702  
1  0  
0.197452  0.555644  
0.00371008  0.93909  
0.10067  0.682715  
0.88659  0.0624446  
0.0844507  0.709396  
0.141298  0.624104  
0.123294  0.648867  
0.159918  0.600103  
0.157092  0.603652  
0.0557602  0.763864  
0.0418659  0.795388  
0.0622901  0.75042  
0.106085  0.674294  
0.177041  0.579238  
0.11355  0.663028  
0.0498184  0.7768  
0.0717835  0.732076  
0.066493  0.742138  
0.136361  0.630728  
0.0219976  0.851684  
0.186496  0.568148  
0.0314148  0.822758  
0.0175513  0.867519  
0.0741226  0.727745  
0.148686  0.614402  
0.0781559  0.720436  
0.0137427  0.882771  
0.0940444  0.693333  
0.0238697  0.845502  
0.0384294  0.803966  
0.134188  0.633683  
0.189066  0.565183  
0.17251  0.584657  
0.169428  0.588383  
0.819188  0.101295  
0.143815  0.62077  
0.0299735  0.826872  
0.18365  0.571456  
0.151649  0.610579  
0.0478653  0.781219  
0.11851  0.655747  
0.115961  0.659469  
0.0576676  0.759859  
0.0400212  0.799947  
0.086587  0.705743  
0.0521025  0.77174  
0.000948136  0.969208  
0.0421039  0.794808  
0.162629  0.596728  
0.0839333  0.710288  
0.0579407  0.759291  
0.0248689  0.842301  
0.0353483  0.811988  
0.0165066  0.871522  
0.146646  0.617057  
0.0700829  0.735268  
0.183549  0.571574  
0.00582738  0.923663  
0.00452797  0.93271  
0.0300937  0.826525  
0.00993498  0.900326  
0.00702328  0.916195  
0.0374394  0.806507  
1  0  
0.111046  0.666765  
0.0542655  0.76705  
0.120972  0.652189  
0.064533  0.745967  
0.0761517  0.724044  
0.0887726  0.702053  
0.0334949  0.816984  
0.0198535  0.859098  
0.194853  0.558579  
0.0215379  0.853242  
0.0721958  0.731307  
0.740334  0.143603  
0.101131  0.68199  
0.0958796  0.690356  
0.192287  0.561494  
0.0442768  0.789579  
0.0981715  0.686677  
0.153537  0.608162  
0.0665925  0.741945  
0.000917191  0.969715  
0.00358819  0.940098  
0.118444  0.655843  
0.123674  0.648327  
0.108266  0.670962  
0.88659  0.0624446  
0.140865  0.62468  
0.0277242  0.833494  
0.986943  0.00764251  
0.151544  0.610714  
0.133654  0.634413  
0.103715  0.677952  
0.143953  0.620589  
0.00838871  0.90841  
0.180007  0.575728  
0.00167232  0.959106  
0.0558923  0.763584  
0.0181921  0.865122  
0.0230397  0.848212  
0.199998  0.552788  
0.189384  0.564817  
0.113133  0.663648  
0.818103  0.101161  
0.148691  0.614396  
0.0933735  0.694429  
0.171885  0.58541  
0.0740948  0.727796  
0.00260057  0.949004  
0.175736  0.580792  
0.138301  0.628112  
0.128981  0.64086  
0.0258117  0.83934  
0.13587  0.631394  
0.0597541  0.755553  
0.0318514  0.82153  
0.197218  0.555907  
0.0509083  0.774371  
0.0620722  0.750857  
0.0139091  0.882063  
0.126262  0.644667  
0.0805777  0.716138  
0.0526328  0.770582  
0.9967  0.00292343  
0.178091  0.577992  
0.0465425  0.784263  
0.186025  0.568693  
0.105866  0.67463  
0.168702  0.589266  
0.0487642  0.779174  
0.0784532  0.719905  
0.068432  0.738405  
0.0111932  0.894202  
0.0913494  0.697759  
0.00030546  0.982523  
3.34102e-12  0.999998  
0.157113  0.603625  
0.131361  0.637562  
0.159939  0.600076  
0.0394222  0.80145  
0.115777  0.65974  
0.0152572  0.87648  
0.0862063  0.706391  
0.0124692  0.888334  
0.165744  0.592883  
