2.89307  0.989241  
2.89719  0.993297  
2.93654  0.98332  
2.8835  0.999174  
2.91852  0.995119  
2.89793  0.994605  
2.85673  1.00414  
2.89209  0.995616  
2.95478  0.986133  
2.91892  0.970322  
2.95724  0.983529  
2.8731  0.994982  
2.90304  0.999728  
2.88825  1.00228  
2.93215  0.985953  
2.88304  1.00689  
2.89846  0.985973  
2.92947  0.978935  
2.91473  0.995264  
2.89597  0.995795  
2.93286  0.98828  
2.94201  0.981221  
2.91078  0.985722  
2.90671  0.990696  
2.91565  0.98722  
2.92795  0.9747  
2.91443  0.991899  
2.92956  0.97584  
2.81209  1.0526  
2.95701  0.983836  
2.94094  0.976454  
2.93157  0.97819  
2.89966  0.994241  
2.93737  0.980184  
2.89657  0.989468  
2.93692  0.988951  
2.91558  0.991582  
2.93186  0.987866  
2.90203  0.986941  
2.86847  1.0168  
2.9259  0.99201  
2.92038  0.988272  
2.91417  0.988929  
2.88562  1.00334  
2.93793  0.989373  
2.93212  0.984934  
2.94793  0.985223  
2.95309  0.982597  
2.94401  0.986727  
2.93227  0.980023  
2.9612  0.979808  
2.94364  0.982953  
2.95935  0.984028  
2.95886  0.98881  
2.90681  0.989727  
2.89815  1.00474  
2.95362  0.98091  
2.9647  0.982004  
2.84385  1.02677  
2.90595  0.992774  
2.87383  1.01494  
2.92235  0.991276  
2.96539  0.980728  
2.91521  0.98806  
2.91742  0.985911  
2.86403  1.01295  
2.95124  0.980329  
2.93954  0.974788  
2.93775  0.978746  
2.97685  0.981771  
2.92763  0.978677  
2.8448  1.01386  
2.95018  0.986761  
2.91793  0.991644  
2.93279  0.986236  
2.95887  0.986547  
2.90342  0.997395  
2.88087  1.00661  
2.88876  0.999619  
2.9399  0.978846  
2.86304  1.02217  
2.91821  0.993723  
2.94181  0.983424  
2.87973  0.995029  
2.94531  0.980787  
2.90871  0.986306  
2.91407  0.985465  
2.95204  0.973074  
2.90742  0.987595  
2.96104  0.982072  
2.95029  0.99048  
2.93771  0.993583  
2.89897  1.00139  
2.95334  0.974505  
2.89676  0.993397  
2.93104  0.98097  
2.93422  0.982104  
2.88449  0.999012  
2.95464  0.984042  
2.91655  0.98144  
2.89442  0.989562  
2.39657  1.77297  
2.82442  1.00577  
2.59229  1.51413  
2.87952  1.00213  
2.61062  1.51696  
2.89389  0.939153  
2.73112  1.2172  
2.81139  1.01376  
2.69397  1.2549  
2.58288  1.49675  
2.84568  0.995289  
2.48231  1.71911  
2.88695  1.00108  
2.53027  1.6643  
2.93671  0.991835  
2.81627  1.00993  
2.84267  1.04631  
2.8423  1.04578  
2.84688  1.04013  
2.8866  1.00071  
2.53014  1.66417  
2.89655  0.994025  
2.55261  1.59108  
2.82235  0.992562  
2.60643  1.47405  
2.78562  1.04673  
2.75235  1.12084  
2.79709  1.06301  
2.69264  1.25356  
2.48227  1.71907  
2.83811  0.966423  
2.58286  1.49674  
2.60424  1.37429  
2.53892  1.60816  
2.64512  1.31388  
2.68462  0.963861  
2.88826  0.933519  
2.71264  1.1625  
2.44242  1.73159  
2.81188  1.01425  
2.90478  0.912858  
2.68207  1.27239  
2.67152  1.28051  
2.62981  1.27747  
2.80387  0.943499  
2.59229  1.51413  
2.48513  1.66633  
2.42638  1.7392  
2.70274  1.23235  
2.65536  1.39604  
2.2664  1.75829  
2.7846  1.02903  
2.86131  1.01158  
2.1301  1.84256  
2.83468  1.04403  
2.62393  1.45423  
2.58271  1.40864  
2.44599  1.6861  
2.93458  0.96268  
2.82609  0.926007  
2.85603  0.99318  
2.65463  1.24822  
2.35842  1.74746  
2.76729  1.04894  
2.86623  0.970912  
2.39657  1.77297  
2.67461  1.20972  
2.81537  1.03253  
2.5063  1.63044  
2.81248  1.01051  
2.70947  1.226  
2.86702  0.958067  
2.84506  0.995672  
2.7959  1.02588  
2.76238  1.11237  
2.80805  1.02312  
2.81055  1.02173  
2.78893  1.03919  
2.90093  0.935321  
2.87183  0.992079  
2.71421  1.16662  
2.52149  1.50469  
2.73169  1.17166  
2.81975  1.06734  
2.83476  0.993295  
2.62721  1.45745  
2.70408  1.24622  
2.88949  0.954715  
2.62091  1.49263  
2.71666  1.20761  
2.83382  1.03283  
2.922  0.96176  
2.81113  1.04132  
2.8954  0.971176  
2.87438  0.988943  
2.83391  1.03505  
2.7311  1.21724  
2.87952  1.00213  
2.90848  0.983443  
2.77819  1.01154  
2.88006  0.949226  
2.56543  1.46935  
2.85387  0.926585  
2.79364  0.969698  
2.61819  1.41173  
2.27623  1.78227  
2.8069  0.959934  
2.71732  1.12852  
2.63064  1.34148  
2.69286  1.18673  
2.56602  1.46547  
2.86724  0.917535  
2.24155  1.78868  
2.77149  1.00484  
2.77755  0.978032  
2.7764  0.982742  
2.79931  0.957943  
2.82733  0.941102  
2.4813  1.66139  
2.51857  1.62753  
2.57856  1.34923  
2.67704  1.12109  
2.47931  1.57142  
2.7442  1.02385  
2.27048  1.73338  
2.77584  0.947188  
2.13412  1.84653  
2.62903  1.22182  
2.77134  0.954279  
2.66472  1.13063  
2.4511  1.64976  
2.4202  1.65584  
2.58169  1.32213  
2.21424  1.76635  
2.62928  1.19007  
2.53374  1.38222  
2.83535  0.868162  
2.39553  1.67297  
2.70152  1.01828  
2.63413  1.16544  
2.49919  1.5674  
2.56736  1.40611  
2.58936  1.41037  
2.59393  1.25398  
2.62217  1.31783  
2.8018  0.897628  
2.19398  1.69718  
2.43271  1.67763  
2.85727  0.892354  
2.81516  0.938766  
2.08499  1.82656  
2.48242  1.5201  
2.77332  0.913903  
2.84306  0.925875  
2.14304  1.76261  
2.54668  1.44  
2.47065  1.5771  
2.69212  1.09644  
2.46132  1.63622  
2.87977  0.948931  
2.80576  0.946675  
2.57461  1.33946  
2.68283  1.16929  
2.6654  0.958511  
2.80909  0.947437  
2.52331  1.46775  
2.63122  1.24464  
2.60148  1.33269  
2.46499  1.64116  
2.74775  0.981441  
2.81798  0.920875  
2.25929  1.76145  
2.65712  1.20278  
2.51627  1.54895  
2.65059  1.21504  
2.68808  1.1096  
2.40421  1.71825  
2.5392  1.49873  
2.49533  1.59253  
2.19727  1.83739  
2.85295  0.900132  
2.76734  0.971872  
2.51328  1.56296  
2.48474  1.64004  
2.65012  1.2365  
2.81446  0.94137  
2.5651  1.44192  
2.60805  1.29136  
2.70165  1.06727  
2.23888  1.77541  
2.85516  0.907491  
2.48488  1.6483  
2.26189  1.76412  
2.77881  0.963761  
2.75212  0.995389  
2.54532  1.58999  
2.52836  1.60223  
2.64823  1.27118  
2.46451  1.70111  
2.77726  0.805489  
2.44721  1.34472  
1.54497  2.47879  
2.73089  0.815781  
1.57484  2.43229  
2.61826  0.945344  
2.38149  1.49889  
2.66128  0.868921  
2.54124  1.23951  
2.07887  1.66388  
2.17512  1.63306  
1.98877  1.84986  
1.55325  2.45071  
2.44269  1.35456  
2.28073  1.60887  
2.6329  0.901626  
2.48761  1.25607  
1.51314  2.57702  
2.39289  1.47078  
2.57673  0.973585  
2.28989  1.58703  
1.98881  1.80867  
2.77256  0.813937  
1.99786  1.76184  
2.66897  0.857081  
2.26329  1.59899  
2.0599  1.67712  
2.07513  1.64658  
2.42792  1.33841  
2.62843  0.898338  
2.53185  1.0855  
2.30428  1.54941  
2.48808  1.23925  
1.4427  2.70257  
2.02783  1.68538  
1.52584  2.46942  
1.61197  2.40182  
1.51661  2.48793  
2.63297  0.875565  
1.55317  2.44468  
2.09578  1.62369  
2.39155  1.41529  
2.55684  1.03399  
1.92306  1.95405  
2.56519  1.02547  
1.95406  1.87782  
2.66166  0.858803  
2.34809  1.51555  
2.50238  1.12914  
2.09001  1.63459  
2.02316  1.67964  
2.01375  1.74429  
1.35043  3.01135  
1.56258  2.41091  
2.37519  1.48041  
1.98279  1.85313  
1.45978  2.60627  
2.58645  0.939661  
1.49129  2.52584  
2.67355  0.818092  
1.96397  1.88038  
1.39213  2.89649  
1.88014  2.07741  
2.47909  1.28941  
2.75287  0.794281  
2.61344  0.911157  
2.13405  1.60957  
1.51742  2.50224  
1.4286  2.7493  
2.56945  1.01717  
1.41766  2.80488  
1.81749  2.28193  
2.44715  1.29755  
2.77984  0.799247  
2.72073  0.804813  
2.45963  1.28497  
2.0516  1.66535  
1.94525  1.92469  
2.6475  0.867135  
2.11061  1.61553  
2.47514  1.27203  
1.42363  2.77495  
1.89752  2.0725  
1.50932  2.51381  
1.51171  2.50981  
2.48392  1.25246  
2.34421  1.54348  
2.52942  1.09876  
2.7464  0.795982  
1.98595  1.8361  
2.58417  0.960944  
2.30179  1.58311  
2.50182  1.22474  
2.63759  0.875103  
2.67811  0.821641  
2.46079  1.29234  
1.59192  2.41923  
2.34824  1.54278  
2.59252  0.976526  
2.12364  1.64283  
1.71765  1.80393  
1.8868  1.39801  
2.13196  1.22125  
2.47497  0.567445  
1.17489  2.72714  
1.73958  1.67051  
1.08386  3.06755  
2.2357  0.936398  
1.333  2.15541  
0.878264  3.49241  
2.41876  0.600952  
1.82792  1.43643  
1.79623  1.48419  
2.07541  1.29808  
1.27092  2.42725  
2.33426  0.728044  
1.22786  2.57013  
2.20828  1.01379  
1.17879  2.72211  
2.3322  0.735928  
1.81588  1.4076  
2.3134  0.762149  
2.41143  0.589619  
1.88054  1.39558  
2.10164  1.2409  
2.17954  1.07524  
2.12298  1.19349  
1.71459  1.67866  
1.28952  2.2252  
0.867968  3.52302  
2.06852  1.29838  
2.22563  0.956043  
1.90815  1.38745  
2.47187  0.565602  
2.28113  0.827744  
1.63897  1.89499  
2.33992  0.699945  
1.09891  3.00105  
2.17709  1.09776  
2.25026  0.886164  
1.18205  2.68813  
2.43092  0.569686  
0.874555  3.48795  
0.820315  3.87999  
1.02919  3.06881  
1.73058  1.66067  
1.78097  1.51931  
1.32859  2.15487  
1.28092  2.36243  
1.77474  1.54636  
1.11967  2.96696  
2.24031  0.924762  
2.4436  0.567008  
1.20131  2.64354  
2.37492  0.626445  
1.22811  2.44386  
1.67733  1.74008  
2.23147  0.930691  
2.26446  0.871161  
1.60092  1.98253  
2.0491  1.32196  
1.14777  2.82175  
1.17208  2.72527  
2.29016  0.798774  
2.19911  1.01832  
1.74938  1.58571  
1.27423  2.38672  
1.86929  1.40205  
1.79626  1.47602  
2.35408  0.661753  
2.27268  0.850083  
0.821217  3.86873  
2.24803  0.906105  
2.17396  1.10792  
1.73814  1.6376  
1.13862  2.91802  
2.39363  0.605861  
1.95595  1.3508  
1.63418  1.91691  
2.29995  0.777066  
2.08747  1.27926  
1.25638  2.4287  
2.18677  1.05457  
2.33491  0.712539  
1.2801  2.36165  
1.16757  2.77222  
2.30098  0.778746  
2.32951  0.740198  
2.32402  0.748928  
1.07185  3.06395  
2.20512  1.01431  
1.22546  2.59886  
1.81046  1.45602  
2.35112  0.676945  
1.12616  2.96269  
1.20976  2.64035  
2.36301  0.657737  
2.34657  0.692369  
1.8077  1.46812  
1.14572  2.91226  
1.00897  1.93056  
1.96318  0.702165  
1.38612  1.47055  
1.50201  1.18287  
1.94641  0.739451  
1.39348  1.44265  
1.34587  1.59034  
0.800638  2.63369  
0.836389  2.45072  
1.54394  1.1355  
1.71827  1.08146  
1.35723  1.56273  
2.06176  0.467129  
0.866025  2.32666  
1.25355  1.80205  
0.570206  3.15658  
0.849295  2.39885  
0.561758  3.17711  
1.93753  0.768104  
2.07492  0.434891  
1.87875  0.908079  
1.36918  1.51528  
2.21514  0.292511  
0.88991  2.21361  
2.00119  0.606366  
0.646821  3.03892  
1.27713  1.76148  
1.41428  1.39191  
2.14809  0.335503  
2.0442  0.497993  
2.15615  0.325205  
1.33517  1.62811  
0.935877  2.09062  
2.03594  0.5214  
2.11419  0.368982  
0.550766  3.25052  
2.08347  0.419071  
1.8626  0.923363  
1.84499  0.972544  
1.98491  0.639968  
0.954556  2.03184  
0.5578  3.21999  
0.85422  2.36897  
2.01584  0.555291  
0.794863  2.66585  
0.963621  2.01959  
1.4391  1.32641  
1.56564  1.11917  
1.3071  1.68853  
1.03817  1.90219  
1.01345  1.92653  
2.16733  0.315778  
2.02595  0.537967  
0.526302  3.51399  
1.45113  1.29093  
1.81306  1.01952  
1.40617  1.41457  
0.993658  1.9544  
1.51987  1.16566  
2.18633  0.305425  
1.85844  0.947251  
0.743242  2.72276  
1.49158  1.20077  
1.38214  1.48384  
0.842531  2.43395  
0.694602  2.76889  
0.872303  2.30242  
0.943513  2.07187  
1.42712  1.35061  
1.78483  1.05247  
1.75186  1.07023  
1.9055  0.845916  
1.88775  0.893645  
0.823901  2.57902  
0.884951  2.2624  
0.725455  2.75631  
2.13102  0.351998  
0.532501  3.37899  
1.64403  1.08586  
0.657124  2.99786  
1.83476  0.989102  
1.92733  0.787499  
1.95619  0.720625  
1.8948  0.874797  
1.05516  1.89045  
1.53612  1.14504  
1.80404  1.03124  
1.76469  1.06332  
0.928289  2.11399  
1.82231  1.00327  
0.91051  2.17462  
1.46937  1.2442  
0.977705  1.97163  
2.10359  0.393258  
1.97378  0.674844  
0.86  2.3469  
1.32363  1.65127  
1.29307  1.72112  
1.5948  1.09335  
1.91255  0.829868  
1.21717  1.17267  
0.411718  2.6848  
0.709389  2.06707  
1.28025  1.06077  
1.16987  1.40367  
1.88424  0.25901  
1.14663  1.46362  
0.400291  2.81209  
1.83641  0.363744  
0.285458  3.31897  
1.10493  1.5657  
1.78203  0.501242  
1.2954  1.03033  
2.02236  0.106878  
1.11849  1.53519  
0.877867  1.71852  
0.718386  2.02728  
1.32776  0.975828  
1.68666  0.730237  
1.87494  0.277663  
1.91772  0.201372  
1.56248  0.883394  
1.26783  1.08879  
1.69677  0.709497  
1.53165  0.893455  
0.796649  1.77628  
1.15666  1.43858  
0.25286  3.36147  
0.810596  1.75566  
1.25631  1.11607  
1.67384  0.755001  
0.268837  3.33387  
0.831045  1.73468  
1.35533  0.942234  
1.71328  0.671503  
1.1336  1.498  
1.20849  1.19582  
0.565664  2.4802  
0.489851  2.53679  
1.39875  0.909307  
1.09065  1.59536  
1.8631  0.301268  
1.89371  0.216726  
0.982914  1.6911  
0.439245  2.63903  
0.78643  1.79689  
1.24507  1.14413  
1.66566  0.77285  
1.64715  0.801144  
1.9294  0.183991  
0.672  2.19899  
1.78942  0.479025  
0.318089  3.18297  
1.38053  0.919611  
0.445382  2.58212  
1.05818  1.65274  
0.6251  2.35764  
0.774953  1.81962  
0.755407  1.87122  
0.734355  1.93228  
1.75383  0.573715  
0.691378  2.10713  
1.20468  1.26001  
1.07377  1.62524  
1.31658  0.997586  
0.332085  3.11025  
1.81314  0.420948  
0.763587  1.8499  
0.634289  2.32106  
1.97966  0.131052  
1.42778  0.901508  
1.74344  0.599742  
1.76863  0.534715  
0.681488  2.16658  
0.571918  2.46635  
1.58099  0.873466  
1.82556  0.390045  
1.73371  0.623272  
1.96771  0.141211  
1.61011  0.848611  
0.612081  2.38733  
0.391848  2.98591  
1.72712  0.640277  
1.94694  0.161167  
0.602976  2.4096  
1.34195  0.958127  
1.62923  0.828186  
1.18536  1.31957  
1.45511  0.898252  
0.646995  2.27933  
1.8023  0.448704  
1.84826  0.335948  
0.354969  3.04052  
0.585536  2.44365  
0.659778  2.24523  
1.03579  1.67775  
1.9932  0.121598  
0.466853  2.55659  
1.76071  0.556272  
0.449979  2.57435  
1.70257  0.608446  
0.774691  1.73758  
1.23592  1.07327  
1.67443  0.67278  
0.677012  1.996  
1.26667  1.00678  
0.39895  2.48798  
0.308799  2.76246  
0.341691  2.6161  
0.708115  1.89401  
1.79675  0.370391  
1.87125  0.208041  
1.22211  1.10693  
0.665336  2.03712  
0.260799  3.12095  
0.523366  2.43904  
2.01291  0.0742406  
0.234316  3.22601  
0.793314  1.71169  
0.248521  3.17551  
1.06189  1.53192  
0.654397  2.07637  
1.15908  1.27953  
1.88889  0.17808  
0.694988  1.93539  
1.65812  0.706702  
2.0622  0.0703064  
1.14523  1.3191  
1.04661  1.56198  
1.74256  0.508586  
1.11815  1.39474  
1.56112  0.841226  
1.13269  1.35454  
0.127087  3.79761  
0.134006  3.70991  
0.614211  2.21888  
0.815934  1.69003  
1.58544  0.819001  
1.32558  0.917724  
0.151583  3.35945  
0.638724  2.13288  
0.62692  2.1749  
1.25011  1.04103  
1.98285  0.0839633  
1.09308  1.46026  
1.35308  0.89369  
1.81029  0.337462  
0.719015  1.86193  
1.19484  1.17878  
0.297353  2.82322  
0.738869  1.80964  
0.379686  2.51383  
1.30677  0.940458  
1.07814  1.49616  
1.78219  0.40684  
1.00138  1.62848  
1.95405  0.101495  
1.53  0.859294  
0.117196  4.02175  
1.02634  1.59605  
0.319392  2.71013  
1.41946  0.871168  
1.10561  1.42821  
1.64172  0.737858  
0.365804  2.54273  
1.90922  0.14839  
1.18209  1.21417  
0.330567  2.66004  
1.93159  0.121837  
1.85618  0.236557  
0.122036  3.90417  
1.76821  0.442535  
0.285217  2.89078  
1.83996  0.269987  
0.215234  3.26896  
0.272724  2.96143  
1.68827  0.641968  
1.75462  0.477529  
0.754897  1.77375  
0.438122  2.47112  
1.17082  1.24603  
0.353449  2.57655  
1.20818  1.14286  
1.73  0.540634  
0.973271  1.65265  
1.28569  0.972305  
0.872692  1.67073  
0.571694  2.34727  
0.586638  2.3063  
1.82514  0.30277  
1.37923  0.879807  
0.841673  1.67637  
1.60596  0.794227  
0.414405  2.47696  
1.62414  0.76762  
1.71506  0.578042  
0.557926  2.38006  
0.178411  3.29711  
0.5404  2.41556  
0.600819  2.26298  
0.102077  4.00353  
1.52459  0.861384  
0.805354  1.6989  
0.750976  1.78198  
0.830757  1.68092  
1.11751  1.39647  
1.2206  1.11072  
1.02294  1.6011  
1.70956  0.59156  
1.23899  1.06607  
1.68041  0.659672  
1.82044  0.313584  
1.17566  1.23229  
0.577599  2.33171  
1.73619  0.524893  
1.69513  0.626085  
1.00073  1.62917  
1.13402  1.35081  
0.433392  2.47102  
1.25541  1.02967  
0.343513  2.60728  
1.42304  0.870913  
0.357385  2.56305  
0.656566  2.06855  
1.72289  0.558547  
0.643248  2.1166  
0.248997  3.08875  
0.389698  2.49738  
0.372621  2.52588  
1.75255  0.482867  
0.131646  3.5228  
1.88577  0.183104  
1.07536  1.50254  
1.27517  0.990711  
1.97775  0.0864277  
0.094793  4.09479  
1.32912  0.914037  
0.867343  1.67113  
0.284654  2.89072  
1.83393  0.283088  
0.61745  2.20784  
1.35202  0.894427  
1.08986  1.46821  
0.668091  2.02733  
1.86491  0.219716  
0.139875  3.43888  
1.56324  0.839581  
0.330573  2.65747  
0.107486  3.90645  
1.59443  0.808831  
0.560066  2.3753  
1.8485  0.252043  
1.77876  0.415562  
1.2909  0.963797  
0.697735  1.9265  
0.307154  2.76794  
2.00892  0.0751127  
0.766349  1.75172  
0.712356  1.88126  
1.64677  0.728583  
0.155944  3.33998  
0.784526  1.72295  
1.05983  1.53619  
1.79357  0.378255  
0.233635  3.15866  
0.681334  1.98108  
1.19085  1.18975  
1.62863  0.760398  
1.80539  0.349254  
1.0435  1.56766  
1.38133  0.879018  
1.90552  0.153399  
2.06235  0.0703057  
0.119019  3.70128  
0.296072  2.83023  
0.515653  2.44758  
0.728036  1.83714  
1.76542  0.449692  
0.272913  2.95713  
0.539339  2.41603  
0.148989  3.37343  
1.31004  0.93612  
0.318628  2.71095  
0.113499  3.79629  
0.168811  3.27078  
1.20511  1.15099  
1.61136  0.78678  
0.212766  3.22811  
1.92601  0.127858  
0.594042  2.28417  
1.10402  1.43237  
0.408566  2.47947  
0.605616  2.2475  
0.260542  3.02567  
0.630384  2.16266  
1.66421  0.694354  
1.95154  0.103466  
1.16452  1.26398  
1.14897  1.30843  
0.970944  1.65411  
1.19645  1.17436  
0.102139  4.00249  
0.384583  2.50456  
2.06259  0.0703048  
0.278881  2.92338  
0.302328  2.79327  
1.21132  1.1346  
1.06425  1.52698  
2.01051  0.0747514  
1.81927  0.316279  
1.12219  1.38368  
0.557657  2.38065  
0.242972  3.11775  
0.131646  3.5228  
0.657395  2.06557  
1.62989  0.758311  
1.67776  0.665521  
0.643634  2.1152  
1.16677  1.25757  
1.88987  0.176528  
1.91468  0.141314  
1.37753  0.880477  
0.616789  2.2101  
0.710112  1.88797  
0.803147  1.70102  
1.87015  0.210037  
1.80434  0.351781  
0.107683  3.90282  
0.863528  1.67153  
0.113416  3.79778  
1.56109  0.841246  
0.424576  2.4726  
0.168811  3.27078  
0.589415  2.29814  
1.25058  1.04001  
1.93124  0.122202  
0.995966  1.63412  
0.138334  3.45271  
0.266117  2.99514  
0.629955  2.16418  
0.753063  1.77756  
1.69257  0.63204  
0.094793  4.09479  
1.13765  1.34058  
1.76878  0.441078  
1.72398  0.555831  
1.10782  1.42242  
0.212766  3.22811  
0.574189  2.3408  
1.83782  0.274611  
1.18103  1.21713  
1.22436  1.10131  
1.09315  1.46009  
1.07506  1.50322  
0.398946  2.48703  
0.966974  1.65642  
1.85215  0.244608  
0.695513  1.93368  
0.718315  1.86392  
1.23441  1.07684  
0.670052  2.02039  
0.68277  1.97617  
1.97872  0.085939  
0.32619  2.67634  
0.733437  1.82311  
0.366533  2.53933  
1.75661  0.472391  
0.767625  1.74945  
0.338763  2.62472  
1.95065  0.104181  
0.603541  2.25424  
0.155755  3.34072  
1.41549  0.871524  
1.58665  0.817686  
1.64629  0.729476  
1.74191  0.51024  
1.32448  0.918914  
1.28687  0.970349  
1.0194  1.60613  
0.146019  3.39185  
1.15298  1.29697  
0.781411  1.72735  
1.2671  1.00595  
0.538207  2.4179  
1.5245  0.861417  
0.229555  3.17478  
1.7836  0.403285  
0.506252  2.45585  
1.61004  0.788632  
1.04761  1.56013  
1.3056  0.942042  
0.828149  1.68226  
0.291373  2.85302  
0.313944  2.73361  
1.66282  0.697214  
0.119416  3.69479  
0.351969  2.57912  
1.70701  0.597754  
0.254311  3.05876  
1.34689  0.898201  
1.15167  1.30072  
0.279469  2.92005  
1.03917  1.57528  
1.29662  0.954948  
0.298673  2.8129  
0.393823  2.49236  
0.12672  3.58531  
0.155637  3.34119  
1.68073  0.658972  
0.16193  3.27048  
0.135329  3.48213  
0.625616  2.17949  
0.329706  2.66113  
0.372843  2.52542  
0.678174  1.99197  
0.342354  2.61143  
0.611528  2.22792  
0.804133  1.70006  
0.970872  1.65415  
1.80568  0.348556  
1.53246  0.858249  
1.87034  0.209691  
1.76131  0.460284  
0.113393  3.79819  
0.868959  1.67099  
1.95089  0.103986  
1.08997  1.46794  
1.66484  0.693052  
0.744455  1.79647  
0.568545  2.35521  
1.88832  0.179002  
1.27903  0.983767  
2.01043  0.0747687  
0.427885  2.47186  
1.18192  1.21464  
1.85406  0.240774  
1.83762  0.275031  
0.997505  1.63256  
1.05704  1.54185  
1.72543  0.552188  
1.92855  0.125073  
0.664475  2.04019  
0.83053  1.68103  
0.102031  4.0043  
1.69902  0.616917  
1.90714  0.151192  
0.107593  3.90448  
1.1225  1.38284  
0.289122  2.86559  
2.06265  0.0703046  
1.59205  0.811631  
0.600409  2.26429  
0.238294  3.13891  
0.318306  2.71248  
1.07406  1.50549  
0.720482  1.85779  
0.249351  3.08407  
0.705893  1.90081  
0.583625  2.31498  
0.69355  1.94008  
0.55293  2.39069  
0.765179  1.75383  
1.22728  1.09408  
1.56711  0.836443  
1.74265  0.50835  
0.212766  3.22811  
0.51012  2.45272  
1.21166  1.1337  
1.82223  0.309449  
1.79181  0.382658  
1.64882  0.724742  
0.094793  4.09479  
1.31892  0.925172  
1.77701  0.420005  
1.34236  0.901822  
1.71211  0.58532  
1.41797  0.871292  
0.259576  3.03088  
1.24297  1.05693  
0.535086  2.42287  
1.19698  1.17293  
0.226547  3.18591  
1.37657  0.880869  
1.26286  1.01433  
0.144441  3.40275  
1.16688  1.25727  
1.6147  0.781988  
0.78339  1.72453  
0.307613  2.76556  
1.9772  0.0867051  
0.637832  2.13608  
0.119416  3.69479  
0.356213  2.5664  
1.63428  0.750924  
0.651115  2.0882  
0.269772  2.97477  
1.10714  1.4242  
1.13692  1.34264  
1.01971  1.6057  
0.734895  1.81943  
