0.487721  0.438625  0.0736547  
0.126623  0.383605  6.27105  
1.17996  0.311585  4.69616  
0.385116  0.674476  4.79516  
0.313528  0.404712  0.28176  
0.908618  0.0494664  4.99141  
1.88922  0.81684  2.16583  
0.601847  0.21345  0.184703  
2.17637  0.134168  1.24091  
0.00920453  0.783979  0.206817  
0.84513  1.32979  2.35754  
0.0429097  1.00498  5.17289  
1.72696  0.375124  3.69949  
0.661969  0.337834  5.52874  
0.97209  0.270776  4.22299  
1.12819  1.56067  1.4381  
0.595728  0.35561  0.0486624  
1.93947  0.430327  1.34006  
0.792795  0.489614  3.69607  
0.687712  1.68657  1.42649  
0.564453  0.109141  0.326405  
0.461772  0.987543  4.25247  
0.112404  2.4619  1.75296  
0.544339  0.181141  0.27452  
0.0218542  0.957888  0.0202583  
0.809  1.25087  2.77479  
2.11715  0.0872251  2.92246  
0.69981  0.0859127  0.214278  
0.555718  0.139845  0.304437  
0.731142  0.222985  0.0458732  
0.419119  0.443988  4.6756  
0.251052  1.97479  3.03246  
0.0311696  0.0178742  6.42063  
0.642666  0.331586  0.0257473  
0.720018  0.248587  0.0313953  
0.474929  0.126929  5.92788  
0.304419  1.90425  2.8352  
1.66729  0.0463111  3.80057  
0.366897  0.562467  0.0706368  
0.55417  0.433353  0.0124772  
0.195702  0.0555771  6.17739  
1.121  0.981694  2.1157  
1.42654  0.548806  3.48478  
0.580175  0.352032  3.93175  
2.25459  0.109394  1.73258  
0.172465  0.575271  0.252264  
1.48705  1.03836  1.81008  
1.85818  0.281254  2.96011  
0.0634047  0.0739986  6.27312  
0.349889  2.14863  1.28549  
0.580108  0.104704  5.23122  
0.486745  0.241349  0.271906  
0.208468  0.695096  0.0964358  
0.882661  0.368356  5.56993  
0.12307  0.0560989  5.34195  
0.803097  1.48819  2.14156  
0.46474  0.311362  0.223898  
0.732073  0.0867079  0.181219  
0.58975  0.370297  0.039953  
0.57266  0.171076  5.85265  
0.0944581  0.912682  5.9013  
0.371588  0.352777  5.42599  
0.138569  0.154511  6.49796  
2.0019  0.330893  1.75275  
1.78156  0.44514  1.69679  
2.18523  0.388708  3.06639  
1.25332  0.777713  3.45171  
0.392104  2.35259  2.29855  
0.869832  1.28351  2.53781  
2.03071  0.166834  2.18315  
0.304349  1.58638  1.06593  
0.262978  0.0391123  6.48557  
0.562368  0.0510439  6.4035  
1.55951  0.969149  1.36017  
0.530262  0.161709  0.308029  
0.418488  0.360682  0.220831  
1.13254  0.250522  5.15493  
0.320809  0.580107  0.0990834  
0.831605  0.0998184  0.0685764  
0.809289  0.0829236  0.107787  
0.259511  0.45405  0.286439  
0.107569  0.132313  5.62317  
1.92842  0.652462  2.95076  
0.754967  0.00241202  0.242621  
0.233391  0.586095  0.180515  
1.08309  0.139258  4.65957  
0.626903  0.276181  0.0969161  
0.199798  0.728086  0.0721152  
0.404972  0.385698  0.20933  
0.219448  1.02327  4.08488  
2.04337  0.241197  2.41057  
2.044  0.22395  1.92745  
1.27566  0.142089  4.91356  
0.686874  1.79189  3.00161  
0.304365  0.493217  5.33729  
0.189869  1.45605  3.69167  
0.776936  0.14952  0.0735442  
0.452765  0.881731  4.45601  
1.25111  0.146342  4.27029  
0.252626  0.627204  0.120169  
0.0157823  0.874127  4.30262  
0.0257009  0.844502  0.129797  
0.0124551  0.00222274  7.58522  
0.00117772  0.0127875  3.63255  
0.774354  0.102281  0.123364  
0.28059  0.713885  0.00552506  
0.0921502  0.906705  0.00114508  
0.246195  0.807664  4.91113  
0.963945  0.248897  6.4895  
0.00357495  0.94965  0.0467753  
0.287668  0.215446  6.76592  
0.317399  0.0400578  7.55907  
0.00417426  0.00257717  6.05668  
0.285546  0.213857  6.716  
0.00387846  0.426996  3.05995  
0.185418  0.0502821  7.13099  
0.544528  0.0274157  6.46936  
0.000271592  0.000111126  7.45214  
0.15209  0.171964  6.05198  
0.000103033  1.83873e-05  7.0926  
0.531085  0.142979  0.325936  
0.434253  0.565743  3.9021e-06  
0.735694  6.90882e-05  0.264237  
0.00345878  0.91879  0.0777508  
0.299003  0.695472  0.00552506  
0.274353  0.50594  0.219706  
0.864873  0.110557  0.0245694  
4.15335e-07  0.00666565  3.93297  
0.463964  0.202713  0.333324  
4.37986e-07  0.999995  4.39246e-06  
0.621556  0.0463566  0.332088  
0.143302  0.856694  4.39246e-06  
0.320453  0.596786  0.0827614  
0.00602349  0.204892  4.02296  
0.662941  0.247504  5.74909  
0  0  2.75913  
2.35683  0.316152  2.80206  
0.250668  0.441931  0.307401  
0.693042  0.305813  0.00114508  
0.420965  0.406216  0.172819  
0.838124  0.0329464  0.12893  
0  0  4.3838  
0.0630756  0.613663  0.323262  
0.00381646  0.663573  0.33261  
0.732032  0.213647  0.0543211  
0.66874  6.28007e-05  0.331197  
0.00683021  0.781934  0.211235  
0  0  3.69031  
0.132406  0.737796  0.129797  
0.00101931  0.00757652  3.41572  
0.999993  2.83244e-06  3.9021e-06  
8.83602e-06  8.63577e-05  3.4762  
0.234697  0.72224  0.0430621  
0.313853  0.352823  0.333324  
0.492407  0.50527  0.00232289  
0.00989104  2.62745  1.35565  
6.16343e-20  5.61067e-19  4.33936  
0.449372  2.50399  1.99903  
0.500459  0.16693  0.33261  
0.581104  0.156269  0.262627  
0.576289  0.0926063  0.331104  
2.587  0.183111  2.70772  
0.18623  0.495189  0.31858  
0.410487  0.256189  0.333324  
0  0  4.30474  
0.0801314  0.587781  0.332088  
0.0474321  0.831585  0.120983  
0.793641  0.204923  0.00143521  
0.213128  0.569392  0.217481  
0.561872  0.104805  0.333324  
0.000769501  0.00748647  3.3027  
0.75445  0.122186  0.123364  
1.5697e-05  0.000240247  4.16496  
0.347133  0.457985  0.194881  
0.00388475  0.0421937  5.59194  
0.427263  0.246801  0.325936  
0.0894572  0.658689  0.251854  
0.0937295  0.868475  0.0377955  
2.27604  0.162044  2.38317  
0.0763289  0.769358  0.154313  
0.0173222  0.126743  3.04652  
0.00786533  2.08935  2.01099  
1.77573e-05  0.000192981  3.17541  
3.55348e-07  3.85831e-06  3.19663  
1.42189e-06  7.72378e-06  3.69818  
0  0  3.95875  
2.62523e-06  6.69924e-05  3.5183  
0.704219  0.0958029  0.199978  
6.55097e-05  0.00125176  3.59679  
0.000321953  0.00313228  1.55783  
1.87595e-06  0.000234703  4.18574  
0.026178  0.581304  4.29505  
0.0255587  0.187008  3.89531  
1.58269  0.11494  3.79852  
0  0  4.7498  
0.0473484  1.12544  4.46718  
2.06078e-06  1.11942e-05  5.35984  
0  0  5.61799  
0  0  5.96713  
0.00448932  0.0025671  6.03473  
0.600187  0.0664802  0.333333  
0.947708  6.67367e-09  0.0522924  
0.0744626  0.592215  0.333322  
0.155101  0.817033  0.0278656  
0.816706  0.139899  0.0433958  
0.297234  0.643701  0.0590649  
0.950345  6.69224e-09  0.0496552  
0.492656  0.277162  0.230182  
0.406902  0.300696  0.292402  
0.144089  0.790647  0.0652633  
0.477734  0.211427  0.310838  
0.19467  0.721185  0.0841452  
0.312674  0.604315  0.0830108  
0.841106  0.120799  0.0380947  
0.867082  0.0072248  0.125694  
0.212855  0.519354  0.267791  
0.704568  0.223408  0.0720239  
0.610987  0.38358  0.00543265  
0.357487  0.642503  9.86577e-06  
0.620222  0.046445  0.333333  
0.120702  0.735253  0.144045  
0.0382123  0.893691  0.0680966  
0.559421  0.415455  0.0251238  
0.223668  0.484383  0.291949  
0.505319  0.255989  0.238692  
0.47459  0.200039  0.32537  
0.0405107  0.626161  0.333329  
0.252569  0.414105  0.333327  
0.0449943  0.635816  0.31919  
0.197184  0.634265  0.168551  
0.320482  0.346192  0.333326  
0.0869433  0.579727  0.333329  
0.500565  0.166107  0.333329  
0.944659  2.24851e-08  0.0553407  
0.386866  0.279806  0.333328  
0.22381  0.552245  0.223945  
0.159546  0.840445  9.86577e-06  
0.151597  0.585225  0.263178  
0.151282  0.515396  0.333322  
0.644941  0.210597  0.144462  
0.600187  0.0664802  0.333333  
0.0527079  0.81469  0.132602  
0.845227  0.154771  2.05458e-06  
0.778461  5.48185e-09  0.221539  
4.57784e-17  0.801315  0.198685  
0.549276  0.117396  0.333328  
0.586118  0.0805495  0.333333  
0.442026  0.224647  0.333327  
0.26397  0.711967  0.0240623  
0.41931  0.249528  0.331162  
0.659137  0.00752996  0.333333  
0.441954  0.365679  0.192367  
0.389192  0.413871  0.196937  
0.338633  0.560845  0.100522  
0.478477  0.52  0.00152225  
0.0886338  0.827221  0.0841452  
0.0970876  0.56964  0.333272  
3.47061e-05  0.999965  5.53446e-08  
0.0812291  0.876354  0.0424169  
0.718215  0.165009  0.116776  
3.51157e-05  0.00034164  2.45636  
0.666676  1.58684e-08  0.333324  
0.684467  0.131073  0.18446  
0.953682  0.043282  0.00303613  
0.284618  0.639308  0.0760744  
3.49671e-08  0.66749  0.33251  
0.528157  0.138525  0.333319  
9.3629e-05  1.26468e-05  3.11387  
0.689271  0.179676  0.131053  
0.587214  0.40348  0.009306  
0.968337  0.00221077  0.0294527  
0.706264  0.293736  2.43329e-09  
0.20537  0.461301  0.333328  
0.839404  0.0349026  0.125694  
0.285171  0.38557  0.329259  
0.631034  0.0356363  0.333329  
0.355689  0.310982  0.333329  
0.754121  0.197243  0.0486354  
0.000216736  0.00210863  1.39582  
0.0911963  0.670179  0.238625  
0.209063  0.783781  0.00715547  
0.0713452  0.596163  0.332492  
0.450153  0.478698  0.0711488  
0.925438  6.51685e-09  0.0745616  
0.574695  0.0993469  0.325958  
0.171141  0.749036  0.079823  
0.616987  0.298147  0.0848666  
0.0211564  0.645515  0.333328  
0.783576  0.143522  0.0729021  
0.423188  0.427876  0.148935  
0.428102  0.30963  0.262268  
0.337966  0.328713  0.333321  
0.0155286  0.924192  0.0602797  
0.545667  0.326993  0.12734  
0.856923  0.07539  0.0676871  
0.54151  0.276091  0.182399  
0.377551  0.557737  0.0647126  
0.682624  0.114294  0.203082  
0.0288796  0.740539  0.230581  
0.382643  0.387175  0.230182  
0.455482  0.211185  0.333333  
0.0544557  0.713502  0.232042  
0.523583  0.444395  0.0320222  
0.156084  0.510582  0.333333  
0.704493  0.19271  0.102797  
0.205173  0.588602  0.206225  
0.197622  0.788124  0.0142544  
0.709783  0.00969436  0.280523  
0.355547  0.475356  0.169098  
0.48243  0.385473  0.132097  
0.611453  0.121939  0.266609  
0.827772  2.19225e-05  0.172206  
0.0858296  0.641819  0.272351  
0.750097  0.0405293  0.209374  
0.19103  0.697425  0.111545  
0.722438  0.277562  1.64804e-09  
0.648272  0.212537  0.139191  
0.090436  0.841283  0.0682811  
0.239879  0.426788  0.333333  
0.123025  0.543642  0.333333  
0.290081  0.376586  0.333333  
0.627237  0.0394293  0.333333  
0.375746  0.290921  0.333333  
0.564579  0.254546  0.180876  
0.0454708  0.621196  0.333333  
0.535502  0.181433  0.283065  
0.214349  0.452318  0.333332  
0.544038  0.122629  0.333333  
0.130501  0.869499  1.93981e-09  
0.145142  0.663893  0.190965  
0.122584  0.776629  0.100787  
0.871626  0.128374  2.48875e-08  
0.306032  0.693491  0.000476388  
0.654825  0.345175  2.8059e-08  
0.0439755  0.810607  0.145417  
0.533719  0.334184  0.132097  
0.813227  0.0413552  0.145417  
0.941658  0.0510689  0.00727329  
0  0.666667  0.333333  
0.0842831  0.582384  0.333333  
0.669778  1.22892e-09  0.330222  
6.57548e-08  1  1.16716e-10  
0.723602  0.224109  0.0522889  
0.417373  0.249294  0.333333  
0.3337  0.332967  0.333333  
1  4.88951e-09  5.52896e-09  
0.365564  0.570519  0.0639168  
0.497483  0.502517  1.65414e-08  
0.459043  0.207625  0.333332  
0.00020323  0.00197723  1.30884  
0.635954  0.273044  0.0910027  
0.265187  0.540318  0.194495  
0.501341  0.165326  0.333333  
5.73411e-08  0.872044  0.127956  
0.167059  0.499608  0.333333  
0.162374  0.592739  0.244887  
0.765834  1.5975e-05  0.23415  
0.482249  0.184418  0.333333  
0.603416  0.190443  0.206141  
0.214094  0.725624  0.0602827  
0.381504  0.356575  0.261921  
0.412784  0.411115  0.1761  
0.58642  0.0802466  0.333333  
5.88388e-05  0.7855  0.214441  
6.34348e-06  6.16049e-05  1.85149  
0.475908  0.280639  0.243453  
0.700557  0.132328  0.167115  
0.909698  5.17781e-09  0.0903021  
0.00784633  0.900868  0.0912852  
0.565701  0.404714  0.0295851  
0.310956  0.451899  0.237145  
0.245307  0.628925  0.125768  
0.790245  0.209755  2.32152e-10  
0  0.724705  0.275295  
0.104799  0.561867  0.333333  
0.0476059  0.697646  0.254749  
0.658779  0.0843639  0.256857  
0.187915  0.478752  0.333333  
0.02273  0.643937  0.333333  
0.778499  0.139517  0.0819837  
0.232086  0.767914  2.8059e-08  
0.313959  0.352708  0.333333  
0.523473  0.143193  0.333333  
0.609413  0.0572543  0.333333  
0.407057  0.559597  0.0333458  
0.45889  0.457882  0.0832285  
0.649582  0.0170851  0.333333  
0.141678  0.52499  0.333332  
0.0645774  0.602089  0.333333  
0.56193  0.104736  0.333333  
0.250624  0.416043  0.333333  
0.360603  0.306064  0.333333  
0.395856  0.270811  0.333333  
0.0534696  0.916945  0.0295851  
0.287421  0.658658  0.0539207  
0.380872  0.494452  0.124677  
0.225591  0.501114  0.273295  
0.845943  0.0872331  0.0668242  
0.323376  0.574789  0.101835  
0.458233  0.347704  0.194063  
0.0406902  0.691175  0.268135  
0.299457  0.700543  2.22045e-16  
0.0581484  0.608518  0.333333  
0.692105  0.139767  0.168129  
0.794396  0.0662765  0.139328  
0.595959  0.320074  0.0839662  
0.812533  0.141638  0.0458293  
0.144812  0.56613  0.289058  
0.578374  0.0882925  0.333333  
0.294584  0.416358  0.289058  
0.00119566  0.892927  0.105877  
0.34408  0.495227  0.160692  
0.518483  0.194109  0.287408  
0.931303  0.0577187  0.0109781  
0.174184  0.495195  0.330621  
0.441014  0.473271  0.0857152  
0.654323  0.0123434  0.333333  
0.272041  0.656728  0.0712308  
0.677684  0.322316  3.75888e-09  
0.000191747  0.760633  0.239175  
0.633097  0.30111  0.0657924  
0.465516  0.30626  0.228224  
0.367184  0.299483  0.333333  
0.0264423  0.82202  0.151538  
0.12007  0.634729  0.245201  
0.838043  9.30415e-17  0.161957  
0.524602  0.455992  0.0194062  
1.96796e-06  1.9174e-05  1.66597  
0.469865  0.196802  0.333333  
0.143694  0.679139  0.177166  
0.417332  0.249335  0.333333  
0.211494  0.455173  0.333333  
0.192679  0.702024  0.105298  
0.636908  0.194963  0.168129  
0.607281  0.392716  2.93091e-06  
0.76385  0.000157634  0.235993  
0.133657  0.86634  2.93091e-06  
0.338733  0.661267  2.22045e-16  
0.535081  0.131585  0.333333  
0.283497  0.595285  0.121218  
0.678928  0.0528784  0.268193  
1  1.11022e-16  2.22045e-16  
0.389818  0.459979  0.150203  
0.247743  0.418924  0.333333  
5.67817e-06  0.666661  0.333333  
0.462141  0.537784  7.45923e-05  
0.392572  0.605768  0.00166035  
0.352673  0.313994  0.333333  
0.888164  0.111836  2.22045e-16  
0.825436  0.0874485  0.0871159  
0  1  0  
0.612019  0.0546472  0.333333  
0.000186745  0.00182025  1.20471  
0.0695127  0.597154  0.333333  
0.527429  0.337319  0.135252  
0.488192  0.40593  0.105877  
0.165369  0.516137  0.318494  
0.0415813  0.625085  0.333333  
0.667039  7.40562e-17  0.332961  
0.289866  0.3768  0.333333  
0.727401  0.266167  0.00643211  
0.592021  0.0746452  0.333333  
0.384616  0.345974  0.269409  
0.238484  0.739233  0.0222822  
0.799455  0.197808  0.00273762  
0.629894  0.0367731  0.333333  
0.197481  0.80231  0.000209314  
0.561789  0.104877  0.333333  
0.255088  0.493828  0.251085  
0.516853  0.149814  0.333333  
0.742445  0.129421  0.128134  
7.90526e-06  0.928138  0.0718541  
0.0974076  0.569259  0.333333  
0.186776  0.479891  0.333333  
0.561927  0.206001  0.232072  
0.333234  0.333433  0.333333  
0.154376  0.7755  0.0701234  
0.432768  0.23414  0.333092  
0.0913922  0.847877  0.0607312  
0.369824  0.544461  0.0857152  
0.423799  0.381848  0.194353  
0.922505  0.00406073  0.0734342  
0.447303  0.219364  0.333333  
0.223513  0.5825  0.193987  
0.230527  0.436139  0.333333  
0.485597  0.181069  0.333333  
0.312208  0.459637  0.228155  
0.311069  0.355598  0.333333  
0.745119  0.19182  0.0630613  
0.65364  0.268663  0.0776972  
0.405075  0.261592  0.333333  
0.611981  0.15141  0.236609  
0.134119  0.532548  0.333333  
0.268692  0.397974  0.333333  
0.0888559  0.772352  0.138792  
0.0703453  0.7015  0.228155  
0.729358  0.0832834  0.187359  
0.536816  0.28831  0.174874  
0.0161446  0.654234  0.329621  
0.0684522  0.931545  2.93091e-06  
0.000536461  0.756909  0.242554  
0.460128  0.206538  0.333333  
0.662467  0.228265  0.109268  
0.0603269  0.60634  0.333333  
0  1  1.11022e-16  
1  0  2.73226e-13  
0.420446  0.246221  0.333333  
0.0624558  0.643941  0.293603  
0.853838  0.142396  0.00376584  
0.225105  0.589987  0.184908  
0.279932  0.720068  1.00686e-12  
6.31518e-21  0.666667  0.333333  
0.744791  0.255209  3.21965e-15  
0.161462  0.585499  0.253039  
0.299831  0.450737  0.249432  
0.00342997  0.905116  0.0914538  
0.446813  0.553187  1.11022e-16  
0.392107  0.418656  0.189237  
0.733112  0.0218449  0.245043  
0.798976  2.42464e-12  0.201024  
0.000179895  0.00175292  1.17213  
0.89433  0.0348069  0.0708627  
0.0813333  0.585333  0.333333  
0.150121  0.516545  0.333333  
0.858879  2.79351e-12  0.141121  
0.373551  0.293115  0.333333  
0.109261  0.829591  0.0611477  
0.471112  0.390105  0.138783  
0.184658  0.482009  0.333333  
0.849856  0.0929262  0.057218  
0.666612  0.333388  3.21965e-15  
1.77192e-06  1.7264e-05  1.50002  
0.242501  0.516914  0.240585  
0.481121  0.185546  0.333333  
0.565109  0.303987  0.130904  
0.619154  0.380846  2.10942e-15  
0.587027  0.0796397  0.333333  
0.0208352  0.645831  0.333333  
0.396855  0.269812  0.333333  
0.439292  0.227375  0.333333  
0.678513  0.0710166  0.25047  
0.619977  0.108232  0.27179  
0.549185  0.447482  0.00333284  
0.270536  0.396131  0.333333  
0.506311  0.160355  0.333333  
0.0405028  0.954504  0.00499353  
0.664707  0.124974  0.210319  
0.644616  0.295502  0.0598827  
0.567581  0.0990854  0.333333  
0.666667  5.41352e-12  0.333333  
0.468171  0.486947  0.044882  
0.347111  0.65206  0.000828392  
0.105012  0.561655  0.333333  
0.173688  0.765452  0.0608596  
0.532011  0.256491  0.211499  
0.708161  0.166588  0.125251  
0.949651  0.00138525  0.0489633  
0.607669  0.0589981  0.333333  
0.31991  0.557854  0.122236  
0.453375  0.361717  0.184908  
0.571516  0.195834  0.23265  
0.355486  0.31118  0.333333  
0.122561  0.877439  2.10942e-15  
0.626809  0.0398579  0.333333  
0.415594  0.474773  0.109633  
0.532374  0.375651  0.0919753  
0.289555  0.377111  0.333333  
0.307084  0.359582  0.333333  
0.0419401  0.624727  0.333333  
0.406798  0.344118  0.249083  
0.383455  0.548765  0.0677798  
0.154676  0.724043  0.121281  
0.807535  0.191993  0.000472436  
0.758274  0.0860071  0.155719  
0.204958  0.461709  0.333333  
0.732944  0.200029  0.0670266  
0.126085  0.540582  0.333333  
0.151831  0.649128  0.199041  
0.526035  0.140631  0.333333  
0.224453  0.442213  0.333333  
0.0143866  0.827867  0.157746  
0.917939  0.0820611  9.60343e-13  
0.593847  0.350942  0.0552107  
0.244086  0.42258  0.333333  
0.794757  0.129014  0.076229  
0.0474066  0.852476  0.100117  
0.163904  0.502762  0.333333  
0.64633  0.0203371  0.333333  
0.34796  0.611456  0.0405836  
0.352687  0.49679  0.150522  
0.352317  0.384987  0.262696  
0.226254  0.6765  0.0972456  
0.451732  0.298063  0.250205  
0.545931  0.120736  0.333333  
0.201051  0.798949  1.08002e-12  
0.619218  0.213111  0.167671  
0.0910226  0.691525  0.217452  
0.33322  0.333447  0.333333  
0.0790816  0.770499  0.15042  
0.286418  0.645212  0.0683701  
0.0544188  0.714724  0.230857  
0.490589  0.272192  0.237218  
0.249402  0.417265  0.333333  
0.343497  0.32317  0.333333  
4.07971e-09  0.762296  0.237704  
0.154576  0.51209  0.333333  
0.305729  0.684542  0.00972929  
0.173619  0.493048  0.333333  
0.356846  0.436524  0.206631  
0.87668  1.77094e-05  0.123302  
0.441604  0.225062  0.333333  
0.782334  0.0564624  0.161203  
0.204093  0.462574  0.333333  
0.17818  0.700088  0.121732  
0.227135  0.554412  0.218453  
0.0148627  0.878307  0.106831  
0.231002  0.435664  0.333333  
0.586392  0.343485  0.0701235  
0.436268  0.282933  0.280799  
0.233919  0.766081  2.22045e-16  
0.616266  0.0504005  0.333333  
0.413843  0.448995  0.137163  
0.73804  0.256772  0.00518829  
0.0258491  0.640818  0.333333  
0.634077  0.0325896  0.333333  
0.516467  0.387923  0.0956105  
0.4044  0.262266  0.333333  
0.317449  0.349217  0.333333  
0.596367  0.0702994  0.333333  
4.56735e-09  0.842664  0.157336  
0.146844  0.579301  0.273855  
0.618678  0.27302  0.108302  
0.164892  0.832232  0.00287582  
0.781669  0.218331  2.22045e-16  
0.70824  0.0990305  0.192729  
0.570786  0.243898  0.185316  
0.604514  0.165264  0.230222  
0.780818  0  0.219182  
0.651378  0.0152888  0.333333  
0.0760882  0.590578  0.333333  
0.398239  0.368903  0.232859  
0.362644  0.637356  4.6895e-07  
0.264666  0.475822  0.259511  
0.573366  0.426634  3.63437e-07  
2.77834e-08  2.70724e-07  1.23665  
0.0657008  0.794853  0.139446  
0.735457  0  0.264543  
0.306912  0.500447  0.19264  
0  0.951978  0.048022  
0.936205  0.00652378  0.0572709  
0.764804  0.126894  0.108302  
0.090928  0.909063  8.57288e-06  
0.453946  0.492504  0.0535501  
0.482968  0.183699  0.333333  
0.916753  0.0811042  0.00214253  
0.506362  0.160304  0.333333  
1  0  2.22045e-16  
0.424058  0.242609  0.333333  
0.460398  0.206268  0.333333  
0.118272  0.779854  0.101874  
0.67311  0.0595493  0.267341  
0.872946  0.127054  2.22045e-16  
0.706638  0.202227  0.0911349  
0.846767  0.0774168  0.0758163  
0.0978051  0.568862  0.333333  
0.651559  0.296775  0.0516652  
0.0863755  0.665161  0.248463  
0.449563  0.384056  0.166381  
0  1  1.11022e-16  
0.00016816  0.00163857  1.09567  
0.358895  0.307772  0.333333  
0.447914  0.552086  2.22045e-16  
0.802341  0.161647  0.0360116  
0.294983  0.554876  0.150141  
0.294478  0.372188  0.333333  
0.581639  0.137562  0.280799  
0.51407  0.476201  0.00972929  
0.579295  0.0873714  0.333333  
0.515555  0.325707  0.158738  
0.384644  0.503492  0.111865  
0.261549  0.640319  0.0981328  
3.57642e-09  0.668255  0.331745  
0.644424  0.355576  3.01229e-09  
0.666424  0.000243165  0.333333  
0.050898  0.615769  0.333333  
0.135969  0.530697  0.333333  
0.114173  0.552493  0.333333  
0.52817  0.138496  0.333333  
0.275762  0.390905  0.333333  
0.67612  0.165572  0.158308  
0.0843258  0.857768  0.0579061  
0.32119  0.604174  0.0746358  
0.403414  0.550742  0.0458433  
0.230594  0.718779  0.0506266  
0.120897  0.70317  0.175933  
0.55597  0.110696  0.333333  
0.307862  0.41116  0.280978  
0.198788  0.621883  0.179329  
0.378887  0.28778  0.333333  
0.185011  0.763324  0.0516652  
0.00636016  0.794754  0.198886  
0.592332  0.344384  0.0632843  
0.156278  0.843722  1.11022e-16  
0.57264  0.0940277  0.333333  
0.101507  0.894975  0.00351839  
0.294815  0.371853  0.333332  
5.33666e-17  0.863396  0.136604  
0.939212  0  0.0607876  
0.569071  0.150484  0.280445  
0.270883  0.395804  0.333314  
0.44691  0.274573  0.278517  
0.849762  0.0787419  0.0714964  
0.395672  0.565014  0.0393138  
0.339877  0.326805  0.333319  
0.877449  0.000964486  0.121586  
0.698396  0.301604  1.11022e-16  
0.306767  0.692974  0.000259371  
0.191847  0.47482  0.333333  
0.525421  0.141248  0.333332  
0.395185  0.27188  0.332935  
0.537637  0.461146  0.00121678  
0.152681  0.513986  0.333332  
0.00251568  0.91829  0.0791939  
0.482098  0.184585  0.333317  
0.372011  0.392434  0.235555  
2.72971e-08  2.65985e-07  1.215  
0.307742  0.449661  0.242598  
0.809041  0.190959  0  
0.71154  0.211411  0.0770492  
0.492913  0.293448  0.213639  
0.754092  0.224053  0.0218549  
0.076647  0.847926  0.0754268  
0.440538  0.402756  0.156707  
0.129451  0.537217  0.333332  
0.461615  0.205071  0.333314  
0.504765  0.161903  0.333332  
0.433061  0.484019  0.0829199  
0.590218  0.0764688  0.333313  
0.0811147  0.732943  0.185942  
0.536911  0.318925  0.144164  
0.651662  0.0150094  0.333329  
0.489732  0.421083  0.089185  
0.917209  0.0625717  0.020219  
0.658757  0.225618  0.115625  
0.343672  0.465412  0.190916  
0.176332  0.490335  0.333332  
0.215912  0.500637  0.28345  
0.240294  0.743548  0.0161572  
0.335329  0.580626  0.0840449  
0.2355  0.431186  0.333313  
0.87644  0.12356  1.11022e-16  
0.77442  0.0825269  0.143053  
0.35941  0.307256  0.333333  
0.616776  0.185188  0.198036  
0.764445  0  0.235555  
0.559996  0.245622  0.194382  
0.164502  0.686144  0.149354  
0.302428  0.55434  0.143233  
0.383816  0.499499  0.116685  
0.104571  0.562096  0.333333  
0.0271874  0.639878  0.332935  
0.440479  0.226208  0.333313  
0.10532  0.616449  0.278231  
0.376838  0.290228  0.332935  
0.705207  0.110368  0.184425  
0  1  1.11022e-16  
0.277844  0.65475  0.0674069  
0.456132  0.535476  0.0083921  
0.213369  0.453318  0.333313  
0.191504  0.553182  0.255314  
0.0787181  0.587949  0.333332  
0.511444  0.216063  0.272493  
0.669486  0.095745  0.234769  
0.666671  0  0.333329  
1  0  2.22045e-16  
0.315122  0.351545  0.333332  
0.773941  0.151034  0.0750251  
0.632682  0.293788  0.0735298  
0.610866  0.0558244  0.333309  
0.0567636  0.813762  0.129474  
0.369807  0.630193  1.11022e-16  
0.695257  0.0283984  0.276345  
0.395392  0.334512  0.270096  
0.0498826  0.616787  0.333331  
4.52221e-17  0.666723  0.333277  
0.0722947  0.69215  0.235555  
0.624319  0.375681  0  
0.627039  0.0396464  0.333314  
0.551419  0.115249  0.333332  
4.92221e-17  0.725697  0.274303  
0.165112  0.627144  0.207744  
0.831105  0.0147665  0.154129  
0.233006  0.63146  0.135535  
0.193093  0.725837  0.0810701  
0.000167981  0.00163682  1.0945  
0.14892  0.803996  0.0470843  
0.237397  0.541089  0.221515  
0.0301857  0.966001  0.0038134  
0.252515  0.414156  0.333329  
0.418565  0.248113  0.333322  
0.0152033  0.651524  0.333272  
0.441221  0.317119  0.24166  
0.565542  0.145543  0.288915  
0.376218  0.579966  0.0438162  
0.49924  0.341284  0.159476  
0.500746  0.16592  0.333333  
0.523822  0.142845  0.333333  
0.362001  0.304665  0.333333  
0.297677  0.368989  0.333333  
0.583833  0.0828338  0.333333  
0.158223  0.727824  0.113953  
0  0.759139  0.240861  
0.0361948  0.630472  0.333333  
0.296837  0.577195  0.125968  
0  0.83781  0.16219  
0.564913  0.101753  0.333333  
0.514656  0.484957  0.00038682  
0.208267  0.676238  0.115495  
0.223926  0.599474  0.1766  
0.478187  0.18848  0.333333  
0.699721  0.235231  0.0650481  
0.0721086  0.788838  0.139054  
0.491942  0.413667  0.0943903  
0.666667  0  0.333333  
0.743838  3.33734e-05  0.256128  
0.845332  0.152263  0.00240463  
0.920776  0.0792238  0  
0.0900745  0.909539  0.00038682  
0.000168115  0.00163813  1.08656  
0.810638  0.000837819  0.188524  
0.43639  0.472495  0.0911149  
0.667551  0.325413  0.00703573  
0.127933  0.797667  0.0744  
0.623246  0.37674  1.44729e-05  
0.642522  0.0241449  0.333333  
0.702427  0.104436  0.193137  
0.39677  0.269899  0.333331  
0.0274303  0.685349  0.28722  
0.204178  0.730452  0.0653692  
0.187195  0.54932  0.263485  
0.0936422  0.868932  0.0374253  
0.777942  0.0598679  0.16219  
0.413231  0.388118  0.198651  
0.618525  0.17295  0.208525  
0.761748  0.238252  2.22045e-16  
0.113665  0.553062  0.333272  
0.134653  0.532075  0.333272  
0.00175162  0.9332  0.0650481  
0.0928999  0.573828  0.333272  
0.414608  0.252059  0.333333  
0.50717  0.217474  0.275356  
0.702429  0.173971  0.1236  
0.23168  0.435044  0.333276  
0.621633  0.0450338  0.333333  
0.0600456  0.716944  0.22301  
0.339239  0.327428  0.333333  
0.457019  0.209648  0.333333  
1  0  2.22045e-16  
0.379872  0.286795  0.333333  
0.0679109  0.598756  0.333333  
0.298015  0.455153  0.246833  
0.277943  0.722057  2.22045e-16  
0.683762  0.0429821  0.273256  
0.588225  0.319656  0.0921191  
0.878899  0.00399478  0.117107  
0.782241  0.126644  0.0911149  
0.318199  0.348468  0.333333  
0.573556  0.249751  0.176693  
0.841702  0.09325  0.0650481  
0.354406  0.370945  0.274649  
0.754479  0.189704  0.0558179  
0.383874  0.439527  0.1766  
0  1  0  
0.0508033  0.615924  0.333272  
0.203554  0.463174  0.333272  
0  0.666895  0.333105  
0.520222  0.285133  0.194645  
0.188402  0.810622  0.000975969  
0.177965  0.488702  0.333333  
0.0247925  0.884093  0.0911149  
0.27618  0.390487  0.333333  
0.132926  0.635175  0.231898  
0.635341  0.232156  0.132503  
0.402448  0.597552  2.22045e-16  
0.606262  0.0604047  0.333333  
0.104464  0.60655  0.288987  
0.331024  0.652449  0.0165264  
0.113028  0.692911  0.194061  
9.77721e-09  9.527e-08  1.20081  
0.635303  0.122301  0.242395  
0.555784  0.419605  0.0246103  
0.343142  0.517261  0.139597  
0.255945  0.410722  0.333333  
0.260707  0.509834  0.229459  
0.430536  0.236192  0.333272  
0.155214  0.511452  0.333333  
0.266095  0.659505  0.0744  
0.545828  0.120839  0.333333  
0.464318  0.519156  0.0165264  
0.928788  0.0150196  0.0561928  
0.331946  0.643191  0.0248628  
0.176834  0.688142  0.135024  
0.149233  0.586889  0.263878  
0.190932  0.746701  0.0623672  
0.635072  0.316087  0.048841  
0.466524  0.200143  0.333333  
0.247875  0.667675  0.0844498  
0.530926  0.412872  0.0562025  
0.21904  0.565945  0.215015  
0.15339  0.739221  0.107389  
0.74036  8.07042e-07  0.259639  
0  0.87775  0.12225  
0.278395  0.388272  0.333333  
0.666666  7.26711e-07  0.333333  
0.549151  0.191518  0.259331  
0.301651  0.538115  0.160234  
0.127662  0.872337  9.39466e-07  
0.218033  0.781967  1.11022e-16  
0.371254  0.54994  0.0788065  
0.233718  0.432949  0.333333  
0.077843  0.588824  0.333333  
0.884288  0.00531658  0.110395  
0.137198  0.529468  0.333333  
0.444567  0.532113  0.0233202  
0.324793  0.341874  0.333333  
0.343919  0.322748  0.333333  
0.246328  0.477294  0.276378  
0.424675  0.241991  0.333333  
0.000154898  0.00150934  1.07672  
0.00365076  0.924139  0.0722099  
0.487402  0.179265  0.333333  
0.600698  0.13931  0.259992  
0.765351  0.234642  7.39726e-06  
0.552634  0.114033  0.333333  
0.0398069  0.62686  0.333333  
0.530705  0.135962  0.333333  
0.385143  0.281524  0.333333  
0.581197  0.329111  0.089692  
0.261064  0.405603  0.333333  
0.30809  0.454634  0.237276  
0.0199202  0.646747  0.333333  
0.257394  0.612666  0.129939  
0.709974  0.103675  0.186351  
0.397003  0.602996  1.29277e-06  
0.101561  0.565105  0.333333  
0.184276  0.633887  0.181836  
0.0926866  0.752666  0.154648  
0.359884  0.381545  0.258571  
0.116887  0.54978  0.333333  
9.56659e-09  9.32177e-08  1.17494  
0.594233  0.072434  0.333333  
0  0.777447  0.222553  
0  1  0  
0  0.666667  0.333333  
0.431479  0.454152  0.114369  
0.649276  0.187105  0.16362  
0.759841  0.143811  0.0963484  
0.719737  0.0612055  0.219058  
0.641698  0.024969  0.333333  
0.782413  0.088427  0.12916  
0.581953  0.225493  0.192554  
0.51943  0.322987  0.157583  
0.36275  0.303917  0.333333  
0.198378  0.468289  0.333333  
0.400982  0.422052  0.176966  
0.573228  0.0934388  0.333333  
0.214272  0.452395  0.333333  
0.509659  0.157008  0.333333  
0.828868  0  0.171132  
0.577197  0.422802  8.60836e-07  
0.8359  0.1641  2.22045e-16  
0.616147  0.0505201  0.333333  
0.0368024  0.727188  0.23601  
0.102313  0.831197  0.0664898  
0.0777435  0.655825  0.266431  
0.438594  0.35408  0.207326  
0.700993  0.220497  0.0785102  
0.656268  0.343731  6.75493e-07  
0.705118  0.294874  7.39726e-06  
0.44417  0.222497  0.333333  
0.518159  0.48184  8.60836e-07  
0.428156  0.308725  0.263119  
0.0510847  0.948915  2.22045e-16  
0.293361  0.706631  8.53964e-06  
0.499303  0.231109  0.269588  
0.850813  0.099219  0.0499677  
0.360983  0.482946  0.156071  
1  0  2.22045e-16  
0.30096  0.365706  0.333333  
0.944136  0  0.0558636  
0.153255  0.513412  0.333333  
0.0603593  0.606307  0.333333  
0.0205884  0.811894  0.167518  
0.620102  0.263806  0.116092  
0.124057  0.684754  0.191189  
0.180493  0.486174  0.333333  
0.407992  0.258674  0.333333  
0.48905  0.383936  0.127014  
0.931481  0.0685188  2.22045e-16  
0.655416  0.0849444  0.259639  
0.412973  0.587027  0  
0.728396  0  0.271604  
0.0726704  0.838691  0.0886384  
0.675608  0.109031  0.21536  
3.82074e-10  3.72296e-09  1.17026  
0.235047  0.541405  0.223549  
0.394779  0.483073  0.122148  
0.250482  0.749518  0  
0.0686875  0.666983  0.26433  
0.66851  5.28485e-05  0.331437  
0  0.871082  0.128918  
0.527444  0.139222  0.333333  
0.0643535  0.767283  0.168364  
0.301971  0.505504  0.192525  
0.194098  0.472568  0.333333  
0.608876  0.175764  0.21536  
0.353628  0.551091  0.0952808  
0.379255  0.287412  0.333333  
0.351178  0.623594  0.0252283  
0.301364  0.365303  0.333333  
0.461316  0.205351  0.333333  
0  0.666667  0.333333  
0.419492  0.384029  0.19648  
0.607866  0.0588008  0.333333  
0.196024  0.789152  0.0148236  
0.288575  0.57021  0.141215  
0.0394787  0.627188  0.333333  
0.811411  0.136919  0.0516708  
0.626294  0.0403729  0.333333  
0.194193  0.635806  0.170001  
0.641711  0.20609  0.152198  
0.0746314  0.925369  0  
0.422008  0.244659  0.333333  
0.72966  0.266515  0.00382488  
0  1  0  
0.125547  0.733239  0.141215  
0.223584  0.443082  0.333333  
0.948173  0.000158701  0.0516682  
0.544963  0.121704  0.333333  
0.745784  0.0604943  0.193722  
0.819112  5.81807e-05  0.18083  
0.13378  0.532887  0.333333  
0.1774  0.711146  0.111454  
0.490608  0.361311  0.148081  
0.482683  0.183984  0.333333  
0.444631  0.538967  0.0164017  
0.723963  0.180973  0.0950642  
0.158933  0.507734  0.333333  
0.153585  0.845099  0.00131596  
0.555556  0.236436  0.208007  
0.148006  0.58106  0.270934  
0.290543  0.633159  0.0762974  
0.0645332  0.602133  0.333333  
0.257829  0.459209  0.282962  
0.32487  0.67513  0  
0.329324  0.399742  0.270934  
0.58216  0.0845063  0.333333  
0.4115  0.321625  0.266875  
0.215615  0.721723  0.0626619  
0.455174  0.422678  0.122148  
0.00014106  0.0013745  1.05617  
0.0195338  0.647133  0.333333  
0.0817265  0.58494  0.333333  
0.401668  0.264999  0.333333  
0.698125  0.301875  3.35228e-08  
0.863782  0.030165  0.106053  
0.326536  0.34013  0.333333  
0.241029  0.425638  0.333333  
0.563356  0.103311  0.333333  
0.00277397  0.828862  0.168364  
0.176401  0.490265  0.333333  
0.112565  0.823118  0.0643166  
0.43852  0.228147  0.333333  
0.636588  0.347916  0.0154957  
0.118433  0.666207  0.21536  
0.915936  0.0840637  2.22045e-16  
0.354518  0.312148  0.333333  
0.86848  0.13152  0  
0.711361  0.138353  0.150286  
0.458564  0.254555  0.286882  
0.785608  0.214389  2.59216e-06  
0.260084  0.406582  0.333333  
0.34039  0.44594  0.21367  
0.107042  0.559687  0.333271  
0.806049  0.0872387  0.106712  
0.585447  0.132126  0.282427  
0.55501  0.399433  0.045557  
1  0  2.22045e-16  
0.487213  0.44847  0.0643166  
0  0.928857  0.0711431  
0.245958  0.626333  0.127709  
0.275676  0.390991  0.333333  
0.509957  0.266895  0.223148  
0.608186  0.391814  2.22045e-16  
0.0142713  0.745647  0.240081  
0.514378  0.4842  0.00142213  
0.666743  0.244698  0.0885594  
0.505006  0.161661  0.333333  
0.645535  0.0211319  0.333333  
0.566471  0.307705  0.125824  
