2.08166  2.29147  
2.48717  0.9129  
2.20644  1.32387  
2.23262  1.79995  
2.07981  1.86832  
1.33635  2.14244  
2.62987  1.6147  
2.25461  1.39045  
2.39951  1.74604  
2.32749  2.10508  
1.58342  1.13403  
1.89786  2.57466  
2.36195  2.25627  
2.41577  1.90235  
2.24742  1.48096  
3.71947  2.0938  
1.91214  1.74987  
3.08428  1.24465  
1.64171  2.57529  
2.09176  2.19055  
2.1035  1.98539  
2.39687  1.78937  
1.85227  3.03469  
2.79058  2.03495  
2.5097  2.03413  
2.36861  1.65024  
2.29248  2.62259  
2.07991  2.24575  
3.10588  1.72135  
1.62881  1.48804  
2.31877  1.89168  
2.07837  1.24833  
1.64307  2.65243  
1.20728  2.58611  
1.69701  2.27152  
2.48431  2.56088  
2.05797  2.0276  
2.0978  1.50724  
1.68196  2.07935  
2.37739  1.94494  
1.8743  2.15441  
2.19283  1.52267  
2.71705  1.89723  
2.30041  2.25139  
2.69781  2.55536  
2.37675  2.13141  
2.59995  1.88148  
2.96981  1.43813  
2.77508  1.86731  
2.20377  0.873758  
1.25435  2.65398  
2.94064  2.08775  
1.76274  1.90783  
2.5032  2.15008  
2.42271  1.66745  
2.36862  1.58081  
2.76178  1.99458  
1.88109  0.74086  
2.79734  1.93584  
2.17007  3.14576  
2.59125  1.939  
1.69283  1.92911  
2.20058  1.7088  
1.84866  1.85332  
3.33922  1.56771  
1.51414  2.26524  
3.12404  1.85173  
1.95681  1.90588  
1.30035  2.57562  
2.15909  1.23276  
1.58577  2.17362  
2.34762  2.22401  
2.87803  2.06614  
2.22807  1.66887  
2.34496  2.07224  
3.06095  2.04967  
3.02721  1.61345  
2.89133  1.88584  
1.40643  1.79359  
2.62576  1.86704  
2.51467  1.90987  
1.46265  2.06703  
2.52025  1.9323  
1.68585  2.21534  
2.6417  2.05429  
1.12436  2.07663  
2.11406  1.73537  
2.46453  2.10794  
1.62349  1.6975  
1.76977  1.9161  
1.304  3.14323  
2.45069  1.9893  
2.92389  2.87808  
2.95234  1.71398  
1.42894  2.42682  
1.85136  1.49698  
2.24389  1.94718  
2.21991  1.54821  
2.57099  0.909509  
2.36819  2.05919  
2.67408  2.03347  
3.18415  2.56836  
2.85155  2.30237  
2.29791  3.01723  
2.44845  1.85454  
1.8181  2.3515  
1.84937  1.95407  
2.88546  1.63737  
3.41492  1.48871  
2.0145  1.71894  
2.8959  1.24733  
2.26104  1.34507  
1.33248  2.76936  
2.0152  1.51111  
1.38601  1.97074  
2.48295  1.26752  
1.64179  1.66358  
1.95236  1.36237  
1.70215  1.47439  
1.42255  1.76115  
0.885923  1.89257  
2.33711  0.521652  
0.666241  1.94668  
1.5535  0.869989  
0.641687  2.59387  
0.495988  2.0571  
0.345503  1.87332  
1.37262  1.55341  
1.41191  1.73306  
2.22099  0.49934  
0.885019  1.50452  
2.85251  0.448202  
0.990001  1.46196  
0.284397  2.64525  
0.954109  1.10755  
0.485565  1.58667  
0.545883  0.639431  
1.29566  0.0435087  
2.35863  0.247688  
0.246758  0.716741  
0.723077  1.24572  
1.17085  1.11354  
0.882169  0.176153  
1.64436  0.510017  
0.293715  2.02306  
0.103086  1.09209  
0.187782  1.53807  
2.53946  0.381442  
0.306385  1.87333  
0.770893  0.650039  
1.64432  0.374275  
1.82529  2.00769  
2.33029  0.223801  
1.00108  1.30665  
1.42035  0.578501  
0.0526601  1.79139  
0.951061  3.01293  
1.6278  0.701592  
0.627171  1.41462  
0.810915  2.28069  
1.07727  0.731039  
1.68574  1.43704  
0.98849  1.81234  
0.665947  1.9527  
2.53943  0.502216  
1.0742  1.38015  
1.7997  1.06552  
1.98481  0.703453  
1.58218  0.928303  
1.58729  1.13466  
0.526164  3.48264  
2.03909  0.56018  
0.999451  1.47954  
1.25123  1.2735  
0.961785  1.95377  
1.54905  1.5381  
2.69776  0.631229  
1.48275  1.17958  
2.67256  0.65828  
0.910101  2.38759  
1.27898  1.91827  
0.993256  1.84051  
1.02024  1.83773  
2.93306  0.762307  
0.719236  2.61034  
1.73694  0.654437  
1.80474  0.996381  
1.37279  1.42066  
2.70492  0.845388  
0.965276  2.20838  
2.47384  0.965925  
1.23683  1.79836  
1.76432  1.03714  
1.07318  1.87892  
1.99264  1.20301  
0.855152  2.82999  
3.00014  0.889246  
1.50987  2.76139  
1.46042  1.50055  
1.37844  1.8208  
2.03863  0.347428  
1.62404  0.447634  
0.438992  1.62327  
1.34433  0.611596  
0.663381  1.29078  
1.89788  0.3763  
0.166789  3.30616  
1.17134  0.854146  
0.806666  1.16825  
2.25298  0.124719  
0.210028  2.79752  
1.41103  0.473942  
0.445878  1.51729  
1.19148  0.795752  
1.64543  0.373476  
0.319491  1.71081  
1.28017  0.523265  
1.11675  0.82506  
1.72708  0.333348  
0.867683  0.97167  
1.39075  0.324221  
0.282113  1.20734  
1.24072  0.48447  
0.0312489  2.05252  
0.151506  1.4658  
1.15978  0.378501  
0.321311  0.935627  
0.15567  1.65405  
1.70621  0.168643  
2.58536  0.0682315  
0.460595  1.34845  
0.0472209  1.3397  
0.155529  1.42526  
0.136014  1.76699  
0.0856799  1.86443  
0.204045  1.82193  
0.105715  1.6995  
0.237989  1.47896  
0.954358  0.583117  
2.33783  0.0802002  
0.0151311  1.87336  
1.10033  0.241476  
0.515055  0.907918  
0.0842437  0.986103  
0.313989  1.31721  
0.518638  1.14282  
0.234458  0.622903  
1.15624  0.439185  
0.832831  0.176559  
1.13598  0.0285352  
0.2163  1.57633  
1.26008  0.418855  
0.203085  0.787427  
0.972847  0.472695  
0.163845  1.35082  
0.109357  1.93378  
1.04727  0.0813228  
0.969745  0.817561  
0.5931  0.885551  
0.332427  0.689787  
1.29562  0.0967398  
0.731156  0.635891  
1.37807  0.442871  
0.0281413  1.90641  
0.146898  1.48284  
1.72981  0.0552242  
1.99807  0.0772702  
0.150405  2.27274  
0.202927  1.10822  
0.863008  0.561169  
0.85562  0.885936  
0.237567  1.47327  
0.848758  0.84606  
0.469032  1.1059  
0.144889  2.6673  
1.05868  0.693021  
1.66487  0.255515  
1.83049  0.205499  
1.33432  0.338829  
0.27194  1.25368  
0.665651  0.880616  
0.462417  1.13497  
0.632418  0.984243  
2.02118  0.0863185  
0.194009  1.66825  
2.14003  0.0386882  
0.311888  1.36483  
0.124934  2.62208  
1.6156  0.329026  
1.35551  0.39656  
1.07229  0.599184  
0.570149  1.0561  
0.189977  1.83984  
1.80958  0.317688  
0.622624  1.03343  
0.592446  1.11734  
1.4007  0.418802  
2.16363  0.0879987  
1.22877  0.630386  
0.388469  1.46759  
0.111914  1.85293  
1.6622  0.0243125  
0.549677  0.703116  
0.259643  1.32162  
1.12397  0.280181  
1.21964  0.225788  
1.45364  0.133464  
0.103584  1.33956  
0.840328  0.472506  
0.855662  0.453929  
1.37351  0.197773  
0.297758  1.00087  
0.57701  0.640533  
0.0273196  2.02269  
0.448248  0.877184  
0.865942  0.426989  
0.124444  1.19123  
0.0536777  1.41238  
1.13483  0.227434  
2.19045  0.00857578  
1.16873  0.167999  
1.41117  0.00951028  
0.376614  0.661288  
1.05021  0.185852  
0.796262  0.445663  
1.83355  0.00381416  
0.312551  0.933578  
0.114863  1.03176  
1.42804  0.128975  
0.00242245  1.3454  
0.0738008  1.09221  
1.59819  0.0213044  
0.447587  0.429551  
0.00102803  1.49433  
0.567167  0.478365  
0.00145876  1.32335  
0.255212  0.93637  
1.3567  0.17383  
0.402459  0.797277  
0.00181812  1.01336  
0.703848  0.563735  
0.866294  0.23149  
0.794596  0.378007  
0.412476  0.563101  
0.000441225  1.96129  
0.842814  0.160208  
1.29149  0.107982  
0.801725  0.31675  
1.55281  0.0166657  
0.172837  0.796351  
0.163762  0.701385  
1.15988  0.23695  
0.050878  1.23766  
1.4068  0.00142129  
0.69016  0.423648  
0.120241  1.00815  
0.765846  0.194025  
1.04578  0.00840667  
0.119539  0.962945  
1.36628  0.0167949  
0.373565  0.813304  
0.223127  0.623461  
1.76059  0.000897973  
0.106056  0.90342  
0.755545  0.420129  
0.000480134  1.632  
0.153672  0.85134  
0.334853  0.501217  
0.421372  0.483534  
0.762487  0.435084  
1.04188  0.0891301  
0.945704  0.298015  
0.99582  0.197384  
1.26633  0.130046  
1.48299  0.0342635  
0.00113184  1.53753  
0.733844  0.463172  
0.218017  1.0279  
0.502482  0.551858  
2.0217  0.00356366  
1.00608  0.222874  
0.429017  0.59131  
1.47483  0.0341895  
0.0819555  1.34036  
0.00416107  1.36492  
0.936144  0.245518  
0.606607  0.482004  
2.17432  0.00390397  
0.326399  0.845223  
0.834315  0.369352  
0.104806  1.17132  
0.867612  0.328601  
0.539238  0.516186  
0.519558  0.688241  
0.461768  0.583727  
1.30386  0.0803204  
0.0492354  1.34898  
0.0341134  1.43382  
0.0924942  1.32506  
0.816196  0.444257  
0.888617  0.159873  
1.06759  0.0586209  
0.666552  0.260343  
0.790281  0.199875  
0.373296  0.475926  
1.09251  0.039678  
0.0457371  0.974056  
0.418361  0.449108  
0.176844  0.787541  
0.627005  0.37344  
0.805904  0.170233  
1.03457  0.0642908  
0.00347829  1.35544  
0.23354  0.694418  
0.448866  0.415021  
0.896983  0.130391  
0.0905967  0.813833  
0.312135  0.614485  
0.0102972  1.12947  
0.66871  0.230717  
1.13677  0.000266089  
1.20525  1.47391e-05  
0.000276115  1.0404  
0.468052  0.359498  
0.8042  0.166428  
1.40755  1.50755e-05  
0.00676686  1.00941  
0.304046  0.565307  
0.552655  0.348781  
0.0164501  0.973413  
0.730044  0.175791  
0.0466535  0.899318  
7.57681e-05  1.15935  
1.14544  1.69239e-05  
0.116948  0.715304  
0.776474  0.192181  
0.0765368  0.782306  
0.864439  0.123311  
0.57381  0.352126  
1.12491  8.28342e-05  
0.756806  0.144599  
0.323718  0.474782  
0.830927  0.126641  
0.691803  0.185042  
0.053261  0.933469  
0.52099  0.359202  
0.336583  0.422232  
0.980347  0.0425478  
1.10832  0.00010234  
0.17411  0.688331  
0.0262807  0.887951  
0.817252  0.134992  
0.439173  0.367078  
0.418308  0.383044  
0.00778069  0.996563  
1.00209  0.000296866  
0.0301426  0.978964  
0.470506  0.378081  
0.469031  0.35194  
0.198634  0.617241  
0.176333  0.67875  
0.657602  0.212465  
0.305636  0.491504  
0.427705  0.400589  
0.0474997  0.807893  
0.0914445  0.726128  
0.0363222  0.963946  
1.00825  0.0614836  
0.150774  0.682179  
0.346355  0.462753  
1.01595  0.0163268  
0.143966  0.743664  
0.00720928  1.03897  
0.66649  0.22038  
0.0897169  0.782876  
1.13086  0.000107125  
0.440009  0.386253  
0.069817  0.868393  
0.840356  0.150711  
0.00275549  1.17793  
0.150435  0.708965  
0.150898  0.737555  
0.3079  0.580662  
0.716533  0.197478  
0.49396  0.367246  
0.894233  0.128601  
0.325448  0.493211  
0.0292319  1.00286  
0.412803  0.435516  
0.304477  0.621455  
1.08649  0.0113325  
0.999624  0.0659134  
0.0155573  1.02617  
0.341287  0.493571  
0.549768  0.355129  
0.996174  0.104563  
1.11758  0.00560367  
0.999071  0.0865745  
0.803721  0.180739  
0.570068  0.354918  
0.964311  0.0246711  
0.328328  0.432769  
0.0202899  0.86481  
0.0157106  0.879472  
0.454175  0.327209  
0.417127  0.360005  
0.0198361  0.866284  
0.965529  0.0195202  
0.00765314  0.932743  
0.68171  0.176446  
0.396449  0.374514  
0.438588  0.342576  
0.120402  0.654717  
0.745508  0.140094  
0.965267  0.0200809  
0.00346166  0.949024  
0.633079  0.206683  
0.0437435  0.826616  
0.791935  0.113838  
0.0234436  0.860169  
8.56611e-05  0.993986  
0.0610236  0.75891  
0.630615  0.212683  
0.43987  0.341894  
0.994347  0.00601309  
0.771611  0.125371  
0.0971305  0.69443  
0.0967032  0.696455  
0.428599  0.352036  
0.297147  0.459212  
0.305418  0.452029  
0.641697  0.204477  
0.0139842  0.885802  
0.00109571  0.971464  
0.0114077  0.899339  
0.127098  0.654147  
0.0442345  0.800172  
0.000301218  0.986  
0.731255  0.147346  
0.197401  0.611944  
0.666198  0.184482  
0.410659  0.363046  
0.668007  0.183199  
0.631478  0.208985  
0.0630237  0.757446  
0.727019  0.156899  
0.787075  0.113967  
1.0093  6.56374e-06  
0.00077895  0.975064  
0.0221204  0.861067  
0.0057033  0.938809  
0.394046  0.376471  
0.41467  0.360698  
0.0783438  0.727816  
0.0126932  0.891424  
0.313567  0.44655  
0.138103  0.653698  
0.313962  0.443173  
0.660367  0.196037  
0.00174394  0.962292  
0.328797  0.430996  
0.456993  0.327058  
0.452235  0.329991  
1.00021  0.000185813  
0.682898  0.174789  
0.652172  0.197149  
0.297088  0.465142  
0.0187327  0.870428  
0.10385  0.686516  
0.196835  0.613106  
0.769572  0.129301  
0.399632  0.37022  
7.44431e-06  1.02201  
0.722121  0.164074  
0.745113  0.141145  
0.437204  0.34775  
0.120136  0.655548  
0.0655524  0.749129  
0.0658854  0.747483  
0.72759  0.15302  
0.980771  0.0145073  
0.439282  0.342021  
0.347678  0.413006  
0.301434  0.453569  
0.0110512  0.905992  
0.970935  0.0177824  
0.432899  0.350931  
0.00687557  0.934298  
0.334005  0.422485  
0.00436904  0.944133  
0.105534  0.6802  
0.728903  0.148588  
0.348542  0.412083  
0.00217172  0.955929  
0.637179  0.20492  
0.664376  0.19173  
0.0439142  0.801316  
0.720326  0.167567  
0.0791262  0.724131  
0.0820255  0.722801  
0.0763302  0.726228  
0.295837  0.457968  
0.00367667  0.942025  
0.063338  0.751086  
0.355064  0.406373  
0.312929  0.442174  
0.408547  0.362409  
0.399001  0.369318  
0.333173  0.423871  
0.00458642  0.93634  
0.123194  0.652748  
0.0594648  0.758271  
0.325749  0.430289  
0.0417462  0.800175  
0.43705  0.339962  
0.785997  0.1138  
0.296921  0.455796  
0.093359  0.697539  
0.727509  0.147512  
0.333895  0.422336  
7.0619e-06  1.00246  
0.349577  0.40947  
0.00637809  0.925159  
0.0779037  0.722018  
0.392247  0.376506  
0.0191944  0.864576  
0.770077  0.123233  
0.00251066  0.951234  
0.714257  0.158236  
0.716267  0.15694  
0.102824  0.681201  
0.30102  0.452389  
0.761521  0.12802  
0.346968  0.411331  
0.962169  0.0227229  
0.964183  0.0185339  
0.0124853  0.889311  
0.666148  0.184116  
0.000313894  0.982938  
1.00004  9.90428e-05  
0.194552  0.596481  
0.1093  0.67687  
0.401858  0.36818  
0.711455  0.160469  
0.00163395  0.960253  
0.0160824  0.875369  
0.411897  0.359002  
0.981059  0.0111162  
0.0519502  0.783705  
0.0657134  0.745123  
0.688016  0.172049  
0.0213564  0.856948  
0.000940434  0.970565  
0.969597  0.0161372  
0.635663  0.203557  
0.0179514  0.868868  
0.647863  0.196733  
0.708544  0.162083  
0.743579  0.138971  
0.0100775  0.905284  
0.34439  0.414631  
0.0147506  0.879413  
0.659092  0.189135  
0.788493  0.113066  
0.45815  0.326228  
0.731655  0.14645  
0.0479027  0.786465  
0.667933  0.182983  
0.0992551  0.690711  
0.682718  0.174207  
0.451346  0.329671  
0.632312  0.205674  
0.0428963  0.794592  
0.0610851  0.753844  
0.453755  0.326744  
0.72574  0.150218  
0.119494  0.654888  
0.0950969  0.692782  
0.338668  0.419865  
0.00526099  0.930595  
0.629275  0.20891  
0.0795148  0.719949  
0.0445165  0.791502  
0.394508  0.372562  
0.0831605  0.717932  
0.678606  0.177082  
0.0681385  0.742098  
0.745054  0.137344  
0.00770514  0.920317  
0.011125  0.896672  
0.426702  0.349655  
0.0239943  0.851308  
0.0251669  0.84996  
0.99198  0.00492907  
0.428342  0.346452  
0.0134015  0.885119  
1.00548  6.56374e-06  
0.303835  0.45058  
0.0752043  0.729755  
0.104611  0.678029  
0.743416  0.138705  
0.784985  0.115005  
0.732885  0.14457  
0.411402  0.358972  
0.635141  0.203337  
0.094678  0.692809  
0.0193084  0.863086  
0.00163395  0.960201  
0.458296  0.325749  
0.0756055  0.726088  
0.00608806  0.923722  
0.708214  0.160191  
0.666058  0.184024  
0.312864  0.441987  
0.687379  0.171526  
0.961464  0.0214342  
0.343831  0.413933  
0.353462  0.40613  
0.00403365  0.937768  
0.629197  0.207433  
0.770461  0.122634  
0.124318  0.651729  
0.0177829  0.86888  
0.714757  0.156477  
0.00249349  0.950998  
0.790302  0.112627  
0.103792  0.678339  
0.118754  0.656379  
0.0209704  0.856657  
0.72545  0.15  
0.0234671  0.85086  
0.303051  0.450452  
0.667903  0.182948  
0.96877  0.0160219  
0.980451  0.0103504  
0.391968  0.376056  
0.0157427  0.875648  
0.428222  0.345993  
0.296774  0.455604  
0.0429759  0.793815  
0.10671  0.676263  
0.0835465  0.717019  
0.0124853  0.889311  
0.453668  0.326722  
0.0611282  0.753243  
0.300745  0.452165  
0.0975138  0.690797  
0.727387  0.147375  
5.0167e-06  1.00108  
0.349434  0.409379  
0.745757  0.136887  
0.0778872  0.721709  
0.67849  0.176764  
0.426117  0.348829  
0.000871158  0.97111  
0.394295  0.372285  
0.050499  0.782228  
0.0314451  0.841191  
0.00752559  0.918869  
0.0141974  0.881831  
0.324738  0.430987  
0.647101  0.196237  
0.332711  0.423682  
0.0800891  0.718636  
0.682651  0.174136  
0.00993987  0.90232  
0.295047  0.45826  
0.693186  0.170349  
0.761199  0.127781  
0.0250274  0.846044  
0.325661  0.429774  
0.0744039  0.73176  
0.346952  0.411329  
0.0413563  0.799997  
0.0929559  0.697118  
0.121029  0.65326  
0.192653  0.596141  
0.964068  0.0185016  
0.0444334  0.791325  
0.658943  0.188578  
0.00518761  0.929955  
0.0475061  0.784655  
0.401366  0.367616  
0.334644  0.421751  
0.338385  0.419203  
0.991903  0.00435639  
1.00569  4.90663e-06  
0.102402  0.681541  
0.0587711  0.759946  
1.00001  9.79114e-05  
0.436366  0.34034  
0.0673687  0.741619  
0.398871  0.368962  
0.438049  0.338846  
0.627975  0.211638  
0.000313473  0.982879  
0.451121  0.329935  
0.408205  0.362324  
0.0656694  0.744809  
0.0110505  0.895983  
0.338029  0.419144  
0.666061  0.183997  
0.103769  0.678132  
0.692397  0.168636  
0.457599  0.325662  
0.0471113  0.784381  
0.332628  0.423585  
0.980288  0.0102598  
0.00517773  0.929073  
0.687205  0.171513  
0.000862101  0.971083  
0.0411264  0.799312  
0.0833147  0.716658  
0.394235  0.372267  
0.00632243  0.922034  
0.426019  0.34858  
0.120718  0.653219  
0.0755374  0.726053  
0.658914  0.188471  
0.0488173  0.78139  
0.72733  0.147353  
0.0429759  0.793756  
0.991825  0.0042656  
0.0586752  0.759226  
0.732309  0.14445  
0.0521199  0.779586  
0.0655352  0.744814  
0.353189  0.406082  
0.12577  0.651214  
0.451074  0.329357  
0.428085  0.345958  
0.761188  0.127742  
0.96856  0.0159558  
0.785051  0.114495  
0.312631  0.442039  
0.437694  0.338832  
0.00168715  0.959275  
0.725283  0.149601  
0.0313694  0.835921  
0.400434  0.36757  
0.0110221  0.895647  
0.0972007  0.690735  
0.118415  0.657043  
0.0209489  0.856603  
1.00003  6.17193e-05  
0.436215  0.339974  
0.453636  0.326722  
0.01775  0.86883  
0.00400138  0.937789  
0.0946166  0.692678  
0.0190689  0.862661  
0.325527  0.429656  
0.00760062  0.917414  
0.106442  0.676077  
0.790588  0.112454  
0.0927413  0.696996  
0.190505  0.593434  
0.376873  0.388012  
0.411189  0.358935  
0.0801192  0.718506  
0.358585  0.402067  
0.0124794  0.889306  
0.745622  0.136806  
0.379747  0.384751  
0.963746  0.0185763  
0.29673  0.455533  
0.349146  0.409349  
0.682345  0.174103  
0.294513  0.459375  
0.324473  0.431109  
0.708014  0.160421  
4.81599e-06  1.00042  
0.0777274  0.721662  
0.0230244  0.849982  
0.408121  0.361872  
0.000313473  0.982865  
0.961104  0.0225228  
0.713895  0.155856  
0.770236  0.122508  
0.102176  0.681968  
0.646876  0.196151  
0.629107  0.207209  
1.00377  4.62368e-06  
0.67724  0.177289  
0.0610672  0.753166  
0.0156577  0.875605  
0.668687  0.18239  
0.743362  0.138382  
0.343834  0.413863  
0.00264357  0.950275  
0.627021  0.21268  
0.634949  0.203322  
0.0742307  0.730217  
0.391523  0.376485  
0.0675265  0.74116  
0.0249293  0.843956  
0.0274836  0.839512  
0.0141732  0.881844  
0.00982729  0.902114  
0.302639  0.450322  
0.0921652  0.699376  
0.0945724  0.692633  
0.784833  0.114535  
0.626877  0.211179  
0.413014  0.357775  
0.458755  0.325306  
0.353056  0.406072  
0.435858  0.340354  
0.425966  0.348465  
0.394215  0.372224  
0.103778  0.678075  
0.713671  0.155585  
0.296744  0.455466  
0.00264271  0.950147  
0.125521  0.650335  
0.646735  0.19614  
0.057884  0.761733  
1.00166  4.62368e-06  
0.43759  0.338764  
0.634905  0.203309  
0.343763  0.413793  
0.0209276  0.856138  
0.332632  0.423496  
0.30249  0.450327  
0.00400053  0.937723  
0.391374  0.375853  
0.745572  0.136806  
0.991752  0.00424986  
0.32579  0.4295  
0.358107  0.402151  
0.0740184  0.729619  
0.677198  0.177184  
0.118038  0.656919  
0.666049  0.183995  
0.015602  0.875601  
0.102115  0.682006  
0.132097  0.649589  
0.0431003  0.793225  
0.376537  0.386999  
0.770177  0.122496  
0.7273  0.147331  
0.337993  0.419089  
0.0110057  0.895483  
0.72526  0.149369  
0.0124794  0.889283  
0.0264906  0.839462  
0.00515915  0.928956  
0.017565  0.86866  
0.0229899  0.849918  
0.400397  0.367591  
0.294186  0.459332  
0.687092  0.171392  
0.0776841  0.721674  
0.18935  0.592725  
0.682321  0.174102  
4.63312e-06  1.00012  
0.788815  0.112444  
0.629159  0.207076  
0.324436  0.430978  
0.0676125  0.740941  
0.348801  0.409584  
0.035416  0.830663  
0.0833465  0.716321  
0.00971932  0.90287  
0.407956  0.361894  
0.374233  0.389856  
0.0610263  0.753175  
0.0968022  0.690599  
0.0190716  0.862521  
0.0470475  0.783899  
0.658869  0.188462  
0.0799232  0.718333  
0.761131  0.12764  
0.691943  0.168466  
0.000313149  0.982816  
0.428044  0.345872  
0.0247727  0.843683  
0.120554  0.653166  
0.359959  0.401091  
0.66865  0.182375  
0.00733798  0.917009  
0.732304  0.14445  
0.968818  0.0158373  
0.451004  0.329187  
0.963674  0.0185204  
0.312309  0.441997  
0.979909  0.0102597  
0.0511297  0.778795  
0.0653248  0.745352  
0.00086198  0.971082  
0.0297053  0.83449  
0.0141697  0.881679  
0.708003  0.159583  
0.380086  0.384671  
0.109548  0.675018  
0.961054  0.0213146  
0.453471  0.326748  
0.00168011  0.959292  
0.743332  0.138079  
0.0410796  0.799312  
0.646495  0.196091  
0.0155903  0.875549  
0.0208771  0.85606  
0.687173  0.171306  
0.314509  0.440345  
0.626775  0.210297  
0.0471261  0.783411  
0.380404  0.383564  
0.960227  0.0233658  
0.0652052  0.745097  
0.096774  0.690561  
0.682311  0.17408  
0.312255  0.441809  
0.658421  0.188672  
0.0246038  0.843664  
0.677193  0.177165  
0.130171  0.64908  
0.120525  0.653138  
0.376214  0.386865  
4.63312e-06  1.0001  
0.459532  0.325224  
0.0430391  0.793091  
0.991727  0.00423483  
0.0016794  0.959254  
0.18511  0.592689  
0.0324816  0.828566  
0.0830249  0.716188  
0.713571  0.155521  
0.691725  0.168425  
0.43769  0.338746  
0.732296  0.144449  
0.0262468  0.839305  
0.079714  0.71831  
0.0110051  0.895471  
0.428019  0.345862  
1.00063  3.00086e-06  
0.00718614  0.917482  
0.343765  0.413778  
0.668656  0.182344  
0.00516002  0.928845  
0.979913  0.0101987  
0.0945554  0.69264  
0.0190647  0.862521  
0.0507971  0.778682  
0.450944  0.329239  
0.70783  0.1592  
0.348767  0.409537  
0.296737  0.455459  
0.0407351  0.799348  
0.118037  0.656809  
0.743332  0.138064  
0.0141697  0.881677  
0.784834  0.114395  
0.761131  0.12763  
0.057884  0.761351  
0.326067  0.429318  
0.789833  0.11205  
0.00262472  0.950134  
0.0677368  0.740733  
0.770143  0.122491  
0.0288826  0.832963  
0.0229899  0.849866  
0.00086198  0.971081  
0.963639  0.0185161  
0.294145  0.458954  
0.33263  0.423414  
0.0738872  0.729252  
0.45347  0.326748  
0.373945  0.389583  
0.0609822  0.753161  
0.407906  0.361847  
0.302456  0.450289  
0.666007  0.18402  
0.0774665  0.722053  
0.968795  0.0158198  
0.412907  0.357757  
0.0124757  0.889209  
0.337895  0.41903  
0.635482  0.202933  
0.10969  0.674477  
0.123467  0.650076  
0.745572  0.136806  
0.391278  0.375653  
0.00964433  0.902711  
0.103749  0.678074  
0.435817  0.340312  
0.394202  0.372212  
0.00399543  0.937562  
0.425959  0.348317  
0.360476  0.400768  
0.0920822  0.699007  
0.187401  0.592505  
0.72526  0.149216  
0.353052  0.406041  
0.400171  0.367546  
0.0175684  0.868559  
0.358073  0.4018  
0.10197  0.681752  
0.629115  0.207074  
0.324259  0.431272  
