3.2724  3.08696  
2.12621  2.30917  
1.6644  1.04891  
1.21969  1.4913  
2.94905  2.21012  
1.85238  1.99358  
4.2026  3.05038  
2.66583  3.36457  
1.50808  1.37849  
2.07318  2.54927  
1.76729  1.4749  
1.6012  1.99164  
2.61774  3.08318  
2.70163  1.63574  
3.98039  2.91959  
2.57686  2.09307  
1.48541  0.868849  
1.67182  1.01875  
3.35111  2.04852  
1.49056  1.89072  
1.85874  2.03944  
1.70131  1.05591  
2.08497  2.97972  
1.96449  1.26159  
2.32111  1.60333  
1.77333  1.41106  
1.71694  1.8875  
2.13097  1.30073  
1.79592  1.68785  
3.21938  1.93609  
2.26405  2.04746  
1.99543  1.27299  
1.75588  1.40725  
2.32869  3.12155  
2.09559  2.65253  
1.77581  1.61083  
1.30721  2.41671  
1.94848  1.64861  
1.92911  1.31766  
1.80562  1.31141  
2.03044  1.71946  
2.17178  1.08784  
1.68502  1.34725  
1.81195  1.17159  
1.57368  1.83472  
1.85479  1.12661  
2.71962  2.97944  
5.22919  1.56539  
1.31276  1.38579  
2.0059  1.16521  
2.01164  1.83874  
1.50501  0.95206  
2.26309  1.35197  
2.20805  1.34897  
3.19033  1.46155  
1.74012  1.61731  
2.42695  3.23046  
2.67501  3.08642  
2.64185  2.04807  
2.08277  2.19647  
2.07372  2.44294  
3.2002  3.92572  
3.97965  2.52491  
3.89744  2.78157  
3.49458  2.34286  
1.34104  0.959954  
2.15537  1.27398  
1.48403  2.94723  
1.64148  1.24356  
3.37963  3.27076  
1.65547  2.24283  
2.40858  4.31047  
2.05324  1.62743  
3.16409  2.48491  
3.28449  2.51603  
2.06175  1.7897  
2.81049  2.75009  
2.10559  2.34644  
3.04168  3.16541  
2.88807  2.72229  
1.49051  1.71259  
1.93924  3.10963  
1.9985  2.42781  
1.3813  1.18285  
2.27832  1.72008  
1.99388  1.78346  
2.11214  2.53405  
2.71228  1.44616  
2.16856  1.95734  
1.95436  2.08937  
2.11291  0.954532  
1.49867  1.74397  
1.65339  1.40546  
2.54407  2.31367  
2.55355  2.81727  
1.79388  1.67804  
3.91122  2.15201  
3.73985  2.46293  
1.76038  0.996912  
2.08305  1.72428  
1.91622  1.38533  
1.85827  1.39153  
1.80251  1.24034  
2.11687  0.917792  
2.45559  1.13829  
1.66024  1.25764  
2.42438  1.80889  
2.24719  1.81442  
1.88681  1.53359  
1.59579  2.98006  
2.43235  1.32273  
1.40327  3.12989  
1.91807  1.36896  
1.86402  1.29376  
2.11793  1.22318  
1.35922  2.44355  
1.73191  1.43606  
1.72992  1.47896  
1.81089  1.67047  
1.27492  1.47733  
1.40751  1.215  
1.87767  0.892291  
1.95193  0.841179  
2.70671  0.613626  
2.54824  0.543409  
1.52173  0.980352  
0.966595  1.08103  
1.08819  1.5116  
0.75811  3.06002  
2.14248  0.761659  
1.37547  1.94408  
1.2536  1.3073  
1.71549  1.63124  
1.53138  1.17599  
1.32722  1.79607  
1.63126  1.00965  
1.95637  1.20292  
1.00893  1.8169  
0.416207  2.30788  
1.79148  0.944433  
1.77067  1.3202  
0.496706  1.5926  
0.887155  1.42726  
1.59317  2.98276  
1.15927  0.423949  
0.719901  1.86005  
1.54612  1.27936  
1.45679  1.22727  
2.08002  1.06367  
1.69353  0.958011  
0.183838  0.836705  
1.48814  0.871627  
1.53434  1.68256  
1.44115  1.81825  
1.05138  1.45809  
2.1305  0.880955  
0.684373  0.314918  
1.4929  1.12144  
2.04807  0.580519  
2.62442  0.800427  
1.15742  1.9463  
1.84372  0.898738  
2.13244  0.658458  
1.49527  1.37139  
1.15894  1.17851  
2.54824  0.542088  
1.44088  1.15204  
1.64784  1.59455  
1.91617  0.707696  
1.76821  1.16945  
1.81521  0.810031  
1.00938  1.79444  
1.75868  0.982602  
1.84099  0.982109  
1.24865  1.58937  
1.68815  1.20364  
2.10861  1.03228  
1.58218  1.08219  
1.40466  1.37264  
1.99089  0.951959  
2.11687  0.916932  
1.43715  1.33698  
1.98601  0.97048  
1.26244  1.81777  
1.76782  1.00324  
1.32713  1.58563  
2.00344  0.958699  
2.18513  0.852397  
1.72321  1.10659  
1.64477  1.22385  
1.43899  1.53464  
1.61195  1.24755  
1.54483  1.33167  
1.64782  1.28475  
1.53458  1.44835  
2.0032  1.17837  
1.51158  1.21506  
1.32898  2.35363  
1.73025  1.39628  
1.86151  1.28695  
1.27073  1.73935  
1.24417  1.27897  
1.15548  3.16841  
1.25065  1.00926  
1.19783  1.32772  
1.04025  1.50359  
2.43159  0.979122  
0.969992  1.75815  
0.998045  1.60712  
1.58614  0.749594  
1.22909  0.986937  
1.12782  1.48163  
2.37142  0.705432  
1.8647  0.698745  
1.14482  1.41587  
1.18881  1.24756  
1.48392  0.806166  
0.844374  1.24874  
2.07325  0.596163  
1.16616  0.946912  
1.19806  0.847036  
0.903377  1.47635  
0.684485  1.50883  
0.860498  1.74786  
0.22625  1.96037  
1.74708  0.539267  
0.969203  1.37566  
0.83075  1.82958  
1.21487  0.796584  
0.49711  2.12929  
1.45424  0.686652  
1.48061  1.31788  
1.04617  0.949913  
0.552113  2.30764  
0.643262  1.54313  
0.967389  1.0183  
1.29178  0.743062  
2.37546  0.339838  
0.518808  1.75925  
1.88874  0.409361  
2.30341  0.378843  
0.683173  0.31191  
1.46467  0.731345  
1.54847  0.723204  
1.13435  1.05553  
0.771753  1.26465  
0.5944  2.35857  
1.39109  0.188915  
1.61397  0.538875  
1.55777  0.660217  
0.886579  0.122686  
2.05134  0.0814622  
0.345374  1.21381  
1.04241  0.474099  
0.932625  0.870226  
0.855062  1.08589  
0.182726  0.825689  
1.90551  0.693782  
0.202721  2.41452  
1.29768  0.736392  
1.17397  0.857885  
0.625033  0.608446  
1.17377  0.850637  
1.05099  1.16307  
0.577711  2.13905  
1.33438  0.596486  
0.836422  1.18997  
0.828039  1.05248  
2.08637  0.421359  
1.27069  0.811609  
0.743132  1.7805  
0.796842  1.55587  
0.923731  1.15161  
1.04249  1.26241  
1.11067  0.976189  
0.563186  2.55911  
1.10208  1.10886  
0.671449  2.11386  
1.32025  0.805345  
1.01835  1.01936  
0.768663  1.76992  
1.94221  0.538926  
2.77036  0.608241  
1.15912  0.956203  
1.20732  0.857129  
1.54593  0.702584  
2.3345  0.56464  
0.842832  1.58947  
1.19424  0.898816  
1.79999  0.64131  
0.559373  4.11902  
2.83461  0.591862  
1.24998  1.20053  
1.70657  0.669  
0.610269  2.90751  
1.01146  1.34717  
1.20641  0.949085  
0.833816  1.89527  
2.27416  0.798223  
0.961056  1.48211  
0.745307  0.946252  
1.23717  0.605913  
0.614926  1.32113  
1.33439  0.562986  
0.832218  0.796248  
0.637599  1.13845  
1.47423  0.440745  
0.727852  0.93699  
0.195895  1.78117  
2.05615  0.136064  
0.355689  1.48099  
0.969619  0.617247  
0.190756  1.73324  
2.04798  0.0962704  
0.182637  1.96863  
0.949441  0.519635  
0.295256  1.49528  
1.24312  0.420426  
0.21303  1.66326  
0.700656  0.926228  
0.182081  1.44945  
0.419383  0.84661  
0.189252  1.25258  
1.56206  0.0912997  
0.182031  1.43157  
0.183306  1.26227  
0.716058  0.600829  
0.797316  0.449481  
1.40083  0.120056  
0.190104  1.27837  
0.316465  0.926316  
1.51742  0.108671  
0.987353  0.182012  
0.317835  1.26511  
2.48602  0.0786354  
1.03055  0.367763  
1.9292  0.0850143  
1.4275  0.103661  
0.625188  0.447502  
0.467181  0.54107  
0.422222  0.74467  
0.365314  1.16352  
0.219037  1.05311  
1.7902  0.248319  
0.242616  1.33071  
0.351451  1.03451  
1.56291  0.0825136  
0.682356  0.311641  
0.191619  0.662696  
0.884883  0.122594  
1.78958  0.082706  
0.805199  0.563252  
1.2302  0.297695  
0.617768  0.435594  
1.30781  0.19425  
0.335652  1.20082  
1.45264  0.0929109  
0.732928  0.339715  
1.35388  0.094416  
0.183249  1.20147  
0.180875  1.32844  
0.656997  0.879611  
0.181818  1.28295  
1.033  0.363447  
1.50405  0.091695  
0.182165  1.91364  
0.336396  0.777563  
0.183206  1.58994  
1.45935  0.137723  
0.70126  0.694746  
0.312818  1.22526  
1.51109  0.200452  
0.745282  0.559226  
0.415611  1.10571  
1.11673  0.345366  
0.671606  0.821935  
0.254835  1.27167  
1.50512  0.0771042  
0.786093  0.463905  
1.24735  0.301253  
0.184109  1.42608  
0.197206  1.36288  
1.84294  0.0898577  
0.470151  0.904557  
0.788964  0.357106  
0.728346  0.792119  
0.183344  1.74532  
1.80948  0.15156  
0.19352  1.50108  
0.990716  0.447873  
0.192775  1.565  
0.470017  1.05461  
0.183144  1.88458  
0.310312  1.34181  
1.8973  0.101322  
1.3132  0.350153  
0.564812  1.0448  
1.00113  0.463068  
1.9339  0.474701  
2.18288  0.088798  
1.29359  0.349182  
0.181829  0.98722  
1.19549  0.443889  
1.41742  0.127228  
0.21345  0.9605  
0.180281  0.977488  
0.17858  1.08701  
0.17842  1.33141  
0.734514  0.450542  
0.737453  0.44047  
1.05869  0.226053  
0.31107  0.794753  
0.696446  0.510612  
0.490203  0.608799  
1.40426  0.07668  
0.761777  0.344851  
0.18032  0.936366  
1.08451  0.126374  
0.337071  0.680157  
0.73224  0.299936  
0.787879  0.637279  
0.648894  0.442459  
0.265894  0.783656  
1.21371  0.0766029  
0.339612  0.576986  
0.63154  0.290301  
1.02083  0.0801231  
0.682338  0.311619  
0.178571  0.974666  
1.21326  0.0763421  
0.367111  0.632387  
0.461091  0.53495  
0.178444  0.989133  
0.178516  0.975702  
1.4332  0.0762849  
0.180109  0.876088  
0.179332  0.865818  
1.19407  0.0763822  
0.501718  0.434536  
0.18299  0.602756  
0.337945  0.575892  
1.00588  0.0771156  
0.531017  0.443159  
0.865459  0.189455  
0.421172  0.496221  
1.77883  0.0763276  
0.648705  0.815723  
0.178607  0.892423  
0.318251  0.634907  
0.884344  0.122625  
1.35191  0.076322  
0.339398  0.557287  
0.304486  0.635491  
0.694576  0.400353  
0.82698  0.231514  
0.952257  0.14866  
1.11696  0.0765732  
0.390683  0.604644  
0.699182  0.370704  
0.740914  0.277327  
1.22544  0.0762886  
1.03657  0.279572  
0.5595  0.42261  
0.179912  0.795153  
0.178357  1.00368  
0.4028  0.548008  
1.66269  0.0763294  
0.178363  1.02893  
0.928732  0.268975  
0.628464  0.430381  
0.972779  0.138686  
0.313749  0.624014  
0.617616  0.435511  
0.178822  0.986451  
1.30775  0.0765633  
0.785179  0.317164  
0.460685  0.54029  
1.69698  0.0763094  
1.24927  0.0765755  
1.42163  0.0763178  
0.560612  0.447479  
1.05414  0.106607  
1.1706  0.0934753  
0.179746  0.879293  
0.17997  0.895417  
1.31602  0.077164  
0.730197  0.334765  
0.308975  0.64887  
0.17851  1.096  
0.202713  0.877609  
0.271131  0.863245  
0.178478  1.05965  
1.35775  0.0763675  
0.305279  0.763507  
0.306619  0.721504  
0.178409  1.32406  
1.63232  0.0763493  
0.179168  1.03878  
0.178455  1.22421  
0.178432  1.2902  
0.176234  0.622748  
0.861417  0.0761706  
0.175391  0.652394  
0.175588  0.636567  
0.302617  0.519107  
0.176234  0.622748  
0.178288  0.618924  
0.180121  0.602577  
0.326334  0.470162  
0.455575  0.400776  
0.302945  0.473571  
0.812999  0.152142  
0.453888  0.407094  
0.19704  0.600403  
0.181236  0.600725  
0.465742  0.40043  
0.175389  0.88714  
0.455938  0.400688  
0.326334  0.470162  
0.176234  0.622748  
0.304363  0.472591  
0.81588  0.148481  
0.765077  0.231156  
0.653367  0.277465  
0.302945  0.473571  
0.302945  0.473571  
0.489179  0.397694  
0.19704  0.600403  
0.453888  0.407094  
0.653948  0.266676  
0.176234  0.622748  
0.810019  0.156281  
0.302623  0.475358  
0.655581  0.257013  
0.175453  0.650998  
0.195254  0.600701  
0.489179  0.397694  
0.815257  0.150618  
0.181236  0.600725  
0.30511  0.470539  
0.195254  0.600701  
0.326334  0.470162  
0.47541  0.400284  
0.191383  0.600702  
0.83563  0.144833  
0.304363  0.472591  
0.176234  0.622748  
0.302945  0.473571  
0.812999  0.152142  
0.816509  0.144876  
0.326334  0.470162  
0.765108  0.223332  
0.329745  0.469387  
0.180121  0.602577  
0.326334  0.470162  
0.180238  0.600972  
0.332825  0.465317  
0.329745  0.469387  
0.627319  0.299626  
0.455938  0.400688  
0.871953  0.0758802  
0.180121  0.602577  
0.627319  0.299626  
0.83563  0.144833  
0.816509  0.144876  
0.76574  0.222497  
0.302945  0.473571  
0.176234  0.622748  
0.177477  0.619987  
0.487441  0.398011  
0.30511  0.470539  
0.765077  0.231156  
0.487441  0.398011  
0.627419  0.28902  
0.175453  0.650998  
0.815366  0.150018  
0.175391  0.652394  
0.180182  0.602167  
0.326334  0.470162  
0.178288  0.618924  
0.455575  0.400776  
0.453888  0.407094  
0.332825  0.465317  
0.30511  0.470539  
0.864398  0.0758998  
0.76574  0.222497  
0.489179  0.397694  
0.175961  0.632898  
0.87098  0.0758953  
0.176185  0.629538  
0.326334  0.470162  
0.655581  0.257013  
0.655844  0.257013  
0.180243  0.601018  
0.627419  0.29004  
0.175399  0.65727  
0.302945  0.474341  
0.88361  0.0758802  
0.456068  0.400688  
0.816859  0.144876  
0.320038  0.463622  
0.173769  0.608326  
0.177947  0.602685  
0.301648  0.469436  
0.300052  0.471291  
0.451906  0.398214  
0.450154  0.399235  
0.180575  0.599226  
0.299602  0.471472  
0.449531  0.446064  
0.174109  0.60782  
0.178629  0.602207  
0.178772  0.601746  
0.303515  0.468029  
0.452312  0.397887  
0.299358  0.471588  
0.45313  0.397177  
0.303331  0.468084  
0.179011  0.601465  
0.776071  0.141829  
0.179756  0.600196  
0.453797  0.396745  
0.45037  0.399106  
0.627028  0.28911  
0.173048  0.649804  
0.1733  0.609428  
0.451175  0.398553  
0.300702  0.470256  
0.449575  0.402044  
0.174251  0.607518  
0.776373  0.141732  
0.173494  0.609028  
0.175688  0.60728  
0.85256  0.0779576  
0.643497  0.255509  
0.64268  0.25637  
0.173058  0.619987  
0.852858  0.0772682  
0.777091  0.141654  
0.173118  0.613295  
0.450554  0.398882  
0.85299  0.0769141  
0.178411  0.602282  
0.174466  0.607477  
0.179253  0.600895  
0.852604  0.0778349  
0.625997  0.290343  
0.627593  0.288779  
0.300467  0.470501  
0.302893  0.468318  
0.840208  0.141635  
0.321079  0.462387  
0.452563  0.397378  
0.18035  0.599423  
0.179476  0.600506  
0.453282  0.396925  
0.180208  0.599605  
0.854965  0.0758365  
0.626557  0.289444  
0.336549  0.462357  
0.17962  0.600392  
0.449768  0.40006  
0.301178  0.46981  
0.453495  0.396804  
0.180839  0.599077  
0.173732  0.608615  
0.321036  0.462449  
0.173228  0.610292  
0.30254  0.468479  
0.64486  0.255294  
0.452677  0.397292  
0.450002  0.39962  
0.173058  0.619987  
0.449626  0.400637  
0.181171  0.598941  
0.451577  0.39847  
0.778558  0.141651  
0.181605  0.598853  
0.299337  0.481537  
0.3009  0.470189  
0.179196  0.601168  
0.302173  0.468809  
0.301976  0.469125  
0.302383  0.468632  
0.626178  0.289963  
0.854485  0.075866  
0.17496  0.607373  
0.30308  0.468206  
0.451823  0.398373  
0.180934  0.599014  
0.853908  0.0760496  
0.17999  0.599874  
0.627219  0.288875  
0.462048  0.396689  
0.643513  0.255444  
0.178324  0.602437  
0.320639  0.463445  
0.449572  0.407851  
0.450816  0.398761  
0.759725  0.143616  
0.178774  0.601443  
0.778477  0.141465  
0.171838  0.610772  
0.182683  0.597841  
0.449635  0.399671  
0.302863  0.468183  
0.173802  0.607686  
0.174085  0.607406  
0.62536  0.290729  
0.302138  0.468788  
0.453915  0.396278  
0.179475  0.600483  
0.299222  0.471633  
0.642292  0.256237  
0.183812  0.597795  
0.760247  0.142962  
0.852084  0.0781661  
0.643337  0.255394  
0.301609  0.46941  
0.642014  0.257005  
0.451418  0.398148  
0.775864  0.141795  
0.173221  0.608701  
0.627218  0.288856  
0.322257  0.461885  
0.179985  0.599841  
0.644169  0.254969  
0.179252  0.600814  
0.449115  0.400269  
0.455053  0.395918  
0.75961  0.14646  
0.759958  0.143061  
0.323826  0.461882  
0.298785  0.472655  
0.448675  0.400809  
0.181236  0.598423  
0.852145  0.0772537  
0.180567  0.599235  
0.764432  0.142931  
0.45008  0.399185  
0.172558  0.610099  
0.17764  0.602978  
0.776525  0.141474  
0.641261  0.258112  
0.626556  0.289333  
0.320411  0.462706  
0.181729  0.598229  
0.303962  0.467819  
0.800591  0.141464  
0.642571  0.255907  
0.319342  0.463597  
0.453226  0.396778  
0.30115  0.469754  
0.624971  0.291064  
0.452101  0.39772  
0.174787  0.606875  
0.855373  0.0756834  
0.449207  0.400086  
0.302504  0.468424  
0.173553  0.608127  
0.182277  0.598007  
0.888621  0.0756824  
0.451058  0.398452  
0.299456  0.471294  
0.171759  0.614867  
0.30034  0.47058  
0.627807  0.288706  
0.18085  0.598843  
0.319105  0.463809  
0.180342  0.599408  
0.17176  0.613612  
0.448315  0.401931  
0.854196  0.0758569  
0.452646  0.397177  
0.853823  0.0760396  
0.30067  0.470204  
0.852508  0.0769562  
0.775725  0.142035  
0.298614  0.473173  
0.448286  0.405548  
0.17292  0.609071  
0.625802  0.290169  
0.319807  0.463194  
0.626102  0.289635  
0.320905  0.462116  
0.174488  0.607061  
0.643614  0.255153  
0.776074  0.141671  
0.179749  0.600145  
0.177974  0.602439  
0.448348  0.401616  
0.303235  0.467905  
0.178381  0.602037  
0.45293  0.396888  
0.450516  0.398831  
0.853084  0.0765221  
0.454407  0.39604  
0.759615  0.143343  
0.177513  0.605385  
0.299892  0.47101  
0.300257  0.470605  
0.644142  0.254862  
0.447543  0.401607  
0.453782  0.396277  
0.183884  0.597392  
0.181904  0.597856  
0.624673  0.290727  
0.299806  0.470967  
0.759185  0.184665  
0.776464  0.141459  
0.451004  0.398411  
0.178291  0.602033  
0.298707  0.4722  
0.174794  0.606684  
0.174087  0.607296  
0.454197  0.396012  
0.8517  0.0773445  
0.179475  0.60048  
0.18084  0.59881  
0.183609  0.597411  
0.624281  0.291176  
0.177264  0.604503  
0.304172  0.467541  
0.854899  0.0756255  
0.454705  0.395698  
0.77693  0.141285  
0.171662  0.610606  
0.627207  0.288844  
0.179233  0.600797  
0.45261  0.397148  
0.319344  0.463484  
0.640996  0.256969  
0.194471  0.597377  
0.451406  0.398143  
0.452999  0.396811  
0.627776  0.288634  
0.172883  0.608862  
0.298436  0.472474  
0.177617  0.602904  
0.179943  0.599894  
0.854176  0.075842  
0.173794  0.607676  
0.624143  0.292632  
0.853001  0.0765115  
0.640424  0.257724  
0.62609  0.28961  
0.31899  0.463845  
0.171283  0.611142  
0.775765  0.141776  
0.297849  0.473822  
0.448385  0.400564  
0.450069  0.399158  
0.759945  0.143043  
0.644931  0.254808  
0.298215  0.472902  
0.320974  0.461973  
0.449617  0.399649  
0.173209  0.608396  
0.640385  0.258333  
0.297908  0.473433  
0.319801  0.463152  
0.18217  0.597528  
0.178764  0.601426  
0.301492  0.469443  
0.30284  0.468113  
0.300654  0.470195  
0.853798  0.0760391  
0.17437  0.60699  
0.448209  0.400795  
0.177455  0.60328  
0.64192  0.256347  
0.452083  0.397642  
0.177951  0.602413  
0.643595  0.255128  
0.851252  0.0783923  
0.302491  0.468421  
0.322585  0.461405  
0.760427  0.14288  
0.869933  0.0756108  
0.180327  0.599403  
0.64256  0.255845  
0.322056  0.461447  
0.302124  0.468791  
0.759546  0.143287  
0.626525  0.289295  
0.320382  0.462571  
0.759253  0.143931  
0.625741  0.290011  
0.172425  0.609775  
0.852135  0.0770779  
0.181199  0.598396  
0.301134  0.469726  
0.449116  0.399933  
0.3294  0.461397  
0.643257  0.255397  
0.775406  0.142171  
0.624078  0.304487  
0.45051  0.398808  
0.303197  0.467864  
0.299218  0.47158  
0.170963  0.613765  
0.172826  0.608906  
0.852956  0.0764973  
0.451002  0.398396  
0.177342  0.603245  
0.775299  0.142217  
0.30383  0.467385  
0.448115  0.400778  
0.177207  0.604089  
0.320368  0.462518  
0.173787  0.607673  
0.45374  0.39627  
0.446437  0.42284  
0.759535  0.143228  
0.178758  0.601421  
0.760496  0.142783  
0.302124  0.468782  
0.643587  0.255123  
0.449114  0.399933  
0.451355  0.398126  
0.17947  0.600467  
0.452995  0.396804  
0.29921  0.471541  
0.174347  0.606976  
0.179188  0.600881  
0.642573  0.255818  
0.181198  0.598347  
0.446464  0.403072  
0.62463  0.262698  
0.174083  0.607274  
0.623968  0.264863  
0.850997  0.0780825  
0.644677  0.254626  
0.29768  0.511145  
0.454129  0.395976  
0.633307  0.256677  
0.633998  0.25661  
0.170947  0.61696  
0.454588  0.39568  
0.322403  0.460895  
0.301127  0.46972  
0.323112  0.460722  
0.180827  0.598796  
0.75917  0.143618  
0.171235  0.611002  
0.319696  0.463139  
0.85166  0.0773345  
0.641901  0.256341  
0.624094  0.263032  
0.851996  0.0770602  
0.303147  0.467862  
0.170986  0.611693  
0.298683  0.472119  
0.172401  0.609689  
0.182273  0.597358  
0.297694  0.473458  
0.777296  0.141119  
0.174873  0.606613  
0.854161  0.075838  
0.775745  0.141772  
0.446745  0.402144  
0.181786  0.597697  
0.319248  0.463518  
0.180324  0.599401  
0.644109  0.254822  
0.178282  0.602021  
0.321861  0.461381  
0.626798  0.260842  
0.173209  0.608393  
0.447653  0.40127  
0.299805  0.470954  
0.643241  0.255396  
0.45259  0.397127  
0.300268  0.470547  
0.301457  0.469421  
0.300625  0.470188  
0.179942  0.599891  
0.318853  0.46413  
0.177942  0.602403  
0.854764  0.0755917  
0.30277  0.468142  
0.450055  0.399156  
0.776174  0.141531  
0.776791  0.141274  
0.853788  0.0760271  
0.447187  0.401742  
0.626495  0.260947  
0.320943  0.461968  
0.449579  0.399633  
0.632429  0.25704  
0.450504  0.3988  
0.171604  0.610563  
0.324634  0.460713  
0.62341  0.29226  
0.29817  0.472714  
0.452055  0.397575  
0.448467  0.400472  
0.758925  0.143888  
0.631828  0.2588  
0.177587  0.602893  
0.170913  0.61167  
0.298663  0.472103  
0.17793  0.602403  
0.644937  0.254577  
0.296716  0.474843  
0.297647  0.473101  
0.852955  0.0764872  
0.298163  0.472659  
0.632271  0.257078  
0.642564  0.255805  
0.175767  0.606384  
0.626837  0.260768  
0.776652  0.141268  
0.319691  0.463121  
0.300606  0.470182  
0.447546  0.401177  
0.452055  0.397573  
0.623084  0.263334  
0.633921  0.256326  
0.775731  0.141766  
0.323617  0.460107  
0.171603  0.610479  
0.453103  0.396726  
0.775255  0.142142  
0.180822  0.598796  
0.170554  0.62542  
0.631362  0.258093  
0.336333  0.460071  
0.178753  0.601397  
0.299191  0.471512  
0.623837  0.26269  
0.622503  0.266424  
0.450052  0.399156  
0.450491  0.39879  
0.633182  0.256591  
0.170785  0.611947  
0.643376  0.255278  
0.448463  0.400432  
0.451346  0.398107  
0.173204  0.608392  
0.850636  0.078828  
0.321749  0.461336  
0.857378  0.0755237  
0.178267  0.602006  
0.851996  0.077049  
0.296715  0.479253  
0.302766  0.468134  
0.302122  0.468766  
0.850938  0.0776762  
0.626132  0.261205  
0.446707  0.401908  
0.77878  0.141037  
0.322282  0.460806  
0.174907  0.606564  
0.644103  0.254801  
0.172826  0.60889  
0.320341  0.462489  
0.322828  0.460435  
0.301446  0.469414  
0.449113  0.399905  
0.170718  0.612403  
0.854686  0.0755724  
0.777127  0.141065  
0.454112  0.395965  
0.172381  0.609659  
0.180317  0.599392  
0.850579  0.0847198  
0.452588  0.397126  
0.622499  0.284057  
0.454845  0.395585  
0.455927  0.395425  
0.446224  0.402911  
0.303589  0.46743  
0.299804  0.470947  
0.851627  0.0772364  
0.304319  0.466981  
0.18177  0.597692  
0.182341  0.597101  
0.171187  0.611012  
0.453724  0.396251  
0.32093  0.461968  
0.319276  0.463485  
0.296888  0.474587  
0.177032  0.603811  
0.179468  0.600461  
0.853785  0.0760215  
0.17994  0.599891  
0.758452  0.144511  
0.174344  0.606968  
0.449543  0.399579  
0.342357  0.460009  
0.318778  0.464192  
0.173779  0.607671  
0.177281  0.603217  
0.170692  0.613166  
0.181197  0.598345  
0.622639  0.265287  
0.759535  0.143218  
0.758888  0.143734  
0.760447  0.142766  
