1.74358  3.86239  
2.43985  1.82555  
2.02261  3.45007  
2.43905  2.37879  
2.31741  2.98623  
2.42227  2.79139  
2.10445  3.44482  
2.37878  2.62294  
2.31037  2.12594  
2.2098  3.48241  
2.30956  2.8394  
2.47788  1.85106  
1.86891  3.74214  
2.61684  1.20988  
2.33072  2.95614  
2.15365  3.487  
2.5863  2.38653  
2.2657  3.16137  
2.05575  3.46439  
2.53294  1.98479  
2.08828  3.0998  
2.65635  1.69664  
1.03188  4.58068  
2.33274  3.19538  
2.4813  2.15342  
2.24404  3.26862  
1.90002  3.94801  
2.52337  2.66015  
2.5324  2.41222  
2.13128  3.37893  
2.46438  2.55328  
2.67317  1.71806  
2.28238  2.79311  
2.07131  3.60262  
2.19223  2.49677  
2.40009  2.80683  
2.21899  3.48668  
2.2631  3.15271  
1.60805  4.11746  
2.42188  2.10352  
2.54938  1.96045  
1.89395  3.58451  
2.48757  2.58602  
2.23159  3.19001  
1.86304  3.81135  
1.53234  4.21034  
2.09462  3.39821  
2.18644  3.105  
2.3325  2.89141  
2.5716  2.30254  
1.56668  3.91681  
2.51392  1.65297  
2.41501  2.73867  
2.29273  2.82456  
1.74127  3.79489  
1.5794  4.2525  
2.38286  2.547  
1.86838  3.90401  
1.91095  3.88367  
2.59608  2.57903  
2.43455  1.92094  
2.37435  2.99813  
2.26187  2.8589  
2.47383  2.39457  
2.22477  3.04273  
2.23569  2.9043  
2.10754  3.10686  
2.2665  2.70186  
2.02057  3.40067  
2.51183  1.74207  
1.88896  3.66253  
1.88873  3.92281  
2.5734  2.17809  
2.34788  3.11689  
2.2769  2.56298  
2.56342  2.28492  
1.73263  4.24435  
1.60042  4.11027  
2.42165  2.67551  
1.83007  3.76977  
1.87573  3.47399  
2.40973  2.77061  
2.44507  2.42237  
2.41881  2.09262  
1.94194  3.67975  
2.1518  2.82539  
2.42897  2.72027  
2.55628  2.19249  
2.27543  2.97032  
2.55712  2.21728  
2.35965  2.70088  
1.85023  3.68198  
2.3691  2.502  
2.01167  3.46529  
1.80736  4.05456  
2.46474  2.79829  
1.9175  3.76179  
2.16179  3.21699  
2.27527  2.39186  
2.1482  3.71875  
1.33592  3.42658  
1.62992  2.86782  
1.66793  2.73911  
1.93459  1.97667  
1.03594  3.80947  
1.46389  3.24132  
1.73013  2.58247  
0.625341  4.00921  
1.64277  2.76792  
1.77812  2.25451  
1.22866  3.43578  
0.7694  3.89152  
1.96377  1.56413  
1.06274  3.65119  
1.83559  2.04571  
1.49029  2.96171  
0.111411  4.09668  
2.09026  0.0953335  
1.70095  2.45307  
2.05024  0.713651  
2.00509  1.20248  
0.871475  3.76461  
0.991039  3.6411  
2.02491  1.01028  
1.45355  3.0053  
1.74627  2.3072  
1.79684  2.13296  
1.99935  1.249  
1.63724  2.60108  
1.26589  3.30749  
1.38344  3.33413  
2.064  0.580181  
1.34072  3.20567  
1.70954  2.39968  
1.10486  3.51637  
1.94995  1.53511  
1.93827  1.61976  
1.52957  2.85128  
0.626726  3.93721  
1.5496  2.79376  
1.16288  3.4347  
1.83137  1.99162  
1.96006  1.4512  
1.48947  2.90413  
1.37668  3.13707  
2.04015  0.846897  
1.03873  3.58105  
0.810153  3.80595  
1.27245  3.28792  
1.87802  1.82798  
2.07913  0.079254  
1.86567  1.90776  
1.59221  2.7006  
1.36965  3.15199  
1.96631  1.29993  
0.0899141  4.08122  
1.34245  3.18915  
0.714373  3.86425  
1.08353  3.57828  
1.9466  1.59007  
1.22807  3.35909  
0.804785  3.81801  
0.36937  4.04316  
1.67771  2.48891  
0.501579  3.9877  
1.66173  2.54306  
0.849234  3.78851  
1.39245  3.08872  
1.89545  1.74356  
0.909019  3.73262  
0.927921  3.70144  
1.75808  2.2428  
1.56524  2.7797  
1.85752  1.9268  
0.678439  3.90562  
1.6178  2.64785  
2.01681  1.11204  
0.325843  4.06494  
0.90098  3.74061  
1.57522  2.75258  
1.81852  2.0801  
1.47152  2.96775  
1.7847  2.18908  
1.21644  3.38055  
1.25567  3.32572  
0.600232  3.96817  
0.97917  3.65866  
1.73554  2.35462  
1.32886  3.25374  
1.69718  2.45769  
2.01604  1.20058  
1.09407  3.55253  
1.5233  2.87444  
1.35796  3.17426  
2.03442  0.985195  
1.65665  2.57652  
1.53668  2.84284  
1.8941  1.76522  
1.54352  2.83384  
1.38455  3.13106  
1.34417  3.38406  
1.99191  1.36765  
1.78507  2.22835  
1.42282  3.10454  
0.857413  3.79804  
1.88122  1.86408  
1.59852  2.69102  
0.0914683  4.09093  
1.9611  1.4354  
1.82578  2.0545  
1.88063  1.8442  
1.13654  3.49707  
1.51368  2.88515  
1.74848  2.3002  
1.52597  2.85165  
1.34824  3.17744  
1.24937  3.33252  
0.40715  4.02134  
1.62977  2.59987  
0.551016  3.95885  
1.54014  2.80514  
1.13159  3.56031  
1.10844  3.50358  
1.86575  1.85645  
0.693897  3.88576  
1.71537  2.36909  
0.85465  3.76802  
1.33333  3.18586  
0.647138  3.91093  
1.79279  2.12186  
1.75408  2.24284  
1.2252  3.34547  
2.05764  0.610073  
0.961308  3.66199  
1.95754  1.44531  
2.00706  1.10299  
1.48646  2.90015  
1.82875  1.98478  
0.35142  4.03684  
0.084955  4.07726  
1.96316  1.29878  
1.03169  3.57838  
0.264376  4.06021  
1.78753  2.17683  
1.38695  3.09318  
1.16475  3.42447  
1.67132  2.481  
2.07527  0.0752657  
0.714366  3.86016  
1.43872  3.00418  
1.7226  2.4441  
1.28131  3.26683  
0.775172  3.83149  
0.496303  3.98208  
1.9126  1.66933  
1.93254  1.54905  
1.99352  1.21707  
0.804007  3.79749  
0.883401  3.73055  
1.69673  2.42227  
2.03326  0.859154  
1.89804  1.70127  
1.5816  2.70269  
0.670495  3.89628  
2.02092  0.998668  
0.926139  3.69777  
1.08463  3.5477  
1.3613  3.14104  
0.999483  3.62682  
1.73465  2.31394  
1.9167  1.63485  
1.72882  2.33354  
1.60963  2.65124  
1.56019  2.75897  
1.81209  2.06479  
2.07905  0.0800036  
1.94991  1.47739  
0.615342  3.92701  
0.840159  3.78286  
1.65072  2.55413  
1.19789  3.39167  
1.46632  2.96014  
0.566906  3.95545  
1.25837  3.30786  
1.77693  2.19099  
1.88413  1.80096  
1.77245  2.22548  
1.51859  2.86464  
1.31125  3.23305  
0.603086  3.94463  
1.41504  3.06259  
2.04579  0.805197  
1.85582  1.9218  
1.14495  3.47363  
1.59733  2.67656  
1.53413  2.82621  
1.8031  2.10082  
1.368  3.13301  
1.89386  1.76594  
2.00257  1.19024  
2.09142  0.537247  
1.84913  1.92528  
1.76847  2.21406  
1.30147  3.24684  
1.8986  1.71938  
1.61912  2.62867  
1.57632  2.72459  
1.76965  2.19168  
1.06606  3.55882  
1.50286  2.8818  
1.88909  1.75399  
1.20883  3.37759  
1.9308  1.5735  
1.37521  3.12429  
1.43191  3.01625  
0.586015  3.94832  
1.68381  2.45178  
1.01421  3.61166  
0.396949  4.02889  
0.969676  3.65121  
2.02738  0.949716  
1.34885  3.16576  
0.660606  3.89762  
1.21956  3.35341  
1.62706  2.59425  
1.71098  2.36788  
0.422638  4.01375  
1.99673  1.17997  
1.10119  3.50788  
1.43672  2.99934  
1.84816  1.92588  
1.86647  1.84642  
0.554893  3.95734  
2.00554  1.09709  
0.954944  3.65992  
2.05639  0.591354  
0.342557  4.03733  
1.36128  3.13942  
0.608005  3.92754  
1.387  3.09052  
1.0289  3.57673  
1.8263  1.98425  
1.45464  2.97769  
1.3309  3.18431  
1.96291  1.29365  
2.07479  0.0747871  
1.77156  2.18596  
1.48714  2.89757  
1.6687  2.47899  
1.19288  3.3929  
1.27898  3.26205  
1.89999  1.69818  
1.93353  1.54604  
1.16505  3.42189  
0.879329  3.73094  
1.95547  1.44134  
0.0768129  4.07673  
0.70794  3.86215  
0.486427  3.98496  
1.61327  2.6372  
1.79068  2.12262  
1.53499  2.80681  
0.798513  3.79896  
2.02041  1.0052  
1.74996  2.24476  
2.03146  0.871682  
1.58266  2.69469  
0.248215  4.06187  
1.1311  3.4713  
2.04456  0.767024  
1.24754  3.31431  
1.91446  1.63551  
0.842774  3.76635  
1.94679  1.48413  
1.55586  2.76263  
1.32018  3.21137  
0.994619  3.62605  
0.741352  3.84909  
1.51252  2.84675  
0.641019  3.91373  
0.759058  3.83401  
1.8859  1.76891  
1.64832  2.54267  
1.80865  2.06662  
1.69154  2.43005  
1.467  2.95035  
1.40995  3.05465  
1.07447  3.5409  
0.924359  3.70047  
1.72829  2.326  
0.297227  4.05142  
1.60469  2.65472  
1.30459  3.23673  
0.530591  3.97038  
1.57031  2.73615  
1.99215  1.22391  
1.87386  1.82119  
0.830281  3.77706  
1.85764  1.89621  
0.463812  4.00234  
0.954881  3.66268  
1.91576  1.62441  
1.49182  2.89515  
1.84768  1.91451  
1.72723  2.31855  
1.59478  2.66749  
1.9098  1.65153  
1.4256  3.01886  
1.74206  2.27482  
1.79784  2.10007  
1.30061  3.22962  
1.7633  2.2096  
1.8892  1.74396  
1.37174  3.12631  
1.61511  2.61857  
1.20975  3.36567  
1.26659  3.28148  
1.81621  2.03104  
2.02361  0.950056  
1.5241  2.82404  
1.33388  3.17547  
1.7878  2.1274  
0.849611  3.76746  
1.43656  2.99767  
1.70823  2.37147  
1.10007  3.50396  
0.237867  4.05933  
1.62371  2.59344  
1.53355  2.80196  
1.83403  1.96664  
1.86261  1.85262  
0.961481  3.65531  
0.341364  4.03613  
2.06985  0.277824  
0.422516  4.01048  
2.00286  1.10464  
1.96054  1.30653  
1.3086  3.21674  
1.38466  3.08863  
1.89718  1.7014  
0.799164  3.79801  
1.46509  2.94959  
2.02977  0.881517  
2.05325  0.612797  
1.02832  3.57437  
0.879691  3.72911  
1.82426  1.99138  
1.59928  2.65028  
1.48491  2.90086  
1.28044  3.2583  
0.461258  3.99963  
1.22373  3.34297  
1.55549  2.75568  
0.0763982  4.07635  
1.93164  1.54095  
0.607806  3.92633  
0.709122  3.86134  
1.66659  2.48254  
1.74817  2.24889  
2.07285  0.0728488  
1.16381  3.42208  
2.06472  0.422129  
2.01792  0.997398  
0.491094  3.98269  
1.88146  1.77744  
1.5793  2.70034  
0.556382  3.95387  
1.92572  1.57591  
2.04229  0.754698  
0.921676  3.6942  
0.64675  3.90455  
1.98958  1.20547  
1.76951  2.18871  
0.758298  3.83046  
1.91347  1.63402  
1.84544  1.92284  
0.940886  3.67551  
1.41418  3.03814  
1.25271  3.30225  
1.50882  2.85562  
1.99669  1.16216  
1.19339  3.38543  
1.3581  3.14743  
1.80584  2.06704  
1.72996  2.31049  
1.64639  2.54018  
1.14244  3.45415  
1.94333  1.48201  
0.98593  3.63352  
1.6977  2.40309  
0.679049  3.88621  
0.298612  4.04939  
2.05943  0.539454  
1.4489  2.97458  
1.95242  1.43692  
2.03645  0.82576  
2.01115  1.05293  
1.98205  1.2607  
1.87092  1.82219  
1.56794  2.72935  
2.03568  0.801289  
1.5056  2.85323  
1.76982  2.17529  
1.81643  1.96972  
1.11089  3.47772  
0.573455  3.94032  
1.57546  2.70147  
1.41561  3.02764  
1.61909  2.5981  
0.36782  4.02466  
0.750088  3.83065  
0.833361  3.76612  
0.102814  4.06888  
1.69162  2.40904  
1.59448  2.65725  
1.88818  1.67849  
1.91686  1.5457  
2.02827  0.876886  
1.28419  3.24708  
1.79885  2.04205  
1.8519  1.83325  
1.46849  2.92785  
2.00132  1.01418  
2.06943  0.0705197  
1.55167  2.7549  
1.48769  2.88972  
1.02496  3.57719  
0.988987  3.61553  
1.96645  1.2629  
1.83381  1.90392  
0.971144  3.6398  
1.9744  1.21123  
1.40124  3.05358  
1.63704  2.55341  
1.87793  1.72241  
1.30939  3.2079  
0.727011  3.84705  
1.32754  3.17888  
1.72443  2.31529  
1.71277  2.34924  
1.90141  1.62035  
1.04959  3.54994  
1.7573  2.21522  
0.707428  3.86043  
1.66311  2.48616  
1.82235  1.94779  
1.95888  1.30987  
1.74659  2.24852  
1.34267  3.15414  
0.279569  4.04729  
1.7865  2.12043  
1.99246  1.08356  
1.92887  1.4793  
1.86489  1.78026  
1.94365  1.39882  
1.18369  3.38535  
1.67764  2.44736  
0.854494  3.74837  
0.331677  4.03489  
0.921771  3.68513  
1.70339  2.37602  
2.05817  0.493595  
0.951883  3.65899  
0.772029  3.81448  
0.873429  3.72963  
0.485345  3.98197  
0.654675  3.89435  
1.38052  3.09005  
1.16676  3.41357  
1.22663  3.33187  
1.07846  3.51631  
0.217931  4.05838  
0.678531  3.8794  
1.26305  3.27894  
0.601538  3.92525  
1.51716  2.82915  
1.36706  3.11322  
2.05096  0.612917  
0.413191  4.00989  
1.13005  3.45396  
1.14415  3.43609  
0.900331  3.70506  
1.00761  3.59592  
1.45558  2.95286  
1.65333  2.51175  
1.21172  3.35282  
0.544082  3.95515  
1.98068  1.16866  
0.791094  3.79994  
2.04389  0.706581  
2.06363  0.374083  
0.814964  3.78113  
2.02123  0.942408  
1.43072  2.99987  
0.631135  3.90843  
0.450261  3.99625  
0.0756244  4.0756  
1.2416  3.31044  
0.516337  3.96829  
1.5293  2.8035  
1.08305  3.49252  
0.062246  4.05789  
1.27672  3.22932  
0.929165  3.65846  
1.61133  2.5773  
0.605757  3.9049  
0.895853  3.69003  
1.66008  2.4521  
2.04067  0.582128  
1.50098  2.82734  
1.95653  1.31549  
2.00227  0.994605  
2.01749  0.857995  
0.664092  3.86975  
0.186698  4.04958  
1.42608  2.9755  
1.97424  1.20284  
1.8328  1.90146  
1.11927  3.44814  
1.90305  1.60111  
0.547252  3.93631  
1.57859  2.65599  
1.85923  1.79601  
1.92483  1.49262  
2.02704  0.758022  
0.510675  3.95402  
1.74489  2.20667  
2.01074  0.921479  
0.3906  4.0022  
1.4591  2.91205  
1.64504  2.49184  
0.635874  3.88723  
1.91398  1.54831  
1.06346  3.51554  
1.81725  1.96019  
1.25894  3.25634  
1.16377  3.39085  
0.831965  3.74622  
1.87028  1.74936  
1.80342  2.01113  
0.578507  3.92001  
1.51681  2.79402  
0.238278  4.04161  
0.806386  3.76728  
1.78379  2.0791  
1.1445  3.4161  
1.53412  2.7566  
1.62792  2.53584  
0.754817  3.80717  
0.726325  3.82788  
1.394  3.03443  
1.94591  1.37814  
1.56392  2.68995  
1.33921  3.12917  
1.24101  3.28294  
2.03352  0.680454  
0.999384  3.58712  
0.956341  3.63231  
1.01575  3.5693  
1.3756  3.06698  
1.40991  3.0055  
1.59821  2.60926  
1.77047  2.124  
2.0579  0.0579358  
1.98439  1.13229  
1.89211  1.65255  
1.44152  2.94684  
1.73185  2.2468  
1.75892  2.16175  
1.03982  3.54258  
1.70238  2.33436  
1.67201  2.41977  
1.7187  2.28674  
1.31785  3.16438  
1.68703  2.37841  
1.79312  2.04693  
1.35835  3.09686  
0.433172  3.98685  
1.9921  1.07538  
1.54897  2.72376  
0.296013  4.02946  
0.783665  3.78525  
0.852049  3.72909  
1.2078  3.33061  
0.873814  3.70992  
1.96547  1.25975  
0.474733  3.97003  
1.29243  3.20495  
1.47962  2.87119  
0.3459  4.01619  
1.88068  1.70416  
1.84804  1.84162  
0.695123  3.84944  
1.93677  1.42969  
1.22395  3.30767  
0.976647  3.611  
1.18781  3.3584  
2.04639  0.486262  
2.05234  0.356596  
1.1013  3.47041  
1.86658  1.76495  
0.897526  3.68828  
1.32198  3.1576  
1.55834  2.70263  
1.70234  2.33448  
1.81671  1.96201  
1.93989  1.41146  
1.53915  2.7455  
1.42379  2.97972  
1.47087  2.88875  
0.957145  3.63077  
1.66165  2.44777  
0.918399  3.66867  
1.35399  3.10427  
2.05786  0.0578644  
1.01167  3.57372  
1.71616  2.29402  
1.08466  3.49048  
2.04764  0.461996  
1.90082  1.61165  
1.57448  2.66546  
1.48988  2.85096  
1.33674  3.13331  
0.982495  3.60474  
2.0131  0.899351  
0.560058  3.93088  
1.63344  2.52167  
2.04161  0.566895  
1.98712  1.11239  
1.21918  3.31446  
1.38555  3.04942  
1.52012  2.78684  
1.29129  3.20663  
0.821111  3.75512  
1.14544  3.41482  
2.00473  0.973886  
1.73966  2.22281  
1.61915  2.55778  
1.78742  2.06651  
1.67677  2.40667  
1.6896  2.37084  
1.17812  3.37151  
0.194167  4.04856  
0.52628  3.9466  
1.92214  1.50629  
0.494928  3.9612  
1.77613  2.10485  
2.02075  0.825046  
1.9308  1.46088  
0.421253  3.99145  
1.95053  1.35072  
1.40671  3.01126  
0.358554  4.01242  
1.10623  3.46427  
1.30847  3.17937  
1.97013  1.22961  
1.2715  3.23725  
1.84563  1.85109  
1.16608  3.38767  
1.45243  2.92512  
1.12677  3.43867  
1.83219  1.90365  
1.19971  3.34189  
0.667336  3.8677  
2.05311  0.333428  
1.8031  2.01174  
0.694397  3.84988  
1.87572  1.72581  
0.266236  4.03612  
0.845869  3.73433  
0.786886  3.78271  
1.76341  2.14698  
1.75009  2.18989  
1.64571  2.48993  
1.73017  2.25191  
1.50691  2.8149  
1.60391  2.59542  
1.24619  3.27525  
2.03551  0.654424  
1.97788  1.1777  
1.03232  3.55098  
1.96114  1.2869  
0.630221  3.89057  
1.58987  2.62921  
0.868191  3.71482  
0.939824  3.648  
0.320135  4.02333  
0.758625  3.80431  
0.595395  3.91069  
1.43984  2.94936  
1.05501  3.52525  
1.88732  1.67429  
0.0603591  4.05786  
1.91241  1.55543  
1.99639  1.04202  
2.02767  0.750226  
0.449022  3.98062  
1.36973  3.07714  
0.723307  3.82997  
1.85639  1.8075  
1.14686  3.41295  
1.03104  3.55241  
1.84264  1.86288  
1.0571  3.52282  
1.92862  1.47246  
0.0602179  4.05785  
2.05785  0.057847  
1.85873  1.7978  
0.913446  3.67336  
0.522886  3.94825  
0.419224  3.99204  
0.888282  3.69675  
0.626569  3.89273  
0.936858  3.65084  
0.792605  3.77816  
1.43893  2.95107  
1.37789  3.06288  
1.50836  2.81184  
1.33507  3.13599  
1.31406  3.17038  
0.376774  4.00667  
1.81798  1.95739  
0.227267  4.04349  
0.861148  3.72106  
1.27947  3.225  
1.80735  1.9963  
1.25795  3.25771  
0.81486  3.76027  
2.02831  0.742935  
1.97914  1.16904  
0.727611  3.82695  
1.35632  3.10023  
0.678386  3.86046  
1.39997  3.0235  
1.78053  2.09006  
0.695936  3.84884  
0.460323  3.97605  
1.56783  2.68089  
1.08053  3.4954  
0.96181  3.626  
0.285067  4.03195  
2.0155  0.876785  
1.10837  3.46164  
1.16565  3.38818  
1.42206  2.98307  
2.04086  0.578435  
1.12708  3.4383  
1.60248  2.59884  
1.79463  2.04147  
1.83132  1.90712  
1.95166  1.34394  
1.71121  2.30858  
2.05277  0.342975  
1.98687  1.11417  
0.172457  4.05127  
1.91816  1.52675  
1.66418  2.44095  
1.64356  2.49552  
1.45389  2.92219  
1.22045  3.31264  
1.47331  2.88385  
1.73618  2.23337  
1.87024  1.74933  
2.00882  0.938317  
1.58738  2.6351  
1.23952  3.28502  
1.1847  3.36254  
1.52366  2.77918  
1.75061  2.18827  
1.96186  1.28227  
1.61586  2.56593  
2.0017  0.99905  
1.67793  2.40336  
1.01073  3.57489  
0.33341  4.01986  
1.89271  1.64948  
0.767378  3.79831  
2.04663  0.481196  
1.49119  2.8475  
1.55701  2.70554  
2.02237  0.808089  
1.6307  2.52861  
1.99396  1.06095  
1.90375  1.59758  
0.490587  3.96312  
1.54061  2.74226  
1.97308  1.21077  
2.03385  0.675781  
0.651272  3.87773  
1.77053  2.12352  
1.7226  2.2749  
0.838733  3.74038  
1.29601  3.19915  
1.88143  1.70051  
0.987703  3.5993  
0.594911  3.91093  
1.69708  2.34956  
0.55633  3.93166  
1.94096  1.40533  
1.20949  3.32818  
1.09805  3.47427  
1.97954  1.16623  
1.31539  3.16822  
1.11885  3.4486  
1.54336  2.73609  
2.02778  0.748865  
1.06135  3.51791  
1.67745  2.40467  
2.05784  0.0578417  
1.918  1.5273  
1.81776  1.95814  
1.9047  1.59301  
1.872  1.74172  
1.51047  2.80733  
1.59003  2.62883  
2.04065  0.581409  
2.02111  0.821144  
2.01486  0.882731  
0.608247  3.90339  
1.98726  1.11118  
1.37528  3.06743  
1.23254  3.29518  
1.55944  2.69998  
1.39101  3.03958  
0.909978  3.67663  
0.777287  3.7901  
0.83937  3.73982  
1.99466  1.05542  
0.998119  3.58823  
2.05321  0.329821  
0.349742  4.01502  
1.34178  3.12477  
1.70609  2.32354  
1.95888  1.30057  
0.545506  3.93713  
1.94668  1.37293  
1.15698  3.40155  
1.75244  2.18236  
0.866974  3.7159  
0.93082  3.6567  
0.80763  3.76614  
0.978169  3.60919  
1.17999  3.36892  
0.659493  3.87258  
0.478849  3.96824  
1.0778  3.49861  
1.2963  3.19873  
1.45622  2.91781  
0.238883  4.04143  
1.36081  3.09253  
1.69269  2.36215  
1.60302  2.59751  
1.2757  3.23078  
1.76013  2.15763  
1.14103  3.42043  
0.441364  3.98365  
1.64612  2.4891  
1.78866  2.06223  
1.9382  1.42059  
1.44082  2.94742  
2.04733  0.467728  
1.40951  3.00612  
1.01466  3.57041  
1.46949  2.89141  
2.03558  0.65312  
1.57658  2.66052  
0.69187  3.85154  
0.749453  3.81108  
1.97036  1.22795  
1.66221  2.44619  
0.186935  4.04951  
0.297467  4.02905  
1.20937  3.32835  
1.73947  2.22321  
0.584938  3.91647  
1.52829  2.76919  
0.632721  3.88906  
1.25354  3.26436  
0.714921  3.83583  
0.50922  3.95468  
1.62765  2.53633  
0.950459  3.6374  
1.86078  1.7893  
1.92724  1.47964  
1.83838  1.8796  
1.42682  2.97396  
0.0601127  4.05784  
1.77409  2.11166  
0.885249  3.69952  
1.8823  1.69659  
1.85032  1.83219  
1.03828  3.54426  
1.61408  2.57033  
0.39681  3.99998  
1.72077  2.28018  
1.82798  1.91976  
1.49103  2.84784  
1.89321  1.64717  
1.80313  2.01135  
2.00545  0.967556  
0.478655  3.9683  
0.983923  3.6032  
0.915328  3.67156  
1.91017  1.56638  
1.01044  3.57504  
1.3801  3.05897  
1.57487  2.66448  
1.54954  2.72233  
1.34444  3.1203  
0.680189  3.85926  
2.04272  0.54928  
1.42675  2.97459  
2.04886  0.436555  
1.88853  1.66887  
1.84899  1.83752  
1.56085  2.69681  
0.936169  3.65148  
1.99223  1.07422  
1.097  3.47552  
1.51215  2.80381  
0.249509  4.03946  
1.66298  2.44412  
0.311498  4.02554  
1.929  1.47046  
0.770115  3.79558  
1.74002  2.22145  
1.91844  1.52542  
1.95927  1.29818  
1.44302  2.94322  
1.80908  1.98992  
1.98291  1.14251  
0.559547  3.92995  
1.05477  3.5255  
2.00191  0.997258  
2.02962  0.727458  
1.18183  3.36641  
0.585688  3.91602  
1.83887  1.87775  
0.187681  4.04941  
1.899  1.62011  
1.95069  1.34961  
1.30661  3.18238  
0.652952  3.87669  
0.862299  3.72  
0.0600139  4.05784  
1.67534  2.41053  
1.12063  3.44638  
0.707008  3.84127  
1.93958  1.41305  
0.891376  3.69391  
1.69027  2.36888  
1.63578  2.51559  
0.520526  3.94934  
0.842685  3.73704  
1.78681  2.06851  
1.47695  2.87646  
1.20584  3.33331  
0.368418  4.00933  
1.79669  2.03416  
1.77715  2.1014  
1.40956  3.00603  
1.97094  1.22443  
1.81808  1.95693  
1.22422  3.30729  
1.03057  3.55287  
1.28311  3.21938  
0.40307  3.99781  
2.02164  0.815713  
1.14347  3.4173  
1.39716  3.02858  
1.36402  3.08697  
2.05784  0.057841  
1.86417  1.77507  
0.821616  3.75469  
1.53105  2.76315  
1.49591  2.83774  
0.740774  3.81743  
1.45847  2.91323  
0.958436  3.62942  
0.434078  3.98644  
1.60504  2.59253  
1.07403  3.50307  
1.24968  3.27007  
0.616334  3.89872  
1.64976  2.47927  
1.76584  2.13898  
1.75313  2.1802  
2.05382  0.311819  
1.62009  2.55539  
1.16305  3.39165  
1.87432  1.73278  
0.796046  3.7754  
1.59034  2.62803  
1.32301  3.15583  
2.03726  0.630335  
2.01218  0.90785  
1.82862  1.91728  
1.72211  2.27617  
1.70708  2.32072  
1.2675  3.24331  
