1.92037  7.69016e-30  
2.31573  3.7708e-44  
1.75321  1.44474e-72  
2.1934  3.96175e-80  
1.84268  7.8051e-97  
1.59348  6.23337e-40  
1.49466  6.0033e-19  
2.0053  8.59229e-20  
1.79489  1.37874e-34  
1.98714  9.98718e-61  
1.48721  0.451422  
1.33792  1.75614e-15  
1.82993  2.62317e-35  
1.8412  3.22286e-07  
1.95863  0.019538  
2.1941  3.1102e-32  
1.81382  2.14011e-40  
1.75464  5.59815e-12  
1.98631  9.05554e-128  
1.8614  8.89855e-09  
2.08624  3.16508e-16  
1.95389  1.0614e-05  
1.46418  9.87359e-41  
2.01055  2.15468e-40  
1.79843  1.55567e-20  
2.04545  2.56722e-19  
2.07447  1.57201e-07  
1.68866  3.08858e-38  
2.12215  2.6893e-36  
2.13875  5.80282e-87  
1.74571  7.95839e-07  
1.62009  3.61408e-172  
2.02386  4.70019e-28  
2.35701  8.38777e-20  
1.98549  4.588e-15  
2.20264  0.000590139  
1.39275  2.40736e-16  
1.69476  3.84758e-31  
1.92515  8.42351e-85  
2.06922  3.44139e-21  
1.4197  4.05412e-30  
2.1312  1.45212e-90  
1.64892  2.63975e-37  
2.18861  6.78663e-55  
2.35718  5.84779e-12  
1.61411  1.59077e-44  
1.83942  2.77483e-09  
1.66207  6.22211e-14  
1.72188  1.79039e-57  
2.04803  1.34343e-15  
1.5505  9.12002e-52  
1.98004  2.49307e-19  
1.51064  8.72575e-12  
1.75042  4.33523e-86  
2.4162  1.67202e-158  
1.74943  1.12558e-79  
1.54499  5.9203e-82  
2.00899  0.00727588  
2.39632  1.92072e-08  
1.75874  4.148e-42  
1.91798  3.0707e-35  
2.12978  1.75267e-41  
1.65428  3.91464e-38  
2.19093  9.58981e-09  
1.99795  6.35513e-59  
1.79697  3.90075e-22  
1.70433  1.49947e-55  
2.14154  3.15386e-10  
1.93823  1.66585e-06  
1.93198  1.49201e-26  
1.7065  3.1221e-24  
1.64978  5.6584e-12  
1.72319  1.3118e-23  
2.00384  5.23016e-65  
1.70131  6.91298e-82  
1.45034  3.77637e-08  
1.56627  1.18746e-123  
2.14616  1.91747e-21  
1.8669  5.0671e-35  
1.63545  0.0010686  
2.0596  1.76335e-118  
2.17896  1.46305e-28  
1.87813  7.47146e-22  
1.70406  4.46208e-35  
2.16204  5.59326e-65  
1.62208  3.8292e-42  
1.49268  0.00019297  
2.06487  1.68079e-07  
1.68918  0.118603  
1.6158  5.31702e-50  
1.86211  1.77303e-22  
2.00128  1.19413e-77  
1.85277  6.26152e-64  
2.12183  0.0165654  
1.88991  3.58391e-08  
1.54176  3.16198e-26  
1.48754  5.87719e-66  
1.78276  4.54057e-48  
2.10331  6.80098e-26  
2.23345  3.9116e-29  
2.40655  1.29342e-121  
2.33365  5.04029e-163  
2.38635  4.65412e-11  
2.29168  1.4815e-07  
2.59915  1.78631e-83  
2.16592  1.13371e-240  
2.23204  7.26175e-217  
2.57632  1.46619e-122  
2.7854  4.82685e-13  
2.49669  2.0212e-99  
1.78725  1.60001  
2.68749  0.406255  
2.24014  2.53156e-08  
2.4848  1.33547e-121  
2.46992  1.2363e-59  
2.18274  0  
2.14322  1.27029e-234  
2.13926  3.59902e-169  
2.12144  1.13008e-51  
1.80699  1.01039  
2.08819  2.43778e-195  
0.223345  2.56331  
1.98757  3.87637e-11  
2.14085  1.97626e-323  
2.1204  2.53891e-273  
2.23639  0  
2.08468  1.8961e-60  
2.05526  6.26e-49  
2.67309  5.02244e-140  
1.97824  9.10293e-18  
1.75945  1.57513  
0.207907  2.38612  
2.11979  5.08789e-320  
2.24829  3.69289e-281  
2.11553  0  
2.09884  6.61201e-307  
0.905377  1.15548  
1.39028  1.81198  
0.0688301  2.0305  
2.1829  2.9557e-271  
2.12231  5.10487e-12  
2.06095  1.10097e-265  
0.233821  1.78514  
1.35347  1.26911  
0.000621782  1.31259  
1.36005  1.73575  
2.0808  1.39071e-236  
2.16544  8.89318e-322  
1.22624  1.71192  
1.48614  1.83012  
1.72858  1.03654e-08  
1.24955  1.62857  
2.38459  0  
2.14128  5.34757e-87  
2.3414  8.07187e-12  
1.87914  1.46597e-21  
2.3  1.03778e-12  
1.79627  2.64483e-06  
2.47793  1.33178e-121  
2.12979  0  
2.18059  0  
2.43171  1.38389e-122  
2.10107  2.36016e-259  
2.05612  1.63014e-10  
2.03573  0.0848948  
2.2178  4.79008e-163  
2.13981  3.07659e-107  
1.00163  3.15997e-99  
2.15775  7.02005e-217  
2.04776  1.09938  
2.10696  0.855336  
2.32365  0.000394843  
2.13622  0.0337125  
2.19365  1.22835e-149  
2.04811  0.164479  
2.1584  3.26866e-214  
2.2935  0  
2.15197  2.43191e-08  
2.29336  1.82325e-101  
2.29769  1.61176e-222  
2.30576  0  
2.50856  5.41807e-163  
2.33211  4.25712e-104  
2.20953  1.59737e-91  
0.0653792  1.9287  
2.4406  0.00274239  
2.24171  4.84172e-163  
2.33099  0  
2.22206  4.94039e-64  
2.7526  8.15734e-05  
2.35436  1.74228e-153  
2.31712  0.000605094  
2.64086  3.16214e-128  
2.72988  7.39924e-164  
2.40242  0.00727512  
2.4109  6.88583e-09  
2.60098  7.70802e-05  
2.42352  0.682177  
2.45741  8.61601e-07  
2.25912  3.15467e-139  
1.8885  7.97492e-23  
1.74101  0.649036  
1.87245  2.2572e-34  
1.98329  1.38336e-85  
1.80442  1.14319e-33  
1.76162  2.40676e-21  
1.73305  9.22979e-05  
2.16778  2.49677e-203  
1.87644  1.55858e-128  
1.77409  1.90831e-66  
1.76458  2.30348e-48  
1.72088  3.00423e-37  
1.88299  5.32923e-316  
1.88209  1.86998e-203  
1.69582  1.75178e-129  
1.66614  0.359612  
1.2538  1.68985  
1.67144  6.17467e-65  
1.03658  1.35421  
1.64302  0  
1.63116  7.3771e-295  
1.57521  2.25334e-51  
1.61291  1.25504e-222  
1.09222e-16  1.78372  
1.55971  3.2567e-50  
1.93796  4.20591e-136  
1.61895  2.41941e-247  
1.51475  2.64438e-37  
1.54435  3.03151e-45  
1.6476  9.44777e-291  
1.64502  4.65573e-316  
1.50659  4.45632e-32  
1.72257e-13  1.64612  
1.11102  1.22274  
1.60592  5.25924e-07  
0.427055  1.63116  
1.62406  6.40925e-12  
1.51362  7.14395e-36  
1.65738  5.17341e-128  
1.35893  0.92767  
1.62261  1.4822e-323  
1.63894  0  
1.60666  5.12356e-235  
6.51097e-13  1.69665  
1.12088  1.21717  
0.0180636  1.77259  
1.02619e-16  1.6759  
1.58733  1.82775e-16  
1.41713e-13  1.62282  
1.67775  2.97672e-190  
0.908945  1.36796  
1.00076  5.77806e-116  
1.08847e-16  1.77761  
0.819229  1.43114  
1.43495  8.28012e-29  
1.52114  1.75023e-38  
1.60806  2.18794e-248  
0.967578  1.30409  
1.27234  1.00723  
1.73391  1.82233e-314  
0.657616  1.52427  
0.560645  1.58003  
0.992132  1.33333  
1.28492  1.01115  
0.822892  1.43754  
1.48658  0.790824  
1.11662  1.24813  
1.69411  0  
1.57526  0.72665  
1.59111  2.27608e-51  
1.61491  6.4047e-62  
1.63423  3.12589e-282  
1.63737  5.47472e-16  
1.64768  5.46516e-286  
1.6352  9.37666e-291  
1.65967  0  
1.09929  1.22876  
1.02039  1.34087  
1.75338  2.62032e-247  
1.35444  1.03222  
1.79009  5.93754e-286  
1.64263  5.71376e-297  
1.56331  0.859183  
1.80004  4.35981e-11  
1.60422  0.716242  
1.63545  3.21032e-45  
1.64275  1.21346e-83  
1.64453  8.38205e-126  
0.020023  1.96487  
0.258544  1.79681  
1.58265  1.21251  
1.7282  6.08988e-289  
1.81947  0  
0.279746  1.8092  
1.85432  0  
0.0494329  2.00049  
0.000368119  1.0005  
1.10648  1.4913  
1.72612  0.0490665  
1.85152  1.61183e-317  
1.35057  0  
1.34661  1.67596e-220  
0.546021  1.42054  
1.05019e-16  1.71509  
1.3328  4.80544e-199  
0.540804  1.39192  
0.0420474  1.42522  
1.05363  0.989143  
8.93164e-17  1.45865  
1.30578  0  
1.28313  4.74265e-59  
1.27486  2.20276e-57  
0.110711  1.41752  
1.01062  1.01949  
0.491075  1.35051  
1.22481  0.873126  
0.592262  1.1407  
0.687986  1.09942  
0.691784  1.08826  
1.19332  3.98211e-34  
1.2783  8.54573e-53  
0.641995  1.11423  
0.567947  1.14899  
1.346  0  
0.821056  0.999108  
0.855216  0.9614  
7.90813e-17  1.2915  
0.643791  1.33773  
1.25897  7.99851e-42  
0.886338  0.941421  
0.443413  1.2046  
1.05454  0.751744  
0.149477  1.27089  
1.30086  0  
0.661925  1.10728  
1.27102  4.58268e-199  
0.0912421  1.45956  
8.2691e-17  1.35045  
1.26135  1.15376e-289  
0.894525  0.924452  
0.832268  1.25746  
0.774247  1.02701  
0.909754  0.902293  
0.933727  0.876142  
0.00595692  1.40822  
0.000322276  1.00016  
1.23694  5.13609e-43  
1.05673  0.736648  
0.744407  1.04554  
0.960258  0.861668  
0.88418  0.935184  
0.992028  0.820463  
0.875263  0.941141  
0.988839  0.84685  
0.650924  1.27672  
0.931791  0.888603  
1.27468  0  
0.846646  0.956866  
1.00019  2.06404e-86  
0.837058  0.985987  
1.10468  1.757e-25  
0.302967  1.2559  
1.01531  0.952699  
1.2615  0  
0.820309  0.997421  
0.111062  1.36515  
0.940865  0.883283  
0.843111  0.980048  
0.910301  1.1098  
0.868343  0.959311  
1.12465  0.841713  
1.13968  1.03512e-27  
0.312241  1.3009  
1.19298  6.2623e-37  
1.2714  0  
0.783719  1.03958  
1.28577  5.33888e-43  
1.26772  4.8604e-57  
1.26943  9.36761e-218  
8.35704e-17  1.36481  
8.70296e-17  1.4213  
0.31332  1.27004  
0.946036  0.888137  
1.2716  1.16314e-289  
1.27172  2.48297e-144  
1.00064  0.939403  
0.411832  1.28949  
1.20006  0.6583  
0.933048  1.2097  
0.866586  1.14316  
0.91232  1.10406  
1.27291  2.91425e-195  
1.28305  2.40911e-226  
1.10863  1.15589  
1.27196  2.80037e-29  
0.0146792  1.41777  
0.638113  1.29094  
1.2722  1.88628e-147  
0.177097  1.36554  
8.78105e-17  1.43405  
0.690507  0.927516  
1.00766  0.564239  
0.902142  0.689291  
0.000540834  1.17144  
0.851304  0.761212  
0.0322177  1.12923  
1.05746  8.73038e-08  
1.08887  0  
1.07678  6.93321e-229  
1.05939  8.47823e-189  
1.04582  1.48765e-39  
0.597187  0.941151  
6.67657e-05  1.21947  
0.419658  1.03175  
1.03705  0.28705  
0.909437  0.672913  
0.674637  0.907386  
0.585812  0.946402  
0.343651  1.0932  
0.780054  0.809712  
1.05563  0  
0.772914  0.740047  
6.22627e-05  1.13722  
0.472775  1.00766  
7.22945e-05  1.07904  
0.466149  0.98249  
0.837948  0.682572  
0.00732856  1.10837  
0.835231  0.68958  
1.0381  2.7312e-48  
0.896573  0.594411  
3.31354e-05  1.14871  
0.918725  0.562383  
0.656593  0.88444  
0.86389  0.646089  
0.655818  0.86883  
0.420728  1.02817  
0.5666  0.917847  
0.733956  0.78389  
0.945744  0.511411  
1.06138  0  
0.821712  0.712805  
0.882522  0.611959  
0.610653  0.878371  
0.472269  0.967629  
1.00011  2.5306e-22  
0.929827  0.528357  
0.577574  0.91567  
6.2396e-05  1.13966  
1.00008  1.03035e-90  
0.000163364  1.00007  
0.705198  0.88193  
3.28543e-05  1.13896  
0.602028  0.891162  
0.228158  1.09319  
0.841744  0.666906  
0.864187  0.736387  
0.296406  1.08854  
0.661916  0.84152  
0.515764  0.955541  
1.03758  2.05949e-09  
0.531913  0.928963  
0.973396  0.453439  
0.906707  0.579365  
0.733995  0.811049  
0.712156  0.801579  
0.758561  0.788  
0.591127  0.896679  
0.430909  0.984251  
0.711015  0.871132  
0.743232  0.769235  
0.460011  0.986102  
0.195454  1.10668  
0.885436  0.653571  
0.540628  0.980358  
0.574944  0.922298  
1.05813  5.26854e-218  
0.312921  1.06079  
0.792089  0.757209  
0.418731  1.01867  
0.932131  0.595736  
0.19364  1.09641  
0.947547  0.578781  
0.396166  1.03512  
0.720587  0.841639  
0.618492  0.958811  
0.555642  0.966434  
0.796083  0.757878  
0.919347  0.624151  
0.642563  0.918088  
0.557561  0.964932  
1.01511  2.39109e-44  
0.0318656  1.11689  
0.597811  0.92675  
0.000119869  1.15863  
0.506712  1.04786  
0.938755  0.604855  
0.896988  0.685353  
0.69638  0.897309  
1.00624  0.55972  
0.913068  0.407848  
0.167352  0.985911  
0.645034  0.764182  
0.823556  0.567768  
0.216818  0.976231  
0.670568  0.741865  
0.43659  0.899681  
0.917163  0.398535  
0.869145  0.494616  
0.325881  0.945421  
0.357588  0.933901  
0.953766  0.300584  
0.938088  0.346452  
0.397472  0.917629  
0.124933  0.992185  
0.79762  0.603196  
0.713405  0.700767  
0.965318  0.26111  
0.945924  0.324403  
0.512282  0.858843  
0.809013  0.587826  
0.828509  0.559994  
0.90037  0.435196  
0.848533  0.529174  
0.231799  0.972774  
0.904986  0.425455  
0.979525  0.201371  
0.886663  0.462484  
0.992163  0.124993  
0.995134  0.0986602  
0.96138  0.275255  
0.262593  0.964918  
0.631346  0.775505  
0.622349  0.782746  
1  5.42218e-26  
0.529046  0.848608  
0.521188  0.853447  
0.368124  0.929783  
1.87644e-05  1.00001  
0.577562  0.816361  
0.589422  0.807867  
0.929321  0.369321  
0.201895  0.979425  
0.544157  0.838998  
0.77685  0.62972  
0.95053  0.311308  
0.145839  0.989335  
0.744074  0.668207  
0.559436  0.828901  
0.763838  0.645428  
0.0644576  0.997925  
0.83849  0.544971  
0.417665  0.908626  
0.337639  0.94129  
0.856379  0.516377  
0.874698  0.484722  
0.408164  0.912946  
0.786114  0.618128  
0.183766  0.98298  
0.657284  0.753659  
0.56804  0.82302  
0.603064  0.797716  
0.942411  0.334515  
0.300481  0.953805  
0.616758  0.787171  
0.792838  0.609447  
0.455496  0.890876  
0.683015  0.730419  
0.975228  0.221314  
0.89542  0.445252  
0.719647  0.694387  
0.274963  0.961471  
0.863416  0.504588  
0.986231  0.165521  
0.551556  0.834147  
0.727708  0.685945  
0.48159  0.87641  
0.881164  0.472899  
0.44602  0.895033  
0.93373  0.357995  
0.957441  0.288658  
0.770315  0.637678  
0.738426  0.674345  
0.248691  0.968619  
0.754603  0.656205  
0.695457  0.718581  
0.46587  0.885569  
0.970094  0.242827  
0.98937  0.145467  
0.498367  0.866985  
0.997993  0.0636336  
0.0983197  0.995163  
0.42702  0.904275  
0.921539  0.388331  
0.98288  0.18428  
0.378683  0.925535  
0.315004  0.949098  
0.289382  0.957249  
0.707568  0.706663  
0.816516  0.577625  
0.228208  0.973657  
0.625915  0.779892  
0.777043  0.62954  
0.823197  0.567933  
0.640674  0.767813  
0.703459  0.710739  
0.670287  0.742103  
0.828456  0.560054  
0.326221  0.9453  
0.282069  0.959394  
0.856436  0.516253  
0.247682  0.968864  
0.40922  0.912436  
0.790993  0.611827  
0.29864  0.954368  
0.875492  0.483262  
0.78472  0.619872  
0.869102  0.494636  
0.982803  0.184658  
0.128042  0.991776  
0.9515  0.307652  
0.678245  0.734884  
0.991269  0.131865  
0.748272  0.663393  
0.468753  0.883332  
0.806423  0.59134  
3.80385e-09  1  
0.75792  0.652456  
0.711775  0.702408  
0.955674  0.294443  
0.382366  0.924011  
0.443777  0.896141  
0.357056  0.934135  
0.912782  0.408466  
0.799206  0.601058  
0.632992  0.774165  
0.563601  0.82605  
0.0593082  0.998243  
0.970241  0.242144  
0.719925  0.694052  
0.482648  0.875818  
0.42166  0.9068  
0.92882  0.370531  
0.842055  0.539422  
0.897961  0.440207  
0.147923  0.988999  
0.603878  0.797081  
0.89373  0.448607  
0.740752  0.671785  
0.100038  0.995056  
0.495654  0.868521  
0.964475  0.264255  
0.978091  0.208186  
1  1.68025e-36  
0.432433  0.901667  
0.646826  0.762638  
0.520712  0.853733  
0.997376  0.0724087  
0.862008  0.506895  
0.341202  0.939992  
0.530935  0.847413  
0.172097  0.98508  
0.960355  0.27878  
0.937586  0.347788  
0.507981  0.861369  
0.54146  0.840741  
0.974196  0.225742  
0.918223  0.396081  
0.695489  0.718537  
0.733471  0.679723  
0.882203  0.470871  
0.766373  0.642397  
0.849551  0.527507  
0.394594  0.918857  
0.456064  0.889948  
0.835208  0.549943  
0.661059  0.750337  
0.932946  0.360072  
0.653292  0.757109  
0.726201  0.687484  
0.684229  0.72927  
0.81389  0.581022  
0.211972  0.9773  
0.614945  0.788573  
0.888271  0.459321  
0.98891  0.148519  
0.594965  0.803756  
0.369728  0.929141  
0.264351  0.964427  
0.947763  0.318977  
0.924335  0.381583  
0.986504  0.165432  
0.58134  0.813736  
0.31213  0.95004  
0.193177  0.981165  
0.905556  0.424243  
0.994159  0.108069  
0.553372  0.832935  
0.943299  0.332403  
0.571612  0.820526  
0.970519  0.241041  
0.343296  0.939228  
0.1726  0.984993  
0.777674  0.628919  
0.819881  0.572643  
0.708194  0.70602  
0.897866  0.440269  
0.366047  0.93069  
0.982705  0.185353  
0.574387  0.818585  
0.785596  0.618774  
0.62207  0.782983  
0.866057  0.499945  
0.19313  0.981229  
0.687242  0.726445  
0.977691  0.21005  
0.15448  0.987996  
0.722414  0.691469  
0.500551  0.865737  
0.405714  0.914005  
0.769686  0.638445  
0.871175  0.490976  
0.481834  0.876316  
0.065278  0.997874  
0.552228  0.833694  
0.71663  0.697471  
0.229119  0.973491  
0.813469  0.581617  
0.650126  0.759829  
0.444418  0.89582  
0.994551  0.104262  
0.603483  0.797376  
0.241028  0.970519  
0.826671  0.562816  
0.934623  0.355646  
0.944342  0.328965  
0.928107  0.372328  
0.88367  0.468111  
0.949386  0.314115  
0.592396  0.805666  
0.728206  0.685433  
0.380115  0.924939  
0.417102  0.908864  
0.922872  0.385111  
0.119644  0.992824  
0.432981  0.901409  
0.316104  0.94873  
0.631671  0.775237  
0.209671  0.977778  
0.987799  0.155757  
0.75348  0.657793  
0.841426  0.540511  
0.660838  0.750772  
0.991274  0.131817  
0.8608  0.508947  
0.997714  0.0675777  
0.354382  0.935116  
0.526884  0.849938  
0.743942  0.668265  
0.296105  0.955162  
0.854791  0.51898  
0.0940338  0.995569  
0.959864  0.280467  
0.93911  0.343658  
0.736232  0.676839  
0.641829  0.766848  
0.455393  0.890291  
0.762089  0.647474  
0.679089  0.734068  
0.799539  0.600638  
0.806854  0.590759  
0.914548  0.404501  
0.515104  0.857128  
0.903098  0.429548  
0.696227  0.717944  
0.848907  0.528545  
0.278855  0.960334  
0.908738  0.417376  
0.583125  0.812405  
0.96312  0.269094  
0.83366  0.552571  
0.136019  0.990706  
0.973996  0.226647  
0.393878  0.919167  
0.890083  0.455841  
0.967203  0.254028  
0.564727  0.82528  
0.468936  0.883235  
0.615385  0.788232  
1  2.30037e-23  
0.264558  0.964385  
0.792473  0.60999  
8.49821e-11  1  
0.491675  0.870779  
0.673202  0.739461  
0.540116  0.841591  
0.954916  0.296877  
0.918208  0.396102  
0.87773  0.479157  
0.327202  0.944957  
0.469416  0.883137  
0.980001  0.199054  
0.429808  0.902968  
0.737553  0.675377  
0.976202  0.216928  
0.76401  0.645205  
0.986241  0.16556  
0.640697  0.767814  
0.792612  0.609881  
0.0658777  0.997828  
0.875653  0.482986  
0.580395  0.814335  
0.838562  0.544809  
0.78616  0.618057  
0.72976  0.683755  
0.995693  0.0927584  
0.479032  0.877928  
0.317179  0.948366  
0.946852  0.321695  
0.610466  0.792045  
0.660709  0.750646  
0.830779  0.556986  
0.395463  0.918487  
0.86956  0.493834  
0.748941  0.662637  
0.457917  0.888995  
0.684928  0.728617  
0.541502  0.8407  
0.304973  0.952361  
0.952482  0.3046  
0.896217  0.443621  
0.121941  0.992539  
0.628948  0.777457  
0.968795  0.247906  
0.231845  0.972759  
0.813095  0.582499  
0.346348  0.938265  
0.213727  0.976899  
0.972745  0.231879  
0.548821  0.83594  
0.798235  0.602379  
0.914031  0.405645  
0.620286  0.784388  
0.864071  0.503372  
0.693955  0.720019  
0.825386  0.564569  
0.286049  0.958215  
0.924196  0.381919  
0.651901  0.758304  
0.943115  0.332686  
0.778099  0.628167  
0.993216  0.116289  
0.989969  0.141293  
0.851725  0.523992  
0.160404  0.987052  
0.559482  0.828846  
0.369421  0.929262  
0.704978  0.709234  
0.937483  0.348031  
0.38545  0.922729  
0.918311  0.395874  
0.526258  0.850325  
0.909257  0.416253  
0.272383  0.962189  
0.33411  0.942539  
0.845646  0.533744  
0.67716  0.735839  
0.818896  0.573956  
1  7.13592e-57  
0.713881  0.700267  
0.44507  0.895509  
0.356556  0.934274  
0.887809  0.460213  
0.197086  0.980387  
0.490081  0.871679  
0.963051  0.269342  
0.721429  0.692547  
0.412696  0.910873  
0.14272  0.989764  
0.998286  0.0585299  
0.957313  0.289072  
1.17367e-11  1  
0.669082  0.743194  
0.24606  0.969255  
0.513236  0.85825  
0.570319  0.821424  
0.901149  0.433511  
0.599397  0.800452  
0.930553  0.366161  
0.983528  0.180759  
0.0998262  0.995006  
0.755635  0.654995  
0.501355  0.865245  
0.858447  0.513153  
0.882135  0.470997  
0.178322  0.983973  
0.772381  0.63516  
0.807095  0.590422  
0.590027  0.807395  
0.258815  0.965927  
0.769361  0.638821  
0.921947  0.387318  
0.451141  0.892454  
0.673152  0.739505  
0.847199  0.531277  
0.355528  0.934715  
0.490967  0.871179  
0.83181  0.555061  
0.872781  0.488115  
0.196976  0.980409  
0.341233  0.939983  
0.294391  0.955685  
0.973701  0.227831  
0.105002  0.994472  
0.758556  0.65161  
0.698062  0.716041  
0.658636  0.752462  
0.959138  0.283394  
0.254513  0.967073  
0.665067  0.746784  
0.635728  0.771985  
0.903515  0.428557  
0.499652  0.866558  
0.997231  0.0743699  
0.840059  0.542501  
0.963504  0.267693  
0.0707469  0.997533  
0.936585  0.35044  
0.969363  0.245637  
0.276555  0.960999  
0.508806  0.861004  
0.572111  0.820177  
0.438997  0.898489  
0.471636  0.881793  
0.461471  0.88718  
0.409701  0.91223  
0.217568  0.976047  
0.927285  0.374359  
0.898515  0.438953  
0.32368  0.946174  
0.679071  0.734073  
0.877594  0.479531  
0.882461  0.470388  
0.71107  0.703122  
0.775625  0.631262  
0.88835  0.459197  
0.802015  0.597304  
0.826087  0.563544  
0.909928  0.414766  
0.690319  0.723515  
0.950956  0.309892  
0.601084  0.79919  
0.781006  0.624525  
0.718023  0.696129  
0.592002  0.806058  
0.893343  0.449381  
0.811496  0.584359  
1  2.95882e-15  
0.735085  0.677978  
0.725864  0.688269  
0.945628  0.325655  
0.552878  0.833264  
0.132371  0.9912  
0.522539  0.852677  
0.916058  0.401049  
0.862527  0.506014  
0.976575  0.215176  
0.855974  0.517021  
0.177315  0.984156  
0.542701  0.839927  
0.383497  0.92356  
0.398124  0.917332  
0.987194  0.159652  
1.17367e-11  1  
0.743502  0.668747  
0.994555  0.104219  
0.786771  0.617251  
0.979753  0.200211  
0.422361  0.906428  
0.153362  0.988171  
0.626326  0.779876  
0.751669  0.659542  
0.991562  0.129667  
0.794752  0.606935  
0.942738  0.33358  
0.618023  0.78616  
0.482952  0.875648  
0.583005  0.812469  
0.818908  0.573925  
0.561203  0.827681  
0.531559  0.847087  
0.645181  0.764031  
0.932219  0.361897  
0.954331  0.298752  
0.30523  0.952279  
0.610755  0.791908  
0.36932  0.929326  
0.236596  0.971609  
0.867615  0.497329  
0.983621  0.180252  
0.332015  0.943277  
0.659132  0.752027  
0.533175  0.846007  
0.702  0.712183  
0.976229  0.21678  
0.250103  0.96822  
0.980121  0.198459  
0.631679  0.775232  
0.996773  0.0803334  
0.959013  0.283375  
0.991791  0.127917  
0.711754  0.702432  
0.903059  0.429519  
0.420853  0.907131  
0.209248  0.977863  
0.602933  0.797798  
0.850219  0.526433  
0.486961  0.87348  
0.857681  0.514183  
0.744566  0.667551  
0.825165  0.564976  
0.541281  0.840846  
0.881434  0.472309  
0.933178  0.359417  
0.447652  0.894208  
0.169811  0.985494  
0.943871  0.330321  
0.286457  0.95811  
0.915935  0.401393  
0.73598  0.677003  
0.499352  0.866408  
0.783239  0.621725  
0.911115  0.412162  
0.983375  0.181589  
0.592136  0.805879  
0.97246  0.233073  
0.150167  0.988662  
0.362251  0.932129  
0.770107  0.637915  
0.126923  0.991913  
0.803937  0.594719  
0.432445  0.901661  
0.798565  0.601934  
0.269357  0.963041  
0.304335  0.952565  
0.726145  0.687646  
0.385969  0.922512  
0.375104  0.926983  
0.964745  0.264031  
0.19015  0.981755  
0.987891  0.15519  
0.998445  0.0560456  
0.760284  0.649595  
0.685556  0.728042  
0.102891  0.994694  
0.558978  0.829183  
0.23025  0.973132  
0.937353  0.348387  
0.409884  0.912139  
0.396903  0.917944  
0.675822  0.737073  
0.612618  0.790407  
0.994181  0.107726  
0.751253  0.660014  
0.648653  0.76121  
0.921475  0.388452  
0.954886  0.297666  
0.896976  0.442079  
0.0705232  0.997515  
0.52156  0.853337  
0.949063  0.31515  
0.836798  0.547565  
6.27781e-13  1  
0.907223  0.420655  
0.621458  0.783479  
0.639328  0.769093  
0.510587  0.859846  
0.928327  0.371773  
0.462009  0.886875  
0.776664  0.629918  
0.718224  0.695817  
0.810711  0.585451  
0.472505  0.881329  
0.317728  0.948193  
0.817481  0.575956  
0.832201  0.554484  
0.844286  0.535893  
0.792761  0.609777  
0.348196  0.937422  
0.876785  0.480903  
0.569297  0.822133  
0.87145  0.490486  
0.549226  0.835678  
0.864672  0.502396  
1  4.13655e-18  
0.667116  0.744956  
0.582959  0.812508  
0.889254  0.457712  
0.968553  0.248821  
0.692642  0.721307  
