22.2862  70.7538  776.369  
6.30929  15.3753  1219.61  
104.639  653.704  1112.07  
497.791  752.195  492.533  
79.7911  594.686  1289.32  
766.437  227.645  933.021  
1223.61  353.564  158.696  
170.49  338.933  693.445  
138.013  24.2657  1103.28  
278.194  276.449  976.461  
56.2739  425.404  1147.91  
320.271  821.602  504.879  
506.155  401.864  281.643  
320.666  855.458  817.139  
894.91  323.991  631.431  
456.859  353.015  684.551  
330.622  1004.52  606.146  
634.878  491.343  363.423  
478.878  132.497  857.503  
460.112  534.867  851.786  
596.174  109.172  898.91  
1010.83  147.538  783.535  
66.1172  167.261  1142.31  
365.696  362.917  876.586  
633.392  343.358  1004.69  
85.9117  167.463  1578.26  
998.523  50.5012  189.063  
362.861  325.238  1146.92  
120.468  361.358  1273.93  
316.302  57.1611  935.766  
183.385  712.906  483.171  
441.395  136.42  823.575  
505.88  879.937  665.372  
66.359  505.614  1172.91  
337.514  844.293  86.5985  
51.7098  93.3556  917.209  
513.854  371.417  869.671  
218.213  219.907  1095.46  
189.685  12.3775  764.15  
746.614  718.898  631.101  
444.389  538.873  841.902  
336.1  506.199  645.999  
206.917  45.8911  1030.9  
880.945  188.157  826.593  
994.537  218.403  300.541  
44.3957  763.126  1048.21  
190.284  507.357  829.385  
923.175  986.683  603.917  
75.5132  42.4262  1376.15  
859.998  69.5404  1130.87  
970.353  215.526  773.621  
606.499  727.803  300.981  
849.903  488.066  1108.42  
646.777  1228.9  484.536  
995.082  501.546  34.7272  
11.5161  362.988  1146.07  
1360.94  489.151  410.167  
539.268  793.526  228.804  
217.631  442.907  884.547  
864.037  599.44  383.617  
169.131  101.003  1047.67  
125.624  440.18  816.392  
11.8968  78.5374  1095.43  
6.77262  483.556  972.725  
644.644  551.576  921.459  
230.621  1074.8  379.445  
448.324  1098.39  40.2308  
290.677  153.328  1098.78  
909.025  801.484  237.062  
999.503  351.399  573.964  
853.341  147.818  465.552  
170.341  445.948  895.242  
1009.36  9.82913  685.314  
48.5623  223.487  740.358  
246.964  1078.17  494.174  
312.987  193.772  921.937  
864.047  59.9153  1205.66  
380.566  856.893  469.058  
1010.52  791.655  86.0663  
588.889  379.755  171.997  
865.681  406.594  325.323  
358.582  155.848  850.025  
378.567  38.0462  1165.46  
341.852  507.92  1267.55  
89.5047  1117.9  199.692  
805.641  363.028  910.468  
679.395  1225.7  226.187  
592.49  815.138  320.671  
266.096  211.345  1132.82  
190.951  170.125  870.946  
754.568  2.61194  1030.63  
12.4344  30.6382  916.996  
408.761  871.957  615.547  
1091.54  350.096  154.46  
493.2  152.535  1143.75  
443.223  679.746  851.996  
126.521  511.375  415.137  
123.051  77.2725  917.883  
105.072  115.518  1073.24  
40.9221  491.979  892.447  
1.65611e-15  4.64457e-14  758.998  
0.272713  66.6691  490.331  
2.8733e-15  3.25904e-14  534.305  
5.14741e-14  1.67253e-16  840.641  
3.64568e-14  6.23975e-15  604.042  
1032.69  0.00898851  76.6119  
45.6944  869.054  44.9642  
2.26044e-15  2.97462e-14  487.193  
592.584  20.7765  39.9932  
391.303  3.59043  90.6453  
1.19825e-21  2.81943e-14  460.448  
23.6562  52.6892  411.326  
3.30706e-14  7.10634e-16  540.208  
3.76954e-14  5.37408e-19  615.612  
814.086  3.63607e-05  14.7934  
63.4524  1008.13  0.00143643  
498.248  779.067  0.101324  
732.623  0.000147783  197.222  
40.8436  862.382  0.00312276  
0.764271  243.871  0.150556  
0.000350606  963.967  250.878  
2.48938e-17  1.1718e-14  191.37  
287.467  1.28395e-05  1.06413  
4.67182e-14  1.63764e-22  762.966  
2.04889e-21  3.40085e-14  555.401  
3.91482e-05  556.813  116.298  
2.45062e-21  1.91977e-14  313.522  
7.35514  109.791  0.606889  
9.19565e-15  6.57609e-20  150.176  
1.69968  565.372  0.349037  
557.791  0.00111293  3.14323e-08  
54.9811  0.0134604  175.074  
1.88106e-07  473.467  0.0228813  
1.07541e-14  2.3089e-15  179.63  
229.328  0.0190749  3.4032e-06  
1.14226  364.483  7.91668e-06  
374.27  9.34044e-06  0.0704765  
579.565  0.0202222  82.2453  
452.886  0.000439772  9.07875e-05  
3.20263  5.5406  382.028  
307.43  0.00482067  1.73241e-08  
5.06841  409.548  6.07811e-06  
27.1339  50.6245  95.1806  
203.461  5.08147e-05  0.0383125  
99.1943  0.000311498  0.861912  
1.41244e-06  281.751  0.0926693  
2.21902e-14  4.47616e-21  362.394  
0.0165269  142.825  0.0399218  
151.861  0.605206  0.000256583  
7.32793e-15  3.88213e-16  119.842  
5.54137e-14  1.36337e-19  904.975  
0.00468292  198.299  19.1006  
20.4265  153.856  2.30324e-06  
0.995857  243.454  0.000346203  
2.76627e-14  6.6708e-15  464.716  
12.3287  216.035  1.21937e-08  
0.00695496  253.99  1.1154e-05  
197.969  10.493  2.68806e-05  
0.000244596  201.883  0.00132146  
231.148  609.068  318.75  
4.03907e-23  2.15618e-14  352.132  
656.75  0.00992548  12.7509  
198.849  0.173249  0.000491598  
189.753  0.0366722  5.54657  
458.906  1.23774  6.81013e-06  
2.33071e-23  4.80649e-14  784.959  
333.687  2.09847e-06  0.935753  
22.4683  217.37  0.0783679  
499.121  0.00658506  108.376  
192.167  10.1805  0.567831  
3.36096  210.825  118.964  
119.827  0.18347  258.94  
0.0243968  549.623  0.255233  
44.5816  926.625  0.000857604  
341.751  0.805934  0.021742  
35.0716  336.726  0.00280897  
4.28919e-07  705.868  0.0341126  
2.67661  654.342  0.000930506  
1.07472e-21  2.52876e-14  412.978  
613.159  2.73864e-05  0.214123  
56.6625  992.894  5.6042e-08  
558.389  188.734  1.62337e-06  
188.827  1000.26  5.08088e-08  
2.16218e-17  2.10852e-14  344.348  
2.14001e-16  1.90473e-14  311.086  
3.43962  0.289636  399.147  
3.42145e-14  4.87783e-19  558.766  
2.37272e-14  5.15975e-16  387.586  
2.43976e-15  2.76729e-14  453.686  
6.99927e-15  1.19731e-14  226.496  
7.08228  71.2956  213.031  
337.77  0.119663  38.8464  
243.189  5.63582  123.648  
0.688979  75.0869  397.128  
498.892  70.1496  0.000716422  
66.3784  517.944  0.716363  
3.46124  504.2  140.903  
725  0.000371931  4.10703  
82.5906  792.961  0.0105917  
1.20363  909.178  12.8801  
582.654  1.91416  2.53595  
2.13463e-27  2.00167e-14  326.897  
1.10414e-14  180.32  22.2436  
3.74964  13.2516  111.642  
4.91248e-06  0  451.002  
3.05933e-14  1.00561e-30  499.626  
497.378  0.126145  0  
2.49365e-14  2.60627e-17  407.244  
6.80753e-31  1.11175e-14  181.563  
2.53288  0  314.647  
3.69143e-14  602.857  0  
4.60541e-11  577.298  0  
2.71628e-14  443.602  4.42946e-13  
47.94  244.928  0  
200.411  0  140.669  
0.00130964  419.129  0  
1.7377e-14  283.788  5.68003e-12  
3.1125e-15  8.88106e-15  153.688  
1.97216  393.721  0  
150.34  15.1237  0  
5.23107  118.019  27.6664  
154.335  3.65925e-16  0  
6.41788e-31  1.04812e-14  171.171  
7.58418e-15  123.859  2.47905e-12  
3.41901e-14  558.367  0  
123.479  1.64639  4.09436  
249.508  141.881  0  
5.37657e-14  106.399  24.9178  
141.763  9.57295e-15  0.71265  
118.077  27.3223  8.13554e-17  
6.36881  4.93957  63.6919  
6.30654e-11  573.461  0  
3.92855e-07  0  383.464  
126.689  0  33.1481  
5.81437e-15  2.12206e-16  95.019  
1.44616e-13  123.45  5.23939e-11  
148.153  3.51267e-16  4.47415e-11  
0.191996  1.09591  68.4983  
0.793683  87.4905  3.48994  
384.159  9.30245e-17  0  
2.56349e-11  411.913  4.15214e-14  
8.06842e-14  284.824  1.37155e-13  
57.8049  0.628366  0.106814  
7.33687e-15  7.53328e-15  171.734  
1.5143  409.772  0  
102.626  0.0086214  0.00151642  
2.78321e-14  9.14851e-31  454.533  
121.973  14.5251  0.00505055  
2.61485e-14  427.038  1.93761e-12  
2.46031e-14  1.66139e-30  401.799  
35.9163  0  152.098  
41.1096  80.0414  34.5917  
2.72514e-07  1.84022e-23  273.488  
1.64572  0.00487992  68.1989  
0.0283593  88.2636  1.33577  
2.40369e-14  392.552  2.94335e-13  
2.71632e-06  0  249.379  
1.81227e-14  15.4702  110.441  
6.46017e-12  546.102  1.28659e-16  
3.6495e-13  100.984  0.00415211  
27.5421  99.1311  0.0837528  
1.8981e-11  279.104  6.57553e-17  
4.60691e-11  418.912  0  
1.02371  1.96238  83.4569  
2.42542e-13  207.043  2.08703e-14  
53.5774  227.332  6.46897e-17  
4.40282e-14  87.1291  78.6519  
370.734  0  5.0745e-15  
0.202632  0  222.543  
30.8942  108.958  0  
22.5261  315.137  0  
29.2147  173.372  0  
9.06893e-28  9.7181e-15  158.709  
222.344  0  6.53754  
119.335  31.8588  44.0396  
357.779  0  5.38865e-14  
3.42836e-08  0  992.827  
9.1984e-08  0  755.049  
146.16  0.0137158  0.0640018  
7.38867e-17  9.569e-15  156.278  
1.66617e-07  0  548.23  
3.7519e-11  360.836  2.35584e-17  
157.026  0.24981  3.46067e-12  
1.34936e-07  0  655.654  
1.09832e-14  179.369  1.68709e-11  
132.799  0.958029  0.621275  
34.323  121.3  1.88275e-13  
17.904  0.199678  127.824  
144.863  8.44275e-13  30.8634  
141.644  0.035724  34.2581  
135.928  0.0902739  3.28484e-07  
161.68  0.00396863  0.0960522  
63.6706  0.0986023  155.504  
6.07632e-11  137.911  3.24911e-17  
0.852064  9.59631  111.26  
293.12  1.97937e-14  0.0906928  
178.38  0.0539806  4.94065e-17  
417.682  9.90315e-16  0.000721472  
136.743  0.47323  86.1724  
608.067  0  9.15833e-14  
2.6534e-14  433.333  0.00863377  
0.0709187  74.8552  0.493136  
1.80193  1.43523  87.4427  
138.077  15.1439  0.0249885  
2.18171e-14  77.0169  10.5506  
1.62483e-15  6.33382e-15  106.789  
3.18943  0.0672646  54.6439  
0.0669131  0  81.3201  
7.84416e-15  0  128.105  
6.73685e-15  1.77683e-18  110.021  
4.99679e-31  8.16038e-15  133.269  
3.52148e-15  2.80486e-15  73.5234  
3.18468e-17  4.87396e-15  79.5995  
1.725  62.9725  0.0799748  
1.15415e-14  188.488  1.07672  
3.43074e-13  246.196  0.00193386  
1.81961e-14  297.165  0  
1.38792e-14  226.664  0.00451607  
95.3132  0  0  
1.003e-17  5.69865e-15  93.0662  
77.2303  0  2.5696  
6.29714e-14  17.4246  70.314  
0.00106218  3.70173e-06  51.038  
1.16188e-14  22.9929  46.8289  
94.5618  2.28983e-17  2.57015  
5.83044e-08  91.3237  2.54839e-06  
72.1386  0.378181  0.00612154  
1.94509e-15  3.84922  47.5044  
4.26719e-15  1.12546e-18  69.6885  
58.6901  2.14629  0  
47.6437  49.4198  0.00176272  
83.0183  2.0103e-17  0.00099885  
1.05538e-07  46.2055  27.0978  
2.58316e-13  71.4775  0.000561453  
66.378  0.572457  0  
52.1203  0.124654  0.00937631  
91.6667  7.37197  0.000722363  
81.8761  0.0488723  5.30084e-07  
3.26993e-15  1.11822e-16  53.4333  
0.0495764  45.0716  2.01669  
7.57567  45.5772  27.0961  
0.213285  0.00114117  35.7274  
43.6814  0.000174703  21.5533  
29.4288  0.0272822  0.414587  
0.00632657  1.1702  32.0986  
27.5689  13.827  2.24285  
179.495  0  0.0469079  
50.3433  2.73297  0  
3.06804e-14  60.7147  0.000614726  
0.896032  32.7104  1.03266  
0.321877  5.05341e-20  45.4302  
2.34992  0.127569  44.7575  
41.3037  0.753111  0.0109306  
0.000213211  0.000952759  46.9122  
6.40016  38.3426  30.4714  
8.549e-05  3.02784  41.184  
35.1935  24.4462  0.000553506  
3.1303  0.0660177  53.6309  
0.0732196  36.0007  2.60408  
48.2788  7.57969e-18  0.0721378  
63.0172  7.86198  0.0650657  
82.5985  7.86155e-05  31.0279  
5.70092e-15  93.1031  0.001855  
0.205532  0.0971987  34.3966  
30.0199  32.9734  0.0051544  
11.9156  45.7892  0.00851169  
87.0305  1.88895  0.0106872  
0.0563534  54.033  0  
5.81812e-15  95.0171  0  
3.44218e-15  56.2151  2.05831  
1.79614e-14  63.4059  1.00244  
0.000549732  0.270293  36.697  
7.60568e-24  3.32983e-15  54.3803  
2.22806e-15  2.89173e-15  59.6176  
0.427838  72.0859  0.00185109  
41.9191  0.177228  25.9697  
79.2739  5.69544e-18  0.189042  
4.29039e-15  0  70.0674  
60.8343  0  7.39319  
3.89783e-31  6.36563e-15  103.959  
0.0476515  51.7207  0.360127  
41.5292  1.51245  1.36991  
0.0175206  70.8868  0.00591138  
49.5535  1.69458  4.88559  
1.33692e-15  4.28677e-15  73.334  
58.036  0.000136498  0.910629  
66.4436  15.9835  0.012294  
1.33796  48.8433  1.54197  
2.58526e-14  91.2625  1.05505  
0.088984  43.4044  30.0552  
0.0721822  57.6547  0  
29.2395  48.5077  0.106739  
4.26492e-15  69.6514  2.55028  
68.9313  18.9078  0.000561453  
62.3934  0.892611  0.758668  
6.77234e-08  106.077  2.96008e-06  
94.0701  0  38.3132  
98.8405  0  0  
2.40604e-14  47.614  0.00336423  
1.62974  0  73.2453  
37.805  1.20418  0  
4.23432  21.3886  0.00030225  
7.57307e-07  9.65964e-05  38.0368  
31.1634  4.8926e-18  0.992634  
20.3445  11.8926  7.24852e-08  
0.0148068  16.2697  9.91601  
9.01455e-05  0.00036586  18.8609  
1.92853e-05  5.17838e-08  33.1226  
6.15948e-15  100.592  6.85823e-07  
1.10145e-05  0.0407867  16.5226  
0.260892  17.169  2.33926  
10.108  0.0334579  13.2016  
0.0918021  20.1304  0.00103634  
3.74363  10.9661  0.144373  
0.0257998  13.4258  9.56669  
5.00141  0.119536  11.3698  
35.1696  5.52155e-18  0.00805741  
1.06556e-13  36.1474  4.25845e-05  
20.6398  0.000711303  6.9181  
0.0363474  21.3586  0.0900749  
8.20927  10.5009  0.00187328  
1.03207  28.8858  1.72054e-10  
0.0492285  8.07581  2.81446  
11.9643  13.8341  4.21795e-07  
0.000137892  25.4777  0.00789747  
7.49172e-15  26.4466  0.00401084  
1.00858e-05  1.62635e-07  17.3246  
0.0836365  0.16896  8.58112  
3.77209e-05  30.9251  0.0160202  
2.05287  23.709  7.31996e-08  
5.85876  0.00656482  12.5574  
0.000878254  0.000457323  14.5431  
0.00943795  5.20602  8.06831  
0.0019067  0  39.4962  
20.0848  9.26683  0  
13.5935  11.0659  4.04226e-07  
6.68396  8.2746  4.04058e-05  
49.2855  0.000103313  0  
3.90705e-08  47.019  0  
12.3128  0.658337  0.00107137  
2.13999e-31  3.49486e-15  57.0754  
0.753279  24.2197  9.25204e-06  
9.8867e-05  18.2673  0.0415588  
3.61509e-06  3.29305e-06  19.5106  
2.44258e-08  28.5848  5.87665e-08  
3.92947e-08  4.31771e-05  16.4473  
0.00338721  8.51126  0.00019375  
0.348625  11.117  0.000492977  
22.3891  3.51505e-18  0.000226007  
54.1987  7.90803e-07  1.08919e-06  
4.05294  1.7095  7.35901  
1.33246e-14  26.3686  4.91402  
16.1448  0.000809355  1.23019e-07  
7.87778  3.32279  0.614808  
31.1981  3.32809e-05  3.0101e-08  
8.05238  0.00785215  0.108989  
6.22319  3.35255  2.26214  
0.209274  0.0384676  7.66273  
10.5412  2.75137  0.000482862  
3.70386  6.69687  3.06881  
1.35491e-06  0.0218059  8.83351  
6.40514  18.3925  1.49457e-07  
1.34395e-15  3.81803e-16  22.8169  
7.23668  0.0784574  3.73965  
0.0147231  1.82262  8.4301  
7.70511  7.33807  6.95436e-05  
14.7981  1.09713  4.2866  
0.00119599  20.0791  7.65538  
17.8213  2.7979e-18  0.303508  
0.00210296  0.0670596  12.1739  
0.00294008  20.9902  0.0224524  
34.9325  0.173849  0  
39.2983  1.22293e-05  3.79164e-08  
4.04108  2.90332e-19  21.1755  
7.40922e-05  33.3046  0  
21.0564  3.6928  0.000296346  
13.9857  13.541  1.49459e-07  
27.3771  0.952303  5.0431e-08  
26.11  1.87587e-18  18.4959  
33.1894  2.76821  0  
37.9879  0  5.70059e-06  
0.0656205  33.1803  0  
2.11713e-15  34.5754  3.1155e-05  
1.41514e-14  49.9562  0  
71.0807  0  0  
2.99042e-15  48.8373  3.69154e-07  
4.97517e-15  81.2506  0  
7.11398  0  27.6031  
34.3664  2.46906e-18  0.880511  
23.2704  0.66104  1.02143e-07  
32.2273  0  6.05475  
26.9254  0  15.5705  
7.07744e-16  1.94089e-15  33.7387  
37.4418  0  1.45271  
2.23417e-15  6.75634e-24  36.4867  
1.04363e-05  0  83.7617  
23.9704  0.00114728  1.82648e-07  
4.13636e-05  2.47793e-05  18.9861  
3.3137  0.864916  10.3399  
11.4529  6.18255  3.88387  
5.91499e-10  7.114e-08  1  
0.912236  0.409666  7.00299e-08  
0.606201  0.795311  4.15589e-07  
0.386209  0.67054  0.633419  
0.830291  8.24381e-06  0.557331  
0.857416  4.3959e-06  0.514625  
0.796484  0.60466  3.90937e-08  
0.649431  0.388025  0.653969  
0.657557  0.000589767  0.753405  
0.692403  4.4595e-06  0.721512  
0.32362  0.497912  0.804583  
0.407692  0.91312  2.83515e-07  
0.429806  0.864715  0.259875  
0.810373  0.475599  0.342202  
0.218547  0.975827  7.66093e-09  
0.495973  5.58383e-06  0.868339  
0.585205  0.725194  0.362808  
0.307046  0.420422  0.853797  
0.447808  0.59826  0.664495  
0.726902  1.83601e-06  0.686742  
0.839377  0.37615  0.392375  
0.932933  0.270692  0.237408  
0.419633  2.67309e-06  0.907694  
1.56617e-07  0.594423  0.804153  
0.708056  0.344454  0.616449  
0.53998  0.841678  5.10157e-08  
0.759403  4.83583e-06  0.650621  
0.889034  0.324918  0.322563  
3.34367e-07  0.75411  0.656749  
1.94763e-07  0.193589  0.981083  
1.19156e-06  0.933969  0.357355  
0.507271  0.301252  0.807418  
0.546009  0.482072  0.685191  
0.352743  0.601977  0.716377  
0.48046  0.423588  0.767941  
0.565103  0.693968  0.446171  
0.795636  3.71199e-06  0.605776  
0.590338  0.350583  0.727045  
5.95319e-07  0.954183  0.299224  
1.73094e-07  0.431653  0.90204  
0.707919  0.706293  8.8216e-08  
0.335729  2.1379e-06  0.941959  
0.658056  0.637055  0.401405  
1.22997e-06  0.877928  0.478793  
0.532086  0.653423  0.538445  
0.66324  0.748407  4.8931e-07  
6.23201e-07  0.652298  0.757963  
2.12798e-08  0.488194  0.872735  
2.23042e-06  0.849666  0.527321  
0.487671  0.730664  0.477816  
0.335468  0.88368  0.326453  
0.455881  0.262345  0.850499  
0.937892  4.80111e-05  0.346929  
0.717472  0.593702  0.364353  
6.96624e-06  0.699259  0.714869  
0.409172  0.379817  0.829649  
0.473778  0.808529  0.349021  
0.569376  0.570899  0.591511  
0.970502  4.3538e-06  0.241095  
0.768303  0.557296  0.314851  
0.291691  0.564359  0.772279  
2.89792e-07  0.29154  0.956559  
0.766985  0.308141  0.562835  
1  5.07556e-06  3.0346e-10  
0.752924  0.447138  0.482882  
0.481625  0.876377  4.96521e-08  
0.875715  0.482828  1.41636e-07  
9.8353e-07  0.977605  0.210451  
6.89979e-07  0.540822  0.841137  
0.975341  0.220703  5.85488e-07  
0.306773  0.338188  0.889675  
5.6376e-07  0.903601  0.428376  
0.620002  6.15589e-06  0.784602  
0.218  2.29308e-06  0.975949  
0.945897  0.324468  9.83663e-08  
0.91271  1.0336e-06  0.40861  
0.840354  0.542039  1.54017e-06  
0.613189  0.481893  0.625923  
0.445246  0.789552  0.422332  
0.306309  0.723238  0.618952  
0.621777  0.609783  0.491486  
0.751745  0.659455  1.41382e-07  
2.03015e-07  0.802805  0.596242  
0.681603  0.504812  0.529701  
0.275948  0.8221  0.498006  
0.559628  0.000501934  0.828744  
0.683099  0.678659  0.269811  
0.888586  0.000796979  0.45871  
0.283245  0.249717  0.925967  
0.324192  0.945991  9.46956e-10  
9.531e-07  0.364794  0.931089  
0.552445  0.773301  0.311144  
0.268443  0.926183  0.264846  
0.277715  0.658605  0.699367  
0.345014  0.848148  0.402009  
0.346398  0.763854  0.544552  
0.860155  0.444935  0.249336  
0.448189  0.505742  0.737124  
0.821729  0.28845  0.491486  
1.82745e-06  1  6.77142e-07  
0.821826  2.97512e-07  0.569738  
0.498701  0.315527  0.807304  
0.41931  0.293875  0.858963  
0.210118  0.977676  1.05435e-13  
0.402115  0.416011  0.815621  
3.83543e-17  4.77321e-17  1  
3.80326e-06  0.595898  0.80306  
0.784599  1.07358e-11  0.620004  
0.512022  0.616457  0.598175  
4.46373e-06  0.73137  0.681981  
0.281852  0.959458  1.13971e-09  
0.794395  0.304512  0.525556  
0.920772  0.279823  0.271806  
0.749248  0.000147645  0.66229  
0.299935  0.435277  0.848866  
1.53283e-08  0.951925  0.306332  
0.564257  0.679346  0.469152  
4.89093e-06  0.801365  0.598176  
0.411043  0.494883  0.765594  
0.941427  0.000185515  0.337216  
0.619191  0.78524  1.05435e-13  
0.345946  0.590772  0.72891  
0.935283  0.353137  0.0232354  
0.714624  0.000860633  0.699508  
0.355629  0.934627  4.54381e-15  
0.788724  0.614748  1.33073e-13  
0.673264  0.471413  0.569636  
0.917238  2.35497e-08  0.398339  
0.418222  0.705863  0.571706  
0.893632  4.22259e-06  0.448801  
0.869067  0.285082  0.404291  
0.61033  0.315654  0.72654  
0.801408  0.518659  0.297889  
0.321532  0.801862  0.503622  
8.93689e-10  0.472395  0.881387  
0.636186  0.653068  0.410815  
0.56681  0.00074668  0.823848  
0.292543  0.732751  0.614406  
1.06455e-08  0.828716  0.559669  
0.961125  0.000189397  0.276114  
1.62314e-05  0.245838  0.969311  
0.290529  0.656718  0.695927  
0.567404  0.823439  1.33073e-13  
3.50963e-06  0.399003  0.91695  
0.712348  0.377684  0.591537  
0.517276  0.855819  1.33073e-13  
0.714366  0.699772  1.33073e-13  
0.523528  4.93953e-12  0.852008  
0.817017  0.400435  0.414893  
4.581e-05  0.693829  0.720139  
1  9.43507e-12  5.72349e-15  
2.57661e-06  0.761594  0.648054  
0.508468  0.498081  0.702407  
0.819159  0.573567  5.15738e-08  
0.312313  0.876385  0.366619  
0.456566  5.34211e-06  0.889689  
0.658943  0.32296  0.679331  
0.544605  0.369468  0.752927  
1.22817e-08  0.894931  0.446205  
0.584821  0.492567  0.644486  
0.373449  0.000467801  0.927651  
0.625193  1.37235e-05  0.78047  
0.878397  0.477931  1.42585e-08  
0.983606  0.180288  0.00383113  
0.413807  0.910365  1.25767e-15  
0.719746  0.619063  0.314208  
0.98456  3.1755e-05  0.175048  
4.75624e-06  0.540727  0.841198  
0.683896  3.23154e-06  0.72958  
0.438877  0.757347  0.483541  
0.676744  0.555162  0.483541  
0.00184613  0.922978  0.384848  
2.92108e-06  0.332091  0.943247  
1.38658e-08  0.861099  0.508438  
0.405942  0.645415  0.647032  
0.317035  0.307984  0.897014  
0.659937  0.751321  8.05907e-14  
0.535343  0.720235  0.441214  
0.387298  0.831436  0.39839  
0.278239  0.562339  0.77869  
4.27098e-08  0.980005  0.198975  
0.742437  0.446516  0.499411  
0.725404  0.542859  0.423193  
0.645283  0.713324  0.273457  
0.856279  0.40995  0.314208  
0.914106  0.405475  7.14251e-07  
0.853719  4.03399e-06  0.520733  
0.488065  0.808153  0.329668  
0.592511  0.587586  0.551066  
0.959877  0.280422  1.33073e-13  
0.47257  0.881293  1.33073e-13  
0.850941  0.525262  4.54381e-15  
0.580209  0.76505  0.279383  
0.450652  0.571504  0.685782  
1.63042e-13  1  2.62936e-14  
0.353935  0.889653  0.288527  
0.298432  3.49184e-06  0.954431  
0.205394  0.000282627  0.978679  
0.747777  0.66395  1.28792e-13  
4.2641e-05  0.645832  0.763479  
0.362651  0.86998  0.334094  
0.525839  3.92943e-09  0.850584  
0.451891  0.892073  4.94536e-10  
0.900934  0.000807247  0.433956  
4.99352e-05  0.35098  0.936383  
2.1711e-06  0.888393  0.459182  
0.775628  9.48097e-08  0.63119  
0.256614  1.86833e-05  0.966514  
0.339128  0.66328  0.667305  
1  4.68977e-16  1.58226e-16  
0.793081  0.532498  0.29575  
0.423359  0.781031  0.459182  
0.974763  0.223244  6.70333e-18  
0.422562  0.35659  0.833238  
0.282022  0.740196  0.610387  
0.828087  0.450169  0.334094  
0.3505  0.293493  0.889388  
2.18823e-11  0.270204  0.962803  
0.700186  0.703526  0.121621  
0.500168  0.645339  0.577381  
0.870698  4.66406e-05  0.491818  
0.319565  0.83873  0.44092  
0.666238  0.745739  8.07231e-12  
0.605309  0.67496  0.421937  
8.61811e-05  0.955265  0.29575  
6.72257e-15  1  6.70333e-18  
5.01447e-15  0.745916  0.66604  
0.000432032  0.980986  0.194077  
0.753538  0.657404  1.13315e-16  
0.617522  0.786554  8.98795e-09  
0.6843  1.63439e-10  0.729201  
3.15231e-15  0.821773  0.569822  
0.58006  0.748418  0.321559  
0.511316  0.791794  0.334094  
0.920855  0.389905  1.50087e-05  
0.853576  0.300765  0.42538  
0.651173  0.616081  0.443192  
0.39263  0.726318  0.564185  
4.19374e-05  0.930843  0.365419  
0.658427  0.674429  0.334094  
0.73832  0.47837  0.475442  
1.26411e-06  0.555612  0.831442  
3.01611e-15  0.786268  0.617886  
0.304625  0.612627  0.729309  
2.59084e-15  0.675404  0.737509  
0.930926  2.22343e-10  0.365207  
0.801487  0.309224  0.511858  
2.71814e-15  0.708588  0.705674  
0.721647  0.387904  0.573373  
0.813746  0.581221  1.13315e-16  
6.05061e-17  9.40302e-18  1  
0.313453  0.949604  3.58267e-14  
0.380548  2.83795e-05  0.924761  
0.457153  1.70444e-15  0.889388  
0.722447  0.272102  0.635634  
0.787724  0.422313  0.448489  
1.19495e-05  0.606104  0.796157  
0.948928  0.315492  3.58267e-14  
0.516907  0.701168  0.491091  
0.90835  0.298977  0.292426  
0.639451  0.478352  0.601898  
0.71375  0.554285  0.428169  
0.963453  1.17769e-07  0.267876  
0.554042  0.520953  0.649343  
0.502895  0.268695  0.821523  
0.463578  0.838527  0.2863  
0.587694  0.413425  0.695482  
0.400191  0.916432  4.94536e-10  
0.318996  0.905897  0.278556  
0.867996  0.496571  0.000515829  
0.27676  0.396879  0.875152  
0.528629  0.848853  2.53927e-05  
0.643085  1.32112e-08  0.765795  
0.73565  0.598321  0.317539  
5.73201e-15  0.852651  0.522481  
0.843949  0.536423  1.13315e-16  
0.328939  0.789107  0.518757  
0.574799  0.818294  6.38091e-09  
0.588071  2.12783e-07  0.808809  
0.601461  0.569048  0.560739  
0.980353  8.88235e-06  0.19725  
0.893975  0.448116  1.58226e-16  
2.66726e-15  0.396762  0.917922  
3.68225e-11  0.454686  0.890652  
1.31439e-15  0.195519  0.9807  
0.870197  0.368957  0.326539  
0.73221  5.33099e-05  0.681079  
0.840109  4.39202e-05  0.542417  
0.484554  0.418292  0.76827  
2.43454e-15  0.634658  0.772793  
0.452288  0.539326  0.710326  
0.33471  0.476919  0.812722  
0.211868  0.977298  4.38355e-15  
0.368713  0.52874  0.764516  
0.241719  0.258843  0.935186  
0.645026  0.38093  0.662445  
0.80662  2.72042e-10  0.591071  
0.568572  0.302506  0.764994  
3.42685e-15  0.509753  0.860321  
0.788887  0.614536  0.00146245  
0.348184  1.62564e-08  0.937426  
0.771949  4.14236e-07  0.635685  
0.655494  0.679047  0.330489  
3.66316e-05  0.465572  0.88501  
0.434919  0.456177  0.776369  
0.268142  0.29377  0.917496  
0.260653  0.880528  0.395891  
0.934147  0.35689  1.12814e-20  
0.536263  0.328805  0.777373  
0.00199132  0.632776  0.774333  
2.01278e-17  0.328712  0.94443  
0.71756  0.000299285  0.696496  
0.344054  0.658188  0.669638  
0.739564  0.673087  5.26259e-05  
1  3.95522e-20  1.12814e-20  
0.89498  1.90341e-06  0.446106  
0.33977  0.401201  0.850643  
5.82473e-17  0.95125  0.308422  
0.45392  0.752872  0.476593  
6.20629e-05  0.88997  0.45602  
0.90318  0.429261  4.42061e-06  
0.958037  0.286645  0.000492951  
0.540052  2.13602e-20  0.841632  
0.51541  0.856943  1.12814e-20  
0.976234  2.94069e-06  0.216721  
0.647919  0.761709  1.12814e-20  
0.604868  0.415178  0.679531  
0.983544  0.180667  1.12814e-20  
4.2263e-05  0.537145  0.84349  
0.603946  0.728013  0.324417  
0.53723  0.744185  0.396954  
6.32308e-05  0.781041  0.62448  
0.554357  0.605139  0.571398  
4.27566e-06  0.671629  0.740888  
0.422082  3.07066e-05  0.906558  
0.510429  0.467302  0.721866  
0.492877  1.2173e-07  0.870099  
0.579078  5.43227e-09  0.815272  
0.518419  0.798717  0.305439  
0.333358  0.9428  1.12814e-20  
0.829502  0.456913  0.321182  
1.55269e-17  5.9231e-17  1  
0.0085102  0.583159  0.812314  
7.95484e-05  0.9826  0.185734  
0.832847  3.29409e-20  0.553503  
7.22524e-05  0.918297  0.395891  
0.264453  3.14214e-07  0.964399  
3.20698e-05  0.407593  0.913163  
0.373069  0.825104  0.42429  
6.12323e-17  1  0  
0.494414  0.682792  0.537912  
0.877194  0.262456  0.402055  
0.00065285  0.713147  0.701014  
0.813342  0.379877  0.440644  
0.714473  0.355806  0.602437  
0.664873  1.64209e-07  0.746956  
0.690006  0.262401  0.674564  
0.778604  0.627515  0  
0.347231  0.575918  0.7401  
0.491282  0.537457  0.685407  
0.872156  0.489227  3.17448e-05  
0.445042  0.637017  0.629401  
0.321644  0.734679  0.597321  
0.747887  0.567875  0.343776  
1.89257e-13  0.250226  0.968187  
0.000749766  0.819014  0.573773  
0.314962  0.781782  0.538159  
0.471234  0.307026  0.826846  
0.315093  0.489466  0.813105  
5.27067e-17  0.860766  0.509001  
0.71871  0.636164  0.280627  
0.395019  0.259639  0.881219  
0.954034  3.77341e-20  0.299699  
0.28115  0.562535  0.777501  
0.92185  1.96055e-06  0.387547  
0.628881  1.5532e-07  0.777501  
0.458168  0.888866  1.12814e-20  
0.776106  0.306938  0.550862  
0.410606  0.865139  0.287986  
0.678215  0.472977  0.562424  
0.608259  0.793738  1.12814e-20  
0.810187  0.586171  0.000177414  
0.64631  0.588215  0.486092  
0.918141  0.281218  0.279167  
0.627789  0.312638  0.712838  
0.398996  0.916953  1.12814e-20  
0.570159  0.821534  1.12814e-20  
0.229356  0.973343  1.12814e-20  
0.197594  1.4375e-05  0.980284  
0.73015  0.519328  0.444049  
0.804373  0.00028257  0.594124  
0.839714  0.543029  1.12814e-20  
0.6033  0.520829  0.603958  
0.607003  0.643385  0.46648  
0.263279  0.917731  0.297411  
0.782635  0.455477  0.42429  
0.861455  1.47155e-06  0.507834  
8.94082e-06  0.749205  0.662338  
0.693948  0.720025  0  
0.884429  0.352835  0.305439  
0.766856  0.00615221  0.641789  
0.323486  0.829401  0.455468  
0.66745  0.686942  0.287439  
0.00120833  0.485623  0.874168  
0.283279  0.543689  0.790035  
0.532059  0.462137  0.709466  
9.49403e-06  0.804466  0.593999  
0.261409  0.239567  0.935025  
0.200642  1.28636e-09  0.979665  
0.729824  0.623224  0.280977  
8.13945e-11  0.838688  0.544612  
0.836933  0.000148226  0.547306  
0.000584322  0.941803  0.336165  
0.544825  0.83855  2.03384e-05  
0.734962  0.678108  8.61935e-08  
0.786466  0.540968  0.298036  
0.933185  0.000221049  0.359397  
0.580501  0.777012  0.243456  
0.957865  0.000226895  0.287217  
0.905697  2.90284e-07  0.423925  
0.00360776  0.978483  0.206295  
0.274388  0.68939  0.670412  
5.40306e-11  0.709094  0.705114  
0.644691  0.344793  0.682269  
0.691513  0.428417  0.581608  
0.303779  3.37706e-05  0.952743  
0.87448  3.45876e-20  0.485062  
0.433969  0.900928  1.0566e-08  
0.653349  0.757057  7.2865e-09  
0.691641  8.54106e-09  0.722242  
0.794629  0.40905  0.448601  
3.27039e-11  0.429203  0.903208  
0.805974  0.591951  2.64005e-09  
0.350176  0.611417  0.70961  
0.483315  0.816852  0.314896  
0.839098  0.543981  2.73427e-09  
9.73384e-06  0.600345  0.799741  
1.82132e-11  0.250664  0.968074  
0.478916  0.701439  0.527848  
0.902661  0.28223  0.324883  
0.406779  0.773542  0.485967  
0.728999  0.476009  0.491911  
0.735368  2.76529e-07  0.677668  
0.607237  0.794521  1.0566e-08  
6.12323e-17  1  0  
0.845484  0.435229  0.309406  
0.60051  0.000243755  0.799617  
0.477176  0.5682  0.670412  
0.584017  0.3138  0.748635  
0.827154  0.279035  0.487808  
0.695402  0.718621  1.5763e-09  
0.577735  0.676296  0.456996  
0.599704  0.460881  0.654174  
0.492561  0.870278  1.44615e-07  
6.69228e-11  0.87829  0.478129  
0.305661  0.952141  2.64005e-09  
0.76928  0.638912  8.61935e-08  
0.598029  0.722938  0.346007  
0.40728  0.333529  0.850224  
0.443926  0.409585  0.796976  
0.869749  0.493494  2.64005e-09  
0.977351  2.97948e-05  0.211627  
0.771025  0.335216  0.541434  
0.7709  0.503369  0.3903  
0.712044  0.308714  0.630625  
0.378856  0.000119475  0.925456  
0.555372  0.580225  0.595736  
5.91083e-17  1.59877e-17  1  
0.632583  0.549451  0.545841  
0.901563  0.432648  2.61648e-09  
4.18889e-11  0.549747  0.835331  
0.510215  0.327507  0.795248  
0.307228  0.449978  0.838529  
2.70179e-11  0.354581  0.935025  
0.549783  3.52479e-09  0.835307  
0.962172  0.272441  8.61935e-08  
0.497369  3.18875e-09  0.867539  
0.608656  0.631889  0.479849  
6.90893e-11  0.906723  0.421727  
0.37296  0.927847  7.2865e-09  
0.337417  0.761562  0.55333  
0.228407  0.973566  2.57376e-09  
0.805465  0.000142653  0.592643  
0.985892  0.16738  1.60525e-06  
0.688705  0.598197  0.409691  
0.398712  0.669101  0.627162  
0.441191  2.82858e-09  0.897413  
0.856792  0.317182  0.406575  
7.32695e-11  0.961584  0.27451  
0.3101  0.344274  0.886179  
0.420962  0.873926  0.24299  
7.74032e-06  0.655867  0.754877  
0.927363  0.374162  2.73427e-09  
0.512128  0.753072  0.413045  
0.38772  0.518971  0.761802  
5.81704e-11  0.763424  0.645897  
1  3.95522e-20  1.12814e-20  
0.647426  5.26436e-06  0.762128  
0.284141  0.915432  0.28504  
0.338482  0.862772  0.375572  
0.488395  0.68035  0.546438  
0.581728  0.813384  1.59781e-06  
2.23682e-20  6.12323e-17  1  
0.514023  1.62605e-11  0.857777  
0.000230756  0.631688  0.775223  
0.318601  0.900109  0.297148  
0.000166277  0.501158  0.865356  
0.446551  0.493751  0.746191  
0.917778  0.265663  0.295139  
0.660668  0.327842  0.675306  
0.38805  0.719366  0.576133  
0.447231  0.762655  0.467271  
0.338668  0.4783  0.810267  
0.000135464  0.408287  0.912854  
0.00151658  0.832006  0.554765  
8.57103e-15  0.871819  0.489827  
0.718178  3.73216e-10  0.695859  
0.203108  4.83256e-12  0.979156  
3.78923e-05  0.593069  0.805151  
0.872792  0.260005  0.413077  
0.757326  0.653013  0.00556338  
0.519312  0.808535  0.276743  
0.300079  0.424593  0.854209  
0.826492  3.81909e-11  0.562949  
0.432487  0.34335  0.833706  
0.981172  0.193136  1.12814e-20  
0.376721  0.607421  0.699372  
0.754855  0.395527  0.523213  
0.322756  0.769876  0.550562  
0.809223  0.507987  0.295139  
0.862323  0.394384  0.317587  
4.00295e-05  0.459556  0.888149  
0.536127  0.844137  1.59781e-06  
0.721722  0.537224  0.436472  
0.722768  0.69109  5.59153e-14  
0.83535  0.283685  0.470865  
0.657209  0.701225  0.276333  
0.80265  0.462969  0.37605  
1.99872e-12  0.291684  0.956515  
0.00039688  0.675191  0.737643  
0.671186  0.630648  0.389605  
0.940664  1.58889e-11  0.339341  
0.27987  0.813975  0.509035  
0.219196  0.975681  5.11085e-11  
0.569318  1.4439e-11  0.822117  
0.00954836  0.539883  0.841686  
0.721175  0.307744  0.620645  
0.555057  0.59467  0.581618  
0.291787  0.956483  3.79925e-09  
0.425837  0.9048  0  
0.446467  0.854555  0.265335  
0.454628  1.29718e-12  0.890681  
0.375383  8.93152e-12  0.92687  
0.778826  3.57384e-10  0.62724  
0.485644  0.874157  4.63157e-09  
0.784125  0.277662  0.555025  
0.934296  0.356499  1.80527e-12  
0.618346  2.44569e-20  0.785906  
0.643747  0.550475  0.531571  
0.437377  0.636101  0.635671  
0.503121  0.543595  0.671844  
6.67146e-05  0.201077  0.979575  
0.838226  0.545322  0  
0.911498  3.87275e-12  0.411303  
0.519028  0.328576  0.78908  
6.12323e-17  1  0  
0.244608  0.306484  0.91991  
0.757058  2.99433e-20  0.653348  
0.394022  0.832087  0.390357  
0.589099  0.656695  0.470865  
0.000273436  0.799691  0.600412  
0.683662  0.477463  0.551938  
0.564737  0.397579  0.723189  
0.321972  0.567436  0.757859  
0.546932  0.730988  0.40807  
1  3.95522e-20  1.12814e-20  
0.605153  0.284814  0.743419  
0.000110937  0.710316  0.703883  
0.601251  0.465094  0.649758  
8.94488e-16  0.942151  0.335189  
0.289259  0.682906  0.670797  
0.800545  0.599262  0.00360565  
0.000448338  0.762734  0.646713  
0.293443  0.853449  0.430716  
0.000537139  0.913806  0.406151  
0.680718  1.61964e-11  0.732546  
0.857369  0.00732374  0.514651  
0.868909  0.494972  0  
0.592638  0.740657  0.316557  
0.626333  0.779556  5.6819e-07  
6.62909e-12  0.967418  0.253184  
0.367638  0.929969  0  
0.373531  0.302459  0.876923  
0.958027  0.286677  1.12814e-20  
0.885167  3.50103e-20  0.465274  
0.740148  0.587602  0.326964  
0.295055  8.41872e-13  0.95548  
0.676443  0.736495  8.47715e-09  
0.967436  0.000293235  0.253117  
0.904217  0.427072  0  
