2.493  0.806293  
0.423638  4.10785  
1.52116  1.74581  
4.12895  0.36143  
0.212397  4.06233  
0.881873  2.75674  
4.81862  0.353175  
5.15397  0.156247  
4.24749  0.421723  
2.61075  0.81653  
4.7399  0.400046  
2.9677  0.83993  
4.31088  0.117155  
0.401534  2.81714  
4.62117  0.188233  
0.231725  3.52926  
3.36254  0.414532  
3.45511  0.453244  
3.20907  0.647997  
0.865506  2.68002  
5.30349  0.0818012  
2.25735  0.538362  
2.72541  0.443903  
2.36835  0.497052  
2.64347  0.965519  
2.93574  0.582557  
3.85301  0.454358  
2.10433  1.06301  
0.553387  3.71534  
2.08009  1.8657  
1.25339  2.3821  
3.13255  0.709101  
2.78769  0.610734  
0.996178  3.03512  
1.8675  1.86141  
1.49428  1.40479  
2.27948  0.819946  
2.2278  0.666678  
0.261716  3.76629  
3.05487  0.487631  
2.69933  0.460768  
0.988687  2.71269  
2.10701  1.13136  
2.33712  1.19787  
0.592146  3.54654  
4.16949  0.153898  
1.90629  1.06135  
0.387596  3.70787  
4.58339  0.169306  
2.17867  1.04086  
0.796735  2.24953  
3.50219  0.298391  
2.19119  1.23814  
2.6899  0.73765  
1.77218  2.36015  
2.037  1.03233  
0.47656  2.65147  
3.77552  0.290866  
0.741865  2.9017  
4.13829  0.0369278  
1.6138  2.16898  
1.37807  1.7717  
2.1729  1.3737  
3.38102  0.375698  
3.33855  0.47103  
4.48219  0.0291527  
2.4616  0.869265  
2.90378  0.607465  
4.60107  0.394764  
1.52545  2.2524  
3.78192  0.490002  
1.98081  1.54607  
4.65391  0.456834  
2.32664  1.88955  
4.08701  0.295323  
2.11373  1.01007  
2.3766  0.471886  
3.53912  0.433843  
4.63837  0.347003  
2.27967  0.857275  
1.39452  2.50465  
2.13836  0.677997  
3.73606  0.410083  
0.896287  2.76081  
0.897036  2.76223  
1.55147  1.71868  
0.30457  4.07549  
2.21923  0.975092  
3.0642  0.654615  
2.06874  1.66178  
2.09268  1.69915  
2.32999  1.10788  
1.27251  2.26983  
1.63792  2.22897  
3.24586  0.585068  
2.95676  0.558647  
3.7583  0.364531  
3.06332  0.571156  
0.611864  2.759  
0.374506  3.45377  
0.892445  3.53663  
5.30847  0.0735716  
1.85853  0.264379  
0.0321067  5.39587  
0.489097  3.37567  
5.16433  0.000420305  
2.31654  0.337106  
0.0363547  5.17178  
4.12345  0.30071  
0.745525  3.82756  
2.15241  0.306791  
0.306208  4.65458  
6.09655  0.024939  
1.34296  3.46836  
5.25696  0.267204  
0.698115  3.79553  
0.0632918  4.73921  
1.45898  0.197132  
1.52166  3.37853  
5.8462  0.181893  
5.60134  0.174275  
0.385463  4.0544  
0.200856  4.59721  
1.14761  2.96226  
0.35416  4.12494  
0.757691  3.89002  
4.68452  0.00128027  
0.164032  4.79417  
0.497338  3.43255  
4.59824  0.000182398  
2.08095e-05  5.68107  
0.644298  3.37798  
1.19128  0.162672  
0.145663  4.2573  
4.93186  0.0900523  
0.245167  3.735  
0.000210655  4.47985  
0.036845  4.20227  
0.000198264  5.01182  
4.79629  0.0750348  
2.3972  0.00544871  
0.605322  3.62355  
0.999299  0.136716  
5.87175  0.0107397  
5.50526  2.63778e-05  
5.33077  0.0896522  
0.0619962  1.98156  
1.95635  0.756151  
0.070055  4.68453  
4.74392  0.000705692  
0.721795  2.88797  
4.37321  0.00119519  
1.31407  0.185005  
0.346939  3.20087  
4.94607  0.0388887  
5.10666  7.5057e-06  
0.000219445  5.54725  
5.1412  0.000203936  
0.000183748  4.64487  
5.54687  9.76196e-07  
0.0365714  5.1561  
0.00198049  4.59807  
4.55807  0.00120496  
0.360749  4.329  
0.907482  2.79362  
4.60493  0.00106982  
0.989845  2.44675  
5.60713  2.68658e-05  
5.53429  0.000154104  
0.640663  3.99831  
1.40872  0.19273  
5.11758  0.0113972  
0.056057  5.28181  
1.15794  3.3213  
0.958256  3.48976  
0.0979037  5.11545  
5.74762  0.00287305  
0.587158  4.13935  
5.04969  0.0959994  
1.83949  0.251186  
5.56929  0.00591755  
0.197473  4.90923  
5.45954  0.00827587  
1.49542  3.32028  
1.52269  3.38914  
1.75757  0.247705  
1.63086  0.232452  
2.11373  0.816977  
0.69154  3.75979  
5.204  0.0184412  
0.371928  4.46315  
1.32105  3.41178  
5.68859  0.0163937  
0.776561  3.76954  
5.59586  0.025589  
5.82953  0.0167999  
2.06015  0.281317  
5.2041  0.0864697  
5.91619  0.0242012  
2.34302  0.367654  
5.16938  0.480559  
4.35056  0.0289489  
4.17169  0.0961721  
3.8687  0.103318  
4.24051  0.0487398  
0.425066  4.13185  
0.39468  3.81595  
4.44304  4.75306e-05  
4.11779  0.0274  
0.119912  4.24763  
1.12604  0.154469  
3.55334  0.0197594  
3.93888  4.21372e-05  
1.35396  2.3027  
0.116126  4.50488  
1.71801  0.23588  
3.42644  0.0243713  
3.72558  0  
0.000320163  3.37335  
2.96101  0.017937  
0.00116538  3.43183  
0.261306  2.30339  
3.2145  8.46277e-05  
0.233933  3.0571  
0.697271  2.57773  
3.24902  2.11497e-06  
0.427897  2.06679  
0.678159  1.92463  
0.754483  1.60681  
0  3.53041  
3.83797  6.4506e-07  
3.2056  0.000400962  
0.781435  2.23967  
0.0722054  2.57426  
0.00012942  4.29968  
1.43955  3.78988e-05  
3.22409  9.27726e-07  
0.379125  3.1998  
0.0685502  2.89072  
3.27708  0.00605512  
0.90075  0.123354  
1.9406e-19  4.50465  
0.017705  2.98923  
3.27026  5.46193e-08  
0.0890832  2.56915  
3.42245  6.44328e-06  
0.0123447  3.54874  
0.00203137  2.98768  
3.69718  0.0740029  
1.02187  0.139805  
1.04214  0.143003  
0.202544  2.36101  
3.06358  0.011136  
0.875467  1.42387  
0.0672898  3.46187  
3.03936  0.00376023  
0.071345  2.7677  
0.118314  4.19103  
2.92728  0.0953756  
0.691286  1.74281  
3.33193  0  
0.0983086  1.167  
0.114149  2.39181  
0.00278548  3.10614  
0.825468  1.63418  
0  4.5502  
0.250642  2.4259  
1.05036  0.143701  
0.0416914  3.19732  
0.438182  3.42393  
0.512797  2.12317  
0.459276  3.21907  
3.2619  4.53727e-05  
0.741064  1.71804  
0.55364  2.41235  
0.193601  2.8664  
3.3967  5.78767e-06  
0.000361259  4.39293  
0.621638  2.11154  
2.96415  0.130803  
3.25369  0.000490235  
3.76769  6.77432e-08  
4.0716  0  
0.168176  3.19862  
0.425729  2.4664  
0.654349  2.1588  
0.0132357  4.21938  
0.940658  1.71654  
0.633357  2.24917  
3.39854  0.000466747  
0.144142  3.44691  
0.955099  1.60123  
1.08214  0.148067  
0.174001  3.75813  
0.00540622  3.0654  
0.67047  2.32863  
0.888589  2.78232  
0.564729  2.58344  
3.55638  7.69087e-05  
0.034597  4.62939  
1.41762  0.194142  
0  3.61434  
2.22698  0.0793144  
0.11708  2.40128  
0.230351  2.00643  
0.102505  2.46664  
0.397013  1.83561  
2.73279  0  
0.326008  1.93518  
0.162131  2.26113  
0.887594  1.11387  
0.106536  2.42496  
0.432142  1.64814  
0.000782463  2.91943  
4.30184e-05  3.39405  
0.877145  1.02601  
0.539803  1.57948  
2.13891  7.97208e-06  
1.89361  0.130345  
0.849648  0.895781  
1.90351  0.104536  
1.90089  0.10945  
1.91068  0.0583632  
0.240745  1.24705  
1.95761  0.0951184  
0.958243  0.818488  
0.0502064  1.69781  
0.0202281  2.48989  
0.800865  1.30849  
1.91742  0.0348314  
2.18611  0  
0.787426  0.820669  
0.692101  1.40964  
0.251095  1.15998  
2.07579  0.00565827  
0.0437829  1.95966  
0.00504892  1.76271  
1.9326  0.0807716  
0.10711  1.34742  
0.000158797  2.10206  
2.08646  0.00483479  
0.000972316  1.67427  
0.959752  0.131587  
2.06929  2.78913e-05  
0.215965  1.11869  
0.0267753  1.48674  
0  2.8691  
0  1.85831  
0.365773  0.428327  
0.0243171  2.54588  
2.10132  0.000119999  
0.735809  1.00897  
0.565206  0.959555  
0.0454236  1.43595  
0.344961  1.0195  
1.0389  0.000456678  
0.321751  1.08137  
0.00664583  1.6178  
0.17361  2.18398  
0.842455  0.115374  
0.971427  0.133037  
2.08907  8.94293e-08  
0.49939  1.27778  
2.1058  0  
2.15577  1.55727e-08  
0.0919906  1.32391  
1.03574  0.141844  
2.17165  0  
0.177323  1.5604  
0.000247755  2.76244  
7.87759e-05  3.19457  
0.00028903  3.4421  
1.99351  0.0430038  
0.00843037  2.66634  
0.6589  1.13839  
0.888489  0.847541  
2.24171  0.00519455  
2.06471  0.0363845  
0  3.59743  
0.873504  0.878371  
0.224213  2.02254  
0.978835  0.134046  
0  2.8945  
2.01168  0.0716465  
0.47824  1.5566  
7.08094e-05  2.87151  
0.0586451  2.27208  
0.386587  1.644  
0.757374  1.02649  
2.21914  0  
0.000251233  2.80121  
0.219622  1.98835  
0.620511  1.43288  
0.106931  2.19313  
0.914416  0.872274  
0.54019  1.52667  
2.11886  0.0691247  
0.262938  1.91893  
0.348553  1.80549  
0.290195  1.90655  
0.648835  0.772779  
0.294303  1.21068  
1.86925  0.0227487  
0.07223  1.61824  
1.66568  0.113834  
1.80569  0.0499886  
0.0972339  1.57474  
0.179037  1.39927  
0.840869  0.610455  
0.355094  1.09283  
0.144934  1.47061  
1.98319e-08  1.96681  
0.279512  1.21635  
1.90105  1.76259e-06  
0.029777  1.68528  
0.553017  0.706858  
0  2.31107  
0.089135  1.50498  
0.340183  1.11267  
0.396361  0.7683  
1.33731  0.0524425  
1.91316e-08  1.89736  
0.661152  0.489261  
0.690781  0.462021  
0.279518  0.856304  
0.949772  0.130103  
0  1.93476  
0.678031  0.556276  
1.46429  0  
0.00819572  1.41972  
0.204524  0.916371  
0.525724  0.559772  
0.424862  0.701039  
0.837463  0.114718  
1.00282  1.3045e-06  
0.168121  0.956784  
0.0618795  1.13488  
1.30476  0.0891693  
1.46423  1.35759e-06  
0.178353  0.93497  
0.1456  1.02875  
0.480709  0.616082  
0.237501  0.881634  
0.0082686  1.24509  
0.141586  0.994903  
1.24014  0.0911695  
0.117723  1.02845  
0.745958  0.448637  
0.242755  0.509281  
1.53659e-08  1.5239  
0.00776685  1.84591  
0.0942087  1.07009  
1.43593  0.0142369  
0.0234338  1.32936  
0.206076  0.896783  
1.37734  0.0456035  
0.0311385  1.22203  
1.73433  0.090559  
1.33505  0.0573641  
0.161559  0.964121  
0.000377385  1.46347  
1.40086  0.0252735  
0.00231362  1.85678  
1.4884  0  
0.44198  0.685738  
0.012636  1.83935  
1.45156  0.00373534  
0.00120208  1.9434  
0.0894309  1.49927  
1.31523  0.0836597  
0.145248  1.19918  
1.32756  0.0708979  
0.000272248  1.92951  
1.89561  0  
0  2.07904  
1.41788  0.0257658  
0.492403  0.629855  
0.954753  0.130984  
1.06769  0.146256  
0.0408498  1.60315  
0.624929  0.543956  
0.223499  1.22244  
1.38213  0.0450115  
0.755976  0.457804  
0.348126  1.08607  
0.336916  1.12166  
1.3325  0.055498  
0.126349  1.41385  
0.63008  0.381563  
1.24163  0.101007  
0.684547  0.506755  
0.0257822  1.66109  
0.429947  1.03204  
0.27397  1.18248  
0.180495  1.35548  
1.83669  0.000439903  
0.474434  1.00755  
1.97377e-08  1.95747  
0.289741  1.17654  
0.173708  1.37292  
0.0116322  0.892305  
0.102323  0.680295  
0.400427  0.36733  
0.0804588  0.716461  
0.208983  0.542945  
0.850876  0.0776585  
0.0409785  0.797718  
0.1274  0.643194  
0.00502505  0.929339  
0.487866  0.301614  
0.345606  0.41221  
0.222461  0.528429  
0.203974  0.548503  
0.120041  0.653626  
0.859554  0.0729376  
0.269711  0.480797  
0.024476  0.843643  
0.162189  0.597425  
0.00785431  0.911533  
0.198621  0.55443  
0.291072  0.460571  
0.145334  0.618909  
0.384506  0.380008  
0.213214  0.538351  
0.427685  0.346156  
0.474282  0.311386  
0.435314  0.340295  
0.25087  0.499289  
0.263153  0.487179  
0.454283  0.32606  
0.0717284  0.732278  
0.913039  0.044543  
0.406877  0.362232  
0.191282  0.562742  
0.924352  0.0386223  
0.372963  0.38941  
0.31532  0.438581  
0.420653  0.351538  
0.113607  0.663032  
0.8871  0.0582206  
0.974684  0.0127784  
0.0570587  0.761254  
0.379694  0.383985  
0.0339181  0.815915  
0.480898  0.306655  
0.236747  0.513575  
0.800305  0.105483  
0.322173  0.432514  
0.182552  0.572834  
0.359053  0.400851  
0.138884  0.62753  
0.950264  0.0252564  
0.0913447  0.697885  
0.500029  0.292995  
0.494205  0.297065  
0.300162  0.452199  
0.0195031  0.860454  
0.244604  0.505562  
0.0443782  0.789407  
0.461574  0.32069  
0.836522  0.0854518  
0.309141  0.444064  
2.77771e-05  0.997631  
0.0269268  0.836079  
0.962126  0.019205  
0.135346  0.632241  
0.810542  0.0997573  
0.335397  0.421027  
0.153694  0.608102  
0.0958232  0.690574  
0.255893  0.494263  
0.062193  0.750717  
0.467282  0.31659  
0.366791  0.394487  
0.037822  0.805632  
0.876472  0.0638773  
0.00324296  0.943232  
0.987532  0.00632567  
0.414287  0.356449  
0.32945  0.426114  
0.0776837  0.721416  
0.0482189  0.780562  
0.824144  0.0922261  
0.0301379  0.826539  
0.170661  0.58694  
0.279006  0.471935  
0.179704  0.576168  
0.899975  0.0513829  
0.354777  0.404468  
1.00008  6.25899e-08  
0.108256  0.671066  
0.937978  0.03157  
0.0516875  0.772806  
0.0868934  0.705425  
0.233543  0.516876  
0.845137  0.080765  
0.446476  0.331916  
0.0664845  0.742305  
0.393312  0.372988  
0.0158921  0.874049  
0.0435284  0.791365  
0.00106349  0.967389  
0.14441  0.619987  
0.39209  0.373829  
0.440902  0.335996  
0.255891  0.494144  
2.04388e-07  0.999548  
0.96081  0.0197911  
0.335087  0.421133  
0.208892  0.542953  
0.457666  0.32349  
0.855658  0.074982  
0.327453  0.427765  
0.15052  0.612031  
0.0569381  0.761383  
0.168927  0.588993  
0.432966  0.341999  
0.3205  0.433872  
0.249087  0.500913  
0.070915  0.733701  
0.424984  0.348092  
0.177742  0.578406  
0.299679  0.452571  
0.449368  0.329651  
0.827554  0.0903002  
0.240751  0.509336  
0.800015  0.105564  
0.123766  0.648196  
0.499996  0.292896  
0.0124855  0.888261  
0.227336  0.523203  
0.30706  0.44587  
0.00582929  0.92365  
0.865048  0.0699205  
0.922163  0.0397069  
0.284364  0.466742  
0.365569  0.395377  
0.157864  0.602679  
0.887071  0.0581554  
0.015727  0.874593  
0.473972  0.311544  
0.0616347  0.751737  
0.910954  0.0455609  
0.817394  0.0959014  
0.00881846  0.906093  
0.19584  0.557462  
0.980216  0.00994126  
0.990271  0.00487618  
0.202517  0.549981  
0.0481679  0.780528  
0.46611  0.317277  
0.183662  0.571442  
0.808617  0.100769  
0.480751  0.306638  
0.0816086  0.714328  
0.94078  0.030062  
0.0995464  0.68449  
0.875976  0.0640641  
0.0759807  0.724354  
0.0383303  0.804219  
0.930864  0.035187  
0.899718  0.0514656  
0.111438  0.666176  
0.0927239  0.695494  
0.359191  0.400674  
0.235046  0.515185  
0.0032568  0.942932  
0.189763  0.564382  
0.214918  0.536407  
0.846389  0.0800059  
1  0  
0.969862  0.0151844  
0.087487  0.704218  
0.372079  0.390017  
0.105547  0.67512  
0.137044  0.629805  
0.032951  0.818476  
0.0662815  0.742548  
0.410633  0.359193  
0.277113  0.473584  
0.0234756  0.846782  
0.490614  0.299561  
0.383028  0.381107  
0.35065  0.407843  
0.399081  0.368272  
0.116543  0.658616  
0.836984  0.0851315  
0.314175  0.439487  
0.165044  0.593744  
0.0528605  0.770086  
0.269913  0.480469  
0.028044  0.832536  
0.950268  0.025183  
0.263642  0.486539  
0.0195919  0.860029  
0.342951  0.41438  
0.292004  0.459626  
0.130429  0.63885  
0.417815  0.353614  
0.221138  0.529747  
0.218673  0.532375  
0.212741  0.538761  
0.42308  0.349554  
0.92185  0.03987  
0.258549  0.491523  
0.174144  0.582694  
0.378973  0.384392  
0.355652  0.403634  
0.0527431  0.770341  
0.313356  0.440218  
0.227178  0.523368  
0.841071  0.0829009  
0.471774  0.313142  
0.090677  0.698874  
0.170257  0.587378  
0.152028  0.610092  
0.205532  0.546644  
0.122229  0.650388  
0.131258  0.637704  
0.960265  0.0200688  
0.0964282  0.689471  
0.0638678  0.747279  
0.462419  0.319986  
0.821397  0.0936903  
0.0275808  0.833925  
0.950307  0.025163  
0.0376316  0.806011  
0.279005  0.471791  
0.940584  0.0301627  
0.285947  0.465259  
0.362215  0.398157  
0.862241  0.0714305  
0.436919  0.339001  
0.444773  0.333087  
0.392909  0.373176  
0.989589  0.00521913  
0.0690355  0.737254  
0.902469  0.0500165  
0.19714  0.555995  
0.058826  0.757459  
0.23496  0.515274  
0.830792  0.0885223  
0.190046  0.564057  
0.079543  0.717966  
0.299682  0.452568  
0.0744526  0.72714  
0.10122  0.681849  
0.248943  0.501058  
1  0  
0.499996  0.292896  
0.126292  0.644624  
0.164944  0.593868  
0.0058965  0.923211  
0.810446  0.0997523  
0.11137  0.666278  
0.239833  0.510273  
0.48149  0.306105  
0.00844865  0.908083  
0.271985  0.478478  
0.452987  0.326957  
0.13883  0.627401  
0.265385  0.484844  
0.930955  0.0351397  
0.0229525  0.848499  
0.000874098  0.970435  
0.893084  0.0549685  
0.293322  0.458408  
0.340895  0.416138  
0.183271  0.571899  
0.321456  0.433029  
0.0187576  0.863042  
0.306633  0.446255  
0.0430996  0.792395  
8.10313e-09  0.99991  
0.872376  0.0659894  
0.158137  0.602336  
0.970605  0.0148069  
0.335889  0.420441  
0.0320185  0.821063  
0.800015  0.105564  
0.368804  0.392707  
0.913476  0.0442409  
0.106167  0.674167  
0.348941  0.409288  
0.0113876  0.893287  
0.384677  0.379776  
0.412543  0.357705  
0.0854093  0.707751  
0.850872  0.0775729  
0.402994  0.365182  
0.429628  0.34454  
0.144982  0.619235  
0.49193  0.298622  
0.115937  0.659505  
0.0478888  0.781165  
0.880115  0.0618558  
0.98098  0.00955554  
0.0152441  0.876533  
0.330035  0.425513  
0.0027666  0.947402  
0.441194  0.335776  
0.915841  0.043004  
0.244165  0.505869  
0.15434  0.607139  
0.029929  0.827  
0.370691  0.391156  
0.8774  0.0633035  
0.000964375  0.968946  
0.262071  0.488071  
0.130941  0.638142  
0.392882  0.373197  
0.114075  0.662249  
0.0215534  0.853189  
0.074015  0.727943  
0.014181  0.880916  
0.218782  0.532259  
0.168054  0.590056  
0.818946  0.0950437  
0.32529  0.429658  
0.926601  0.037399  
0.229168  0.521285  
0.973616  0.01328  
0.857458  0.0740098  
0.160497  0.599379  
0.0535034  0.768692  
0.0785304  0.719767  
0.348954  0.409277  
0.119681  0.654051  
0.300077  0.452207  
0.0949201  0.691909  
0.252976  0.497033  
0.963114  0.0186165  
0.101131  0.681989  
0.333496  0.422509  
0.135926  0.631319  
0.934872  0.0331125  
0.991427  0.00429582  
0.00495938  0.929577  
0.316906  0.437056  
0.0431096  0.792372  
0.189791  0.56435  
0.148139  0.615111  
0.0338388  0.816047  
0.828105  0.0899973  
0.210587  0.541102  
0.464403  0.318529  
0.175905  0.58059  
0.418608  0.353001  
0.34239  0.414859  
0.83508  0.0861728  
0.433366  0.341694  
0.386065  0.378659  
0.0834558  0.711113  
0.064073  0.746874  
0.0593412  0.7564  
0.0259733  0.838838  
0.276983  0.473709  
0.492558  0.298175  
0.0109081  0.895558  
0.197381  0.555725  
0.482603  0.305304  
0.268465  0.481864  
0.905771  0.0482802  
0.377252  0.385792  
0.809305  0.100386  
0.897162  0.0528134  
1  0  
0.423884  0.348936  
0.403324  0.364922  
0.952907  0.0238303  
0.800015  0.105564  
0.00774526  0.911993  
0.00283958  0.946712  
0.982526  0.00877569  
0.204439  0.547851  
0.0681906  0.738867  
0.845939  0.0802504  
0.10762  0.671945  
7.80217e-09  0.999912  
0.867565  0.0685681  
0.0470297  0.783137  
0.886036  0.0587053  
0.017741  0.866805  
0.291526  0.460068  
0.1419  0.623304  
0.473336  0.312006  
0.0879768  0.703391  
0.125069  0.64635  
0.183058  0.572147  
0.448866  0.330025  
0.283643  0.467419  
0.363429  0.397149  
0.235877  0.514329  
0.943596  0.0286114  
0.499996  0.292896  
0.357372  0.402194  
0.457855  0.32335  
0.0389597  0.802618  
0.409653  0.359959  
0.307611  0.445373  
0.303908  0.448721  
0.800008  0.105568  
0.881908  0.0609005  
0.0646101  0.745815  
0.0119874  0.890513  
0.821162  0.0938203  
0.134903  0.632709  
0.439387  0.337137  
1  0  
0.123476  0.648608  
0.00564184  0.924888  
0.213966  0.537436  
0.0821398  0.7134  
0.365519  0.395418  
0.187813  0.566626  
0.233129  0.517165  
0.911368  0.0453441  
0.919295  0.0412015  
0.422654  0.349881  
0.931049  0.0350913  
0.105004  0.675956  
0.288907  0.4625  
0.0274307  0.834378  
0.0403323  0.799171  
0.0930105  0.695024  
0.447341  0.331164  
0.939697  0.0306205  
0.970234  0.0149953  
0.979445  0.010331  
0.0768383  0.722803  
0.0200998  0.858226  
0.228233  0.522263  
0.324348  0.430485  
0.960689  0.0198527  
0.860328  0.0724615  
0.340899  0.416134  
0.152879  0.609002  
0.331468  0.424267  
0.0878346  0.703631  
0.989127  0.00545136  
0.0235935  0.846398  
0.239862  0.510243  
0.414864  0.3559  
0.146218  0.617616  
0.195405  0.557954  
0.0588945  0.757318  
0.455603  0.325016  
0.0364522  0.809076  
0.472829  0.312374  
0.111686  0.665806  
0.00104667  0.967648  
0.950301  0.0251661  
0.267012  0.483268  
0.310556  0.442724  
0.129059  0.640753  
0.158703  0.601624  
0.829574  0.0891906  
0.463425  0.319247  
0.839443  0.0837891  
0.259722  0.490371  
0.0707345  0.73404  
0.3734  0.388935  
0.245799  0.504219  
0.0318302  0.82159  
0.00880981  0.906139  
0.220498  0.530428  
0.296877  0.455135  
0.892288  0.0553903  
0.281  0.469906  
0.0983411  0.686406  
0.431994  0.342738  
0.252182  0.497823  
0.117596  0.657077  
0.49174  0.298758  
0.84954  0.078295  
0.16807  0.590036  
0.20771  0.544248  
0.406515  0.362415  
0.140509  0.625155  
0.201442  0.551177  
0.357422  0.402152  
0.810259  0.0998559  
0.0540281  0.767561  
0.0448214  0.788289  
0.348295  0.409835  
0.180767  0.574833  
0.870276  0.0671144  
0.274149  0.476408  
0.903396  0.0495286  
0.0491783  0.778238  
0.174804  0.581905  
0.388643  0.376588  
0.380225  0.383376  
6.20555e-09  0.999921  
0.00306174  0.944667  
0.317184  0.436809  
0.015894  0.873929  
0.499996  0.292896  
0.482001  0.305737  
0.397934  0.36918  
0.447343  0.331163  
0.279457  0.471363  
0.000648861  0.974527  
0.102126  0.680429  
0.0430236  0.792579  
1  0  
0.339859  0.417026  
0.0219081  0.851986  
0.829282  0.089351  
0.971401  0.0144031  
0.0300432  0.82667  
0.991261  0.0043789  
0.491454  0.298962  
0.302199  0.450273  
0.10975  0.668714  
0.842321  0.0822194  
0.921318  0.0401468  
0.144362  0.620049  
0.37225  0.389877  
0.321298  0.433169  
0.472323  0.312742  
0.875552  0.0642906  
0.191795  0.562056  
0.817652  0.0957588  
0.0961674  0.689891  
0.910484  0.0458072  
0.95822  0.0211127  
0.0665412  0.742044  
0.348694  0.409497  
0.0184848  0.864041  
0.00427037  0.934652  
0.149784  0.612981  
0.127458  0.642987  
0.0387298  0.803201  
0.886573  0.0584199  
0.333563  0.422451  
0.00214375  0.953699  
0.432346  0.34247  
0.455351  0.325203  
0.94848  0.0261007  
0.0474029  0.782278  
0.162796  0.59652  
0.800008  0.105568  
0.121854  0.650925  
0.380547  0.383115  
0.418312  0.35323  
0.185776  0.568982  
0.157069  0.60368  
0.241539  0.508534  
0.398635  0.368625  
0.30791  0.445103  
0.247695  0.502311  
0.00934758  0.903317  
0.134535  0.63321  
0.424214  0.348683  
0.216837  0.534342  
0.326941  0.428212  
0.80684  0.101757  
0.229181  0.521271  
0.92961  0.035837  
0.981514  0.00928601  
0.00656829  0.918955  
0.388495  0.376706  
0.356631  0.402814  
0.0894616  0.700899  
0.285183  0.465975  
0.0709924  0.733556  
0.481949  0.305775  
0.211152  0.540487  
0.0618569  0.75129  
6.20555e-09  0.999921  
0.0152043  0.876694  
0.236015  0.514187  
0.864463  0.0702352  
0.292995  0.45871  
0.253762  0.496252  
0.22324  0.527517  
0.46343  0.319243  
0.364744  0.39606  
0.198006  0.555022  
0.0514413  0.773193  
0.203983  0.548355  
0.898023  0.052359  
0.263722  0.486461  
0.272193  0.478278  
0.85382  0.0759763  
0.179084  0.576817  
0.116001  0.659411  
0.0254353  0.840515  
0.082571  0.712648  
0.034527  0.814186  
0.409275  0.360254  
0.0556826  0.764028  
0.0123214  0.888998  
0.0765528  0.723318  
0.939767  0.0305844  
0.499996  0.292896  
0.31502  0.438734  
0.172853  0.584245  
0.439571  0.336998  
