6.1161  7.67838  
9.72833  3.41854  
8.35849  5.61019  
7.41006  6.9618  
6.5402  7.32709  
5.02334  8.7331  
3.64861  9.54841  
7.26875  6.91714  
5.7578  7.87768  
10.2469  1.08553  
9.67236  2.92009  
9.67375  3.939  
2.34337  9.48301  
2.47783  9.44906  
10.3869  0.542389  
1.95585  10.1516  
2.39626  10.0049  
3.59166  9.27072  
3.63517  9.76043  
7.73484  6.6103  
5.53382  8.33507  
10.3327  0.845224  
7.88234  5.90737  
4.4825  8.98013  
0.947917  10.0987  
8.51228  5.89248  
5.79341  7.98599  
9.40559  3.11871  
9.065  4.59438  
10.2128  1.21688  
8.78584  5.16273  
9.49493  0.308561  
4.44501  8.9711  
10.2802  0.658493  
6.69334  7.82547  
9.52213  4.55469  
3.65534  9.31941  
9.39037  4.53156  
9.96829  2.68235  
6.31973  7.68978  
5.04471  8.79512  
9.77852  3.90751  
8.10374  5.60108  
9.81259  1.71139  
4.56675  8.80348  
9.54022  0.85081  
2.88901  9.72061  
1.05558  10.0682  
0.791843  9.50347  
9.20982  3.86256  
1.60655  10.1811  
4.01815  9.59639  
6.16557  8.31445  
9.42545  4.43499  
0.851037  10.2867  
5.71112  8.44746  
8.88969  4.70625  
5.94824  8.0071  
5.60208  8.35752  
0.713871  9.89876  
8.87434  4.6887  
9.83266  2.43009  
3.80024  9.47522  
6.54414  7.43285  
5.62008  8.10025  
7.68358  7.17797  
5.68982  8.35229  
9.89765  2.10255  
8.90693  4.62536  
1.71943  9.95926  
6.49958  7.77884  
2.55662  10.2093  
8.3982  5.77741  
7.5064  7.05406  
4.67088  8.82047  
9.25479  3.04973  
4.63412  9.21869  
2.43535  9.5589  
8.96354  5.1164  
0.794887  10.1153  
3.01978  9.76008  
1.15335  10.3007  
3.29605  9.14431  
9.82638  1.73556  
2.80444  9.50821  
3.40104  10.1807  
9.22722  4.14228  
8.80526  4.99168  
8.2238  5.9702  
1.01542  9.88592  
10.2702  0.673286  
3.30196  9.76319  
10.0336  0.0930832  
10.0361  1.54321  
3.40514  9.76933  
10.1963  2.5519  
7.49884  6.83077  
7.8194  6.53003  
2.97578  9.47316  
3.49071  9.23931  
1.03602  7.25684  
0.94108  6.59179  
7.30978  0.102531  
7.20503  0.0273022  
6.28469  3.40279  
0.0022496  6.75931  
6.73102  2.7467  
5.86275  3.58414  
0.221121  6.14974  
7.22284  0.000134167  
1.8371e-13  7.4352  
2.2518e-09  7.06161  
1.44831e-12  7.24511  
3.42852e-09  6.61762  
6.37511  1.89441  
7.04297  6.8219e-06  
0.00203471  6.11364  
5.04217  5.05808  
6.19946  1.98668  
4.7662  1.95179  
3.49722e-16  5.71139  
2.8064  3.74997  
5.09304  0.352842  
5.88657  3.04109e-20  
6.99867  0.611978  
7.14173  0  
1.55207e-13  4.22922  
4.46424  2.32154  
3.67733e-09  3.28564  
4.75753e-09  3.60457  
7.65599e-11  3.80374  
4.54257  1.43398e-14  
7.22036  0  
5.97985  3.08928e-20  
5.33289  2.57888  
2.75811  1.62285  
6.24233  0  
4.205  0  
2.1451  7.83657e-15  
3.49457  1.80535e-20  
0.0928247  4.1973  
4.6949  0.00207604  
3.47766e-16  5.67946  
3.84689  3.67372  
1.95722e-16  3.19638  
2.8879e-13  3.08728  
1.22809  4.36104  
6.88878  4.00308e-14  
5.74056  0.00099127  
6.52381  0.0247208  
1.9685e-09  1.24805  
3.91033  0.140006  
2.16982  1.31906  
6.10567  2.36182  
3.93621  2.0335e-20  
3.33051  6.30465e-05  
1.39058  5.9296  
8.34313e-15  5.16428  
5.5831  1.15368e-11  
9.55664e-09  5.89297  
2.3237e-16  3.79489  
2.44379e-16  3.99102  
7.95514e-12  3.16483  
2.15368  3.04454  
2.02778e-11  6.09257  
4.52812  0.00047182  
3.22832  0.122703  
6.19214  0.379209  
4.96069e-12  6.53574  
5.19964  0  
5.5704  0  
0.000409185  4.72142  
7.8347  0  
4.7423  2.19454  
6.1319  1.9357e-14  
5.06316  1.40441  
5.93339  1.54562e-13  
7.55549e-09  4.79025  
1.82592e-11  5.48605  
1.36638e-13  5.53008  
1.38828e-11  5.52306  
6.45063  0  
5.26201  0.76345  
6.98819  0  
1.83791e-09  5.76367  
5.9584  1.80721e-11  
4.07042e-16  6.64751  
3.29607  3.90305  
5.11941  2.55795  
3.84425e-16  6.27814  
6.47002  4.33629e-15  
6.23972  0.00546066  
1.48288  5.54295  
4.2715  4.87587  
1.07217e-14  6.63657  
5.55212  2.45111  
6.80839  2.65661e-12  
0.0851279  6.06907  
5.65692  2.87767  
4.50996  5.40905  
3.06878  3.58047  
2.01385  3.66841  
0.0278881  4.14204  
3.93102  0.192408  
3.01721e-16  4.92749  
0.000179475  3.96356  
0.396049  3.91788  
3.91961  0.464523  
4.08219  0  
0.904545  3.88537  
4.36397  0  
0.481377  3.90253  
1.96739  3.53595  
3.87597  0.668215  
3.27816  2.53831  
2.12995  3.29805  
3.92588  0.00185337  
0.00045215  3.92833  
4.07297  0  
4.00224  1.29583e-12  
2.12502  2.05138  
2.11145  0  
0.763513  2.85946  
3.84141  1.10328e-06  
1.04933  2.76758  
0.583149  1.89835  
2.7008  1.19154  
0.500476  1.93506  
1.21243e-16  1.98006  
1.81104e-16  2.95765  
2.95629  0.00296286  
3.01095  9.74874e-13  
1.22932e-16  2.00763  
2.92054  8.38798e-07  
0.754706  2.95522  
2.02783  3.20683e-14  
2.361  1.78989  
2.99571  7.02603e-12  
1.99087  9.1464e-09  
6.18314e-17  1.00978  
2.07258  4.86095e-12  
2.2697  1.85695  
2.26034  0.498089  
2.40123  3.08993  
1.41635  1.36727  
3.09874  0  
2.89102  0.544435  
1.97836  0.00908602  
0.996935  1.73046  
1.67317  2.45245  
3.00813  0.04559  
4.05974  0  
2.91341  0.493792  
1.75513  0.94268  
0.464966  1.93257  
1.00978  0.000155608  
1.98391  2.21168  
2.52181  1.59329  
3.04249  0  
1.57844  1.20369  
0.801112  3.18521  
3.00744  2.57939e-14  
1.48415  2.66743  
1.87842  2.28592  
0.264877  2.92494  
3.54394  1.40803  
2.58925  1.46018  
2.85397  0.831407  
0.871788  2.83797  
2.33801  1.79196  
0.258562  2.95287  
0.934179  2.81178  
2.06549  2.12622  
3.10392  0  
0.0474212  2.94434  
2.20344  2.02215  
9.01302e-05  1.99045  
1.57251  2.6541  
2.39973e-16  3.91906  
2.95175  0.45414  
0.71522  2.91716  
2.95918  0.0522116  
2.32876  1.83013  
0.756569  2.88353  
0.000163877  3.25553  
2.26034  2.63723  
2.90079  0.568766  
2.98426  0.00424117  
0.0510895  3.11299  
1.24267  3.70582  
3.40142  4.88232e-16  
2.04089e-16  3.33302  
9.89287e-05  3.81011  
3.99931  0  
2.06698e-16  3.37564  
3.63278  2.32748e-11  
2.9695  2.21648  
3.99982  3.43052e-14  
3.05498  2.49707  
2.45099  3.06105  
3.8448  0.192381  
0.100586  4.22309  
2.78311  2.38856  
3.84173  0  
2.26618e-16  3.70095  
2.71815  2.11837  
2.75423  1.71499  
1.00915e-05  3.20369  
2.52809  2.23412  
3.72221  5.47222e-20  
2.92479  0.541495  
0.0922701  2.97201  
3.70329  0  
1.9996e-16  3.2656  
0.531457  2.87565  
0.16375  2.88969  
2.46968e-06  2.94706  
0.910875  2.79395  
2.8547  0.60872  
3.70316  5.44421e-20  
0.659274  2.82243  
2.99201e-06  2.61704  
0.506452  2.8393  
0.00692974  2.08138  
2.88168  4.23651e-20  
2.26485  1.83806  
2.91275  0  
0.602376  1.84768  
2.84797  1.87141e-05  
1.28335e-16  2.09587  
2.278  0.000443535  
2.32887  1.76265  
2.83914  7.03315e-05  
1.47234  1.39806  
2.88339  0  
1.11564  1.58603  
2.01549  2.05876  
0.00606691  1.95029  
2.08855  0.0500772  
1.68269  1.05301  
0.000403712  2.92565  
0.00946196  2.90919  
1.31403  1.3414  
0.887074  1.87895  
1.94286  2.8563e-20  
1.18743e-16  1.93922  
2.11283  1.9489  
1.97321  0  
1.67431  2.38025  
1.84459  0.610371  
2.68774  1.13614  
2.08567  2.01759  
2.41309  0.0232035  
1.57969  1.11829  
1.53596  1.22109  
1.76454e-16  2.88171  
1.70891  0.915528  
6.18314e-17  1.00978  
2.14149  2.03345  
0.888584  1.71966  
1.00978  1.48454e-20  
2.90658  0.0721315  
0.425408  1.89864  
0.730053  2.8074  
2.18676  1.35566  
0.755109  1.79513  
1.182  2.62051  
2.14168  1.92804  
2.87021  0.000758592  
2.97344  1.6958e-07  
2.18369  1.91879  
1.52668  2.56612  
1.75301e-16  2.86288  
3.0244  0  
2.88312  0.0459834  
2.49614  1.65247  
0.00895624  2.8772  
1.81712  2.24588  
2.37446  1.66174  
2.58206  1.28348  
2.65203  1.11403  
2.90024  0.0030576  
2.19249  1.94006  
1.54538  2.44772  
0.758388  2.78785  
2.78827  0.808522  
2.50953  1.46714  
2.83384  0.545998  
2.09567  2.11321  
2.7191  0.963033  
1.37302  2.5584  
0.945924  2.76984  
3.35701  0  
0.640132  2.8177  
0.413942  2.85459  
2.8565  0.488863  
2.76022  0.914756  
2.82723  0.627814  
1.90536  0.423102  
2.45558  1.67578  
2.66887  1.14669  
2.7565  4.05248e-20  
0.0203149  2.19955  
2.92962  0  
2.69502  0.885416  
2.24137  1.77063  
2.44599  1.58474  
1.68685e-16  2.75483  
2.33034  1.7094  
1.79176  2.09253  
2.1707  1.80414  
2.49907  0.897427  
2.723  4.00323e-20  
0.0147754  2.16416  
2.82001  0  
1.67587e-16  2.73691  
2.07822  1.92034  
2.29456  1.58891  
2.079  1.91664  
1.10817e-05  2.47119  
1.98988  1.94269  
1.15917e-16  1.89306  
1.94369  2.85753e-20  
1.32452  1.43389  
2.78087  0  
1.44665  1.32653  
1.81011  0.449135  
2.57385  1.25206  
0.0420794  1.98294  
1.57046  1.152  
0.322103  1.85704  
1.8782  0.176339  
0.248559  1.86742  
1.87112  0.25162  
1.97205  0  
1.90676  0.568565  
1.7732  0.642251  
0.784622  1.78492  
1.54116  1.16567  
1.57994  1.11606  
1.99213  2.92873e-20  
1.75415  0.647745  
1.35055  1.37898  
1.90653  0  
1.03286  1.56986  
2.80199  0  
0.643979  1.75788  
2.20702  3.24466e-20  
1.15146e-16  1.88047  
1.47624  1.33406  
0.455515  1.81204  
1.84531  0.355141  
1.30001  1.68825  
1.88237  2.76737e-20  
1.6907  0.709494  
2.46627  3.62579e-20  
6.18314e-17  1.00978  
1.82844  0.663052  
1.32845  1.33332  
0.759264  1.67066  
1.12243  1.51554  
0.714147  0.713903  
0.699399  1.82425  
0.642352  1.8601  
1.45673  1.19881  
0.190981  1.8758  
0.919672  1.71565  
0.895856  1.62808  
1.22821  1.4367  
1.00978  1.48454e-20  
1.92291  0.486037  
1.62078  0.931071  
0.944901  1.61612  
1.74057  0.863973  
1.59883  1.12989  
1.18142  1.5658  
1.93545  0.0451528  
0.155346  1.92292  
1.84656  0.625904  
1.04083  1.70149  
1.81417  0.749598  
0.889936  1.75932  
1.80527  0.842354  
2.01529  0  
1.18229e-16  1.93082  
1.88894  0.678327  
0.216121  1.89903  
0.668734  1.88252  
1.46763  1.8522  
1.95123  0.454398  
2.06861  0.013822  
3.42536e-05  1.95311  
1.90329  1.6433  
1.19923e-16  1.95849  
2.10881  1.68955  
1.7184  1.02562  
0.00207384  2.01422  
0.356053  1.97045  
2.30913  1.55378  
2.20087  1.61443  
0.327793  0.9551  
0.800757  0.615185  
0.98234  0.23382  
0.264248  0.974596  
0.609107  0.80539  
0.695718  0.731875  
0.95924  0.315471  
0.948071  0.347599  
0.967334  0.289704  
0.391463  0.930817  
0.811513  0.600924  
1.0077  0.0649003  
0.650263  0.772542  
0.59456  0.816188  
0.572719  0.831659  
1.00978  1.48454e-20  
0.411829  0.921987  
0.380961  0.935165  
1.00504  0.0977857  
0.441101  0.908347  
0.166608  0.995945  
0.628983  0.789964  
6.18314e-17  1.00978  
0.884699  0.486797  
0.370283  0.939443  
0.978644  0.248836  
0.53431  0.856841  
0.290969  0.966955  
0.943136  0.360773  
0.856097  0.535502  
0.794409  0.62336  
0.503363  0.875379  
0.912941  0.431513  
0.714028  0.714023  
0.921881  0.412068  
0.304053  0.96292  
0.90227  0.453402  
0.431563  0.912917  
0.487828  0.884131  
0.0974946  1.00507  
0.783661  0.636819  
0.475858  0.890631  
0.861455  0.526839  
0.564963  0.836947  
0.875425  0.503283  
0.550092  0.846795  
0.772562  0.65024  
0.518999  0.866201  
0.837185  0.564611  
0.315985  0.959071  
0.999123  0.146347  
0.726898  0.700916  
0.676509  0.749666  
0.935018  0.381321  
0.992836  0.184229  
0.68308  0.743684  
0.401994  0.926318  
0.219269  0.98569  
0.908541  0.440701  
0.0648974  1.0077  
0.816686  0.593875  
0.955076  0.327864  
0.939028  0.371336  
0.349189  0.947487  
0.66334  0.761343  
0.145891  0.99919  
0.123328  1.00222  
0.636522  0.783903  
0.702317  0.725544  
0.890335  0.47641  
0.622761  0.794879  
0.9633  0.302848  
0.359708  0.943543  
0.98933  0.202214  
0.185403  0.992618  
0.894619  0.468316  
0.926479  0.401621  
0.450285  0.903829  
0.985876  0.218432  
0.42187  0.917436  
0.467303  0.895149  
0.846673  0.55028  
0.761293  0.663398  
0.33838  0.951401  
0.749479  0.676716  
0.235575  0.981921  
0.975087  0.26243  
0.930543  0.392115  
0.86606  0.519234  
0.277683  0.970853  
0.720444  0.707548  
0.738118  0.68909  
0.996061  0.165909  
0.248835  0.978645  
0.826547  0.580072  
0.203089  0.98915  
0.971148  0.276649  
0.917479  0.421778  
0.580542  0.826217  
1.00219  0.1236  
0.916958  0.422909  
0.692313  0.735096  
0.208486  0.988027  
0.980855  0.239975  
0.904252  0.449436  
0.185212  0.992653  
0.937581  0.374973  
0.834437  0.568663  
0.85359  0.539489  
0.227467  0.983831  
0.565174  0.836805  
0.375079  0.937539  
0.867909  0.516138  
0.308036  0.961654  
0.577646  0.828244  
0.78042  0.640788  
0.754483  0.671132  
0.860278  0.528758  
0.873219  0.507101  
0.957448  0.320871  
0.34935  0.947427  
0.879473  0.496176  
0.638262  0.782486  
1.00801  0.0598093  
0.827198  0.579144  
0.846742  0.550174  
0.407228  0.924029  
0.999362  0.144703  
0.886243  0.483981  
0.804111  0.610794  
6.18314e-17  1.00978  
0.163232  0.996503  
0.910452  0.43674  
0.451051  0.903447  
0.7366  0.690713  
0.519514  0.865892  
0.966744  0.291666  
0.898787  0.460267  
0.975129  0.262272  
0.598658  0.813187  
0.712876  0.715172  
0.942614  0.362136  
0.772877  0.649866  
0.427006  0.915057  
0.608361  0.805954  
0.672843  0.752958  
0.953967  0.331075  
0.703394  0.7245  
0.527265  0.861194  
1.00286  0.118034  
0.294353  0.96593  
0.684065  0.742777  
0.437415  0.910128  
0.948047  0.347666  
0.984629  0.223985  
0.546124  0.84936  
0.971664  0.274833  
0.841861  0.557614  
0.618179  0.798448  
0.361334  0.942922  
0.321335  0.957292  
0.659321  0.764827  
1.00567  0.0910354  
0.416262  0.919994  
0.932315  0.387883  
0.587893  0.821003  
0.992473  0.186173  
0.335573  0.952394  
0.62852  0.790333  
0.961812  0.307543  
0.554748  0.843753  
0.98899  0.203871  
0.99604  0.166034  
0.720374  0.707619  
0.811507  0.600932  
0.76484  0.659305  
0.265146  0.974352  
0.462221  0.897784  
0.495941  0.879606  
0.819473  0.590024  
0.790506  0.628303  
0.0981858  1.005  
0.473358  0.891962  
0.248234  0.978797  
0.746477  0.680027  
0.927635  0.398945  
0.921928  0.411962  
0.0636417  1.00778  
1.00978  1.48454e-20  
0.892758  0.471855  
0.798107  0.618619  
0.53659  0.855415  
0.144237  0.99943  
0.390402  0.931263  
0.48463  0.885888  
0.278298  0.970677  
0.510222  0.871399  
0.728133  0.699633  
0.122601  1.00231  
0.648671  0.773879  
0.599174  0.812806  
0.729128  0.698596  
0.770472  0.652716  
0.342412  0.949957  
0.75549  0.669999  
0.722125  0.705833  
0.824312  0.583244  
0.945232  0.355248  
0.261211  0.975414  
1.00207  0.124557  
0.639342  0.781605  
0.325042  0.956039  
0.433786  0.911862  
0.587532  0.821261  
0.703725  0.724179  
0.794422  0.623344  
0.678028  0.748293  
0.940138  0.368517  
0.995817  0.167369  
0.150126  0.998562  
0.866688  0.518184  
0.810381  0.60245  
0.446637  0.905638  
0.187541  0.992216  
0.695337  0.732237  
0.500868  0.87681  
0.649637  0.773069  
0.410518  0.922572  
0.95118  0.339001  
0.836079  0.566247  
0.488215  0.883918  
0.992919  0.183781  
0.960435  0.311814  
0.902926  0.452094  
0.831176  0.57342  
0.473234  0.892028  
0.981359  0.237903  
0.933717  0.384494  
0.686813  0.740238  
0.859736  0.52964  
0.745916  0.680642  
0.66862  0.75671  
0.897748  0.46229  
0.658912  0.765179  
1.00978  1.48454e-20  
0.762352  0.662181  
0.916837  0.423171  
6.18314e-17  1.00978  
0.712843  0.715205  
0.98883  0.204645  
0.542991  0.851367  
0.886229  0.484005  
0.61699  0.799367  
0.098331  1.00499  
0.56462  0.837179  
0.387494  0.932476  
0.778086  0.64362  
0.308032  0.961655  
1.00774  0.0641409  
0.521427  0.864741  
0.398641  0.927766  
0.998486  0.150627  
0.12401  1.00214  
0.850635  0.544135  
0.574701  0.830291  
0.843088  0.555758  
0.293398  0.96622  
0.362857  0.942337  
0.168767  0.995581  
0.532265  0.858113  
0.97128  0.276186  
0.0654614  1.00766  
0.928549  0.396812  
0.627973  0.790768  
0.27746  0.970917  
0.376497  0.93697  
0.910281  0.437095  
0.60774  0.806422  
0.817445  0.592831  
0.458721  0.899577  
0.873303  0.506957  
0.55645  0.842631  
0.41927  0.918627  
0.922543  0.410583  
0.803514  0.611579  
0.2039  0.988984  
0.737199  0.690073  
0.968051  0.287301  
0.983995  0.226753  
0.879499  0.49613  
0.509254  0.871966  
0.892115  0.47307  
0.786069  0.633845  
0.24574  0.979426  
0.218683  0.98582  
0.955635  0.326228  
0.976839  0.255832  
0.231732  0.982835  
0.964292  0.299674  
1.00503  0.0978409  
0.17104  0.995193  
0.582763  0.824652  
0.562742  0.838442  
0.610567  0.804284  
0.287974  0.967851  
0.877217  0.500155  
0.249558  0.97846  
0.498405  0.878212  
0.0682149  1.00748  
0.374568  0.937743  
0.671269  0.754362  
0.887807  0.481107  
0.713026  0.715023  
0.983128  0.230483  
0.857786  0.532792  
0.322561  0.956879  
0.147526  0.998949  
0.990467  0.196567  
0.955355  0.327048  
0.730381  0.697285  
0.402255  0.926204  
0.997785  0.155204  
0.532578  0.857919  
0.473122  0.892087  
0.233644  0.982382  
0.776372  0.645686  
0.0955067  1.00526  
0.361295  0.942937  
0.662739  0.761867  
0.906271  0.44535  
0.986855  0.213964  
0.723458  0.704466  
1.001  0.132922  
0.99334  0.181494  
0.940214  0.368324  
0.681904  0.744763  
0.510929  0.870985  
0.425686  0.915672  
0.387753  0.932369  
0.62436  0.793623  
0.6457  0.77636  
0.871913  0.509344  
0.26707  0.973826  
0.761722  0.662905  
0.689517  0.73772  
0.59213  0.817952  
0.461593  0.898107  
0.486394  0.884921  
0.522175  0.86429  
0.30804  0.961652  
0.92767  0.398864  
0.121753  1.00242  
6.18314e-17  1.00978  
0.826482  0.580164  
0.949099  0.344783  
0.743805  0.682948  
0.806238  0.607983  
0.799184  0.617227  
0.737173  0.690101  
0.347808  0.947995  
0.980426  0.241721  
0.882989  0.489891  
0.960756  0.310825  
1.00478  0.100404  
0.768547  0.654981  
1.00978  1.48454e-20  
0.704618  0.72331  
0.542169  0.85189  
0.698175  0.729531  
0.449078  0.90443  
0.414607  0.920741  
0.813362  0.598419  
0.96556  0.295563  
0.554998  0.843588  
0.922113  0.411548  
0.977122  0.254748  
0.899213  0.459433  
0.835345  0.567329  
0.653567  0.769749  
0.636773  0.783699  
0.751355  0.674633  
0.819649  0.58978  
0.934698  0.382105  
0.194786  0.990819  
0.336854  0.951942  
0.842646  0.556427  
1.00782  0.0628806  
0.791315  0.627283  
0.783536  0.636973  
0.94434  0.357613  
0.602204  0.810564  
0.893119  0.471172  
0.212399  0.987193  
0.918098  0.420427  
0.850882  0.54375  
0.862802  0.52463  
0.972689  0.271184  
0.572498  0.831811  
0.43662  0.910509  
0.913173  0.431021  
0.208457  0.988033  
0.900254  0.457391  
0.364299  0.94178  
0.544463  0.850426  
0.82327  0.584713  
0.994269  0.17633  
0.439296  0.909221  
0.91176  0.434002  
0.142782  0.999638  
0.188892  0.991959  
0.565056  0.836884  
0.816698  0.593859  
0.423373  0.916744  
0.518107  0.866735  
0.713679  0.714371  
0.836227  0.566029  
0.321827  0.957127  
0.453366  0.902288  
0.961282  0.309195  
0.887091  0.482425  
0.793732  0.624223  
0.933452  0.385139  
0.377554  0.936545  
0.289595  0.967367  
0.865891  0.519516  
0.927532  0.399185  
0.227273  0.983875  
0.0973768  1.00508  
0.605925  0.807787  
0.990613  0.195832  
0.843745  0.554759  
0.956198  0.324575  
0.756259  0.66913  
0.584893  0.823143  
0.166679  0.995933  
0.404693  0.925142  
0.635478  0.784749  
0.530739  0.859058  
0.97433  0.265228  
0.722218  0.705737  
0.475336  0.89091  
6.18314e-17  1.00978  
0.594334  0.816352  
0.626074  0.792272  
0.255351  0.976965  
0.829927  0.575226  
0.7386  0.688574  
1.00408  0.107184  
0.413124  0.921408  
0.858087  0.532308  
1.00978  1.48454e-20  
1.00065  0.135475  
0.506871  0.873353  
0.747766  0.678609  
0.986808  0.214182  
0.353949  0.945719  
0.879347  0.496401  
0.951768  0.337345  
0.616641  0.799636  
0.906149  0.445599  
0.997488  0.157102  
0.554824  0.843703  
0.463851  0.896943  
0.694078  0.73343  
0.810938  0.6017  
0.801272  0.614513  
0.939339  0.370549  
0.670276  0.755244  
0.851223  0.543215  
0.704889  0.723046  
0.981586  0.236967  
0.662396  0.762165  
0.779574  0.641816  
0.686824  0.740227  
0.978249  0.250384  
0.272651  0.972278  
0.771854  0.65108  
0.917306  0.422154  
0.654015  0.769369  
0.066012  1.00762  
0.873305  0.506954  
0.340083  0.950793  
0.730145  0.697533  
0.122258  1.00236  
0.39155  0.930781  
0.764383  0.659835  
0.970586  0.278616  
0.966057  0.293934  
0.241263  0.980539  
0.894645  0.468267  
0.786906  0.632805  
0.576434  0.829089  
0.303636  0.963052  
0.946385  0.352163  
1.00726  0.071342  
0.922425  0.410847  
0.486376  0.884931  
0.645247  0.776737  
0.677785  0.748513  
0.496564  0.879254  
0.136063  1.00058  
0.967706  0.288459  
0.717097  0.71094  
0.368541  0.940128  
0.867962  0.516049  
0.92389  0.407542  
0.893393  0.470651  
0.314358  0.959606  
0.248474  0.978736  
0.628343  0.790474  
0.183132  0.993039  
0.673877  0.752033  
0.681794  0.744863  
0.267283  0.973768  
0.853126  0.540222  
0.498011  0.878435  
0.936312  0.378132  
0.66576  0.759229  
1.00025  0.138399  
0.32773  0.955121  
0.6187  0.798044  
0.486406  0.884914  
0.656485  0.767262  
0.379705  0.935675  
0.946732  0.35123  
0.429779  0.913758  
0.0693152  1.0074  
0.838223  0.563069  
0.786257  0.633611  
0.734956  0.692461  
0.911413  0.43473  
0.90546  0.446996  
0.460372  0.898733  
0.881626  0.492341  
0.812766  0.599228  
0.637501  0.783107  
0.977373  0.253785  
0.986258  0.216702  
0.545097  0.85002  
0.91651  0.423879  
0.941608  0.364744  
0.7579  0.667272  
0.845343  0.552322  
0.932041  0.388541  
0.647731  0.774667  
0.752681  0.673154  
0.898739  0.460361  
0.240263  0.980784  
0.795031  0.622567  
0.300459  0.964048  
6.18314e-17  1.00978  
0.997158  0.159184  
0.159622  0.997088  
0.725708  0.702148  
0.887962  0.480819  
0.710334  0.717697  
0.471961  0.892702  
0.417629  0.919375  
1.00523  0.0958428  
0.532219  0.858141  
0.830503  0.574394  
0.114124  1.00331  
0.341431  0.95031  
0.405212  0.924915  
0.820598  0.588458  
0.440505  0.908636  
0.449701  0.90412  
0.993528  0.180459  
0.98191  0.235618  
0.088889  1.00586  
1.0077  0.0647847  
0.803921  0.611045  
1.00978  1.48454e-20  
0.874528  0.504841  
0.950778  0.340125  
0.600269  0.811998  
0.770832  0.65229  
1.00303  0.116571  
0.990273  0.197544  
0.353557  0.945865  
0.765215  0.65887  
0.511414  0.870701  
0.28415  0.96898  
0.392327  0.930453  
0.778688  0.642891  
0.972035  0.273517  
0.962839  0.304309  
0.609098  0.805396  
0.700014  0.727766  
0.690727  0.736587  
0.568035  0.834865  
0.743403  0.683385  
0.582052  0.825154  
0.21793  0.985987  
0.556916  0.842323  
0.522119  0.864324  
0.860885  0.527769  
0.200156  0.989748  
0.591579  0.818351  
0.958206  0.3186  
