2.20195  3.02813  1.86818  
2.534  1.08685  2.56827  
1.60156  2.26065  5.63904  
2.16938  2.19173  3.06861  
1.63763  3.85173  3.48837  
1.93979  2.07333  4.55436  
2.1402  2.48534  3.07717  
1.57861  3.04901  4.88694  
0.878019  2.06817  6.20499  
2.42704  2.02259  2.29369  
0.894168  0.649778  6.38505  
0.832293  1.51664  6.42209  
2.02022  2.20049  4.51634  
1.45653  2.79863  5.6729  
1.22247  3.74915  4.04031  
1.08944  0.907093  6.49828  
1.15553  1.26717  6.47702  
0.726083  2.49227  6.00536  
1.40389  3.13074  5.11193  
2.24123  1.95938  3.49317  
1.09491  3.82277  4.03357  
2.25966  2.48152  3.62555  
1.07999  1.35361  6.42885  
2.31656  1.9674  3.77597  
1.44642  2.91538  4.98035  
1.79358  3.06508  4.06826  
1.82403  2.65591  4.20216  
2.37184  2.87568  1.07008  
1.14423  1.86469  6.03323  
1.45505  3.15035  4.40729  
2.35419  1.8432  3.5392  
1.63161  2.08868  5.20653  
0.843019  3.94188  3.7978  
1.36267  1.96385  5.23198  
1.67726  3.57934  3.95407  
1.91323  2.39953  4.32835  
2.09629  2.19429  4.42468  
2.24203  2.73863  1.70252  
1.08468  3.43105  4.66695  
2.21888  2.52997  2.93858  
1.46682  1.50226  5.92303  
1.51765  2.51376  5.44275  
1.35111  2.72824  5.33354  
2.18355  2.58001  3.50889  
2.36235  2.28278  3.10519  
2.50492  2.46631  1.78197  
0.7399  1.36272  6.56496  
1.59816  3.34387  4.27079  
1.65576  3.87358  2.31549  
0.71394  0.658771  6.61065  
2.14765  1.46099  4.39087  
1.4042  0.752128  6.02384  
2.26174  2.2239  3.84825  
1.6705  3.48736  3.32457  
1.72692  3.5593  3.1695  
1.88198  3.18096  4.22266  
2.13968  2.6455  4.07638  
0.875822  3.45031  4.6488  
1.80189  1.69651  5.47056  
2.08409  2.85723  3.71885  
1.79319  2.6222  5.11603  
1.99968  2.3945  4.47647  
0.998074  1.87395  6.46353  
1.21809  4.22433  3.08703  
2.05325  3.02644  3.33861  
1.39033  1.5205  6.09192  
2.47513  1.90551  2.67667  
2.39791  2.05649  2.67013  
1.28615  3.91621  3.7323  
1.79171  1.50378  5.40227  
1.84935  3.2161  1.59554  
1.44933  3.83455  3.59984  
1.87159  1.94798  4.94181  
1.88138  2.34365  4.56614  
1.76345  2.59474  4.50455  
1.68937  2.0205  5.42766  
1.92388  2.14784  4.93821  
1.67166  1.63664  5.40068  
0.891584  1.90784  6.12464  
1.50489  1.85777  5.80654  
2.00014  3.38127  2.55079  
1.94762  2.44526  4.09807  
1.83631  3.33808  3.33857  
1.61394  1.02613  5.94399  
1.62878  1.80727  6.04654  
1.19236  3.93284  3.62356  
1.84976  3.63266  3.49222  
2.16353  2.20919  3.5472  
1.73964  2.97472  4.62994  
1.13851  2.16767  5.89842  
2.45761  1.2288  3.32544  
0.912117  1.00007  6.57837  
1.40837  1.99935  5.89672  
1.10384  1.92181  6.07734  
1.859  3.29814  3.56099  
1.73191  1.37804  5.77819  
2.30455  1.80931  3.40389  
2.20905  2.56488  2.91803  
1.1884  1.52666  6.13254  
1.58842  3.21788  4.56828  
0.235146  2.25288  5.11774  
0.320425  0.484433  5.9945  
1.85103  1.10507  2.37047  
0.0744701  3.23242  3.75647  
2.00571  0.823818  1.36761  
0.463423  2.3908  4.85351  
0.840068  3.1999  3.08112  
1.1763  3.01658  2.5609  
0.375771  1.46312  5.63356  
0.245804  3.45718  3.2523  
0.775228  3.75598  1.20212  
1.9126  0.953287  2.10171  
0.724132  2.93437  3.82259  
0.605631  2.70872  4.31868  
1.64967  1.7181  2.84377  
1.35843  2.19633  3.45063  
1.2605  1.33773  4.54815  
0.907283  3.58618  1.63299  
1.27666  2.79374  2.60685  
0.896605  1.13231  5.3059  
1.2397  3.17901  1.70535  
0.636785  3.70643  1.88302  
1.4325  1.79435  3.64875  
1.60963  1.545  3.24425  
1.32581  3.22847  0.0874747  
0.142665  2.58188  4.71534  
1.34098  2.82127  2.16766  
1.95365  1.45529  0.0764422  
0.07404  3.27707  3.66321  
0.956824  3.15226  2.84267  
0.0722914  3.87368  1.93778  
0.0802711  4.07991  0.119625  
0.792552  0.0762208  5.67817  
1.54461  1.97028  2.96717  
1.22286  2.37159  3.56102  
1.75345  0.0778233  3.35357  
1.31089  1.53063  4.24063  
1.73392  1.72861  2.32172  
1.47099  2.92289  0.0694145  
1.48304  0.0803345  4.35723  
0.0713789  2.95328  4.23219  
1.66178  2.51904  0.07755  
0.0829973  0.0829814  6.08298  
1.60746  0.0704196  3.90938  
0.0716856  2.27665  5.07772  
0.127725  1.70799  5.55334  
1.38639  2.44076  2.95347  
2.06885  0.0688518  0.0688525  
0.872469  3.41977  2.33126  
1.04311  1.94098  4.50221  
1.06078  0.0689235  5.27911  
0.603179  3.39183  3.0457  
0.0658213  3.52383  3.05603  
0.735172  3.85224  0.0758548  
0.636747  1.80168  5.19289  
0.519152  0.0773645  5.92915  
1.10874  3.49357  0.0724291  
0.964684  3.6676  0.0801077  
1.86828  0.0780627  2.75317  
0.071894  1.35013  5.75728  
0.854879  2.70627  3.93682  
1.82016  2.00477  0.0697537  
0.604963  3.93669  0.0784852  
1.33976  0.0796699  4.73415  
1.12993  2.21792  4.03284  
1.5033  2.34025  2.52521  
1.13614  2.73807  3.2002  
0.104104  3.72474  2.5297  
1.93864  0.0724143  2.22989  
1.51687  2.64741  1.68196  
1.68785  1.33632  3.07392  
0.805097  2.4634  4.36622  
1.9913  0.0756577  1.79893  
1.20362  0.0861433  5.0622  
0.692431  1.25706  5.49176  
1.69411  2.23064  1.42486  
0.788329  3.04209  3.49274  
1.04248  1.33956  4.96355  
1.85657  1.5312  1.69795  
1.18753  3.14373  2.06471  
2.01954  1.07079  0.0879897  
1.59106  2.68132  0.504978  
0.436969  3.9939  0.614758  
0.593468  2.19394  4.92943  
0.13005  2.78805  4.47936  
0.125726  4.07431  0.0755663  
1.57847  1.27688  3.5897  
0.176359  3.11723  3.96632  
0.105649  0.901082  5.9472  
0.932517  0.0814092  5.51101  
1.89621  1.74524  0.0781809  
1.69055  0.0753003  3.61346  
1.16627  1.2474  4.78361  
0.869558  1.63638  5.06537  
1.03336  2.60258  3.71468  
1.81148  1.23288  2.5273  
1.268  3.29281  0.646743  
1.51003  1.24129  3.89876  
0.55933  0.829973  5.78881  
0.881074  2.11527  4.68222  
1.23001  1.78861  4.26757  
0.570391  3.01439  3.89274  
0.195911  3.7991  2.22483  
0.0848636  1.842  5.47414  
0.875468  3.74331  0.0764169  
0.640712  3.53113  2.59215  
1.32367  3.20558  0.0772939  
1.48599  1.50259  3.74118  
0.848183  3.6016  1.73373  
1.20371  2.9214  2.5928  
0.94241  1.67788  4.91522  
0.866224  1.08432  5.36495  
1.30826  2.03417  3.7851  
1.77809  1.16077  2.79497  
1.66177  2.42611  1.03675  
1.5404  0.224786  4.20258  
1.45573  2.78162  1.71025  
0.953037  3.22492  2.68137  
1.92185  1.11425  1.79438  
1.29756  2.60413  2.94465  
0.632876  2.74694  4.20579  
1.25969  3.29628  0.0744061  
0.957061  3.66193  0.0734702  
1.73157  1.56354  2.56127  
1.72673  0.518141  3.39724  
0.807227  1.62366  5.14744  
0.0664363  2.89521  4.30856  
0.88786  3.39906  2.34086  
1.37766  1.62565  3.96568  
1.75136  2.25401  0.074369  
1.46054  1.92348  3.37811  
0.069656  1.31416  5.77187  
1.55143  2.06188  2.77796  
1.03128  2.99038  2.97559  
1.03215  1.84809  4.58369  
1.95323  0.0711068  2.10056  
1.31897  2.80754  2.31419  
1.09363  0.0654077  5.21174  
0.0702001  3.8737  1.92764  
1.58947  1.33294  3.4959  
0.0699076  3.25486  3.6998  
1.60764  2.62105  0.0680013  
0.867701  2.63057  4.01509  
1.01165  1.23927  5.06903  
1.80744  0.0727705  3.05912  
0.0952139  3.99563  1.30222  
0.752837  0.0735648  5.71691  
1.87058  1.80236  0.0682918  
0.940675  0.0797915  5.4955  
1.43896  0.0696689  4.44293  
1.98364  1.25838  0.0734133  
0.919071  2.36377  4.30489  
0.081378  0.0813625  6.08136  
1.8498  1.45439  1.94211  
1.38791  3.09148  0.0746409  
0.104107  0.884348  5.95206  
2.06819  0.0681934  0.0681934  
0.0763879  4.07639  0.0763879  
1.50314  2.88218  0.0772666  
1.63598  1.64028  2.96912  
1.11949  3.47841  0.0715112  
1.28531  0.0712627  4.83784  
1.63929  0.0736545  3.80717  
1.18975  1.31548  4.68802  
0.0700949  1.97897  5.3428  
0.775988  3.81814  0.0732149  
1.04661  3.42917  1.58615  
0.0603537  3.57378  2.90114  
0.138278  2.45724  4.85903  
1.25047  2.36171  3.48767  
0.541049  3.96468  0.0748606  
1.37368  0.0748604  4.63615  
0.721227  3.1381  3.40719  
1.88475  0.0707261  2.59664  
0.519376  0.0757125  5.92622  
0.708076  2.27997  4.69176  
0.0706095  1.63925  5.58996  
1.45259  2.49218  2.43968  
0.0821693  3.7357  2.48158  
1.12387  2.11262  4.14978  
2.03091  0.913685  0.0753344  
1.68626  2.10244  1.90703  
0.118018  2.7066  4.58539  
1.156  3.16771  2.04316  
1.58163  2.42028  1.85872  
0.0736911  3.46284  3.26048  
0.0730799  3.07474  4.03885  
1.12808  2.70397  3.29217  
0.123729  2.22766  5.12579  
0.684826  3.63315  2.07713  
2.0173  0.0726177  1.47401  
1.51689  0.831194  4.08036  
0.656548  2.03788  5.0046  
0.713935  1.37583  5.41032  
0.795304  2.8781  3.76135  
1.93513  1.55679  0.0770218  
0.675689  3.33766  3.02443  
1.29657  1.45339  4.3522  
1.79724  1.92594  1.37489  
1.20294  0.0732509  5.02426  
0.637983  0.194785  5.83142  
0.55793  3.02316  3.87673  
1.77261  1.04439  2.90667  
0.909322  3.59466  1.46478  
0.665865  3.89848  0.076254  
0.859814  0.0792765  5.60339  
0.613099  3.52597  2.64164  
0.588254  1.03572  5.68928  
1.2063  2.91847  2.57667  
0.971748  1.78274  4.77395  
0.897119  1.058  5.3376  
0.61176  2.78334  4.17467  
1.07363  2.48973  3.79396  
0.957082  3.22531  2.66244  
1.61246  1.75372  2.93094  
1.27914  2.05915  3.81085  
0.578888  1.77666  5.28412  
1.83345  1.16722  2.43084  
1.30537  1.35707  4.38909  
1.0292  3.42968  1.65842  
1.18667  0.244755  5.04598  
1.39  2.32206  3.08384  
1.26011  3.29497  0.0741332  
0.881909  3.39917  2.35535  
1.93505  1.55523  0.076694  
0.898119  2.63089  3.9569  
2.01755  0.0721144  1.46404  
1.32125  2.80193  2.309  
0.958201  3.65988  0.0730018  
1.98357  1.25431  0.0728069  
0.830689  1.56951  5.14391  
1.33793  1.67426  4.03451  
0.518245  0.0754821  5.92661  
1.75219  2.24949  0.0738905  
1.27625  0.0700151  4.85592  
1.45026  2.74648  1.77406  
1.02942  2.99588  2.96804  
1.54709  2.07865  2.76365  
1.95228  0.0703041  2.10097  
0.871171  2.08682  4.64018  
1.80282  0.0694078  3.06232  
0.0696775  2.25106  5.09895  
1.60826  2.61847  0.0676864  
0.069252  1.31281  5.77193  
1.1451  2.69633  3.23665  
1.43959  0.0685149  4.43674  
0.0661788  2.89476  4.3086  
0.0693653  1.97766  5.34255  
1.08904  0.0651414  5.21924  
1.10136  2.14717  4.17057  
0.132822  2.45949  4.85461  
1.72617  0.0736884  3.4536  
0.0808408  0.0808408  6.08084  
1.63426  0.0701431  3.80936  
2.06799  0.0679906  0.0679906  
1.36324  0.0726992  4.65641  
1.87087  1.79954  0.0679763  
1.04826  1.32579  4.95461  
0.0758807  4.07588  0.0758807  
1.11976  3.4763  0.0707118  
0.750687  0.0731192  5.7183  
0.053377  3.57653  2.89326  
0.069596  3.25455  3.69949  
0.11042  2.69373  4.60217  
1.24704  2.36619  3.48481  
1.728  1.57149  2.56363  
1.38551  3.09069  0.0728288  
0.773809  3.81802  0.0722122  
0.0695319  3.87567  1.91478  
0.952277  0.0708516  5.45674  
1.85432  1.44893  1.9069  
1.5736  1.37171  3.5182  
1.1618  1.62538  4.52528  
1.50307  2.87534  0.0749669  
0.714227  3.13544  3.42204  
0.537958  3.96498  0.0740678  
0.0726004  3.0716  4.04293  
1.88164  0.0728167  2.63277  
0.0774316  3.74224  2.45759  
1.46963  2.47033  2.39372  
0.0798506  1.68671  5.57444  
1.53695  0.0723687  4.15832  
1.69771  2.03637  1.96826  
0.714532  3.62427  1.99718  
0.0733972  3.46249  3.26035  
1.15469  3.16858  2.04349  
1.44257  1.96064  3.38955  
0.683386  1.24148  5.50447  
0.738778  2.49632  4.3976  
2.03051  0.904651  0.074099  
0.077891  3.99101  1.30316  
0.616197  3.78675  1.57108  
0.103448  0.87911  5.95304  
0.797294  2.88608  3.73915  
1.67446  1.27219  3.15836  
1.6457  2.37549  1.43123  
0.672093  3.33694  3.02904  
0.686296  2.01202  4.98785  
1.80245  1.9219  1.29748  
1.48294  1.28403  3.93217  
1.23854  1.79689  4.37101  
1.89398  1.24295  2.25187  
1.90765  1.5788  1.016  
1.41626  0.748553  4.41147  
1.65381  1.77273  2.74968  
0.735245  0.0730351  5.7346  
0.555398  3.02113  3.88248  
0.63843  3.91407  0.0756785  
0.94668  2.86303  3.48493  
0.966403  3.52198  1.59971  
0.890688  3.22761  2.84558  
0.619564  3.51567  2.65742  
0.496959  0.944149  5.7929  
0.876872  0.926366  5.42201  
0.0910135  0.729296  5.996  
0.965767  1.7331  4.82428  
1.31162  1.04849  4.5462  
1.32984  2.37287  3.19896  
0.602086  1.79937  5.23825  
1.77743  1.87737  1.63853  
1.30028  3.07787  1.5886  
1.69585  1.51254  2.88191  
1.24991  0.0789147  4.94295  
1.49724  0.0699423  4.27295  
0.907665  3.4152  2.21129  
0.856601  1.58177  5.09751  
1.87997  0.0721573  2.63852  
1.32404  1.54122  4.18558  
0.841382  2.69292  3.94158  
1.28115  3.26326  0.0740142  
1.75739  0.0695806  3.28855  
1.98554  0.0719357  1.8164  
1.72973  1.69849  2.37222  
0.0693364  3.87469  1.91824  
1.04148  1.93661  4.51019  
1.46101  1.22859  4.03847  
1.53573  1.94949  3.01329  
2.00959  1.08083  0.0739827  
1.6321  2.58368  0.0745281  
1.37698  2.67104  2.37145  
0.069185  1.97747  5.34237  
0.0693483  3.25481  3.69824  
0.577412  3.79316  1.6527  
0.0690571  2.47195  4.8658  
1.69552  0.0733421  3.58288  
1.05398  3.07088  2.70639  
1.43908  2.97935  0.0867033  
2.06774  0.0677351  0.0677351  
0.0658241  2.8944  4.30824  
0.0808098  0.0808098  6.08081  
1.26797  2.06776  3.83086  
0.0758303  4.07583  0.0758303  
0.789214  0.0706367  5.67  
1.61266  0.0650428  3.86555  
1.09308  0.0710981  5.22862  
1.5885  1.3504  3.48528  
0.0529995  3.5756  2.89441  
0.946881  0.076965  5.47967  
0.0709392  1.43259  5.7126  
1.94647  1.50035  0.0773129  
0.711143  2.28768  4.68496  
1.79083  2.09906  0.0678784  
1.08903  3.51346  0.0707391  
0.554803  0.0805869  5.9078  
1.23821  2.33015  3.56463  
0.740778  3.84146  0.0718381  
1.37744  0.0750975  4.62869  
0.103153  1.08561  5.88087  
0.924079  3.69242  0.0728257  
0.711477  3.16829  3.35786  
1.88026  1.78847  0.0734263  
1.60265  2.37013  1.83587  
0.0758167  3.74145  2.45896  
1.09068  2.76013  3.25739  
1.47372  1.66281  3.63465  
0.110311  2.70585  4.58569  
0.514223  3.97595  0.0740328  
0.0710866  3.43888  3.30776  
1.15739  1.3077  4.75191  
1.45111  2.32598  2.79037  
0.0720457  3.07265  4.03965  
0.0750752  2.22097  5.13857  
1.12963  2.21077  4.03018  
1.17418  3.1855  1.8751  
0.682361  3.62927  2.06862  
1.85648  1.42335  1.91685  
1.50266  2.72003  1.37727  
0.600745  2.60498  4.435  
1.71034  2.38635  0.089837  
0.079308  1.75614  5.52665  
0.903124  2.39729  4.26539  
0.0773545  3.99029  1.30618  
0.6778  3.34927  2.98445  
1.8016  1.09548  2.73893  
0.670505  1.29416  5.49852  
0.762238  2.93943  3.70591  
1.21454  2.92825  2.51071  
0.722301  1.99706  4.95913  
1.66487  2.1261  2.03335  
1.18201  3.40551  0.0746238  
0.0657679  2.00244  5.31562  
1.61837  1.9685  2.58017  
0.0754328  4.07543  0.0754328  
1.26811  3.04397  1.86821  
0.762023  2.01286  4.88815  
1.98251  0.0716493  1.84295  
1.93445  0.0716493  2.25564  
1.95295  1.41  0.0687373  
0.0523551  3.51185  3.06428  
1.05227  2.54539  3.74933  
0.78166  0.0712001  5.67987  
1.01996  1.11916  5.1074  
0.0691823  3.08778  4.00595  
0.809917  3.78946  0.07182  
1.80311  2.0562  0.0677383  
0.871139  2.68103  3.90213  
2.06755  0.0675522  0.0675522  
0.677191  3.63717  2.07603  
0.760288  3.02216  3.55715  
1.14174  3.23078  1.86818  
0.0523415  3.58635  2.8629  
1.79397  0.0650381  3.08121  
1.28032  2.65067  2.86396  
1.50174  0.0683522  4.25269  
0.960638  3.65693  0.07273  
1.46415  2.68599  1.81984  
1.04347  1.95857  4.48161  
0.907912  3.55578  1.66771  
1.34109  1.56056  4.1212  
0.969288  1.75464  4.7948  
1.10755  2.2611  4.01376  
1.70956  2.35358  0.0682107  
1.85093  1.26147  2.11422  
0.810352  2.48403  4.28442  
1.92548  1.19234  1.63046  
1.18595  3.39154  0.0708983  
0.0691419  1.022  5.89642  
1.40966  2.07933  3.3382  
2.03033  0.0716493  1.28495  
1.68552  1.39573  2.98705  
1.27671  3.25601  0.0684558  
0.85384  3.42785  2.29734  
1.30462  1.93481  3.86571  
0.610276  1.10492  5.62988  
1.79477  1.01105  2.74996  
1.8735  0.0698723  2.6626  
1.63206  1.16317  3.44897  
1.03337  3.06986  2.78687  
0.0662729  2.23768  5.10525  
1.70302  0.0663043  3.51456  
1.53832  2.78093  0.068481  
0.962517  0.0706161  5.44096  
0.0696301  0.06969  6.06963  
1.60912  0.0650076  3.87834  
1.38841  0.070656  4.58417  
0.723372  3.23435  3.15146  
2.01883  0.99609  0.0728318  
1.33781  2.88306  1.99378  
1.26126  0.0709383  4.89259  
0.054121  3.24058  3.68104  
1.6039  2.24047  2.10973  
1.88015  1.75937  0.0677937  
0.0693122  2.73475  4.5431  
1.44  2.97745  0.0676674  
1.5364  1.33612  3.67907  
1.73543  1.73515  2.26593  
1.54739  1.86566  3.07725  
0.738651  1.36484  5.37539  
1.09771  3.50293  0.0706471  
1.16677  1.36359  4.69765  
1.55571  0.0683521  4.07957  
0.889661  1.60202  5.03594  
0.052262  3.95682  1.35515  
0.585795  0.0733427  5.87283  
1.75406  0.0650381  3.27829  
0.0531297  3.7862  2.20821  
0.866991  0.0712526  5.57591  
1.75161  1.98729  1.56408  
1.0777  2.77633  3.28758  
0.0687785  1.36972  5.74258  
0.0660955  2.5988  4.71014  
0.0657575  2.90411  4.29346  
1.12438  0.0702292  5.16914  
0.0523148  3.40306  3.32922  
1.31135  1.21798  4.45142  
0.0688699  2.49647  4.83754  
1.22191  2.39984  3.50939  
1.34932  3.14432  0.0698849  
0.0521358  3.87575  1.81423  
0.63232  2.80379  4.11967  
1.21608  1.71925  4.32128  
0.577808  3.9425  0.0723479  
0.713622  2.31241  4.64348  
0.621924  1.8245  5.20454  
1.46876  2.43462  2.4603  
0.0733697  0.72067  5.98922  
0.0540262  4.01949  0.84078  
1.63691  2.5473  0.0676457  
0.069903  1.77166  5.49983  
0.0521358  3.72846  2.41656  
0.0519701  2.47953  4.82068  
0.0536097  2.12359  5.18773  
0.0520561  3.9517  1.38761  
0.853445  1.21221  5.31702  
0.0519657  3.53981  2.9894  
1.52771  1.24366  3.77071  
1.23401  0.0649893  4.93331  
1.66108  0.0649894  3.68059  
1.39993  2.81809  1.80112  
1.10741  2.83081  3.08733  
0.0519092  2.29028  5.02451  
0.0518229  3.01009  4.09032  
0.051863  2.67644  4.57968  
2.03636  0.0648991  1.07489  
0.828469  1.95523  4.84763  
1.74978  1.10292  2.92264  
1.18921  1.91286  4.20405  
1.95497  0.0649351  2.02709  
0.0519797  1.14506  5.8236  
0.053146  1.72632  5.50302  
0.698177  1.80716  5.13072  
1.22093  2.52583  3.31127  
1.47884  1.84443  3.37948  
0.0518214  3.74833  2.34432  
0.722271  3.65264  1.84901  
0.954904  2.68578  3.73654  
1.28681  3.23885  0.0677693  
1.89085  1.24594  1.78725  
1.85336  0.0649915  2.7512  
0.0518756  4.05188  0.0518758  
1.58268  0.0650196  3.97275  
1.9052  0.0651807  2.41656  
0.997884  1.35882  5.01638  
1.72182  0.0648838  3.42511  
0.956716  3.47715  1.70241  
1.09411  2.3402  3.9107  
0.999408  3.10303  2.80016  
1.23409  2.9943  2.19783  
1.29644  2.10606  3.68384  
1.07575  1.7483  4.5965  
1.50513  0.0649324  4.22817  
0.794468  2.50627  4.28197  
0.0519657  3.64295  2.69504  
1.82007  1.39493  2.16474  
1.70413  2.36643  0.0674605  
0.0518565  3.85437  1.91386  
0.657221  1.34058  5.48141  
1.42851  0.0649241  4.45418  
1.11367  3.2459  1.9969  
1.74819  1.8647  1.89016  
0.855919  0.0650829  5.57609  
1.53104  2.60587  1.57407  
1.96589  1.32781  0.06772  
1.07683  3.52671  0.0702458  
0.711043  3.22835  3.17953  
0.703754  0.0650281  5.75082  
1.55285  2.00083  2.84991  
1.1212  0.0650388  5.1602  
2.01643  0.9706  0.0680094  
1.18845  3.38065  0.0676981  
0.0518228  3.14964  3.84761  
0.679143  3.47779  2.60142  
1.67463  1.68277  2.69703  
1.30563  1.34837  4.37542  
0.690365  3.87392  0.073544  
1.83929  1.92413  0.0677259  
1.7898  0.0648838  3.10165  
1.62151  2.18226  2.12209  
0.816146  2.97225  3.5117  
0.672446  2.30552  4.6886  
1.35571  3.12774  0.0676803  
0.0521183  0.600332  5.9955  
1.5506  2.75173  0.0676981  
0.958054  3.65444  0.0732972  
1.77038  2.16625  0.0677191  
0.0518655  3.43149  3.26134  
0.998888  0.0649944  5.37071  
0.0542306  1.93337  5.35091  
0.696263  2.79151  4.02269  
0.526183  0.0650316  5.90336  
1.45997  2.43818  2.50269  
1.17816  1.22516  4.75979  
1.60029  1.43062  3.34443  
0.931389  2.18026  4.46232  
1.63643  2.54866  0.0676343  
1.39695  1.58493  3.92922  
1.45337  2.95207  0.0676981  
1.99498  0.0649235  1.63776  
0.89393  3.34799  2.43099  
1.33883  0.0649324  4.69037  
1.91157  1.62283  0.068704  
1.29831  2.71287  2.65351  
0.521613  3.96951  0.0719297  
0.834721  3.76646  0.0702237  
0.0689024  0.068952  6.0689  
0.0518902  2.85975  4.32515  
2.06742  0.0674168  0.0674168  
0.0519404  1.47734  5.65806  
1.38956  2.29514  3.08742  
0.0518229  3.28676  3.58087  
1.65228  0.0648681  3.71466  
1.72381  0.0648016  3.41579  
1.56753  2.49471  1.6183  
0.0519717  1.45495  5.6708  
1.70022  2.3791  0.0678721  
1.1963  2.98204  2.38298  
1.49846  0.0648749  4.24861  
0.594231  3.7746  1.64392  
1.57515  0.0651544  3.99951  
1.14835  1.11121  4.85552  
0.0517455  3.1312  3.88099  
1.30613  2.672  2.68271  
0.0526725  3.49517  3.1081  
0.0517343  2.5425  4.74654  
1.98839  1.18168  0.0675404  
1.65458  1.36693  3.14129  
0.706251  2.79195  4.01538  
1.47032  2.39763  2.5067  
0.68424  3.44012  2.74796  
1.10618  2.30996  3.92697  
0.775953  1.30063  5.36535  
1.97666  0.0648247  1.82667  
0.0517355  3.60711  2.80094  
0.962023  3.65039  0.0701404  
0.631952  1.12163  5.60233  
0.667014  1.75284  5.19328  
1.09139  0.0648482  5.2142  
0.051716  1.9461  5.33617  
0.978994  0.0682838  5.40356  
0.937735  1.35942  5.1122  
0.862979  0.0649973  5.56673  
0.0518147  1.69949  5.51914  
0.834936  1.90897  4.86042  
1.82145  1.31209  2.26666  
1.45835  1.78513  3.50738  
0.0517329  0.817756  5.94068  
1.20507  2.49175  3.38503  
0.811076  2.49809  4.26519  
1.37653  3.09174  0.0675178  
1.76447  2.18449  0.0675243  
0.816809  3.5839  1.80522  
1.55265  1.9688  2.89033  
1.54726  1.28736  3.65167  
1.86447  0.0648262  2.6824  
1.29403  3.2269  0.0674563  
0.051749  3.71685  2.45502  
0.546092  0.0651952  5.88917  
1.53177  2.79215  0.0675049  
1.74791  1.89496  1.82155  
1.39048  2.26248  3.12529  
0.068883  0.0689139  6.06888  
0.0517478  2.37337  4.93771  
1.82852  1.96375  0.0675254  
1.2025  1.82662  4.23218  
1.70867  1.52727  2.68256  
1.64489  2.05517  2.24072  
0.523285  3.96663  0.0704872  
1.19067  3.37716  0.067491  
1.45789  2.95387  0.0712823  
1.30143  2.04821  3.72564  
1.09468  1.64958  4.63719  
0.747554  3.21725  3.1338  
0.0517103  1.16699  5.81377  
1.21747  0.0671891  4.97551  
0.051718  2.17819  5.13362  
0.0517147  3.83985  1.97852  
0.0517077  3.94658  1.41826  
1.11666  3.27234  1.78642  
0.924955  3.36785  2.26987  
0.0517163  4.05172  0.0517163  
0.0517164  2.83911  4.35503  
0.964061  2.6473  3.76665  
1.88897  1.7204  0.0676736  
1.3232  0.0648528  4.72844  
1.07633  3.52132  0.0674902  
1.41892  0.0648295  4.48049  
0.842185  3.76241  0.0713982  
0.0517239  3.26102  3.63305  
0.926343  2.14307  4.48945  
1.92844  0.0648195  2.24246  
1.79484  0.0648228  3.07538  
0.0517185  2.98464  4.13159  
0.698734  2.28487  4.67881  
1.62123  2.58611  0.0674804  
2.0316  0.827222  0.0679619  
2.01985  0.0648695  1.33076  
0.987353  3.12229  2.79071  
0.051695  3.37964  3.38047  
0.0517329  0.296434  6.0405  
0.697526  3.8683  0.0701757  
1.39606  2.80114  1.85409  
0.0517343  2.70637  4.53995  
1.90503  1.19588  1.72623  
1.09496  2.79862  3.17661  
0.837626  2.95064  3.51007  
0.722777  0.0651967  5.73162  
1.29124  1.31444  4.4156  
1.41171  1.42505  4.00089  
2.06734  0.0673429  0.0673429  
1.93926  1.47705  0.0675479  
1.74546  1.86652  1.86688  
0.0526282  3.64751  2.68377  
1.06926  3.52938  0.0674123  
1.47158  2.38047  2.53949  
1.40329  1.41851  4.03919  
1.26648  2.91613  2.23274  
0.0516679  0.311006  6.03904  
1.5102  1.75628  3.34649  
1.27621  3.25404  0.0673697  
1.73145  1.45749  2.63861  
0.909801  3.34206  2.38652  
1.55553  2.49791  1.73968  
0.853386  0.0648679  5.57886  
1.52954  2.79663  0.067404  
1.20404  0.0648786  4.99649  
1.41572  2.80085  1.7224  
0.0516473  3.93557  1.48659  
0.0516746  2.14102  5.16811  
1.49214  0.0648145  4.26763  
1.80027  0.0648484  3.04725  
0.83009  3.76511  0.0673878  
1.24869  2.30839  3.53631  
0.984328  0.064807  5.39307  
1.31924  0.064787  4.7378  
0.0516645  3.8156  2.08238  
1.64534  2.08996  2.13755  
0.0516591  3.01772  4.07728  
0.0516634  1.47046  5.66154  
0.678381  1.67403  5.24005  
1.57959  0.0648373  3.9827  
0.632277  2.8276  4.05411  
1.19651  1.86531  4.20678  
0.67246  3.46127  2.66437  
1.39464  2.20148  3.19915  
1.14203  1.12494  4.86253  
0.0516651  3.53796  2.99325  
1.73214  0.0649706  3.37931  
0.681208  3.87436  0.0673972  
1.37187  3.09948  0.0692691  
0.81814  1.92784  4.8691  
0.0516461  3.41335  3.3032  
1.61228  2.60778  0.0674117  
1.87363  1.78505  0.0674078  
1.92468  0.0648005  2.2711  
0.0516481  4.05165  0.0516481  
1.90583  1.17151  1.72229  
0.0516918  3.16093  3.82641  
0.980261  2.67758  3.68079  
0.720249  2.99613  3.64119  
0.0518249  3.29101  3.57209  
0.54471  0.064802  5.88951  
1.75579  2.21158  0.0674097  
1.92764  1.53641  0.0673965  
1.22615  2.66405  3.02214  
0.706705  0.0648341  5.74744  
2.02462  0.0647786  1.26112  
1.57552  1.94237  2.80536  
1.6604  0.0649751  3.6832  
1.07289  1.65404  4.66568  
1.64995  1.35953  3.15944  
2.02245  0.911218  0.0674495  
0.0517174  2.71734  4.52526  
0.48659  3.95592  0.0516546  
0.953966  3.65368  0.0677792  
0.78764  2.51366  4.28332  
1.55114  1.16186  3.72371  
1.3652  2.55464  2.67562  
1.82304  1.33473  2.19583  
0.0516656  1.71643  5.50733  
1.09839  0.0647919  5.20143  
0.0516804  0.859761  5.92797  
0.0516695  1.2029  5.7978  
0.0516544  1.95533  5.32859  
0.702353  3.64424  1.94288  
1.10266  2.36662  3.86443  
1.27991  1.37465  4.40373  
1.00003  2.9268  3.18043  
0.0516645  3.74316  2.36228  
0.0522579  2.87534  4.30291  
1.97806  1.2498  0.067432  
1.34052  1.94903  3.71749  
1.40823  0.0647878  4.5096  
0.977391  2.13229  4.4097  
0.0655488  0.0647591  6.06476  
0.928457  1.36528  5.11213  
1.17992  3.39137  0.0692247  
0.981285  3.4495  1.74356  
0.0517287  2.54574  4.74266  
0.708825  2.27298  4.67861  
2.06728  0.0672829  0.0672829  
1.81583  2.00963  0.0674182  
1.97631  0.0648006  1.82984  
1.13368  3.20301  1.95493  
0.0516703  2.34561  4.96697  
1.86232  0.0648331  2.69567  
0.79862  3.20668  3.0549  
1.0572  3.08057  2.66212  
1.45174  2.95435  0.0674024  
0.715344  1.2089  5.47236  
1.69132  2.40232  0.0674177  
0.847702  2.08312  4.63551  
1.23186  2.62709  2.97607  
2.01269  0.0517  1.23093  
0.702353  2.35986  4.54655  
1.47465  0.0518929  4.26845  
1.51296  1.19506  3.77497  
1.3528  2.71128  2.25406  
0.45166  3.97084  0.0517101  
1.12234  0.0517386  5.11971  
0.728599  1.78465  5.06571  
1.56007  0.0517338  3.99181  
0.927253  2.58398  3.88293  
0.0518593  3.83523  1.99933  
0.0517635  3.59232  2.84371  
0.0517849  2.64016  4.62625  
1.50806  2.52767  1.81693  
0.0519111  1.95709  5.32732  
1.47318  2.86538  0.051656  
1.17428  2.48146  3.42772  
1.11284  3.44374  0.0523532  
1.58261  1.44214  3.30112  
1.23076  3.05964  1.82139  
0.430928  0.0523208  5.94323  
0.941007  3.36857  2.08347  
0.995945  0.0516814  5.34084  
1.81688  1.93218  0.0516826  
1.11942  2.9315  2.71257  
0.702501  2.75569  4.0217  
1.637  2.21042  1.76162  
0.0519275  1.38143  5.71081  
1.0805  3.1762  2.17494  
0.480338  1.22874  5.64071  
0.0523829  3.27425  3.60822  
1.61842  1.90562  2.53698  
1.3286  2.31971  3.1751  
0.0522254  2.42905  4.87758  
0.75129  3.30417  2.84371  
1.097  1.92945  4.32574  
1.01219  2.2525  4.15405  
0.651379  3.67905  1.82899  
1.18917  3.34176  0.0516903  
1.70626  1.34628  2.81039  
0.0525696  2.96975  4.1562  
1.81774  1.19688  2.29448  
1.79154  0.0650496  3.01751  
1.55038  2.70031  0.0516571  
2.05164  0.0516395  0.0516374  
0.612118  3.51261  2.54832  
1.24189  1.249  4.53181  
0.590609  1.46798  5.42817  
1.91622  0.0516635  2.22212  
0.875939  3.10078  3.05343  
1.6397  0.0518168  3.69946  
1.24525  2.14161  3.70591  
0.899619  3.68539  0.0573745  
1.47728  2.29278  2.58796  
1.84843  0.0516992  2.68718  
0.0517847  1.68002  5.53218  
1.62257  2.52732  0.0516571  
1.75826  2.13727  0.0516431  
0.0548013  2.81933  4.39117  
0.799906  3.77187  0.0575914  
1.39587  1.1729  4.16519  
1.21961  0.051703  4.92243  
0.732003  0.0518418  5.69421  
1.88528  1.65532  0.0528028  
1.94585  1.3353  0.0516393  
0.0517535  3.9372  1.47686  
1.70863  0.0518174  3.4122  
1.87337  1.37716  1.52818  
0.820727  1.15231  5.34005  
0.0612108  2.30448  5.01359  
1.29228  1.66537  4.08796  
0.0516336  3.73337  2.39701  
0.644205  3.87213  0.0543048  
1.03334  3.53813  0.0523532  
1.38914  3.02579  0.0541785  
1.96095  0.0517046  1.83858  
1.99287  1.01468  0.0516953  
0.0546925  0.0516939  6.05169  
1.0767  1.58016  4.66709  
0.0516479  3.43234  3.25861  
0.0516312  4.05163  0.0516312  
1.28659  3.19806  0.0516635  
1.46596  2.02736  3.08791  
0.0516479  2.13739  5.17139  
1.40197  1.7972  3.62107  
0.603018  0.051792  5.8194  
0.560535  3.18978  3.44624  
0.739213  2.93834  3.65778  
1.29467  0.0520695  4.75351  
1.00572  2.81592  3.3114  
0.0517511  3.09809  3.94015  
0.846669  3.54773  1.72851  
1.69313  2.33723  0.0517497  
0.0519525  0.999565  5.88082  
1.75511  1.75045  1.89307  
0.981613  1.32392  5.00931  
0.867788  0.0519938  5.53015  
1.37653  0.0518779  4.54692  
0.526838  3.93719  0.0517057  
1.60346  0.0516661  3.83683  
1.82956  1.884  0.0517284  
0.820096  3.74493  0.0537802  
0.0516557  1.7026  5.51676  
1.3341  2.13233  3.43702  
1.12534  2.40873  3.67515  
1.44959  2.3192  2.67473  
1.02801  3.26734  2.09153  
1.64392  2.1275  1.91889  
0.0517101  2.13549  5.17323  
1.73625  0.0516449  3.28569  
1.70542  2.30135  0.0517064  
1.37742  3.04669  0.0517054  
1.51279  1.73785  3.2816  
1.45048  2.91057  0.0516734  
1.19549  3.10683  1.84837  
0.0517151  2.51745  4.77615  
1.34238  0.0517815  4.6349  
1.96621  0.051663  1.78669  
0.0516018  4.0516  0.0516018  
0.690948  3.84189  0.0517045  
0.983919  3.59045  0.0516249  
1.03332  2.21276  4.15358  
1.71389  1.56311  2.51504  
0.842926  2.11355  4.61538  
1.09156  3.46841  0.0516427  
1.90139  1.23963  1.47998  
0.46957  0.0516587  5.91921  
0.0538115  2.9875  4.12703  
1.2865  3.19824  0.0516787  
0.0516795  3.30557  3.54129  
1.07043  0.0516861  5.21497  
0.841602  0.0517363  5.564  
1.52794  2.75015  0.0516303  
0.894033  3.12655  2.94219  
2.05162  0.0516157  0.0516157  
1.29007  1.25066  4.40675  
0.919608  2.62089  3.84382  
0.0516681  3.44307  3.23307  
1.8106  0.0517233  2.90778  
0.0518837  3.87851  1.79911  
0.966924  0.0517036  5.38662  
0.0518911  3.1637  3.8218  
0.88053  1.43203  5.11115  
1.56651  2.36934  1.85991  
1.12832  2.95404  2.62331  
1.1807  0.0516321  5.00409  
0.0516381  1.9294  5.34942  
1.23757  2.65514  2.89716  
0.681936  2.01795  4.92283  
0.743296  2.40955  4.43267  
0.601126  3.24268  3.27302  
0.0517614  3.5544  2.94928  
0.680407  1.58876  5.26028  
1.62643  1.37062  3.18367  
1.35173  2.86498  1.7822  
1.15647  1.14044  4.7791  
1.5815  1.88234  2.7877  
0.703397  0.0516481  5.72413  
0.735367  0.981726  5.51501  
0.0517253  3.9888  1.11175  
1.89186  1.61879  0.0517284  
0.0541234  3.78994  2.19847  
1.51523  1.2017  3.76485  
0.0522412  3.68917  2.54801  
1.03334  2.76868  3.32544  
0.0520449  1.43393  5.68262  
0.70874  3.40222  2.67062  
1.51365  0.0516661  4.14597  
1.34842  1.46879  4.133  
1.76639  2.11069  0.0517064  
1.26685  2.00805  3.80799  
1.42237  1.66642  3.68877  
0.0569004  2.81612  4.40086  
1.94984  1.31255  0.0517829  
1.67609  0.0521115  3.55396  
0.859125  3.47515  1.99214  
1.9218  0.0516775  2.17846  
0.641651  3.66524  1.91889  
0.693646  3.02675  3.56976  
1.00752  1.58439  4.79436  
1.99806  0.972093  0.0517189  
1.43641  0.0516377  4.38079  
1.62149  2.53059  0.0518031  
1.82858  1.19284  2.21007  
1.27072  0.0517974  4.8084  
1.12021  1.70886  4.47368  
0.0517001  0.839673  5.93413  
1.86714  0.0517449  2.56952  
1.18833  3.34276  0.0516225  
1.76531  1.63619  2.03231  
0.67792  2.75827  4.05126  
0.0517047  0.0552219  6.05164  
1.42195  2.62047  2.11951  
0.0516785  2.32886  4.98447  
0.0835707  2.66282  4.59634  
1.73372  1.18462  2.81695  
2.01125  0.0516642  1.25162  
0.0661768  1.19112  5.8039  
