1.53925 2.8868 0.103244
0.624266 2.33303 4.69435
1.81082 1.7301 2.03147
1.43349 1.79579 3.51864
0.566116 1.5866 5.39349
1.53025 0.100766 4.2969
0.114361 1.92172 5.46569
1.64331 2.26548 2.13472
1.69494 2.46681 0.896584
0.960388 2.63612 3.4768
0.0108941 0.0105704 6.01057
0.997904 1.6821 4.56261
0.0297656 0.00123768 6.00041
1.10982 3.35602 1.22534
1.26397 0.100938 4.98201
0.788175 1.82324 4.92296
2.14583 1.13135 0.201001
2.07638 0.957642 1.2775
1.29852 2.8689 2.08897
0.490978 3.75691 1.44864
2.18805 0.688963 0.203459
2.17161 0.200514 1.21593
1.41917 1.55948 3.81011
0.628065 3.21216 3.21785
1.42788 2.14794 3.08198
1.32907 3.2684 0.108214
0.100533 2.33901 5.07291
1.4029 2.40108 2.73402
0.0550185 3.53394 3.01583
0.861941 2.07646 4.54242
0.355074 0.121545 5.90395
0.743389 0.637404 5.48993
1.31133 1.00091 4.49
0.926451 3.6427 0.420839
0.299037 3.91669 0.841089
0.660729 3.86002 0.0507661
1.61655 0.311874 4.00922
0.870838 0.977664 5.20147
0.134655 1.62568 5.69299
1.00834 2.27504 3.9185
0.0688629 3.31879 3.5665
0.0612209 3.42419 3.30952
0.0474623 3.75292 2.30653
1.35436 2.64648 2.41354
2.04605 0.441957 2.04562
0.679656 2.91666 3.72422
0.106847 2.13203 5.28077
0.702222 3.44802 2.19917
0.816214 2.54826 4.07957
1.60957 2.71768 0.454605
1.12235 3.00122 2.54182
0.81706 0.0526534 5.59632
0.914979 2.85855 3.17864
0.0899035 2.75415 4.56354
1.11153 0.44596 5.10593
1.41097 0.101145 4.63528
2.21529 0.215324 0.216761
1.03072 3.50169 0.812896
1.86548 2.21208 0.173957
1.64822 1.37393 3.39514
1.781 0.960152 3.09254
0.0759993 3.1354 3.94089
1.8665 0.150711 3.2336
1.99894 0.152706 2.45956
0.541902 1.99212 5.11272
1.81999 1.371 2.53206
1.02477 1.93531 4.29338
1.37327 1.23871 4.19517
1.2229 3.4163 0.110465
1.25602 2.37504 3.39941
1.76717 0.150245 3.68153
1.7116 0.615023 3.57699
0.577544 2.59102 4.44914
1.21787 2.68976 2.89869
0.00680085 4.00674 0.00697668
0.0374816 3.88432 1.68164
1.94218 0.150558 2.81711
1.44696 3.06082 0.101597
0.0517886 3.64348 2.69212
0.0948403 2.55502 4.82556
0.953732 1.31779 4.89518
0.991045 0.242814 5.34231
1.77103 2.09317 1.51104
1.69084 1.79782 2.71905
1.94765 1.90716 0.150901
1.58123 2.5637 1.73649
0.609641 0.396247 5.68565
1.23095 0.716509 4.79276
1.97568 1.34531 1.84786
1.79104 2.44197 0.151555
0.484727 0.238196 5.81146
2.00076 1.68564 0.154654
0.843709 3.11431 2.79522
1.28159 1.84717 3.94503
0.769827 3.30511 2.47423
0.816276 3.74842 0.0526504
0.617678 3.59326 1.88522
0.0859888 2.90972 4.33226
1.1955 3.1778 1.56299
2.05105 1.37661 0.648136
