1.53853 1.15883 2.00686 1.53853  1.15883  2.00686  
0.567012 1.39497 4.48241 0.567012  1.39497  4.48241  
3.67627 0.213139 0.380369 3.67627  0.213139  0.380369  
0.912016 2.06748 2.84692 0.912016  2.06748  2.84692  
0.404597 0.41018 3.73846 0.404597  0.41018  3.73846  
2.62276 0.716574 0.327063 2.62276  0.716574  0.327063  
1.1446 0.0290559 3.92952 1.1446  0.0290559  3.92952  
4.41379 0.326406 0.561048 4.41379  0.326406  0.561048  
0.719105 3.07495 0.870804 0.719105  3.07495  0.870804  
1.59975 1.5484 3.61499 1.59975  1.5484  3.61499  
1.16212 2.08713 2.8922 1.16212  2.08713  2.8922  
0.457804 0.0220081 4.30944 0.457804  0.0220081  4.30944  
2.76246 2.14397 1.96571 2.76246  2.14397  1.96571  
2.29246 0.388998 0.764782 2.29246  0.388998  0.764782  
0.275545 4.10016 2.2981 0.275545  4.10016  2.2981  
1.03572 0.525939 3.61737 1.03572  0.525939  3.61737  
0.531607 0.352528 4.4502 0.531607  0.352528  4.4502  
0.772872 1.25221 4.09428 0.772872  1.25221  4.09428  
1.03708 0.242921 4.07632 1.03708  0.242921  4.07632  
3.16971 0.496698 0.726942 3.16971  0.496698  0.726942  
3.07798 1.2579 2.07607 3.07798  1.2579  2.07607  
0.701198 3.42817 1.10211 0.701198  3.42817  1.10211  
0.0214286 0.223945 5.40397 0.0214286  0.223945  5.40397  
0.138284 3.38407 3.02388 0.138284  3.38407  3.02388  
0.584131 3.96306 0.885256 0.584131  3.96306  0.885256  
0.597444 0.034213 3.58835 0.597444  0.034213  3.58835  
0.0169371 0.145912 6.81208 0.0169371  0.145912  6.81208  
0.679613 2.32624 3.76989 0.679613  2.32624  3.76989  
1.17215 1.7693 4.27114 1.17215  1.7693  4.27114  
0.664495 0.920137 4.63404 0.664495  0.920137  4.63404  
0.0991637 0.077569 5.80217 0.0991637  0.077569  5.80217  
3.45187 1.93843 1.40329 3.45187  1.93843  1.40329  
2.3501 0.558892 1.22374 2.3501  0.558892  1.22374  
0.560576 0.904554 5.56379 0.560576  0.904554  5.56379  
1.16554 1.75068 3.30559 1.16554  1.75068  3.30559  
1.02826 1.99207 3.88692 1.02826  1.99207  3.88692  
2.30089 0.284392 1.75752 2.30089  0.284392  1.75752  
1.62841 1.90555 0.637554 1.62841  1.90555  0.637554  
1.96126 2.84345 1.44015 1.96126  2.84345  1.44015  
0.736808 1.64758 3.91451 0.736808  1.64758  3.91451  
2.25694 1.35295 0.470722 2.25694  1.35295  0.470722  
2.20995 0.160094 1.54956 2.20995  0.160094  1.54956  
0.0442722 0.573855 5.35743 0.0442722  0.573855  5.35743  
0.347296 0.203558 5.25576 0.347296  0.203558  5.25576  
2.15307 0.142542 1.90038 2.15307  0.142542  1.90038  
0.757948 0.914432 5.19952 0.757948  0.914432  5.19952  
0.769704 3.56375 1.41443 0.769704  3.56375  1.41443  
0.723363 0.894321 4.59946 0.723363  0.894321  4.59946  
2.10601 2.5868 1.50555 2.10601  2.5868  1.50555  
1.76742 2.30689 0.103484 1.76742  2.30689  0.103484  
0.318048 1.05098 3.77364 0.318048  1.05098  3.77364  
0.121768 0.0639954 5.69643 0.121768  0.0639954  5.69643  
2.69016 1.84312 0.013334 2.69016  1.84312  0.013334  
1.19198 0.280954 2.32472 1.19198  0.280954  2.32472  
1.07417 2.50637 0.715701 1.07417  2.50637  0.715701  
2.28487 2.61782 0.0196553 2.28487  2.61782  0.0196553  
2.77592 0.784719 2.13473 2.77592  0.784719  2.13473  
0.162443 1.03661 3.42859 0.162443  1.03661  3.42859  
0.555897 0.0673099 4.57906 0.555897  0.0673099  4.57906  
0.953333 1.16909 4.5109 0.953333  1.16909  4.5109  
2.84975 1.17401 0.133928 2.84975  1.17401  0.133928  
2.44276 0.383089 1.35481 2.44276  0.383089  1.35481  
2.07546 2.0191 2.96372 2.07546  2.0191  2.96372  
0.0435536 0.315953 5.80453 0.0435536  0.315953  5.80453  
0.817206 5.16414 0.0786394 0.817206  5.16414  0.0786394  
0.112933 0.0494147 5.91182 0.112933  0.0494147  5.91182  
1.18049 0.818426 3.94533 1.18049  0.818426  3.94533  
2.71574 1.85869 1.22995 2.71574  1.85869  1.22995  
2.28158 0.892964 3.03863 2.28158  0.892964  3.03863  
1.3708 0.0874047 2.85286 1.3708  0.0874047  2.85286  
2.76264 0.879984 2.46969 2.76264  0.879984  2.46969  
1.80186 2.73135 2.00198 1.80186  2.73135  2.00198  
2.20986 1.09983 0.54117 2.20986  1.09983  0.54117  
1.44037 1.72488 3.65426 1.44037  1.72488  3.65426  
1.32409 2.82284 0.206239 1.32409  2.82284  0.206239  
0.170689 1.2334 4.67508 0.170689  1.2334  4.67508  
1.45134 1.97826 2.56494 1.45134  1.97826  2.56494  
1.92548 0.502933 5.29608 1.92548  0.502933  5.29608  
0.00847109 0.0236213 5.8971 0.00847109  0.0236213  5.8971  
2.39804 0.98729 0.820297 2.39804  0.98729  0.820297  
1.25611 0.194134 3.43709 1.25611  0.194134  3.43709  
0.0292188 0.083903 4.77391 0.0292188  0.083903  4.77391  
0.326906 1.05991 5.33543 0.326906  1.05991  5.33543  
0.972629 2.82701 2.85175 0.972629  2.82701  2.85175  
1.38094 0.141391 3.47951 1.38094  0.141391  3.47951  
2.7814 0.604978 0.778558 2.7814  0.604978  0.778558  
0.00501471 0.0965913 6.89627 0.00501471  0.0965913  6.89627  
1.11889 0.02699 2.9229 1.11889  0.02699  2.9229  
0.236517 5.48862 0.961256 0.236517  5.48862  0.961256  
1.99445 0.402957 1.47743 1.99445  0.402957  1.47743  
0.357337 2.17541 2.59521 0.357337  2.17541  2.59521  
0.577068 4.13171 0.736311 0.577068  4.13171  0.736311  
0.424058 1.35463 4.75104 0.424058  1.35463  4.75104  
1.47238 3.14476 1.49911 1.47238  3.14476  1.49911  
0.921774 1.04002 3.39593 0.921774  1.04002  3.39593  
1.82222 1.04841 2.3177 1.82222  1.04841  2.3177  
0.507264 2.00011 3.64923 0.507264  2.00011  3.64923  
0.323191 0.295516 5.2723 0.323191  0.295516  5.2723  
0.59582 2.124 4.02059 0.59582  2.124  4.02059  
2.39888 1.63386 2.07467 2.39888  1.63386  2.07467  
0.116176 1.07925 0.0374768 0.766929  0.0143681  2.10106  
0.0545842 0.817436 0.918216 4.66587  0.463094  0.174781  
2.00912 1.80059 0.000334394 2.90282e-07  2.62253e-06  2.6681  
3.25645 0.124377 0.00010869 2.03403  0.0285715  0.0444663  
0.165933 1.03772 0.239411 2.51241  0.000148144  0.0901893  
0.074917 0.312357 1.46067 2.69163  0.0378087  0.0588422  
0.000114924 5.07539 0.111771 2.83009  0.0158254  0.068299  
1.63629 9.64835e-05 0.0587387 2.7745  0.0233818  0.145751  
0.0331836 0.0253909 1.54378 2.93675  0.347193  0.349643  
0.000508274 6.26742 0.00112644 2.99366  0.100531  0.26215  
1.53335 1.96231 0.000306829 3.0142  1.06308  0.000429134  
0.0703231 1.04501 0.201059 2.80182  0.26308  0.395828  
0.190774 5.81699 0.000614274 3.07576  0.503392  0.267177  
0.0673711 0.80676 1.27758 2.52747  0.221236  1.02471  
0.3905 0.0435594 1.34895 4.07395  0.404346  0.152608  
0.0973654 2.91396 0.094406 0.693713  0.120617  0.267336  
0.806225 6.83071e-05 1.50052 3.10445  0.843932  0.765765  
1.6143 0.0226757 0.0352905 4.06284  0.00389329  1.1663  
0.611016 5.17681e-05 1.63907 2.05876  1.32274  0.0207959  
3.96602 0.000432423 0.00316072 5.13464  0.545293  0.895194  
0.116314 0.0875344 0.859878 0.676572  3.14058  4.2703  
1.83357e-07 1.90169e-06 1.90988 0.844619  0.0353164  4.80215  
2.30568 0.813191 0.000328262 2.32879  1.59926  0.222832  
3.05374 0.231683 0.000119709 0.82963  0.144765  4.92183  
0.410901 1.02691 0.181001 0.321251  1.87281  4.19185  
0.0560762 0.256584 1.49673 2.50301  0.00554029  2.24619  
1.42182 0.0124556 0.429384 1.77319  1.55813  0.0364586  
1.34165 0.784986 0.23832 8.16142e-09  1.08128e-07  5.57399  
0.0800849 0.000298404 3.47897 2.29204  0.487274  1.84823  
0.549451 2.97476 7.97357e-05 2.84121  0.00871157  2.2248  
0.461224 0.0453408 0.994863 1.43151  0.350654  1.60285  
2.16271 1.38953 7.76224e-05 0.697936  0.346247  4.52039  
0.62589 2.57788 5.09515e-05 2.04019  0.0785727  2.70061  
0.369924 1.6858 1.96152 1.46444  0.0491778  3.61993  
0.0377762 0.594115 3.40889 0.770328  4.3403  0.03067  
0.105007 1.57256 0.0950996 0.248863  0.00814343  5.20696  
1.51465 0.368511 0.149534 0.176759  6.24574  0.546889  
0.692715 2.5506 5.15803e-05 0.0116048  0.167766  4.39267  
0.554417 0.486522 0.34173 0.795808  4.29499  0.542021  
0.193819 0.507455 0.839778 0.143763  0.124536  4.43916  
0.693713 0.120617 0.267336 0.264088  1.53957  3.61622  
1.58379 1.01758 0.0159982 1.26419  0.234315  2.00007  
0.323027 0.867918 0.27182 0.807129  3.65477  0.323514  
0.17703 0.877225 0.414947 0.600247  2.35917  3.31075  
0.0881995 0.0435507 5.88004 1.08288  1.43858  0.62394  
0.0499116 0.218378 1.58485 0.355069  0.248967  3.46034  
0.00038948 2.78395 1.96078 1.35583  3.90013  0.706822  
0.348468 4.39019 0.53682 0.828752  0.0580005  3.96458  
0.153062 1.29081 0.0850452 0.510545  2.62566  2.35173  
2.26116 0.745947 0.127487 0.580867  0.0571024  1.25293  
0.000901512 1.72438e-05 3.06747 1.32633  3.42453  0.140601  
3.46753 8.27969e-05 1.06573 0.57267  2.25079  2.87243  
0.000594245 0.000321887 3.05871 1.14498  3.29157  1.35262  
2.12816 0.000487393 2.35324 0.15174  0.60396  3.42632  
0.449199 1.21826 0.372826 0.572046  1.42964  0.251985  
5.11882 0.00883686 0.439104 0.290886  1.7349  3.57154  
4.86604 0.00515642 0.000198713 0.371386  2.60987  1.86216  
1.62393 0.891838 0.11337 0.239824  0.0163943  2.69933  
0.0364914 0.723741 1.90159 0.795453  2.45812  0.289465  
2.09008 0.432339 2.42897 0.535215  2.1228  2.78319  
0.778296 0.135252 0.299908 0.599318  2.42999  1.31997  
2.90041 0.000153089 1.96318 0.0690453  0.000331434  3.00261  
0.000111027 4.66147 0.627374 0.973216  2.76424  0.56597  
1.18826 0.57958 5.55473 0.106704  0.0960335  3.3544  
2.58958 1.77421 0.00210062 0.53888  2.0783  1.97357  
0.24629 2.59131 1.09604 0.644097  0.00842299  2.35981  
7.45677e-05 3.13073 1.3292 0.505907  3.28132  0.00227697  
3.06266 0.0164869 0.191985 0.396224  1.66821  1.71946  
0.267496 2.6718 0.98945 0.841953  2.99129  0.926664  
2.06575 1.41532 0.040494 0.0362183  0.0297978  3.03334  
2.06687 1.41163 0.0404641 0.720152  3.43644  0.0430689  
0.0586617 2.98268 1.18517 0.529098  1.76216  2.71246  
0.356146 2.13881 0.0349425 0.46158  1.89838  1.17376  
0.963358 0.167412 0.372835 0.116314  0.0875344  0.859878  
0.248503 0.159345 1.81674 0.295119  1.746  0.122735  
1.99368 1.01468 0.261662 0.376579  1.62868  2.19095  
2.97757 0.00464598 1.8829 0.245934  1.21866  0.576451  
0.076762 0.486089 2.37423 0.270074  0.208933  2.58412  
0.247813 0.171386 1.76828 0.192858  2.8659  0.648365  
0.171479 0.25308 2.9524 0.20107  1.1687  2.99433  
3.61922 0.26044 0.0802781 0.402831  1.87396  1.49497  
0.93392 0.00878774 2.44995 0.220147  0.0150492  2.47786  
4.00949 0.288524 0.0889347 0.169343  1.57315  0.0546276  
0.972629 2.82701 2.85175 0.0926987  2.03185  2.53029  
1.38094 0.141391 3.47951 0.193451  3.78817  0.351243  
2.7814 0.604978 0.778558 0.139095  0.633876  2.40297  
0.00501471 0.0965913 6.89627 0.109826  1.63203  0.313999  
1.11889 0.02699 2.9229 0.160273  0.931572  1.97912  
0.236517 5.48862 0.961256 0.198232  1.76736  1.22866  
1.99445 0.402957 1.47743 0.0575822  0.0440598  2.67886  
0.357337 2.17541 2.59521 0.0532971  3.69848  0.38836  
0.577068 4.13171 0.736311 0.0820487  0.982522  1.55592  
0.424058 1.35463 4.75104 0.130838  2.31447  1.25103  
1.47238 3.14476 1.49911 0.0896829  0.39239  2.24511  
0.921774 1.04002 3.39593 0.0628697  3.04479  0.890517  
1.82222 1.04841 2.3177 0.0850807  0.28748  2.86986  
0.507264 2.00011 3.64923 0.0297792  1.85317  1.67375  
0.323191 0.295516 5.2723 0.000415204  0.0618914  2.58077  
0.59582 2.124 4.02059 0.431526  2.13831  1.18993  
2.39888 1.63386 2.07467 0.00801537  1.7711  2.18983  
0.107869 1.00208 0.0347971 2.88878  0.0326945  0.0510239  
2.46737e-05 1.09863 0.0237513 0.000259619  2.76941  0.000240698  
0.029589 0.667813 0.470683 1.29994e-06  4.02985e-06  2.74329  
2.90676 0.0532421 4.05634e-05 1.05312  0.00694048  0.0273892  
0.000686036 0.967755 0.126088 1.80104  0.0821662  0.055047  
0.156621 0.776089 0.367108 1.84691  0.059138  0.0810804  
0.000117545 0.645617 0.505481 1.87855  0.0123804  0.0488568  
0.0338334 0.414791 0.632218 1.89629  0.0214617  0.0413434  
1.29976e-05 0.0270249 1.13711 1.9031  0.0119829  0.049481  
0.000203931 2.17537 0.000189068 1.91628  0.021688  0.0417793  
0.478174 1.94109 0.000252986 1.89481  0.646328  0.0114961  
0.00108299 1.0845 0.0085159 1.92274  0.0210222  0.0419043  
0.110716 0.00717941 1.02397 1.86083  0.583235  0.175839  
0.000798043 0.799155 0.355079 1.90641  0.0140484  0.761376  
0.351008 0.034506 0.757126 1.91241  0.685952  0.00401989  
0.550323 0.727463 0.113821 0.673187  0.11735  0.259525  
0.806225 6.83071e-05 1.50052 1.55311  0.492414  0.42524  
1.41407 9.63927e-05 0.0365384 1.69898  0.0626733  0.803799  
0.611016 5.17681e-05 1.63907 1.99431  0.714014  0.0056762  
0.000902275 0.903531 0.239988 1.5791  0.441526  0.492439  
0.000475204 0.226787 0.922234 1.96032  0.0221864  0.0427394  
1.83357e-07 1.90169e-06 1.90988 1.9682  0.0145037  0.779326  
0.313418 0.760189 0.0136638 2.10173  0.698429  0.0808635  
0.000100549 0.918851 0.29518 1.40248  0.409467  0.72776  
0.000846598 0.847777 0.262603 2.26637  0.77307  0.0137504  
2.457 0.0278077 0.0433975 1.45238  0.0646935  1.19241  
6.19119 0.000761317 0.000480072 2.61245  0.0836507  0.114688  
0.415878 2.44975 0.000287577 1.39756  0.464426  0.75188  
1.24889 0.44047 1.55231e-11 1.93965  1.61786  0.369909  
1.05312 0.00694048 0.0273892 1.43079  0.158778  1.42967  
0.000551028 0.551796 0.573949 1.15718  0.900505  0.271871  
0.113175 0.00629069 1.04982 1.48529  0.425725  0.734281  
0.458394 0.40902 0.284763 1.63408  0.479943  0.849087  
0.0557283 0.952546 0.182809 1.1689  0.0517355  1.66962  
0.000150356 0.186702 1.03689 0.773635  1.93431  0.015169  
0.000252367 0.385295 0.835071 1.65849  0.484213  0.857841  
0.673187 0.11735 0.259525 1.08741  1.16276  0.403844  
0.625544 1.51725 0.000159184 1.37269  0.0967483  1.46738  
9.31825e-05 0.142264 1.06209 0.841433  1.82799  0.253332  
0.0170309 0.000183953 1.71903 1.54648  0.171617  1.57799  
0.000381252 0.792706 0.412199 1.65637  1.74184  0.627363  
5.23902 0.0673241 0.00987843 1.1161  0.162376  1.81706  
3.55677 0.101335 0.0788626 0.758645  1.84008  0.0145571  
0.677877 0.117864 0.261234 1.48395  0.299411  1.6292  
0.00100129 1.00269 0.201482 0.750431  2.04343  0.589273  
1.24998 1.42033 1.55453e-06 1.24869  0.0219027  1.94884  
0.000178825 0.060426 1.12252 0.815928  1.26087  0.334554  
0.00125199 0.423056 0.89829 1.47247  0.318422  1.76969  
0.000534843 0.180726 1.01491 0.0943213  2.1288  1.5004  
0.000256743 0.318807 0.960426 0.193666  0.0197987  1.86239  
1.60277 0.820282 4.78639 0.313418  0.760189  0.0136638  
0.000583086 0.890212 0.351721 0.122429  1.50096  2.12945  
1.15947 0.0131227 0.0252792 0.93919  2.04037  0.325247  
0.00185861 0.628033 0.582576 1.09383  0.106999  2.10755  
0.0028911 0.97692 0.229982 0.702066  1.6783  0.289757  
0.000269739 0.433329 0.788027 0.0286138  1.0058  2.03779  
0.113929 0.0857394 0.842245 0.0731452  1.65086  1.16355  
1.85673 1.88931 0.926338 0.196392  0.0109162  1.82175  
0.0364914 0.723741 1.90159 0.669034  1.74706  0.134475  
2.09008 0.432339 2.42897 0.088629  1.08658  1.65614  
0.778296 0.135252 0.299908 0.378344  1.62686  0.952244  
2.90041 0.000153089 1.96318 0.197196  0.0109609  1.82921  
0.000111027 4.66147 0.627374 0.721642  1.95645  0.582895  
1.18826 0.57958 5.55473 0.325328  0.24669  2.4129  
2.58958 1.77421 0.00210062 0.0906252  2.04538  1.44161  
0.24629 2.59131 1.09604 0.195823  0.0126982  1.8111  
7.45677e-05 3.13073 1.3292 0.393687  2.22403  0.01568  
3.06266 0.0164869 0.191985 0.112371  1.70585  1.74031  
0.267496 2.6718 0.98945 0.405885  1.89624  0.670619  
2.06575 1.41532 0.040494 0.232413  0.036503  1.95201  
2.06687 1.41163 0.0404641 0.44464  2.13533  0.299731  
0.0586617 2.98268 1.18517 0.0841665  1.02709  1.73152  
0.356146 2.13881 0.0349425 0.310183  1.24718  0.672829  
0.963358 0.167412 0.372835 0.229736  0.172893  1.69838  
0.248503 0.159345 1.81674 0.362307  2.09096  0.15716  
1.99368 1.01468 0.261662 0.060041  0.736092  1.12194  
2.97757 0.00464598 1.8829 0.347399  1.43209  0.845054  
0.076762 0.486089 2.37423 0.232313  0.200975  1.374  
0.247813 0.171386 1.76828 0.449028  2.15641  0.302689  
0.171479 0.25308 2.9524 0.0703145  0.805895  2.06765  
3.61922 0.26044 0.0802781 0.0714964  1.61365  1.13732  
0.93392 0.00878774 2.44995 0.110716  0.00717941  1.02397  
4.00949 0.288524 0.0889347 6.23088e-05  2.77437  0.0599792  
0.972629 2.82701 2.85175 0.0708473  1.28497  1.4433  
1.38094 0.141391 3.47951 0.0562168  1.5229  0.586334  
2.7814 0.604978 0.778558 0.196028  0.010896  1.81838  
0.00501471 0.0965913 6.89627 0.0935396  1.59884  0.306844  
1.11889 0.02699 2.9229 0.0959341  0.933374  1.85174  
0.236517 5.48862 0.961256 0.0502616  1.13439  0.799529  
1.99445 0.402957 1.47743 1.72664e-05  0.157786  1.72954  
0.357337 2.17541 2.59521 0.149377  2.55325  0.279451  
0.577068 4.13171 0.736311 0.0338334  0.414791  0.632218  
0.424058 1.35463 4.75104 0.0519767  1.30712  0.699468  
1.47238 3.14476 1.49911 2.58175e-05  0.235929  2.58608  
0.921774 1.04002 3.39593 0.108829  4.4931  0.38295  
1.82222 1.04841 2.3177 1.25702e-05  0.436445  1.98079  
0.507264 2.00011 3.64923 0.070131  1.68518  1.18468  
0.323191 0.295516 5.2723 0.0226162  0.000396516  2.29799  
0.59582 2.124 4.02059 4.23447e-05  1.88545  0.0407616  
2.39888 1.63386 2.07467 0.00966316  2.06098  1.92685  
2.37193e-08 0.98065 0.0234376 2.81366  0.000102908  6.41999e-05  
1.21453e-10 3.23983e-10 1.14064 2.05847e-09  2.24968  1.83383e-05  
2.89028e-08 0.58842 0.412443 6.53873e-13  1.24118e-12  1.15999  
3.51687e-08 0.28532 0.749792 1.03757  0.006382  0.0269731  
1.89902e-11 0.930166 0.0699265 1.58555  0.0723353  0.0484608  
1.54359e-11 0.671084 0.329018 1.64597  0.0750915  0.0503073  
2.5307e-08 0.515215 0.485643 1.69289  0.0104128  0.0440091  
7.29524e-09 0.140675 0.867269 1.6957  0.0104301  0.0440821  
2.86482e-13 0.00908421 0.991094 1.70158  0.010714  0.0442414  
6.21037e-12 0.452582 0.54747 1.71473  0.0107968  0.0445832  
4.6457e-05 1.21286 6.65324e-06 1.3343  0.455829  0.0180418  
6.33262e-12 0.47606 0.523987 1.71567  0.0108027  0.0446078  
1.05646e-11 0.334998 0.665129 1.72841  0.0106313  0.0449325  
3.38065e-08 0.688252 0.318925 1.79242  0.0409999  0.560915  
0.351008 0.034506 0.757126 1.36341  0.465772  0.0189884  
1.50836e-11 0.738814 0.299239 0.665588  0.116025  0.256359  
1.22862e-11 0.895361 0.104686 1.78337  0.60924  0.0367099  
1.41407 9.63927e-05 0.0365384 1.5969  0.0404758  0.966228  
0.55631 0.706725 0.0955687 1.58248  1.02228  0.031834  
1.16673e-10 0.827706 0.173009 1.10152  0.192017  0.424264  
1.15799e-08 0.235749 0.771572 1.55145  0.949735  0.13708  
1.24465e-10 0.882988 0.117727 1.11026  0.19354  0.42763  
7.72535e-12 0.562987 0.437065 1.21293  0.715297  0.129126  
3.23572e-09 0.0658746 0.941262 0.984092  0.282068  0.486506  
7.65286e-11 0.542914 0.4578 1.12036  0.195301  0.431521  
8.42222e-09 0.171464 0.835858 1.16865  0.0946044  1.09088  
2.11322e-08 0.430221 0.575472 1.23472  0.755848  0.109096  
1.10865e-10 0.786509 0.214205 0.986904  0.324056  0.529372  
1.24889 0.44047 1.55231e-11 0.977999  0.673752  0.30838  
1.40725e-11 0.12511 0.875528 0.893138  0.0902817  0.845902  
4.53946e-09 0.281996 0.75467 0.610648  0.49086  0.150327  
5.26566e-12 0.39585 0.60419 1.36758  0.391988  0.676093  
0.458394 0.40902 0.284763 1.16402  0.777572  0.362492  
0.965392 0.0074808 0.382399 0.736339  0.033312  1.11606  
0.546725 0.586959 0.201214 1.00598  1.32661  0.00785634  
2.19267 3.71095e-05 0.000122486 1.18506  0.816401  0.373671  
7.29086e-12 0.316973 0.683125 0.77271  0.829574  0.290438  
1.00285 0.0457517 0.0306512 0.796444  0.0723052  1.22004  
0.913823 0.312183 0.0154941 0.728018  0.922204  0.142938  
1.12512e-12 0.482564 0.517482 0.154425  0.374556  1.33375  
3.90756e-11 0.347396 0.653242 1.04892  1.12611  0.394257  
1.50555e-08 0.306509 0.69434 0.420926  0.0382137  0.644797  
6.70226e-12 0.503848 0.496199 0.655968  1.29504  0.0658106  
0.610648 0.49086 0.150327 1.20903  0.83291  0.380784  
5.2933e-12 0.397928 0.602118 0.744903  0.94631  0.147791  
7.00459e-11 0.622732 0.377907 0.687097  0.0623781  1.05253  
2.29341e-08 0.466905 0.533947 0.557258  0.989718  0.251707  
3.67629e-08 0.748441 0.252431 0.689198  0.0625688  1.05575  
2.7408e-11 0.243667 0.756964 1.0187  1.29414  0.202114  
1.08405e-11 0.343746 0.656338 0.582929  0.0471406  1.26443  
2.95005e-08 0.600588 0.400273 0.305554  0.741116  0.0133209  
0.168748 0.9533 0.0061963 0.547958  0.00813078  1.36181  
5.86636e-12 0.441008 0.559038 0.559925  0.995615  0.249189  
9.00948e-12 0.477851 0.522242 0.617203  0.048579  1.3361  
9.17285e-11 0.650747 0.349967 0.521151  1.26404  0.0224001  
1.18523e-10 0.840836 0.159878 0.158318  0.469296  1.31067  
0.113929 0.0857394 0.842245 0.778352  1.38239  0.351572  
1.39999 0.00020558 0.0361775 0.513213  0.0756276  1.24689  
1.08425e-10 0.963934 0.0367056 0.543881  1.31917  0.023711  
0.10143 0.00710765 0.942696 0.159154  0.463247  1.31795  
1.03757 0.006382 0.0269731 0.0602914  1.51622  0.812617  
9.71548e-13 0.416698 0.583349 0.168456  0.0118045  1.56564  
1.93136e-11 0.839667 0.160435 2.52362e-11  1.89715  0.568629  
2.15689e-11 0.776805 0.223333 0.204971  0.453676  1.29119  
1.42312 0.00665261 5.50107e-11 4.66939e-09  1.24616  1.1367  
1.90663e-11 0.828915 0.171179 0.167477  0.0117661  1.5568  
1.10741e-11 0.481451 0.518651 0.261576  1.5651  0.00324992  
1.07503e-12 0.461079 0.538967 4.7207e-09  1.25985  1.1392  
6.18398e-12 0.464886 0.535161 3.2103e-07  1.78219  0.614661  
1.6096e-11 0.699778 0.300323 0.153532  0.372389  1.32603  
0.420926 0.0382137 0.644797 0.316091  1.89128  0.162927  
1.0774e-11 0.809947 0.1901 0.158453  0.461465  1.30451  
4.14533e-12 0.302092 0.697999 0.286144  1.26938  0.623461  
0.665588 0.116025 0.256359 0.179849  0.134115  1.33305  
9.55371e-12 0.696229 0.303823 0.272526  1.53323  0.0350526  
8.00341e-12 0.601663 0.398384 3.88578e-12  0.848867  1.08007  
7.79268e-12 0.567894 0.432158 0.187641  0.832405  0.402227  
0.516419 0.654164 0.101393 0.195947  0.14746  1.44942  
0.699508 0.481897 0.220567 4.18408e-08  1.93445  0.463154  
7.64492e-12 0.557125 0.442922 0.151277  0.434945  1.2556  
0.305554 0.741116 0.0133209 6.87611e-09  1.21787  1.10123  
0.0954833 0.231593 0.824675 0.10143  0.00710765  0.942696  
8.43412e-12 0.634042 0.366005 2.85543e-10  2.20895  0.0271021  
0.372921 0.662326 0.168444 1.48189e-12  0.854318  0.955176  
1.32189 0.00860524 1.14444 4.60564e-12  1.64586  0.542172  
8.44508e-12 0.634866 0.365181 0.0954833  0.231593  0.824675  
3.23102e-12 0.242895 0.758634 6.28701e-10  1.46507  0.27875  
0.645231 0.0652224 0.611107 2.84115e-10  0.573129  1.13319  
1.81972e-12 0.780479 0.219567 5.7399e-12  0.985075  0.730804  
2.81767 0.000103054 6.42913e-05 1.78482e-12  0.134175  1.45247  
0.357337 2.17541 2.59521 2.35309e-08  1.48438  0.165911  
0.577068 4.13171 0.736311 3.8603e-13  0.803254  1.18902  
0.424058 1.35463 4.75104 0.043254  1.08776  0.582984  
1.47238 3.14476 1.49911 3.71063e-09  0.24145  1.38892  
0.921774 1.04002 3.39593 1.74355e-11  1.31073  0.392861  
1.82222 1.04841 2.3177 1.25456e-08  0.445119  1.23137  
0.507264 2.00011 3.64923 3.34798e-09  0.893504  0.807934  
0.323191 0.295516 5.2723 5.9283e-10  0.02918  1.56859  
0.59582 2.124 4.02059 1.67799e-10  1.29809  0.0311505  
2.39888 1.63386 2.07467 1.11066e-12  0.476362  0.523673  
2.9582e-14 0.622695 0.37732 1.51483  2.1819e-06  0  
3.60844e-14 0.759568 0.240447 3.99471e-14  1.45745  5.53198e-06  
4.0603e-14 0.58702 0.412982 0  0  1  
0.150247 0.793068 0.205596 1.03312  0.00635462  0.0268633  
1.89902e-11 0.930166 0.0699265 1.40322  0.064017  0.042888  
1.55993e-12 0.669056 0.33097 1.4661  0.00901785  0.0381133  
0.601201 0.50297 0.123367 1.46961  0.00903948  0.0382132  
1.47902e-09 0.141827 0.85881 1.47629  0.00908051  0.0383866  
2.86482e-13 0.00908421 0.991094 1.51336  0.00930857  0.039342  
0.454436 0.260108 0.60658 0.906974  0.0207462  0.283827  
4.91522e-11 1.09806 3.01148e-06 0.789514  0.269717  0.00894895  
1.03312 0.00635462 0.0268633 1.55853  0.00958642  0.0405253  
7.7966e-14 0.334956 0.665062 1.13932  0.389218  0.0129139  
8.46719e-14 0.6891 0.310904 1.1858  0.0271242  0.371083  
0.351008 0.034506 0.757126 1.12764  0.385228  0.0127815  
1.69182e-12 0.725622 0.274404 0.665588  0.116025  0.256359  
0.665608 0.380977 0.0846941 1.13997  0.389442  0.0129213  
0 0 1 1.21757  0.0278508  0.381023  
5.97237e-16 0.497834 0.502168 1.14897  0.392515  0.0130233  
1.16673e-10 0.827706 0.173009 0.963884  0.168024  0.371251  
1.15799e-08 0.235749 0.771572 0.929305  0.531911  0.118248  
1.79516e-13 0.771232 0.228778 0.9663  0.168445  0.372182  
2.47088e-14 0.520115 0.479889 0.665608  0.380977  0.0846941  
3.35778e-17 0.0656841 0.934317 0.96729  0.168618  0.372563  
1.47762e-15 0.286659 0.713342 0.936094  0.535796  0.119112  
3.41961e-15 0.175601 0.824401 0.74122  0.0786582  0.70523  
1.08126e-14 0.428734 0.57127 1.15422  0.394309  0.0130828  
1.10865e-10 0.786509 0.214205 0.969892  0.169071  0.373565  
2.24895e-13 0.96619 0.0338196 0.774248  0.533489  0.22408  
3.42251e-15 0.135707 0.864297 0.523933  0.0555997  0.498494  
1.18175e-14 0.248757 0.751261 0.521589  0.421766  0.128744  
3.97471e-16 0.777524 0.222477 0.742751  0.0788206  0.706687  
0.458394 0.40902 0.284763 0.802047  0.552644  0.232126  
0.446717 0.565871 0.0878818 0.617029  0.0238813  0.932802  
1.39606e-14 0.293868 0.706137 0.440403  1.06819  0.0182379  
0.340192 0.604904 0.151399 0.819606  0.564742  0.237207  
7.29086e-12 0.316973 0.683125 0.628961  0.66759  0.240427  
1.00285 0.0457517 0.0306512 0.745679  0.0791314  0.709473  
5.57505e-16 0.464716 0.535285 0.480952  0.609238  0.0946169  
0.166694 0.937822 0.0190928 0.746539  0.0792226  0.710291  
3.90756e-11 0.347396 0.653242 0.631596  0.670387  0.241742  
4.06372e-14 0.855404 0.144602 0.411679  0.0379098  0.631385  
0.789514 0.269717 0.00894895 0.535318  1.02529  0.0550183  
4.18022e-14 0.879927 0.120087 0.754407  0.0800575  0.717777  
5.2933e-12 0.397928 0.602118 0.659801  0.835791  0.129801  
1.15736 1.667e-06 0 0.573052  0.0527699  0.87888  
3.23769e-13 0.889842 0.11018 0.461455  0.819966  0.205276  
9.23282e-14 0.751411 0.248594 0.454436  0.260108  0.60658  
2.72577e-16 0.533208 0.466792 0.519243  0.92265  0.230983  
0.485634 0.51546 0.185876 0.321634  0.00472859  0.792071  
0.523933 0.0555997 0.498494 0.303471  0.736063  0.0132301  
1.41984e-15 0.902282 0.0977205 0.583606  0.0534658  0.894679  
5.86636e-12 0.441008 0.559038 0.492063  0.873928  0.222259  
3.40479e-15 0.07167 0.928348 0.470992  0.0384256  1.01878  
1.15896e-13 0.943218 0.0567871 0.434118  1.05294  0.0189258  
4.73455e-13 0.203065 0.796959 0.4844  0.0395195  1.04779  
0.113929 0.0857394 0.842245 0.505947  0.899025  0.225068  
1.53096e-13 0.657727 0.342288 0.43985  0.00646657  1.08319  
0.675493 0.561469 0.0282908 0.434609  1.05414  0.0189472  
0.10143 0.00710765 0.942696 0.480828  0.600498  0.942996  
9.45423e-13 0.405492 0.594542 0.205448  0.915637  0.442069  
1.97942e-14 0.416663 0.583352 0.447131  0.00657362  1.10113  
1.93136e-11 0.839667 0.160435 0.436021  1.05756  0.0190088  
1.79464e-14 0.921566 0.0784355 0.266461  0.222924  0.652085  
0.596645 0.411114 0.172679 1.9618e-17  0.895764  0.819456  
5.45184e-16 0.454445 0.545556 0.149258  0.0148639  0.967041  
2.335e-13 0.641748 0.358266 0.171011  1.01661  0.00182015  
0.521589 0.421766 0.128744 8.17636e-17  0.764844  0.840806  
0.321634 0.00472859 0.792071 0.20432  0.946702  0.40937  
8.37992e-11 0.0830854 0.917182 0.14706  0.35669  1.26596  
2.82303e-14 0.594241 0.405766 0.235776  1.40162  0.0204481  
1.0774e-11 0.809947 0.1901 0.167163  0.316311  0.678973  
4.14533e-12 0.302092 0.697999 0.203916  0.911604  0.441129  
5.0169e-15 0.257623 0.742378 0.207581  0.0212905  1.34856  
9.55371e-12 0.696229 0.303823 0.235177  1.39806  0.0025031  
1.40882e-12 0.604243 0.395791 9.18215e-16  0.76539  0.867548  
7.79268e-12 0.567894 0.432158 0.143612  0.640045  0.309013  
0.800115 1.05513 2.77183e-05 0.218007  0.0217104  1.41247  
0.906974 0.0207462 0.283827 0.201004  1.06098  0.282171  
1.29405e-12 0.555019 0.445007 1.55217e-18  0.447383  1.09492  
4.30182e-13 0.184505 0.815521 1.21753e-14  0.78153  0.660979  
1.11893e-12 0.47991 0.520114 2.39211e-19  0.063038  1.36094  
8.43412e-12 0.634042 0.366005 6.90758e-15  1.41037  0.0531213  
2.7477e-14 0.578384 0.421629 7.61723e-16  0.740127  0.813635  
0.143612 0.640045 0.309013 3.39582e-17  1.04796  0.375478  
1.05513e-14 0.541819 0.458182 0.0922074  0.223363  0.792367  
3.23102e-12 0.242895 0.758634 3.8145e-16  1.19323  0.228831  
0.266461 0.222924 0.652085 5.49365e-16  0.487516  1.06746  
0.621901 0.178254 0.307449 1.74626e-11  0.847512  0.602221  
0.411679 0.0379098 0.631385 0  0  1  
4.13864e-14 0.871175 0.128832 5.25722e-14  1.3154  0.148605  
4.44449e-16 0.370476 0.629525 3.28659e-17  0.56674  0.87426  
9.03863e-13 0.387667 0.612364 1.52044e-18  0.904747  0.479743  
0.303471 0.736063 0.0132301 1.73537e-13  0.161069  1.20815  
0.665588 0.116025 0.256359 3.4298e-14  1.04599  0.308693  
2.5455e-15 0.360885 0.639116 1.95747e-14  0.371037  0.999374  
1.67175e-15 0.732988 0.267013 8.50743e-18  0.769286  0.690529  
0.178132 1.05894 2.18183e-05 0  0  1  
2.34528e-14 0.19087 0.809135 4.99357e-16  0.97683  0.0231703  
3.3513e-14 0.705441 0.294566 5.09225e-17  0.476346  0.523655  
3.3615e-19 0.620088 0.379912 1.15219  9.123e-08  0  
6.95643e-17 0.543743 0.456257 4.54277e-17  0.999936  6.53134e-05  
0.632006 0.361391 0.0803901 0  0  1  
2.23527e-18 0.792949 0.207051 1.02463  0.00630244  0.0266427  
0.664747 0.115878 0.256035 1.02463  0.00630244  0.0266427  
1.55993e-12 0.669056 0.33097 1.02463  0.00630244  0.0266427  
0.585429 0.489775 0.122807 1.02463  0.00630244  0.0266427  
3.01157e-19 0.185179 0.814821 1.02463  0.00630244  0.0266427  
1.87155e-18 0.585151 0.414849 1.02463  0.00630244  0.0266427  
4.09433e-16 0.800923 0.199077 0.802024  0.0183456  0.250984  
9.08073e-20 0.0322134 0.967787 0.771661  0.263618  0.0087466  
0.512685 0.414566 0.126546 1.02463  0.00630244  0.0266427  
7.7966e-14 0.334956 0.665062 0.771661  0.263618  0.0087466  
2.88105e-16 0.678574 0.321426 0.802024  0.0183456  0.250984  
4.54615e-16 0.889308 0.110692 0.771661  0.263618  0.0087466  
0.164932 0.312088 0.669908 0.664747  0.115878  0.256035  
4.19556e-16 0.820725 0.179275 0.771661  0.263618  0.0087466  
5.60888e-18 0.376238 0.623762 0.802024  0.0183456  0.250984  
2.17062e-19 0.500512 0.499488 0.771661  0.263618  0.0087466  
5.59726e-18 0.573618 0.426382 0.664747  0.115878  0.256035  
9.43279e-19 0.642972 0.357028 0.632006  0.361391  0.0803901  
1.9437e-18 0.607709 0.392294 0.664747  0.115878  0.256035  
2.47088e-14 0.520115 0.479889 0.632006  0.361391  0.0803901  
3.35778e-17 0.0656841 0.934317 0.664747  0.115878  0.256035  
1.67686e-19 0.309327 0.690673 0.632006  0.361391  0.0803901  
5.50564e-17 0.430344 0.569656 0.5194  0.0550728  0.494141  
2.31528e-18 0.723889 0.276111 0.447648  0.653123  0.068638  
0.283644 0.368266 0.562473 0.664747  0.115878  0.256035  
9.72778e-17 0.760364 0.239636 0.558789  0.383758  0.161505  
6.3804e-19 0.132244 0.867779 0.5194  0.0550728  0.494141  
2.90241e-18 0.923105 0.0768949 0.512685  0.414566  0.126546  
1.06455e-19 0.654583 0.345417 0.5194  0.0550728  0.494141  
0.458394 0.40902 0.284763 0.586019  0.368716  0.204684  
4.77543e-19 0.0989788 0.901045 0.463667  0.018237  0.701379  
1.02463 0.00630244 0.0266427 0.302882  0.734635  0.0132044  
6.7618e-19 0.239871 0.760996 0.558789  0.383758  0.161505  
1.45705e-18 0.47996 0.52004 0.441668  0.468794  0.169048  
1.00285 0.0457517 0.0306512 0.5194  0.0550728  0.494141  
5.57505e-16 0.464716 0.535285 0.444905  0.563575  0.0875253  
0.166694 0.937822 0.0190928 0.5194  0.0550728  0.494141  
1.16136e-18 0.345538 0.654462 0.441668  0.468794  0.169048  
3.64793e-20 0.63334 0.36666 0.416437  0.0383461  0.638679  
0.411684 0.0379103 0.630257 0.370824  0.71017  0.0381097  
4.18022e-14 0.879927 0.120087 0.397176  0.227334  0.529294  
7.9661e-19 0.367371 0.632629 0.441668  0.468794  0.169048  
1.11859 1.12683e-06 0 0.416437  0.0383461  0.638679  
0.306268 0.00918062 0.75078 0.33231  0.590487  0.147827  
3.55784e-16 0.750064 0.249936 0.397176  0.227334  0.529294  
8.71085e-19 0.535623 0.464377 0.441668  0.468794  0.169048  
1.01341 0.345447 0 0.32821  0.0267768  0.709938  
1.30407e-17 0.166304 0.833696 0.302882  0.734635  0.0132044  
0.302882 0.734635 0.0132044 0.397176  0.227334  0.529294  
6.71424e-16 0.442753 0.55725 0.33231  0.590487  0.147827  
0.137855 0.616276 0.294796 0.32821  0.0267768  0.709938  
0.32821 0.0267768 0.709938 0.302882  0.734635  0.0132044  
2.02903e-19 0.207939 0.792061 0.256801  0.214842  0.62825  
0.113929 0.0857394 0.842245 3.1276e-19  0.576941  0.423059  
2.8506e-19 0.292135 0.707865 0.306268  0.00918062  0.75078  
0.675493 0.561469 0.0282908 0.302882  0.734635  0.0132044  
0.10143 0.00710765 0.942696 0.283644  0.368266  0.562473  
9.94714e-17 0.77751 0.22249 0.137855  0.616276  0.294796  
1.97942e-14 0.416663 0.583352 6.70923e-19  0.13906  0.860958  
0.370824 0.71017 0.0381097 1.36548e-17  0.76561  0.23439  
0.397176 0.227334 0.529294 0.256801  0.214842  0.62825  
4.70045e-19 0.867079 0.132921 1.63181e-18  0.518992  0.481008  
0.441668 0.468794 0.169048 0.143324  0.0132271  0.922434  
4.93347e-20 0.455032 0.544968 4.54277e-17  0.999936  6.53134e-05  
6.36523e-18 0.356893 0.643107 2.03892e-17  0.495703  0.504297  
0.5194 0.0550728 0.494141 9.52248e-17  0.744317  0.255683  
0.33231 0.590487 0.147827 7.73383e-19  0.241803  0.758208  
0.143324 0.0132271 0.922434 1.54756e-17  0.867706  0.132294  
1.18312e-16 0.23144 0.76856 7.9661e-19  0.367371  0.632629  
0.43375 0.632845 0.0753089 0.137855  0.616276  0.294796  
8.9635e-19 0.266689 0.733311 2.14478e-19  0.116365  0.883656  
0.771661 0.263618 0.0087466 1.26467e-16  0.930537  0.0694717  
0.443362 0.561621 0.0872217 2.34724e-19  0.43299  0.56701  
0.0899043 0.218481 0.774327 0.137855  0.616276  0.294796  
3.74867e-16 0.733306 0.266694 1.34399e-17  0.171395  0.828605  
1.03274e-16 0.932939 0.0670608 2.26853e-18  0.804751  0.195249  
1.29405e-12 0.555019 0.445007 5.25077e-19  0.302686  0.697314  
1.24518e-17 0.902536 0.0974682 1.78322e-18  0.557534  0.442466  
5.1113e-17 0.399521 0.600479 1.16241e-19  0.041236  0.958764  
3.45403e-20 0.599676 0.400324 1.25013e-18  0.960868  0.039145  
1.20168e-16 0.690132 0.309868 1.40227e-18  0.461916  0.538084  
3.41405e-18 0.70762 0.292403 9.08243e-17  0.71105  0.28895  
0 0 1 1.65184e-17  0.210654  0.789346  
0.256801 0.214842 0.62825 6.48707e-17  0.840347  0.159653  
4.54277e-17 0.999936 6.53134e-05 2.57914e-19  0.339834  0.660207  
0.621901 0.178254 0.307449 3.18173e-19  0.586926  0.413074  
2.19515e-17 0.279941 0.720059 0  0.0868717  0.913128  
0.558789 0.383758 0.161505 7.79246e-19  0.89841  0.101594  
0.802024 0.0183456 0.250984 1.10409e-18  0.399352  0.600672  
0.586019 0.368716 0.204684 3.73511e-20  0.648476  0.351524  
7.4347e-19 0.857162 0.142842 4.67219e-19  0.146079  0.85394  
4.94234e-16 0.966809 0.0331911 1.13171e-18  0.773201  0.226799  
3.94872e-19 0.142825 0.857198 7.50796e-19  0.271563  0.72846  
1.35513e-19 0.249978 0.750022 1.47591e-18  0.523573  0.476427  
7.21956e-17 0.564311 0.435689 2.74025e-18  0.0214189  0.978581  
1.016e-16 0.198747 0.801253 8.85889e-17  0.976767  0.0232379  
6.48707e-17 0.840347 0.159653 7.75214e-20  0.476673  0.523327  
0.397772 0.0366274 0.610053 1  2.11342e-12  0  
0 0.230881 0.769119 0  0.999929  7.05928e-05  
0 0.20666 0.79334 0  9.99425e-05  0.9999  
2.23527e-18 0.792949 0.207051 1  2.11342e-12  0  
0 0.769054 0.230946 1  2.11342e-12  0  
1.80504e-20 0.332972 0.667028 1  2.11342e-12  0  
0 0.833331 0.166669 1  2.11342e-12  0  
3.01157e-19 0.185179 0.814821 1  2.11342e-12  0  
4.30183e-18 0.399961 0.600043 1  2.11342e-12  0  
0 0.297049 0.702951 0.783356  0.0179186  0.245142  
0 0.0666567 0.933343 0.762641  0.260536  0.00864435  
7.59675e-20 0.321457 0.678543 0.836336  0.0788556  0.201252  
0 0.463679 0.536321 0.762641  0.260536  0.00864435  
0 0.84632 0.15368 0.783356  0.0179186  0.245142  
0 0.519869 0.480131 0.762641  0.260536  0.00864435  
0.164932 0.312088 0.669908 0.657058  0.114538  0.253074  
0 0.723944 0.276056 0.762641  0.260536  0.00864435  
4.2286e-19 0.86671 0.13329 0.783356  0.0179186  0.245142  
0 0.888836 0.111164 0.762641  0.260536  0.00864435  
0 0.800075 0.199925 0.657058  0.114538  0.253074  
9.43279e-19 0.642972 0.357028 0.622398  0.334638  0.0998506  
0.433812 0.549524 0.0853431 0.657058  0.114538  0.253074  
9.53913e-20 0.703863 0.296137 0.602099  0.344779  0.0760726  
0 0.40726 0.59274 0.657058  0.114538  0.253074  
1.30159e-19 0.240101 0.759899 0.622398  0.334638  0.0998506  
0.31559 0.560777 0.140389 0.500315  0.0530492  0.475508  
1.60051e-20 0.821543 0.178457 0.409514  0.603151  0.0631443  
1.64974e-17 0.166661 0.833343 0.657058  0.114538  0.253074  
9.72778e-17 0.760364 0.239636 0.529572  0.363692  0.15306  
0 0.565387 0.434613 0.500315  0.0530492  0.475508  
2.90241e-18 0.923105 0.0768949 0.501777  0.405746  0.123853  
0.529572 0.363692 0.15306 0.500315  0.0530492  0.475508  
0.458394 0.40902 0.284763 0.529572  0.363692  0.15306  
4.77543e-19 0.0989788 0.901045 0.426612  0.0167185  0.645238  
0 0.585243 0.414757 0.307717  0.746363  0.0118535  
0 0.933369 0.0666312 0.529572  0.363692  0.15306  
1.45705e-18 0.47996 0.52004 0.427649  0.45375  0.163652  
0.71431 1.77229e-12 0.726158 0.500315  0.0530492  0.475508  
0 0.356979 0.643021 0.433812  0.549524  0.0853431  
0.166694 0.937822 0.0190928 0.358259  0.205149  0.477327  
0.762641 0.260536 0.00864435 0.427649  0.45375  0.163652  
3.64793e-20 0.63334 0.36666 0.397772  0.0366274  0.610053  
0.783356 0.0179186 0.245142 0.352566  0.675205  0.0350155  
4.18022e-14 0.879927 0.120087 0.358259  0.205149  0.477327  
7.80398e-19 0.899737 0.100267 0.427649  0.45375  0.163652  
1.46115e-20 0.750009 0.249991 0.397772  0.0366274  0.610053  
2.2024e-20 0.666702 0.333298 0.31559  0.560777  0.140389  
0 0.428176 0.571824 0.358259  0.205149  0.477327  
8.71085e-19 0.535623 0.464377 0.427649  0.45375  0.163652  
2.6684e-20 0.807767 0.192233 0.319871  0.0260965  0.691901  
0.836336 0.0788556 0.201252 0.300652  0.729225  0.0131072  
8.65992e-21 0.444514 0.555486 0.358259  0.205149  0.477327  
1.13922e-20 0.344861 0.655139 0.31559  0.560777  0.140389  
0.501777 0.405746 0.123853 0.319871  0.0260965  0.691901  
0.352566 0.675205 0.0350155 0.31559  0.560777  0.140389  
0.409514 0.603151 0.0631443 0.250196  0.274424  0.533322  
0.113929 0.0857394 0.842245 0.31559  0.560777  0.140389  
0.427649 0.45375 0.163652 0.303794  0.00910645  0.744333  
0.675493 0.561469 0.0282908 0.300652  0.729225  0.0131072  
0.10143 0.00710765 0.942696 0.250196  0.274424  0.533322  
0 0.500008 0.499992 0.136552  0.610547  0.292047  
0.622398 0.334638 0.0998506 0  0.140491  0.859509  
1.36337e-19 0.576909 0.423091 0  0.76563  0.23437  
0 0.999929 7.05928e-05 0.254727  0.213107  0.623176  
0 0.545457 0.454543 3.92984e-20  0.515505  0.484495  
0 0.307767 0.692233 0.142121  0.013116  0.914687  
0 0.608709 0.391291 7.56669e-20  0.992575  0.00742517  
0 9.99425e-05 0.9999 0  0.492414  0.507586  
1 2.11342e-12 0 0  0.742336  0.257664  
2.40381e-18 0.132961 0.867039 0  0.241801  0.758199  
0.303794 0.00910645 0.744333 0  0.867423  0.132577  
7.59069e-20 0.280047 0.719953 0  0.367002  0.632998  
8.59048e-19 0.199958 0.800042 0.136552  0.610547  0.292047  
8.9635e-19 0.266689 0.733311 2.2755e-21  0.116802  0.883198  
0.500315 0.0530492 0.475508 0  0.929744  0.070256  
0.142121 0.013116 0.914687 0  0.429823  0.570177  
0.0899043 0.218481 0.774327 0.136552  0.610547  0.292047  
3.74867e-16 0.733306 0.266694 0  0.179141  0.820859  
0 0.379633 0.620367 0  0.804751  0.195249  
0.602099 0.344779 0.0760726 0  0.304408  0.695592  
0 0.0333186 0.966681 1.08043e-20  0.554584  0.445416  
0.300652 0.729225 0.0131072 0  0.0545546  0.945445  
3.45403e-20 0.599676 0.400324 0  0.960961  0.0390394  
0 0.77784 0.22216 0  0.460888  0.539112  
0.136552 0.610547 0.292047 0  0.71105  0.28895  
0.743602 0.81561 0 0  0.210654  0.789346  
0 0.367002 0.632998 0  0.836144  0.163856  
0 0.689777 0.310223 0  0.335744  0.664256  
0.621901 0.178254 0.307449 1.31619e-20  0.58637  0.41363  
0.657058 0.114538 0.253074 0  0.085778  0.914222  
2.04873e-20 0.620184 0.379816 0  0.898623  0.101377  
3.19998e-20 0.555569 0.444431 0  0.398475  0.601525  
0.254727 0.213107 0.623176 0  0.648438  0.351562  
7.4347e-19 0.857162 0.142842 0  0.148407  0.851593  
4.94234e-16 0.966809 0.0331911 0  0.773464  0.226536  
3.94872e-19 0.142825 0.857198 0  0.273451  0.726549  
1.35513e-19 0.249978 0.750022 0  0.523573  0.476427  
0.358259 0.205149 0.477327 0  0.023412  0.976588  
0.250196 0.274424 0.533322 0  0.976642  0.0233577  
0.319871 0.0260965 0.691901 0  0.476585  0.523415  
0 0.100127 0.899873 1  2.00329e-12  0  
0 0.230881 0.769119 0  0.999929  7.05928e-05  
0 0.20666 0.79334 0  9.99425e-05  0.9999  
0 0.793031 0.206969 1  2.00329e-12  0  
0 0.033323 0.966677 1  2.00329e-12  0  
0 0.333345 0.666655 1  2.00329e-12  0  
0 0.833331 0.166669 1  2.00329e-12  0  
3.01157e-19 0.185179 0.814821 1  2.00329e-12  0  
0 0.400005 0.599995 1  2.00329e-12  0  
0 0.444278 0.555722 0.776753  0.0177675  0.243076  
0 0.0666567 0.933343 0.758644  0.259188  0.00860009  
0 0.900066 0.0999343 0.801433  0.0755647  0.192853  
0 0.629961 0.370039 0.758644  0.259188  0.00860009  
1 2.00329e-12 0 0.776753  0.0177675  0.243076  
0 0.888881 0.111119 0.758644  0.259188  0.00860009  
0 0.320041 0.679959 0.656184  0.114386  0.252737  
0 0.464394 0.535606 0.758644  0.259188  0.00860009  
4.2286e-19 0.86671 0.13329 0.776753  0.0177675  0.243076  
0.758644 0.259188 0.00860009 0.758644  0.259188  0.00860009  
0 0.800007 0.199993 0.656184  0.114386  0.252737  
9.43279e-19 0.642972 0.357028 0.615652  0.331075  0.0987751  
0 0.76003 0.23997 0.656184  0.114386  0.252737  
9.53913e-20 0.703863 0.296137 0.59974  0.343428  0.0757746  
0 0.407605 0.592395 0.656184  0.114386  0.252737  
1.30159e-19 0.240101 0.759899 0.615652  0.331075  0.0987751  
0 0.366631 0.633369 0.498601  0.0528285  0.473846  
0 0.966736 0.0332639 0.405402  0.597095  0.0625103  
1.64974e-17 0.166661 0.833343 0.601173  0.205375  0.294888  
0 0.84625 0.15375 0.51945  0.356741  0.150135  
0.37543 0.910599 0.000114653 0.498601  0.0528285  0.473846  
2.90241e-18 0.923105 0.0768949 0.501495  0.405518  0.123784  
0.801433 0.0755647 0.192853 0.498601  0.0528285  0.473846  
0.458394 0.40902 0.284763 0.51945  0.356741  0.150135  
0.535316 0.44785 0.115149 0.42308  0.0165801  0.639562  
0.405402 0.597095 0.0625103 0.304235  0.737915  0.0117194  
0.358259 0.205149 0.477327 0.51945  0.356741  0.150135  
0 0.879965 0.120035 0.422075  0.447837  0.161519  
0 0.76938 0.23062 0.498601  0.0528285  0.473846  
0.498601 0.0528285 0.473846 0.431269  0.546302  0.0848427  
0.166694 0.937822 0.0190928 0.358259  0.205149  0.477327  
0 0.275996 0.724004 0.422075  0.447837  0.161519  
0.776753 0.0177675 0.243076 0.392113  0.0361872  0.601487  
0 0.8149 0.1851 0.352034  0.674187  0.0349627  
0 0.724064 0.275936 0.358259  0.205149  0.477327  
0.501495 0.405518 0.123784 0.422075  0.447837  0.161519  
1.46115e-20 0.750009 0.249991 0.392113  0.0361872  0.601487  
2.2024e-20 0.666702 0.333298 0.31559  0.560777  0.140389  
0 0.384295 0.615705 0.358259  0.205149  0.477327  
0 0.13341 0.86659 0.422075  0.447837  0.161519  
0 0.53584 0.46416 0.319441  0.0260614  0.69097  
0 9.99425e-05 0.9999 0.298074  0.722972  0.0129948  
0.656184 0.114386 0.252737 0.358259  0.205149  0.477327  
1.13922e-20 0.344861 0.655139 0.31559  0.560777  0.140389  
0 0.586206 0.413794 0.319441  0.0260614  0.69097  
0.542962 0.0116151 0.563776 0.31559  0.560777  0.140389  
0 0.933332 0.066668 0.2466  0.27048  0.525656  
0.113929 0.0857394 0.842245 0.31559  0.560777  0.140389  
8.01972e-21 0.357283 0.642717 0.30169  0.00896425  0.738992  
0.675493 0.561469 0.0282908 0.298074  0.722972  0.0129948  
0.10143 0.00710765 0.942696 0.2466  0.27048  0.525656  
0 0.500008 0.499992 0.135096  0.604036  0.288046  
0.615652 0.331075 0.0987751 0  0.140491  0.859509  
1.36337e-19 0.576909 0.423091 0  0.76563  0.23437  
0 0.428643 0.571357 0.253561  0.212131  0.620323  
0 0.545457 0.454543 0  0.515623  0.484377  
0 0.307767 0.692233 0.14067  0.0129821  0.905349  
0 0.565184 0.434816 0  0.992192  0.00780755  
0.59974 0.343428 0.0757746 0  0.49215  0.50785  
0.431269 0.546302 0.0848427 0  0.742165  0.257835  
0.298074 0.722972 0.0129948 0  0.242161  0.757839  
0.422075 0.447837 0.161519 0  0.867252  0.132748  
0 0.689582 0.310418 0  0.367253  0.632747  
8.59048e-19 0.199958 0.800042 0.135096  0.604036  0.288046  
8.9635e-19 0.266689 0.733311 0  0.11701  0.88299  
0.253561 0.212131 0.620323 0  0.929744  0.070256  
0.352034 0.674187 0.0349627 0  0.429761  0.570239  
0.0899043 0.218481 0.774327 0.135096  0.604036  0.288046  
0 0.142822 0.857178 0  0.179709  0.820291  
0.31559 0.560777 0.140389 0  0.8047  0.1953  
0 0.733347 0.266653 0  0.304726  0.695274  
0.601173 0.205375 0.294888 0  0.554778  0.445222  
0.30169 0.00896425 0.738992 0  0.0546329  0.945367  
3.45403e-20 0.599676 0.400324 0  0.960961  0.0390394  
0.192226 0.243499 0.736753 0  0.460888  0.539112  
0 0.519966 0.480034 0  0.710996  0.289004  
0.743602 0.81561 0 0  0.21089  0.78911  
0.135096 0.604036 0.288046 0  0.835954  0.164046  
0.51945 0.356741 0.150135 0  0.335744  0.664256  
0.621901 0.178254 0.307449 0  0.585915  0.414085  
0 0.480019 0.519981 0  0.085778  0.914222  
0 0.999929 7.05928e-05 0  0.898564  0.101436  
3.19998e-20 0.555569 0.444431 0  0.398467  0.601533  
0.2466 0.27048 0.525656 0  0.648438  0.351562  
7.4347e-19 0.857162 0.142842 0  0.148407  0.851593  
0.597936 1.19784e-12 0.624949 0  0.773464  0.226536  
0.319441 0.0260614 0.69097 0  0.273451  0.726549  
1.35513e-19 0.249978 0.750022 0  0.523403  0.476597  
0.392113 0.0361872 0.601487 0  0.0234244  0.976576  
0.14067 0.0129821 0.905349 0  0.976641  0.0233588  
0 0.296424 0.703576 0  0.476585  0.523415  
0 9.99425e-05 0.9999 1  2.00329e-12  0  
0 0.230881 0.769119 0  0.999929  7.05928e-05  
0 0.296383 0.703617 0  9.99425e-05  0.9999  
0.298074 0.722972 0.0129948 1  2.00329e-12  0  
0.773231 0.0233884 0.236385 1  2.00329e-12  0  
0 0.333345 0.666655 1  2.00329e-12  0  
0 0.833331 0.166669 1  2.00329e-12  0  
3.01157e-19 0.185179 0.814821 1  2.00329e-12  0  
0 0.400005 0.599995 1  2.00329e-12  0  
1 2.00329e-12 0 0.773231  0.0233884  0.236385  
0 0.0666567 0.933343 0.754394  0.257736  0.00855191  
0.500789 0.404947 0.12361 0.792389  0.0747119  0.190676  
0 0.629961 0.370039 0.754394  0.257736  0.00855191  
0 0.666643 0.333357 0.770944  0.0176347  0.241258  
0 0.888881 0.111119 0.754394  0.257736  0.00855191  
0 0.999929 7.05928e-05 0.653939  0.113994  0.251872  
0 0.464394 0.535606 0.754394  0.257736  0.00855191  
4.2286e-19 0.86671 0.13329 0.770944  0.0176347  0.241258  
0 0.565219 0.434781 0.754394  0.257736  0.00855191  
0 0.800007 0.199993 0.653939  0.113994  0.251872  
0 0.320018 0.679982 0.60856  0.327261  0.097909  
0 0.76003 0.23997 0.653939  0.113994  0.251872  
0 0.703707 0.296293 0.598876  0.342933  0.0756654  
0 0.407605 0.592395 0.653939  0.113994  0.251872  
0 0.444425 0.555575 0.60856  0.327261  0.097909  
0 0.366631 0.633369 0.49756  0.0527182  0.472856  
0 0.966736 0.0332639 0.40318  0.593823  0.0619042  
1.64974e-17 0.166661 0.833343 0.588168  0.200932  0.288508  
0 0.84625 0.15375 0.517678  0.355524  0.149623  
0 0.0999384 0.900062 0.49756  0.0527182  0.472856  
2.90241e-18 0.923105 0.0768949 0.500789  0.404947  0.12361  
0.754394 0.257736 0.00855191 0.49756  0.0527182  0.472856  
0.458394 0.40902 0.284763 0.517678  0.355524  0.149623  
0.535316 0.44785 0.115149 0.410113  0.0160719  0.619959  
0 0.900045 0.099955 0.303546  0.736245  0.0116928  
0 0.214391 0.785609 0.517678  0.355524  0.149623  
0 0.879965 0.120035 0.417707  0.443201  0.159847  
0 0.769325 0.230675 0.49756  0.0527182  0.472856  
0.517678 0.355524 0.149623 0.426689  0.5405  0.0839417  
0.166694 0.937822 0.0190928 0.355447  0.203539  0.473582  
0 0.642817 0.357183 0.417707  0.443201  0.159847  
0 0.357194 0.642806 0.389827  0.0359762  0.597981  
0.653939 0.113994 0.251872 0.349449  0.669235  0.0347059  
0 0.724064 0.275936 0.355447  0.203539  0.473582  
0 0.285575 0.714425 0.417707  0.443201  0.159847  
1.46115e-20 0.750009 0.249991 0.389827  0.0359762  0.597981  
0.40318 0.593823 0.0619042 0.314472  0.55879  0.139892  
0 0.384295 0.615705 0.355447  0.203539  0.473582  
0 0.13341 0.86659 0.417707  0.443201  0.159847  
0 0.53584 0.46416 0.317138  0.0258735  0.685989  
0.49756 0.0527182 0.472856 0.298074  0.722972  0.0129948  
0 0.600253 0.399747 0.355447  0.203539  0.473582  
1.13922e-20 0.344861 0.655139 0.314472  0.55879  0.139892  
0 0.586206 0.413794 0.317138  0.0258735  0.685989  
0.792389 0.0747119 0.190676 0.314472  0.55879  0.139892  
0 0.933332 0.066668 0.244752  0.268453  0.521717  
0.113929 0.0857394 0.842245 0.314472  0.55879  0.139892  
0.598876 0.342933 0.0756654 0.301123  0.0089474  0.737603  
0.675493 0.561469 0.0282908 0.298074  0.722972  0.0129948  
0.10143 0.00710765 0.942696 0.244752  0.268453  0.521717  
0 0.500008 0.499992 0.134906  0.603186  0.287641  
0.523826 0.00976082 0.542437 0  0.140508  0.859492  
1.36337e-19 0.576909 0.423091 0  0.76563  0.23437  
0 0.481774 0.518226 0.242898  0.196411  0.607223  
0 0.545457 0.454543 0  0.515623  0.484377  
0 0.307763 0.692237 0.139336  0.012859  0.896762  
0.770944 0.0176347 0.241258 0  0.992192  0.00780755  
0.314472 0.55879 0.139892 0  0.492201  0.507799  
0.349449 0.669235 0.0347059 0  0.742165  0.257835  
0.389827 0.0359762 0.597981 0.172644  0.183181  0.711614  
0 0.428425 0.571575 0  0.867252  0.132748  
0 0.689582 0.310418 0  0.367253  0.632747  
8.59048e-19 0.199958 0.800042 0.134906  0.603186  0.287641  
8.9635e-19 0.266689 0.733311 0  0.117073  0.882927  
0.244752 0.268453 0.521717 0  0.929697  0.0703034  
0 0.785684 0.214316 0  0.429761  0.570239  
0.172644 0.183181 0.711614 0.134906  0.603186  0.287641  
0 0.142822 0.857178 0  0.179694  0.820306  
0 0.033328 0.966672 0  0.8047  0.1953  
0 0.733347 0.266653 0  0.304726  0.695274  
0 0.814765 0.185235 0  0.554778  0.445222  
0.426689 0.5405 0.0839417 0  0.0546502  0.94535  
0.317138 0.0258735 0.685989 0  0.960961  0.0390394  
0.139336 0.012859 0.896762 0  0.460964  0.539036  
0 0.519966 0.480034 0  0.710996  0.289004  
0.743602 0.81561 0 0  0.21089  0.78911  
0.301123 0.0089474 0.737603 0  0.835954  0.164046  
0.417707 0.443201 0.159847 0  0.335902  0.664098  
0.621901 0.178254 0.307449 0  0.585951  0.414049  
0.372351 0.903129 0 0  0.085778  0.914222  
0.60856 0.327261 0.097909 0  0.898564  0.101436  
3.19998e-20 0.555569 0.444431 0  0.398467  0.601533  
0.242898 0.196411 0.607223 0  0.648438  0.351562  
7.4347e-19 0.857162 0.142842 0  0.148407  0.851593  
0.597936 1.19784e-12 0.624949 0  0.773464  0.226536  
0.134906 0.603186 0.287641 0  0.273451  0.726549  
1.35513e-19 0.249978 0.750022 0  0.523403  0.476597  
0.588168 0.200932 0.288508 0  0.0234244  0.976576  
0.260155 0.33743 0.513508 0  0.976588  0.0234124  
0.355447 0.203539 0.473582 0  0.476585  0.523415  
0 0.535734 0.464266 1  2.00329e-12  0  
0 0.230881 0.769119 0  0.999908  9.18985e-05  
0 0.296383 0.703617 0  9.99425e-05  0.9999  
0 0.66668 0.33332 1  2.00329e-12  0  
0 0.033328 0.966672 1  2.00329e-12  0  
0 0.333345 0.666655 1  2.00329e-12  0  
0 0.833331 0.166669 1  2.00329e-12  0  
3.01157e-19 0.185179 0.814821 1  2.00329e-12  0  
0 0.400005 0.599995 1  2.00329e-12  0  
0 0.481652 0.518348 0.773231  0.0233884  0.236385  
0 0.0666567 0.933343 0.754394  0.257736  0.00855191  
0 9.99425e-05 0.9999 0.775732  0.0731414  0.186668  
0.516861 0.354933 0.149382 0.754394  0.257736  0.00855191  
0.653531 0.113908 0.25171 0.76991  0.017611  0.240934  
0 0.888881 0.111119 0.754394  0.257736  0.00855191  
0 0.407597 0.592403 0.653531  0.113908  0.25171  
0 0.464394 0.535606 0.754394  0.257736  0.00855191  
4.2286e-19 0.86671 0.13329 0.76991  0.017611  0.240934  
0 0.565219 0.434781 0.754394  0.257736  0.00855191  
0 0.800007 0.199993 0.653531  0.113908  0.25171  
0.159165 0.301939 0.647556 0.604612  0.325138  0.0972739  
0 0.76003 0.23997 0.653531  0.113908  0.25171  
0 0.703707 0.296293 0.598876  0.342933  0.0756654  
0.496627 0.0526193 0.471969 0.653531  0.113908  0.25171  
0 0.444425 0.555575 0.604612  0.325138  0.0972739  
1 2.00329e-12 0 0.496627  0.0526193  0.471969  
0 0.966736 0.0332639 0.396577  0.584097  0.0608903  
1.64974e-17 0.166661 0.833343 0.579839  0.198087  0.284423  
0 0.84625 0.15375 0.516861  0.354933  0.149382  
0 0.0999384 0.900062 0.496627  0.0526193  0.471969  
2.90241e-18 0.923105 0.0768949 0.500789  0.404947  0.12361  
0 0.366683 0.633317 0.496627  0.0526193  0.471969  
0.458394 0.40902 0.284763 0.516861  0.354933  0.149382  
0.535316 0.44785 0.115149 0.406156  0.0159169  0.613978  
0 0.900045 0.099955 0.302202  0.732984  0.0116411  
0.773231 0.0233884 0.236385 0.516861  0.354933  0.149382  
0 0.879965 0.120035 0.417669  0.443161  0.159833  
0 0.769325 0.230675 0.496627  0.0526193  0.471969  
0 0.999908 9.18985e-05 0.425296  0.538737  0.0836678  
0.166694 0.937822 0.0190928 0.355447  0.203539  0.473582  
0 0.642817 0.357183 0.417669  0.443161  0.159833  
0 0.357194 0.642806 0.389633  0.0359584  0.597684  
0.317138 0.0258735 0.685989 0.349449  0.669235  0.0347059  
0 0.724064 0.275936 0.355447  0.203539  0.473582  
0 0.285575 0.714425 0.417669  0.443161  0.159833  
1.46115e-20 0.750009 0.249991 0.389633  0.0359584  0.597684  
0 0.520009 0.479991 0.314263  0.558418  0.139799  
0.754394 0.257736 0.00855191 0.355447  0.203539  0.473582  
0 0.13341 0.86659 0.417669  0.443161  0.159833  
0.775732 0.0731414 0.186668 0.317138  0.0258735  0.685989  
0.425296 0.538737 0.0836678 0.295371  0.716416  0.012877  
0.76991 0.017611 0.240934 0.355447  0.203539  0.473582  
1.13922e-20 0.344861 0.655139 0.314263  0.558418  0.139799  
0 0.586206 0.413794 0.317138  0.0258735  0.685989  
0.314263 0.558418 0.139799 0.314263  0.558418  0.139799  
0 0.933332 0.066668 0.244752  0.268453  0.521717  
0.113929 0.0857394 0.842245 0.314263  0.558418  0.139799  
0.500789 0.404947 0.12361 0.299073  0.00888648  0.732581  
0.675493 0.561469 0.0282908 0.295371  0.716416  0.012877  
0.10143 0.00710765 0.942696 0.244752  0.268453  0.521717  
0 0.500008 0.499992 0.134185  0.599964  0.286104  
0.523826 0.00976082 0.542437 0  0.140508  0.859492  
1.36337e-19 0.576909 0.423091 0  0.76563  0.23437  
0.396577 0.584097 0.0608903 0.240624  0.194573  0.601539  
0 0.545457 0.454543 0  0.515623  0.484377  
0 0.307763 0.692237 0.139336  0.012859  0.896762  
0 0.214292 0.785708 0  0.992192  0.00780755  
0 0.629606 0.370394 0  0.492201  0.507799  
0.579839 0.198087 0.284423 0  0.742165  0.257835  
0 0.60465 0.39535 0.171379  0.181839  0.706399  
0 0.384601 0.615399 0  0.867252  0.132748  
0 0.689582 0.310418 0  0.36724  0.63276  
8.59048e-19 0.199958 0.800042 0.134185  0.599964  0.286104  
8.9635e-19 0.266689 0.733311 0  0.117073  0.882927  
0.240624 0.194573 0.601539 0  0.929697  0.0703034  
0 0.785684 0.214316 0  0.429626  0.570374  
0 0.428509 0.571491 0.134185  0.599964  0.286104  
0 0.142822 0.857178 0  0.179694  0.820306  
0.134185 0.599964 0.286104 0  0.8047  0.1953  
0 0.733347 0.266653 0  0.304726  0.695274  
0 0.814765 0.185235 0  0.554767  0.445233  
0.244752 0.268453 0.521717 0  0.0546665  0.945334  
0.355447 0.203539 0.473582 0  0.960961  0.0390394  
0.389633 0.0359584 0.597684 0  0.460919  0.539081  
0.299073 0.00888648 0.732581 0  0.710922  0.289078  
0.743602 0.81561 0 0  0.210926  0.789074  
0.604612 0.325138 0.0972739 0  0.835954  0.164046  
0.598876 0.342933 0.0756654 0  0.335902  0.664098  
0.621901 0.178254 0.307449 0  0.585951  0.414049  
0.372351 0.903129 0 0  0.085778  0.914222  
0.295371 0.716416 0.012877 0  0.898527  0.101473  
3.19998e-20 0.555569 0.444431 0  0.398467  0.601533  
0.139336 0.012859 0.896762 0  0.648438  0.351562  
7.4347e-19 0.857162 0.142842 0  0.148407  0.851593  
0.597936 1.19784e-12 0.624949 0  0.773464  0.226536  
0.417669 0.443161 0.159833 0  0.273451  0.726549  
0.171379 0.181839 0.706399 0  0.523403  0.476597  
0 0.25001 0.74999 0  0.0234244  0.976576  
0.260155 0.33743 0.513508 0  0.976588  0.0234124  
0.349449 0.669235 0.0347059 0  0.476585  0.523415  
0.499901 0.404229 0.123391 1  2.00329e-12  0  
0 0.230881 0.769119 0  0.999908  9.18985e-05  
0 0.296383 0.703617 0  9.99425e-05  0.9999  
0 0.66668 0.33332 1  2.00329e-12  0  
0 0.86669 0.13331 1  2.00329e-12  0  
0 0.333345 0.666655 1  2.00329e-12  0  
0 0.833331 0.166669 1  2.00329e-12  0  
3.01157e-19 0.185179 0.814821 1  2.00329e-12  0  
0 0.400005 0.599995 1  2.00329e-12  0  
0 0.629427 0.370573 0.772314  0.0233606  0.236105  
0 0.0666605 0.93334 0.753316  0.257367  0.00853969  
0.652762 0.113774 0.251414 0.775732  0.0731414  0.186668  
0 0.0333316 0.966668 0.753316  0.257367  0.00853969  
0 0.923094 0.0769062 0.76695  0.017431  0.239974  
0 0.888881 0.111119 0.753316  0.257367  0.00853969  
0 0.407597 0.592403 0.652762  0.113774  0.251414  
0 0.464394 0.535606 0.753316  0.257367  0.00853969  
0.753316 0.257367 0.00853969 0.76695  0.017431  0.239974  
0 0.565219 0.434781 0.753316  0.257367  0.00853969  
0 0.800007 0.199993 0.652762  0.113774  0.251414  
0.159165 0.301939 0.647556 0.603159  0.324356  0.09704  
0.76695 0.017431 0.239974 0.652762  0.113774  0.251414  
0 0.703707 0.296293 0.598538  0.342739  0.0756227  
1 2.00329e-12 0 0.652762  0.113774  0.251414  
0 0.444425 0.555575 0.603159  0.324356  0.09704  
0 0.481571 0.518429 0.493835  0.0523235  0.469316  
0 0.96672 0.0332803 0.393286  0.579249  0.060385  
1.64974e-17 0.166661 0.833343 0.579839  0.198087  0.284423  
0.772314 0.0233606 0.236105 0.515355  0.353899  0.148946  
0 0.0999999 0.9 0.493835  0.0523235  0.469316  
0 0.133318 0.866682 0.499901  0.404229  0.123391  
0 0.366683 0.633317 0.493835  0.0523235  0.469316  
0.458394 0.40902 0.284763 0.515355  0.353899  0.148946  
0.535316 0.44785 0.115149 0.404997  0.0158715  0.612225  
0 0.900045 0.099955 0.293909  0.722172  0.00361255  
0 0.846142 0.153858 0.515355  0.353899  0.148946  
0 0.879965 0.120035 0.416621  0.44205  0.159432  
0 0.769325 0.230675 0.493835  0.0523235  0.469316  
0 0.689645 0.310355 0.422219  0.534839  0.0830625  
0.166694 0.937822 0.0190928 0.355345  0.20348  0.473445  
0 0.642817 0.357183 0.416621  0.44205  0.159432  
0 0.357194 0.642806 0.387382  0.0357506  0.59423  
0.498129 8.36873e-05 0.785063 0.347405  0.66532  0.0345029  
0 0.724064 0.275936 0.355345  0.20348  0.473445  
0 0.285575 0.714425 0.416621  0.44205  0.159432  
1.46115e-20 0.750009 0.249991 0.387382  0.0357506  0.59423  
0 0.520009 0.479991 0.314263  0.558418  0.139799  
0.169148 0.179472 0.69742 0.355345  0.20348  0.473445  
0.493835 0.0523235 0.469316 0.416621  0.44205  0.159432  
0.387382 0.0357506 0.59423 0.316138  0.0257919  0.683825  
0 0.606992 0.393008 0.293733  0.712534  0.0128067  
0 0.760022 0.239978 0.355345  0.20348  0.473445  
1.13922e-20 0.344861 0.655139 0.314263  0.558418  0.139799  
0 0.586206 0.413794 0.316138  0.0257919  0.683825  
0.347405 0.66532 0.0345029 0.314263  0.558418  0.139799  
0 0.933332 0.066668 0.243326  0.266889  0.518678  
0.113929 0.0857394 0.842245 0.314263  0.558418  0.139799  
0.598538 0.342739 0.0756227 0.296392  0.00880683  0.726014  
0.675493 0.561469 0.0282908 0.293733  0.712534  0.0128067  
0.10143 0.00710765 0.942696 0.243326  0.266889  0.518678  
0 0.500008 0.499992 0.134185  0.599964  0.286104  
0.523826 0.00976082 0.542437 0  0.140508  0.859492  
1.36337e-19 0.576909 0.423091 0  0.76563  0.23437  
0.355345 0.20348 0.473445 0.240624  0.194573  0.601539  
0 0.545457 0.454543 0  0.515623  0.484377  
0 0.307763 0.692237 0.137769  0.0127144  0.886681  
0 0.214292 0.785708 0  0.992192  0.00780755  
0 9.99425e-05 0.9999 0  0.492201  0.507799  
0.416621 0.44205 0.159432 0  0.742165  0.257835  
0 0.555553 0.444447 0.169148  0.179472  0.69742  
0 0.384601 0.615399 0  0.867235  0.132765  
0 0.535728 0.464272 0  0.367158  0.632842  
8.59048e-19 0.199958 0.800042 0.134185  0.599964  0.286104  
8.9635e-19 0.266689 0.733311 0  0.117073  0.882927  
0.243326 0.266889 0.518678 0  0.929693  0.0703072  
0 0.785684 0.214316 0  0.429626  0.570374  
0 0.428509 0.571491 0.134185  0.599964  0.286104  
0 0.142822 0.857178 0  0.179694  0.820306  
0 0.999908 9.18985e-05 0  0.8047  0.1953  
0 0.733347 0.266653 0  0.304619  0.695381  
0 0.814765 0.185235 0  0.554767  0.445233  
0.515355 0.353899 0.148946 0  0.0546665  0.945334  
0.393286 0.579249 0.060385 0  0.960961  0.0390394  
0.316138 0.0257919 0.683825 0  0.460919  0.539081  
0.422219 0.534839 0.0830625 0  0.710926  0.289074  
0.327178 0.80392 0 0  0.210926  0.789074  
0.296392 0.00880683 0.726014 0  0.835954  0.164046  
0.240624 0.194573 0.601539 0  0.335902  0.664098  
0.621901 0.178254 0.307449 0  0.585951  0.414049  
0.134185 0.599964 0.286104 0  0.0859096  0.91409  
0.603159 0.324356 0.09704 0  0.898527  0.101473  
0.775732 0.0731414 0.186668 0  0.398467  0.601533  
0.293733 0.712534 0.0128067 0  0.648438  0.351562  
7.4347e-19 0.857162 0.142842 0  0.148407  0.851593  
0.597936 1.19784e-12 0.624949 0  0.773449  0.226551  
0.137769 0.0127144 0.886681 0  0.273451  0.726549  
0.579839 0.198087 0.284423 0  0.523431  0.476569  
0 0.25001 0.74999 0  0.0234244  0.976576  
0.260155 0.33743 0.513508 0  0.976588  0.0234124  
0.314263 0.558418 0.139799 0  0.476585  0.523415  
