2.28662 0.0914264 2.28662  0.0914264  
2.43257 0.116475 2.43257  0.116475  
1.63992 2.16181 1.63992  2.16181  
2.41049 0.314412 2.41049  0.314412  
2.06498 0.942868 2.06498  0.942868  
2.62106 0.180895 2.62106  0.180895  
2.17219 0.330297 2.17219  0.330297  
0.820857 1.86083 0.820857  1.86083  
1.75714 1.91237 1.75714  1.91237  
2.38501 0.211093 2.38501  0.211093  
2.2319 1.34184 2.2319  1.34184  
0.866889 2.1751 0.866889  2.1751  
2.38851 0.0172184 2.38851  0.0172184  
1.88788 1.45311 1.88788  1.45311  
0.0202498 0.999795 0.0202498  0.999795  
2.43555 1.0441 2.43555  1.0441  
1.40495 2.30742 1.40495  2.30742  
1.64606 1.68978 1.64606  1.68978  
0.101255 0.99486 0.101255  0.99486  
2.25422 1.34581 2.25422  1.34581  
2.35967 0.934257 2.35967  0.934257  
2.4363 0.714863 2.4363  0.714863  
2.25976 1.04286 2.25976  1.04286  
1.30853 2.17858 1.30853  2.17858  
0.0518191 0.998656 0.0518191  0.998656  
1.13032 2.2121 1.13032  2.2121  
0.19774 0.980255 0.19774  0.980255  
1.80137 1.7735 1.80137  1.7735  
2.10349 0.496654 2.10349  0.496654  
1.60684 1.85781 1.60684  1.85781  
2.47677 0.441563 2.47677  0.441563  
1.91108 1.6325 1.91108  1.6325  
2.1879 1.44298 2.1879  1.44298  
1.88991 1.56273 1.88991  1.56273  
2.18885 1.46096 2.18885  1.46096  
2.22398 0.76923 2.22398  0.76923  
0.869651 2.52919 0.869651  2.52919  
2.17188 0.165703 2.17188  0.165703  
2.21856 1.23601 2.21856  1.23601  
0.759592 2.31481 0.759592  2.31481  
2.34995 0.361673 2.34995  0.361673  
0.209904 0.977722 0.209904  0.977722  
2.11127 1.46054 2.11127  1.46054  
1.38495 2.01884 1.38495  2.01884  
1.54924 1.70586 1.54924  1.70586  
1.5782 1.58449 1.5782  1.58449  
2.22832 0.71935 2.22832  0.71935  
1.49984 1.74469 1.49984  1.74469  
0.963437 2.24201 0.963437  2.24201  
1.13983 2.15625 1.13983  2.15625  
2.27354 0.247053 2.27354  0.247053  
1.47501 1.9272 1.47501  1.9272  
2.50913 0.143849 2.50913  0.143849  
2.44717 0.0399208 2.44717  0.0399208  
1.60667 1.77582 1.60667  1.77582  
0.014933 0.999888 0.014933  0.999888  
0.894461 2.2938 0.894461  2.2938  
1.78281 1.79629 1.78281  1.79629  
2.48617 0.514141 2.48617  0.514141  
2.27891 1.36909 2.27891  1.36909  
0.301572 0.953444 0.301572  0.953444  
2.29502 1.15802 2.29502  1.15802  
2.38748 1.07083 2.38748  1.07083  
1.99331 1.04762 1.99331  1.04762  
2.05859 1.49255 2.05859  1.49255  
0.989275 2.41998 0.989275  2.41998  
0.104565 0.994518 0.104565  0.994518  
2.56686 0.303447 2.56686  0.303447  
1.43774 2.10281 1.43774  2.10281  
1.45172 1.81411 1.45172  1.81411  
1.40641 2.16619 1.40641  2.16619  
0.735255 2.12077 0.735255  2.12077  
1.80888 1.75681 1.80888  1.75681  
1.0348 2.39125 1.0348  2.39125  
0.30527 0.952266 0.30527  0.952266  
2.39873 1.13117 2.39873  1.13117  
2.0386 1.42177 2.0386  1.42177  
1.5464 1.8319 1.5464  1.8319  
2.281 0.379406 2.281  0.379406  
1.95116 1.68064 1.95116  1.68064  
2.28207 1.03702 2.28207  1.03702  
2.09036 0.901017 2.09036  0.901017  
2.00132 1.35952 2.00132  1.35952  
1.95669 1.48021 1.95669  1.48021  
2.4607 1.31212 2.4607  1.31212  
1.89239 1.75514 1.89239  1.75514  
1.93226 1.44995 1.93226  1.44995  
1.87008 2.02053 1.87008  2.02053  
0.921163 1.99954 0.921163  1.99954  
1.25799 1.90885 1.25799  1.90885  
1.88132 1.55515 1.88132  1.55515  
0.117705 0.993049 0.117705  0.993049  
2.19375 1.34408 2.19375  1.34408  
0.696266 2.0512 0.696266  2.0512  
0.286493 0.958082 0.286493  0.958082  
0.234794 0.972045 0.234794  0.972045  
2.39812 0.788574 2.39812  0.788574  
0.303956 0.952686 0.303956  0.952686  
0.106639 0.994298 0.106639  0.994298  
2.43736 0.575635 2.43736  0.575635  
0.277332 0.960774 1.27735  4.49986e-05  
0.256889 0.966441 8.08088e-05  1  
0.307147 0.951662 1.04169  0.00243715  
0.0727561 0.99735 1.17417  0.000732076  
0.17641 0.984317 1.181  0.00434917  
0.155481 0.987839 1.21883  0.00136607  
0.298054 0.954549 1.23557  0.00158967  
0.103139 0.994667 1.2457  0.000985187  
0.0330032 0.999455 1.25474  0.00419481  
0.112859 0.993611 1.28697  0.00186965  
0.150332 0.988636 1.29344  0.000927209  
0.189755 0.981832 1.29359  0.00080677  
0.268517 0.963275 1.31093  0.0138336  
0.248217 0.968705 1.31969  0.000542202  
0.0416098 0.999134 1.32029  0.0010481  
0.142659 0.989772 1.33587  7.45458e-05  
0.110424 0.993885 1.34808  0.00323334  
0.200633 0.979667 1.35654  0.00453514  
0.120093 0.992763 1.36916  0.0033376  
0.171136 0.985247 1.37086  0.00203746  
0.288988 0.957333 1.39163  0.0191752  
0.163277 0.98658 1.41424  0.0281894  
1.04169 0.00243715 1.44656  0.00483611  
0.145126 0.989413 1.4475  0.00195056  
0.179073 0.983836 1.45425  0.0048618  
0.280206 0.95994 1.45489  0.0217276  
0.29509 0.955469 1.46003  0.00639479  
0.025929 0.999664 1.46155  0.000516009  
0.225537 0.974235 1.46232  7.31183e-05  
0.222735 0.974879 1.46925  0.0182419  
0.130022 0.991511 1.49257  0.00335178  
0.251094 0.967963 1.5055  0.00202872  
0.304031 0.952662 1.50846  0.0187286  
0.0682159 0.997671 1.50974  0.0220651  
0.242493 0.970153 1.51335  0.00410057  
0.197929 0.980216 1.52261  0.0294872  
0.233928 0.972254 1.5282  0.00196618  
0.0141019 0.999901 1.54013  0.00514892  
0.239665 0.970856 1.54863  0.0167012  
0.137614 0.990486 1.54941  9.68931e-05  
0.0591807 0.998247 1.55161  8.3403e-05  
0.125 0.992157 1.56699  3.03697e-06  
0.0636847 0.99797 1.59763  0.0238594  
0.135076 0.990835 1.59802  0.00237508  
0.228361 0.973577 1.62707  0.0313328  
0.206076 0.978536 1.6314  0.000280024  
0.0842658 0.996443 1.66008  0.0371972  
0.115261 0.993335 1.67827  0.00561074  
1.20036 2.83813e-07 1.6877  0.000212372  
0.214389 0.976748 1.69635  0.104635  
0.271432 0.962458 1.70534  0.00563688  
0.127612 0.991824 1.74315  0.0250793  
0.10553 0.994416 1.75062  0.00022029  
0.165866 0.986148 1.78212  0.0190752  
0.262704 0.964876 1.78549  0.0026537  
0.2744 0.961616 1.9282  0.154317  
0.208875 0.977942 1.0749  1.37246  
0.0750504 0.99718 1.93338  0.164726  
0.259796 0.965664 1.93389  0.0498989  
0.301084 0.953598 1.29947  1.87889  
0.158079 0.987426 1.95801  0.00456501  
0.117689 0.993051 1.96218  0.156071  
0.0984204 0.995145 2.05483  0.0331729  
0.0372898 0.999304 2.1111  1.18579  
0.236823 0.971553 2.1647  0.213736  
0.254015 0.9672 2.24427  0.0911754  
0.168424 0.985715 0.981058  1.90215  
0.132599 0.99117 2.27138  0.328352  
0.10801 0.99415 2.43564  0.0233529  
0.211634 0.977349 1.96242  0.000246941  
0.217149 0.976139 0.707902  1.70134  
0.184427 0.982846 1.29248  0.00102218  
0.231008 0.972952 1.73856  1.74355  
0.195084 0.980787 2.05321  1.80933  
0.192479 0.981301 0.0354139  0.999373  
0.308869 0.951105 0.00785932  0.999969  
0.0889586 0.996035 0.00678065  0.999977  
0.160637 0.987014 0.0166572  0.999861  
0.173729 0.984793 0.0967819  0.995306  
0.203371 0.979102 0.25416  0.967162  
0.283211 0.959058 0.24262  0.970122  
0.245387 0.969425 0.217862  0.97598  
0.122651 0.99245 0.212609  0.977137  
0.14014 0.990132 0.200633  0.979667  
0.0936591 0.995604 0.182345  0.983235  
0.0796329 0.996824 0.172411  0.985025  
0.265617 0.964079 0.153918  0.988084  
8.08088e-05 1 0.133458  0.991054  
0.187085 0.982344 0.106008  0.994365  
0.054728 0.998501 0.10905  0.994036  
0.0202931 0.999794 0.106008  0.994365  
0.292102 0.956387 0.0738023  0.997273  
0.15284 0.988251 0.0819284  0.996638  
0.0459205 0.998945 0.0659166  0.997825  
0.286076 0.958207 0.0541552  0.998533  
0.219824 0.97554 0.0385257  0.999258  
0.0503274 0.998733 0.0368078  0.999322  
0.181693 0.983355 0.025929  0.999664  
1.06977 0.00157754 0.0135294  0.999908  
0.147757 0.989024 0.00397583  0.999992  
0.277332 0.960774 1.00056  3.51244e-06  
0.256889 0.966441 9.98864e-05  1  
0.307147 0.951662 1.05032  3.32291e-06  
0.0459458 0.998944 1.05035  6.09296e-07  
0.176431 0.984313 1.0504  1.88565e-06  
0.155481 0.987839 1.05043  3.32327e-06  
0.298137 0.954523 1.0505  3.68776e-06  
0.0592112 0.998245 1.05052  3.45747e-06  
0.0330032 0.999455 1.05055  3.49603e-06  
0.112859 0.993611 1.05057  1.57235e-06  
0.150332 0.988636 1.05058  4.60755e-06  
0.189755 0.981832 1.10027  3.84609e-06  
0.268531 0.963271 1.10028  6.05174e-07  
0.135092 0.990833 1.10029  3.48102e-06  
0.0416254 0.999133 1.10031  3.48108e-06  
0.142674 0.98977 1.10032  6.38283e-07  
0.110424 0.993885 1.10033  3.62142e-06  
0.181744 0.983346 1.10035  6.05615e-07  
0.289179 0.957275 1.10035  1.97532e-06  
0.171136 0.985247 1.10036  3.97701e-07  
0.117727 0.993046 1.10036  3.19119e-06  
0.163277 0.98658 1.10037  1.14899e-06  
0.271456 0.962451 1.10038  1.97535e-06  
0.308962 0.951074 1.10038  1.37474e-06  
0.179073 0.983836 1.10039  2.59126e-06  
0.280281 0.959918 1.10041  6.38332e-07  
0.295103 0.955466 1.10043  6.38344e-07  
0.0936713 0.995603 1.10044  5.14188e-06  
0.105595 0.994409 1.10045  1.97548e-06  
0.168463 0.985708 1.10045  3.69899e-06  
0.234008 0.972235 1.10046  3.66213e-06  
0.251094 0.967963 1.10046  1.67194e-07  
0.125125 0.992141 1.10046  4.82634e-06  
0.0682159 0.997671 1.10047  4.50391e-06  
0.137629 0.990484 1.10047  1.97553e-06  
0.197929 0.980216 1.10048  1.97554e-06  
0.100784 0.994908 1.10049  1.6154e-06  
0.242516 0.970147 1.10049  4.50401e-06  
0.0959704 0.995384 1.1005  1.64707e-06  
0.239676 0.970853 1.1005  3.62197e-06  
0.0373054 0.999304 1.10056  4.50427e-06  
0.225557 0.97423 1.10057  2.59026e-06  
0.0636847 0.99797 1.1007  4.71878e-06  
0.130101 0.991501 1.10107  1.2617e-05  
0.228361 0.973577 1.10203  9.47754e-07  
0.283229 0.959052 1.11759  3.71915e-06  
0.0842658 0.996443 1.13482  3.98376e-06  
0.115287 0.993332 0.0265527  0.999647  
0.231186 0.972909 0.0668085  0.997766  
0.214389 0.976748 0.155985  0.987759  
0.0889598 0.996035 0.170345  0.985384  
0.127612 0.991824 0.171791  0.985133  
0.274398 0.961616 0.181803  0.983335  
0.12018 0.992752 0.181803  0.983335  
0.262691 0.96488 0.181803  0.983335  
0.173753 0.984789 0.197957  0.980211  
0.208875 0.977942 0.207059  0.978328  
0.195176 0.980768 0.218038  0.97594  
0.259796 0.965664 0.24011  0.970746  
0.301084 0.953598 0.24011  0.970746  
0.158079 0.987426 0.243104  0.97  
0.0727664 0.997349 0.264418  0.964408  
0.219964 0.975508 0.264418  0.964408  
0.222736 0.974879 0.269457  0.963013  
0.236823 0.971553 0.285551  0.958363  
0.254015 0.9672 0.294089  0.955778  
0.0773141 0.997007 0.294089  0.955778  
0.132599 0.99117 0.294089  0.955778  
0.10801 0.99415 0.294089  0.955778  
0.211634 0.977349 0.294515  0.955647  
0.217149 0.976139 0.302833  0.953044  
0.184427 0.982846 0.303784  0.952741  
0.0984205 0.995145 0.303784  0.952741  
0.304122 0.952633 0.307665  0.951495  
0.192479 0.981301 0.307665  0.951495  
9.98864e-05 1 0.307666  0.951494  
0.206108 0.978529 0.297603  0.95469  
0.160637 0.987014 0.285551  0.958363  
0.0287577 0.999586 0.269457  0.963013  
0.203371 0.979102 0.254594  0.967048  
0.152914 0.98824 0.240918  0.970545  
0.245387 0.969425 0.226166  0.974089  
0.122651 0.99245 0.208314  0.978062  
0.14014 0.990132 0.197957  0.980211  
0.265611 0.96408 0.18404  0.982919  
0.103168 0.994664 0.170345  0.985384  
0.0181476 0.999835 0.155985  0.987759  
0.200639 0.979665 0.128166  0.991753  
0.187085 0.982344 0.131782  0.991279  
0.0547292 0.998501 0.118223  0.992987  
0.165886 0.986145 0.103714  0.994607  
0.292102 0.956387 0.0919422  0.995764  
0.0503302 0.998733 0.0818649  0.996643  
1.00056 3.51244e-06 0.070748  0.997494  
0.286196 0.958171 0.0471181  0.998889  
0.0819333 0.996638 0.0477213  0.998861  
0.248239 0.968699 0.0336156  0.999435  
0.147772 0.989021 0.0258139  0.999667  
0.145195 0.989403 0.0150734  0.999886  
0.0242963 0.999705 0.00508475  0.999987  
0.277332 0.960774 1.00009  1.23139e-07  
0.256889 0.966441 9.99828e-05  1  
0.307147 0.951662 1.05004  1.4272e-08  
0.30113 0.953583 1.05008  1.29293e-07  
0.176431 0.984313 1.05009  8.69618e-08  
0.155481 0.987839 1.05011  1.29297e-07  
0.1898 0.981823 1.05012  1.29298e-07  
0.130103 0.9915 1.05012  4.23551e-07  
0.236843 0.971548 1.05012  1.18371e-07  
0.112859 0.993611 1.05014  1.29301e-07  
0.150332 0.988636 1.05015  3.63789e-07  
0.0866239 0.996241 1.10003  1.49514e-08  
0.268531 0.963271 1.10005  9.10993e-08  
0.135092 0.990833 1.10006  4.77672e-08  
0.0416263 0.999133 1.10006  1.32329e-07  
0.142674 0.98977 1.10006  1.20652e-07  
0.110424 0.993885 1.10007  9.10861e-08  
0.203384 0.979099 1.10007  1.37149e-07  
0.0131291 0.999914 1.10007  9.11009e-08  
0.171136 0.985247 1.10007  9.11011e-08  
0.117727 0.993046 1.10009  9.11022e-08  
0.163277 0.98658 1.10009  1.35451e-07  
0.27146 0.96245 1.10009  1.28394e-07  
0.179087 0.983833 1.10009  9.98019e-08  
0.211638 0.977348 1.10009  1.16598e-07  
0.280281 0.959918 1.1001  4.43709e-07  
0.295122 0.955459 1.10012  1.52709e-07  
0.0936713 0.995603 1.10014  4.43726e-07  
0.105595 0.994409 1.10016  2.65091e-07  
0.289161 0.95728 1.10016  5.42467e-07  
9.99828e-05 1 1.10017  4.43737e-07  
0.251122 0.967955 1.10018  3.65299e-06  
0.125134 0.99214 1.10018  6.38201e-07  
0.0682159 0.997671 1.1002  6.38211e-07  
0.137629 0.990484 1.1002  4.29187e-07  
0.197929 0.980216 1.10022  1.948e-06  
0.100784 0.994908 1.10023  1.12093e-06  
1.00009 1.23139e-07 1.10023  1.17454e-06  
0.0960311 0.995378 1.10024  3.47927e-06  
0.239676 0.970853 1.10026  1.59139e-06  
0.0373054 0.999304 1.10026  3.4809e-06  
0.225557 0.97423 1.10027  2.31461e-06  
0.0636847 0.99797 1.10027  1.97517e-06  
0.2627 0.964878 1.10029  8.94702e-07  
0.228361 0.973577 1.10029  1.9752e-06  
0.283229 0.959052 1.10029  3.62128e-06  
0.298124 0.954527 1.10031  4.79798e-06  
0.115289 0.993332 0.309017  0.951057  
0.231186 0.972909 0.309017  0.951057  
0.091315 0.995822 0.309017  0.951057  
0.173761 0.984788 0.309017  0.951057  
0.127612 0.991824 0.309017  0.951057  
0.122656 0.992449 0.309017  0.951057  
0.12018 0.992752 0.309017  0.951057  
0.0265817 0.999647 0.309017  0.951057  
0.304135 0.952629 0.309017  0.951057  
0.208875 0.977942 0.309017  0.951057  
0.195176 0.980768 0.309017  0.951057  
0.259796 0.965664 0.309017  0.951057  
0.217184 0.976131 0.309017  0.951057  
0.158079 0.987426 0.309017  0.951057  
0.0727664 0.997349 0.309017  0.951057  
0.219964 0.975508 0.309017  0.951057  
0.222736 0.974879 0.309017  0.951057  
0.0592138 0.998245 0.309017  0.951057  
0.242519 0.970147 0.309017  0.951057  
0.181755 0.983344 0.309017  0.951057  
0.132599 0.99117 0.309017  0.951057  
0.10801 0.99415 0.309017  0.951057  
0.254008 0.967202 0.309017  0.951057  
0.0773285 0.997006 0.309017  0.951057  
0.184427 0.982846 0.309017  0.951057  
0.0984205 0.995145 0.309017  0.951057  
0.292155 0.956371 0.309017  0.951057  
0.1925 0.981297 0.309017  0.951057  
0.0819592 0.996636 0.309017  0.951057  
0.206108 0.978529 0.300849  0.953672  
0.160668 0.987008 0.2855  0.958379  
0.234011 0.972234 0.270605  0.96269  
0.0307947 0.999526 0.254801  0.966993  
0.152914 0.98824 0.23489  0.972022  
0.245387 0.969425 0.224144  0.974556  
0.045946 0.998944 0.211732  0.977328  
0.14014 0.990132 0.198163  0.980169  
0.265613 0.96408 0.182167  0.983268  
0.10318 0.994663 0.170779  0.985309  
0.21439 0.976748 0.157043  0.987592  
0.200639 0.979665 0.14456  0.989496  
0.187085 0.982344 0.131605  0.991302  
0.0547292 0.998501 0.117995  0.993014  
0.165886 0.986145 0.106706  0.994291  
0.309017 0.951057 0.0944093  0.995533  
0.0503302 0.998733 0.0823432  0.996604  
0.020054 0.999799 0.0707211  0.997496  
0.2862 0.95817 0.059283  0.998241  
0.274383 0.96162 0.0480464  0.998845  
0.248242 0.968698 0.0369578  0.999317  
0.147772 0.989021 0.0261691  0.999658  
0.145233 0.989397 0.0154374  0.999881  
0.168492 0.985703 0.00512173  0.999987  
0.309017 0.951057 1.00002  1.23435e-08  
0.0636946 0.997969 7.96416e-05  1  
0.217172 0.976133 1.05001  1.29605e-08  
0.30113 0.953583 1.05002  1.29606e-08  
0.176431 0.984313 1.05003  8.69565e-08  
0.155481 0.987839 1.05003  8.69571e-08  
7.96416e-05 1 1.05003  4.30078e-08  
0.256901 0.966438 1.05004  8.69573e-08  
0.236843 0.971548 1.05004  4.30081e-08  
0.112859 0.993611 1.05004  8.69578e-08  
0.150332 0.988636 1.05005  8.69581e-08  
0.0866239 0.996241 1.10001  1.35777e-08  
0.268531 0.963271 1.10001  9.06004e-08  
0.135092 0.990833 1.10002  1.35777e-08  
0.0416263 0.999133 1.10002  9.10965e-08  
0.189801 0.981823 1.10002  1.35777e-08  
0.110424 0.993885 1.10002  9.10968e-08  
0.203384 0.979099 1.10002  1.49513e-08  
0.100798 0.994907 1.10002  4.50553e-08  
0.17114 0.985247 1.10003  9.10971e-08  
0.222754 0.974875 1.10003  1.31311e-07  
0.163277 0.98658 1.10003  9.10972e-08  
0.27146 0.96245 1.10003  4.50555e-08  
0.179087 0.983833 1.10003  4.35658e-08  
0.211638 0.977348 1.10003  9.10974e-08  
0.280281 0.959918 1.10003  9.10974e-08  
0.206117 0.978527 1.10003  9.10977e-08  
0.0936713 0.995603 1.10003  9.08543e-08  
0.105595 0.994409 1.10003  9.10978e-08  
0.289176 0.957276 1.10004  4.15852e-08  
0.195204 0.980763 1.10004  4.77662e-08  
0.251122 0.967955 1.10004  1.35445e-07  
0.125134 0.99214 1.10004  4.77664e-08  
0.0682159 0.997671 1.10004  1.35446e-07  
0.137629 0.990484 1.10004  9.10985e-08  
0.197929 0.980216 1.10005  9.10987e-08  
0.277334 0.960774 1.10005  4.50562e-08  
0.0330278 0.999454 1.10005  9.10989e-08  
0.0960311 0.995378 1.10005  1.20651e-07  
0.239678 0.970852 1.10005  1.35447e-07  
0.0373054 0.999304 1.10006  9.11001e-08  
0.225557 0.97423 1.10006  1.16316e-07  
0.200648 0.979663 1.10014  3.65285e-06  
0.2627 0.964878 1.10016  6.3819e-07  
0.228361 0.973577 1.1002  3.47915e-06  
0.283229 0.959052 1.10023  1.17453e-06  
0.298129 0.954526 1.10026  1.94807e-06  
0.115289 0.993332 0.309017  0.951057  
0.231186 0.972909 0.309017  0.951057  
0.091315 0.995822 0.309017  0.951057  
0.145232 0.989398 0.309017  0.951057  
0.127612 0.991824 0.309017  0.951057  
0.122656 0.992449 0.309017  0.951057  
0.120192 0.992751 0.309017  0.951057  
0.173767 0.984787 0.309017  0.951057  
0.304135 0.952629 0.309017  0.951057  
0.208875 0.977942 0.309017  0.951057  
0.307149 0.951661 0.309017  0.951057  
0.259796 0.965664 0.309017  0.951057  
1.00002 1.23435e-08 0.309017  0.951057  
0.158079 0.987426 0.309017  0.951057  
0.0727664 0.997349 0.309017  0.951057  
0.219964 0.975508 0.309017  0.951057  
0.0100154 0.99995 0.309017  0.951057  
0.0592138 0.998245 0.309017  0.951057  
0.242519 0.970147 0.309017  0.951057  
0.181755 0.983344 0.309017  0.951057  
0.132599 0.99117 0.309017  0.951057  
0.108011 0.99415 0.309017  0.951057  
0.254008 0.967202 0.309017  0.951057  
0.0773285 0.997006 0.309017  0.951057  
0.184427 0.982846 0.309017  0.951057  
0.0984205 0.995145 0.309017  0.951057  
0.292155 0.956371 0.309017  0.951057  
0.1925 0.981297 0.309017  0.951057  
0.0819592 0.996636 0.309017  0.951057  
0.0459706 0.998943 0.300719  0.953713  
0.160668 0.987008 0.285544  0.958365  
0.234011 0.972234 0.270525  0.962713  
0.142688 0.989768 0.255698  0.966757  
0.152914 0.98824 0.241062  0.97051  
0.245387 0.969425 0.226645  0.973977  
0.11773 0.993046 0.21235  0.977194  
0.14014 0.990132 0.198303  0.980141  
0.265613 0.96408 0.184632  0.982808  
0.10318 0.994663 0.170391  0.985377  
0.214397 0.976747 0.157628  0.987499  
0.295129 0.955458 0.144659  0.989482  
0.187108 0.982339 0.131767  0.991281  
0.0547292 0.998501 0.11907  0.992886  
0.165886 0.986145 0.106731  0.994288  
0.130105 0.9915 0.0945255  0.995522  
0.0503302 0.998733 0.0825438  0.996587  
0.274393 0.961618 0.0708331  0.997488  
0.2862 0.95817 0.0591795  0.998247  
0.0262411 0.999656 0.0480119  0.998847  
0.248242 0.968698 0.0369285  0.999318  
0.147772 0.989021 0.0261463  0.999658  
0.0202984 0.999794 0.0155318  0.999879  
0.168492 0.985703 0.00506019  0.999987  
0.13763 0.990484 1.00001  1.23433e-08  
0.0636946 0.997969 9.38413e-05  1  
0.217172 0.976133 1.00001  1.23433e-08  
0.30113 0.953583 1.00001  1.23433e-08  
0.1925 0.981297 1.00001  1.23433e-08  
0.155481 0.987839 1.00001  1.23433e-08  
9.38413e-05 1 1.00001  1.23433e-08  
0.256901 0.966438 1.00001  1.23433e-08  
0.236843 0.971548 1.00001  1.23433e-08  
0.112859 0.993611 1.00001  1.23433e-08  
0.150341 0.988634 1.00001  1.23433e-08  
0.0866239 0.996241 1.00001  1.23433e-08  
0.268531 0.963271 1.00001  1.23433e-08  
0.135092 0.990833 1.00001  1.23433e-08  
0.0416263 0.999133 1.00001  1.23433e-08  
0.189801 0.981823 1.00001  1.23433e-08  
0.110424 0.993885 1.00001  1.23433e-08  
0.203384 0.979099 1.00001  1.23433e-08  
0.100798 0.994907 1.00001  1.23433e-08  
0.17114 0.985247 1.00001  1.23433e-08  
0.222754 0.974875 1.00001  1.23433e-08  
0.163277 0.98658 1.00001  1.23433e-08  
0.27146 0.96245 1.00001  1.23433e-08  
0.179087 0.983833 1.00001  1.23433e-08  
0.211638 0.977348 1.00001  1.23433e-08  
0.280281 0.959918 1.00001  1.23433e-08  
0.206117 0.978527 1.00001  1.23433e-08  
0.0936713 0.995603 1.00001  1.23433e-08  
0.105595 0.994409 1.00001  1.23433e-08  
0.289176 0.957276 1.00001  1.23433e-08  
0.0203689 0.999793 1.00001  1.23433e-08  
0.251122 0.967955 1.00001  1.23433e-08  
0.125134 0.99214 1.00001  1.23433e-08  
0.0682159 0.997671 1.00001  1.23433e-08  
1.00001 1.23433e-08 1.00001  1.23433e-08  
0.197929 0.980216 1.00001  1.23433e-08  
0.277334 0.960774 1.00001  1.23433e-08  
0.0330373 0.999454 1.00001  1.23433e-08  
0.0960311 0.995378 1.00001  1.23433e-08  
0.239678 0.970852 1.00001  1.23433e-08  
0.0373054 0.999304 1.00001  1.23433e-08  
0.225557 0.97423 1.00001  1.23433e-08  
0.200648 0.979663 1.00001  1.23433e-08  
0.2627 0.964878 1.00001  1.23433e-08  
0.228361 0.973577 1.00001  1.23433e-08  
0.283229 0.959052 1.00001  1.23433e-08  
0.298129 0.954526 1.00001  1.23433e-08  
0.115289 0.993332 1.00001  1.23433e-08  
0.231186 0.972909 1.00001  1.23433e-08  
0.091315 0.995822 1.00001  1.23433e-08  
0.145232 0.989398 0.309017  0.951057  
0.127612 0.991824 0.309017  0.951057  
0.122656 0.992449 0.309017  0.951057  
0.120192 0.992751 0.309017  0.951057  
0.173767 0.984787 0.309017  0.951057  
0.304135 0.952629 0.309017  0.951057  
0.208875 0.977942 0.309017  0.951057  
0.307149 0.951661 0.309017  0.951057  
0.259796 0.965664 0.309017  0.951057  
0.195205 0.980762 0.309017  0.951057  
0.158079 0.987426 0.309017  0.951057  
0.0727664 0.997349 0.309017  0.951057  
0.219964 0.975508 0.309017  0.951057  
0.176431 0.984313 0.309017  0.951057  
0.0592138 0.998245 0.309017  0.951057  
0.242519 0.970147 0.309017  0.951057  
0.181755 0.983344 0.309017  0.951057  
0.132599 0.99117 0.309017  0.951057  
0.108011 0.99415 0.309017  0.951057  
0.254008 0.967202 0.309017  0.951057  
0.0773285 0.997006 0.309017  0.951057  
0.184427 0.982846 0.309017  0.951057  
0.0984205 0.995145 0.309017  0.951057  
0.292155 0.956371 0.309017  0.951057  
0.011875 0.999929 0.309017  0.951057  
0.0819592 0.996636 0.309017  0.951057  
0.0459706 0.998943 0.300824  0.95368  
0.160668 0.987008 0.285601  0.958349  
0.234011 0.972234 0.270546  0.962707  
0.142688 0.989768 0.255644  0.966771  
0.152914 0.98824 0.241079  0.970505  
0.245387 0.969425 0.226648  0.973977  
0.11773 0.993046 0.212416  0.977179  
0.14014 0.990132 0.198413  0.980118  
0.265613 0.96408 0.184635  0.982807  
0.10318 0.994663 0.17108  0.985257  
0.214398 0.976746 0.157739  0.987481  
0.295129 0.955458 0.144659  0.989482  
0.187108 0.982339 0.131749  0.991283  
0.0547292 0.998501 0.119015  0.992892  
0.165886 0.986145 0.106731  0.994288  
0.130105 0.9915 0.0945213  0.995523  
0.026564 0.999647 0.0825524  0.996587  
0.274393 0.961618 0.0708312  0.997488  
0.2862 0.95817 0.0593521  0.998237  
0.309017 0.951057 0.0480192  0.998846  
0.248251 0.968696 0.0370077  0.999315  
0.14778 0.98902 0.026165  0.999658  
0.0503346 0.998732 0.0155178  0.99988  
0.168504 0.985701 0.00512527  0.999987  
0.13763 0.990484 1  1.20758e-08  
0.0636946 0.997969 9.38413e-05  1  
0.217172 0.976133 1  1.20758e-08  
0.30113 0.953583 1  1.20758e-08  
0.1925 0.981297 1  1.20758e-08  
0.155481 0.987839 1  1.20758e-08  
9.38413e-05 1 1  1.20758e-08  
0.256901 0.966438 1  1.20758e-08  
0.236843 0.971548 1  1.20758e-08  
0.112859 0.993611 1  1.20758e-08  
0.150341 0.988634 1  1.20758e-08  
0.0866239 0.996241 1  1.20758e-08  
0.268531 0.963271 1  1.20758e-08  
0.135092 0.990833 1  1.20758e-08  
0.0416263 0.999133 1  1.20758e-08  
0.189801 0.981823 1  1.20758e-08  
0.110424 0.993885 1  1.20758e-08  
0.203384 0.979099 1  1.20758e-08  
0.100798 0.994907 1  1.20758e-08  
0.17114 0.985247 1  1.20758e-08  
0.222754 0.974875 1  1.20758e-08  
0.163277 0.98658 1  1.20758e-08  
0.27146 0.96245 1  1.20758e-08  
0.179087 0.983833 1  1.20758e-08  
0.211638 0.977348 1  1.20758e-08  
0.0202892 0.999794 1  1.20758e-08  
0.206117 0.978527 1  1.20758e-08  
0.0936713 0.995603 1  1.20758e-08  
0.105595 0.994409 1  1.20758e-08  
0.289176 0.957276 1  1.20758e-08  
0.0121326 0.999926 1  1.20758e-08  
0.251122 0.967955 1  1.20758e-08  
0.125134 0.99214 1  1.20758e-08  
0.0682159 0.997671 1  1.20758e-08  
0.228363 0.973576 1  1.20758e-08  
0.197929 0.980216 1  1.20758e-08  
0.277334 0.960774 1  1.20758e-08  
0.0330373 0.999454 1  1.20758e-08  
0.0960311 0.995378 1  1.20758e-08  
0.239678 0.970852 1  1.20758e-08  
0.0373054 0.999304 1  1.20758e-08  
0.225557 0.97423 1  1.20758e-08  
0.200648 0.979663 1  1.20758e-08  
0.2627 0.964878 1  1.20758e-08  
0.219966 0.975508 1  1.20758e-08  
0.283229 0.959052 1  1.20758e-08  
0.298129 0.954526 1  1.20758e-08  
0.115289 0.993332 1  1.20758e-08  
0.231186 0.972909 1  1.20758e-08  
0.091315 0.995822 1  1.20758e-08  
0.145232 0.989398 0.309017  0.951057  
0.127612 0.991824 0.309017  0.951057  
0.122656 0.992449 0.309017  0.951057  
0.120192 0.992751 0.309017  0.951057  
0.173767 0.984787 0.309017  0.951057  
0.304135 0.952629 0.309017  0.951057  
0.208875 0.977942 0.309017  0.951057  
0.30715 0.951661 0.309017  0.951057  
0.259796 0.965664 0.309017  0.951057  
0.195205 0.980762 0.309017  0.951057  
0.158079 0.987426 0.309017  0.951057  
0.0727664 0.997349 0.309017  0.951057  
1 1.20758e-08 0.309017  0.951057  
0.176431 0.984313 0.309017  0.951057  
0.0592138 0.998245 0.309017  0.951057  
0.242519 0.970147 0.309017  0.951057  
0.181755 0.983344 0.309017  0.951057  
0.132599 0.99117 0.309017  0.951057  
0.108011 0.99415 0.309017  0.951057  
0.254008 0.967202 0.309017  0.951057  
0.0773285 0.997006 0.309017  0.951057  
0.184427 0.982846 0.309017  0.951057  
0.0984205 0.995145 0.309017  0.951057  
0.292155 0.956371 0.309017  0.951057  
0.0266235 0.999646 0.309017  0.951057  
0.0819592 0.996636 0.309017  0.951057  
0.0459706 0.998943 0.300824  0.95368  
0.160668 0.987008 0.285601  0.958349  
0.234011 0.972234 0.270546  0.962707  
0.142688 0.989768 0.255726  0.966749  
0.152914 0.98824 0.241079  0.970505  
0.245387 0.969425 0.226648  0.973977  
0.11773 0.993046 0.212416  0.977179  
0.14014 0.990132 0.198413  0.980118  
0.265613 0.96408 0.184635  0.982807  
0.10318 0.994663 0.17108  0.985257  
0.214398 0.976746 0.157746  0.98748  
0.295129 0.955458 0.144659  0.989482  
0.187108 0.982339 0.131749  0.991283  
0.0547292 0.998501 0.119015  0.992892  
0.165886 0.986145 0.106731  0.994288  
0.130105 0.9915 0.0945213  0.995523  
0.309017 0.951057 0.0825524  0.996587  
0.274393 0.961618 0.0708312  0.997488  
0.2862 0.95817 0.0593538  0.998237  
0.280281 0.959918 0.0480192  0.998846  
0.248251 0.968696 0.0370077  0.999315  
0.14778 0.98902 0.026165  0.999658  
0.0503462 0.998732 0.0155178  0.99988  
0.168504 0.985701 0.00512527  0.999987  
0.13763 0.990484 1  1.20758e-08  
0.0636946 0.997969 9.38413e-05  1  
0.217172 0.976133 1  1.20758e-08  
0.30113 0.953583 1  1.20758e-08  
0.1925 0.981297 1  1.20758e-08  
0.155481 0.987839 1  1.20758e-08  
1 1.20758e-08 1  1.20758e-08  
0.256901 0.966438 1  1.20758e-08  
0.236843 0.971548 1  1.20758e-08  
0.112859 0.993611 1  1.20758e-08  
0.225557 0.97423 1  1.20758e-08  
0.0866239 0.996241 1  1.20758e-08  
0.268531 0.963271 1  1.20758e-08  
0.135092 0.990833 1  1.20758e-08  
0.0416263 0.999133 1  1.20758e-08  
0.189801 0.981823 1  1.20758e-08  
0.110424 0.993885 1  1.20758e-08  
0.203384 0.979099 1  1.20758e-08  
0.100798 0.994907 1  1.20758e-08  
0.17114 0.985247 1  1.20758e-08  
0.222754 0.974875 1  1.20758e-08  
0.163277 0.98658 1  1.20758e-08  
0.27146 0.96245 1  1.20758e-08  
0.179087 0.983833 1  1.20758e-08  
0.0203645 0.999793 1  1.20758e-08  
0.251131 0.967953 1  1.20758e-08  
0.206117 0.978527 1  1.20758e-08  
0.0936713 0.995603 1  1.20758e-08  
0.105595 0.994409 1  1.20758e-08  
0.289176 0.957276 1  1.20758e-08  
9.38413e-05 1 1  1.20758e-08  
0.150343 0.988634 1  1.20758e-08  
0.125134 0.99214 1  1.20758e-08  
0.0682159 0.997671 1  1.20758e-08  
0.228363 0.973576 1  1.20758e-08  
0.197929 0.980216 1  1.20758e-08  
0.277334 0.960774 1  1.20758e-08  
0.0330373 0.999454 1  1.20758e-08  
0.0960311 0.995378 1  1.20758e-08  
0.239678 0.970852 1  1.20758e-08  
0.0373054 0.999304 1  1.20758e-08  
0.309017 0.951057 1  1.20758e-08  
0.200648 0.979663 1  1.20758e-08  
0.2627 0.964878 1  1.20758e-08  
0.219966 0.975508 1  1.20758e-08  
0.283229 0.959052 1  1.20758e-08  
0.298129 0.954526 1  1.20758e-08  
0.115289 0.993332 1  1.20758e-08  
0.231186 0.972909 1  1.20758e-08  
0.091315 0.995822 1  1.20758e-08  
0.145232 0.989398 0.309017  0.951057  
0.127612 0.991824 0.309017  0.951057  
0.122656 0.992449 0.309017  0.951057  
0.120192 0.992751 0.309017  0.951057  
0.173773 0.984786 0.309017  0.951057  
0.304135 0.952629 0.309017  0.951057  
0.208875 0.977942 0.309017  0.951057  
0.30715 0.951661 0.309017  0.951057  
0.259796 0.965664 0.309017  0.951057  
0.195205 0.980762 0.309017  0.951057  
0.158079 0.987426 0.309017  0.951057  
0.0727664 0.997349 0.309017  0.951057  
0.0266587 0.999645 0.309017  0.951057  
0.176431 0.984313 0.309017  0.951057  
0.0592138 0.998245 0.309017  0.951057  
0.242519 0.970147 0.309017  0.951057  
0.181755 0.983344 0.309017  0.951057  
0.132599 0.99117 0.309017  0.951057  
0.108011 0.99415 0.309017  0.951057  
0.254008 0.967202 0.309017  0.951057  
0.0773285 0.997006 0.309017  0.951057  
0.184427 0.982846 0.309017  0.951057  
0.0984205 0.995145 0.309017  0.951057  
0.292155 0.956371 0.309017  0.951057  
0.0120848 0.999927 0.309017  0.951057  
0.0819592 0.996636 0.309017  0.951057  
0.0459706 0.998943 0.300824  0.95368  
0.160668 0.987008 0.285601  0.958349  
0.234011 0.972234 0.270546  0.962707  
0.142688 0.989768 0.255726  0.966749  
0.152914 0.98824 0.241079  0.970505  
0.245387 0.969425 0.226648  0.973977  
0.11773 0.993046 0.212416  0.977179  
0.14014 0.990132 0.198413  0.980118  
0.265613 0.96408 0.184635  0.982807  
0.10318 0.994663 0.17108  0.985257  
0.214398 0.976746 0.157746  0.98748  
0.295129 0.955458 0.144659  0.989482  
0.187108 0.982339 0.131749  0.991283  
0.0547292 0.998501 0.119015  0.992892  
0.165886 0.986145 0.106731  0.994288  
0.130105 0.9915 0.0945213  0.995523  
0.21164 0.977348 0.0825597  0.996586  
0.274393 0.961618 0.0708498  0.997487  
0.2862 0.95817 0.0593538  0.998237  
0.280281 0.959918 0.0480192  0.998846  
0.248251 0.968696 0.0370077  0.999315  
0.14778 0.98902 0.026165  0.999658  
0.0503462 0.998732 0.0155178  0.99988  
0.168504 0.985701 0.00512527  0.999987  
0.13763 0.990484 1  1.20758e-08  
0.0636946 0.997969 9.38413e-05  1  
0.283241 0.959049 1  1.20758e-08  
0.30113 0.953583 1  1.20758e-08  
0.1925 0.981297 1  1.20758e-08  
0.155481 0.987839 1  1.20758e-08  
0.0819741 0.996634 1  1.20758e-08  
0.256901 0.966438 1  1.20758e-08  
0.236843 0.971548 1  1.20758e-08  
0.112859 0.993611 1  1.20758e-08  
0.225557 0.97423 1  1.20758e-08  
0.0866239 0.996241 1  1.20758e-08  
0.268531 0.963271 1  1.20758e-08  
0.135092 0.990833 1  1.20758e-08  
0.0416263 0.999133 1  1.20758e-08  
0.189801 0.981823 1  1.20758e-08  
0.110424 0.993885 1  1.20758e-08  
0.203384 0.979099 1  1.20758e-08  
0.100798 0.994907 1  1.20758e-08  
0.17114 0.985247 1  1.20758e-08  
0.222754 0.974875 1  1.20758e-08  
0.163277 0.98658 1  1.20758e-08  
0.27146 0.96245 1  1.20758e-08  
0.179087 0.983833 1  1.20758e-08  
0.0203929 0.999792 1  1.20758e-08  
0.251131 0.967953 1  1.20758e-08  
0.280285 0.959917 1  1.20758e-08  
0.0936713 0.995603 1  1.20758e-08  
0.105595 0.994409 1  1.20758e-08  
0.012118 0.999927 1  1.20758e-08  
0.217177 0.976132 1  1.20758e-08  
0.150343 0.988634 1  1.20758e-08  
0.125134 0.99214 1  1.20758e-08  
0.0682159 0.997671 1  1.20758e-08  
0.228363 0.973576 1  1.20758e-08  
0.197919 0.980218 1  1.20758e-08  
0.277334 0.960774 1  1.20758e-08  
0.0330373 0.999454 1  1.20758e-08  
0.0960311 0.995378 1  1.20758e-08  
0.239678 0.970852 1  1.20758e-08  
0.0373054 0.999304 1  1.20758e-08  
0.289177 0.957276 1  1.20758e-08  
0.200648 0.979663 1  1.20758e-08  
0.2627 0.964878 1  1.20758e-08  
0.219966 0.975508 1  1.20758e-08  
9.38413e-05 1 1  1.20758e-08  
0.298129 0.954526 1  1.20758e-08  
0.115289 0.993332 1  1.20758e-08  
0.231186 0.972909 1  1.20758e-08  
0.091315 0.995822 1  1.20758e-08  
0.145232 0.989398 0.309017  0.951057  
0.127612 0.991824 0.309017  0.951057  
0.122656 0.992449 0.309017  0.951057  
0.120192 0.992751 0.309017  0.951057  
0.173773 0.984786 0.309017  0.951057  
0.304135 0.952629 0.309017  0.951057  
0.208875 0.977942 0.309017  0.951057  
0.30715 0.951661 0.309017  0.951057  
0.259796 0.965664 0.309017  0.951057  
0.195205 0.980762 0.309017  0.951057  
0.158079 0.987426 0.309017  0.951057  
0.0727664 0.997349 0.309017  0.951057  
0.0266587 0.999645 0.309017  0.951057  
0.176431 0.984313 0.309017  0.951057  
0.0592138 0.998245 0.309017  0.951057  
0.242519 0.970147 0.309017  0.951057  
0.181755 0.983344 0.309017  0.951057  
0.132599 0.99117 0.309017  0.951057  
0.108011 0.99415 0.309017  0.951057  
0.254008 0.967202 0.309017  0.951057  
0.0773535 0.997004 0.309017  0.951057  
0.184427 0.982846 0.309017  0.951057  
0.0984205 0.995145 0.309017  0.951057  
0.292155 0.956371 0.309017  0.951057  
0.29514 0.955454 0.309017  0.951057  
0.309017 0.951057 0.309017  0.951057  
0.0459706 0.998943 0.300824  0.95368  
0.160668 0.987008 0.285601  0.958349  
0.234011 0.972234 0.270558  0.962704  
0.142688 0.989768 0.255726  0.966749  
0.152914 0.98824 0.241079  0.970505  
0.245387 0.969425 0.226648  0.973977  
0.11773 0.993046 0.212416  0.977179  
0.14014 0.990132 0.198413  0.980118  
0.265613 0.96408 0.184635  0.982807  
0.10318 0.994663 0.171089  0.985256  
0.214398 0.976746 0.157758  0.987478  
0.206129 0.978525 0.144659  0.989482  
0.187108 0.982339 0.131776  0.991279  
0.0547292 0.998501 0.119125  0.992879  
0.165886 0.986145 0.106731  0.994288  
0.130105 0.9915 0.0945213  0.995523  
0.21164 0.977348 0.082579  0.996585  
0.274393 0.961618 0.0708498  0.997487  
0.2862 0.95817 0.0593538  0.998237  
1 1.20758e-08 0.0480192  0.998846  
0.248251 0.968696 0.0370077  0.999315  
0.14778 0.98902 0.026165  0.999658  
0.0503462 0.998732 0.0155178  0.99988  
0.168504 0.985701 0.00512527  0.999987  
0.13763 0.990484 1  1.20758e-08  
0.0636946 0.997969 9.58078e-05  1  
0.283241 0.959049 1  1.20758e-08  
0.30113 0.953583 1  1.20758e-08  
0.1925 0.981297 1  1.20758e-08  
0.155481 0.987839 1  1.20758e-08  
0.0819741 0.996634 1  1.20758e-08  
0.256901 0.966438 1  1.20758e-08  
0.236844 0.971548 1  1.20758e-08  
0.112859 0.993611 1  1.20758e-08  
0.225557 0.97423 1  1.20758e-08  
0.0866239 0.996241 1  1.20758e-08  
0.268531 0.963271 1  1.20758e-08  
0.135092 0.990833 1  1.20758e-08  
0.0416263 0.999133 1  1.20758e-08  
0.189801 0.981823 1  1.20758e-08  
0.110424 0.993885 1  1.20758e-08  
0.203384 0.979099 1  1.20758e-08  
0.100798 0.994907 1  1.20758e-08  
0.17114 0.985247 1  1.20758e-08  
0.222754 0.974875 1  1.20758e-08  
0.163277 0.98658 1  1.20758e-08  
0.27146 0.96245 1  1.20758e-08  
0.179087 0.983833 1  1.20758e-08  
0.0203929 0.999792 1  1.20758e-08  
0.251131 0.967953 1  1.20758e-08  
0.280285 0.959917 1  1.20758e-08  
0.0936713 0.995603 1  1.20758e-08  
0.105595 0.994409 1  1.20758e-08  
0.0117121 0.999931 1  1.20758e-08  
9.58078e-05 1 1  1.20758e-08  
0.150343 0.988634 1  1.20758e-08  
0.125134 0.99214 1  1.20758e-08  
0.0682159 0.997671 1  1.20758e-08  
0.228363 0.973576 1  1.20758e-08  
0.197919 0.980218 1  1.20758e-08  
0.277334 0.960774 1  1.20758e-08  
0.0330373 0.999454 1  1.20758e-08  
0.0960311 0.995378 1  1.20758e-08  
0.239678 0.970852 1  1.20758e-08  
0.0373054 0.999304 1  1.20758e-08  
0.289177 0.957276 1  1.20758e-08  
0.200648 0.979663 1  1.20758e-08  
0.2627 0.964878 1  1.20758e-08  
0.219966 0.975508 1  1.20758e-08  
1 1.20758e-08 1  1.20758e-08  
0.298129 0.954526 1  1.20758e-08  
0.115289 0.993332 1  1.20758e-08  
0.231186 0.972909 1  1.20758e-08  
0.091315 0.995822 1  1.20758e-08  
0.145232 0.989398 0.309017  0.951057  
0.127612 0.991824 0.309017  0.951057  
0.122656 0.992449 0.309017  0.951057  
0.120192 0.992751 0.309017  0.951057  
0.173773 0.984786 0.309017  0.951057  
0.304135 0.952629 0.309017  0.951057  
0.208875 0.977942 0.309017  0.951057  
0.30715 0.951661 0.309017  0.951057  
0.259796 0.965664 0.309017  0.951057  
0.195205 0.980762 0.309017  0.951057  
0.158079 0.987426 0.309017  0.951057  
0.0727664 0.997349 0.309017  0.951057  
0.0266587 0.999645 0.309017  0.951057  
0.176431 0.984313 0.309017  0.951057  
0.0592138 0.998245 0.309017  0.951057  
0.0503471 0.998732 0.309017  0.951057  
0.181755 0.983344 0.309017  0.951057  
0.132599 0.99117 0.309017  0.951057  
0.108011 0.99415 0.309017  0.951057  
0.254008 0.967202 0.309017  0.951057  
0.0773535 0.997004 0.309017  0.951057  
0.184427 0.982846 0.309017  0.951057  
0.0984205 0.995145 0.309017  0.951057  
0.292155 0.956371 0.309017  0.951057  
0.29514 0.955454 0.309017  0.951057  
0.242524 0.970145 0.309017  0.951057  
0.0459706 0.998943 0.300824  0.95368  
0.160668 0.987008 0.285601  0.958349  
0.234011 0.972234 0.270558  0.962704  
0.142688 0.989768 0.255726  0.966749  
0.152914 0.98824 0.241079  0.970505  
0.245387 0.969425 0.226648  0.973977  
0.11773 0.993046 0.212416  0.977179  
0.14014 0.990132 0.198413  0.980118  
0.265613 0.96408 0.184635  0.982807  
0.10318 0.994663 0.171089  0.985256  
0.214398 0.976746 0.157758  0.987478  
0.206129 0.978525 0.144659  0.989482  
0.187108 0.982339 0.131782  0.991279  
0.0547292 0.998501 0.119145  0.992877  
0.165886 0.986145 0.106731  0.994288  
0.130105 0.9915 0.0945317  0.995522  
0.21164 0.977348 0.082579  0.996585  
0.274393 0.961618 0.0708498  0.997487  
0.2862 0.95817 0.0593538  0.998237  
0.217179 0.976132 0.0480192  0.998846  
0.248251 0.968696 0.0370111  0.999315  
0.14778 0.98902 0.026165  0.999658  
0.309017 0.951057 0.0155178  0.99988  
0.168504 0.985701 0.00512527  0.999987  
0.13763 0.990484 1  1.20752e-08  
0.0636946 0.997969 9.58078e-05  1  
0.283241 0.959049 1  1.20752e-08  
0.30113 0.953583 1  1.20752e-08  
0.1925 0.981297 1  1.20752e-08  
9.58078e-05 1 1  1.20752e-08  
0.0819741 0.996634 1  1.20752e-08  
0.256901 0.966438 1  1.20752e-08  
0.236844 0.971548 1  1.20752e-08  
0.112859 0.993611 1  1.20752e-08  
0.225557 0.97423 1  1.20752e-08  
0.0866239 0.996241 1  1.20752e-08  
0.268531 0.963271 1  1.20752e-08  
0.135092 0.990833 1  1.20752e-08  
0.0416263 0.999133 1  1.20752e-08  
0.189801 0.981823 1  1.20752e-08  
0.110424 0.993885 1  1.20752e-08  
0.203384 0.979099 1  1.20752e-08  
0.100798 0.994907 1  1.20752e-08  
0.17114 0.985247 1  1.20752e-08  
0.222754 0.974875 1  1.20752e-08  
0.163277 0.98658 1  1.20752e-08  
0.27146 0.96245 1  1.20752e-08  
0.179087 0.983833 1  1.20752e-08  
0.0155178 0.99988 1  1.20752e-08  
0.251131 0.967953 1  1.20752e-08  
0.280285 0.959917 1  1.20752e-08  
0.0936713 0.995603 1  1.20752e-08  
0.105595 0.994409 1  1.20752e-08  
0.245392 0.969424 1  1.20752e-08  
0.0224341 0.999748 1  1.20752e-08  
0.150343 0.988634 1  1.20752e-08  
0.125134 0.99214 1  1.20752e-08  
0.0682159 0.997671 1  1.20752e-08  
0.228363 0.973576 1  1.20752e-08  
0.197919 0.980218 1  1.20752e-08  
0.277334 0.960774 1  1.20752e-08  
0.0330373 0.999454 1  1.20752e-08  
0.160673 0.987008 1  1.20752e-08  
0.239678 0.970852 1  1.20752e-08  
0.0373054 0.999304 1  1.20752e-08  
0.289177 0.957276 1  1.20752e-08  
0.200648 0.979663 1  1.20752e-08  
0.2627 0.964878 1  1.20752e-08  
0.219966 0.975508 1  1.20752e-08  
0.0960367 0.995378 1  1.20752e-08  
0.298129 0.954526 1  1.20752e-08  
0.115289 0.993332 1  1.20752e-08  
0.231186 0.972909 1  1.20752e-08  
0.091315 0.995822 1  1.20752e-08  
0.145232 0.989398 0.309017  0.951057  
0.127612 0.991824 0.309017  0.951057  
0.122656 0.992449 0.309017  0.951057  
0.120192 0.992751 0.309017  0.951057  
0.173773 0.984786 0.309017  0.951057  
0.304135 0.952629 0.309017  0.951057  
0.208875 0.977942 0.309017  0.951057  
0.30715 0.951661 0.309017  0.951057  
0.259796 0.965664 0.309017  0.951057  
0.195205 0.980762 0.309017  0.951057  
0.158079 0.987426 0.309017  0.951057  
0.0727664 0.997349 0.309017  0.951057  
1 1.20752e-08 0.309017  0.951057  
0.176431 0.984313 0.309017  0.951057  
0.0592138 0.998245 0.309017  0.951057  
0.0503471 0.998732 0.309017  0.951057  
0.181755 0.983344 0.309017  0.951057  
0.132603 0.991169 0.309017  0.951057  
0.108011 0.99415 0.309017  0.951057  
0.254008 0.967202 0.309017  0.951057  
0.0773535 0.997004 0.309017  0.951057  
0.184427 0.982846 0.309017  0.951057  
0.0984205 0.995145 0.309017  0.951057  
0.292155 0.956371 0.309017  0.951057  
0.29514 0.955454 0.309017  0.951057  
0.242524 0.970145 0.309017  0.951057  
0.0459706 0.998943 0.300824  0.95368  
0.155481 0.987839 0.285601  0.958349  
0.234011 0.972234 0.270558  0.962704  
0.142688 0.989768 0.255677  0.966762  
0.152914 0.98824 0.241081  0.970505  
0.0287198 0.999588 0.226648  0.973977  
0.11773 0.993046 0.212416  0.977179  
0.14014 0.990132 0.198424  0.980116  
0.265613 0.96408 0.184646  0.982805  
0.10318 0.994663 0.171089  0.985256  
0.214398 0.976746 0.157758  0.987478  
0.206129 0.978525 0.144659  0.989482  
0.187108 0.982339 0.131782  0.991279  
0.0547292 0.998501 0.119145  0.992877  
0.165886 0.986145 0.106731  0.994288  
0.130105 0.9915 0.0945317  0.995522  
0.21164 0.977348 0.082579  0.996585  
0.274393 0.961618 0.0708498  0.997487  
0.2862 0.95817 0.0593538  0.998237  
0.217179 0.976132 0.0480639  0.998844  
0.248251 0.968696 0.0370111  0.999315  
0.14778 0.98902 0.026165  0.999658  
0.309017 0.951057 0.0155178  0.99988  
0.168504 0.985701 0.00512527  0.999987  
