1.41564 2.15262 1.41564  2.15262  
1.46991 2.21419 1.46991  2.21419  
1.55968 1.61691 1.55968  1.61691  
0.919414 2.06164 0.919414  2.06164  
1.87137 1.78036 1.87137  1.78036  
0.105035 0.994469 0.105035  0.994469  
0.887342 2.44244 0.887342  2.44244  
2.18428 1.27828 2.18428  1.27828  
2.00558 1.34304 2.00558  1.34304  
2.35835 1.00806 2.35835  1.00806  
2.138 0.121945 2.138  0.121945  
2.45043 1.05143 2.45043  1.05143  
1.85063 1.60481 1.85063  1.60481  
2.30334 0.398952 2.30334  0.398952  
0.0881233 0.99611 0.0881233  0.99611  
2.37833 0.96367 2.37833  0.96367  
0.217625 0.976032 0.217625  0.976032  
0.743642 2.22995 0.743642  2.22995  
1.25853 2.25519 1.25853  2.25519  
1.60424 1.99459 1.60424  1.99459  
2.53805 0.484867 2.53805  0.484867  
2.12771 1.30716 2.12771  1.30716  
0.169769 0.985484 0.169769  0.985484  
0.16646 0.986048 0.16646  0.986048  
0.115242 0.993338 0.115242  0.993338  
2.19808 1.15099 2.19808  1.15099  
2.53268 0.635853 2.53268  0.635853  
0.0633268 0.997993 0.0633268  0.997993  
1.62834 1.30315 1.62834  1.30315  
0.977167 2.40769 0.977167  2.40769  
2.27648 0.362802 2.27648  0.362802  
1.25805 1.81808 1.25805  1.81808  
2.20319 1.49495 2.20319  1.49495  
0.0991122 0.995076 0.0991122  0.995076  
0.235172 0.971954 0.235172  0.971954  
0.114345 0.993441 0.114345  0.993441  
2.48331 0.0558304 2.48331  0.0558304  
2.47478 0.033458 2.47478  0.033458  
2.54277 0.941756 2.54277  0.941756  
0.235872 0.971784 0.235872  0.971784  
1.43879 1.94904 1.43879  1.94904  
0.14273 0.989762 0.14273  0.989762  
1.34609 2.03959 1.34609  2.03959  
0.289999 0.957027 0.289999  0.957027  
1.06469 2.07083 1.06469  2.07083  
1.81161 1.39144 1.81161  1.39144  
0.0881139 0.99611 0.0881139  0.99611  
1.20651 2.35924 1.20651  2.35924  
1.64702 1.70715 1.64702  1.70715  
2.42332 0.654694 2.42332  0.654694  
2.35971 0.705129 2.35971  0.705129  
0.276136 0.961119 0.276136  0.961119  
0.150304 0.98864 0.150304  0.98864  
2.52089 0.101385 2.52089  0.101385  
1.02108 2.40528 1.02108  2.40528  
1.47876 1.91707 1.47876  1.91707  
0.199631 0.979871 0.199631  0.979871  
0.912536 2.21271 0.912536  2.21271  
2.3153 0.831536 2.3153  0.831536  
1.80064 1.88921 1.80064  1.88921  
0.149038 0.988832 0.149038  0.988832  
2.47507 0.964783 2.47507  0.964783  
1.62339 2.08996 1.62339  2.08996  
0.965322 2.16157 0.965322  2.16157  
0.98109 2.42607 0.98109  2.42607  
1.67722 1.72252 1.67722  1.72252  
1.13799 2.06852 1.13799  2.06852  
1.10576 2.3745 1.10576  2.3745  
1.15624 2.29768 1.15624  2.29768  
2.15462 1.07925 2.15462  1.07925  
2.45619 0.116177 2.45619  0.116177  
1.67516 1.28493 1.67516  1.28493  
2.56531 0.179209 2.56531  0.179209  
2.22659 1.20765 2.22659  1.20765  
2.72404 0.614471 2.72404  0.614471  
2.21492 1.68968 2.21492  1.68968  
1.09554 2.42759 1.09554  2.42759  
0.0493463 0.998782 0.0493463  0.998782  
2.34167 0.278044 2.34167  0.278044  
0.187802 0.982207 0.187802  0.982207  
1.24397 2.05898 1.24397  2.05898  
0.779093 2.22466 0.779093  2.22466  
1.93076 1.15317 1.93076  1.15317  
0.23687 0.971541 0.23687  0.971541  
0.896613 2.53057 0.896613  2.53057  
1.28885 2.11041 1.28885  2.11041  
0.0241139 0.999709 0.0241139  0.999709  
2.34845 1.16579 2.34845  1.16579  
2.07241 1.66859 2.07241  1.66859  
2.51517 0.96327 2.51517  0.96327  
2.30546 0.159768 2.30546  0.159768  
0.189246 0.98193 0.189246  0.98193  
2.29483 1.22198 2.29483  1.22198  
2.59153 0.417623 2.59153  0.417623  
1.07256 2.50946 1.07256  2.50946  
2.24417 1.41311 2.24417  1.41311  
2.43861 1.32752 2.43861  1.32752  
0.225631 0.974213 0.225631  0.974213  
0.847515 2.33591 0.847515  2.33591  
2.31237 0.0634784 2.31237  0.0634784  
0.14268 0.989769 1.00512  1.68146e-05  
0.168346 0.985728 9.31584e-05  1  
0.112858 0.993611 1.12625  1.34347e-05  
0.24243 0.970169 1.13925  1.4669e-05  
0.286119 0.958194 1.18419  1.3132e-05  
0.259768 0.965671 1.20792  0.000718497  
0.125112 0.992143 1.21308  2.02936e-05  
9.31584e-05 1 1.21692  0.00191187  
0.160665 0.987009 1.21756  0.00333107  
0.197887 0.980225 1.24069  0.00339438  
0.0286522 0.999589 1.27011  2.28752e-05  
0.233967 0.972245 1.27025  0.0188395  
0.187106 0.98234 1.27599  0.00459096  
0.301107 0.953591 1.28083  0.012712  
0.307117 0.951672 1.28397  0.0192726  
0.165836 0.986153 1.29187  0.0128148  
0.0681832 0.997673 1.29549  5.48e-05  
0.0458736 0.998947 1.30731  0.00077762  
0.152904 0.988241 1.3147  0.000973841  
0.268499 0.96328 1.37828  0.00249762  
0.0796572 0.996822 1.39006  0.00366275  
0.228262 0.9736 1.39421  6.46932e-06  
0.155488 0.987838 1.39762  5.85362e-05  
0.277271 0.960792 1.40187  0.0176666  
0.248174 0.968715 1.40377  0.000834996  
0.10798 0.994153 1.409  0.00564125  
0.219967 0.975507 1.42377  0.0012619  
0.295133 0.955456 1.42735  0.0141662  
0.214404 0.976745 1.42804  0.0141731  
0.0200747 0.999798 1.42969  0.00224615  
0.120176 0.992753 1.44712  0.0306721  
0.140112 0.990136 1.448  0.00170296  
0.200548 0.979684 1.4628  0.00548222  
0.105549 0.994414 1.46532  0.000335311  
0.203366 0.979103 1.46576  0.0145474  
0.0547511 0.9985 1.48163  0.0269305  
0.239682 0.970851 1.48224  0.00232872  
0.245263 0.969457 1.5041  0.00539971  
0.130108 0.9915 1.50738  0.0269611  
0.135056 0.990838 1.50876  0.00342789  
0.256875 0.966445 1.52436  0.000595004  
0.0636779 0.997971 1.5483  0.000425669  
0.253963 0.967214 1.58359  0.0133713  
0.158036 0.987433 1.60115  0.023508  
0.127607 0.991825 1.62127  0.00389185  
0.0912733 0.995826 1.65856  0.00300553  
0.208853 0.977947 1.68536  0.0845083  
0.231191 0.972908 1.68834  0.0479288  
0.280201 0.959941 1.74426  0.00224235  
0.291892 0.956451 1.75807  0.0223731  
0.265548 0.964098 1.71393  1.70979  
0.0750501 0.99718 1.77761  0.0607962  
0.110391 0.993888 1.90423  0.0188992  
0.211625 0.977351 1.95697  0.545559  
0.098396 0.995147 1.97138  0.000941827  
0.283191 0.959063 1.97188  0.11422  
0.236842 0.971548 2.03556  0.0104036  
0.100782 0.994909 2.05274  0.131447  
0.173735 0.984793 2.05435  0.040744  
0.0503441 0.998732 2.0774  0.180587  
0.251056 0.967973 2.15711  1.78434  
1.00512 1.68146e-05 2.33652  0.133484  
0.0330169 0.999455 2.33747  0.934498  
0.0889324 0.996038 2.46932  0.64783  
0.222716 0.974883 2.47657  0.147432  
0.117712 0.993048 1.02625  1.93936  
0.13255 0.991176 2.56279  1.42368  
0.0416315 0.999133 0.873968  1.80785  
0.163261 0.986583 1.50122  0.00162498  
0.206123 0.978526 0.879883  1.92868  
0.150334 0.988635 1.89894  1.86372  
0.274405 0.961614 0.0269606  0.999636  
0.0842324 0.996446 0.704603  1.80133  
0.308966 0.951073 0.0980883  0.995178  
0.298083 0.95454 0.303217  0.952921  
0.225542 0.974233 0.308821  0.95112  
0.289165 0.957279 0.285988  0.958233  
0.181698 0.983354 0.282995  0.959121  
0.137616 0.990486 0.266233  0.963909  
0.189791 0.981825 0.0225893  0.999745  
0.195195 0.980765 0.0269606  0.999636  
0.070466 0.997514 0.0625887  0.998039  
0.147786 0.989019 0.0767823  0.997048  
0.262681 0.964883 0.186773  0.982403  
0.145228 0.989398 0.174037  0.984739  
0.27145 0.962452 0.150925  0.988545  
0.1925 0.981297 0.15542  0.987848  
0.304095 0.952642 0.0902257  0.995921  
0.0591477 0.998249 0.12313  0.992391  
0.171081 0.985257 0.0953512  0.995444  
0.217135 0.976142 0.102794  0.994703  
0.10317 0.994664 0.0914875  0.995806  
0.0960451 0.995377 0.0819203  0.996639  
0.184394 0.982852 0.0656771  0.997841  
0.176405 0.984318 0.0517218  0.998662  
0.0116977 0.999932 0.0462035  0.998932  
0.11527 0.993334 0.0329102  0.999458  
0.0372593 0.999306 0.0230334  0.999735  
0.122663 0.992448 0.0126218  0.99992  
0.179055 0.983839 0.00503724  0.999987  
0.0459661 0.998943 1  2.18108e-10  
0.165877 0.986146 0.000100561  1  
0.0592002 0.998246 1.05  1.55916e-10  
0.242432 0.970168 1.05  2.29013e-10  
0.292096 0.956389 1.05  3.02256e-10  
0.259796 0.965663 1.05  2.29013e-10  
0.158076 0.987427 1.05  2.40348e-10  
0.265564 0.964093 1.05  5.59375e-10  
0.160665 0.987009 1.05001  1.01802e-09  
0.197887 0.980225 1.05001  1.01802e-09  
0.245382 0.969426 1.05001  9.3222e-10  
0.115292 0.993332 1.1  2.39919e-10  
0.187106 0.98234 1.1  2.23257e-10  
0.155492 0.987837 1.1  1.91381e-10  
0.307148 0.951662 1.1  2.39919e-10  
0.103173 0.994663 1.1  8.12176e-11  
0.20888 0.977941 1.1  3.16649e-10  
0.125127 0.992141 1.1  3.16649e-10  
0.152904 0.988241 1.1  7.29421e-11  
0.268507 0.963278 1.1  2.33093e-10  
0.30414 0.952627 1.1  1.91381e-10  
0.112858 0.993611 1.1  1.06649e-09  
0.256903 0.966437 1.1  3.41388e-10  
0.277278 0.96079 1.1  1.83005e-10  
0.301121 0.953586 1.1  5.22832e-10  
0.10798 0.994153 1.1  7.33704e-10  
0.219967 0.975507 1.1  5.86012e-10  
0.295133 0.955456 1.1  9.64879e-10  
0.214404 0.976745 1.1  1.02769e-09  
0.0984168 0.995145 1.1  9.7661e-10  
0.0936777 0.995603 1.1  6.42377e-10  
0.17111 0.985252 1.10001  6.42377e-10  
1 2.18108e-10 1.10001  9.01171e-10  
0.248253 0.968695 1.10001  9.76611e-10  
0.203366 0.979103 1.10001  4.49717e-10  
0.0547567 0.9985 1.10001  6.8254e-10  
0.239682 0.970851 1.10001  6.79004e-10  
0.0373169 0.999303 1.10001  9.76612e-10  
0.274393 0.961618 1.10001  6.31134e-10  
0.135092 0.990833 1.10001  1.08149e-09  
0.081923 0.996639 1.10001  1.23816e-09  
0.231186 0.97291 1.10001  1.11449e-09  
0.254003 0.967203 1.10001  8.52418e-10  
0.262689 0.964881 1.10002  6.54066e-09  
0.127607 0.991825 1.10003  1.54588e-08  
0.168496 0.985702 1.10029  9.35968e-07  
0.283219 0.959055 1.10039  8.28584e-10  
0.130056 0.991507 0.131852  0.991269  
0.280201 0.959941 0.161711  0.986838  
0.173775 0.984785 0.177768  0.984072  
0.234012 0.972234 0.249294  0.968428  
0.222719 0.974883 0.26112  0.965306  
0.0154835 0.99988 0.269447  0.963015  
0.211625 0.977351 0.269447  0.963015  
0.105587 0.99441 0.269806  0.962915  
0.0330301 0.999454 0.277518  0.96072  
0.236842 0.971548 0.280093  0.959973  
0.100802 0.994906 0.280093  0.959973  
0.132567 0.991174 0.289042  0.957316  
0.0503441 0.998732 0.291328  0.956623  
0.0773512 0.997004 0.294112  0.955771  
0.110426 0.993884 0.294134  0.955764  
0.147782 0.98902 0.297822  0.954621  
0.0889324 0.996038 0.299771  0.954011  
0.309013 0.951058 0.299771  0.954011  
0.117712 0.993048 0.299771  0.954011  
0.000100561 1 0.301102  0.953592  
0.0416306 0.999133 0.302254  0.953227  
0.163261 0.986583 0.305074  0.952329  
0.206123 0.978526 0.306115  0.951995  
0.150334 0.988635 0.306659  0.95182  
0.140152 0.99013 0.306659  0.95182  
0.298128 0.954526 0.306659  0.95182  
0.286194 0.958172 0.307874  0.951427  
0.120195 0.99275 0.308566  0.951203  
0.0842846 0.996442 0.308978  0.951069  
0.289165 0.957279 0.300859  0.953669  
0.181742 0.983346 0.285741  0.958307  
0.137618 0.990485 0.269806  0.962915  
0.189791 0.981825 0.249294  0.968428  
0.195195 0.980765 0.240254  0.97071  
0.142688 0.989768 0.225947  0.97414  
0.200645 0.979664 0.193878  0.981026  
0.0727586 0.99735 0.195956  0.980613  
0.145228 0.989398 0.183737  0.982976  
0.27145 0.962452 0.170537  0.985351  
0.1925 0.981297 0.154979  0.987918  
0.0224029 0.999749 0.142732  0.989761  
0.228372 0.973574 0.130037  0.991509  
0.251062 0.967971 0.116104  0.993237  
0.217156 0.976137 0.105587  0.99441  
0.0636861 0.99797 0.0940275  0.99557  
0.0960451 0.995377 0.0819047  0.99664  
0.184398 0.982852 0.0702966  0.997526  
0.176405 0.984318 0.0567837  0.998387  
0.225555 0.97423 0.0459661  0.998943  
0.068215 0.997671 0.0350624  0.999385  
0.0287912 0.999585 0.0256654  0.999671  
0.122663 0.992448 0.0154835  0.99988  
0.179055 0.983839 0.00461352  0.999989  
0.0459661 0.998943 1  5.61617e-11  
0.165877 0.986146 7.01937e-05  1  
0.0592002 0.998246 1.05  4.88207e-11  
0.242528 0.970144 1.05  5.94236e-11  
0.277337 0.960773 1.05  5.89294e-11  
0.259796 0.965663 1.05  5.66628e-11  
0.158076 0.987427 1.05  4.88207e-11  
0.197915 0.980219 1.05  2.66638e-11  
0.304132 0.95263 1.05  5.94236e-11  
0.160675 0.987007 1.05  4.62011e-11  
0.245382 0.969426 1.05  5.66628e-11  
0.115292 0.993332 1.1  5.03773e-11  
0.187106 0.98234 1.1  5.11455e-11  
0.155492 0.987837 1.1  5.9361e-11  
0.307148 0.951662 1.1  6.20526e-11  
0.0503443 0.998732 1.1  5.11455e-11  
0.20888 0.977941 1.1  5.11455e-11  
0.125127 0.992141 1.1  5.9361e-11  
0.0220221 0.999757 1.1  5.05176e-11  
0.268507 0.963278 1.1  5.9361e-11  
0.15291 0.98824 1.1  4.33064e-11  
0.112858 0.993611 1.1  5.9361e-11  
0.256903 0.966437 1.1  5.9361e-11  
0.0266723 0.999644 1.1  5.9361e-11  
0.301121 0.953586 1.1  5.11455e-11  
0.105587 0.99441 1.1  5.73747e-11  
0.219967 0.975507 1.1  6.22533e-11  
0.17114 0.985247 1.1  5.94905e-11  
0.214404 0.976745 1.1  6.22533e-11  
0.0984173 0.995145 1.1  4.84012e-11  
0.0936777 0.995603 1.1  6.22533e-11  
0.130085 0.991503 1.1  5.09652e-11  
0.108005 0.99415 1.1  7.17011e-11  
0.248253 0.968695 1.1  2.81418e-11  
0.203366 0.979103 1.1  6.22533e-11  
0.0547567 0.9985 1.1  1.33417e-10  
0.239682 0.970851 1.1  5.9361e-11  
0.0373169 0.999303 1.1  5.66792e-11  
0.274393 0.961618 1.1  5.9361e-11  
0.135092 0.990833 1.1  1.52796e-10  
0.081923 0.996639 1.1  1.80082e-10  
0.231186 0.97291 1.1  3.16649e-10  
0.254003 0.967203 1.1  2.24276e-10  
0.0162011 0.999869 1.1  1.31736e-10  
0.127614 0.991824 1.1  2.06743e-10  
0.168496 0.985702 1.1  1.79067e-10  
0.28323 0.959052 1.1  9.64877e-10  
0.132604 0.991169 0.309009  0.951059  
0.280278 0.959919 0.309009  0.951059  
0.173775 0.984785 0.309009  0.951059  
0.234012 0.972234 0.309009  0.951059  
0.265611 0.96408 0.309009  0.951059  
0.184428 0.982846 0.309009  0.951059  
0.211625 0.977351 0.309009  0.951059  
0.222751 0.974875 0.309009  0.951059  
0.0330301 0.999454 0.309009  0.951059  
0.236842 0.971548 0.309009  0.951059  
0.100802 0.994906 0.309009  0.951059  
7.01937e-05 1 0.309009  0.951059  
0.251081 0.967966 0.309009  0.951059  
0.0773512 0.997004 0.309009  0.951059  
0.110426 0.993884 0.309009  0.951059  
0.147782 0.98902 0.309009  0.951059  
0.0889672 0.996035 0.309009  0.951059  
0.309017 0.951057 0.309009  0.951059  
0.117743 0.993044 0.309009  0.951059  
0.295141 0.955454 0.309009  0.951059  
0.0416306 0.999133 0.309009  0.951059  
0.163261 0.986583 0.309009  0.951059  
0.206123 0.978526 0.309009  0.951059  
0.150334 0.988635 0.309009  0.951059  
0.140152 0.99013 0.309009  0.951059  
0.298128 0.954526 0.309009  0.951059  
0.292139 0.956376 0.309009  0.951059  
0.120195 0.99275 0.309009  0.951059  
0.0865978 0.996243 0.309009  0.951059  
0.28917 0.957278 0.30081  0.953684  
0.181742 0.983346 0.284546  0.958662  
0.137618 0.990485 0.270169  0.962813  
0.189791 0.981825 0.255044  0.966929  
0.195195 0.980765 0.238504  0.971141  
0.142688 0.989768 0.164956  0.986301  
0.200645 0.979664 0.212078  0.977253  
0.0727586 0.99735 0.198371  0.980127  
0.145228 0.989398 0.184552  0.982823  
0.27145 0.962452 0.170738  0.985316  
0.1925 0.981297 0.156673  0.98765  
0.103174 0.994663 0.144094  0.989564  
0.228372 0.973574 0.131691  0.991291  
0.2627 0.964878 0.117947  0.99302  
0.217168 0.976134 0.106454  0.994318  
0.0636861 0.99797 0.0912697  0.995826  
0.0960451 0.995377 0.0825753  0.996585  
0.286201 0.95817 0.0707292  0.997496  
0.176405 0.984318 0.0583585  0.998296  
0.225555 0.97423 0.0471438  0.998888  
0.068215 0.997671 0.0370003  0.999315  
1 5.61617e-11 0.0260805  0.99966  
0.122663 0.992448 0.0142939  0.999898  
0.179055 0.983839 0.00492982  0.999988  
0.0459661 0.998943 1  4.58082e-11  
0.165892 0.986144 8.63915e-05  1  
0.0592052 0.998246 1.05  4.80986e-11  
0.242528 0.970144 1.05  4.80986e-11  
0.277336 0.960773 1.05  4.80986e-11  
0.259796 0.965663 1.05  4.79632e-11  
0.158076 0.987427 1.05  4.82791e-11  
0.197915 0.980219 1.05  4.88207e-11  
0.307149 0.951661 1.05  4.80986e-11  
0.160675 0.987007 1.05  4.88207e-11  
0.245382 0.969426 1.05  4.88207e-11  
0.115292 0.993332 1.1  5.0389e-11  
0.214405 0.976745 1.1  5.0389e-11  
0.155492 0.987837 1.1  5.0389e-11  
0.286202 0.958169 1.1  5.05781e-11  
0.0503443 0.998732 1.1  5.05781e-11  
0.20888 0.977941 1.1  5.0389e-11  
0.125127 0.992141 1.1  5.02472e-11  
0.2511 0.967961 1.1  5.05781e-11  
0.268522 0.963274 1.1  5.04511e-11  
0.15291 0.98824 1.1  5.0389e-11  
0.112858 0.993611 1.1  5.0389e-11  
0.256883 0.966443 1.1  5.11455e-11  
0.10319 0.994662 1.1  4.98216e-11  
0.301121 0.953586 1.1  5.0389e-11  
0.105587 0.99441 1.1  5.11455e-11  
0.219967 0.975507 1.1  5.11455e-11  
0.17114 0.985247 1.1  5.0389e-11  
0.147784 0.98902 1.1  5.9361e-11  
0.0984173 0.995145 1.1  5.0389e-11  
0.0936777 0.995603 1.1  5.05781e-11  
0.176433 0.984313 1.1  5.04511e-11  
0.108005 0.99415 1.1  5.09564e-11  
0.248253 0.968695 1.1  5.63516e-11  
0.203371 0.979102 1.1  4.33064e-11  
0.0547567 0.9985 1.1  5.11455e-11  
0.239682 0.970851 1.1  1.97841e-11  
0.0373169 0.999303 1.1  4.30961e-11  
0.274393 0.961618 1.1  5.9361e-11  
0.135092 0.990833 1.1  5.78745e-11  
0.081923 0.996639 1.1  5.66792e-11  
0.231186 0.97291 1.1  5.9361e-11  
0.254003 0.967203 1.1  5.94905e-11  
0.271459 0.96245 1.1  6.09859e-11  
0.127614 0.991824 1.1  5.9361e-11  
0.292148 0.956373 1.1  5.9361e-11  
0.304138 0.952628 1.1  3.16649e-10  
0.132604 0.991169 0.309009  0.951059  
0.122652 0.99245 0.309009  0.951059  
0.173775 0.984785 0.309009  0.951059  
0.234012 0.972234 0.309009  0.951059  
0.265611 0.96408 0.309009  0.951059  
0.184428 0.982846 0.309009  0.951059  
0.283238 0.95905 0.309009  0.951059  
0.222751 0.974875 0.309009  0.951059  
0.0330301 0.999454 0.309009  0.951059  
0.236842 0.971548 0.309009  0.951059  
0.100802 0.994906 0.309009  0.951059  
0.228339 0.973582 0.309009  0.951059  
0.211632 0.97735 0.309009  0.951059  
0.0773512 0.997004 0.309009  0.951059  
0.110426 0.993884 0.309009  0.951059  
0.168497 0.985702 0.309009  0.951059  
0.0912733 0.995826 0.309009  0.951059  
0.309017 0.951057 0.309009  0.951059  
0.117743 0.993044 0.309009  0.951059  
0.295141 0.955454 0.309009  0.951059  
0.262702 0.964877 0.309009  0.951059  
0.217184 0.976131 0.309009  0.951059  
0.206123 0.978526 0.309009  0.951059  
0.150334 0.988635 0.309009  0.951059  
0.140152 0.99013 0.309009  0.951059  
0.298128 0.954526 0.309009  0.951059  
1 4.58082e-11 0.309009  0.951059  
0.120195 0.99275 0.309009  0.951059  
0.0865978 0.996243 0.309009  0.951059  
0.28917 0.957278 0.300806  0.953685  
0.181742 0.983346 0.285602  0.958348  
0.137618 0.990485 0.270451  0.962734  
0.189791 0.981825 0.255628  0.966775  
0.195195 0.980765 0.24108  0.970505  
0.028667 0.999589 0.226645  0.973977  
0.200645 0.979664 0.211436  0.977392  
0.0727586 0.99735 0.198108  0.98018  
0.145228 0.989398 0.184527  0.982827  
8.63915e-05 1 0.171041  0.985264  
0.1925 0.981297 0.157581  0.987506  
0.130091 0.991502 0.144606  0.989489  
0.280286 0.959917 0.131731  0.991286  
0.0154981 0.99988 0.119142  0.992877  
0.0223475 0.99975 0.106728  0.994288  
0.0636861 0.99797 0.0931252  0.995654  
0.0960451 0.995377 0.0823176  0.996606  
0.142688 0.989768 0.0705838  0.997506  
0.163275 0.986581 0.0593444  0.998238  
0.225555 0.97423 0.0480428  0.998845  
0.068215 0.997671 0.0369888  0.999316  
0.0416222 0.999133 0.0259489  0.999663  
0.187111 0.982339 0.0154981  0.99988  
0.179055 0.983839 0.00507984  0.999987  
0.0459661 0.998943 1  4.59308e-11  
0.165892 0.986144 8.63918e-05  1  
0.179085 0.983834 1  4.59308e-11  
0.242528 0.970144 1  4.59308e-11  
0.277336 0.960773 1  4.59308e-11  
0.289177 0.957276 1  4.59308e-11  
0.158076 0.987427 1  4.59308e-11  
0.0197486 0.999805 1  4.59308e-11  
0.307149 0.951661 1  4.59308e-11  
0.160675 0.987007 1  4.59308e-11  
0.245382 0.969426 1  4.59308e-11  
0.115292 0.993332 1  4.59308e-11  
0.214405 0.976745 1  4.59308e-11  
0.155492 0.987837 1  4.59308e-11  
0.286202 0.958169 1  4.59308e-11  
0.0503549 0.998731 1  4.59308e-11  
0.20888 0.977941 1  4.59308e-11  
0.125127 0.992141 1  4.59308e-11  
0.2511 0.967961 1  4.59308e-11  
0.268522 0.963274 1  4.59308e-11  
0.15291 0.98824 1  4.59308e-11  
0.11286 0.993611 1  4.59308e-11  
0.256894 0.966439 1  4.59308e-11  
0.10319 0.994662 1  4.59308e-11  
0.301131 0.953583 1  4.59308e-11  
0.105587 0.99441 1  4.59308e-11  
0.219967 0.975507 1  4.59308e-11  
0.17114 0.985247 1  4.59308e-11  
0.147784 0.98902 1  4.59308e-11  
0.0984173 0.995145 1  4.59308e-11  
0.0936777 0.995603 1  4.59308e-11  
0.176433 0.984313 1  4.59308e-11  
0.108005 0.99415 1  4.59308e-11  
0.259798 0.965663 1  4.59308e-11  
0.203387 0.979098 1  4.59308e-11  
0.0547567 0.9985 1  4.59308e-11  
0.239682 0.970851 1  4.59308e-11  
0.0373169 0.999303 1  4.59308e-11  
0.274393 0.961618 1  4.59308e-11  
0.135092 0.990833 1  4.59308e-11  
0.0636952 0.997969 1  4.59308e-11  
0.231186 0.97291 1  4.59308e-11  
0.254003 0.967203 1  4.59308e-11  
0.271459 0.96245 1  4.59308e-11  
0.127614 0.991824 1  4.59308e-11  
0.292148 0.956373 1  4.59308e-11  
0.304138 0.952628 1  4.59308e-11  
0.132604 0.991169 1  4.59308e-11  
0.298129 0.954526 1  4.59308e-11  
0.168511 0.9857 1  4.59308e-11  
0.234012 0.972234 0.309009  0.951059  
0.265611 0.96408 0.309009  0.951059  
0.184428 0.982846 0.309009  0.951059  
0.283238 0.95905 0.309009  0.951059  
0.222751 0.974875 0.309009  0.951059  
0.0330301 0.999454 0.309009  0.951059  
0.236842 0.971548 0.309009  0.951059  
0.100802 0.994906 0.309009  0.951059  
8.63918e-05 1 0.309009  0.951059  
0.211632 0.97735 0.309009  0.951059  
0.0773512 0.997004 0.309009  0.951059  
0.0819722 0.996635 0.309009  0.951059  
0.122653 0.99245 0.309009  0.951059  
0.200648 0.979663 0.309009  0.951059  
0.309017 0.951057 0.309009  0.951059  
0.117743 0.993044 0.309009  0.951059  
0.295141 0.955454 0.309009  0.951059  
0.262702 0.964877 0.309009  0.951059  
0.217179 0.976132 0.309009  0.951059  
0.206123 0.978526 0.309009  0.951059  
0.150334 0.988635 0.309009  0.951059  
0.140152 0.99013 0.309009  0.951059  
0.197926 0.980217 0.309009  0.951059  
0.181746 0.983346 0.309009  0.951059  
0.120195 0.99275 0.309009  0.951059  
0.0865978 0.996243 0.309009  0.951059  
0.0121365 0.999926 0.300784  0.953692  
0.110426 0.993884 0.2856  0.958349  
0.137618 0.990485 0.270504  0.962719  
1 4.59308e-11 0.255676  0.966763  
0.195207 0.980762 0.24108  0.970505  
0.0592151 0.998245 0.226645  0.973977  
0.189803 0.981822 0.212312  0.977202  
0.0727586 0.99735 0.198384  0.980124  
0.145228 0.989398 0.184646  0.982805  
0.173784 0.984784 0.171075  0.985258  
0.1925 0.981297 0.157732  0.987482  
0.130103 0.9915 0.144658  0.989482  
0.280286 0.959917 0.131731  0.991286  
0.248256 0.968694 0.119045  0.992889  
0.228351 0.973579 0.106728  0.994288  
0.0912865 0.995825 0.0945335  0.995522  
0.0960451 0.995377 0.0824204  0.996598  
0.142688 0.989768 0.0708282  0.997489  
0.163275 0.986581 0.0593444  0.998238  
0.225555 0.97423 0.0479953  0.998848  
0.068215 0.997671 0.036594  0.99933  
0.0416222 0.999133 0.0261111  0.999659  
0.187111 0.982339 0.0155405  0.999879  
0.0261111 0.999659 0.00512386  0.999987  
1 4.59166e-11 1  4.59166e-11  
0.165892 0.986144 8.63918e-05  1  
0.179085 0.983834 1  4.59166e-11  
0.242528 0.970144 1  4.59166e-11  
0.277336 0.960773 1  4.59166e-11  
0.289177 0.957276 1  4.59166e-11  
0.158076 0.987427 1  4.59166e-11  
0.140155 0.99013 1  4.59166e-11  
0.307149 0.951661 1  4.59166e-11  
0.160675 0.987007 1  4.59166e-11  
0.245382 0.969426 1  4.59166e-11  
0.115292 0.993332 1  4.59166e-11  
0.214405 0.976745 1  4.59166e-11  
0.155492 0.987837 1  4.59166e-11  
0.0287608 0.999586 1  4.59166e-11  
0.0503549 0.998731 1  4.59166e-11  
0.20888 0.977941 1  4.59166e-11  
0.125127 0.992141 1  4.59166e-11  
0.2511 0.967961 1  4.59166e-11  
0.268522 0.963274 1  4.59166e-11  
0.15291 0.98824 1  4.59166e-11  
0.11286 0.993611 1  4.59166e-11  
0.045974 0.998943 1  4.59166e-11  
8.63918e-05 1 1  4.59166e-11  
0.301131 0.953583 1  4.59166e-11  
0.105587 0.99441 1  4.59166e-11  
0.219967 0.975507 1  4.59166e-11  
0.171145 0.985246 1  4.59166e-11  
0.147784 0.98902 1  4.59166e-11  
0.0984173 0.995145 1  4.59166e-11  
0.0936777 0.995603 1  4.59166e-11  
0.176433 0.984313 1  4.59166e-11  
0.108005 0.99415 1  4.59166e-11  
0.259798 0.965663 1  4.59166e-11  
0.203387 0.979098 1  4.59166e-11  
0.0547567 0.9985 1  4.59166e-11  
0.239682 0.970851 1  4.59166e-11  
0.0373169 0.999303 1  4.59166e-11  
0.274393 0.961618 1  4.59166e-11  
0.135103 0.990832 1  4.59166e-11  
0.0636952 0.997969 1  4.59166e-11  
0.231186 0.97291 1  4.59166e-11  
0.256899 0.966438 1  4.59166e-11  
0.271459 0.96245 1  4.59166e-11  
0.127614 0.991824 1  4.59166e-11  
0.292148 0.956373 1  4.59166e-11  
0.304138 0.952628 1  4.59166e-11  
0.132604 0.991169 1  4.59166e-11  
0.298129 0.954526 1  4.59166e-11  
0.168511 0.9857 1  4.59166e-11  
0.234012 0.972234 0.309009  0.951059  
0.265611 0.96408 0.309009  0.951059  
0.184428 0.982846 0.309009  0.951059  
0.283238 0.95905 0.309009  0.951059  
0.25401 0.967201 0.309009  0.951059  
0.0330301 0.999454 0.309009  0.951059  
0.236842 0.971548 0.309009  0.951059  
0.100802 0.994906 0.309009  0.951059  
0.222759 0.974874 0.309009  0.951059  
0.211632 0.97735 0.309009  0.951059  
0.0773512 0.997004 0.309009  0.951059  
0.0819722 0.996635 0.309009  0.951059  
0.122659 0.992449 0.309009  0.951059  
0.200648 0.979663 0.309009  0.951059  
0.309017 0.951057 0.309009  0.951059  
0.117743 0.993044 0.309009  0.951059  
0.295141 0.955454 0.309009  0.951059  
0.262702 0.964877 0.309009  0.951059  
0.217179 0.976132 0.309009  0.951059  
0.206123 0.978526 0.309009  0.951059  
0.150334 0.988635 0.309009  0.951059  
0.0141735 0.9999 0.309009  0.951059  
0.197926 0.980217 0.309009  0.951059  
0.181746 0.983346 0.309009  0.951059  
0.120195 0.99275 0.309009  0.951059  
0.0865978 0.996243 0.309009  0.951059  
0.0224675 0.999748 0.300796  0.953689  
0.110426 0.993884 0.2856  0.958349  
0.137618 0.990485 0.270539  0.962709  
0.103195 0.994661 0.255676  0.966763  
0.195207 0.980762 0.24108  0.970505  
0.0592151 0.998245 0.226645  0.973977  
0.189803 0.981822 0.212408  0.977181  
0.0727586 0.99735 0.198384  0.980124  
0.145228 0.989398 0.184646  0.982805  
0.173784 0.984784 0.171075  0.985258  
0.1925 0.981297 0.157735  0.987481  
0.130103 0.9915 0.144658  0.989482  
0.280286 0.959917 0.131731  0.991286  
0.248256 0.968694 0.119045  0.992889  
0.228366 0.973575 0.106728  0.994288  
0.0912865 0.995825 0.0945335  0.995522  
0.0960451 0.995377 0.0824611  0.996594  
0.142688 0.989768 0.070855  0.997487  
0.163275 0.986581 0.0593444  0.998238  
0.225555 0.97423 0.0479953  0.998848  
0.068215 0.997671 0.0369884  0.999316  
0.0416222 0.999133 0.0261111  0.999659  
0.187111 0.982339 0.0155405  0.999879  
0.286205 0.958168 0.00512386  0.999987  
0.225557 0.97423 1  4.59166e-11  
0.165892 0.986144 8.63918e-05  1  
0.179085 0.983834 1  4.59166e-11  
0.242528 0.970144 1  4.59166e-11  
0.277336 0.960773 1  4.59166e-11  
0.289177 0.957276 1  4.59166e-11  
0.158076 0.987427 1  4.59166e-11  
0.140155 0.99013 1  4.59166e-11  
0.307149 0.951661 1  4.59166e-11  
0.160675 0.987007 1  4.59166e-11  
0.245382 0.969426 1  4.59166e-11  
0.115292 0.993332 1  4.59166e-11  
0.214405 0.976745 1  4.59166e-11  
0.155492 0.987837 1  4.59166e-11  
0.0287608 0.999586 1  4.59166e-11  
0.0503549 0.998731 1  4.59166e-11  
0.20888 0.977941 1  4.59166e-11  
0.125127 0.992141 1  4.59166e-11  
0.2511 0.967961 1  4.59166e-11  
0.268522 0.963274 1  4.59166e-11  
0.15291 0.98824 1  4.59166e-11  
0.11286 0.993611 1  4.59166e-11  
0.045974 0.998943 1  4.59166e-11  
0.254011 0.967201 1  4.59166e-11  
0.301131 0.953583 1  4.59166e-11  
0.105587 0.99441 1  4.59166e-11  
0.219967 0.975507 1  4.59166e-11  
0.171145 0.985246 1  4.59166e-11  
0.147784 0.98902 1  4.59166e-11  
0.0984173 0.995145 1  4.59166e-11  
0.0936777 0.995603 1  4.59166e-11  
0.176433 0.984313 1  4.59166e-11  
0.108005 0.99415 1  4.59166e-11  
0.259798 0.965663 1  4.59166e-11  
0.203387 0.979098 1  4.59166e-11  
0.0547567 0.9985 1  4.59166e-11  
0.239682 0.970851 1  4.59166e-11  
0.0373169 0.999303 1  4.59166e-11  
0.274393 0.961618 1  4.59166e-11  
0.0637002 0.997969 1  4.59166e-11  
8.63918e-05 1 1  4.59166e-11  
0.231186 0.97291 1  4.59166e-11  
0.256899 0.966438 1  4.59166e-11  
0.271459 0.96245 1  4.59166e-11  
0.127614 0.991824 1  4.59166e-11  
0.292148 0.956373 1  4.59166e-11  
0.304136 0.952629 1  4.59166e-11  
0.132604 0.991169 1  4.59166e-11  
0.298129 0.954526 1  4.59166e-11  
0.168511 0.9857 1  4.59166e-11  
0.234012 0.972234 0.309009  0.951059  
0.265611 0.96408 0.309009  0.951059  
0.184428 0.982846 0.309009  0.951059  
0.283239 0.959049 0.309009  0.951059  
1 4.59166e-11 0.309009  0.951059  
0.0330301 0.999454 0.309009  0.951059  
0.236842 0.971548 0.309009  0.951059  
0.100802 0.994906 0.309009  0.951059  
0.222759 0.974874 0.309009  0.951059  
0.211632 0.97735 0.309009  0.951059  
0.0773512 0.997004 0.309009  0.951059  
0.0819722 0.996635 0.309009  0.951059  
0.122659 0.992449 0.309009  0.951059  
0.200648 0.979663 0.309009  0.951059  
0.309017 0.951057 0.309009  0.951059  
0.117743 0.993044 0.309009  0.951059  
0.295141 0.955454 0.309009  0.951059  
0.262702 0.964877 0.309009  0.951059  
0.217179 0.976132 0.309009  0.951059  
0.206123 0.978526 0.309009  0.951059  
0.150334 0.988635 0.309009  0.951059  
0.0161549 0.99987 0.309009  0.951059  
0.197926 0.980217 0.309009  0.951059  
0.181746 0.983346 0.309009  0.951059  
0.120195 0.99275 0.309009  0.951059  
0.0865978 0.996243 0.309009  0.951059  
0.0224675 0.999748 0.300823  0.95368  
0.110426 0.993884 0.2856  0.958349  
0.137618 0.990485 0.270539  0.962709  
0.103195 0.994661 0.255705  0.966755  
0.195207 0.980762 0.24108  0.970505  
0.0592151 0.998245 0.226645  0.973977  
0.189803 0.981822 0.212408  0.977181  
0.135107 0.990831 0.198403  0.980121  
0.145228 0.989398 0.184646  0.982805  
0.173784 0.984784 0.171075  0.985258  
0.1925 0.981297 0.157735  0.987481  
0.130103 0.9915 0.144658  0.989482  
0.280286 0.959917 0.131773  0.99128  
0.248256 0.968694 0.11906  0.992887  
0.228366 0.973575 0.106728  0.994288  
0.0912865 0.995825 0.0945367  0.995521  
0.0960451 0.995377 0.0825016  0.996591  
0.142688 0.989768 0.0708554  0.997487  
0.163275 0.986581 0.0593444  0.998238  
0.0727599 0.997349 0.0480473  0.998845  
0.068215 0.997671 0.0369884  0.999316  
0.0416222 0.999133 0.0261111  0.999659  
0.187111 0.982339 0.0155405  0.999879  
0.286205 0.958168 0.00512386  0.999987  
0.225557 0.97423 1  4.59166e-11  
0.165892 0.986144 8.63918e-05  1  
0.179085 0.983834 1  4.59166e-11  
0.242528 0.970144 1  4.59166e-11  
0.277336 0.960773 1  4.59166e-11  
0.289177 0.957276 1  4.59166e-11  
0.158076 0.987427 1  4.59166e-11  
0.140155 0.99013 1  4.59166e-11  
0.307149 0.951661 1  4.59166e-11  
0.160675 0.987007 1  4.59166e-11  
0.245382 0.969426 1  4.59166e-11  
0.115292 0.993332 1  4.59166e-11  
0.214405 0.976745 1  4.59166e-11  
0.155492 0.987837 1  4.59166e-11  
0.0287608 0.999586 1  4.59166e-11  
0.0503549 0.998731 1  4.59166e-11  
0.20888 0.977941 1  4.59166e-11  
0.125127 0.992141 1  4.59166e-11  
1 4.59166e-11 1  4.59166e-11  
0.268522 0.963274 1  4.59166e-11  
0.15291 0.98824 1  4.59166e-11  
0.11286 0.993611 1  4.59166e-11  
0.045974 0.998943 1  4.59166e-11  
0.254011 0.967201 1  4.59166e-11  
0.301131 0.953583 1  4.59166e-11  
0.105587 0.99441 1  4.59166e-11  
0.219967 0.975507 1  4.59166e-11  
0.171145 0.985246 1  4.59166e-11  
0.147784 0.98902 1  4.59166e-11  
0.0984173 0.995145 1  4.59166e-11  
0.0936777 0.995603 1  4.59166e-11  
0.176433 0.984313 1  4.59166e-11  
0.108005 0.99415 1  4.59166e-11  
0.259798 0.965663 1  4.59166e-11  
0.203387 0.979098 1  4.59166e-11  
0.0547567 0.9985 1  4.59166e-11  
0.239682 0.970851 1  4.59166e-11  
0.0373169 0.999303 1  4.59166e-11  
0.274393 0.961618 1  4.59166e-11  
0.0637002 0.997969 1  4.59166e-11  
0.0161434 0.99987 1  4.59166e-11  
0.231186 0.97291 1  4.59166e-11  
0.256899 0.966438 1  4.59166e-11  
0.271459 0.96245 1  4.59166e-11  
0.127614 0.991824 1  4.59166e-11  
0.292148 0.956373 1  4.59166e-11  
0.304136 0.952629 1  4.59166e-11  
0.132604 0.991169 1  4.59166e-11  
0.298129 0.954526 1  4.59166e-11  
0.168511 0.9857 1  4.59166e-11  
0.234012 0.972234 0.309014  0.951057  
0.265611 0.96408 0.309014  0.951057  
0.184428 0.982846 0.309014  0.951057  
0.283239 0.959049 0.309014  0.951057  
0.02247 0.999748 0.309014  0.951057  
0.0330301 0.999454 0.309014  0.951057  
0.236842 0.971548 0.309014  0.951057  
0.100802 0.994906 0.309014  0.951057  
0.222759 0.974874 0.309014  0.951057  
0.211632 0.97735 0.309014  0.951057  
0.0773512 0.997004 0.309014  0.951057  
0.0819722 0.996635 0.309014  0.951057  
0.122659 0.992449 0.309014  0.951057  
0.200648 0.979663 0.309014  0.951057  
0.309017 0.951057 0.309014  0.951057  
0.117743 0.993044 0.309014  0.951057  
0.295141 0.955454 0.309014  0.951057  
0.262702 0.964877 0.309014  0.951057  
0.217179 0.976132 0.309014  0.951057  
0.206123 0.978526 0.309014  0.951057  
0.150334 0.988635 0.309014  0.951057  
0.192501 0.981297 0.309014  0.951057  
0.197926 0.980217 0.309014  0.951057  
0.181746 0.983346 0.309014  0.951057  
0.120195 0.99275 0.309014  0.951057  
0.0866191 0.996241 0.309014  0.951057  
0.251131 0.967953 0.300823  0.95368  
0.110426 0.993884 0.2856  0.958349  
0.137618 0.990485 0.270539  0.962709  
0.103195 0.994661 0.255705  0.966755  
0.195207 0.980762 0.24108  0.970505  
0.0592151 0.998245 0.226649  0.973977  
0.189803 0.981822 0.212423  0.977178  
0.135107 0.990831 0.198403  0.980121  
0.145228 0.989398 0.184646  0.982805  
0.173784 0.984784 0.171075  0.985258  
8.63918e-05 1 0.157753  0.987479  
0.130103 0.9915 0.144658  0.989482  
0.280286 0.959917 0.131773  0.99128  
0.248256 0.968694 0.119067  0.992886  
0.228366 0.973575 0.106728  0.994288  
0.0912865 0.995825 0.0945367  0.995521  
0.0960451 0.995377 0.0825516  0.996587  
0.142688 0.989768 0.0708554  0.997487  
0.163275 0.986581 0.0593444  0.998238  
0.0727599 0.997349 0.0480473  0.998845  
0.068215 0.997671 0.0369935  0.999316  
0.0416222 0.999133 0.0261378  0.999658  
0.187111 0.982339 0.0155405  0.999879  
0.286205 0.958168 0.00512386  0.999987  
0.225557 0.97423 1  4.59166e-11  
0.165892 0.986144 8.63918e-05  1  
0.179085 0.983834 1  4.59166e-11  
0.242528 0.970144 1  4.59166e-11  
0.277336 0.960773 1  4.59166e-11  
0.289177 0.957276 1  4.59166e-11  
0.158076 0.987427 1  4.59166e-11  
0.140155 0.99013 1  4.59166e-11  
0.307149 0.951661 1  4.59166e-11  
0.160675 0.987007 1  4.59166e-11  
0.245382 0.969426 1  4.59166e-11  
0.115292 0.993332 1  4.59166e-11  
0.214405 0.976745 1  4.59166e-11  
0.155492 0.987837 1  4.59166e-11  
8.63918e-05 1 1  4.59166e-11  
0.0503549 0.998731 1  4.59166e-11  
0.20888 0.977941 1  4.59166e-11  
0.125127 0.992141 1  4.59166e-11  
0.0287656 0.999586 1  4.59166e-11  
0.268522 0.963274 1  4.59166e-11  
0.15291 0.98824 1  4.59166e-11  
0.11286 0.993611 1  4.59166e-11  
0.045974 0.998943 1  4.59166e-11  
0.254011 0.967201 1  4.59166e-11  
0.301131 0.953583 1  4.59166e-11  
0.105587 0.99441 1  4.59166e-11  
0.219967 0.975507 1  4.59166e-11  
0.171145 0.985246 1  4.59166e-11  
0.147784 0.98902 1  4.59166e-11  
0.0984173 0.995145 1  4.59166e-11  
0.0936777 0.995603 1  4.59166e-11  
0.176433 0.984313 1  4.59166e-11  
0.108005 0.99415 1  4.59166e-11  
0.259798 0.965663 1  4.59166e-11  
0.203387 0.979098 1  4.59166e-11  
0.0547567 0.9985 1  4.59166e-11  
0.239682 0.970851 1  4.59166e-11  
0.0373169 0.999303 1  4.59166e-11  
0.274393 0.961618 1  4.59166e-11  
0.0637002 0.997969 1  4.59166e-11  
0.0161303 0.99987 1  4.59166e-11  
0.231186 0.97291 1  4.59166e-11  
0.256899 0.966438 1  4.59166e-11  
0.271459 0.96245 1  4.59166e-11  
0.127614 0.991824 1  4.59166e-11  
1 4.59166e-11 1  4.59166e-11  
0.304136 0.952629 1  4.59166e-11  
0.132604 0.991169 1  4.59166e-11  
0.292153 0.956372 1  4.59166e-11  
0.168511 0.9857 1  4.59166e-11  
0.234012 0.972234 0.309014  0.951057  
0.265611 0.96408 0.309014  0.951057  
0.184428 0.982846 0.309014  0.951057  
0.283239 0.959049 0.309014  0.951057  
0.02247 0.999748 0.309014  0.951057  
0.0330301 0.999454 0.309014  0.951057  
0.236842 0.971548 0.309014  0.951057  
0.100802 0.994906 0.309014  0.951057  
0.222759 0.974874 0.309014  0.951057  
0.211632 0.97735 0.309014  0.951057  
0.0773512 0.997004 0.309014  0.951057  
0.0819722 0.996635 0.309014  0.951057  
0.122659 0.992449 0.309014  0.951057  
0.200648 0.979663 0.309014  0.951057  
0.309017 0.951057 0.309014  0.951057  
0.117743 0.993044 0.309014  0.951057  
0.295141 0.955454 0.309014  0.951057  
0.262702 0.964877 0.309014  0.951057  
0.217179 0.976132 0.309014  0.951057  
0.206123 0.978526 0.309014  0.951057  
0.150334 0.988635 0.309014  0.951057  
0.192501 0.981297 0.309014  0.951057  
0.197926 0.980217 0.309014  0.951057  
0.181746 0.983346 0.309014  0.951057  
0.120195 0.99275 0.309014  0.951057  
0.0866191 0.996241 0.309014  0.951057  
0.251131 0.967953 0.300823  0.95368  
0.110426 0.993884 0.2856  0.958349  
0.137618 0.990485 0.270552  0.962705  
0.103195 0.994661 0.255705  0.966755  
0.195207 0.980762 0.24108  0.970505  
0.0592151 0.998245 0.226649  0.973977  
0.189803 0.981822 0.212423  0.977178  
0.135107 0.990831 0.198403  0.980121  
0.145228 0.989398 0.184646  0.982805  
0.173784 0.984784 0.171075  0.985258  
0.298131 0.954525 0.157753  0.987479  
0.130103 0.9915 0.144658  0.989482  
0.280286 0.959917 0.131773  0.99128  
0.248256 0.968694 0.119091  0.992883  
0.228366 0.973575 0.10673  0.994288  
0.0912865 0.995825 0.0945367  0.995521  
0.0960451 0.995377 0.0825516  0.996587  
0.142688 0.989768 0.0708554  0.997487  
0.163275 0.986581 0.0593444  0.998238  
0.0727599 0.997349 0.0480473  0.998845  
0.068215 0.997671 0.0369935  0.999316  
0.0416222 0.999133 0.0261378  0.999658  
0.187111 0.982339 0.0155405  0.999879  
0.286205 0.958168 0.00512386  0.999987  
0.225557 0.97423 1  4.59166e-11  
0.165892 0.986144 9.05523e-05  1  
0.179085 0.983834 1  4.59166e-11  
0.242528 0.970144 1  4.59166e-11  
0.277336 0.960773 1  4.59166e-11  
0.289177 0.957276 1  4.59166e-11  
0.158076 0.987427 1  4.59166e-11  
0.140155 0.99013 1  4.59166e-11  
0.307149 0.951661 1  4.59166e-11  
0.160675 0.987007 1  4.59166e-11  
0.245382 0.969426 1  4.59166e-11  
0.115292 0.993332 1  4.59166e-11  
0.214405 0.976745 1  4.59166e-11  
0.155492 0.987837 1  4.59166e-11  
9.05523e-05 1 1  4.59166e-11  
0.0503549 0.998731 1  4.59166e-11  
0.20888 0.977941 1  4.59166e-11  
0.125127 0.992141 1  4.59166e-11  
0.0287734 0.999586 1  4.59166e-11  
0.268522 0.963274 1  4.59166e-11  
0.15291 0.98824 1  4.59166e-11  
0.11286 0.993611 1  4.59166e-11  
0.045974 0.998943 1  4.59166e-11  
0.254011 0.967201 1  4.59166e-11  
0.301131 0.953583 1  4.59166e-11  
0.105587 0.99441 1  4.59166e-11  
0.219967 0.975507 1  4.59166e-11  
0.171145 0.985246 1  4.59166e-11  
0.147784 0.98902 1  4.59166e-11  
0.0984173 0.995145 1  4.59166e-11  
0.0936777 0.995603 1  4.59166e-11  
0.176433 0.984313 1  4.59166e-11  
0.108005 0.99415 1  4.59166e-11  
0.259798 0.965663 1  4.59166e-11  
0.203387 0.979098 1  4.59166e-11  
0.0547567 0.9985 1  4.59166e-11  
0.239682 0.970851 1  4.59166e-11  
0.0373169 0.999303 1  4.59166e-11  
0.274393 0.961618 1  4.59166e-11  
0.0637002 0.997969 1  4.59166e-11  
0.181754 0.983344 1  4.59166e-11  
0.231186 0.97291 1  4.59166e-11  
0.256899 0.966438 1  4.59166e-11  
0.271459 0.96245 1  4.59166e-11  
0.127614 0.991824 1  4.59166e-11  
1 4.59166e-11 1  4.59166e-11  
0.304136 0.952629 1  4.59166e-11  
0.132604 0.991169 1  4.59166e-11  
0.292153 0.956372 1  4.59166e-11  
0.168511 0.9857 1  4.59166e-11  
0.234012 0.972234 0.309014  0.951057  
0.265611 0.96408 0.309014  0.951057  
0.184428 0.982846 0.309014  0.951057  
0.283239 0.959049 0.309014  0.951057  
0.02247 0.999748 0.309014  0.951057  
0.0330301 0.999454 0.309014  0.951057  
0.236842 0.971548 0.309014  0.951057  
0.100802 0.994906 0.309014  0.951057  
0.222759 0.974874 0.309014  0.951057  
0.211632 0.97735 0.309014  0.951057  
0.0773512 0.997004 0.309014  0.951057  
0.0819722 0.996635 0.309014  0.951057  
0.122659 0.992449 0.309014  0.951057  
0.200648 0.979663 0.309014  0.951057  
0.309017 0.951057 0.309014  0.951057  
0.117743 0.993044 0.309014  0.951057  
0.0155405 0.999879 0.309014  0.951057  
0.262702 0.964877 0.309014  0.951057  
0.217183 0.976131 0.309014  0.951057  
0.206123 0.978526 0.309014  0.951057  
0.150334 0.988635 0.309014  0.951057  
0.192501 0.981297 0.309014  0.951057  
0.197926 0.980217 0.309014  0.951057  
0.295138 0.955455 0.309014  0.951057  
0.120195 0.99275 0.309014  0.951057  
0.0866191 0.996241 0.309014  0.951057  
0.251131 0.967953 0.300824  0.95368  
0.110426 0.993884 0.2856  0.958349  
0.137618 0.990485 0.270552  0.962705  
0.103195 0.994661 0.255705  0.966755  
0.195207 0.980762 0.24108  0.970505  
0.0592151 0.998245 0.226649  0.973977  
0.189803 0.981822 0.212423  0.977178  
0.135107 0.990831 0.198403  0.980121  
0.145228 0.989398 0.184646  0.982805  
0.173784 0.984784 0.171075  0.985258  
0.298131 0.954525 0.157753  0.987479  
0.130103 0.9915 0.144658  0.989482  
0.280286 0.959917 0.131773  0.99128  
0.248256 0.968694 0.119091  0.992883  
0.228366 0.973575 0.10673  0.994288  
0.0912865 0.995825 0.0945367  0.995521  
0.0960451 0.995377 0.0825664  0.996586  
0.142688 0.989768 0.0708554  0.997487  
0.163275 0.986581 0.05935  0.998237  
0.0727599 0.997349 0.0480473  0.998845  
0.068215 0.997671 0.0369935  0.999316  
0.0416222 0.999133 0.0261378  0.999658  
0.187111 0.982339 0.0155405  0.999879  
0.286205 0.958168 0.00512386  0.999987  
