0.229967  0.869759  0.554746  0.577613  0.994051  0.595331  0.799964  0.229967  0.869759  0.554746  0.577613  0.994051  0.595331  0.799964  
0.818785  0.629872  0.503554  0.746009  0.815564  0.995645  0.508042  0.818785  0.629872  0.503554  0.746009  0.815564  0.995645  0.508042  
0.699076  0.237078  0.39468  0.869749  0.235809  0.291846  0.60158  0.699076  0.237078  0.39468  0.869749  0.235809  0.291846  0.60158  
0.555316  0.00931555  0.0512251  0.302999  0.289915  0.194894  0.263854  0.555316  0.00931555  0.0512251  0.302999  0.289915  0.194894  0.263854  
0.669418  0.298318  0.85968  0.899385  0.168077  0.414426  0.476998  0.669418  0.298318  0.85968  0.899385  0.168077  0.414426  0.476998  
0.162128  0.00975645  0.276962  0.980912  0.639628  0.780515  0.726921  0.162128  0.00975645  0.276962  0.980912  0.639628  0.780515  0.726921  
0.455193  0.77616  0.234963  0.154268  0.0132384  0.629643  0.0240167  0.455193  0.77616  0.234963  0.154268  0.0132384  0.629643  0.0240167  
0.249048  0.921489  0.625597  0.804364  0.930804  0.676822  0.107363  0.249048  0.921489  0.625597  0.804364  0.930804  0.676822  0.107363  
0.22072  0.871716  0.371217  0.890138  0.170034  0.230896  0.789523  0.22072  0.871716  0.371217  0.890138  0.170034  0.230896  0.789523  
0.338111  0.645322  0.266521  0.500239  0.655079  0.543483  0.481151  0.338111  0.645322  0.266521  0.500239  0.655079  0.543483  0.481151  
0.294707  0.323998  0.208072  0.749899  0.100158  0.443034  0.904168  0.294707  0.323998  0.208072  0.749899  0.100158  0.443034  0.904168  
0.113397  0.0726773  0.928184  0.362444  0.994166  0.553781  0.166808  0.113397  0.0726773  0.928184  0.362444  0.994166  0.553781  0.166808  
0.924971  0.230603  0.274171  0.14569  0.102319  0.645387  0.0358284  0.924971  0.230603  0.274171  0.14569  0.102319  0.645387  0.0358284  
0.272353  0.876284  0.825352  0.610464  0.521606  0.0918725  0.110702  0.272353  0.876284  0.825352  0.610464  0.521606  0.0918725  0.110702  
0.176684  0.635355  0.591853  0.471391  0.959353  0.799925  0.22129  0.176684  0.635355  0.591853  0.471391  0.959353  0.799925  0.22129  
0.0595111  0.24296  0.125458  0.172908  0.315637  0.0536422  0.535352  0.0595111  0.24296  0.125458  0.172908  0.315637  0.0536422  0.535352  
0.309803  0.607423  0.70216  0.234774  0.838026  0.976331  0.380464  0.309803  0.607423  0.70216  0.234774  0.838026  0.976331  0.380464  
0.940345  0.621718  0.416293  0.212698  0.498002  0.241644  0.823162  0.940345  0.621718  0.416293  0.212698  0.498002  0.241644  0.823162  
0.0196074  0.333517  0.933865  0.196292  0.968872  0.525718  0.667683  0.0196074  0.333517  0.933865  0.196292  0.968872  0.525718  0.667683  
0.928225  0.325643  0.888973  0.987736  0.568603  0.0144309  0.160643  0.928225  0.325643  0.888973  0.987736  0.568603  0.0144309  0.160643  
0.88424  0.0680731  0.695996  0.194043  0.675496  0.398156  0.428816  0.88424  0.0680731  0.695996  0.194043  0.675496  0.398156  0.428816  
0.513522  0.374486  0.809281  0.453868  0.996204  0.225573  0.666566  0.513522  0.374486  0.809281  0.453868  0.996204  0.225573  0.666566  
0.494206  0.467217  0.489728  0.513813  0.800734  0.423592  0.710105  0.494206  0.467217  0.489728  0.513813  0.800734  0.423592  0.710105  
0.769605  0.94931  0.377788  0.69783  0.274953  0.266761  0.685566  0.769605  0.94931  0.377788  0.69783  0.274953  0.266761  0.685566  
0.843556  0.281192  0.846209  0.727796  0.349265  0.542205  0.921838  0.843556  0.281192  0.846209  0.727796  0.349265  0.542205  0.921838  
0.0247609  0.94036  0.350655  0.538283  0.314847  0.159935  0.992151  0.0247609  0.94036  0.350655  0.538283  0.314847  0.159935  0.992151  
0.311051  0.385508  0.658717  0.805257  0.852725  0.148445  0.31907  0.311051  0.385508  0.658717  0.805257  0.852725  0.148445  0.31907  
0.653459  0.572037  0.0291749  0.423065  0.521347  0.406963  0.120895  0.653459  0.572037  0.0291749  0.423065  0.521347  0.406963  0.120895  
0.796301  0.673723  0.80646  0.639857  0.954915  0.65267  0.367652  0.796301  0.673723  0.80646  0.639857  0.954915  0.65267  0.367652  
0.304179  0.194875  0.289491  0.32894  0.135235  0.640145  0.867223  0.304179  0.194875  0.289491  0.32894  0.135235  0.640145  0.867223  
0.450082  0.80008  0.859374  0.761132  0.185588  0.518091  0.566389  0.450082  0.80008  0.859374  0.761132  0.185588  0.518091  0.566389  
0.0383137  0.666536  0.885459  0.691773  0.238573  0.914634  0.114837  0.0383137  0.666536  0.885459  0.691773  0.238573  0.914634  0.114837  
0.759921  0.321596  0.235732  0.556221  0.99532  0.0421923  0.196078  0.759921  0.321596  0.235732  0.556221  0.99532  0.0421923  0.196078  
0.950234  0.694862  0.563731  0.254414  0.889737  0.853221  0.583354  0.950234  0.694862  0.563731  0.254414  0.889737  0.853221  0.583354  
0.0249715  0.493367  0.450577  0.475053  0.293447  0.309952  0.236185  0.0249715  0.493367  0.450577  0.475053  0.293447  0.309952  0.236185  
0.479035  0.828043  0.802574  0.517349  0.494579  0.688033  0.209122  0.479035  0.828043  0.802574  0.517349  0.494579  0.688033  0.209122  
0.733152  0.602667  0.323959  0.493072  0.924264  0.559691  0.0492939  0.733152  0.602667  0.323959  0.493072  0.924264  0.559691  0.0492939  
0.919583  0.601883  0.245372  0.869818  0.296745  0.809103  0.124231  0.919583  0.601883  0.245372  0.869818  0.296745  0.809103  0.124231  
0.186482  0.662324  0.707585  0.211453  0.155691  0.158162  0.686506  0.186482  0.662324  0.707585  0.211453  0.155691  0.158162  0.686506  
0.449138  0.468113  0.922692  0.928173  0.296156  0.725266  0.445522  0.449138  0.468113  0.922692  0.928173  0.296156  0.725266  0.445522  
0.790735  0.413299  0.654644  0.523887  0.0159663  0.978603  0.0169592  0.790735  0.413299  0.654644  0.523887  0.0159663  0.978603  0.0169592  
0.94023  0.538294  0.066253  0.859813  0.140177  0.311625  0.729631  0.94023  0.538294  0.066253  0.859813  0.140177  0.311625  0.729631  
0.436923  0.120728  0.853862  0.623405  0.783053  0.561447  0.834858  0.436923  0.120728  0.853862  0.623405  0.783053  0.561447  0.834858  
0.938743  0.719608  0.521364  0.387881  0.187722  0.444056  0.316055  0.938743  0.719608  0.521364  0.387881  0.187722  0.444056  0.316055  
0.483878  0.169322  0.761577  0.274613  0.582621  0.416221  0.798499  0.483878  0.169322  0.761577  0.274613  0.582621  0.416221  0.798499  
0.598587  0.394824  0.815459  0.538817  0.933118  0.881712  0.39863  0.598587  0.394824  0.815459  0.538817  0.933118  0.881712  0.39863  
0.0732957  0.193337  0.128261  0.510218  0.314065  0.982123  0.133623  0.0732957  0.193337  0.128261  0.510218  0.314065  0.982123  0.133623  
0.0971175  0.54357  0.968481  0.035861  0.263178  0.489845  0.423742  0.0971175  0.54357  0.968481  0.035861  0.263178  0.489845  0.423742  
0.4509  0.933901  0.739797  0.934777  0.103223  0.501374  0.20939  0.4509  0.933901  0.739797  0.934777  0.103223  0.501374  0.20939  
0.685843  0.917594  0.00788946  0.28443  0.312418  0.823348  0.823247  0.685843  0.917594  0.00788946  0.28443  0.312418  0.823348  0.823247  
0.245537  0.70506  0.221878  0.318832  0.898397  0.350139  0.829051  0.245537  0.70506  0.221878  0.318832  0.898397  0.350139  0.829051  
0.212462  0.332262  0.962674  0.309579  0.875831  0.931155  0.34544  0.212462  0.332262  0.962674  0.309579  0.875831  0.931155  0.34544  
0.139009  0.421  0.769182  0.589909  0.354901  0.508979  0.524686  0.139009  0.421  0.769182  0.589909  0.354901  0.508979  0.524686  
0.458124  0.0103528  0.734076  0.143967  0.927947  0.741965  0.428397  0.458124  0.0103528  0.734076  0.143967  0.927947  0.741965  0.428397  
0.240366  0.565314  0.251645  0.485902  0.270373  0.473522  0.804735  0.240366  0.565314  0.251645  0.485902  0.270373  0.473522  0.804735  
0.16877  0.823661  0.633786  0.381231  0.155923  0.59646  0.69081  0.16877  0.823661  0.633786  0.381231  0.155923  0.59646  0.69081  
0.031754  0.527615  0.0362503  0.170763  0.948615  0.805433  0.760672  0.031754  0.527615  0.0362503  0.170763  0.948615  0.805433  0.760672  
0.303516  0.314412  0.285358  0.76164  0.324765  0.0194338  0.905607  0.303516  0.314412  0.285358  0.76164  0.324765  0.0194338  0.905607  
0.252712  0.761399  0.334004  0.493078  0.326713  0.585649  0.97898  0.252712  0.761399  0.334004  0.493078  0.326713  0.585649  0.97898  
0.597086  0.0591708  0.783715  0.765856  0.882832  0.417501  0.147087  0.597086  0.0591708  0.783715  0.765856  0.882832  0.417501  0.147087  
0.0387546  0.0139602  0.837897  0.0705086  0.541575  0.874148  0.241272  0.0387546  0.0139602  0.837897  0.0705086  0.541575  0.874148  0.241272  
0.490189  0.67958  0.00194358  0.793705  0.993992  0.287301  0.555345  0.490189  0.67958  0.00194358  0.793705  0.993992  0.287301  0.555345  
0.318757  0.306735  0.460951  0.571468  0.0681344  0.794955  0.064546  0.318757  0.306735  0.460951  0.571468  0.0681344  0.794955  0.064546  
0.394847  0.380604  0.043526  0.991933  0.439775  0.827241  0.757789  0.394847  0.380604  0.043526  0.991933  0.439775  0.827241  0.757789  
0.322606  0.244742  0.904876  0.361361  0.258702  0.742774  0.43187  0.322606  0.244742  0.904876  0.361361  0.258702  0.742774  0.43187  
0.800277  0.616921  0.673141  0.290466  0.296501  0.675085  0.0841712  0.800277  0.616921  0.673141  0.290466  0.296501  0.675085  0.0841712  
0.290493  0.962386  0.639516  0.60925  0.269122  0.100467  0.180718  0.290493  0.962386  0.639516  0.60925  0.269122  0.100467  0.180718  
0.337256  0.895422  0.245264  0.732103  0.276026  0.28879  0.724037  0.337256  0.895422  0.245264  0.732103  0.276026  0.28879  0.724037  
0.715801  0.116031  0.481826  0.038407  0.360773  0.386702  0.399768  0.715801  0.116031  0.481826  0.038407  0.360773  0.386702  0.399768  
0.619474  0.129475  0.831638  0.419751  0.746396  0.504779  0.710217  0.619474  0.129475  0.831638  0.419751  0.746396  0.504779  0.710217  
0.0428978  0.179864  0.794388  0.333391  0.142251  0.433904  0.942641  0.0428978  0.179864  0.794388  0.333391  0.142251  0.433904  0.942641  
0.411372  0.534371  0.123359  0.748628  0.429794  0.368623  0.480731  0.411372  0.534371  0.123359  0.748628  0.429794  0.368623  0.480731  
0.70582  0.657413  0.204768  0.42162  0.773444  0.686594  0.460027  0.70582  0.657413  0.204768  0.42162  0.773444  0.686594  0.460027  
0.134217  0.0732954  0.859795  0.753691  0.202771  0.691433  0.173442  0.134217  0.0732954  0.859795  0.753691  0.202771  0.691433  0.173442  
0.949167  0.196212  0.883659  0.992065  0.376076  0.678047  0.325456  0.949167  0.196212  0.883659  0.992065  0.376076  0.678047  0.325456  
0.518327  0.111951  0.268097  0.929699  0.646322  0.391456  0.678327  0.518327  0.111951  0.268097  0.929699  0.646322  0.391456  0.678327  
0.0761161  0.760079  0.159058  0.781936  0.417492  0.363826  0.203556  0.0761161  0.760079  0.159058  0.781936  0.417492  0.363826  0.203556  
0.190936  0.0504199  0.663583  0.325153  0.123715  0.523379  0.0788441  0.190936  0.0504199  0.663583  0.325153  0.123715  0.523379  0.0788441  
0.326486  0.214812  0.252286  0.275653  0.411024  0.135946  0.267718  0.326486  0.214812  0.252286  0.275653  0.411024  0.135946  0.267718  
0.7871  0.813993  0.593174  0.305427  0.925944  0.861271  0.235126  0.7871  0.813993  0.593174  0.305427  0.925944  0.861271  0.235126  
0.572266  0.252726  0.913453  0.648382  0.0128048  0.0725116  0.430318  0.572266  0.252726  0.913453  0.648382  0.0128048  0.0725116  0.430318  
0.430297  0.436338  0.633874  0.621232  0.486758  0.297458  0.946385  0.430297  0.436338  0.633874  0.621232  0.486758  0.297458  0.946385  
0.610473  0.820836  0.0252293  0.936959  0.0356481  0.277516  0.212612  0.610473  0.820836  0.0252293  0.936959  0.0356481  0.277516  0.212612  
0.446672  0.413461  0.48033  0.233772  0.227454  0.073504  0.539199  0.446672  0.413461  0.48033  0.233772  0.227454  0.073504  0.539199  
0.153398  0.934775  0.774325  0.725664  0.187501  0.687778  0.374047  0.153398  0.934775  0.774325  0.725664  0.187501  0.687778  0.374047  
0.200306  0.76029  0.804365  0.630602  0.196628  0.438239  0.251835  0.200306  0.76029  0.804365  0.630602  0.196628  0.438239  0.251835  
0.683386  0.735697  0.19822  0.293859  0.556533  0.223449  0.230818  0.683386  0.735697  0.19822  0.293859  0.556533  0.223449  0.230818  
0.592181  0.500965  0.443431  0.0388532  0.914426  0.923761  0.272625  0.592181  0.500965  0.443431  0.0388532  0.914426  0.923761  0.272625  
0.14188  0.997265  0.811825  0.295278  0.93204  0.58615  0.0209417  0.14188  0.997265  0.811825  0.295278  0.93204  0.58615  0.0209417  
0.11954  0.273928  0.394988  0.319846  0.0342182  0.199353  0.950448  0.11954  0.273928  0.394988  0.319846  0.0342182  0.199353  0.950448  
0.230846  0.637592  0.202282  0.914232  0.373289  0.400502  0.208091  0.230846  0.637592  0.202282  0.914232  0.373289  0.400502  0.208091  
0.929822  0.623951  0.43891  0.522004  0.124916  0.882341  0.560857  0.929822  0.623951  0.43891  0.522004  0.124916  0.882341  0.560857  
0.0393418  0.806101  0.833482  0.181222  0.803366  0.645307  0.476499  0.0393418  0.806101  0.833482  0.181222  0.803366  0.645307  0.476499  
0.735406  0.231457  0.497441  0.854946  0.505385  0.892429  0.174792  0.735406  0.231457  0.497441  0.854946  0.505385  0.892429  0.174792  
0.539603  0.0917824  0.12524  0.770449  0.729375  0.327522  0.684681  0.539603  0.0917824  0.12524  0.770449  0.729375  0.327522  0.684681  
0.102664  0.728024  0.892773  0.0324862  0.351976  0.331683  0.55449  0.102664  0.728024  0.892773  0.0324862  0.351976  0.331683  0.55449  
0.476892  0.214023  0.115347  0.516233  0.0201245  0.948829  0.697455  0.476892  0.214023  0.115347  0.516233  0.0201245  0.948829  0.697455  
0.823491  0.594136  0.173954  0.558897  0.825592  0.671395  0.413843  0.823491  0.594136  0.173954  0.558897  0.825592  0.671395  0.413843  
0.330977  0.563824  0.588635  0.87058  0.655607  0.713875  0.641029  0.330977  0.563824  0.588635  0.87058  0.655607  0.713875  0.641029  
0.384981  0.0413968  0.32571  0.487645  0.769421  0.218483  0.520132  0.384981  0.0413968  0.32571  0.487645  0.769421  0.218483  0.520132  
