0.03131  0.99951  
1.19441  2.13414  
2.21233  0.665838  
1.85768  1.40364  
1.95329  1.84761  
2.1771  1.10612  
1.92103  1.68052  
1.53794  1.94085  
2.5904  0.782706  
0.0710976  0.997469  
2.33741  0.475057  
1.13296  2.3224  
2.25336  0.286034  
1.89457  1.68253  
1.84132  1.73198  
2.69505  0.575553  
2.05492  1.26383  
1.8914  1.66699  
1.21875  1.81294  
2.49155  0.398689  
2.2927  1.0006  
1.96033  1.54283  
2.05562  1.27352  
1.1008  1.56151  
2.20351  1.13041  
2.24942  0.89421  
1.93556  2.05794  
1.34234  1.60148  
0.194953  0.980813  
2.36758  0.710597  
2.48432  0.0741843  
1.30525  1.9079  
1.0843  1.92699  
1.30695  2.12382  
0.988643  2.45725  
2.50751  0.120578  
1.48419  1.76507  
1.20399  2.16964  
2.43723  1.37033  
2.1345  0.958331  
1.40485  2.1297  
2.28194  1.0525  
1.29843  1.9435  
2.02333  1.73436  
1.80702  1.81305  
0.188748  0.982026  
2.54225  0.625024  
2.17883  0.871319  
0.257621  0.966246  
0.945591  2.43784  
2.5052  0.770294  
1.59517  1.78037  
0.285543  0.958366  
1.17853  2.17411  
1.69524  1.48317  
1.81114  1.48521  
0.819504  2.27951  
2.46969  0.240997  
2.44061  1.46924  
1.97278  1.37813  
2.37898  0.467291  
0.0274013  0.999625  
1.74875  1.75522  
2.14452  1.89492  
2.59082  0.142118  
0.284116  0.95879  
2.41191  0.74819  
2.396  0.836349  
2.27031  0.188197  
1.91361  1.4878  
2.06168  1.16968  
2.51838  0.761382  
0.151441  0.988466  
1.55225  2.22263  
0.215421  0.976521  
1.31528  1.99555  
2.52182  0.0655246  
2.5318  0.726721  
1.77116  1.53545  
2.37643  0.770708  
1.23175  2.27476  
0.927718  2.42284  
1.20911  2.07643  
1.36817  2.37864  
0.179958  0.983674  
1.83119  1.86598  
1.64736  1.90954  
1.57342  2.21873  
0.170637  0.985334  
0.750253  2.06731  
0.0510761  0.998695  
2.30741  0.696288  
2.34057  0.106819  
0.90601  2.14149  
0.2707  0.962664  
0.227555  0.973765  
2.48683  0.494697  
1.58173  2.19355  
1.82461  1.38871  
1.56183  2.05006  
0.284116  0.95879  
0.945591  2.43784  
1.55024  2.21974  
2.1345  0.958331  
1.0843  1.92699  
0.194953  0.980813  
2.28194  1.0525  
1.30525  1.9079  
2.02333  1.73436  
1.40485  2.1297  
1.85768  1.40364  
1.97539  1.37995  
2.24942  0.89421  
1.3473  2.0652  
2.20351  1.13041  
1.1991  2.22071  
1.1008  1.56151  
1.01449  1.82842  
2.05562  1.27352  
1.97539  1.37995  
2.5318  0.726721  
1.48107  1.70664  
1.69524  1.48317  
1.9519  1.73344  
1.81114  1.48521  
2.34017  1.20052  
0.819504  2.27951  
1.90735  1.78434  
2.46969  0.240997  
1.22216  2.11201  
2.44061  1.46924  
1.55706  1.36586  
1.97278  1.37813  
0.981227  2.36055  
2.37898  0.467291  
1.61922  2.12728  
0.0274013  0.999625  
2.52182  0.0655246  
1.74875  1.75522  
0.159069  0.987268  
2.14452  1.89492  
1.85768  1.40364  
2.59082  0.142118  
1.81766  1.59028  
0.284116  0.95879  
1.06468  1.89212  
2.41191  0.74819  
2.52182  0.0655246  
2.396  0.836349  
2.15655  0.968231  
2.27031  0.188197  
0.2707  0.962664  
2.06168  1.16968  
0.218927  0.975741  
2.51838  0.761382  
1.57133  2.17913  
0.928274  2.42429  
0.0710976  0.997469  
1.32549  1.93748  
1.93151  2.05364  
1.91361  1.4878  
9.82032e-05  1  
0.284116  0.95879  
1.29843  1.9435  
1.59026  2.20538  
0.215421  0.976521  
2.396  0.836349  
1.40183  2.12512  
1.80702  1.81305  
1.62235  1.88055  
1.19247  2.13068  
0.285543  0.958366  
2.52182  0.0655246  
2.02333  1.73436  
1.81606  1.71019  
1.31528  1.99555  
2.396  0.836349  
1.55225  2.22263  
0.948701  2.299  
0.151441  0.988466  
1.80702  1.81305  
0.188748  0.982026  
2.54225  0.625024  
2.17883  0.871319  
0.257621  0.966246  
0.945591  2.43784  
2.5052  0.770294  
1.59517  1.78037  
0.285543  0.958366  
1.17853  2.17411  
0.981099  2.4385  
1.8914  1.66699  
2.12929  1.09234  
1.21875  1.81294  
1.57342  2.21873  
2.49155  0.398689  
2.02333  1.73436  
2.2927  1.0006  
1.96033  1.54283  
1.34234  1.60148  
1.34749  2.0655  
2.52702  0.0512055  
1.50841  2.20117  
1.8478  1.43573  
2.38592  0.232823  
2.51477  0.0653415  
2.34197  0.0559545  
0.273005  0.962013  
1.5967  1.84162  
0.0902779  0.995917  
2.24942  0.89421  
1.3473  2.0652  
2.20351  1.13041  
1.1991  2.22071  
1.1008  1.56151  
1.01449  1.82842  
2.05562  1.27352  
1.97539  1.37995  
2.5318  0.726721  
1.96033  1.54283  
1.34234  1.60148  
1.48107  1.70664  
1.69524  1.48317  
1.9519  1.73344  
1.81114  1.48521  
2.34017  1.20052  
0.819504  2.27951  
1.90735  1.78434  
2.46969  0.240997  
1.22216  2.11201  
2.44061  1.46924  
1.55706  1.36586  
1.97278  1.37813  
0.981227  2.36055  
2.37898  0.467291  
1.61922  2.12728  
0.0274013  0.999625  
2.52182  0.0655246  
1.74875  1.75522  
1.85768  1.40364  
2.59082  0.142118  
1.81766  1.59028  
0.284116  0.95879  
1.06468  1.89212  
2.41191  0.74819  
2.52182  0.0655246  
2.396  0.836349  
2.15655  0.968231  
2.27031  0.188197  
1.93151  2.05364  
1.91361  1.4878  
0.2707  0.962664  
2.06168  1.16968  
0.218927  0.975741  
2.51838  0.761382  
0.948701  2.299  
0.151441  0.988466  
1.57133  2.17913  
0.928274  2.42429  
0.0710976  0.997469  
0.159069  0.987268  
2.14452  1.89492  
1.16544  2.14997  
9.82032e-05  1  
2.396  0.836349  
1.32549  1.93748  
1.40183  2.12512  
9.82032e-05  1  
1.80702  1.81305  
0.284116  0.95879  
1.62235  1.88055  
1.19247  2.13068  
0.285543  0.958366  
2.52182  0.0655246  
1.81606  1.71019  
1.31528  1.99555  
1.29843  1.9435  
1.59026  2.20538  
0.215421  0.976521  
2.396  0.836349  
1.55225  2.22263  
2.02333  1.73436  
1.80702  1.81305  
0.188748  0.982026  
2.54225  0.625024  
2.17883  0.871319  
0.257621  0.966246  
0.945591  2.43784  
2.5052  0.770294  
1.59517  1.78037  
0.285543  0.958366  
1.17853  2.17411  
0.981099  2.4385  
1.8914  1.66699  
2.12929  1.09234  
1.21875  1.81294  
1.57342  2.21873  
2.49155  0.398689  
2.02333  1.73436  
2.2927  1.0006  
2.55443  0.628019  
1.36424  2.21341  
1.50841  2.20117  
1.8478  1.43573  
2.38592  0.232823  
2.51477  0.0653415  
2.34197  0.0559545  
9.82032e-05  1  
1.16544  2.14997  
0.273005  0.962013  
1.81114  1.48521  
2.40563  0.959027  
2.24942  0.89421  
1.3473  2.0652  
2.20351  1.13041  
1.1991  2.22071  
1.1008  1.56151  
1.01449  1.82842  
2.05562  1.27352  
1.97539  1.37995  
2.5318  0.726721  
1.48107  1.70664  
1.69524  1.48317  
1.9519  1.73344  
1.81114  1.48521  
2.34017  1.20052  
0.819504  2.27951  
1.90735  1.78434  
2.46969  0.240997  
1.22216  2.11201  
2.44061  1.46924  
1.55706  1.36586  
1.97278  1.37813  
0.981227  2.36055  
2.37898  0.467291  
1.61922  2.12728  
0.0274013  0.999625  
2.52182  0.0655246  
1.74875  1.75522  
0.159069  0.987268  
2.14452  1.89492  
1.85768  1.40364  
2.59082  0.142118  
1.81766  1.59028  
0.284116  0.95879  
1.06468  1.89212  
2.41191  0.74819  
2.52182  0.0655246  
2.396  0.836349  
2.15655  0.968231  
2.27031  0.188197  
1.93151  2.05364  
1.91361  1.4878  
0.2707  0.962664  
2.06168  1.16968  
0.218927  0.975741  
2.51838  0.761382  
1.32549  1.93748  
1.57133  2.17913  
0.928274  2.42429  
0.0710976  0.997469  
2.396  0.836349  
1.40183  2.12512  
9.82032e-05  1  
1.80702  1.81305  
0.284116  0.95879  
1.62235  1.88055  
1.19247  2.13068  
0.285543  0.958366  
2.52182  0.0655246  
2.02333  1.73436  
1.81606  1.71019  
1.31528  1.99555  
1.29843  1.9435  
1.59026  2.20538  
0.215421  0.976521  
2.396  0.836349  
1.55225  2.22263  
0.948701  2.299  
0.151441  0.988466  
1.80702  1.81305  
0.188748  0.982026  
2.54225  0.625024  
2.17883  0.871319  
0.257621  0.966246  
0.945591  2.43784  
2.5052  0.770294  
1.59517  1.78037  
0.285543  0.958366  
1.17853  2.17411  
0.981099  2.4385  
1.8914  1.66699  
2.12929  1.09234  
1.21875  1.81294  
1.57342  2.21873  
2.49155  0.398689  
2.02333  1.73436  
2.2927  1.0006  
1.96033  1.54283  
1.34234  1.60148  
1.28122  2.34048  
2.56002  0.828731  
2.11563  1.08926  
0.159069  0.987268  
2.52434  0.0655902  
2.38592  0.232823  
2.51477  0.0653415  
2.34197  0.0559545  
0.273005  0.962013  
1.83325  1.42532  
1.18059  2.17791  
2.24942  0.89421  
1.3473  2.0652  
2.20351  1.13041  
1.1991  2.22071  
1.1008  1.56151  
1.01449  1.82842  
2.05562  1.27352  
1.97539  1.37995  
2.5318  0.726721  
1.48107  1.70664  
1.69524  1.48317  
1.9519  1.73344  
1.81114  1.48521  
2.34017  1.20052  
0.819504  2.27951  
1.90735  1.78434  
2.46969  0.240997  
1.22216  2.11201  
2.44061  1.46924  
1.55706  1.36586  
1.97278  1.37813  
0.981227  2.36055  
2.37898  0.467291  
1.61922  2.12728  
0.0274013  0.999625  
2.52182  0.0655246  
1.74875  1.75522  
1.85768  1.40364  
2.59082  0.142118  
1.81766  1.59028  
0.284116  0.95879  
1.06468  1.89212  
2.41191  0.74819  
2.52182  0.0655246  
2.396  0.836349  
2.15655  0.968231  
2.27031  0.188197  
1.93151  2.05364  
1.91361  1.4878  
0.2707  0.962664  
2.06168  1.16968  
0.218927  0.975741  
2.51838  0.761382  
1.32549  1.93748  
1.57133  2.17913  
0.928274  2.42429  
0.0710976  0.997469  
0.159069  0.987268  
2.14452  1.89492  
1.16544  2.14997  
9.82032e-05  1  
2.396  0.836349  
1.40183  2.12512  
1.80702  1.81305  
0.284116  0.95879  
1.62235  1.88055  
1.19247  2.13068  
0.285543  0.958366  
2.52182  0.0655246  
2.02333  1.73436  
1.81606  1.71019  
1.31528  1.99555  
1.29843  1.9435  
1.59026  2.20538  
0.215421  0.976521  
2.396  0.836349  
1.55225  2.22263  
0.948701  2.299  
0.151441  0.988466  
1.80702  1.81305  
0.188748  0.982026  
2.54225  0.625024  
2.17883  0.871319  
0.257621  0.966246  
0.945591  2.43784  
2.5052  0.770294  
1.59517  1.78037  
0.285543  0.958366  
1.17853  2.17411  
0.981099  2.4385  
1.8914  1.66699  
2.12929  1.09234  
1.21875  1.81294  
1.57342  2.21873  
2.49155  0.398689  
2.02333  1.73436  
2.2927  1.0006  
1.96033  1.54283  
1.34234  1.60148  
0.188748  0.982026  
0.0710976  0.997469  
0.218927  0.975741  
0.257621  0.966246  
0.269945  0.962876  
0.2707  0.962664  
0.188748  0.982026  
0.0710976  0.997469  
0.188748  0.982026  
0.159069  0.987268  
0.257621  0.966246  
0.269945  0.962876  
0.285543  0.958366  
0.0710976  0.997469  
0.284116  0.95879  
0.273005  0.962013  
0.0832883  0.996525  
0.215421  0.976521  
0.0710976  0.997469  
0.260503  0.965473  
0.2707  0.962664  
0.026403  0.999651  
0.247774  0.968818  
0.220181  0.975459  
0.258106  0.966117  
0.215421  0.976521  
9.82032e-05  1  
0.234694  0.972069  
0.257218  0.966353  
0.186059  0.982539  
0.159069  0.987268  
0.0832883  0.996525  
0.276167  0.96111  
0.186059  0.982539  
0.233489  0.972359  
0.238169  0.971224  
0.285543  0.958366  
0.194428  0.980917  
0.151441  0.988466  
0.247774  0.968818  
0.0710976  0.997469  
9.82032e-05  1  
0.166383  0.986061  
0.285543  0.958366  
2.1465  0.20946  
2.3495  0.054446  
0.0177172  0.999843  
0.151441  0.988466  
0.168611  0.985683  
2.32632  0.0555808  
2.15463  0.180165  
9.95202e-05  1  
0.237635  0.971355  
0.273005  0.962013  
0.188748  0.982026  
0.284116  0.95879  
0.219019  0.975721  
0.284116  0.95879  
9.95202e-05  1  
2.0795  0.917258  
0.2707  0.962664  
0.188748  0.982026  
0.0274013  0.999625  
0.0832883  0.996525  
2.27423  0.0836952  
0.214211  0.976787  
0.260363  0.965511  
2.36293  0.0501962  
0.218927  0.975741  
0.188748  0.982026  
0.0710976  0.997469  
0.218927  0.975741  
0.2707  0.962664  
0.2707  0.962664  
0.215421  0.976521  
0.2707  0.962664  
0.151441  0.988466  
0.218927  0.975741  
0.2707  0.962664  
9.82032e-05  1  
0.284116  0.95879  
0.285543  0.958366  
0.285543  0.958366  
0.285543  0.958366  
0.2707  0.962664  
0.159069  0.987268  
0.285543  0.958366  
9.82032e-05  1  
0.2707  0.962664  
0.218927  0.975741  
0.159069  0.987268  
0.285148  0.958483  
0.218927  0.975741  
0.0832883  0.996525  
0.218927  0.975741  
0.285543  0.958366  
0.284116  0.95879  
0.285543  0.958366  
0.2707  0.962664  
2.34885  0.0548614  
0.103192  0.994662  
0.110432  0.993884  
0.115294  0.993331  
0.122658  0.992449  
0.0727647  0.997349  
0.127612  0.991824  
0.137629  0.990484  
0.142689  0.989768  
0.0866287  0.996241  
0.0796595  0.996822  
0.147782  0.98902  
0.0936761  0.995603  
0.160676  0.987007  
0.0547613  0.998499  
0.165893  0.986144  
0.132603  0.991169  
0.105599  0.994409  
0.181756  0.983344  
0.0459758  0.998943  
0.265611  0.96408  
0.22276  0.974873  
0.21164  0.977348  
0.28028  0.959918  
0.277336  0.960773  
0.120198  0.99275  
0.225557  0.97423  
0.145231  0.989398  
0.304136  0.952629  
0.140154  0.99013  
0.179089  0.983833  
0.283246  0.959047  
0.239685  0.970851  
0.130104  0.9915  
0.19521  0.980761  
0.100805  0.994906  
0.125134  0.99214  
0.292149  0.956373  
0.0682109  0.997671  
0.271461  0.96245  
0.217184  0.976131  
0.187112  0.982339  
0.135114  0.99083  
0.251131  0.967953  
9.95202e-05  1  
0.289177  0.957276  
0.208877  0.977942  
0.30901  0.951059  
0.171147  0.985246  
0.0750542  0.997179  
0.94869  0.40622  
0.155491  0.987837  
0.203389  0.979098  
0.152914  0.988239  
1.15004  4.78312e-08  
0.242535  0.970143  
0.259796  0.965664  
0.0889712  0.996034  
0.214406  0.976745  
0.231189  0.972909  
0.16328  0.98658  
0.0592001  0.998246  
0.0394701  0.999221  
0.245392  0.969424  
0.298131  0.954525  
0.307149  0.951661  
0.0266835  0.999644  
0.25401  0.967202  
0.0503545  0.998731  
0.158075  0.987427  
0.08197  0.996635  
0.236843  0.971548  
0.108011  0.99415  
0.295141  0.955454  
0.0960413  0.995377  
0.219966  0.975507  
0.200653  0.979662  
0.262699  0.964878  
0.192504  0.981296  
0.301128  0.953584  
0.184429  0.982846  
0.286203  0.958169  
0.117739  0.993045  
0.176431  0.984313  
0.274394  0.961617  
0.268533  0.96327  
0.033038  0.999454  
0.112859  0.993611  
0.168512  0.9857  
0.173779  0.984785  
0.256898  0.966439  
0.248258  0.968694  
0.150344  0.988634  
0.234012  0.972234  
0.228363  0.973576  
0.206129  0.978525  
0.0984211  0.995145  
0.0183183  0.999832  
0.197927  0.980217  
0.189798  0.981823  
0.0636943  0.997969  
0.0984211  0.995145  
0.103199  0.994661  
0.115296  0.993331  
0.122662  0.992449  
0.0727661  0.997349  
0.127616  0.991824  
0.132603  0.991169  
0.0796595  0.996822  
0.137629  0.990484  
0.142689  0.989768  
0.147783  0.98902  
0.155493  0.987837  
0.0936761  0.995603  
0.160676  0.987007  
0.165893  0.986144  
0.173782  0.984784  
0.105599  0.994409  
0.181756  0.983344  
0.0459765  0.998943  
0.0866298  0.996241  
0.0960419  0.995377  
0.21164  0.977348  
0.236844  0.971548  
0.145231  0.989398  
0.265613  0.96408  
0.304138  0.952628  
0.17909  0.983833  
0.239685  0.970851  
0.25401  0.967202  
0.195211  0.980761  
0.135114  0.99083  
0.16328  0.98658  
0.234012  0.972234  
0.289177  0.957276  
0.125134  0.99214  
0.225561  0.974229  
0.0750542  0.997179  
0.271461  0.96245  
0.292155  0.956371  
0.0394701  0.999221  
0.187112  0.982339  
0.219966  0.975507  
0.277337  0.960773  
0.231188  0.972909  
0.203389  0.979098  
0.274394  0.961617  
0.283241  0.959049  
0.117743  0.993044  
0.309017  0.951057  
9.97387e-05  1  
0.152914  0.988239  
0.100805  0.994906  
1.15004  4.58989e-08  
0.0889704  0.996034  
0.295141  0.955454  
0.217183  0.976131  
0.171147  0.985246  
0.206129  0.978525  
0.11286  0.993611  
0.150344  0.988634  
0.245392  0.969424  
0.298131  0.954525  
0.0592176  0.998245  
0.286203  0.958169  
0.0266835  0.999644  
0.0503545  0.998731  
0.120198  0.99275  
0.208881  0.977941  
0.158079  0.987426  
0.0547635  0.998499  
0.251131  0.967953  
0.068217  0.997671  
0.0819742  0.996634  
0.214406  0.976745  
0.108011  0.99415  
0.140154  0.99013  
0.22276  0.974873  
0.130106  0.9915  
0.200653  0.979662  
0.307149  0.951661  
0.259797  0.965663  
0.192502  0.981297  
0.301131  0.953583  
0.242535  0.970143  
0.184429  0.982846  
0.280285  0.959917  
0.197928  0.980217  
0.176433  0.984313  
0.268532  0.963271  
0.168513  0.985699  
0.262699  0.964878  
0.256898  0.966438  
0.033038  0.999454  
0.248258  0.968694  
0.228365  0.973575  
0.931613  0.398908  
0.018324  0.999832  
0.189799  0.981823  
0.110432  0.993884  
0.0636943  0.997969  
0.0984211  0.995145  
0.103199  0.994661  
0.110432  0.993884  
0.115296  0.993331  
0.122662  0.992448  
0.127616  0.991824  
0.132605  0.991169  
0.137629  0.990484  
0.14269  0.989767  
0.0866298  0.996241  
0.147783  0.98902  
0.155493  0.987837  
0.0936782  0.995603  
0.160676  0.987007  
0.165893  0.986144  
0.173782  0.984784  
0.105601  0.994409  
0.181755  0.983344  
0.0459765  0.998943  
0.21164  0.977348  
0.16328  0.98658  
0.145232  0.989398  
0.277337  0.960773  
0.203389  0.979098  
0.304138  0.952628  
0.239685  0.970851  
0.262699  0.964878  
0.25401  0.967202  
0.195212  0.980761  
0.100805  0.994906  
0.0750566  0.997179  
0.0796595  0.996822  
0.200653  0.979662  
0.0394701  0.999221  
0.27146  0.96245  
0.265613  0.96408  
0.208881  0.977941  
0.17909  0.983833  
0.217183  0.976131  
0.187112  0.982339  
0.125134  0.99214  
0.135114  0.99083  
0.309017  0.951057  
0.068217  0.997671  
0.259797  0.965663  
0.0592176  0.998245  
0.307149  0.951661  
9.97387e-05  1  
0.0889704  0.996034  
0.231187  0.972909  
0.292155  0.956371  
0.930267  0.398332  
0.219966  0.975507  
1.15004  4.58989e-08  
0.176433  0.984313  
0.171146  0.985246  
0.150344  0.988634  
0.225561  0.974229  
0.22276  0.974873  
0.283243  0.959048  
0.11286  0.993611  
0.245392  0.969424  
0.192502  0.981297  
0.298132  0.954525  
0.152914  0.988239  
0.120198  0.99275  
0.0266835  0.999644  
0.0503545  0.998731  
0.158079  0.987426  
0.251131  0.967953  
0.0819742  0.996634  
0.236844  0.971548  
0.214406  0.976745  
0.108011  0.99415  
0.140154  0.99013  
0.289177  0.957276  
0.130106  0.9915  
0.0330392  0.999454  
0.301131  0.953583  
0.295139  0.955454  
0.184429  0.982846  
0.0960451  0.995377  
0.286204  0.958169  
0.280285  0.959917  
0.197928  0.980217  
0.274394  0.961617  
0.268532  0.963271  
0.168515  0.985699  
0.248258  0.968694  
0.242535  0.970143  
0.256901  0.966438  
0.234012  0.972234  
0.0727661  0.997349  
0.228369  0.973575  
0.20613  0.978525  
0.0183258  0.999832  
0.117743  0.993044  
0.189803  0.981822  
0.0547697  0.998499  
0.0636943  0.997969  
0.0984146  0.995146  
0.110432  0.993884  
0.115296  0.993331  
0.122662  0.992448  
0.0727675  0.997349  
0.127616  0.991824  
0.132605  0.991169  
0.137629  0.990484  
0.14269  0.989767  
0.0866298  0.996241  
0.155493  0.987837  
0.0936782  0.995603  
0.160676  0.987007  
0.0547697  0.998499  
0.165893  0.986144  
0.105601  0.994409  
0.181755  0.983344  
0.0459765  0.998943  
0.21164  0.977348  
0.203387  0.979098  
0.277337  0.960773  
0.225559  0.97423  
0.17909  0.983833  
0.239685  0.970851  
0.25401  0.967202  
1.11516  4.22033e-08  
0.195212  0.980761  
0.16328  0.98658  
0.145233  0.989398  
0.100805  0.994906  
0.292155  0.956371  
0.187112  0.982339  
0.27146  0.96245  
0.147785  0.98902  
0.0394703  0.999221  
0.251131  0.967953  
0.217183  0.976131  
0.135114  0.99083  
0.0889704  0.996034  
0.256901  0.966438  
0.120199  0.99275  
9.97387e-05  1  
0.234012  0.972234  
0.0796595  0.996822  
0.298133  0.954524  
0.304137  0.952628  
0.125134  0.99214  
0.268532  0.963271  
0.929259  0.3979  
0.309017  0.951057  
0.11286  0.993611  
0.265613  0.96408  
0.259797  0.965663  
0.307149  0.951661  
0.103199  0.994661  
0.171146  0.985246  
0.283243  0.959048  
0.150344  0.988634  
0.0592176  0.998245  
0.236844  0.971548  
0.173785  0.984784  
0.245392  0.969424  
0.231187  0.972909  
0.0750566  0.997179  
0.152914  0.988239  
0.197928  0.980217  
0.0266835  0.999644  
0.0503545  0.998731  
0.168515  0.985699  
0.15808  0.987426  
0.214406  0.976745  
0.068217  0.997671  
0.108011  0.99415  
0.0819742  0.996634  
0.140154  0.99013  
0.22276  0.974873  
0.130106  0.9915  
0.248258  0.968694  
0.0960451  0.995377  
0.208881  0.977941  
0.200653  0.979662  
0.192502  0.981297  
0.301131  0.953583  
0.228369  0.973575  
0.295139  0.955454  
0.184429  0.982846  
0.286206  0.958168  
0.280286  0.959917  
0.176433  0.984313  
0.274394  0.961617  
0.20613  0.978525  
0.262702  0.964877  
0.242535  0.970143  
0.219967  0.975507  
0.0183258  0.999832  
0.289177  0.957276  
0.117743  0.993044  
0.189803  0.981822  
0.0330399  0.999454  
0.0636966  0.997969  
0.103199  0.994661  
0.110432  0.993884  
0.115297  0.993331  
0.122662  0.992448  
0.0727675  0.997349  
0.127616  0.991824  
0.132605  0.991169  
0.0796595  0.996822  
0.13763  0.990484  
0.14269  0.989767  
0.0866298  0.996241  
0.147785  0.98902  
0.155493  0.987837  
0.0936782  0.995603  
0.160676  0.987007  
0.0547697  0.998499  
0.165893  0.986144  
0.173785  0.984784  
0.105601  0.994409  
0.181755  0.983344  
0.0459765  0.998943  
0.21164  0.977348  
0.225559  0.97423  
0.304137  0.952628  
0.140154  0.99013  
0.239687  0.97085  
0.265614  0.964079  
0.214407  0.976744  
0.17909  0.983833  
0.150344  0.988634  
0.16328  0.98658  
0.231187  0.972909  
0.125134  0.99214  
0.20613  0.978525  
0.0984198  0.995145  
0.0394703  0.999221  
0.217183  0.976131  
0.27146  0.96245  
0.277337  0.960773  
0.187112  0.982339  
0.301131  0.953583  
0.289177  0.957276  
0.135114  0.99083  
0.309017  0.951057  
0.929259  0.3979  
0.292155  0.956371  
0.25401  0.967202  
0.0750566  0.997179  
0.0819742  0.996634  
0.203388  0.979098  
9.97387e-05  1  
0.11286  0.993611  
1.1  1.51743e-16  
0.100806  0.994906  
0.259797  0.965663  
0.0889704  0.996034  
0.171146  0.985246  
0.152914  0.988239  
0.0183258  0.999832  
0.283243  0.959048  
0.307149  0.951661  
0.0636998  0.997969  
0.245392  0.969424  
0.195212  0.980761  
0.0592176  0.998245  
0.298133  0.954524  
0.0266835  0.999644  
0.0503545  0.998731  
0.15808  0.987426  
0.251131  0.967953  
0.068217  0.997671  
0.168515  0.985699  
0.236844  0.971548  
0.108011  0.99415  
0.22276  0.974873  
0.130106  0.9915  
0.0960451  0.995377  
0.29514  0.955454  
0.208881  0.977941  
0.286206  0.958168  
0.200653  0.979662  
0.184429  0.982846  
0.192502  0.981297  
0.280286  0.959917  
0.176433  0.984313  
0.268532  0.963271  
0.117743  0.993044  
0.262702  0.964877  
0.120199  0.99275  
0.256901  0.966438  
0.248258  0.968694  
0.234012  0.972234  
0.242535  0.970143  
0.145233  0.989398  
0.228369  0.973575  
0.219967  0.975507  
0.0330399  0.999454  
0.274394  0.961617  
0.197928  0.980217  
0.189803  0.981822  
