0.251507  2.37955  
0.188771  2.53933  
0.661148  1.89898  
1.84826  0.742525  
0.515144  0.484856  
0.803436  1.55567  
0.265482  2.33636  
0.354806  2.24871  
0.205261  2.3941  
0.467559  0.532441  
1.42898  0.821439  
0.224899  2.325  
0.507388  0.492612  
2.29279  0.199831  
2.39356  0.16807  
0.554789  2.03481  
2.27377  0.27656  
0.729019  1.78379  
1.00358  1.74877  
2.08196  0.237002  
1.6524  0.916092  
1.82252  0.766977  
2.08265  0.382125  
0.540897  0.459103  
0.954378  1.56953  
2.56822  0.201356  
1.7209  0.665999  
0.190352  2.38758  
2.12214  0.386968  
0.769776  1.66862  
1.75493  0.640436  
2.42854  0.263232  
1.68173  0.940038  
0.521427  0.478573  
0.963251  1.50233  
0.520266  0.479734  
2.20299  0.220581  
0.792885  1.8406  
0.73322  1.35537  
0.673595  1.76271  
0.457895  0.542105  
0.46582  2.07972  
0.822287  1.54051  
0.557915  1.97157  
1.8195  0.696736  
2.17399  0.506314  
0.430183  0.569817  
0.131464  2.33572  
0.390462  1.90178  
2.17937  0.300262  
0.445269  0.554731  
0.473442  0.526558  
0.440003  0.559997  
0.516705  0.483295  
1.44382  0.902582  
1.76941  0.997555  
1.08085  1.637  
2.00041  0.527302  
0.918876  1.40081  
0.798647  1.81484  
0.753543  1.81824  
0.517593  0.482407  
0.503545  1.96311  
2.04319  0.303491  
0.513812  1.51716  
0.345903  2.06793  
0.426111  2.06809  
2.37219  0.00904081  
2.24986  0.115674  
2.08344  0.379378  
1.59499  0.851265  
0.859894  1.46922  
0.284047  1.89626  
0.165172  2.30043  
0.457496  0.542504  
0.169624  2.35312  
0.582998  1.83461  
0.593977  0.406023  
0.765027  1.48972  
2.42554  0.0920881  
0.50303  0.49697  
2.16677  0.28861  
1.69344  0.745123  
1.97836  0.145531  
0.480041  0.519959  
2.26236  0.192325  
2.48638  0.143189  
1.45733  0.816295  
1.7779  0.695379  
0.620523  1.83282  
0.491462  0.508538  
0.478644  0.521356  
0.710655  1.58042  
1.78423  0.744774  
0.668981  1.9807  
1.62112  0.56257  
1.76202  0.776271  
0.373777  1.95872  
0.418012  0.581988  
0.286665  2.40975  
1.65235  0.916065  
0.517593  0.482407  
0.729932  1.78602  
2.55096  0.146908  
1.68173  0.940038  
2.12214  0.386968  
0.46582  2.07972  
2.42854  0.263232  
0.558011  1.97191  
0.457895  0.542105  
0.473442  0.526558  
0.557915  1.97157  
2.56822  0.201356  
0.166663  2.31205  
0.954378  1.56953  
0.737985  1.71316  
0.540897  0.459103  
1.60557  0.784165  
2.08265  0.382125  
0.79564  1.80801  
0.593977  0.406023  
0.430183  0.569817  
1.44382  0.902582  
2.42468  0.21035  
1.76941  0.997555  
0.970809  1.59655  
1.08085  1.637  
1.69344  0.745123  
2.00041  0.527302  
2.39356  0.16807  
0.918876  1.40081  
0.965958  1.50655  
0.798647  1.81484  
0.558529  1.97374  
0.753543  1.81824  
1.45481  0.814879  
0.517593  0.482407  
0.582998  1.83461  
0.503545  1.96311  
1.90762  0.573894  
2.04319  0.303491  
1.85712  0.746086  
0.513812  1.51716  
1.4409  0.900753  
0.345903  2.06793  
1.67599  0.936831  
0.426111  2.06809  
0.661398  1.71823  
2.37219  0.00904081  
0.603597  1.91467  
2.24986  0.115674  
1.7264  0.645731  
2.08344  0.379378  
0.674776  1.99786  
1.59499  0.851265  
1.62623  0.564346  
0.859894  1.46922  
2.42353  0.262689  
2.11701  0.281982  
0.500343  0.499657  
0.390462  1.90178  
0.467559  0.532441  
0.354157  1.8559  
2.37219  0.00904081  
0.457895  0.542105  
1.8195  0.696736  
0.346609  2.07215  
2.55096  0.146908  
0.181734  2.44468  
0.440003  0.559997  
0.582998  1.83461  
0.557915  1.97157  
0.729836  1.78579  
0.169624  2.35312  
0.822287  1.54051  
0.373777  1.95872  
0.457496  0.542504  
2.37737  0.00385148  
0.165172  2.30043  
0.965887  1.50644  
0.284047  1.89626  
1.8195  0.696736  
2.17399  0.506314  
0.430183  0.569817  
0.131464  2.33572  
2.17937  0.300262  
0.445269  0.554731  
0.473442  0.526558  
0.440003  0.559997  
0.516705  0.483295  
0.945663  1.4749  
0.729019  1.78379  
0.993892  1.63451  
1.00358  1.74877  
1.6004  0.74086  
2.08196  0.237002  
0.557915  1.97157  
1.6524  0.916092  
1.82252  0.766977  
0.190352  2.38758  
1.00371  1.74899  
0.388763  1.89351  
2.37219  0.00904081  
1.85712  0.746086  
1.67687  0.937319  
0.564649  1.99537  
1.76939  0.997541  
0.388763  1.89351  
0.473442  0.526558  
2.56822  0.201356  
0.166663  2.31205  
0.954378  1.56953  
0.737985  1.71316  
0.540897  0.459103  
1.60557  0.784165  
2.08265  0.382125  
0.79564  1.80801  
0.593977  0.406023  
1.82252  0.766977  
0.190352  2.38758  
0.582998  1.83461  
0.430183  0.569817  
1.44382  0.902582  
2.42468  0.21035  
1.76941  0.997555  
0.970809  1.59655  
1.08085  1.637  
1.69344  0.745123  
2.00041  0.527302  
2.39356  0.16807  
0.918876  1.40081  
0.965958  1.50655  
0.798647  1.81484  
0.558529  1.97374  
0.753543  1.81824  
1.45481  0.814879  
0.517593  0.482407  
0.582998  1.83461  
0.503545  1.96311  
1.90762  0.573894  
2.04319  0.303491  
1.85712  0.746086  
0.513812  1.51716  
1.4409  0.900753  
0.345903  2.06793  
1.67599  0.936831  
0.426111  2.06809  
0.661398  1.71823  
2.37219  0.00904081  
0.603597  1.91467  
2.24986  0.115674  
1.7264  0.645731  
2.08344  0.379378  
0.674776  1.99786  
1.59499  0.851265  
1.62623  0.564346  
0.859894  1.46922  
0.354157  1.8559  
0.467559  0.532441  
2.42353  0.262689  
0.500343  0.499657  
0.169624  2.35312  
2.11701  0.281982  
2.37219  0.00904081  
0.457895  0.542105  
1.8195  0.696736  
0.346609  2.07215  
2.55096  0.146908  
0.181734  2.44468  
0.440003  0.559997  
0.729836  1.78579  
0.169624  2.35312  
0.822287  1.54051  
0.373777  1.95872  
0.457496  0.542504  
2.37737  0.00385148  
0.165172  2.30043  
0.965887  1.50644  
0.284047  1.89626  
0.557915  1.97157  
1.8195  0.696736  
2.17399  0.506314  
0.430183  0.569817  
0.131464  2.33572  
0.390462  1.90178  
2.17937  0.300262  
0.445269  0.554731  
0.473442  0.526558  
0.440003  0.559997  
0.516705  0.483295  
0.973137  1.60038  
1.84639  0.484502  
0.945663  1.4749  
0.729019  1.78379  
0.993892  1.63451  
1.00358  1.74877  
1.6004  0.74086  
2.08196  0.237002  
1.6524  0.916092  
0.557915  1.97157  
0.558529  1.97374  
0.500068  0.499932  
0.346154  2.06943  
0.500342  0.499658  
0.500071  0.499929  
0.588274  1.82186  
0.169624  2.35312  
0.500071  0.499929  
2.11701  0.281982  
0.42856  0.57144  
0.500071  0.499929  
1.05937  1.59365  
0.50088  0.49912  
1.08154  1.63806  
0.500342  0.499658  
0.50088  0.49912  
1.69429  0.745498  
0.285094  1.90325  
0.593977  0.406023  
1.82252  0.766977  
0.190352  2.38758  
0.582998  1.83461  
0.430183  0.569817  
1.44382  0.902582  
2.42468  0.21035  
1.76941  0.997555  
0.970809  1.59655  
1.08085  1.637  
1.69344  0.745123  
2.00041  0.527302  
2.39356  0.16807  
0.918876  1.40081  
0.965958  1.50655  
0.798647  1.81484  
0.558529  1.97374  
0.753543  1.81824  
1.45481  0.814879  
0.517593  0.482407  
0.582998  1.83461  
0.503545  1.96311  
1.90762  0.573894  
2.04319  0.303491  
1.85712  0.746086  
0.513812  1.51716  
1.4409  0.900753  
0.345903  2.06793  
1.67599  0.936831  
0.426111  2.06809  
0.661398  1.71823  
2.37219  0.00904081  
0.603597  1.91467  
2.24986  0.115674  
1.7264  0.645731  
2.08344  0.379378  
0.674776  1.99786  
1.59499  0.851265  
1.62623  0.564346  
0.859894  1.46922  
0.965887  1.50644  
0.284047  1.89626  
2.11701  0.281982  
2.37219  0.00904081  
2.37737  0.00385148  
0.165172  2.30043  
0.500342  0.499658  
0.354157  1.8559  
2.55096  0.146908  
0.467559  0.532441  
0.500342  0.499658  
0.390462  1.90178  
2.42353  0.262689  
0.500342  0.499658  
0.457895  0.542105  
1.8195  0.696736  
0.346609  2.07215  
0.181734  2.44468  
0.440003  0.559997  
0.729836  1.78579  
0.169624  2.35312  
0.373777  1.95872  
0.457496  0.542504  
0.822287  1.54051  
0.557915  1.97157  
1.8195  0.696736  
2.17399  0.506314  
0.430183  0.569817  
0.131464  2.33572  
2.17937  0.300262  
0.445269  0.554731  
0.473442  0.526558  
0.440003  0.559997  
0.516705  0.483295  
0.945663  1.4749  
0.729019  1.78379  
0.993892  1.63451  
1.00358  1.74877  
1.6004  0.74086  
2.08196  0.237002  
0.557915  1.97157  
1.6524  0.916092  
0.500299  0.499701  
0.500299  0.499701  
0.500299  0.499701  
0.500514  0.499486  
0.500299  0.499701  
2.204  0.293569  
0.593977  0.406023  
1.83094  0.770522  
0.500299  0.499701  
0.569905  2.01394  
0.500342  0.499658  
0.50088  0.49912  
1.69429  0.745498  
0.285094  1.90325  
0.593977  0.406023  
1.82252  0.766977  
0.190352  2.38758  
0.582998  1.83461  
1.6524  0.916092  
0.557915  1.97157  
1.69344  0.745123  
2.00041  0.527302  
2.39356  0.16807  
0.918876  1.40081  
0.965958  1.50655  
0.798647  1.81484  
1.45481  0.814879  
0.517593  0.482407  
1.90762  0.573894  
2.04319  0.303491  
1.4409  0.900753  
0.345903  2.06793  
1.67599  0.936831  
0.426111  2.06809  
0.603597  1.91467  
2.24986  0.115674  
1.7264  0.645731  
2.08344  0.379378  
0.674776  1.99786  
1.59499  0.851265  
1.62623  0.564346  
0.859894  1.46922  
0.965887  1.50644  
0.284047  1.89626  
2.37737  0.00385148  
0.165172  2.30043  
0.373777  1.95872  
0.457496  0.542504  
0.729836  1.78579  
0.169624  2.35312  
0.440003  0.559997  
1.85712  0.746086  
0.513812  1.51716  
0.965887  1.50644  
0.500145  0.499855  
0.558529  1.97374  
0.753543  1.81824  
0.500299  0.499701  
2.08196  0.237002  
1.6004  0.74086  
0.467559  0.532441  
0.354157  1.8559  
0.582998  1.83461  
0.503545  1.96311  
0.500145  0.499855  
0.661398  1.71823  
2.37219  0.00904081  
0.500299  0.499701  
0.500299  0.499701  
2.17937  0.300262  
2.37219  0.00904081  
2.11701  0.281982  
2.42353  0.262689  
0.457895  0.542105  
0.500299  0.499701  
1.8195  0.696736  
0.346609  2.07215  
2.55096  0.146908  
0.181734  2.44468  
0.970809  1.59655  
1.08085  1.637  
2.42468  0.21035  
1.76941  0.997555  
0.430183  0.569817  
1.44382  0.902582  
0.822287  1.54051  
0.557915  1.97157  
1.8195  0.696736  
2.17399  0.506314  
0.430183  0.569817  
0.131464  2.33572  
0.390462  1.90178  
0.445269  0.554731  
0.473442  0.526558  
0.440003  0.559997  
0.516705  0.483295  
0.945663  1.4749  
0.729019  1.78379  
0.993892  1.63451  
1.00358  1.74877  
0.500299  0.499701  
0.500299  0.499701  
0.500299  0.499701  
0.467559  0.532441  
0.516705  0.483295  
0.500299  0.499701  
0.445269  0.554731  
0.500299  0.499701  
0.500299  0.499701  
0.500299  0.499701  
0.500308  0.499692  
0.467367  0.532633  
0.440003  0.559997  
0.500299  0.499701  
0.440003  0.559997  
0.500299  0.499701  
0.457895  0.542105  
0.500299  0.499701  
0.517593  0.482407  
0.457895  0.542105  
0.451416  0.548584  
0.0530934  2.36715  
2.36887  0.00902816  
0.500308  0.499692  
0.467559  0.532441  
2.01452  0.299233  
0.430183  0.569817  
0.515752  0.484248  
0.451416  0.548584  
0.452604  0.547396  
0.440003  0.559997  
0.438884  0.561116  
0.481572  0.518428  
0.473442  0.526558  
0.445269  0.554731  
0.264124  1.8674  
0.491661  0.508339  
0.499592  0.500408  
0.444934  0.555066  
0.541674  0.458326  
0.500299  0.499701  
0.440003  0.559997  
0.500299  0.499701  
0.488623  0.511377  
0.516705  0.483295  
0.517593  0.482407  
0.428287  0.571713  
0.445269  0.554731  
0.466265  0.533735  
0.494788  0.505212  
0.467559  0.532441  
2.37737  0.00385148  
0.500308  0.499692  
0.501471  0.498529  
0.430183  0.569817  
2.10447  0.205724  
0.467559  0.532441  
0.457496  0.542504  
2.18464  0.11232  
0.445269  0.554731  
0.333242  1.82795  
0.430183  0.569817  
0.162653  2.26534  
2.07063  0.235713  
0.457895  0.542105  
0.131318  2.33312  
0.467559  0.532441  
0.500299  0.499701  
0.440003  0.559997  
0.481572  0.518428  
0.445269  0.554731  
0.457496  0.542504  
0.445269  0.554731  
0.457895  0.542105  
0.445269  0.554731  
0.445269  0.554731  
0.430183  0.569817  
0.27717  1.85035  
0.500299  0.499701  
0.467559  0.532441  
0.430183  0.569817  
0.428287  0.571713  
0.473442  0.526558  
0.440003  0.559997  
0.516705  0.483295  
0.500299  0.499701  
0.467559  0.532441  
0.500299  0.499701  
0.517593  0.482407  
0.500299  0.499701  
0.440003  0.559997  
0.430183  0.569817  
0.473442  0.526558  
0.500299  0.499701  
0.440003  0.559997  
0.500308  0.499692  
0.515752  0.484248  
0.451416  0.548584  
0.500299  0.499701  
2.10447  0.205724  
0.411983  0.588017  
0.584004  0.415996  
0.416001  0.583999  
0.422002  0.577998  
0.428002  0.571998  
0.571998  0.428002  
0.566001  0.433999  
0.560006  0.439994  
0.440001  0.559999  
0.553997  0.446003  
0.446001  0.553999  
0.548003  0.451997  
0.452003  0.547997  
0.542  0.458  
0.458002  0.541998  
0.536003  0.463997  
0.464002  0.535998  
0.470007  0.529993  
0.530001  0.469999  
0.568001  0.431999  
0.534001  0.465999  
0.434005  0.565995  
0.544001  0.455999  
0.532001  0.467999  
0.468001  0.531999  
0.456001  0.543999  
0.556001  0.443999  
0.516001  0.483999  
0.506001  0.493999  
0.494003  0.505997  
0.408001  0.591999  
0.488001  0.511999  
1.1497  0.0012519  
0.537995  0.462005  
0.479999  0.520001  
0.410002  0.589998  
0.592002  0.407998  
0.462001  0.537999  
0.450003  0.549997  
0.546003  0.453997  
0.524002  0.475998  
0.419997  0.580003  
0.425999  0.574001  
0.414002  0.585998  
0.498004  0.501996  
0.400002  0.599998  
0.466003  0.533997  
0.432001  0.567999  
0.549998  0.450002  
0.500002  0.499998  
7.24242e-05  1.20102  
0.52  0.48  
0.444002  0.555998  
0.526002  0.473998  
0.586001  0.413999  
0.596001  0.403999  
0.561999  0.438001  
1.14994  0.000102044  
0.582005  0.417995  
0.486004  0.513996  
0.47401  0.52599  
0.579999  0.420001  
0.574007  0.425993  
0.599998  0.400002  
0.513998  0.486002  
0.438003  0.561997  
0.404001  0.595999  
0.490006  0.509994  
0.510001  0.489999  
0.588007  0.411993  
0.423999  0.576001  
0.576  0.424  
0.430001  0.569999  
0.460006  0.539994  
0.570002  0.429998  
0.436001  0.563999  
0.564002  0.435998  
0.442002  0.557998  
0.589999  0.410001  
0.557999  0.442001  
0.552002  0.447998  
0.448003  0.551997  
0.454001  0.545999  
0.540002  0.459998  
0.472004  0.527996  
0.528001  0.471999  
0.522  0.478  
0.477998  0.522002  
0.484002  0.515998  
0.502002  0.497998  
0.418  0.582  
0.504  0.496  
0.578001  0.421999  
0.495999  0.504001  
0.492002  0.507998  
0.507999  0.492001  
0.511997  0.488003  
0.518001  0.481999  
0.481996  0.518004  
0.476002  0.523998  
0.415999  0.584001  
0.422001  0.577999  
0.578  0.422  
0.589999  0.410001  
0.428002  0.571998  
0.572  0.428  
0.560002  0.439998  
0.440001  0.559999  
0.553998  0.446002  
0.452003  0.547997  
0.548001  0.451999  
0.457999  0.542001  
0.542  0.458  
0.463999  0.536001  
0.536  0.464  
0.530001  0.469999  
0.579999  0.420001  
1.14994  0.000102044  
0.568001  0.431999  
0.459999  0.540001  
0.432  0.568  
0.599998  0.400002  
0.443998  0.556002  
0.430001  0.569999  
0.456001  0.543999  
0.507999  0.492001  
0.544  0.456  
0.52  0.48  
0.512001  0.487999  
0.506001  0.493999  
0.592002  0.407998  
0.532001  0.467999  
0.400002  0.599998  
0.494  0.506  
0.42  0.58  
1.14966  0.00199905  
0.500002  0.499998  
0.425999  0.574001  
0.407998  0.592002  
0.462  0.538  
0.537999  0.462001  
0.501999  0.498001  
0.468  0.532  
0.574  0.426  
0.556001  0.443999  
0.582003  0.417997  
0.525997  0.474003  
0.478  0.522  
2.97654e-05  1.15246  
0.55  0.45  
0.576  0.424  
0.473996  0.526004  
0.454001  0.545999  
0.562  0.438  
0.486  0.514  
0.48  0.52  
0.418  0.582  
0.414  0.586  
0.438001  0.561999  
0.585999  0.414001  
0.513999  0.486001  
0.596  0.404  
0.518001  0.481999  
0.446  0.554  
0.404001  0.595999  
0.509997  0.490003  
0.412  0.588  
0.409999  0.590001  
0.492  0.508  
0.588004  0.411996  
0.424  0.576  
0.570001  0.429999  
0.436001  0.563999  
0.564  0.436  
0.558001  0.441999  
0.483999  0.516001  
0.448  0.552  
0.566  0.434  
0.546  0.454  
0.552001  0.447999  
0.540002  0.459998  
0.442001  0.557999  
0.476001  0.523999  
0.465999  0.534001  
0.533999  0.466001  
0.583999  0.416001  
0.528001  0.471999  
0.472  0.528  
0.522  0.478  
0.516  0.484  
0.470003  0.529997  
0.498  0.502  
0.504  0.496  
0.490001  0.509999  
0.495999  0.504001  
0.487999  0.512001  
0.433998  0.566002  
0.481998  0.518002  
0.450001  0.549999  
0.524  0.476  
0.409999  0.590001  
0.59  0.41  
0.415999  0.584001  
0.422001  0.577999  
0.578  0.422  
0.428001  0.571999  
0.434  0.566  
0.566  0.434  
0.440001  0.559999  
0.559999  0.440001  
0.554002  0.445998  
0.446  0.554  
0.452003  0.547997  
0.548  0.452  
0.542  0.458  
0.463999  0.536001  
0.536  0.464  
0.572  0.428  
0.470002  0.529998  
0.530001  0.469999  
0.42  0.58  
0.55  0.45  
0.568001  0.431999  
0.424  0.576  
0.455998  0.544002  
0.544  0.456  
0.52  0.48  
0.532001  0.467999  
0.48  0.52  
0.506001  0.493999  
0.462  0.538  
0.494  0.506  
0.592002  0.407998  
0.537999  0.462001  
0.562  0.438  
0.599999  0.400001  
1.14966  0.00199905  
0.432  0.568  
0.486  0.514  
0.450001  0.549999  
0.473999  0.526001  
0.468  0.532  
0.425999  0.574001  
0.556001  0.443999  
0.500002  0.499998  
0.444  0.556  
0.507999  0.492001  
0.579999  0.420001  
0.524  0.476  
0.525999  0.474001  
0.412  0.588  
0.407998  0.592002  
1.14994  0.000102044  
0.513999  0.486001  
0.574  0.426  
0.400002  0.599998  
0.585999  0.414001  
0.414  0.586  
0.582  0.418  
0.595999  0.404001  
0.522  0.478  
0.490001  0.509999  
0.509997  0.490003  
0.418  0.582  
0.57  0.43  
0.576  0.424  
0.552001  0.447999  
0.430001  0.569999  
0.436001  0.563999  
0.564  0.436  
0.457999  0.542001  
0.442001  0.557999  
0.558001  0.441999  
0.448  0.552  
0.472  0.528  
0.546  0.454  
0.454  0.546  
0.459999  0.540001  
2.97618e-05  1.15232  
0.466001  0.533999  
0.534  0.466  
0.483999  0.516001  
0.583999  0.416001  
0.528  0.472  
0.478  0.522  
0.516  0.484  
0.498  0.502  
0.501999  0.498001  
0.540002  0.459998  
0.504  0.496  
0.495999  0.504001  
0.587999  0.412001  
0.492  0.508  
0.404001  0.595999  
0.488  0.512  
0.438001  0.561999  
0.512  0.488  
0.481999  0.518001  
0.518001  0.481999  
0.476001  0.523999  
0.59  0.41  
0.409999  0.590001  
0.415999  0.584001  
0.584  0.416  
0.422001  0.577999  
0.578  0.422  
0.428001  0.571999  
0.434  0.566  
0.566  0.434  
0.440001  0.559999  
0.559999  0.440001  
0.553998  0.446002  
0.446  0.554  
0.451997  0.548003  
0.542  0.458  
0.457999  0.542001  
0.463999  0.536001  
0.536  0.464  
0.530001  0.469999  
0.42  0.58  
0.558001  0.441999  
0.580001  0.419999  
0.432  0.568  
0.532  0.468  
0.564  0.436  
0.548  0.452  
0.52  0.48  
0.506001  0.493999  
0.595999  0.404001  
0.455998  0.544002  
0.454  0.546  
0.407998  0.592002  
0.48  0.52  
0.468  0.532  
0.537999  0.462001  
0.562  0.438  
0.494  0.506  
0.444  0.556  
0.525999  0.474001  
0.568001  0.431999  
0.450001  0.549999  
0.462  0.538  
0.481999  0.518001  
0.572  0.428  
0.599999  0.400001  
0.55  0.45  
0.470002  0.529998  
1.14994  0.000102044  
0.540001  0.459999  
0.556001  0.443999  
0.585999  0.414001  
0.400002  0.599998  
0.474001  0.525999  
0.425999  0.574001  
0.436  0.564  
0.486  0.514  
0.500002  0.499998  
0.513999  0.486001  
0.414  0.586  
1.14966  0.00199905  
0.438001  0.561999  
0.404001  0.595999  
0.490001  0.509999  
0.509997  0.490003  
0.588  0.412  
0.412  0.588  
0.552001  0.447999  
0.418  0.582  
0.582  0.418  
0.576  0.424  
0.522  0.478  
0.424  0.576  
0.495999  0.504001  
0.57  0.43  
0.430001  0.569999  
0.441999  0.558001  
0.448  0.552  
0.546  0.454  
0.484001  0.515999  
0.459999  0.540001  
0.534  0.466  
0.592  0.408  
0.466001  0.533999  
0.472  0.528  
0.528  0.472  
0.488  0.512  
0.478  0.522  
0.516  0.484  
0.475998  0.524002  
0.502  0.498  
0.574  0.426  
0.504  0.496  
0.492  0.508  
0.498  0.502  
0.507999  0.492001  
0.512  0.488  
2.97588e-05  1.1522  
0.518001  0.481999  
0.544  0.456  
0.524  0.476  
0.409999  0.590001  
0.59  0.41  
0.416  0.584  
0.584  0.416  
0.421998  0.578002  
0.578  0.422  
0.428001  0.571999  
0.434  0.566  
0.566  0.434  
0.440001  0.559999  
0.446  0.554  
0.554  0.446  
0.457999  0.542001  
0.542  0.458  
0.536  0.464  
0.464  0.536  
0.469998  0.530002  
0.530001  0.469999  
0.444  0.556  
0.544  0.456  
0.595999  0.404001  
0.532  0.468  
0.456  0.544  
2.97588e-05  1.1522  
0.52  0.48  
0.528  0.472  
0.506  0.494  
0.564  0.436  
0.407999  0.592001  
0.592  0.408  
0.404001  0.595999  
0.556  0.444  
0.537999  0.462001  
0.534  0.466  
0.468  0.532  
0.462  0.538  
0.562  0.438  
0.432  0.568  
0.492  0.508  
0.486  0.514  
0.488  0.512  
0.400002  0.599998  
0.494  0.506  
0.484  0.516  
0.525999  0.474001  
0.425999  0.574001  
0.5  0.5  
0.55  0.45  
0.580001  0.419999  
1.14993  0.000109187  
0.42  0.58  
0.568001  0.431999  
0.45  0.55  
0.574  0.426  
0.414  0.586  
0.599999  0.400001  
0.454  0.546  
0.586  0.414  
0.572  0.428  
0.48  0.52  
0.513999  0.486001  
0.522  0.478  
0.438001  0.561999  
0.452001  0.547999  
0.507999  0.492001  
0.490001  0.509999  
0.558  0.442  
0.559999  0.440001  
0.509998  0.490002  
0.588  0.412  
0.424  0.576  
0.412  0.588  
0.418  0.582  
0.524  0.476  
1.14966  0.00199905  
0.576  0.424  
0.57  0.43  
0.436  0.564  
0.430001  0.569999  
0.441999  0.558001  
0.474001  0.525999  
0.552001  0.447999  
0.546  0.454  
0.54  0.46  
0.46  0.54  
0.466001  0.533999  
0.472  0.528  
0.478  0.522  
0.516  0.484  
0.582  0.418  
0.498  0.502  
0.502  0.498  
0.548  0.452  
0.504  0.496  
0.495999  0.504001  
0.512  0.488  
0.481999  0.518001  
0.448  0.552  
0.518001  0.481999  
0.475999  0.524001  
