0.206965  0.699515  0.203431  0.358879  0.884531  0.463237  0.206965  0.699515  0.203431  0.358879  0.884531  0.463237  
0.722753  0.629212  0.720795  0.730465  0.0540748  0.923177  0.722753  0.629212  0.720795  0.730465  0.0540748  0.923177  
0.0740991  0.928702  0.884282  0.0917934  0.0898955  0.33079  0.0740991  0.928702  0.884282  0.0917934  0.0898955  0.33079  
0.685802  0.903268  0.0947479  0.675012  0.26156  0.272973  0.685802  0.903268  0.0947479  0.675012  0.26156  0.272973  
0.991458  0.237389  0.308108  0.670419  0.741213  0.229607  0.991458  0.237389  0.308108  0.670419  0.741213  0.229607  
0.938177  0.948178  0.929122  0.141607  0.307057  0.813653  0.938177  0.948178  0.929122  0.141607  0.307057  0.813653  
0.604845  0.0298102  0.442865  0.32564  0.760275  0.49694  0.604845  0.0298102  0.442865  0.32564  0.760275  0.49694  
0.248817  0.834375  0.425642  0.133099  0.926168  0.515537  0.248817  0.834375  0.425642  0.133099  0.926168  0.515537  
0.463889  0.61197  0.418806  0.558637  0.286982  0.680366  0.463889  0.61197  0.418806  0.558637  0.286982  0.680366  
0.83161  0.27844  0.917755  0.139718  0.948859  0.658968  0.83161  0.27844  0.917755  0.139718  0.948859  0.658968  
0.369324  0.887036  0.607146  0.298446  0.0286432  0.914204  0.369324  0.887036  0.607146  0.298446  0.0286432  0.914204  
0.1121  0.633488  0.944014  0.554964  0.959128  0.704289  0.1121  0.633488  0.944014  0.554964  0.959128  0.704289  
0.0519042  0.207945  0.538664  0.477546  0.341044  0.464832  0.0519042  0.207945  0.538664  0.477546  0.341044  0.464832  
0.993083  0.804933  0.076802  0.411889  0.36357  0.363784  0.993083  0.804933  0.076802  0.411889  0.36357  0.363784  
0.0922553  0.195179  0.642224  0.0100101  0.334897  0.591084  0.0922553  0.195179  0.642224  0.0100101  0.334897  0.591084  
0.668978  0.704221  0.478119  0.276124  0.00266733  0.506763  0.668978  0.704221  0.478119  0.276124  0.00266733  0.506763  
0.190328  0.114767  0.140251  0.134341  0.669731  0.0993782  0.190328  0.114767  0.140251  0.134341  0.669731  0.0993782  
0.838631  0.721636  0.307323  0.377295  0.199182  0.648367  0.838631  0.721636  0.307323  0.377295  0.199182  0.648367  
0.842126  0.192265  0.4533  0.918928  0.604154  0.816869  0.842126  0.192265  0.4533  0.918928  0.604154  0.816869  
0.282713  0.69641  0.0120486  0.924937  0.70642  0.346946  0.282713  0.69641  0.0120486  0.924937  0.70642  0.346946  
0.516021  0.375397  0.0511667  0.99414  0.651522  0.053834  0.516021  0.375397  0.0511667  0.99414  0.651522  0.053834  
0.500903  0.841849  0.168601  0.641153  0.976191  0.838332  0.500903  0.841849  0.168601  0.641153  0.976191  0.838332  
0.740532  0.814821  0.559968  0.0478544  0.192116  0.759149  0.740532  0.814821  0.559968  0.0478544  0.192116  0.759149  
0.696221  0.0342424  0.951414  0.149521  0.953171  0.555569  0.696221  0.0342424  0.951414  0.149521  0.953171  0.555569  
0.96639  0.235884  0.251978  0.978439  0.160821  0.958398  0.96639  0.235884  0.251978  0.978439  0.160821  0.958398  
0.325384  0.676841  0.333795  0.376551  0.670981  0.985317  0.325384  0.676841  0.333795  0.376551  0.670981  0.985317  
0.430385  0.171884  0.827166  0.598986  0.813037  0.803357  0.430385  0.171884  0.827166  0.598986  0.813037  0.803357  
0.437318  0.553569  0.618178  0.997286  0.601423  0.810294  0.437318  0.553569  0.618178  0.997286  0.601423  0.810294  
0.756435  0.297644  0.844537  0.70785  0.447165  0.797707  0.756435  0.297644  0.844537  0.70785  0.447165  0.797707  
0.263418  0.413555  0.0335908  0.515397  0.391994  0.194411  0.263418  0.413555  0.0335908  0.515397  0.391994  0.194411  
0.473795  0.717378  0.871253  0.80759  0.0939283  0.542234  0.473795  0.717378  0.871253  0.80759  0.0939283  0.542234  
0.792907  0.524313  0.714118  0.620073  0.123299  0.527156  0.792907  0.524313  0.714118  0.620073  0.123299  0.527156  
0.42343  0.560617  0.0807248  0.0416079  0.557902  0.682148  0.42343  0.560617  0.0807248  0.0416079  0.557902  0.682148  
0.851902  0.314337  0.979793  0.696439  0.0221869  0.426958  0.851902  0.314337  0.979793  0.696439  0.0221869  0.426958  
0.494146  0.285605  0.840513  0.527737  0.801002  0.232506  0.494146  0.285605  0.840513  0.527737  0.801002  0.232506  
0.722148  0.274796  0.949884  0.593401  0.0823863  0.0438122  0.722148  0.274796  0.949884  0.593401  0.0823863  0.0438122  
0.135635  0.875293  0.568125  0.849754  0.495366  0.691424  0.135635  0.875293  0.568125  0.849754  0.495366  0.691424  
0.376909  0.918796  0.252041  0.457634  0.960404  0.809943  0.376909  0.918796  0.252041  0.457634  0.960404  0.809943  
0.139782  0.812306  0.12428  0.119575  0.508745  0.146467  0.139782  0.812306  0.12428  0.119575  0.508745  0.146467  
0.546533  0.00289068  0.432072  0.387046  0.530627  0.233074  0.546533  0.00289068  0.432072  0.387046  0.530627  0.233074  
0.619552  0.252776  0.50787  0.569436  0.846177  0.590257  0.619552  0.252776  0.50787  0.569436  0.846177  0.590257  
0.613248  0.981812  0.46555  0.181373  0.831565  0.960916  0.613248  0.981812  0.46555  0.181373  0.831565  0.960916  
0.872797  0.208475  0.879712  0.124838  0.666109  0.840117  0.872797  0.208475  0.879712  0.124838  0.666109  0.840117  
0.934781  0.805891  0.652423  0.0590607  0.925467  0.161168  0.934781  0.805891  0.652423  0.0590607  0.925467  0.161168  
0.205528  0.471999  0.164058  0.6376  0.859045  0.694686  0.205528  0.471999  0.164058  0.6376  0.859045  0.694686  
0.870674  0.478597  0.947461  0.378544  0.0480324  0.793638  0.870674  0.478597  0.947461  0.378544  0.0480324  0.793638  
0.9688  0.66128  0.77545  0.43435  0.842653  0.607015  0.9688  0.66128  0.77545  0.43435  0.842653  0.607015  
0.395267  0.715451  0.81549  0.274979  0.840288  0.481599  0.395267  0.715451  0.81549  0.274979  0.840288  0.481599  
0.115096  0.775069  0.28749  0.767518  0.83413  0.212957  0.115096  0.775069  0.28749  0.767518  0.83413  0.212957  
0.928686  0.0396574  0.684956  0.0927445  0.677257  0.544001  0.928686  0.0396574  0.684956  0.0927445  0.677257  0.544001  
0.78743  0.547931  0.0225976  0.734892  0.926475  0.07063  0.78743  0.547931  0.0225976  0.734892  0.926475  0.07063  
0.528529  0.895276  0.73191  0.303979  0.329626  0.574564  0.528529  0.895276  0.73191  0.303979  0.329626  0.574564  
0.910994  0.724892  0.290014  0.726484  0.999871  0.130303  0.910994  0.724892  0.290014  0.726484  0.999871  0.130303  
0.208082  0.114967  0.905372  0.495572  0.882485  0.739501  0.208082  0.114967  0.905372  0.495572  0.882485  0.739501  
0.708529  0.811172  0.779159  0.393485  0.903916  0.456416  0.708529  0.811172  0.779159  0.393485  0.903916  0.456416  
0.937486  0.691346  0.00434717  0.960083  0.426238  0.930822  0.937486  0.691346  0.00434717  0.960083  0.426238  0.930822  
0.0307132  0.954767  0.826098  0.762624  0.258746  0.155724  0.0307132  0.954767  0.826098  0.762624  0.258746  0.155724  
0.337187  0.16974  0.880616  0.627202  0.896224  0.880487  0.337187  0.16974  0.880616  0.627202  0.896224  0.880487  
0.757504  0.104306  0.995454  0.662876  0.599879  0.87794  0.757504  0.104306  0.995454  0.662876  0.599879  0.87794  
0.402378  0.308407  0.689111  0.181536  0.701892  0.593028  0.402378  0.308407  0.689111  0.181536  0.701892  0.593028  
0.637952  0.639378  0.284374  0.6423  0.599461  0.710612  0.637952  0.639378  0.284374  0.6423  0.599461  0.710612  
0.573122  0.630174  0.665379  0.39922  0.392798  0.924126  0.573122  0.630174  0.665379  0.39922  0.392798  0.924126  
0.554943  0.729985  0.0938659  0.435559  0.357187  0.99009  0.554943  0.729985  0.0938659  0.435559  0.357187  0.99009  
0.316046  0.114691  0.094396  0.3115  0.777568  0.694275  0.316046  0.114691  0.094396  0.3115  0.777568  0.694275  
0.18944  0.179945  0.00268201  0.878552  0.361482  0.704574  0.18944  0.179945  0.00268201  0.878552  0.361482  0.704574  
0.471579  0.999434  0.343952  0.755953  0.641734  0.943414  0.471579  0.999434  0.343952  0.755953  0.641734  0.943414  
0.466565  0.214855  0.573588  0.131944  0.614075  0.966386  0.466565  0.214855  0.573588  0.131944  0.614075  0.966386  
0.0560698  0.169018  0.696371  0.149936  0.604577  0.0535583  0.0560698  0.169018  0.696371  0.149936  0.604577  0.0535583  
0.140026  0.920623  0.16825  0.234422  0.232124  0.945817  0.140026  0.920623  0.16825  0.234422  0.232124  0.945817  
0.928696  0.421564  0.125762  0.931378  0.300116  0.487244  0.928696  0.421564  0.125762  0.931378  0.300116  0.487244  
0.635952  0.771695  0.486678  0.979905  0.527648  0.128412  0.635952  0.771695  0.486678  0.979905  0.527648  0.128412  
0.923318  0.994213  0.343267  0.496906  0.126157  0.957342  0.923318  0.994213  0.343267  0.496906  0.126157  0.957342  
0.463292  0.182226  0.12636  0.159664  0.332162  0.730938  0.463292  0.182226  0.12636  0.159664  0.332162  0.730938  
0.213222  0.472188  0.651561  0.381472  0.706609  0.883685  0.213222  0.472188  0.651561  0.381472  0.706609  0.883685  
0.327289  0.635305  0.305249  0.453051  0.566683  0.605365  0.327289  0.635305  0.305249  0.453051  0.566683  0.605365  
0.940295  0.202636  0.377059  0.426973  0.182541  0.904707  0.940295  0.202636  0.377059  0.426973  0.182541  0.904707  
0.555385  0.105859  0.89892  0.898652  0.602765  0.0250763  0.555385  0.105859  0.89892  0.898652  0.602765  0.0250763  
0.855994  0.0660575  0.207303  0.982354  0.225721  0.539465  0.855994  0.0660575  0.207303  0.982354  0.225721  0.539465  
0.713292  0.438943  0.0116527  0.364853  0.820415  0.718262  0.713292  0.438943  0.0116527  0.364853  0.820415  0.718262  
0.248538  0.147704  0.353567  0.553787  0.600755  0.920251  0.248538  0.147704  0.353567  0.553787  0.600755  0.920251  
0.159152  0.541051  0.122887  0.536211  0.968024  0.305427  0.159152  0.541051  0.122887  0.536211  0.968024  0.305427  
0.440918  0.523408  0.411286  0.339838  0.42206  0.0140512  0.440918  0.523408  0.411286  0.339838  0.42206  0.0140512  
0.364914  0.278054  0.0801088  0.572217  0.260408  0.30583  0.364914  0.278054  0.0801088  0.572217  0.260408  0.30583  
0.111682  0.9737  0.744773  0.123334  0.338553  0.565188  0.111682  0.9737  0.744773  0.123334  0.338553  0.565188  
0.841596  0.587091  0.712892  0.195164  0.140877  0.313647  0.841596  0.587091  0.712892  0.195164  0.140877  0.313647  
0.115414  0.300029  0.854698  0.238301  0.83624  0.822721  0.115414  0.300029  0.854698  0.238301  0.83624  0.822721  
0.543728  0.277158  0.34613  0.955014  0.616995  0.76819  0.543728  0.277158  0.34613  0.955014  0.616995  0.76819  
0.969065  0.981909  0.0462442  0.0491743  0.554126  0.306653  0.969065  0.981909  0.0462442  0.0491743  0.554126  0.306653  
0.355004  0.665808  0.280353  0.0997774  0.789142  0.618906  0.355004  0.665808  0.280353  0.0997774  0.789142  0.618906  
0.664965  0.630739  0.205996  0.377857  0.825902  0.346873  0.664965  0.630739  0.205996  0.377857  0.825902  0.346873  
0.691504  0.941317  0.646902  0.546202  0.179618  0.483142  0.691504  0.941317  0.646902  0.546202  0.179618  0.483142  
0.368923  0.723346  0.7603  0.715053  0.67836  0.377295  0.368923  0.723346  0.7603  0.715053  0.67836  0.377295  
0.483243  0.647426  0.359205  0.529487  0.6966  0.913331  0.483243  0.647426  0.359205  0.529487  0.6966  0.913331  
0.83614  0.0516043  0.579139  0.116493  0.151382  0.368281  0.83614  0.0516043  0.579139  0.116493  0.151382  0.368281  
0.735398  0.816347  0.99902  0.941395  0.194204  0.824922  0.735398  0.816347  0.99902  0.941395  0.194204  0.824922  
0.288268  0.885709  0.766239  0.93517  0.431911  0.945857  0.288268  0.885709  0.766239  0.93517  0.431911  0.945857  
0.418312  0.800834  0.669203  0.178612  0.515887  0.347564  0.418312  0.800834  0.669203  0.178612  0.515887  0.347564  
0.555907  0.99913  0.994989  0.915112  0.528618  0.691589  0.555907  0.99913  0.994989  0.915112  0.528618  0.691589  
0.828443  0.364758  0.743194  0.407581  0.48125  0.894576  0.828443  0.364758  0.743194  0.407581  0.48125  0.894576  
0.775862  0.216649  0.710923  0.774882  0.158043  0.905127  0.775862  0.216649  0.710923  0.774882  0.158043  0.905127  
0.990035  0.813095  0.000521228  0.914665  0.0843972  0.8693  0.990035  0.813095  0.000521228  0.914665  0.0843972  0.8693  
0.240876  0.901448  0.600118  0.201495  0.999899  0.301106  0.240876  0.901448  0.600118  0.201495  0.999899  0.301106  
0.756796  0.536642  0.24198  0.710578  0.398757  0.101326  0.756796  0.536642  0.24198  0.710578  0.398757  0.101326  
1  0.0152909  0.854224  0.0600967  0.958733  0.00514652  1  0.0152909  0.854224  0.0600967  0.958733  0.00514652  
1  0.0335117  0.969569  0.294984  0.195761  0.968413  1  0.0335117  0.969569  0.294984  0.195761  0.968413  
0.999995  0.698106  0.945081  0.924839  0.385478  0.000281717  0.999995  0.698106  0.945081  0.924839  0.385478  0.000281717  
0.169087  0.0985933  0.295704  0.999819  0.299227  0.105016  0.169087  0.0985933  0.295704  0.999819  0.299227  0.105016  
0.15986  0.779669  0.000547373  0.989854  0.996432  0.985967  0.15986  0.779669  0.000547373  0.989854  0.996432  0.985967  
0.867623  0.0330728  0.0351529  0.999412  0.0453212  0.844735  0.867623  0.0330728  0.0351529  0.999412  0.0453212  0.844735  
0.975308  0.0339126  0.0165975  0.823751  0.912873  0.0170417  0.975308  0.0339126  0.0165975  0.823751  0.912873  0.0170417  
0.865764  0.802832  0.503103  0.0967596  0.999541  0.798726  0.865764  0.802832  0.503103  0.0967596  0.999541  0.798726  
1  0.890302  0.0848371  0.00992149  0.999213  0.00460321  1  0.890302  0.0848371  0.00992149  0.999213  0.00460321  
0.990314  0.166975  0.563979  0.999478  0.999981  0.999703  0.990314  0.166975  0.563979  0.999478  0.999981  0.999703  
0.0378853  0.984951  0.973746  0.100173  0.00462115  0.999975  0.0378853  0.984951  0.973746  0.100173  0.00462115  0.999975  
0.850381  0.1254  0.165375  0.126916  0.0124036  0.754952  0.850381  0.1254  0.165375  0.126916  0.0124036  0.754952  
9.7919e-09  0.00493025  0.853685  0.985363  0.92169  0.94159  9.7919e-09  0.00493025  0.853685  0.985363  0.92169  0.94159  
0  0.0652331  0.685387  8.46387e-07  0.938503  0.900653  0  0.0652331  0.685387  8.46387e-07  0.938503  0.900653  
0.0954198  0.0090999  0.0879475  7.06196e-05  0.937575  0.0667045  0.0954198  0.0090999  0.0879475  7.06196e-05  0.937575  0.0667045  
0.995802  0.0224137  0.884197  0.999819  0.786321  0.0996159  0.995802  0.0224137  0.884197  0.999819  0.786321  0.0996159  
0.0291664  0.700952  0.064726  0.597284  0.169942  0.000288358  0.0291664  0.700952  0.064726  0.597284  0.169942  0.000288358  
0.000445418  0.500395  0.0986639  0.400632  0.701722  0.599232  0.000445418  0.500395  0.0986639  0.400632  0.701722  0.599232  
0  0.00344574  0.197043  0.895623  0.801741  0.899467  0  0.00344574  0.197043  0.895623  0.801741  0.899467  
8.21087e-09  0.700987  0.899535  0.799615  0.302661  0.300951  8.21087e-09  0.700987  0.899535  0.799615  0.302661  0.300951  
1.29732e-13  0.700872  0.897134  7.07151e-05  0.367343  0.258167  1.29732e-13  0.700872  0.897134  7.07151e-05  0.367343  0.258167  
0.999464  0.107445  0.000407086  7.06196e-05  0.996793  0.999684  0.999464  0.107445  0.000407086  7.06196e-05  0.996793  0.999684  
0.00118038  0.699683  0.0969287  0.79996  0.999831  0.000289795  0.00118038  0.699683  0.0969287  0.79996  0.999831  0.000289795  
0.999983  0.698106  0.904385  0.996473  0.398528  0.000281717  0.999983  0.698106  0.904385  0.996473  0.398528  0.000281717  
0.169087  0.0985933  0.295704  0.999819  0.299227  0.0996159  0.169087  0.0985933  0.295704  0.999819  0.299227  0.0996159  
0.995802  0.0985933  0.29757  0.999819  0.299227  0.0996159  0.995802  0.0985933  0.29757  0.999819  0.299227  0.0996159  
0.105852  0.999763  0.000637724  0.230335  0.987695  0.90798  0.105852  0.999763  0.000637724  0.230335  0.987695  0.90798  
0.070511  0.0990616  0.599543  2.04743e-05  0.999968  0.0994738  0.070511  0.0990616  0.599543  2.04743e-05  0.999968  0.0994738  
0.00443864  0.915106  0.0853248  0.000238473  0.0126792  0.310419  0.00443864  0.915106  0.0853248  0.000238473  0.0126792  0.310419  
1  0.00021801  0.992391  0.30089  0.204385  0.00870501  1  0.00021801  0.992391  0.30089  0.204385  0.00870501  
3.24059e-13  0.702187  0.897134  0.000220281  0.398296  0.899417  3.24059e-13  0.702187  0.897134  0.000220281  0.398296  0.899417  
1  0.802632  0.00221893  0.999413  0.999974  0.806782  1  0.802632  0.00221893  0.999413  0.999974  0.806782  
0.0867723  0.102021  0.201276  0.0973497  2.25355e-06  0.999975  0.0867723  0.102021  0.201276  0.0973497  2.25355e-06  0.999975  
0.136724  0.0197046  0.026372  0.879622  0.969408  0.740811  0.136724  0.0197046  0.026372  0.879622  0.969408  0.740811  
7.3513e-06  0.999373  0.00214579  3.51264e-06  0.999267  0.000217638  7.3513e-06  0.999373  0.00214579  3.51264e-06  0.999267  0.000217638  
1  0.802632  0.212167  0.999797  0.18425  0.784271  1  0.802632  0.212167  0.999797  0.18425  0.784271  
0.659566  0.100704  0.00033056  0.597621  0.300531  0.899566  0.659566  0.100704  0.00033056  0.597621  0.300531  0.899566  
0.99626  0.202498  0.902803  0.700124  0.999783  0.202472  0.99626  0.202498  0.902803  0.700124  0.999783  0.202472  
1  0.717972  0.904385  0.0600967  0.793962  0.00514652  1  0.717972  0.904385  0.0600967  0.793962  0.00514652  
0.999999  0.997312  0.898843  0.702651  0.999989  0.695932  0.999999  0.997312  0.898843  0.702651  0.999989  0.695932  
0.537364  0.100415  0.00072713  0.59432  0.89981  0.0988412  0.537364  0.100415  0.00072713  0.59432  0.89981  0.0988412  
0.999996  0.000227266  0.999855  0.499417  0.405058  0.800114  0.999996  0.000227266  0.999855  0.499417  0.405058  0.800114  
0.99978  0.802832  0.503103  0.0996378  0.999785  0.799583  0.99978  0.802832  0.503103  0.0996378  0.999785  0.799583  
0.997763  0.100602  0.913373  0.178428  0.948017  0.856115  0.997763  0.100602  0.913373  0.178428  0.948017  0.856115  
0  0.0997874  0.798865  0.69874  0.399564  0.899266  0  0.0997874  0.798865  0.69874  0.399564  0.899266  
1  0.398558  0.600559  0.000169878  0.998315  0.00460321  1  0.398558  0.600559  0.000169878  0.998315  0.00460321  
0.000445418  0.479582  0.0986639  0.400632  0.701722  0.599232  0.000445418  0.479582  0.0986639  0.400632  0.701722  0.599232  
0.991985  0.0978043  0.913373  0.0575841  0.993622  0.916723  0.991985  0.0978043  0.913373  0.0575841  0.993622  0.916723  
0.810973  0.699804  0.100116  0.597732  0.200841  0.00158353  0.810973  0.699804  0.100116  0.597732  0.200841  0.00158353  
0.195811  0.199004  0.996246  0.193802  0.901365  0.705725  0.195811  0.199004  0.996246  0.193802  0.901365  0.705725  
0.132864  0.0985846  0.000407086  0.000213869  0.997259  0.999098  0.132864  0.0985846  0.000407086  0.000213869  0.997259  0.999098  
1.22756e-06  0.699542  0.198852  0.99972  0.200973  0.702834  1.22756e-06  0.699542  0.198852  0.99972  0.200973  0.702834  
0.992947  0.700667  0.296767  0.799698  0.898386  0.000289795  0.992947  0.700667  0.296767  0.799698  0.898386  0.000289795  
0.462806  0.902504  0.90013  0.698084  0.40019  0.902084  0.462806  0.902504  0.90013  0.698084  0.40019  0.902084  
0.240876  0.901448  0.600118  0.201495  0.999899  0.301106  0.240876  0.901448  0.600118  0.201495  0.999899  0.301106  
0.796306  0.0978758  0.603132  0.0976413  2.25355e-06  0.999839  0.796306  0.0978758  0.603132  0.0976413  2.25355e-06  0.999839  
0.416048  0.902504  0.203056  0.20325  0.396291  0.896117  0.416048  0.902504  0.203056  0.20325  0.396291  0.896117  
0  0.701212  0.897487  0.799958  0.999826  0.872933  0  0.701212  0.897487  0.799958  0.999826  0.872933  
0.582839  0.100222  0.300692  0.102143  0.299227  0.0996404  0.582839  0.100222  0.300692  0.102143  0.299227  0.0996404  
0.906915  0.999738  0.59826  0.0978678  0.200923  0.194769  0.906915  0.999738  0.59826  0.0978678  0.200923  0.194769  
1  0.0196661  0.00390974  0.0027538  0.999314  0.00447326  1  0.0196661  0.00390974  0.0027538  0.999314  0.00447326  
0.00276084  0.000108458  0.999911  0.597833  0.000369333  0.00653304  0.00276084  0.000108458  0.999911  0.597833  0.000369333  0.00653304  
0.950013  0.500395  0.501012  0.399918  0.398757  0.599823  0.950013  0.500395  0.501012  0.399918  0.398757  0.599823  
0.0258745  0.000132746  0.999911  0.597833  0.000369333  0.00653304  0.0258745  0.000132746  0.999911  0.597833  0.000369333  0.00653304  
0.999858  0.101142  0.503103  0.999295  0.999785  0.799583  0.999858  0.101142  0.503103  0.999295  0.999785  0.799583  
0.999751  0.998695  0.664702  0.503209  2.25355e-06  0.999872  0.999751  0.998695  0.664702  0.503209  2.25355e-06  0.999872  
0.58625  0.100707  0.000207133  7.06196e-05  0.996793  0.999684  0.58625  0.100707  0.000207133  7.06196e-05  0.996793  0.999684  
0.819349  0.0979911  0.603132  0.99566  2.25355e-06  0.999872  0.819349  0.0979911  0.603132  0.99566  2.25355e-06  0.999872  
0.072985  0.995887  0.000336127  0.895623  0.999863  0.693798  0.072985  0.995887  0.000336127  0.895623  0.999863  0.693798  
0  0.999877  0.00189236  3.66213e-07  0.999967  0.899467  0  0.999877  0.00189236  3.66213e-07  0.999967  0.899467  
0.999916  0.802632  0.000835416  0.999984  0.999986  0.731315  0.999916  0.802632  0.000835416  0.999984  0.999986  0.731315  
0.970086  0.813095  0.000472054  2.75295e-05  0.0124036  0.8693  0.970086  0.813095  0.000472054  2.75295e-05  0.0124036  0.8693  
0.108662  0.112324  0.973746  0.100173  0.004119  0.999975  0.108662  0.112324  0.973746  0.100173  0.004119  0.999975  
3.24059e-13  0.700872  0.897134  0.00864628  0.235631  0.0192155  3.24059e-13  0.700872  0.897134  0.00864628  0.235631  0.0192155  
0.10693  0.0304283  0.599543  0.884774  0.986582  0.0994738  0.10693  0.0304283  0.599543  0.884774  0.986582  0.0994738  
0.10693  0.0304283  0.599543  0.884774  0.981618  0.0994738  0.10693  0.0304283  0.599543  0.884774  0.981618  0.0994738  
0.108662  0.112324  0.973746  0.0547023  0.004119  0.999975  0.108662  0.112324  0.973746  0.0547023  0.004119  0.999975  
0.984658  0.975537  0.00721952  2.75295e-05  0.0122821  0.8693  0.984658  0.975537  0.00721952  2.75295e-05  0.0122821  0.8693  
0.0138034  0.994787  0.939962  0.0110605  0.967125  0.993558  0.0138034  0.994787  0.939962  0.0110605  0.967125  0.993558  
0  0.701109  0.897487  0.799958  0.999831  0.000289795  0  0.701109  0.897487  0.799958  0.999831  0.000289795  
0.998787  0.0612676  0.804566  0.994802  2.25355e-06  0.999872  0.998787  0.0612676  0.804566  0.994802  2.25355e-06  0.999872  
0.018895  0.0545015  0.0860757  0.936648  0.221828  0.97132  0.018895  0.0545015  0.0860757  0.936648  0.221828  0.97132  
0.0159795  0.00737697  0.0517939  0.0108007  0.0018346  0.0994738  0.0159795  0.00737697  0.0517939  0.0108007  0.0018346  0.0994738  
7.3513e-06  0.999548  0.00214579  0.0337957  0.999267  0.00016153  7.3513e-06  0.999548  0.00214579  0.0337957  0.999267  0.00016153  
0.112872  0.995887  0.000336127  0.974754  0.046803  0.899082  0.112872  0.995887  0.000336127  0.974754  0.046803  0.899082  
0.448716  0.936284  0.82893  0.793147  0.004119  0.161289  0.448716  0.936284  0.82893  0.793147  0.004119  0.161289  
0.0682989  0.997297  0.989889  0.706298  0.999721  0.0440772  0.0682989  0.997297  0.989889  0.706298  0.999721  0.0440772  
0.938593  0.890663  0.999821  0.808671  0.999961  0.996243  0.938593  0.890663  0.999821  0.808671  0.999961  0.996243  
0.0183116  0.658795  0.0853248  0.000238473  0.0126792  0.88061  0.0183116  0.658795  0.0853248  0.000238473  0.0126792  0.88061  
0.995941  0.808905  0.989906  0.19828  0.219533  0.778877  0.995941  0.808905  0.989906  0.19828  0.219533  0.778877  
0.992279  0.0173852  0.0177294  0.978985  0.127675  0.0075764  0.992279  0.0173852  0.0177294  0.978985  0.127675  0.0075764  
1  0.564801  0.0861031  0.000443141  0.169906  0.00123255  1  0.564801  0.0861031  0.000443141  0.169906  0.00123255  
0.11441  0.779669  0.000948612  0.989854  0.996432  0.186269  0.11441  0.779669  0.000948612  0.989854  0.996432  0.186269  
0.00393769  0.984923  0.744038  0.918628  0.650082  0.897625  0.00393769  0.984923  0.744038  0.918628  0.650082  0.897625  
0.991999  2.42903e-05  0.992391  0.305822  0.204385  0.00870501  0.991999  2.42903e-05  0.992391  0.305822  0.204385  0.00870501  
0.975308  0.968229  0.0177294  0.978985  0.0136183  0.0075764  0.975308  0.968229  0.0177294  0.978985  0.0136183  0.0075764  
0.999036  0.998695  0.663182  0.994802  2.25355e-06  0.999874  0.999036  0.998695  0.663182  0.994802  2.25355e-06  0.999874  
0.893758  0.294312  0.287969  0.034174  0.80313  0.0014913  0.893758  0.294312  0.287969  0.034174  0.80313  0.0014913  
0.544303  0.000446341  0.306027  0.903459  0.717842  0.290918  0.544303  0.000446341  0.306027  0.903459  0.717842  0.290918  
0.000128559  0.0259752  9.15172e-05  0.100977  0.39355  0.299465  0.000128559  0.0259752  9.15172e-05  0.100977  0.39355  0.299465  
0.903312  0.294312  0.000588943  0.689617  0.80313  0.0014913  0.903312  0.294312  0.000588943  0.689617  0.80313  0.0014913  
0.00109813  0.0913121  0.173352  0.599996  0.302436  0.802202  0.00109813  0.0913121  0.173352  0.599996  0.302436  0.802202  
0.834858  0.0961855  0.508531  0.603643  0.316336  0.20278  0.834858  0.0961855  0.508531  0.603643  0.316336  0.20278  
0.756006  0.0919193  0.997696  0.603643  0.191391  0.204682  0.756006  0.0919193  0.997696  0.603643  0.191391  0.204682  
0.0207187  0.694404  0.798712  4.89723e-06  0.998143  0.993058  0.0207187  0.694404  0.798712  4.89723e-06  0.998143  0.993058  
0  0.213839  0.916359  0.968042  0.397575  0.920593  0  0.213839  0.916359  0.968042  0.397575  0.920593  
1  0.998919  0.999687  0.787567  0.301444  0.895635  1  0.998919  0.999687  0.787567  0.301444  0.895635  
1.15948e-06  0.299606  0.881328  0.704249  0.07453  0.303733  1.15948e-06  0.299606  0.881328  0.704249  0.07453  0.303733  
0.00311307  0.788846  0.499607  0.900773  0.90479  0.000188425  0.00311307  0.788846  0.499607  0.900773  0.90479  0.000188425  
0.000106787  0.401662  0.904148  0.69444  1.19974e-05  0.816102  0.000106787  0.401662  0.904148  0.69444  1.19974e-05  0.816102  
0.19791  0.10037  0.499893  0.912493  0.69299  0.902786  0.19791  0.10037  0.499893  0.912493  0.69299  0.902786  
0.529187  0.999787  0.299042  0.903459  0.102635  0.30054  0.529187  0.999787  0.299042  0.903459  0.102635  0.30054  
0.00699417  0.990337  0.0973316  0.302574  0.702218  0.205671  0.00699417  0.990337  0.0973316  0.302574  0.702218  0.205671  
0  0.887829  0.2834  0.901096  0.00585822  0.186832  0  0.887829  0.2834  0.901096  0.00585822  0.186832  
8.44974e-06  0.0961855  0.17615  0.601661  0.999641  0.798167  8.44974e-06  0.0961855  0.17615  0.601661  0.999641  0.798167  
0  0.998952  0.99972  0.302663  0.286765  0.300634  0  0.998952  0.99972  0.302663  0.286765  0.300634  
1  0.199971  0.30153  0.900881  0.703061  0.303791  1  0.199971  0.30153  0.900881  0.703061  0.303791  
1  0.400743  0.302494  0.199768  0.197702  0.899589  1  0.400743  0.302494  0.199768  0.197702  0.899589  
9.88154e-06  0.200278  0.800533  0.297128  0.302436  0.802202  9.88154e-06  0.200278  0.800533  0.297128  0.302436  0.802202  
0.25457  0.800567  0.501839  0.700619  0.398589  0.198038  0.25457  0.800567  0.501839  0.700619  0.398589  0.198038  
0.761361  0.199669  0.798971  0.694286  0.399251  0.79984  0.761361  0.199669  0.798971  0.694286  0.399251  0.79984  
1  0.998919  0.999801  0.787567  0.301448  0.396274  1  0.998919  0.999801  0.787567  0.301448  0.396274  
0.411606  0.400729  0.497697  0.293496  0.0988776  0.802054  0.411606  0.400729  0.497697  0.293496  0.0988776  0.802054  
0.254927  0.599189  0.0989192  0.705988  0.7975  0.597495  0.254927  0.599189  0.0989192  0.705988  0.7975  0.597495  
0.999595  0.599189  2.63436e-05  0.700408  0.798729  0.598604  0.999595  0.599189  2.63436e-05  0.700408  0.798729  0.598604  
1  0.205314  0.298645  0.901256  0.00151931  0.30345  1  0.205314  0.298645  0.901256  0.00151931  0.30345  
0.302609  0.610405  0.799353  4.89723e-06  0.400104  0.699949  0.302609  0.610405  0.799353  4.89723e-06  0.400104  0.699949  
0.00265412  0.100545  0.699783  0.199483  0.70185  0.300411  0.00265412  0.100545  0.699783  0.199483  0.70185  0.300411  
0  0.999598  0.999788  0.700156  0.301291  0.804402  0  0.999598  0.999788  0.700156  0.301291  0.804402  
0.66702  0.399366  0.502109  0.999928  0.400288  0.497604  0.66702  0.399366  0.502109  0.999928  0.400288  0.497604  
2.03025e-06  0.0961855  0.508531  0.603643  0.300355  0.207087  2.03025e-06  0.0961855  0.508531  0.603643  0.300355  0.207087  
0.974355  0.906226  0.800616  0.0937524  0.301502  0.399913  0.974355  0.906226  0.800616  0.0937524  0.301502  0.399913  
1.15948e-06  0.299606  0.903259  0.0999716  0.0982205  0.303733  1.15948e-06  0.299606  0.903259  0.0999716  0.0982205  0.303733  
2.06657e-05  0.800113  0.499702  0.795893  0.805779  0.599814  2.06657e-05  0.800113  0.499702  0.795893  0.805779  0.599814  
1.61486e-07  0.401212  0.201055  0.791169  0.000321317  0.399388  1.61486e-07  0.401212  0.201055  0.791169  0.000321317  0.399388  
1  0.29752  0.996351  0.801884  0.803917  0.0901428  1  0.29752  0.996351  0.801884  0.803917  0.0901428  
2.79161e-06  0.300134  0.300528  0.0999716  0.0986241  0.299839  2.79161e-06  0.300134  0.300528  0.0999716  0.0986241  0.299839  
0.465176  0.200303  0.300906  0.100498  0.599939  0.200017  0.465176  0.200303  0.300906  0.100498  0.599939  0.200017  
0  0.899954  0.798698  0.300662  0.701267  0.700387  0  0.899954  0.798698  0.300662  0.701267  0.700387  
0.999998  0.600542  0.899747  0.700203  0.70017  0.495945  0.999998  0.600542  0.899747  0.700203  0.70017  0.495945  
0.000106787  0.400418  0.29831  0.801814  0.000209945  0.900406  0.000106787  0.400418  0.29831  0.801814  0.000209945  0.900406  
7.84557e-05  0.199048  0.202384  0.702611  0.70185  0.300411  7.84557e-05  0.199048  0.202384  0.702611  0.70185  0.300411  
0.963558  0.600542  0.899747  0.102371  0.70017  0.495945  0.963558  0.600542  0.899747  0.102371  0.70017  0.495945  
0.845723  0.501339  0.800773  0.299679  0.19983  0.199253  0.845723  0.501339  0.800773  0.299679  0.19983  0.199253  
9.62711e-06  0.899954  0.294554  0.300662  0.700414  0.700387  9.62711e-06  0.899954  0.294554  0.300662  0.700414  0.700387  
0.174084  0.399366  0.497264  0.999928  0.400257  0.497604  0.174084  0.399366  0.497264  0.999928  0.400257  0.497604  
0.000673593  0.500204  0.500299  0.4002  0.399782  0.500397  0.000673593  0.500204  0.500299  0.4002  0.399782  0.500397  
0.999937  0.89985  0.39842  0.398582  0.799941  0.700375  0.999937  0.89985  0.39842  0.398582  0.799941  0.700375  
0.591456  0.600169  0.800773  0.810602  0.19983  0.199253  0.591456  0.600169  0.800773  0.810602  0.19983  0.199253  
1  0.199971  0.30153  0.396192  0.703061  0.303791  1  0.199971  0.30153  0.396192  0.703061  0.303791  
0.795507  0.10037  0.499893  0.602478  0.899328  5.23837e-06  0.795507  0.10037  0.499893  0.602478  0.899328  5.23837e-06  
0.0736619  0.600798  0.499961  0.30227  0.90013  0.200482  0.0736619  0.600798  0.499961  0.30227  0.90013  0.200482  
1  0.400743  0.298085  0.801779  0.198992  0.899589  1  0.400743  0.298085  0.801779  0.198992  0.899589  
0.959066  0.500204  0.500299  0.4002  0.399782  0.500397  0.959066  0.500204  0.500299  0.4002  0.399782  0.500397  
1  0.897009  0.984642  0.499152  0.896915  0.902566  1  0.897009  0.984642  0.499152  0.896915  0.902566  
0.575602  0.699084  0.498398  0.498649  0.898018  0.798917  0.575602  0.699084  0.498398  0.498649  0.898018  0.798917  
0.475971  0.601992  0.899747  0.700203  0.70017  0.501007  0.475971  0.601992  0.899747  0.700203  0.70017  0.501007  
0.912446  0.804112  0.499652  0.900701  0.899613  0.104103  0.912446  0.804112  0.499652  0.900701  0.899613  0.104103  
0.711834  0.800567  0.503168  0.700619  0.400504  0.703966  0.711834  0.800567  0.503168  0.700619  0.400504  0.703966  
2.48913e-06  0.899926  0.595544  0.197616  0.0998669  0.699227  2.48913e-06  0.899926  0.595544  0.197616  0.0998669  0.699227  
0.96739  0.800567  0.503168  0.700619  0.398589  0.195379  0.96739  0.800567  0.503168  0.700619  0.398589  0.195379  
0.900152  0.600798  0.499961  0.30227  0.90013  0.200482  0.900152  0.600798  0.499961  0.30227  0.90013  0.200482  
1  0.601623  0.200194  0.199508  1.6661e-05  0.200445  1  0.601623  0.200194  0.199508  1.6661e-05  0.200445  
0.000454737  0.601164  9.15172e-05  0.199206  0.396741  0.299597  0.000454737  0.601164  9.15172e-05  0.199206  0.396741  0.299597  
0.75164  0.198737  0.699698  0.197041  0.607244  0.300411  0.75164  0.198737  0.699698  0.197041  0.607244  0.300411  
0.963558  0.601297  0.208201  0.102371  0.70017  0.495945  0.963558  0.601297  0.208201  0.102371  0.70017  0.495945  
0.999031  0.806065  0.499652  0.900701  0.899266  0.600108  0.999031  0.806065  0.499652  0.900701  0.899266  0.600108  
0.548469  0.400743  0.304391  0.801224  0.605813  0.899589  0.548469  0.400743  0.304391  0.801224  0.605813  0.899589  
0.484996  0.401813  0.198905  0.198183  0.103525  0.200445  0.484996  0.401813  0.198905  0.198183  0.103525  0.200445  
2.5009e-06  0.102132  0.799399  0.601661  0.999733  0.206181  2.5009e-06  0.102132  0.799399  0.601661  0.999733  0.206181  
1  0.800756  0.40292  0.899732  8.50866e-07  0.399925  1  0.800756  0.40292  0.899732  8.50866e-07  0.399925  
1.61559e-06  0.694403  0.602344  0.103217  0.0892358  0.202421  1.61559e-06  0.694403  0.602344  0.103217  0.0892358  0.202421  
1.71576e-08  0.0961855  0.88887  0.601661  0.99736  0.81162  1.71576e-08  0.0961855  0.88887  0.601661  0.99736  0.81162  
1.95374e-07  0.502605  0.959229  0.594713  0.696935  0.995928  1.95374e-07  0.502605  0.959229  0.594713  0.696935  0.995928  
1.2366e-06  0.200892  0.298664  0.100268  0.00185722  0.901324  1.2366e-06  0.200892  0.298664  0.100268  0.00185722  0.901324  
0.245822  0.50693  0.999772  0.699536  0.497083  0.0980508  0.245822  0.50693  0.999772  0.699536  0.497083  0.0980508  
0.677593  0.900034  0.600325  0.199567  0.0999605  0.699392  0.677593  0.900034  0.600325  0.199567  0.0999605  0.699392  
5.44969e-09  0.178461  0.203445  0.0994773  0.909426  0.303733  5.44969e-09  0.178461  0.203445  0.0994773  0.909426  0.303733  
0.997902  0.894762  0.997219  0.901068  0.80101  0.107038  0.997902  0.894762  0.997219  0.901068  0.80101  0.107038  
0  0.312618  0.798698  0.0179554  0.701267  0.812998  0  0.312618  0.798698  0.0179554  0.701267  0.812998  
6.37619e-07  0.907669  0.918558  0.594713  0.99736  0.995928  6.37619e-07  0.907669  0.918558  0.594713  0.99736  0.995928  
1  0.400115  0.999894  0.900621  0.301624  0.201479  1  0.400115  0.999894  0.900621  0.301624  0.201479  
0.00714646  0.601723  0.500949  0.401234  0.90013  0.997441  0.00714646  0.601723  0.500949  0.401234  0.90013  0.997441  
0.993276  0.798045  0.200614  0.39938  0.000197444  0.800853  0.993276  0.798045  0.200614  0.39938  0.000197444  0.800853  
0.472661  0.399979  0.497697  0.999935  0.899672  0.299239  0.472661  0.399979  0.497697  0.999935  0.899672  0.299239  
0.566501  0.0924322  0.202334  0.594076  0.398624  0.598957  0.566501  0.0924322  0.202334  0.594076  0.398624  0.598957  
0.997659  0.10037  0.499893  0.602478  0.899328  0.891828  0.997659  0.10037  0.499893  0.602478  0.899328  0.891828  
0.000779048  0.696432  0.999942  0.301505  0.796096  0.195724  0.000779048  0.696432  0.999942  0.301505  0.796096  0.195724  
1  0.89319  0.999716  0.302499  0.304734  0.899564  1  0.89319  0.999716  0.302499  0.304734  0.899564  
0  0.897702  0.99972  0.892244  0.124829  0.300634  0  0.897702  0.99972  0.892244  0.124829  0.300634  
1  0.00993984  0.198968  0.203212  4.32322e-06  0.202008  1  0.00993984  0.198968  0.203212  4.32322e-06  0.202008  
0.712839  0.801386  0.498157  0.0976242  0.499088  0.000340954  0.712839  0.801386  0.498157  0.0976242  0.499088  0.000340954  
5.31321e-05  0.703292  0.00138932  0.896676  0.802205  0.106474  5.31321e-05  0.703292  0.00138932  0.896676  0.802205  0.106474  
0.19791  0.999301  0.49883  0.895396  0.099867  0.902786  0.19791  0.999301  0.49883  0.895396  0.099867  0.902786  
0.881787  0.401662  0.998095  0.698283  1.19974e-05  0.898612  0.881787  0.401662  0.998095  0.698283  1.19974e-05  0.898612  
0.992997  0.202573  0.999515  0.698632  0.99993  0.705558  0.992997  0.202573  0.999515  0.698632  0.99993  0.705558  
0.159012  0.694404  0.798712  4.89723e-06  0.998143  0.489294  0.159012  0.694404  0.798712  4.89723e-06  0.998143  0.489294  
0.300176  0.200035  0.49995  0.500083  0.700173  0.899776  0.300176  0.200035  0.49995  0.500083  0.700173  0.899776  
0.895422  0.49989  0.299858  0.500731  0.200212  0.304298  0.895422  0.49989  0.299858  0.500731  0.200212  0.304298  
0.00187831  0.500373  0.601451  0.498961  0.910374  0.504029  0.00187831  0.500373  0.601451  0.498961  0.910374  0.504029  
0.808729  0.499929  0.700732  0.300841  0.803193  0.401916  0.808729  0.499929  0.700732  0.300841  0.803193  0.401916  
1  0.19986  0.484954  0.297311  0.400126  0.672078  1  0.19986  0.484954  0.297311  0.400126  0.672078  
0  0.298285  0.499756  0.400338  0.999228  0.499247  0  0.298285  0.499756  0.400338  0.999228  0.499247  
0.423145  0.20002  0.600394  0.500108  0.399647  0.300179  0.423145  0.20002  0.600394  0.500108  0.399647  0.300179  
0.687396  0.500455  0.500425  0.300883  0.800918  0.699771  0.687396  0.500455  0.500425  0.300883  0.800918  0.699771  
0.983622  0.202121  0.200651  0.699158  0.601516  0.599719  0.983622  0.202121  0.200651  0.699158  0.601516  0.599719  
0.00531148  0.506084  0.200181  0.601482  0.498691  0.49942  0.00531148  0.506084  0.200181  0.601482  0.498691  0.49942  
0.310291  0.600332  0.3994  0.296356  0.300374  0.40083  0.310291  0.600332  0.3994  0.296356  0.300374  0.40083  
0.938186  0.797502  0.499371  0.300219  0.399971  0.599719  0.938186  0.797502  0.499371  0.300219  0.399971  0.599719  
1  0.0961216  0.698423  0.302028  0.603886  0.295633  1  0.0961216  0.698423  0.302028  0.603886  0.295633  
0  0.299971  0.90235  0.30018  0.400493  0.300848  0  0.299971  0.90235  0.30018  0.400493  0.300848  
6.44046e-06  0.500104  0.499747  0.500182  0.897052  0.198476  6.44046e-06  0.500104  0.499747  0.500182  0.897052  0.198476  
0.167292  0.801482  0.397351  0.498194  0.600956  0.399965  0.167292  0.801482  0.397351  0.498194  0.600956  0.399965  
0.866099  0.801482  0.300111  0.498116  0.600811  0.399961  0.866099  0.801482  0.300111  0.498116  0.600811  0.399961  
0.00168385  0.4999  0.500387  0.099487  0.3997  0.499867  0.00168385  0.4999  0.500387  0.099487  0.3997  0.499867  
0.483641  0.203141  0.499534  0.500627  0.50002  0.699903  0.483641  0.203141  0.499534  0.500627  0.50002  0.699903  
1  0.800228  0.200651  0.697769  0.599561  0.599719  1  0.800228  0.200651  0.697769  0.599561  0.599719  
1  0.200035  0.499936  0.500091  0.700358  0.404003  1  0.200035  0.499936  0.500091  0.700358  0.404003  
1.52048e-20  0.399707  0.800284  0.300327  0.500008  0.599608  1.52048e-20  0.399707  0.800284  0.300327  0.500008  0.599608  
1.78981e-05  0.500105  0.6004  0.499546  0.200784  0.49882  1.78981e-05  0.500105  0.6004  0.499546  0.200784  0.49882  
0.999079  0.512181  0.684057  0.601092  0.400309  0.882378  0.999079  0.512181  0.684057  0.601092  0.400309  0.882378  
1  0.19986  0.399892  0.501648  0.400126  0.500168  1  0.19986  0.399892  0.501648  0.400126  0.500168  
0.999354  0.799679  0.500096  0.49864  0.499966  0.401039  0.999354  0.799679  0.500096  0.49864  0.499966  0.401039  
0.990234  0.497534  0.500207  0.601092  0.400309  0.699973  0.990234  0.497534  0.500207  0.601092  0.400309  0.699973  
0.927287  0.500274  0.499787  0.299649  0.400266  0.69971  0.927287  0.500274  0.499787  0.299649  0.400266  0.69971  
0.719323  0.500344  0.595491  0.499268  0.596767  0.299568  0.719323  0.500344  0.595491  0.499268  0.596767  0.299568  
0.39375  0.400386  0.500264  0.598209  0.398869  0.700132  0.39375  0.400386  0.500264  0.598209  0.398869  0.700132  
5.26703e-10  0.701951  0.499114  0.400827  0.699472  0.496242  5.26703e-10  0.701951  0.499114  0.400827  0.699472  0.496242  
0.999147  0.500211  0.500256  0.799733  0.500027  0.499745  0.999147  0.500211  0.500256  0.799733  0.500027  0.499745  
1  0.599122  0.699363  0.500169  0.599595  0.599274  1  0.599122  0.699363  0.500169  0.599595  0.599274  
0.0963631  0.299526  0.500258  0.400102  0.597862  0.499026  0.0963631  0.299526  0.500258  0.400102  0.597862  0.499026  
0.86941  0.701291  0.50019  0.49969  0.500115  0.699778  0.86941  0.701291  0.50019  0.49969  0.500115  0.699778  
0.301358  0.500344  0.501036  0.499268  0.69927  0.299568  0.301358  0.500344  0.501036  0.499268  0.69927  0.299568  
2.28051e-05  0.499931  0.499361  0.500905  0.499368  0.499749  2.28051e-05  0.499931  0.499361  0.500905  0.499368  0.499749  
0.659205  0.500674  0.501198  0.301708  0.59996  0.4997  0.659205  0.500674  0.501198  0.301708  0.59996  0.4997  
0  0.20052  0.500012  0.300255  0.400086  0.400301  0  0.20052  0.500012  0.300255  0.400086  0.400301  
0.185679  0.500122  0.30002  0.50015  0.500103  0.600221  0.185679  0.500122  0.30002  0.50015  0.500103  0.600221  
0.565803  0.500211  0.603448  0.799733  0.500027  0.498887  0.565803  0.500211  0.603448  0.799733  0.500027  0.498887  
0.00384649  0.500085  0.500195  0.30084  0.400266  0.69971  0.00384649  0.500085  0.500195  0.30084  0.400266  0.69971  
3.9513e-05  0.500422  0.499656  0.298327  0.600116  0.300502  3.9513e-05  0.500422  0.499656  0.298327  0.600116  0.300502  
0  0.499891  0.299863  0.5006  0.598518  0.300079  0  0.499891  0.299863  0.5006  0.598518  0.300079  
0  0.799553  0.499371  0.300219  0.399971  0.599719  0  0.799553  0.499371  0.300219  0.399971  0.599719  
0.999504  0.500055  0.299867  0.501456  0.500102  0.299878  0.999504  0.500055  0.299867  0.501456  0.500102  0.299878  
0.228655  0.501253  0.700732  0.299842  0.50048  0.397778  0.228655  0.501253  0.700732  0.299842  0.50048  0.397778  
0.106424  0.69923  0.500287  0.500211  0.40009  0.400629  0.106424  0.69923  0.500287  0.500211  0.40009  0.400629  
0.602271  0.701291  0.698019  0.499976  0.50017  0.699778  0.602271  0.701291  0.698019  0.499976  0.50017  0.699778  
0.320262  0.499786  0.499604  0.500134  0.500715  0.499882  0.320262  0.499786  0.499604  0.500134  0.500715  0.499882  
8.81253e-11  0.499797  0.499968  0.799914  0.59996  0.499744  8.81253e-11  0.499797  0.499968  0.799914  0.59996  0.499744  
0.214417  0.300201  0.302211  0.498192  0.600811  0.399961  0.214417  0.300201  0.302211  0.498192  0.600811  0.399961  
0.953141  0.499786  0.500097  0.500133  0.500028  0.499882  0.953141  0.499786  0.500097  0.500133  0.500028  0.499882  
0.263786  0.700859  0.699416  0.498621  0.499729  0.399102  0.263786  0.700859  0.699416  0.498621  0.499729  0.399102  
0.58369  0.499229  0.499959  0.598071  0.604201  0.499711  0.58369  0.499229  0.499959  0.598071  0.604201  0.499711  
0.713349  0.500218  0.30002  0.500066  0.500248  0.600221  0.713349  0.500218  0.30002  0.500066  0.500248  0.600221  
0.904808  0.600332  0.400732  0.300176  0.300374  0.40083  0.904808  0.600332  0.400732  0.300176  0.300374  0.40083  
0.709397  0.500656  0.299631  0.500834  0.499208  0.299878  0.709397  0.500656  0.299631  0.500834  0.499208  0.299878  
1.46047e-05  0.701291  0.500221  0.500115  0.500224  0.699778  1.46047e-05  0.701291  0.500221  0.500115  0.500224  0.699778  
0.824465  0.700859  0.699416  0.500135  0.500162  0.40053  0.824465  0.700859  0.699416  0.500135  0.500162  0.40053  
0.993352  0.500344  0.601789  0.498502  0.403716  0.299603  0.993352  0.500344  0.601789  0.498502  0.403716  0.299603  
0.49987  0.299069  0.499049  0.401102  0.404179  0.499026  0.49987  0.299069  0.499049  0.401102  0.404179  0.499026  
0.0142691  0.600332  0.400521  0.300176  0.300374  0.40083  0.0142691  0.600332  0.400521  0.300176  0.300374  0.40083  
0.000172482  0.498078  0.799294  0.600402  0.498027  0.500643  0.000172482  0.498078  0.799294  0.600402  0.498027  0.500643  
0.999496  0.499842  0.304998  0.300777  0.695154  0.399426  0.999496  0.499842  0.304998  0.300777  0.695154  0.399426  
0.86941  0.297031  0.50019  0.499978  0.500115  0.701224  0.86941  0.297031  0.50019  0.499978  0.500115  0.701224  
0.398382  0.799679  0.500096  0.498631  0.499966  0.401039  0.398382  0.799679  0.500096  0.498631  0.499966  0.401039  
0.233253  0.69968  0.500194  0.600483  0.399893  0.699771  0.233253  0.69968  0.500194  0.600483  0.399893  0.699771  
0.606798  0.500315  0.799285  0.600402  0.399588  0.500131  0.606798  0.500315  0.799285  0.600402  0.399588  0.500131  
0.00752857  0.500361  0.69935  0.499268  0.501204  0.299568  0.00752857  0.500361  0.69935  0.499268  0.501204  0.299568  
0.999989  0.20003  0.600394  0.500108  0.399647  0.299603  0.999989  0.20003  0.600394  0.500108  0.399647  0.299603  
0.808729  0.499929  0.700732  0.300841  0.499855  0.401916  0.808729  0.499929  0.700732  0.300841  0.499855  0.401916  
0.998441  0.498078  0.799271  0.600402  0.399588  0.500131  0.998441  0.498078  0.799271  0.600402  0.399588  0.500131  
2.79668e-05  0.200135  0.500488  0.500019  0.499962  0.699903  2.79668e-05  0.200135  0.500488  0.500019  0.499962  0.699903  
0  0.19782  0.300691  0.501117  0.59809  0.300208  0  0.19782  0.300691  0.501117  0.59809  0.300208  
1  0.604914  0.502714  0.298317  0.604109  0.29723  1  0.604914  0.502714  0.298317  0.604109  0.29723  
0.00531148  0.499988  0.200181  0.300764  0.498691  0.49942  0.00531148  0.499988  0.200181  0.300764  0.498691  0.49942  
1  0.499809  0.699084  0.499268  0.700418  0.299568  1  0.499809  0.699084  0.499268  0.700418  0.299568  
0.980664  0.500122  0.6004  0.500426  0.200784  0.498866  0.980664  0.500122  0.6004  0.500426  0.200784  0.498866  
0.000239449  0.499928  0.299914  0.50015  0.200784  0.499825  0.000239449  0.499928  0.299914  0.50015  0.200784  0.499825  
1  0.695285  0.810006  0.293237  0.400108  0.600993  1  0.695285  0.810006  0.293237  0.400108  0.600993  
0.505853  0.500122  0.6004  0.500426  0.200784  0.49879  0.505853  0.500122  0.6004  0.500426  0.200784  0.49879  
0.993639  0.500143  0.299388  0.500085  0.696341  0.599744  0.993639  0.500143  0.299388  0.500085  0.696341  0.599744  
0.812475  0.20063  0.500286  0.400102  0.599088  0.500902  0.812475  0.20063  0.500286  0.400102  0.599088  0.500902  
0.319118  0.700859  0.397253  0.499821  0.599518  0.596527  0.319118  0.700859  0.397253  0.499821  0.599518  0.596527  
0.999487  0.499947  0.500397  0.099487  0.399628  0.502159  0.999487  0.499947  0.500397  0.099487  0.399628  0.502159  
0.59222  0.600332  0.399959  0.300163  0.300374  0.40083  0.59222  0.600332  0.399959  0.300163  0.300374  0.40083  
0.999988  0.497804  0.798616  0.201122  0.700321  0.498917  0.999988  0.497804  0.798616  0.201122  0.700321  0.498917  
0.19242  0.500455  0.49902  0.300883  0.701172  0.699771  0.19242  0.500455  0.49902  0.300883  0.701172  0.699771  
0.00034281  0.499729  0.50009  0.500093  0.500008  0.89461  0.00034281  0.499729  0.50009  0.500093  0.500008  0.89461  
1  0.200283  0.800205  0.699792  0.400051  0.600073  1  0.200283  0.800205  0.699792  0.400051  0.600073  
1  0.200035  0.49995  0.500083  0.700173  0.899776  1  0.200035  0.49995  0.500083  0.700173  0.899776  
3.74725e-05  0.200536  0.698269  0.499411  0.499221  0.299702  3.74725e-05  0.200536  0.698269  0.499411  0.499221  0.299702  
0  0.800043  0.200108  0.399192  0.499899  0.400752  0  0.800043  0.200108  0.399192  0.499899  0.400752  
0.372266  0.50026  0.299631  0.500312  0.499208  0.299878  0.372266  0.50026  0.299631  0.500312  0.499208  0.299878  
0.994715  0.499823  0.299858  0.500246  0.200212  0.603005  0.994715  0.499823  0.299858  0.500246  0.200212  0.603005  
0.712596  0.499838  0.799292  0.600419  0.698456  0.499704  0.712596  0.499838  0.799292  0.600419  0.698456  0.499704  
0.94284  0.200483  0.499972  0.29955  0.400086  0.399381  0.94284  0.200483  0.499972  0.29955  0.400086  0.399381  
0.451939  0.400058  0.800301  0.501901  0.498758  0.602133  0.451939  0.400058  0.800301  0.501901  0.498758  0.602133  
0.836126  0.500255  0.500566  0.498181  0.799568  0.703428  0.836126  0.500255  0.500566  0.498181  0.799568  0.703428  
0.015281  0.5  0.5  0.5  0.5  0.5  0.015281  0.5  0.5  0.5  0.5  0.5  
0.0703989  0.5  0.5  0.5  0.5  0.5  0.0703989  0.5  0.5  0.5  0.5  0.5  
1  0.5  0.5  0.5  0.5  0.5  1  0.5  0.5  0.5  0.5  0.5  
0.694724  0.5  0.5  0.5  0.5  0.5  0.694724  0.5  0.5  0.5  0.5  0.5  
0.85989  0.5  0.5  0.5  0.5  0.5  0.85989  0.5  0.5  0.5  0.5  0.5  
0.321165  0.5  0.5  0.5  0.5  0.5  0.321165  0.5  0.5  0.5  0.5  0.5  
0.265624  0.5  0.5  0.5  0.5  0.5  0.265624  0.5  0.5  0.5  0.5  0.5  
0.452839  0.5  0.5  0.5  0.5  0.5  0.452839  0.5  0.5  0.5  0.5  0.5  
0.219001  0.5  0.5  0.5  0.5  0.5  0.219001  0.5  0.5  0.5  0.5  0.5  
0.674062  0.5  0.5  0.5  0.5  0.5  0.674062  0.5  0.5  0.5  0.5  0.5  
0.145192  0.5  0.5  0.5  0.5  0.5  0.145192  0.5  0.5  0.5  0.5  0.5  
0.78132  0.5  0.5  0.5  0.5  0.5  0.78132  0.5  0.5  0.5  0.5  0.5  
0.42998  0.5  0.5  0.5  0.5  0.5  0.42998  0.5  0.5  0.5  0.5  0.5  
0.547398  0.5  0.5  0.5  0.5  0.5  0.547398  0.5  0.5  0.5  0.5  0.5  
0.84484  0.5  0.5  0.5  0.5  0.5  0.84484  0.5  0.5  0.5  0.5  0.5  
0.960979  0.5  0.5  0.5  0.5  0.5  0.960979  0.5  0.5  0.5  0.5  0.5  
0.351901  0.5  0.5  0.5  0.5  0.5  0.351901  0.5  0.5  0.5  0.5  0.5  
0.906867  0.5  0.5  0.5  0.5  0.5  0.906867  0.5  0.5  0.5  0.5  0.5  
0.390707  0.5  0.5  0.5  0.5  0.5  0.390707  0.5  0.5  0.5  0.5  0.5  
0.79681  0.5  0.5  0.5  0.5  0.5  0.79681  0.5  0.5  0.5  0.5  0.5  
0.446661  0.5  0.5  0.5  0.5  0.5  0.446661  0.5  0.5  0.5  0.5  0.5  
0.257625  0.5  0.5  0.5  0.5  0.5  0.257625  0.5  0.5  0.5  0.5  0.5  
0.382853  0.5  0.5  0.5  0.5  0.5  0.382853  0.5  0.5  0.5  0.5  0.5  
0.312918  0.5  0.5  0.5  0.5  0.5  0.312918  0.5  0.5  0.5  0.5  0.5  
0.033973  0.5  0.5  0.5  0.5  0.5  0.033973  0.5  0.5  0.5  0.5  0.5  
0.586074  0.5  0.5  0.5  0.5  0.5  0.586074  0.5  0.5  0.5  0.5  0.5  
0.133285  0.5  0.5  0.5  0.5  0.5  0.133285  0.5  0.5  0.5  0.5  0.5  
0.976807  0.5  0.5  0.5  0.5  0.5  0.976807  0.5  0.5  0.5  0.5  0.5  
0.375193  0.5  0.5  0.5  0.5  0.5  0.375193  0.5  0.5  0.5  0.5  0.5  
0.704311  0.5  0.5  0.5  0.5  0.5  0.704311  0.5  0.5  0.5  0.5  0.5  
0.500183  0.5  0.5  0.5  0.5  0.5  0.500183  0.5  0.5  0.5  0.5  0.5  
0.733678  0.5  0.5  0.5  0.5  0.500023  0.733678  0.5  0.5  0.5  0.5  0.500023  
0.359675  0.5  0.5  0.5  0.5  0.5  0.359675  0.5  0.5  0.5  0.5  0.5  
0.398741  0.5  0.5  0.5  0.5  0.5  0.398741  0.5  0.5  0.5  0.5  0.5  
0.242325  0.5  0.5  0.5  0.5  0.5  0.242325  0.5  0.5  0.5  0.5  0.5  
0.922377  0.5  0.5  0.5  0.5  0.5  0.922377  0.5  0.5  0.5  0.5  0.5  
0.523557  0.5  0.5  0.5  0.5  0.5  0.523557  0.5  0.5  0.5  0.5  0.5  
0.226595  0.5  0.5  0.5  0.5  0.5  0.226595  0.5  0.5  0.5  0.5  0.5  
0.634409  0.5  0.5  0.5  0.5  0.5  0.634409  0.5  0.5  0.5  0.5  0.5  
0.0227958  0.5  0.5  0.5  0.5  0.5  0.0227958  0.5  0.5  0.5  0.5  0.5  
0.413206  0.5  0.5  0.5  0.5  0.5  0.413206  0.5  0.5  0.5  0.5  0.5  
0.969109  0.5  0.5  0.5  0.5  0.5  0.969109  0.5  0.5  0.5  0.5  0.5  
0.875678  0.5  0.5  0.5  0.5  0.5  0.875678  0.5  0.5  0.5  0.5  0.5  
0.491506  0.5  0.5  0.5  0.5  0.5  0.491506  0.5  0.5  0.5  0.5  0.5  
0.0565369  0.5  0.5  0.5  0.5  0.5  0.0565369  0.5  0.5  0.5  0.5  0.5  
0.298637  0.5  0.5  0.5  0.5  0.5  0.298637  0.5  0.5  0.5  0.5  0.5  
0.47701  0.5  0.5  0.5  0.5  0.5  0.47701  0.5  0.5  0.5  0.5  0.5  
0.234479  0.5  0.5  0.5  0.5  0.5  0.234479  0.5  0.5  0.5  0.5  0.5  
0.468184  0.5  0.5  0.5  0.5  0.5  0.468184  0.5  0.5  0.5  0.5  0.5  
0.804619  0.5  0.5  0.5  0.5  0.5  0.804619  0.5  0.5  0.5  0.5  0.5  
0.280724  0.5  0.5  0.5  0.5  0.5  0.280724  0.5  0.5  0.5  0.5  0.5  
0.531186  0.5  0.5  0.5  0.5  0.5  0.531186  0.5  0.5  0.5  0.5  0.5  
0.0936697  0.5  0.5  0.5  0.5  0.5  0.0936697  0.5  0.5  0.5  0.5  0.5  
0.626613  0.5  0.5  0.5  0.5  0.5  0.626613  0.5  0.5  0.5  0.5  0.5  
0.540385  0.5  0.5  0.5  0.5  0.5  0.540385  0.5  0.5  0.5  0.5  0.5  
0.953613  0.5  0.5  0.5  0.5  0.5  0.953613  0.5  0.5  0.5  0.5  0.5  
0.91427  0.5  0.5  0.5  0.5  0.5  0.91427  0.5  0.5  0.5  0.5  0.5  
0.82837  0.5  0.5  0.5  0.5  0.5  0.82837  0.5  0.5  0.5  0.5  0.5  
0.837022  0.5  0.5  0.5  0.5  0.5  0.837022  0.5  0.5  0.5  0.5  0.5  
0.666135  0.5  0.5  0.5  0.5  0.5  0.666135  0.5  0.5  0.5  0.5  0.5  
0.288411  0.5  0.5  0.5  0.5  0.5  0.288411  0.5  0.5  0.5  0.5  0.5  
0.682368  0.5  0.5  0.5  0.5  0.5  0.682368  0.5  0.5  0.5  0.5  0.5  
0.570157  0.5  0.5  0.5  0.5  0.5  0.570157  0.5  0.5  0.5  0.5  0.5  
0.748765  0.5  0.5  0.5  0.5  0.5  0.748765  0.5  0.5  0.5  0.5  0.5  
0.0781561  0.5  0.5  0.5  0.5  0.5  0.0781561  0.5  0.5  0.5  0.5  0.5  
0.9845  0.5  0.5  0.5  0.5  0.5  0.9845  0.5  0.5  0.5  0.5  0.5  
0.891003  0.5  0.5  0.5  0.5  0.5  0.891003  0.5  0.5  0.5  0.5  0.5  
0.562203  0.5  0.5  0.5  0.5  0.5  0.562203  0.5  0.5  0.5  0.5  0.5  
0.211338  0.5  0.5  0.5  0.5  0.5  0.211338  0.5  0.5  0.5  0.5  0.5  
0.642141  0.5  0.5  0.5  0.5  0.5  0.642141  0.5  0.5  0.5  0.5  0.5  
0.51546  0.5  0.5  0.5  0.5  0.5  0.51546  0.5  0.5  0.5  0.5  0.5  
0.766213  0.5  0.5  0.5  0.5  0.5  0.766213  0.5  0.5  0.5  0.5  0.5  
0.649194  0.5  0.5  0.5  0.5  0.5  0.649194  0.5  0.5  0.5  0.5  0.5  
3.29636e-06  0.5  0.5  0.5  0.5  0.5  3.29636e-06  0.5  0.5  0.5  0.5  0.5  
0.25029  0.5  0.5  0.5  0.5  0.5  0.25029  0.5  0.5  0.5  0.5  0.5  
0.328398  0.5  0.5  0.5  0.5  0.5  0.328398  0.5  0.5  0.5  0.5  0.5  
0.195669  0.5  0.5  0.5  0.5  0.5  0.195669  0.5  0.5  0.5  0.5  0.5  
0.598974  0.5  0.5  0.5  0.5  0.5  0.598974  0.5  0.5  0.5  0.5  0.5  
0.867329  0.5  0.5  0.5  0.5  0.5  0.867329  0.5  0.5  0.5  0.5  0.5  
0.203326  0.5  0.5  0.5  0.5  0.5  0.203326  0.5  0.5  0.5  0.5  0.5  
0.938018  0.5  0.5  0.5  0.5  0.5  0.938018  0.5  0.5  0.5  0.5  0.5  
0.718124  0.5  0.5  0.5  0.5  0.5  0.718124  0.5  0.5  0.5  0.5  0.5  
0.366871  0.5  0.5  0.5  0.5  0.5  0.366871  0.5  0.5  0.5  0.5  0.5  
0.61018  0.5  0.5  0.5  0.5  0.5  0.61018  0.5  0.5  0.5  0.5  0.5  
0.578295  0.5  0.5  0.5  0.5  0.5  0.578295  0.5  0.5  0.5  0.5  0.5  
0.813077  0.5  0.5  0.5  0.5  0.5  0.813077  0.5  0.5  0.5  0.5  0.5  
0.422068  0.5  0.5  0.5  0.5  0.5  0.422068  0.5  0.5  0.5  0.5  0.5  
0.0466358  0.5  0.5  0.5  0.5  0.5  0.0466358  0.5  0.5  0.5  0.5  0.5  
0.657856  0.5  0.5  0.5  0.5  0.5  0.657856  0.5  0.5  0.5  0.5  0.5  
0.619383  0.5  0.5  0.5  0.5  0.5  0.619383  0.5  0.5  0.5  0.5  0.5  
0.33653  0.5  0.5  0.5  0.5  0.5  0.33653  0.5  0.5  0.5  0.5  0.5  
0.116849  0.5  0.5  0.5  0.5  0.5  0.116849  0.5  0.5  0.5  0.5  0.5  
0.172913  0.5  0.5  0.5  0.5  0.5  0.172913  0.5  0.5  0.5  0.5  0.5  
0.187896  0.5  0.5  0.5  0.5  0.5  0.187896  0.5  0.5  0.5  0.5  0.5  
0.125233  0.5  0.5  0.5  0.5  0.5  0.125233  0.5  0.5  0.5  0.5  0.5  
0.109133  0.5  0.5  0.5  0.5  0.5  0.109133  0.5  0.5  0.5  0.5  0.5  
0.344161  0.5  0.5  0.5  0.5  0.5  0.344161  0.5  0.5  0.5  0.5  0.5  
0.437687  0.5  0.5  0.5  0.5  0.5  0.437687  0.5  0.5  0.5  0.5  0.5  
0.788957  0.5  0.5  0.5  0.5  0.5  0.788957  0.5  0.5  0.5  0.5  0.5  
0.159157  0.5  0.5  0.5  0.5  0.5  0.159157  0.5  0.5  0.5  0.5  0.5  
0.0828362  0.5  0.5  0.5  0.5  0.5  0.0828362  0.5  0.5  0.5  0.5  0.5  
0.0595377  0.5  0.5  0.5  0.5  0.5  0.0595377  0.5  0.5  0.5  0.5  0.5  
0.0705207  0.5  0.5  0.5  0.5  0.5  0.0705207  0.5  0.5  0.5  0.5  0.5  
0.210328  0.5  0.5  0.5  0.5  0.5  0.210328  0.5  0.5  0.5  0.5  0.5  
0.590627  0.5  0.5  0.5  0.5  0.5  0.590627  0.5  0.5  0.5  0.5  0.5  
0.771605  0.5  0.5  0.5  0.5  0.5  0.771605  0.5  0.5  0.5  0.5  0.5  
0.902567  0.5  0.5  0.5  0.5  0.5  0.902567  0.5  0.5  0.5  0.5  0.5  
0.458676  0.5  0.5  0.5  0.5  0.5  0.458676  0.5  0.5  0.5  0.5  0.5  
0.735893  0.5  0.5  0.5  0.5  0.5  0.735893  0.5  0.5  0.5  0.5  0.5  
0.761935  0.5  0.5  0.5  0.5  0.5  0.761935  0.5  0.5  0.5  0.5  0.5  
0.744678  0.5  0.5  0.5  0.5  0.5  0.744678  0.5  0.5  0.5  0.5  0.5  
0.82146  0.5  0.5  0.5  0.5  0.5  0.82146  0.5  0.5  0.5  0.5  0.5  
0.398161  0.5  0.5  0.5  0.5  0.5  0.398161  0.5  0.5  0.5  0.5  0.5  
0.598839  0.5  0.5  0.5  0.5  0.5  0.598839  0.5  0.5  0.5  0.5  0.5  
0.881754  0.5  0.5  0.5  0.5  0.5  0.881754  0.5  0.5  0.5  0.5  0.5  
0.553796  0.5  0.5  0.5  0.5  0.5  0.553796  0.5  0.5  0.5  0.5  0.5  
0.136666  0.5  0.5  0.5  0.5  0.5  0.136666  0.5  0.5  0.5  0.5  0.5  
0.871587  0.5  0.5  0.5  0.5  0.5  0.871587  0.5  0.5  0.5  0.5  0.5  
0.977915  0.5  0.5  0.5  0.5  0.5  0.977915  0.5  0.5  0.5  0.5  0.5  
0.478151  0.5  0.5  0.5  0.5  0.5  0.478151  0.5  0.5  0.5  0.5  0.5  
0.753149  0.5  0.5  0.5  0.5  0.5  0.753149  0.5  0.5  0.5  0.5  0.5  
0.832667  0.5  0.5  0.5  0.5  0.5  0.832667  0.5  0.5  0.5  0.5  0.5  
0.180128  0.5  0.5  0.5  0.5  0.5  0.180128  0.5  0.5  0.5  0.5  0.5  
0.533801  0.5  0.5  0.5  0.5  0.5  0.533801  0.5  0.5  0.5  0.5  0.5  
0.665661  0.5  0.5  0.5  0.5  0.5  0.665661  0.5  0.5  0.5  0.5  0.5  
0  0.5  0.5  0.5  0.5  0.5  0  0.5  0.5  0.5  0.5  0.5  
0.523802  0.5  0.5  0.5  0.5  0.5  0.523802  0.5  0.5  0.5  0.5  0.5  
0.160537  0.5  0.5  0.5  0.5  0.5  0.160537  0.5  0.5  0.5  0.5  0.5  
0.780239  0.5  0.5  0.5  0.5  0.5  0.780239  0.5  0.5  0.5  0.5  0.5  
0.657324  0.5  0.5  0.5  0.5  0.5  0.657324  0.5  0.5  0.5  0.5  0.5  
0.252501  0.5  0.5  0.5  0.5  0.5  0.252501  0.5  0.5  0.5  0.5  0.5  
0.719446  0.5  0.5  0.5  0.5  0.5  0.719446  0.5  0.5  0.5  0.5  0.5  
0.842963  0.5  0.5  0.5  0.5  0.5  0.842963  0.5  0.5  0.5  0.5  0.5  
0.430045  0.5  0.5  0.5  0.5  0.5  0.430045  0.5  0.5  0.5  0.5  0.5  
0.63841  0.5  0.5  0.5  0.5  0.5  0.63841  0.5  0.5  0.5  0.5  0.5  
0.687716  0.5  0.5  0.5  0.5  0.5  0.687716  0.5  0.5  0.5  0.5  0.5  
0.488255  0.5  0.5  0.5  0.5  0.5  0.488255  0.5  0.5  0.5  0.5  0.5  
0.323057  0.5  0.5  0.5  0.5  0.5  0.323057  0.5  0.5  0.5  0.5  0.5  
0.581414  0.5  0.5  0.5  0.5  0.5  0.581414  0.5  0.5  0.5  0.5  0.5  
0.312116  0.5  0.5  0.5  0.5  0.5  0.312116  0.5  0.5  0.5  0.5  0.5  
0.725441  0.5  0.5  0.5  0.5  0.5  0.725441  0.5  0.5  0.5  0.5  0.5  
0.894568  0.5  0.5  0.5  0.5  0.5  0.894568  0.5  0.5  0.5  0.5  0.5  
0.0481761  0.5  0.5  0.5  0.5  0.5  0.0481761  0.5  0.5  0.5  0.5  0.5  
0.810011  0.5  0.5  0.5  0.5  0.5  0.810011  0.5  0.5  0.5  0.5  0.5  
0.862401  0.5  0.5  0.5  0.5  0.5  0.862401  0.5  0.5  0.5  0.5  0.5  
0.128242  0.5  0.5  0.5  0.5  0.5  0.128242  0.5  0.5  0.5  0.5  0.5  
0.0950021  0.5  0.5  0.5  0.5  0.5  0.0950021  0.5  0.5  0.5  0.5  0.5  
0.3373  0.5  0.5  0.5  0.5  0.5  0.3373  0.5  0.5  0.5  0.5  0.5  
0.189232  0.5  0.5  0.5  0.5  0.5  0.189232  0.5  0.5  0.5  0.5  0.5  
0.967245  0.5  0.5  0.5  0.5  0.5  0.967245  0.5  0.5  0.5  0.5  0.5  
0.468598  0.5  0.5  0.5  0.5  0.5  0.468598  0.5  0.5  0.5  0.5  0.5  
0.40778  0.5  0.5  0.5  0.5  0.5  0.40778  0.5  0.5  0.5  0.5  0.5  
0.356302  0.5  0.5  0.5  0.5  0.5  0.356302  0.5  0.5  0.5  0.5  0.5  
0.379416  0.5  0.5  0.5  0.5  0.5  0.379416  0.5  0.5  0.5  0.5  0.5  
0.439579  0.5  0.5  0.5  0.5  0.5  0.439579  0.5  0.5  0.5  0.5  0.5  
0.572458  0.5  0.5  0.5  0.5  0.5  0.572458  0.5  0.5  0.5  0.5  0.5  
0.19902  0.5  0.5  0.5  0.5  0.5  0.19902  0.5  0.5  0.5  0.5  0.5  
0.788265  0.5  0.5  0.5  0.5  0.5  0.788265  0.5  0.5  0.5  0.5  0.5  
0.988708  0.5  0.5  0.5  0.5  0.5  0.988708  0.5  0.5  0.5  0.5  0.5  
0.85322  0.5  0.5  0.5  0.5  0.5  0.85322  0.5  0.5  0.5  0.5  0.5  
0.273377  0.5  0.5  0.5  0.5  0.5  0.273377  0.5  0.5  0.5  0.5  0.5  
0.925211  0.5  0.5  0.5  0.5  0.5  0.925211  0.5  0.5  0.5  0.5  0.5  
0.262398  0.5  0.5  0.5  0.5  0.5  0.262398  0.5  0.5  0.5  0.5  0.5  
0.913991  0.5  0.5  0.5  0.5  0.5  0.913991  0.5  0.5  0.5  0.5  0.5  
0.367881  0.5  0.5  0.5  0.5  0.5  0.367881  0.5  0.5  0.5  0.5  0.5  
0.347072  0.5  0.5  0.5  0.5  0.5  0.347072  0.5  0.5  0.5  0.5  0.5  
1  0.5  0.5  0.5  0.5  0.5  1  0.5  0.5  0.5  0.5  0.5  
0.170156  0.5  0.5  0.5  0.5  0.5  0.170156  0.5  0.5  0.5  0.5  0.5  
0.0400109  0.5  0.5  0.5  0.5  0.5  0.0400109  0.5  0.5  0.5  0.5  0.5  
0.947359  0.5  0.5  0.5  0.5  0.5  0.947359  0.5  0.5  0.5  0.5  0.5  
0.563601  0.5  0.5  0.5  0.5  0.5  0.563601  0.5  0.5  0.5  0.5  0.5  
0.628886  0.5  0.5  0.5  0.5  0.5  0.628886  0.5  0.5  0.5  0.5  0.5  
0.694651  0.5  0.5  0.5  0.5  0.5  0.694651  0.5  0.5  0.5  0.5  0.5  
0.957261  0.5  0.5  0.5  0.5  0.5  0.957261  0.5  0.5  0.5  0.5  0.5  
0.291858  0.5  0.5  0.5  0.5  0.5  0.291858  0.5  0.5  0.5  0.5  0.5  
0.514091  0.5  0.5  0.5  0.5  0.5  0.514091  0.5  0.5  0.5  0.5  0.5  
0.119259  0.5  0.5  0.5  0.5  0.5  0.119259  0.5  0.5  0.5  0.5  0.5  
0.149782  0.5  0.5  0.5  0.5  0.5  0.149782  0.5  0.5  0.5  0.5  0.5  
0.0183959  0.5  0.5  0.5  0.5  0.5  0.0183959  0.5  0.5  0.5  0.5  0.5  
0.0301683  0.5  0.5  0.5  0.5  0.5  0.0301683  0.5  0.5  0.5  0.5  0.5  
0.00913252  0.5  0.5  0.5  0.5  0.5  0.00913252  0.5  0.5  0.5  0.5  0.5  
0.6751  0.5  0.5  0.5  0.5  0.5  0.6751  0.5  0.5  0.5  0.5  0.5  
0.70554  0.5  0.5  0.5  0.5  0.5  0.70554  0.5  0.5  0.5  0.5  0.5  
0.10823  0.5  0.5  0.5  0.5  0.5  0.10823  0.5  0.5  0.5  0.5  0.5  
0.647963  0.5  0.5  0.5  0.5  0.5  0.647963  0.5  0.5  0.5  0.5  0.5  
0.232866  0.5  0.5  0.5  0.5  0.5  0.232866  0.5  0.5  0.5  0.5  0.5  
0.543953  0.5  0.5  0.5  0.5  0.5  0.543953  0.5  0.5  0.5  0.5  0.5  
0.619536  0.5  0.5  0.5  0.5  0.5  0.619536  0.5  0.5  0.5  0.5  0.5  
0.221941  0.5  0.5  0.5  0.5  0.5  0.221941  0.5  0.5  0.5  0.5  0.5  
0.506035  0.5  0.5  0.5  0.5  0.5  0.506035  0.5  0.5  0.5  0.5  0.5  
0.389057  0.5  0.5  0.5  0.5  0.5  0.389057  0.5  0.5  0.5  0.5  0.5  
0.936521  0.5  0.5  0.5  0.5  0.5  0.936521  0.5  0.5  0.5  0.5  0.5  
0.49774  0.5  0.5  0.5  0.5  0.5  0.49774  0.5  0.5  0.5  0.5  0.5  
0.610671  0.5  0.5  0.5  0.5  0.5  0.610671  0.5  0.5  0.5  0.5  0.5  
0.282602  0.5  0.5  0.5  0.5  0.5  0.282602  0.5  0.5  0.5  0.5  0.5  
0.302  0.5  0.5  0.5  0.5  0.5  0.302  0.5  0.5  0.5  0.5  0.5  
0.800776  0.5  0.5  0.5  0.5  0.5  0.800776  0.5  0.5  0.5  0.5  0.5  
0.448918  0.5  0.5  0.5  0.5  0.5  0.448918  0.5  0.5  0.5  0.5  0.5  
0.419102  0.5  0.5  0.5  0.5  0.5  0.419102  0.5  0.5  0.5  0.5  0.5  
0.242756  0.5  0.5  0.5  0.5  0.5  0.242756  0.5  0.5  0.5  0.5  0.5  
0.509063  0.5  0.5  0.5  0.5  0.5  0.509063  0.5  0.5  0.5  0.5  0.5  
0.607878  0.5  0.5  0.5  0.5  0.5  0.607878  0.5  0.5  0.5  0.5  0.5  
0.139531  0.5  0.5  0.5  0.5  0.5  0.139531  0.5  0.5  0.5  0.5  0.5  
0.810371  0.5  0.5  0.5  0.5  0.5  0.810371  0.5  0.5  0.5  0.5  0.5  
0.692773  0.5  0.5  0.5  0.5  0.5  0.692773  0.5  0.5  0.5  0.5  0.5  
0.327626  0.5  0.5  0.5  0.5  0.5  0.327626  0.5  0.5  0.5  0.5  0.5  
0.0299661  0.5  0.5  0.5  0.5  0.5  0.0299661  0.5  0.5  0.5  0.5  0.5  
0.847069  0.5  0.5  0.5  0.5  0.5  0.847069  0.5  0.5  0.5  0.5  0.5  
0.128262  0.5  0.5  0.5  0.5  0.5  0.128262  0.5  0.5  0.5  0.5  0.5  
0.527793  0.5  0.5  0.5  0.5  0.5  0.527793  0.5  0.5  0.5  0.5  0.5  
0.663525  0.5  0.5  0.5  0.5  0.5  0.663525  0.5  0.5  0.5  0.5  0.5  
0.397066  0.5  0.5  0.5  0.5  0.5  0.397066  0.5  0.5  0.5  0.5  0.5  
0.989292  0.5  0.5  0.5  0.5  0.5  0.989292  0.5  0.5  0.5  0.5  0.5  
0.37894  0.5  0.5  0.5  0.5  0.5  0.37894  0.5  0.5  0.5  0.5  0.5  
0.338805  0.5  0.5  0.5  0.5  0.5  0.338805  0.5  0.5  0.5  0.5  0.5  
0.200082  0.5  0.5  0.5  0.5  0.5  0.200082  0.5  0.5  0.5  0.5  0.5  
1  0.5  0.5  0.5  0.5  0.5  1  0.5  0.5  0.5  0.5  0.5  
0.0705846  0.5  0.5  0.5  0.5  0.5  0.0705846  0.5  0.5  0.5  0.5  0.5  
0.734952  0.5  0.5  0.5  0.5  0.5  0.734952  0.5  0.5  0.5  0.5  0.5  
0.458895  0.5  0.5  0.5  0.5  0.5  0.458895  0.5  0.5  0.5  0.5  0.5  
0.247785  0.5  0.5  0.5  0.5  0.5  0.247785  0.5  0.5  0.5  0.5  0.5  
0.387713  0.5  0.5  0.5  0.5  0.5  0.387713  0.5  0.5  0.5  0.5  0.5  
0.147409  0.5  0.5  0.5  0.5  0.5  0.147409  0.5  0.5  0.5  0.5  0.5  
0.838669  0.5  0.5  0.5  0.5  0.5  0.838669  0.5  0.5  0.5  0.5  0.5  
0.265611  0.5  0.5  0.5  0.5  0.5  0.265611  0.5  0.5  0.5  0.5  0.5  
0.799127  0.5  0.5  0.5  0.5  0.5  0.799127  0.5  0.5  0.5  0.5  0.5  
0.449557  0.5  0.5  0.5  0.5  0.5  0.449557  0.5  0.5  0.5  0.5  0.5  
0.369154  0.5  0.5  0.5  0.5  0.5  0.369154  0.5  0.5  0.5  0.5  0.5  
0.212136  0.5  0.5  0.5  0.5  0.5  0.212136  0.5  0.5  0.5  0.5  0.5  
0.110629  0.5  0.5  0.5  0.5  0.5  0.110629  0.5  0.5  0.5  0.5  0.5  
0.0584473  0.5  0.5  0.5  0.5  0.5  0.0584473  0.5  0.5  0.5  0.5  0.5  
0.585385  0.5  0.5  0.5  0.5  0.5  0.585385  0.5  0.5  0.5  0.5  0.5  
0.61491  0.5  0.5  0.5  0.5  0.5  0.61491  0.5  0.5  0.5  0.5  0.5  
0.713918  0.5  0.5  0.5  0.5  0.5  0.713918  0.5  0.5  0.5  0.5  0.5  
0.955375  0.5  0.5  0.5  0.5  0.5  0.955375  0.5  0.5  0.5  0.5  0.5  
0.255654  0.5  0.5  0.5  0.5  0.5  0.255654  0.5  0.5  0.5  0.5  0.5  
0.232743  0.5  0.5  0.5  0.5  0.5  0.232743  0.5  0.5  0.5  0.5  0.5  
0.428463  0.5  0.5  0.5  0.5  0.5  0.428463  0.5  0.5  0.5  0.5  0.5  
0.776299  0.5  0.5  0.5  0.5  0.5  0.776299  0.5  0.5  0.5  0.5  0.5  
0.517896  0.5  0.5  0.5  0.5  0.5  0.517896  0.5  0.5  0.5  0.5  0.5  
0.558582  0.5  0.5  0.5  0.5  0.5  0.558582  0.5  0.5  0.5  0.5  0.5  
0.820638  0.5  0.5  0.5  0.5  0.5  0.820638  0.5  0.5  0.5  0.5  0.5  
0.856711  0.5  0.5  0.5  0.5  0.5  0.856711  0.5  0.5  0.5  0.5  0.5  
0.978595  0.5  0.5  0.5  0.5  0.5  0.978595  0.5  0.5  0.5  0.5  0.5  
0.0106758  0.5  0.5  0.5  0.5  0.5  0.0106758  0.5  0.5  0.5  0.5  0.5  
0.177007  0.5  0.5  0.5  0.5  0.5  0.177007  0.5  0.5  0.5  0.5  0.5  
0.417945  0.5  0.5  0.5  0.5  0.5  0.417945  0.5  0.5  0.5  0.5  0.5  
0.500608  0.5  0.5  0.5  0.5  0.5  0.500608  0.5  0.5  0.5  0.5  0.5  
0.165091  0.5  0.5  0.5  0.5  0.5  0.165091  0.5  0.5  0.5  0.5  0.5  
0.0825121  0.5  0.5  0.5  0.5  0.5  0.0825121  0.5  0.5  0.5  0.5  0.5  
0.121348  0.5  0.5  0.5  0.5  0.5  0.121348  0.5  0.5  0.5  0.5  0.5  
0.470609  0.5  0.5  0.5  0.5  0.5  0.470609  0.5  0.5  0.5  0.5  0.5  
0.317286  0.5  0.5  0.5  0.5  0.5  0.317286  0.5  0.5  0.5  0.5  0.5  
0.944784  0.5  0.5  0.5  0.5  0.5  0.944784  0.5  0.5  0.5  0.5  0.5  
0.865152  0.5  0.5  0.5  0.5  0.5  0.865152  0.5  0.5  0.5  0.5  0.5  
0.893702  0.5  0.5  0.5  0.5  0.5  0.893702  0.5  0.5  0.5  0.5  0.5  
0.744828  0.5  0.5  0.5  0.5  0.5  0.744828  0.5  0.5  0.5  0.5  0.5  
0.491956  0.5  0.5  0.5  0.5  0.5  0.491956  0.5  0.5  0.5  0.5  0.5  
0.903726  0.5  0.5  0.5  0.5  0.5  0.903726  0.5  0.5  0.5  0.5  0.5  
0.623308  0.5  0.5  0.5  0.5  0.5  0.623308  0.5  0.5  0.5  0.5  0.5  
0.350137  0.5  0.5  0.5  0.5  0.5  0.350137  0.5  0.5  0.5  0.5  0.5  
0.438867  0.5  0.5  0.5  0.5  0.5  0.438867  0.5  0.5  0.5  0.5  0.5  
0.480638  0.5  0.5  0.5  0.5  0.5  0.480638  0.5  0.5  0.5  0.5  0.5  
0.967553  0.5  0.5  0.5  0.5  0.5  0.967553  0.5  0.5  0.5  0.5  0.5  
0.925477  0.5  0.5  0.5  0.5  0.5  0.925477  0.5  0.5  0.5  0.5  0.5  
0.287387  0.5  0.5  0.5  0.5  0.5  0.287387  0.5  0.5  0.5  0.5  0.5  
0.723443  0.5  0.5  0.5  0.5  0.5  0.723443  0.5  0.5  0.5  0.5  0.5  
0.359435  0.5  0.5  0.5  0.5  0.5  0.359435  0.5  0.5  0.5  0.5  0.5  
0.101135  0.5  0.5  0.5  0.5  0.5  0.101135  0.5  0.5  0.5  0.5  0.5  
0.155512  0.5  0.5  0.5  0.5  0.5  0.155512  0.5  0.5  0.5  0.5  0.5  
0.683042  0.5  0.5  0.5  0.5  0.5  0.683042  0.5  0.5  0.5  0.5  0.5  
0.629828  0.5  0.5  0.5  0.5  0.5  0.629828  0.5  0.5  0.5  0.5  0.5  
0.83038  0.5  0.5  0.5  0.5  0.5  0.83038  0.5  0.5  0.5  0.5  0.5  
0.0381445  0.5  0.5  0.5  0.5  0.5  0.0381445  0.5  0.5  0.5  0.5  0.5  
0.0908546  0.5  0.5  0.5  0.5  0.5  0.0908546  0.5  0.5  0.5  0.5  0.5  
0.539121  0.5  0.5  0.5  0.5  0.5  0.539121  0.5  0.5  0.5  0.5  0.5  
0.67422  0.5  0.5  0.5  0.5  0.5  0.67422  0.5  0.5  0.5  0.5  0.5  
0  0.5  0.5  0.5  0.5  0.5  0  0.5  0.5  0.5  0.5  0.5  
0.765796  0.5  0.5  0.5  0.5  0.5  0.765796  0.5  0.5  0.5  0.5  0.5  
0.916173  0.5  0.5  0.5  0.5  0.5  0.916173  0.5  0.5  0.5  0.5  0.5  
0.0474209  0.5  0.5  0.5  0.5  0.5  0.0474209  0.5  0.5  0.5  0.5  0.5  
0.0209261  0.5  0.5  0.5  0.5  0.5  0.0209261  0.5  0.5  0.5  0.5  0.5  
0.549631  0.5  0.5  0.5  0.5  0.5  0.549631  0.5  0.5  0.5  0.5  0.5  
0.652983  0.5  0.5  0.5  0.5  0.5  0.652983  0.5  0.5  0.5  0.5  0.5  
0.575197  0.5  0.5  0.5  0.5  0.5  0.575197  0.5  0.5  0.5  0.5  0.5  
0.702558  0.5  0.5  0.5  0.5  0.5  0.702558  0.5  0.5  0.5  0.5  0.5  
0.884592  0.5  0.5  0.5  0.5  0.5  0.884592  0.5  0.5  0.5  0.5  0.5  
0.641605  0.5  0.5  0.5  0.5  0.5  0.641605  0.5  0.5  0.5  0.5  0.5  
0.875083  0.5  0.5  0.5  0.5  0.5  0.875083  0.5  0.5  0.5  0.5  0.5  
0.221053  0.5  0.5  0.5  0.5  0.5  0.221053  0.5  0.5  0.5  0.5  0.5  
0.935356  0.5  0.5  0.5  0.5  0.5  0.935356  0.5  0.5  0.5  0.5  0.5  
0.594951  0.5  0.5  0.5  0.5  0.5  0.594951  0.5  0.5  0.5  0.5  0.5  
0.567412  0.5  0.5  0.5  0.5  0.5  0.567412  0.5  0.5  0.5  0.5  0.5  
0.788109  0.5  0.5  0.5  0.5  0.5  0.788109  0.5  0.5  0.5  0.5  0.5  
0.405942  0.5  0.5  0.5  0.5  0.5  0.405942  0.5  0.5  0.5  0.5  0.5  
0.756143  0.5  0.5  0.5  0.5  0.5  0.756143  0.5  0.5  0.5  0.5  0.5  
0.306287  0.5  0.5  0.5  0.5  0.5  0.306287  0.5  0.5  0.5  0.5  0.5  
0.297996  0.5  0.5  0.5  0.5  0.5  0.297996  0.5  0.5  0.5  0.5  0.5  
0.189241  0.5  0.5  0.5  0.5  0.5  0.189241  0.5  0.5  0.5  0.5  0.5  
0.276242  0.5  0.5  0.5  0.5  0.5  0.276242  0.5  0.5  0.5  0.5  0.5  
0.00975772  0.5  0.5  0.5  0.5  0.5  0.00975772  0.5  0.5  0.5  0.5  0.5  
0  0.5  0.5  0.5  0.5  0.5  0  0.5  0.5  0.5  0.5  0.5  
0.654769  0.5  0.5  0.5  0.5  0.5  0.654769  0.5  0.5  0.5  0.5  0.5  
0.616156  0.5  0.5  0.5  0.5  0.5  0.616156  0.5  0.5  0.5  0.5  0.5  
0.431238  0.5  0.5  0.5  0.5  0.5  0.431238  0.5  0.5  0.5  0.5  0.5  
0.327665  0.5  0.5  0.5  0.5  0.5  0.327665  0.5  0.5  0.5  0.5  0.5  
0.716383  0.5  0.5  0.5  0.5  0.5  0.716383  0.5  0.5  0.5  0.5  0.5  
0.780155  0.5  0.5  0.5  0.5  0.5  0.780155  0.5  0.5  0.5  0.5  0.5  
0.770113  0.5  0.5  0.5  0.5  0.5  0.770113  0.5  0.5  0.5  0.5  0.5  
0.377774  0.5  0.5  0.5  0.5  0.5  0.377774  0.5  0.5  0.5  0.5  0.5  
0.68534  0.5  0.5  0.5  0.5  0.5  0.68534  0.5  0.5  0.5  0.5  0.5  
0.750655  0.5  0.5  0.5  0.5  0.5  0.750655  0.5  0.5  0.5  0.5  0.5  
0.136011  0.5  0.5  0.5  0.5  0.5  0.136011  0.5  0.5  0.5  0.5  0.5  
0.305691  0.5  0.5  0.5  0.5  0.5  0.305691  0.5  0.5  0.5  0.5  0.5  
0.664673  0.5  0.5  0.5  0.5  0.5  0.664673  0.5  0.5  0.5  0.5  0.5  
0.554322  0.5  0.5  0.5  0.5  0.5  0.554322  0.5  0.5  0.5  0.5  0.5  
0.674512  0.5  0.5  0.5  0.5  0.5  0.674512  0.5  0.5  0.5  0.5  0.5  
0.892491  0.5  0.5  0.5  0.5  0.5  0.892491  0.5  0.5  0.5  0.5  0.5  
0.54452  0.5  0.5  0.5  0.5  0.5  0.54452  0.5  0.5  0.5  0.5  0.5  
0.155554  0.5  0.5  0.5  0.5  0.5  0.155554  0.5  0.5  0.5  0.5  0.5  
0.481218  0.5  0.5  0.5  0.5  0.5  0.481218  0.5  0.5  0.5  0.5  0.5  
0.438957  0.5  0.5  0.5  0.5  0.5  0.438957  0.5  0.5  0.5  0.5  0.5  
0.990016  0.5  0.5  0.5  0.5  0.5  0.990016  0.5  0.5  0.5  0.5  0.5  
0.954027  0.5  0.5  0.5  0.5  0.5  0.954027  0.5  0.5  0.5  0.5  0.5  
0.278677  0.5  0.5  0.5  0.5  0.5  0.278677  0.5  0.5  0.5  0.5  0.5  
0.402408  0.5  0.5  0.5  0.5  0.5  0.402408  0.5  0.5  0.5  0.5  0.5  
0.491325  0.5  0.5  0.5  0.5  0.5  0.491325  0.5  0.5  0.5  0.5  0.5  
0.0625148  0.5  0.5  0.5  0.5  0.5  0.0625148  0.5  0.5  0.5  0.5  0.5  
0.76146  0.5  0.5  0.5  0.5  0.5  0.76146  0.5  0.5  0.5  0.5  0.5  
0.708316  0.5  0.5  0.5  0.5  0.5  0.708316  0.5  0.5  0.5  0.5  0.5  
0.789679  0.5  0.5  0.5  0.5  0.5  0.789679  0.5  0.5  0.5  0.5  0.5  
0.284293  0.5  0.5  0.5  0.5  0.5  0.284293  0.5  0.5  0.5  0.5  0.5  
0.0287551  0.5  0.5  0.5  0.5  0.5  0.0287551  0.5  0.5  0.5  0.5  0.5  
0.410332  0.5  0.5  0.5  0.5  0.5  0.410332  0.5  0.5  0.5  0.5  0.5  
0.626013  0.5  0.5  0.5  0.5  0.5  0.626013  0.5  0.5  0.5  0.5  0.5  
0.638228  0.5  0.5  0.5  0.5  0.5  0.638228  0.5  0.5  0.5  0.5  0.5  
0.226927  0.5  0.5  0.5  0.5  0.5  0.226927  0.5  0.5  0.5  0.5  0.5  
0.295004  0.5  0.5  0.5  0.5  0.5  0.295004  0.5  0.5  0.5  0.5  0.5  
0.911724  0.5  0.5  0.5  0.5  0.5  0.911724  0.5  0.5  0.5  0.5  0.5  
0.882547  0.5  0.5  0.5  0.5  0.5  0.882547  0.5  0.5  0.5  0.5  0.5  
0.369297  0.5  0.5  0.5  0.5  0.5  0.369297  0.5  0.5  0.5  0.5  0.5  
0.388475  0.5  0.5  0.5  0.5  0.5  0.388475  0.5  0.5  0.5  0.5  0.5  
0.105204  0.5  0.5  0.5  0.5  0.5  0.105204  0.5  0.5  0.5  0.5  0.5  
0.0817171  0.5  0.5  0.5  0.5  0.5  0.0817171  0.5  0.5  0.5  0.5  0.5  
0.977981  0.5  0.5  0.5  0.5  0.5  0.977981  0.5  0.5  0.5  0.5  0.5  
0.396092  0.5  0.5  0.5  0.5  0.5  0.396092  0.5  0.5  0.5  0.5  0.5  
0.462117  0.5  0.5  0.5  0.5  0.5  0.462117  0.5  0.5  0.5  0.5  0.5  
0.318486  0.5  0.5  0.5  0.5  0.5  0.318486  0.5  0.5  0.5  0.5  0.5  
1  0.5  0.5  0.5  0.5  0.5  1  0.5  0.5  0.5  0.5  0.5  
0.0939538  0.5  0.5  0.5  0.5  0.5  0.0939538  0.5  0.5  0.5  0.5  0.5  
0.166396  0.5  0.5  0.5  0.5  0.5  0.166396  0.5  0.5  0.5  0.5  0.5  
0.184818  0.5  0.5  0.5  0.5  0.5  0.184818  0.5  0.5  0.5  0.5  0.5  
0.202403  0.5  0.5  0.5  0.5  0.5  0.202403  0.5  0.5  0.5  0.5  0.5  
0.115355  0.5  0.5  0.5  0.5  0.5  0.115355  0.5  0.5  0.5  0.5  0.5  
0.51924  0.5  0.5  0.5  0.5  0.5  0.51924  0.5  0.5  0.5  0.5  0.5  
0.0405405  0.5  0.5  0.5  0.5  0.5  0.0405405  0.5  0.5  0.5  0.5  0.5  
0.45124  0.5  0.5  0.5  0.5  0.5  0.45124  0.5  0.5  0.5  0.5  0.5  
0.347205  0.5  0.5  0.5  0.5  0.5  0.347205  0.5  0.5  0.5  0.5  0.5  
0.338182  0.5  0.5  0.5  0.5  0.5  0.338182  0.5  0.5  0.5  0.5  0.5  
0.584395  0.5  0.5  0.5  0.5  0.5  0.584395  0.5  0.5  0.5  0.5  0.5  
0.193707  0.5  0.5  0.5  0.5  0.5  0.193707  0.5  0.5  0.5  0.5  0.5  
0.855515  0.5  0.5  0.5  0.5  0.5  0.855515  0.5  0.5  0.5  0.5  0.5  
0.802523  0.5  0.5  0.5  0.5  0.5  0.802523  0.5  0.5  0.5  0.5  0.5  
0.944487  0.5  0.5  0.5  0.5  0.5  0.944487  0.5  0.5  0.5  0.5  0.5  
0.875412  0.5  0.5  0.5  0.5  0.5  0.875412  0.5  0.5  0.5  0.5  0.5  
0.848102  0.5  0.5  0.5  0.5  0.5  0.848102  0.5  0.5  0.5  0.5  0.5  
0.35694  0.5  0.5  0.5  0.5  0.5  0.35694  0.5  0.5  0.5  0.5  0.5  
0.510434  0.5  0.5  0.5  0.5  0.5  0.510434  0.5  0.5  0.5  0.5  0.5  
0.59487  0.5  0.5  0.5  0.5  0.5  0.59487  0.5  0.5  0.5  0.5  0.5  
0.96494  0.5  0.5  0.5  0.5  0.5  0.96494  0.5  0.5  0.5  0.5  0.5  
0.605619  0.5  0.5  0.5  0.5  0.5  0.605619  0.5  0.5  0.5  0.5  0.5  
0.0673836  0.5  0.5  0.5  0.5  0.5  0.0673836  0.5  0.5  0.5  0.5  0.5  
0.864754  0.5  0.5  0.5  0.5  0.5  0.864754  0.5  0.5  0.5  0.5  0.5  
0.472427  0.5  0.5  0.5  0.5  0.5  0.472427  0.5  0.5  0.5  0.5  0.5  
0.739198  0.5  0.5  0.5  0.5  0.5  0.739198  0.5  0.5  0.5  0.5  0.5  
0.836691  0.5  0.5  0.5  0.5  0.5  0.836691  0.5  0.5  0.5  0.5  0.5  
0.0510329  0.5  0.5  0.5  0.5  0.5  0.0510329  0.5  0.5  0.5  0.5  0.5  
0.420314  0.5  0.5  0.5  0.5  0.5  0.420314  0.5  0.5  0.5  0.5  0.5  
0.646044  0.5  0.5  0.5  0.5  0.5  0.646044  0.5  0.5  0.5  0.5  0.5  
0.825221  0.5  0.5  0.5  0.5  0.5  0.825221  0.5  0.5  0.5  0.5  0.5  
0.72783  0.5  0.5  0.5  0.5  0.5  0.72783  0.5  0.5  0.5  0.5  0.5  
0.921375  0.5  0.5  0.5  0.5  0.5  0.921375  0.5  0.5  0.5  0.5  0.5  
0.697124  0.5  0.5  0.5  0.5  0.5  0.697124  0.5  0.5  0.5  0.5  0.5  
0.535414  0.5  0.5  0.5  0.5  0.5  0.535414  0.5  0.5  0.5  0.5  0.5  
0.933278  0.5  0.5  0.5  0.5  0.5  0.933278  0.5  0.5  0.5  0.5  0.5  
0.900839  0.5  0.5  0.5  0.5  0.5  0.900839  0.5  0.5  0.5  0.5  0.5  
0.25726  0.5  0.5  0.5  0.5  0.5  0.25726  0.5  0.5  0.5  0.5  0.5  
0.565348  0.5  0.5  0.5  0.5  0.5  0.565348  0.5  0.5  0.5  0.5  0.5  
0.127132  0.5  0.5  0.5  0.5  0.5  0.127132  0.5  0.5  0.5  0.5  0.5  
0.175576  0.5  0.5  0.5  0.5  0.5  0.175576  0.5  0.5  0.5  0.5  0.5  
0.213461  0.5  0.5  0.5  0.5  0.5  0.213461  0.5  0.5  0.5  0.5  0.5  
0.500778  0.5  0.5  0.5  0.5  0.5  0.500778  0.5  0.5  0.5  0.5  0.5  
0.527619  0.5  0.5  0.5  0.5  0.5  0.527619  0.5  0.5  0.5  0.5  0.5  
0.814553  0.5  0.5  0.5  0.5  0.5  0.814553  0.5  0.5  0.5  0.5  0.5  
0.0194611  0.5  0.5  0.5  0.5  0.5  0.0194611  0.5  0.5  0.5  0.5  0.5  
0.247522  0.5  0.5  0.5  0.5  0.5  0.247522  0.5  0.5  0.5  0.5  0.5  
0.266909  0.5  0.5  0.5  0.5  0.5  0.266909  0.5  0.5  0.5  0.5  0.5  
0.575279  0.5  0.5  0.5  0.5  0.5  0.575279  0.5  0.5  0.5  0.5  0.5  
0.23713  0.5  0.5  0.5  0.5  0.5  0.23713  0.5  0.5  0.5  0.5  0.5  
0.145631  0.5  0.5  0.5  0.5  0.5  0.145631  0.5  0.5  0.5  0.5  0.5  
0.766822  0.5  0.5  0.5  0.5  0.5  0.766822  0.5  0.5  0.5  0.5  0.5  
0.0119679  0.5  0.5  0.5  0.5  0.5  0.0119679  0.5  0.5  0.5  0.5  0.5  
0.272158  0.5  0.5  0.5  0.5  0.5  0.272158  0.5  0.5  0.5  0.5  0.5  
0.101102  0.5  0.5  0.5  0.5  0.5  0.101102  0.5  0.5  0.5  0.5  0.5  
0.153995  0.5  0.5  0.5  0.5  0.5  0.153995  0.5  0.5  0.5  0.5  0.5  
0.175095  0.5  0.5  0.5  0.5  0.5  0.175095  0.5  0.5  0.5  0.5  0.5  
0.0872592  0.5  0.5  0.5  0.5  0.5  0.0872592  0.5  0.5  0.5  0.5  0.5  
0.446485  0.5  0.5  0.5  0.5  0.5  0.446485  0.5  0.5  0.5  0.5  0.5  
0.400225  0.5  0.5  0.5  0.5  0.5  0.400225  0.5  0.5  0.5  0.5  0.5  
0.456436  0.5  0.5  0.5  0.5  0.5  0.456436  0.5  0.5  0.5  0.5  0.5  
0.81931  0.5  0.5  0.5  0.5  0.5  0.81931  0.5  0.5  0.5  0.5  0.5  
0.522309  0.5  0.5  0.5  0.5  0.5  0.522309  0.5  0.5  0.5  0.5  0.5  
0.476398  0.5  0.5  0.5  0.5  0.5  0.476398  0.5  0.5  0.5  0.5  0.5  
0.0593656  0.5  0.5  0.5  0.5  0.5  0.0593656  0.5  0.5  0.5  0.5  0.5  
0.680934  0.5  0.5  0.5  0.5  0.5  0.680934  0.5  0.5  0.5  0.5  0.5  
0.378801  0.5  0.5  0.5  0.5  0.5  0.378801  0.5  0.5  0.5  0.5  0.5  
0.228096  0.5  0.5  0.5  0.5  0.5  0.228096  0.5  0.5  0.5  0.5  0.5  
0.165555  0.5  0.5  0.5  0.5  0.5  0.165555  0.5  0.5  0.5  0.5  0.5  
0.529819  0.5  0.5  0.5  0.5  0.5  0.529819  0.5  0.5  0.5  0.5  0.5  
0.33994  0.5  0.5  0.5  0.5  0.5  0.33994  0.5  0.5  0.5  0.5  0.5  
0.731751  0.5  0.5  0.5  0.5  0.5  0.731751  0.5  0.5  0.5  0.5  0.5  
0.941383  0.5  0.5  0.5  0.5  0.5  0.941383  0.5  0.5  0.5  0.5  0.5  
0.18389  0.5  0.5  0.5  0.5  0.5  0.18389  0.5  0.5  0.5  0.5  0.5  
0.925195  0.5  0.5  0.5  0.5  0.5  0.925195  0.5  0.5  0.5  0.5  0.5  
0.577367  0.5  0.5  0.5  0.5  0.5  0.577367  0.5  0.5  0.5  0.5  0.5  
0.988693  0.5  0.5  0.5  0.5  0.5  0.988693  0.5  0.5  0.5  0.5  0.5  
0.511459  0.5  0.5  0.5  0.5  0.5  0.511459  0.5  0.5  0.5  0.5  0.5  
0.0239089  0.5  0.5  0.5  0.5  0.5  0.0239089  0.5  0.5  0.5  0.5  0.5  
0.602042  0.5  0.5  0.5  0.5  0.5  0.602042  0.5  0.5  0.5  0.5  0.5  
0.855852  0.5  0.5  0.5  0.5  0.5  0.855852  0.5  0.5  0.5  0.5  0.5  
0.499267  0.5  0.5  0.5  0.5  0.5  0.499267  0.5  0.5  0.5  0.5  0.5  
0.319596  0.5  0.5  0.5  0.5  0.5  0.319596  0.5  0.5  0.5  0.5  0.5  
0.436895  0.5  0.5  0.5  0.5  0.5  0.436895  0.5  0.5  0.5  0.5  0.5  
0.0709973  0.5  0.5  0.5  0.5  0.5  0.0709973  0.5  0.5  0.5  0.5  0.5  
0.89418  0.5  0.5  0.5  0.5  0.5  0.89418  0.5  0.5  0.5  0.5  0.5  
0.651905  0.5  0.5  0.5  0.5  0.5  0.651905  0.5  0.5  0.5  0.5  0.5  
0.755251  0.5  0.5  0.5  0.5  0.5  0.755251  0.5  0.5  0.5  0.5  0.5  
0.261666  0.5  0.5  0.5  0.5  0.5  0.261666  0.5  0.5  0.5  0.5  0.5  
0.949603  0.5  0.5  0.5  0.5  0.5  0.949603  0.5  0.5  0.5  0.5  0.5  
0.348549  0.5  0.5  0.5  0.5  0.5  0.348549  0.5  0.5  0.5  0.5  0.5  
0.904781  0.5  0.5  0.5  0.5  0.5  0.904781  0.5  0.5  0.5  0.5  0.5  
0.35898  0.5  0.5  0.5  0.5  0.5  0.35898  0.5  0.5  0.5  0.5  0.5  
0.0498237  0.5  0.5  0.5  0.5  0.5  0.0498237  0.5  0.5  0.5  0.5  0.5  
0.216981  0.5  0.5  0.5  0.5  0.5  0.216981  0.5  0.5  0.5  0.5  0.5  
0.111336  0.5  0.5  0.5  0.5  0.5  0.111336  0.5  0.5  0.5  0.5  0.5  
0.283337  0.5  0.5  0.5  0.5  0.5  0.283337  0.5  0.5  0.5  0.5  0.5  
0.776565  0.5  0.5  0.5  0.5  0.5  0.776565  0.5  0.5  0.5  0.5  0.5  
0.886536  0.5  0.5  0.5  0.5  0.5  0.886536  0.5  0.5  0.5  0.5  0.5  
0.143625  0.5  0.5  0.5  0.5  0.5  0.143625  0.5  0.5  0.5  0.5  0.5  
1  0.5  0.5  0.5  0.5  0.5  1  0.5  0.5  0.5  0.5  0.5  
0.389581  0.5  0.5  0.5  0.5  0.5  0.389581  0.5  0.5  0.5  0.5  0.5  
0.63212  0.5  0.5  0.5  0.5  0.5  0.63212  0.5  0.5  0.5  0.5  0.5  
0.846269  0.5  0.5  0.5  0.5  0.5  0.846269  0.5  0.5  0.5  0.5  0.5  
0.612121  0.5  0.5  0.5  0.5  0.5  0.612121  0.5  0.5  0.5  0.5  0.5  
0.296358  0.5  0.5  0.5  0.5  0.5  0.296358  0.5  0.5  0.5  0.5  0.5  
0.0406492  0.5  0.5  0.5  0.5  0.5  0.0406492  0.5  0.5  0.5  0.5  0.5  
0.671551  0.5  0.5  0.5  0.5  0.5  0.671551  0.5  0.5  0.5  0.5  0.5  
0.968206  0.5  0.5  0.5  0.5  0.5  0.968206  0.5  0.5  0.5  0.5  0.5  
0.743927  0.5  0.5  0.5  0.5  0.5  0.743927  0.5  0.5  0.5  0.5  0.5  
0.567376  0.5  0.5  0.5  0.5  0.5  0.567376  0.5  0.5  0.5  0.5  0.5  
0.548763  0.5  0.5  0.5  0.5  0.5  0.548763  0.5  0.5  0.5  0.5  0.5  
0.801239  0.5  0.5  0.5  0.5  0.5  0.801239  0.5  0.5  0.5  0.5  0.5  
0.484064  0.5  0.5  0.5  0.5  0.5  0.484064  0.5  0.5  0.5  0.5  0.5  
0.308526  0.5  0.5  0.5  0.5  0.5  0.308526  0.5  0.5  0.5  0.5  0.5  
0.539632  0.5  0.5  0.5  0.5  0.5  0.539632  0.5  0.5  0.5  0.5  0.5  
0.933025  0.5  0.5  0.5  0.5  0.5  0.933025  0.5  0.5  0.5  0.5  0.5  
0.793108  0.5  0.5  0.5  0.5  0.5  0.793108  0.5  0.5  0.5  0.5  0.5  
0.410724  0.5  0.5  0.5  0.5  0.5  0.410724  0.5  0.5  0.5  0.5  0.5  
0.249851  0.5  0.5  0.5  0.5  0.5  0.249851  0.5  0.5  0.5  0.5  0.5  
0.120504  0.5  0.5  0.5  0.5  0.5  0.120504  0.5  0.5  0.5  0.5  0.5  
0.593394  0.5  0.5  0.5  0.5  0.5  0.593394  0.5  0.5  0.5  0.5  0.5  
0.131922  0.5  0.5  0.5  0.5  0.5  0.131922  0.5  0.5  0.5  0.5  0.5  
0.419222  0.5  0.5  0.5  0.5  0.5  0.419222  0.5  0.5  0.5  0.5  0.5  
0.585927  0.5  0.5  0.5  0.5  0.5  0.585927  0.5  0.5  0.5  0.5  0.5  
0.69332  0.5  0.5  0.5  0.5  0.5  0.69332  0.5  0.5  0.5  0.5  0.5  
0.705506  0.5  0.5  0.5  0.5  0.5  0.705506  0.5  0.5  0.5  0.5  0.5  
0.642143  0.5  0.5  0.5  0.5  0.5  0.642143  0.5  0.5  0.5  0.5  0.5  
0.827017  0.5  0.5  0.5  0.5  0.5  0.827017  0.5  0.5  0.5  0.5  0.5  
0.978492  0.5  0.5  0.5  0.5  0.5  0.978492  0.5  0.5  0.5  0.5  0.5  
0.3689  0.5  0.5  0.5  0.5  0.5  0.3689  0.5  0.5  0.5  0.5  0.5  
0.33036  0.5  0.5  0.5  0.5  0.5  0.33036  0.5  0.5  0.5  0.5  0.5  
0.618256  0.5  0.5  0.5  0.5  0.5  0.618256  0.5  0.5  0.5  0.5  0.5  
0.866666  0.5  0.5  0.5  0.5  0.5  0.866666  0.5  0.5  0.5  0.5  0.5  
0.559454  0.5  0.5  0.5  0.5  0.5  0.559454  0.5  0.5  0.5  0.5  0.5  
0.466936  0.5  0.5  0.5  0.5  0.5  0.466936  0.5  0.5  0.5  0.5  0.5  
0.958398  0.5  0.5  0.5  0.5  0.5  0.958398  0.5  0.5  0.5  0.5  0.5  
0.785642  0.5  0.5  0.5  0.5  0.5  0.785642  0.5  0.5  0.5  0.5  0.5  
0.195473  0.5  0.5  0.5  0.5  0.5  0.195473  0.5  0.5  0.5  0.5  0.5  
0.238736  0.5  0.5  0.5  0.5  0.5  0.238736  0.5  0.5  0.5  0.5  0.5  
0.717698  0.5  0.5  0.5  0.5  0.5  0.717698  0.5  0.5  0.5  0.5  0.5  
0.810767  0.5  0.5  0.5  0.5  0.5  0.810767  0.5  0.5  0.5  0.5  0.5  
0.0792859  0.5  0.5  0.5  0.5  0.5  0.0792859  0.5  0.5  0.5  0.5  0.5  
0.876569  0.5  0.5  0.5  0.5  0.5  0.876569  0.5  0.5  0.5  0.5  0.5  
0.427571  0.5  0.5  0.5  0.5  0.5  0.427571  0.5  0.5  0.5  0.5  0.5  
0.661563  0.5  0.5  0.5  0.5  0.5  0.661563  0.5  0.5  0.5  0.5  0.5  
0.834865  0.5  0.5  0.5  0.5  0.5  0.834865  0.5  0.5  0.5  0.5  0.5  
0.916654  0.5  0.5  0.5  0.5  0.5  0.916654  0.5  0.5  0.5  0.5  0.5  
0.205313  0.5  0.5  0.5  0.5  0.5  0.205313  0.5  0.5  0.5  0.5  0.5  
0  0.5  0.5  0.5  0.5  0.5  0  0.5  0.5  0.5  0.5  0.5  
0.0320371  0.5  0.5  0.5  0.5  0.5  0.0320371  0.5  0.5  0.5  0.5  0.5  
0.460877  0.5  0.5  0.5  0.5  0.5  0.460877  0.5  0.5  0.5  0.5  0.5  
0.640664  0.5  0.5  0.5  0.5  0.5  0.640664  0.5  0.5  0.5  0.5  0.5  
0.0662519  0.5  0.5  0.5  0.5  0.5  0.0662519  0.5  0.5  0.5  0.5  0.5  
0.0270723  0.5  0.5  0.5  0.5  0.5  0.0270723  0.5  0.5  0.5  0.5  0.5  
0.894996  0.5  0.5  0.5  0.5  0.5  0.894996  0.5  0.5  0.5  0.5  0.5  
0.0569245  0.5  0.5  0.5  0.5  0.5  0.0569245  0.5  0.5  0.5  0.5  0.5  
0.44116  0.5  0.5  0.5  0.5  0.5  0.44116  0.5  0.5  0.5  0.5  0.5  
0.966497  0.5  0.5  0.5  0.5  0.5  0.966497  0.5  0.5  0.5  0.5  0.5  
0.45066  0.5  0.5  0.5  0.5  0.5  0.45066  0.5  0.5  0.5  0.5  0.5  
0.184199  0.5  0.5  0.5  0.5  0.5  0.184199  0.5  0.5  0.5  0.5  0.5  
0.588167  0.5  0.5  0.5  0.5  0.5  0.588167  0.5  0.5  0.5  0.5  0.5  
0.874403  0.5  0.5  0.5  0.5  0.5  0.874403  0.5  0.5  0.5  0.5  0.5  
0.0994131  0.5  0.5  0.5  0.5  0.5  0.0994131  0.5  0.5  0.5  0.5  0.5  
0.740859  0.5  0.5  0.5  0.5  0.5  0.740859  0.5  0.5  0.5  0.5  0.5  
0.018352  0.5  0.5  0.5  0.5  0.5  0.018352  0.5  0.5  0.5  0.5  0.5  
0.777898  0.5  0.5  0.5  0.5  0.5  0.777898  0.5  0.5  0.5  0.5  0.5  
0.0364419  0.5  0.5  0.5  0.5  0.5  0.0364419  0.5  0.5  0.5  0.5  0.5  
0.855835  0.5  0.5  0.5  0.5  0.5  0.855835  0.5  0.5  0.5  0.5  0.5  
0.608654  0.5  0.5  0.5  0.5  0.5  0.608654  0.5  0.5  0.5  0.5  0.5  
0.538759  0.5  0.5  0.5  0.5  0.5  0.538759  0.5  0.5  0.5  0.5  0.5  
0.276247  0.5  0.5  0.5  0.5  0.5  0.276247  0.5  0.5  0.5  0.5  0.5  
0.671128  0.5  0.5  0.5  0.5  0.5  0.671128  0.5  0.5  0.5  0.5  0.5  
0.809495  0.5  0.5  0.5  0.5  0.5  0.809495  0.5  0.5  0.5  0.5  0.5  
0.256475  0.5  0.5  0.5  0.5  0.5  0.256475  0.5  0.5  0.5  0.5  0.5  
0.483373  0.5  0.5  0.5  0.5  0.5  0.483373  0.5  0.5  0.5  0.5  0.5  
0.828553  0.5  0.5  0.5  0.5  0.5  0.828553  0.5  0.5  0.5  0.5  0.5  
0.680902  0.5  0.5  0.5  0.5  0.5  0.680902  0.5  0.5  0.5  0.5  0.5  
0.286767  0.5  0.5  0.5  0.5  0.5  0.286767  0.5  0.5  0.5  0.5  0.5  
0.363779  0.5  0.5  0.5  0.5  0.5  0.363779  0.5  0.5  0.5  0.5  0.5  
0.691206  0.5  0.5  0.5  0.5  0.5  0.691206  0.5  0.5  0.5  0.5  0.5  
0.00932069  0.5  0.5  0.5  0.5  0.5  0.00932069  0.5  0.5  0.5  0.5  0.5  
0.128232  0.5  0.5  0.5  0.5  0.5  0.128232  0.5  0.5  0.5  0.5  0.5  
0.410387  0.5  0.5  0.5  0.5  0.5  0.410387  0.5  0.5  0.5  0.5  0.5  
0.749371  0.5  0.5  0.5  0.5  0.5  0.749371  0.5  0.5  0.5  0.5  0.5  
0.248334  0.5  0.5  0.5  0.5  0.5  0.248334  0.5  0.5  0.5  0.5  0.5  
0.203944  0.5  0.5  0.5  0.5  0.5  0.203944  0.5  0.5  0.5  0.5  0.5  
0.266397  0.5  0.5  0.5  0.5  0.5  0.266397  0.5  0.5  0.5  0.5  0.5  
0.581106  0.5  0.5  0.5  0.5  0.5  0.581106  0.5  0.5  0.5  0.5  0.5  
0.147041  0.5  0.5  0.5  0.5  0.5  0.147041  0.5  0.5  0.5  0.5  0.5  
0.955536  0.5  0.5  0.5  0.5  0.5  0.955536  0.5  0.5  0.5  0.5  0.5  
0.94489  0.5  0.5  0.5  0.5  0.5  0.94489  0.5  0.5  0.5  0.5  0.5  
0.788919  0.5  0.5  0.5  0.5  0.5  0.788919  0.5  0.5  0.5  0.5  0.5  
0.471516  0.5  0.5  0.5  0.5  0.5  0.471516  0.5  0.5  0.5  0.5  0.5  
0.926262  0.5  0.5  0.5  0.5  0.5  0.926262  0.5  0.5  0.5  0.5  0.5  
0.0904376  0.5  0.5  0.5  0.5  0.5  0.0904376  0.5  0.5  0.5  0.5  0.5  
0.346287  0.5  0.5  0.5  0.5  0.5  0.346287  0.5  0.5  0.5  0.5  0.5  
0.598818  0.5  0.5  0.5  0.5  0.5  0.598818  0.5  0.5  0.5  0.5  0.5  
0.495084  0.5  0.5  0.5  0.5  0.5  0.495084  0.5  0.5  0.5  0.5  0.5  
0.9352  0.5  0.5  0.5  0.5  0.5  0.9352  0.5  0.5  0.5  0.5  0.5  
0.213743  0.5  0.5  0.5  0.5  0.5  0.213743  0.5  0.5  0.5  0.5  0.5  
0.865819  0.5  0.5  0.5  0.5  0.5  0.865819  0.5  0.5  0.5  0.5  0.5  
0.227627  0.5  0.5  0.5  0.5  0.5  0.227627  0.5  0.5  0.5  0.5  0.5  
0.619854  0.5  0.5  0.5  0.5  0.5  0.619854  0.5  0.5  0.5  0.5  0.5  
0.235897  0.5  0.5  0.5  0.5  0.5  0.235897  0.5  0.5  0.5  0.5  0.5  
0.376209  0.5  0.5  0.5  0.5  0.5  0.376209  0.5  0.5  0.5  0.5  0.5  
0.548013  0.5  0.5  0.5  0.5  0.5  0.548013  0.5  0.5  0.5  0.5  0.5  
0.421048  0.5  0.5  0.5  0.5  0.5  0.421048  0.5  0.5  0.5  0.5  0.5  
0.430654  0.5  0.5  0.5  0.5  0.5  0.430654  0.5  0.5  0.5  0.5  0.5  
0.296944  0.5  0.5  0.5  0.5  0.5  0.296944  0.5  0.5  0.5  0.5  0.5  
0.720204  0.5  0.5  0.5  0.5  0.5  0.720204  0.5  0.5  0.5  0.5  0.5  
0.66112  0.5  0.5  0.5  0.5  0.5  0.66112  0.5  0.5  0.5  0.5  0.5  
0.73093  0.5  0.5  0.5  0.5  0.5  0.73093  0.5  0.5  0.5  0.5  0.5  
0.305636  0.5  0.5  0.5  0.5  0.5  0.305636  0.5  0.5  0.5  0.5  0.5  
0.33437  0.5  0.5  0.5  0.5  0.5  0.33437  0.5  0.5  0.5  0.5  0.5  
0.70036  0.5  0.5  0.5  0.5  0.5  0.70036  0.5  0.5  0.5  0.5  0.5  
0.519161  0.5  0.5  0.5  0.5  0.5  0.519161  0.5  0.5  0.5  0.5  0.5  
0.138179  0.5  0.5  0.5  0.5  0.5  0.138179  0.5  0.5  0.5  0.5  0.5  
0.355707  0.5  0.5  0.5  0.5  0.5  0.355707  0.5  0.5  0.5  0.5  0.5  
0.710562  0.5  0.5  0.5  0.5  0.5  0.710562  0.5  0.5  0.5  0.5  0.5  
0.559428  0.5  0.5  0.5  0.5  0.5  0.559428  0.5  0.5  0.5  0.5  0.5  
0.913867  0.5  0.5  0.5  0.5  0.5  0.913867  0.5  0.5  0.5  0.5  0.5  
0.506858  0.5  0.5  0.5  0.5  0.5  0.506858  0.5  0.5  0.5  0.5  0.5  
0.837886  0.5  0.5  0.5  0.5  0.5  0.837886  0.5  0.5  0.5  0.5  0.5  
0.0455009  0.5  0.5  0.5  0.5  0.5  0.0455009  0.5  0.5  0.5  0.5  0.5  
0.15621  0.5  0.5  0.5  0.5  0.5  0.15621  0.5  0.5  0.5  0.5  0.5  
0.570796  0.5  0.5  0.5  0.5  0.5  0.570796  0.5  0.5  0.5  0.5  0.5  
0.385235  0.5  0.5  0.5  0.5  0.5  0.385235  0.5  0.5  0.5  0.5  0.5  
0.977679  0.5  0.5  0.5  0.5  0.5  0.977679  0.5  0.5  0.5  0.5  0.5  
0.629175  0.5  0.5  0.5  0.5  0.5  0.629175  0.5  0.5  0.5  0.5  0.5  
0.312937  0.5  0.5  0.5  0.5  0.5  0.312937  0.5  0.5  0.5  0.5  0.5  
0.800142  0.5  0.5  0.5  0.5  0.5  0.800142  0.5  0.5  0.5  0.5  0.5  
0.164843  0.5  0.5  0.5  0.5  0.5  0.164843  0.5  0.5  0.5  0.5  0.5  
0.819081  0.5  0.5  0.5  0.5  0.5  0.819081  0.5  0.5  0.5  0.5  0.5  
0.118472  0.5  0.5  0.5  0.5  0.5  0.118472  0.5  0.5  0.5  0.5  0.5  
0.648734  0.5  0.5  0.5  0.5  0.5  0.648734  0.5  0.5  0.5  0.5  0.5  
0.987183  0.5  0.5  0.5  0.5  0.5  0.987183  0.5  0.5  0.5  0.5  0.5  
0.0793005  0.5  0.5  0.5  0.5  0.5  0.0793005  0.5  0.5  0.5  0.5  0.5  
0.175125  0.5  0.5  0.5  0.5  0.5  0.175125  0.5  0.5  0.5  0.5  0.5  
0.193924  0.5  0.5  0.5  0.5  0.5  0.193924  0.5  0.5  0.5  0.5  0.5  
0.322039  0.5  0.5  0.5  0.5  0.5  0.322039  0.5  0.5  0.5  0.5  0.5  
0.904614  0.5  0.5  0.5  0.5  0.5  0.904614  0.5  0.5  0.5  0.5  0.5  
0.759186  0.5  0.5  0.5  0.5  0.5  0.759186  0.5  0.5  0.5  0.5  0.5  
1  0.5  0.5  0.5  0.5  0.5  1  0.5  0.5  0.5  0.5  0.5  
0.768495  0.5  0.5  0.5  0.5  0.5  0.768495  0.5  0.5  0.5  0.5  0.5  
0.397445  0.5  0.5  0.5  0.5  0.5  0.397445  0.5  0.5  0.5  0.5  0.5  
0.884829  0.5  0.5  0.5  0.5  0.5  0.884829  0.5  0.5  0.5  0.5  0.5  
0.846798  0.5  0.5  0.5  0.5  0.5  0.846798  0.5  0.5  0.5  0.5  0.5  
0  0.5  0.5  0.5  0.5  0.5  0  0.5  0.5  0.5  0.5  0.5  
0.109058  0.5  0.5  0.5  0.5  0.5  0.109058  0.5  0.5  0.5  0.5  0.5  
0.528813  0.5  0.5  0.5  0.5  0.5  0.528813  0.5  0.5  0.5  0.5  0.5  
0.530585  0.5  0.5  0.5  0.5  0.5  0.530585  0.5  0.5  0.5  0.5  0.5  
0.92444  0.5  0.5  0.5  0.5  0.5  0.92444  0.5  0.5  0.5  0.5  0.5  
0.0245339  0.5  0.5  0.5  0.5  0.5  0.0245339  0.5  0.5  0.5  0.5  0.5  
0.192694  0.5  0.5  0.5  0.5  0.5  0.192694  0.5  0.5  0.5  0.5  0.5  
0.663454  0.5  0.5  0.5  0.5  0.5  0.663454  0.5  0.5  0.5  0.5  0.5  
0.500631  0.5  0.5  0.5  0.5  0.5  0.500631  0.5  0.5  0.5  0.5  0.5  
0.653118  0.5  0.5  0.5  0.5  0.5  0.653118  0.5  0.5  0.5  0.5  0.5  
0.805769  0.5  0.5  0.5  0.5  0.5  0.805769  0.5  0.5  0.5  0.5  0.5  
0.349478  0.5  0.5  0.5  0.5  0.5  0.349478  0.5  0.5  0.5  0.5  0.5  
0.318614  0.5  0.5  0.5  0.5  0.5  0.318614  0.5  0.5  0.5  0.5  0.5  
0.826022  0.5  0.5  0.5  0.5  0.5  0.826022  0.5  0.5  0.5  0.5  0.5  
0.224053  0.5  0.5  0.5  0.5  0.5  0.224053  0.5  0.5  0.5  0.5  0.5  
0.171484  0.5  0.5  0.5  0.5  0.5  0.171484  0.5  0.5  0.5  0.5  0.5  
0.243689  0.5  0.5  0.5  0.5  0.5  0.243689  0.5  0.5  0.5  0.5  0.5  
0.686662  0.5  0.5  0.5  0.5  0.5  0.686662  0.5  0.5  0.5  0.5  0.5  
0.33848  0.5  0.5  0.5  0.5  0.5  0.33848  0.5  0.5  0.5  0.5  0.5  
0.893038  0.5  0.5  0.5  0.5  0.5  0.893038  0.5  0.5  0.5  0.5  0.5  
0.0466485  0.5  0.5  0.5  0.5  0.5  0.0466485  0.5  0.5  0.5  0.5  0.5  
0.0576711  0.5  0.5  0.5  0.5  0.5  0.0576711  0.5  0.5  0.5  0.5  0.5  
0.642613  0.5  0.5  0.5  0.5  0.5  0.642613  0.5  0.5  0.5  0.5  0.5  
0.771473  0.5  0.5  0.5  0.5  0.5  0.771473  0.5  0.5  0.5  0.5  0.5  
0.779469  0.5  0.5  0.5  0.5  0.5  0.779469  0.5  0.5  0.5  0.5  0.5  
0.443441  0.5  0.5  0.5  0.5  0.5  0.443441  0.5  0.5  0.5  0.5  0.5  
0.2338  0.5  0.5  0.5  0.5  0.5  0.2338  0.5  0.5  0.5  0.5  0.5  
0.788858  0.5  0.5  0.5  0.5  0.5  0.788858  0.5  0.5  0.5  0.5  0.5  
0.492263  0.5  0.5  0.5  0.5  0.5  0.492263  0.5  0.5  0.5  0.5  0.5  
0.561438  0.5  0.5  0.5  0.5  0.5  0.561438  0.5  0.5  0.5  0.5  0.5  
0.708359  0.5  0.5  0.5  0.5  0.5  0.708359  0.5  0.5  0.5  0.5  0.5  
0.613801  0.5  0.5  0.5  0.5  0.5  0.613801  0.5  0.5  0.5  0.5  0.5  
0.359254  0.5  0.5  0.5  0.5  0.5  0.359254  0.5  0.5  0.5  0.5  0.5  
0.462647  0.5  0.5  0.5  0.5  0.5  0.462647  0.5  0.5  0.5  0.5  0.5  
0.901796  0.5  0.5  0.5  0.5  0.5  0.901796  0.5  0.5  0.5  0.5  0.5  
0.884968  0.5  0.5  0.5  0.5  0.5  0.884968  0.5  0.5  0.5  0.5  0.5  
0.622746  0.5  0.5  0.5  0.5  0.5  0.622746  0.5  0.5  0.5  0.5  0.5  
0.212618  0.5  0.5  0.5  0.5  0.5  0.212618  0.5  0.5  0.5  0.5  0.5  
0.0879006  0.5  0.5  0.5  0.5  0.5  0.0879006  0.5  0.5  0.5  0.5  0.5  
0.862388  0.5  0.5  0.5  0.5  0.5  0.862388  0.5  0.5  0.5  0.5  0.5  
0.162224  0.5  0.5  0.5  0.5  0.5  0.162224  0.5  0.5  0.5  0.5  0.5  
0.572482  0.5  0.5  0.5  0.5  0.5  0.572482  0.5  0.5  0.5  0.5  0.5  
0.416037  0.5  0.5  0.5  0.5  0.5  0.416037  0.5  0.5  0.5  0.5  0.5  
0.84283  0.5  0.5  0.5  0.5  0.5  0.84283  0.5  0.5  0.5  0.5  0.5  
0.934818  0.5  0.5  0.5  0.5  0.5  0.934818  0.5  0.5  0.5  0.5  0.5  
0.389173  0.5  0.5  0.5  0.5  0.5  0.389173  0.5  0.5  0.5  0.5  0.5  
0.751845  0.5  0.5  0.5  0.5  0.5  0.751845  0.5  0.5  0.5  0.5  0.5  
0.451186  0.5  0.5  0.5  0.5  0.5  0.451186  0.5  0.5  0.5  0.5  0.5  
0.593223  0.5  0.5  0.5  0.5  0.5  0.593223  0.5  0.5  0.5  0.5  0.5  
0.678173  0.5  0.5  0.5  0.5  0.5  0.678173  0.5  0.5  0.5  0.5  0.5  
0.427395  0.5  0.5  0.5  0.5  0.5  0.427395  0.5  0.5  0.5  0.5  0.5  
0.432755  0.5  0.5  0.5  0.5  0.5  0.432755  0.5  0.5  0.5  0.5  0.5  
0.987023  0.5  0.5  0.5  0.5  0.5  0.987023  0.5  0.5  0.5  0.5  0.5  
0.299471  0.5  0.5  0.5  0.5  0.5  0.299471  0.5  0.5  0.5  0.5  0.5  
0.833825  0.5  0.5  0.5  0.5  0.5  0.833825  0.5  0.5  0.5  0.5  0.5  
0.91373  0.5  0.5  0.5  0.5  0.5  0.91373  0.5  0.5  0.5  0.5  0.5  
0.377933  0.5  0.5  0.5  0.5  0.5  0.377933  0.5  0.5  0.5  0.5  0.5  
0.720127  0.5  0.5  0.5  0.5  0.5  0.720127  0.5  0.5  0.5  0.5  0.5  
0.482968  0.5  0.5  0.5  0.5  0.5  0.482968  0.5  0.5  0.5  0.5  0.5  
0  0.5  0.5  0.5  0.5  0.5  0  0.5  0.5  0.5  0.5  0.5  
0.742485  0.5  0.5  0.5  0.5  0.5  0.742485  0.5  0.5  0.5  0.5  0.5  
0.731819  0.5  0.5  0.5  0.5  0.5  0.731819  0.5  0.5  0.5  0.5  0.5  
0.327707  0.5  0.5  0.5  0.5  0.5  0.327707  0.5  0.5  0.5  0.5  0.5  
0.797444  0.5  0.5  0.5  0.5  0.5  0.797444  0.5  0.5  0.5  0.5  0.5  
0.52023  0.5  0.5  0.5  0.5  0.5  0.52023  0.5  0.5  0.5  0.5  0.5  
0.965538  0.5  0.5  0.5  0.5  0.5  0.965538  0.5  0.5  0.5  0.5  0.5  
0.285321  0.5  0.5  0.5  0.5  0.5  0.285321  0.5  0.5  0.5  0.5  0.5  
0.406992  0.5  0.5  0.5  0.5  0.5  0.406992  0.5  0.5  0.5  0.5  0.5  
0.399388  0.5  0.5  0.5  0.5  0.5  0.399388  0.5  0.5  0.5  0.5  0.5  
0.182614  0.5  0.5  0.5  0.5  0.5  0.182614  0.5  0.5  0.5  0.5  0.5  
0.540403  0.5  0.5  0.5  0.5  0.5  0.540403  0.5  0.5  0.5  0.5  0.5  
0.1329  0.5  0.5  0.5  0.5  0.5  0.1329  0.5  0.5  0.5  0.5  0.5  
0.761513  0.5  0.5  0.5  0.5  0.5  0.761513  0.5  0.5  0.5  0.5  0.5  
0.274538  0.5  0.5  0.5  0.5  0.5  0.274538  0.5  0.5  0.5  0.5  0.5  
0.0780745  0.5  0.5  0.5  0.5  0.5  0.0780745  0.5  0.5  0.5  0.5  0.5  
0.0140265  0.5  0.5  0.5  0.5  0.5  0.0140265  0.5  0.5  0.5  0.5  0.5  
0.974404  0.5  0.5  0.5  0.5  0.5  0.974404  0.5  0.5  0.5  0.5  0.5  
0.098992  0.5  0.5  0.5  0.5  0.5  0.098992  0.5  0.5  0.5  0.5  0.5  
0.551181  0.5  0.5  0.5  0.5  0.5  0.551181  0.5  0.5  0.5  0.5  0.5  
0.0337526  0.5  0.5  0.5  0.5  0.5  0.0337526  0.5  0.5  0.5  0.5  0.5  
0.696408  0.5  0.5  0.5  0.5  0.5  0.696408  0.5  0.5  0.5  0.5  0.5  
0.852114  0.5  0.5  0.5  0.5  0.5  0.852114  0.5  0.5  0.5  0.5  0.5  
0.2024  0.5  0.5  0.5  0.5  0.5  0.2024  0.5  0.5  0.5  0.5  0.5  
0.309367  0.5  0.5  0.5  0.5  0.5  0.309367  0.5  0.5  0.5  0.5  0.5  
0.944953  0.5  0.5  0.5  0.5  0.5  0.944953  0.5  0.5  0.5  0.5  0.5  
0.263715  0.5  0.5  0.5  0.5  0.5  0.263715  0.5  0.5  0.5  0.5  0.5  
0.110492  0.5  0.5  0.5  0.5  0.5  0.110492  0.5  0.5  0.5  0.5  0.5  
0.633237  0.5  0.5  0.5  0.5  0.5  0.633237  0.5  0.5  0.5  0.5  0.5  
0.116979  0.5  0.5  0.5  0.5  0.5  0.116979  0.5  0.5  0.5  0.5  0.5  
0.152339  0.5  0.5  0.5  0.5  0.5  0.152339  0.5  0.5  0.5  0.5  0.5  
0.473578  0.5  0.5  0.5  0.5  0.5  0.473578  0.5  0.5  0.5  0.5  0.5  
0.368707  0.5  0.5  0.5  0.5  0.5  0.368707  0.5  0.5  0.5  0.5  0.5  
0.814767  0.5  0.5  0.5  0.5  0.5  0.814767  0.5  0.5  0.5  0.5  0.5  
0.508768  0.5  0.5  0.5  0.5  0.5  0.508768  0.5  0.5  0.5  0.5  0.5  
0.582964  0.5  0.5  0.5  0.5  0.5  0.582964  0.5  0.5  0.5  0.5  0.5  
0.602787  0.5  0.5  0.5  0.5  0.5  0.602787  0.5  0.5  0.5  0.5  0.5  
0.254118  0.5  0.5  0.5  0.5  0.5  0.254118  0.5  0.5  0.5  0.5  0.5  
0.873961  0.5  0.5  0.5  0.5  0.5  0.873961  0.5  0.5  0.5  0.5  0.5  
0.141396  0.5  0.5  0.5  0.5  0.5  0.141396  0.5  0.5  0.5  0.5  0.5  
0.124717  0.5  0.5  0.5  0.5  0.5  0.124717  0.5  0.5  0.5  0.5  0.5  
0.955174  0.5  0.5  0.5  0.5  0.5  0.955174  0.5  0.5  0.5  0.5  0.5  
1  0.5  0.5  0.5  0.5  0.5  1  0.5  0.5  0.5  0.5  0.5  
0.0688029  0.5  0.5  0.5  0.5  0.5  0.0688029  0.5  0.5  0.5  0.5  0.5  
