1.05272  1.14588  6.44238  
1.94831  2.85252  3.59476  
1.29717  2.84991  5.26778  
1.23372  1.03645  6.49703  
1.20545  1.93564  5.74049  
1.47198  3.4504  3.52982  
1.84292  0.874717  5.77946  
0.695387  0.873437  6.60652  
2.01914  1.99865  4.44291  
1.66758  3.01451  4.70802  
1.6536  2.62149  4.91617  
1.76238  2.464  5.06618  
1.60129  3.36353  3.3363  
1.8684  2.00938  5.1472  
2.00017  3.56107  2.46006  
1.69105  2.00024  5.21773  
1.75295  3.9536  1.61439  
1.05536  1.6807  6.28873  
1.0636  2.15162  5.95818  
1.40476  1.5282  6.24278  
2.17923  2.56996  2.75875  
1.39799  2.27187  5.6621  
2.5194  1.65151  1.52635  
1.11929  2.54271  5.8201  
1.96067  2.84918  4.26897  
1.34414  2.54697  5.57285  
1.20562  1.5563  6.26077  
1.5576  1.03907  5.82854  
1.18615  4.44413  2.6323  
1.53214  2.1349  5.36636  
1.95624  2.60032  4.08343  
2.30987  2.67936  2.15383  
1.59735  1.01821  5.74266  
1.80705  3.3968  3.7173  
1.62744  1.28832  5.55505  
1.67883  2.44956  5.2717  
1.65341  2.14503  5.71109  
1.43293  2.34397  5.26716  
2.20434  2.02211  4.03723  
0.957728  2.37955  6.17583  
1.35879  4.02907  2.96476  
1.58569  3.89886  2.37643  
1.48185  1.09391  5.70347  
1.06903  2.9289  5.46688  
1.53072  3.32645  3.67262  
1.59  3.3829  3.47354  
1.83512  2.77364  3.99427  
1.7943  3.48164  1.87127  
1.43496  2.0646  5.67428  
1.4489  3.11714  4.728  
2.32354  2.18003  2.62813  
1.63906  3.24392  4.32365  
1.97313  1.35274  4.68154  
2.40582  1.98953  2.87853  
0.864339  1.50811  6.51389  
1.12879  2.0485  5.95065  
2.22056  2.17608  3.9186  
2.10245  2.28515  3.94813  
0.978285  3.98049  4.12057  
1.55122  1.53702  6.0522  
1.20612  4.3407  2.61357  
1.83945  2.04849  4.74536  
1.6888  2.28926  4.68345  
1.49566  4.05107  3.09643  
1.79486  3.1951  4.07915  
1.65546  3.99837  2.06695  
2.15496  1.43928  4.74986  
2.04082  2.43502  4.29619  
1.97764  2.63686  3.83715  
2.23871  2.37741  3.66844  
1.45399  1.63837  6.07065  
1.25436  1.4151  6.31448  
2.44327  1.82864  2.94109  
2.3453  2.09862  2.45177  
1.46403  2.96018  4.98302  
1.99268  2.32897  4.73352  
1.62755  3.92684  3.09397  
2.44073  2.43994  0.915504  
1.93883  3.11715  2.34607  
2.00357  3.46647  2.86671  
1.07467  2.11312  5.90758  
1.30835  1.5827  5.7097  
1.93119  2.25606  4.6031  
2.10119  1.05108  4.96474  
2.58814  1.94371  1.57705  
1.00741  2.7206  5.63888  
1.06332  0.866331  6.64687  
2.12198  3.08857  2.63867  
2.3593  2.61183  2.08074  
2.18461  1.73642  4.67693  
2.38431  1.97758  3.02245  
1.22831  1.62137  5.90858  
1.32618  4.18136  2.63589  
2.17978  2.71849  3.10011  
0.783193  0.825426  6.73514  
2.06851  2.48422  4.30646  
1.22124  1.64976  6.16448  
2.39267  1.36306  3.51107  
2.19249  1.85163  4.40195  
2.08186  1.67172  4.72148  
1.27912  1.64576  4.58877  
0.857175  3.04881  3.90854  
0.256034  1.73436  5.66395  
1.15115  3.28688  2.71389  
1.98277  1.14819  2.08123  
1.20428  1.75415  4.66541  
0.520957  3.71516  2.62827  
0.725775  3.81111  1.77167  
1.49046  2.87536  1.74634  
1.6277  2.53483  1.81627  
1.45607  2.19924  3.39202  
1.38474  0.328223  4.92182  
1.60495  1.89619  3.36789  
1.40353  2.46799  3.1942  
0.258063  1.90808  5.54811  
1.26465  2.99922  2.77994  
1.6931  2.24224  2.07757  
1.92453  1.67401  1.92606  
1.13435  0.200497  5.38633  
1.5746  2.45378  2.41971  
0.511928  3.52879  2.93837  
0.481111  3.99076  1.51702  
0.137344  3.60394  3.0873  
1.77913  1.72159  2.36309  
0.815677  2.76761  4.02356  
0.715225  3.53497  2.61959  
1.19461  3.4179  0.509831  
1.43702  0.168135  4.58519  
0.31569  3.21932  3.77281  
1.33362  1.48136  4.33665  
1.353  2.78503  2.40307  
0.847239  1.6404  5.13882  
1.96836  1.50708  0.239381  
1.70462  1.35443  3.26081  
0.756439  3.8617  0.545851  
0.0929144  1.50824  5.70476  
0.165669  2.57998  4.79061  
1.72835  0.394035  3.52502  
1.71633  2.503  0.208313  
2.00584  0.136793  1.81357  
0.0903802  2.96299  4.26433  
1.83683  0.100448  3.07373  
1.31993  3.25122  0.290567  
1.50378  2.95037  0.103816  
2.08872  0.0975425  0.0893462  
0.921788  2.1621  4.57786  
0.9604  1.27988  5.36474  
1.86582  2.03687  0.115758  
0.136424  2.79593  4.60923  
0.0882988  0.0882619  6.08815  
0.147288  3.81642  2.39211  
0.74583  0.159301  5.73934  
1.55466  0.0823857  4.14321  
1.06977  3.60328  0.109873  
1.03651  3.10963  2.9449  
1.1975  0.106586  5.08596  
1.27271  2.08046  3.95189  
0.233712  3.44381  3.35333  
0.980264  3.69295  1.03394  
0.130428  4.08925  0.090443  
0.0914985  2.03512  5.32616  
1.20647  2.49255  3.55599  
1.24227  3.12405  1.95608  
1.54952  2.14205  2.77155  
1.15181  1.36327  4.81462  
1.58161  1.54049  3.57777  
1.05907  0.268042  5.47759  
1.47333  2.63607  2.19536  
1.58347  2.63773  1.52424  
1.9264  0.762308  2.44842  
0.202938  3.94784  1.84843  
0.966381  2.93488  3.40413  
0.85027  3.70036  1.62932  
1.76033  2.33823  0.57107  
0.155886  1.20756  5.91577  
1.45292  2.31377  3.0182  
1.32574  0.885624  4.76568  
2.03887  1.16239  0.1851  
1.00363  2.40505  4.22857  
0.879611  0.932122  5.52575  
0.771367  3.24511  3.23246  
0.276038  2.37254  5.11841  
0.56956  1.58461  5.51283  
1.06035  3.45854  1.80135  
1.17828  1.94309  4.33971  
1.69267  2.11882  2.28362  
1.84415  1.16779  2.73303  
0.769043  2.54478  4.4269  
1.49469  1.73289  3.75233  
0.682054  3.66444  2.22614  
1.94461  0.130383  2.63637  
0.83076  3.90851  0.164569  
1.50939  0.104504  4.35514  
0.389572  0.854718  5.98338  
0.240353  3.67925  2.87557  
0.854895  3.35981  2.87728  
1.06403  2.62955  3.83048  
0.17904  3.31207  3.83656  
1.28051  3.37331  0.171165  
1.69797  1.90436  2.69176  
1.63187  1.82072  3.0039  
1.00961  3.54797  1.59403  
0.179398  3.58767  3.19168  
2.02099  0.327678  1.58808  
1.58744  1.04944  3.83969  
1.07961  3.25304  2.19201  
1.05398  1.37166  4.9626  
1.85008  1.62538  1.74808  
0.49864  1.60621  5.47258  
1.50038  2.52761  2.22767  
0.710445  0.25008  5.78509  
1.15317  2.95705  2.70878  
0.654999  3.54564  2.77068  
1.71084  0.384454  3.58726  
0.578352  1.79556  5.28338  
1.49542  1.31305  3.9024  
0.349312  3.98125  1.19415  
0.862485  0.959677  5.43322  
1.84393  1.10942  2.53324  
1.29925  2.80586  2.53962  
1.42439  0.843985  4.37987  
0.869683  3.66011  1.36317  
0.725952  3.20703  3.27632  
1.86782  0.0772403  2.74995  
1.13795  0.192518  5.1775  
0.811324  3.49636  2.30238  
0.840708  2.59219  4.15958  
1.41277  2.59743  2.52081  
1.5241  1.80786  3.33117  
0.658236  0.0910002  5.84433  
0.849346  1.78771  4.97187  
1.65472  0.0874155  3.77212  
1.40701  1.53557  3.96949  
1.04248  3.10497  2.75741  
1.95657  1.41747  0.128874  
1.77193  0.0742775  3.24627  
0.726583  3.86777  0.0866531  
1.40355  3.08174  0.0811153  
1.04948  1.99315  4.48902  
1.65641  2.53395  0.0781485  
0.091143  3.44975  3.31111  
0.0751936  1.4421  5.71399  
1.26981  3.29976  0.086394  
1.60304  1.94854  2.70351  
0.555932  3.96695  0.0826519  
0.106694  3.9295  1.81115  
0.914569  0.0680634  5.49691  
1.50787  0.0705964  4.24289  
1.48674  2.92585  0.0808697  
2.07262  0.0726297  0.0726157  
0.0815277  0.081462  6.08138  
1.59579  1.40331  3.45905  
1.82321  2.03891  0.0799017  
0.116573  4.07841  0.0791105  
1.26687  0.0840433  4.92221  
1.94298  0.0734913  2.20531  
1.03819  3.59764  0.0831676  
0.088458  2.62338  4.71191  
0.073553  2.11403  5.22819  
0.0839272  3.71428  2.58558  
1.11075  2.83147  3.13782  
0.0746665  3.0676  4.05474  
1.20625  2.46384  3.51721  
1.76331  1.70632  2.25016  
0.0784853  2.83493  4.42641  
1.17715  3.4204  0.0844995  
0.109867  1.83211  5.4689  
1.39495  0.0854668  4.62053  
1.45237  2.15394  3.13365  
2.0225  1.01417  0.0780515  
1.7321  2.32992  0.147588  
0.774128  3.41414  2.80195  
0.495762  2.37365  4.85244  
1.12504  1.40535  4.78839  
0.679709  3.76324  1.54677  
0.977762  2.32477  4.2627  
0.105613  3.22125  3.79651  
0.0907356  1.12941  5.87815  
0.735889  1.52019  5.32012  
1.23703  1.86244  4.22192  
1.56722  2.44238  1.98883  
0.905144  2.91819  3.52434  
1.33581  2.90138  2.11249  
1.89885  1.79849  0.0905948  
1.12998  3.25729  1.91663  
0.643462  1.14535  5.6011  
1.72779  1.32742  2.9506  
2.00288  0.551847  1.59886  
1.57776  2.76711  0.0922946  
0.852385  3.74908  0.684906  
1.87987  1.38837  1.88546  
1.69019  2.13584  1.82856  
1.30976  2.04195  3.8259  
0.608737  2.96253  3.94591  
0.71396  2.4164  4.5748  
1.04441  2.48167  3.90889  
0.976263  1.25034  5.19827  
0.360362  3.83185  2.02885  
0.135117  2.33216  5.10436  
0.25575  0.869878  5.94592  
1.68143  2.00102  2.38421  
0.510588  3.66776  2.53031  
1.24964  3.1103  1.89542  
0.0830991  2.45342  4.91529  
1.67624  1.14894  3.32138  
1.75218  1.63217  2.40837  
0.914039  0.647897  5.45173  
1.18744  0.799399  4.96197  
0.540236  1.0867  5.74574  
1.13945  1.42899  4.74449  
1.14781  3.41194  1.07739  
1.22555  1.79352  4.26388  
0.91735  3.28452  2.62438  
0.492968  3.2313  3.56862  
0.619137  2.86051  4.08621  
1.74875  2.01499  1.6691  
0.539523  1.85509  5.2648  
1.63366  1.35134  3.33688  
0.726455  0.107547  5.8116  
1.37215  2.90089  1.83306  
0.723631  2.0636  4.92206  
0.815487  2.51448  4.28661  
1.72402  1.77422  2.35557  
0.87409  1.67017  5.00289  
1.13667  2.90891  2.86228  
1.31723  1.60993  4.15045  
0.630995  3.81072  1.46232  
1.98834  0.0915318  1.79847  
0.0872869  3.37884  3.46018  
1.10599  2.25529  4.09454  
1.03395  1.99346  4.49891  
0.0728748  2.30368  5.05157  
1.25524  3.30714  0.0765319  
1.21758  3.0096  2.35184  
1.74016  0.0761671  3.40485  
0.863145  3.14495  3.09873  
1.63743  2.58334  0.0782297  
0.0982253  3.17478  3.87198  
0.0717235  2.55209  4.7789  
1.55663  1.94047  2.94281  
1.94023  1.48626  0.0710605  
0.843476  0.109853  5.63512  
1.60141  0.0682213  3.92101  
0.0841562  3.88768  1.8865  
1.40475  2.69293  2.2673  
1.61255  2.30027  1.91271  
1.78641  2.15139  0.0766622  
0.0706893  2.93067  4.26544  
1.22573  2.63124  3.17943  
0.0731804  0.0731063  6.07304  
1.68395  1.40121  3.05103  
0.0693072  1.43899  5.70659  
2.0685  0.0685032  0.0685017  
0.729243  3.85524  0.0751911  
1.23664  2.38551  3.52207  
0.0935653  4.07499  0.0751642  
1.10537  0.0633913  5.18397  
0.0733087  3.61255  2.85357  
0.0984431  3.76181  2.45404  
1.45689  2.97009  0.0761893  
0.0698075  2.09206  5.24455  
1.05585  3.5711  0.0798069  
0.876024  2.6467  3.99018  
1.87075  0.0715633  2.69194  
1.01675  1.22107  5.10125  
1.38233  0.0746513  4.61445  
0.808647  3.56675  1.98474  
0.539678  0.175666  5.91417  
0.077366  1.80343  5.48124  
1.27225  0.102953  4.89803  
1.07597  3.24794  2.18331  
1.50672  0.0846292  4.29188  
0.70793  2.33649  4.64084  
1.36752  1.99454  3.6668  
1.85193  1.67434  1.4225  
0.710888  1.31805  5.44125  
0.908984  3.71594  0.0820044  
2.02045  1.00253  0.0749633  
1.43969  2.19293  3.09392  
0.0828081  1.11827  5.87155  
0.501013  3.99559  0.0861248  
1.54958  2.79221  0.0800906  
1.20048  1.34691  4.65322  
0.763167  2.97898  3.66215  
0.152721  2.763  4.50704  
1.32962  3.20134  0.345415  
1.72044  2.35808  0.0818843  
1.51756  1.5507  3.70256  
0.758715  3.46799  2.54206  
1.80382  0.661641  2.94109  
0.991835  0.141463  5.4519  
1.89322  1.76757  0.0799433  
1.93511  0.0885485  2.38053  
1.02105  2.79493  3.44633  
1.01598  3.44311  1.68443  
1.51434  2.49227  2.14087  
1.46638  1.07659  4.12396  
0.136764  3.97544  1.4331  
0.481194  3.43425  3.1167  
1.89778  1.16523  2.06883  
1.77236  1.95356  1.81811  
0.502948  1.08538  5.72524  
1.47727  0.247024  4.38143  
1.90581  1.58493  1.05604  
1.27711  1.42891  4.51644  
0.602969  3.87498  1.06913  
1.89532  1.1537  2.00858  
0.218443  0.713724  5.98091  
0.894135  1.89812  4.85673  
1.59837  1.95501  2.73791  
1.38658  3.09069  0.553094  
0.491324  3.67434  2.38642  
1.33521  1.97351  3.75773  
0.786688  3.11598  3.4492  
0.97857  3.46733  1.74327  
0.708548  3.41815  2.78349  
1.19718  1.02476  4.83171  
1.20797  1.8377  4.25175  
1.47098  1.22259  4.01308  
2.01841  0.0727444  1.45394  
1.05959  2.55055  3.7649  
1.56667  2.51177  1.68126  
0.949141  3.66949  0.0733777  
1.73778  1.71704  2.34699  
0.912792  3.26271  2.6702  
1.64109  1.00602  3.51849  
1.48103  2.44478  2.42167  
0.811817  2.70174  4.01224  
0.703648  2.05044  4.93803  
1.34462  1.57139  4.08557  
1.29787  3.2386  0.0832867  
1.75503  0.0736368  3.32267  
0.0676281  1.49864  5.67053  
1.10785  2.97842  2.7876  
1.55133  1.86279  3.06633  
1.50436  0.428969  4.21464  
1.96077  1.36829  0.069402  
0.0774442  3.24373  3.72833  
1.07427  1.52421  4.78216  
1.98745  0.0737725  1.79424  
0.766741  3.82514  0.0732794  
0.0747013  3.86848  1.97216  
1.83871  1.48334  1.96325  
0.0705638  2.50434  4.83214  
1.60873  0.0669564  3.88881  
0.0704423  2.91328  4.29136  
1.11192  0.0624742  5.17006  
1.04441  1.9635  4.45456  
0.0661796  2.00489  5.31429  
2.06717  0.0671697  0.0671697  
0.0749015  4.07476  0.0747594  
0.953523  2.33822  4.27399  
1.44764  2.98615  0.0756774  
0.0711398  3.59211  2.90807  
0.137998  3.08342  4.04088  
0.743714  0.0688989  5.71705  
0.0785699  3.74585  2.47303  
0.0716416  0.0715567  6.0715  
1.80844  2.05809  0.0724305  
0.807785  1.23485  5.3542  
1.10074  3.50184  0.0718053  
1.20939  3.39525  0.0859467  
1.24894  2.37005  3.50494  
1.88269  0.0690394  2.59806  
1.38707  0.0720642  4.59273  
1.62139  2.61365  0.0755743  
1.07478  3.18906  2.30463  
1.26222  0.0807822  4.90401  
0.0675076  2.27101  5.07502  
0.0911278  3.43171  3.32949  
1.71334  2.38196  0.0875658  
0.0819531  1.11743  5.87071  
1.88609  1.79165  0.0788304  
0.54189  3.96579  0.0772401  
1.38939  2.78752  2.06743  
0.821162  3.54097  2.03553  
0.891092  0.154918  5.53821  
1.02305  2.80499  3.41004  
1.69355  1.36933  3.01995  
0.695118  2.44027  4.53456  
0.537849  0.0771516  5.90976  
1.45929  1.70592  3.64512  
1.6373  2.14904  2.15121  
2.02358  0.959485  0.0732779  
0.604396  3.02116  3.81295  
1.13073  2.18323  4.07612  
1.54352  2.79372  0.0763788  
0.150504  2.73641  4.53981  
1.31067  2.60778  2.86894  
0.0786868  1.75378  5.51921  
0.645327  1.80594  5.21036  
0.0770385  3.9853  1.35386  
0.636965  3.30857  3.18292  
1.25365  3.06651  1.92722  
1.9273  0.0733024  2.32361  
1.39015  2.24353  3.20363  
0.659501  3.73931  1.71282  
1.80224  1.03316  2.78622  
0.958889  1.30754  5.13827  
0.647754  1.09863  5.60743  
1.71269  2.3012  0.735795  
1.08855  2.14449  4.17338  
1.55767  1.86632  3.00972  
0.900805  3.38798  2.29159  
1.35712  2.91055  1.73374  
1.86205  1.34437  1.88749  
1.41356  2.08433  3.33048  
1.59155  2.28624  2.05862  
1.76559  2.18901  0.069457  
0.737552  2.43582  4.461  
1.5419  2.7739  0.0751486  
0.919801  3.5483  1.54991  
1.36935  2.68133  2.37605  
0.630839  2.76013  4.16688  
1.06207  2.47127  3.81745  
1.67032  0.0735704  3.68655  
1.19192  3.37649  0.132807  
0.567568  1.45061  5.4913  
1.65172  1.10952  3.38119  
1.65313  2.50952  0.0751486  
1.32156  1.94629  3.81107  
0.0710026  0.0709122  6.07088  
0.851946  3.75024  0.0714108  
0.575148  3.54064  2.61449  
1.82325  1.97481  0.150419  
1.86557  0.0943391  2.69827  
1.88666  0.0872442  2.58319  
1.22143  0.0732049  4.98579  
1.08817  1.40704  4.81636  
1.48011  2.90331  0.0689035  
0.613673  2.11393  4.95504  
0.86693  2.65424  3.96195  
1.21501  2.92695  2.46167  
0.0731306  3.26356  3.67226  
0.0688037  2.5841  4.73302  
0.945689  2.86819  3.46902  
1.75633  1.64273  2.24533  
0.553747  3.00979  3.85959  
0.0680465  2.38419  4.95985  
0.921006  1.97563  4.67276  
1.00091  3.60883  0.0694489  
1.7377  1.10722  2.96988  
1.28393  3.25027  0.0705627  
1.10012  0.766629  5.09423  
1.30114  0.0700114  4.79449  
0.508175  3.83148  1.59602  
1.42093  2.43355  2.69774  
0.80084  1.5597  5.17677  
1.24988  2.35289  3.47583  
1.94238  1.02728  1.58126  
0.668129  3.88997  0.0719617  
0.934792  1.18016  5.20735  
1.40871  1.17607  4.19248  
0.0660587  2.00477  5.31417  
1.06246  3.32204  1.86167  
1.59278  0.066869  3.94559  
0.0716104  1.0883  5.87448  
0.987276  3.12216  2.78678  
1.37788  0.0674204  4.59991  
1.49796  2.59169  1.86167  
0.0738651  4.07383  0.0738295  
2.06645  0.0664489  0.066451  
1.06322  1.81514  4.55706  
1.78673  0.0693477  3.14429  
1.1123  3.48186  0.0696957  
0.0671815  1.52175  5.65642  
0.0665472  2.24711  5.09661  
1.29161  2.56439  2.97177  
0.0750686  2.74229  4.5274  
0.0729918  3.67659  2.65887  
1.39152  3.06935  0.0689035  
0.0772379  3.96467  1.44975  
0.46397  3.9987  0.0794384  
1.9293  1.53969  0.0693267  
1.47724  0.0754901  4.34572  
1.67595  2.00917  2.12076  
1.28795  1.62976  4.19894  
1.12812  2.77787  3.1174  
0.0678451  2.90544  4.29165  
1.99616  1.16366  0.0720742  
0.068259  3.5728  2.95379  
1.52244  1.43208  3.63706  
1.23765  1.45672  4.46137  
0.0726895  1.81039  5.47429  
0.899094  0.0709263  5.53214  
0.533453  0.0728572  5.91129  
0.726211  0.068329  5.73443  
0.697154  3.30725  3.03809  
0.0672857  3.40268  3.37923  
0.0687647  3.79547  2.2485  
0.701432  3.63146  2.01351  
1.88641  1.74049  0.0693267  
2.01653  0.995366  0.0758041  
2.02014  0.0711874  1.39303  
0.0679345  3.03219  4.09097  
1.20824  3.07378  2.05015  
0.699254  3.08569  3.51622  
1.71531  0.0728331  3.49375  
1.97429  0.0679913  1.88257  
1.0525  0.0615787  5.2733  
2.01113  0.0640022  1.43435  
0.717013  3.21751  3.19244  
0.709942  1.64569  5.22291  
1.97993  1.21033  0.0638543  
0.901188  2.88464  3.49736  
1.57168  0.0640329  4.00647  
0.0638973  0.796933  5.96227  
0.689732  3.86318  0.0640197  
1.02742  1.85294  4.58552  
1.38996  0.0607561  4.54394  
1.88811  0.0640599  2.5238  
0.0640849  4.06403  0.0640675  
1.73968  0.0610965  3.3232  
0.0639291  3.99786  1.14945  
2.03023  0.795887  0.0639977  
0.984517  3.08168  2.8719  
1.51022  2.56904  1.81125  
0.0639418  3.11873  3.93732  
0.063981  3.80768  2.17711  
0.0638952  1.69499  5.54235  
0.850059  3.74198  0.0639532  
1.20661  1.69398  4.33833  
0.0639022  2.36609  4.97046  
1.39485  3.04966  0.0639548  
1.9125  1.10382  1.74129  
0.0641293  3.69439  2.58325  
0.599885  3.77605  1.61695  
1.16999  0.0612259  5.0548  
1.33363  2.94374  1.74664  
1.49419  1.48803  3.67382  
0.063922  2.74853  4.51173  
0.866281  1.94477  4.78113  
1.40334  1.27597  4.13207  
2.06604  0.0660447  0.0660449  
1.07702  1.39817  4.83454  
0.940105  1.27006  5.14587  
1.18623  2.88815  2.65618  
0.598505  3.47623  2.75357  
1.56142  2.71554  0.0641401  
0.0639314  3.90724  1.7265  
1.76633  2.16309  0.0641329  
1.48536  0.0611614  4.27365  
0.0639211  1.17583  5.82743  
1.62045  1.22893  3.40282  
1.63399  2.54185  0.0651989  
0.655156  1.23059  5.52247  
1.40973  2.06487  3.33399  
1.28592  0.0607527  4.80319  
0.847146  3.36117  2.51757  
1.82974  1.94198  0.0640763  
0.0638982  3.27658  3.63832  
1.48213  2.26709  2.70491  
1.48104  2.88679  0.0640265  
1.56156  1.81391  3.05153  
1.2483  1.21137  4.58224  
0.0662444  0.0640562  6.06394  
1.385  2.68706  2.2572  
1.59698  2.31658  1.9164  
1.95324  0.0640415  2.03339  
0.894256  0.0603669  5.51396  
1.02866  2.50254  3.83817  
1.75614  1.82529  1.8671  
0.648148  2.10296  4.91922  
0.842868  2.6154  4.05072  
0.0639306  2.9397  4.23426  
0.063873  3.55697  2.98707  
1.19866  3.35781  0.063939  
0.751549  2.39238  4.48512  
0.0638989  1.92916  5.37159  
1.69247  1.5917  2.68677  
0.063993  3.41716  3.33517  
0.517446  3.9598  0.063996  
1.76845  1.14267  2.75584  
0.74434  0.06443  5.7065  
1.8256  1.35373  2.144  
0.977438  3.6223  0.0639534  
1.65835  0.064463  3.68686  
1.93496  1.47683  0.063906  
1.88357  1.72385  0.0640245  
1.0998  3.48555  0.0639058  
1.30824  2.51274  2.99255  
0.063921  2.15273  5.18083  
1.31861  1.86754  3.87379  
0.0639637  1.44047  5.69749  
1.21201  3.10796  1.87805  
1.11242  2.71414  3.27431  
0.592573  2.79943  4.1446  
1.09233  2.14947  4.14995  
1.03844  0.0602818  5.29373  
1.70158  2.36024  0.0639666  
0.644178  3.01594  3.72002  
1.64582  2.02699  2.25653  
1.29918  3.20973  0.0639069  
0.0639561  2.56092  4.75125  
0.688011  3.61811  2.08282  
0.913893  3.51739  1.69755  
0.541097  0.0615043  5.88644  
1.05857  3.26617  2.07024  
1.23337  2.30783  3.58045  
1.81979  0.0606726  2.91541  
0.703485  3.85354  0.0637182  
0.652224  3.00505  3.72679  
0.862936  1.9456  4.78428  
1.81528  0.0597484  2.93431  
1.40663  2.05672  3.35502  
1.55859  2.72111  0.0637483  
0.0637194  4.06372  0.0637188  
1.06949  1.40072  4.84637  
1.69475  1.60328  2.65708  
0.0637478  3.27517  3.64077  
0.8533  3.3478  2.53812  
0.06378  2.55981  4.75214  
1.22657  2.30178  3.60769  
1.63649  2.53476  0.0637456  
0.0637569  2.15853  5.17517  
1.59082  2.31998  1.95025  
1.10418  3.47989  0.0637554  
1.57228  0.0597106  3.98518  
1.20546  1.68383  4.34897  
0.714982  1.65274  5.2117  
2.06549  0.0654916  0.0655054  
1.6437  2.02941  2.26412  
1.65406  0.0596537  3.68192  
1.5075  2.58188  1.788  
1.29901  3.20956  0.0637261  
1.48374  0.0597498  4.27287  
1.76847  2.15554  0.0637427  
1.88466  0.0597418  2.51473  
1.03421  0.0597875  5.2995  
0.541442  0.0596189  5.8829  
0.0637127  0.810872  5.95811  
0.986305  3.61271  0.0637229  
2.02911  0.804904  0.0637388  
1.31426  1.85625  3.8972  
0.731386  0.0597258  5.71126  
1.76233  1.14205  2.78709  
1.73729  0.0596724  3.32624  
1.98259  1.19141  0.0637171  
0.0637894  2.92966  4.24951  
0.989148  3.06741  2.89084  
1.40015  1.28891  4.13169  
0.858093  3.73467  0.0637196  
0.946997  1.23726  5.15102  
1.2434  1.1977  4.60049  
1.20076  3.3544  0.0637251  
0.0637075  2.73324  4.532  
0.0637184  3.11335  3.94629  
0.0637354  3.41359  3.34267  
0.890606  0.0597618  5.51754  
0.0637661  3.9917  1.19739  
1.93482  1.47658  0.0637341  
1.06665  3.25728  2.06388  
1.28082  0.0597964  4.81183  
1.56292  1.81559  3.04149  
1.02926  2.4987  3.84137  
1.48922  1.50775  3.67223  
0.90542  2.87378  3.5072  
1.30722  2.50452  3.01001  
1.11581  2.70099  3.28677  
0.0637423  1.94356  5.35987  
0.595234  2.78925  4.15565  
0.694774  3.60642  2.10793  
1.95358  0.0596065  1.9872  
0.063741  1.17703  5.82666  
0.607584  3.77031  1.6217  
1.62085  1.25254  3.38009  
0.714909  3.20823  3.21615  
0.746713  2.39052  4.49329  
0.660638  1.28891  5.48749  
1.70453  2.35091  0.0637399  
1.08984  2.14977  4.15442  
0.0637554  3.55609  2.98918  
1.18549  2.88337  2.66915  
1.02134  1.86205  4.58838  
0.515128  3.96049  0.0637101  
0.0637267  3.80035  2.20487  
1.38741  0.0596886  4.54682  
1.22087  3.09465  1.87508  
0.64554  2.1056  4.91906  
1.39245  3.05339  0.0637352  
2.01343  0.0597973  1.34424  
0.0637303  3.89955  1.76506  
0.845003  2.60973  4.05388  
0.916707  3.50364  1.74568  
1.91214  1.11085  1.73298  
0.0637324  2.36299  4.97343  
0.063733  1.45809  5.68738  
0.0637387  1.7093  5.53249  
0.59451  3.46621  2.7871  
0.0637509  3.68816  2.60205  
1.16637  0.0596347  5.05726  
1.75378  1.83619  1.85991  
0.0642001  0.063781  6.06374  
1.34242  2.93195  1.72956  
1.82717  1.95075  0.0637179  
1.88236  1.72817  0.063728  
1.3798  2.68207  2.29668  
1.48055  2.88695  0.063735  
1.82566  1.37557  2.11029  
1.47995  2.26167  2.72454  
1.31032  2.49894  3.00801  
0.0636645  4.06366  0.0636642  
0.0636831  3.79545  2.22385  
1.29706  3.21247  0.0636656  
0.610889  3.76819  1.62159  
1.93595  1.47012  0.0636644  
0.0637412  0.0636755  6.06367  
1.0199  1.86315  4.58971  
1.81507  0.0592796  2.93241  
0.0636656  1.95192  5.35305  
1.70364  2.35324  0.0636808  
1.56156  2.71417  0.0636604  
1.4041  2.05805  3.3622  
0.0636644  3.54944  3.00664  
1.02818  2.49033  3.8555  
1.57388  0.0592648  3.9776  
1.20071  3.35435  0.0636683  
1.64135  2.03313  2.27077  
1.73897  0.0592985  3.31632  
1.22406  2.3021  3.61437  
1.88636  0.0593197  2.50009  
1.24268  1.18752  4.60765  
0.526007  0.0592612  5.89359  
2.01416  0.0592814  1.32653  
1.56099  1.8212  3.04225  
1.48065  2.88656  0.0636722  
0.855118  3.34935  2.52786  
1.06491  1.41185  4.84785  
1.48405  0.0592667  4.26996  
0.0636745  3.89853  1.7699  
1.50917  2.58268  1.77183  
1.20864  1.66892  4.35369  
0.71081  1.6564  5.21376  
0.643746  2.11073  4.91582  
1.16345  0.0592675  5.06197  
0.988891  3.6099  0.0636639  
1.4889  1.50492  3.67544  
0.0636664  3.99084  1.20336  
1.31064  1.86381  3.89961  
0.0636804  1.46906  5.68115  
0.71989  3.20737  3.20822  
1.98351  1.1848  0.0636713  
1.88254  1.72698  0.0636585  
1.03333  0.059321  5.29971  
1.63615  2.53534  0.0636649  
2.03059  0.788099  0.0636658  
0.0636909  3.40443  3.36351  
0.888527  0.0592575  5.51919  
1.82739  1.94969  0.0636622  
0.860653  3.73234  0.063659  
0.0636889  1.72019  5.52501  
2.06531  0.0653118  0.0653121  
0.748419  2.38915  4.49225  
0.601476  3.46184  2.78665  
0.0636804  2.92708  4.2532  
1.18769  2.8782  2.67244  
0.724326  0.0592606  5.71781  
0.0636798  3.68207  2.62127  
0.519985  3.95815  0.0636592  
0.843411  2.61158  4.05384  
1.22051  3.09239  1.88484  
1.91216  1.11114  1.7307  
0.594498  2.78871  4.15711  
1.59065  2.31977  1.95107  
1.34144  2.93718  1.71557  
1.75238  1.84678  1.84716  
0.0636798  1.18374  5.82365  
0.063672  3.11017  3.95179  
0.98919  3.06668  2.89217  
1.76214  1.14478  2.78527  
1.38282  2.68106  2.28281  
0.697881  3.60467  2.1053  
0.862394  1.94532  4.78519  
1.10753  3.4756  0.0636599  
1.47803  2.26688  2.72348  
1.40177  1.28115  4.13189  
1.95585  0.0592868  1.96389  
0.94025  1.24396  5.1578  
1.38776  0.0592921  4.54444  
1.62079  1.26258  3.37186  
1.69529  1.60379  2.65285  
1.08913  2.14095  4.16579  
1.65841  0.0592866  3.66281  
1.28032  0.0592736  4.81127  
1.067  3.25222  2.07996  
0.660145  1.28696  5.48877  
0.0636946  3.26928  3.65248  
0.703431  3.85349  0.0636615  
1.82517  1.39013  2.09237  
0.0636776  2.73368  4.53134  
0.0636794  2.16295  5.17097  
1.39152  3.05484  0.0636647  
0.0636709  2.55977  4.7521  
1.11727  2.69862  3.28675  
1.76746  2.15851  0.0636663  
0.92253  3.50289  1.72136  
0.0636686  0.811478  5.95788  
0.0636879  2.36295  4.97339  
0.906254  2.87267  3.50715  
0.65234  3.0024  3.73108  
1.21946  3.09207  1.89168  
1.56116  2.71503  0.0636494  
1.82568  1.39334  2.08328  
1.66157  0.059183  3.64961  
1.02059  1.86163  4.5897  
1.10665  3.47664  0.063647  
0.521986  3.9572  0.063651  
1.98547  1.17102  0.0636441  
0.0636495  1.47274  5.67903  
1.03183  0.0592243  5.30197  
0.860813  3.73218  0.063647  
0.0636745  2.9224  4.26038  
0.531513  0.0592013  5.88949  
1.62266  1.25971  3.36619  
1.75265  1.8455  1.84748  
2.01228  0.059157  1.35061  
0.660538  1.28672  5.48838  
0.0636652  2.1706  5.16385  
1.7684  2.15536  0.0636465  
1.39146  3.05491  0.0636465  
0.0636495  3.10238  3.96542  
1.40548  2.0537  3.3629  
1.81979  0.0591778  2.9056  
1.38488  0.0591844  4.55171  
1.06472  1.40608  4.85176  
1.18728  2.87719  2.67633  
1.48395  0.0592254  4.27009  
0.612802  3.76663  1.6238  
0.063648  2.5625  4.74878  
1.76389  1.15428  2.76664  
0.0636681  1.72382  5.52249  
0.70978  1.65947  5.21271  
0.939742  1.24468  5.15813  
1.64195  2.0354  2.26223  
1.2765  0.059208  4.81986  
1.59125  2.32066  1.94414  
1.11788  2.69671  3.28827  
1.88398  1.72062  0.0636492  
1.8883  0.059197  2.48599  
1.22495  2.29979  3.61496  
0.728077  0.0591953  5.7137  
0.0636604  1.18648  5.82242  
1.38314  2.67781  2.28953  
0.0636523  0.0636856  6.06364  
1.02801  2.49054  3.85548  
0.0636525  3.8962  1.78153  
1.31142  1.86024  3.90098  
0.0636527  3.98908  1.21681  
0.0636653  0.813865  5.9572  
0.0636479  3.40356  3.36534  
0.0636479  3.5493  3.00694  
0.0636516  1.9558  5.34991  
1.91265  1.11637  1.71828  
0.989842  3.06497  2.89414  
0.641978  2.11233  4.9161  
1.63681  2.53357  0.0636443  
0.718595  3.20264  3.2211  
1.4912  1.49947  3.67205  
1.47906  2.26415  2.72346  
0.0636491  4.06365  0.0636492  
0.906229  2.87024  3.51162  
1.34164  2.93578  1.71902  
0.06365  3.68173  2.62225  
0.748148  2.38906  4.49267  
0.0636652  3.26516  3.66067  
1.20819  1.66282  4.35971  
1.29655  3.21322  0.0636448  
1.57506  0.0591605  3.97304  
0.0636581  2.3729  4.96281  
0.989227  3.60952  0.063647  
0.0636569  3.79542  2.22383  
1.16029  0.0591995  5.06803  
2.03054  0.788477  0.0636468  
1.70405  2.35195  0.0636472  
1.74311  0.0591776  3.29635  
0.705574  3.85202  0.0636507  
0.843112  2.61041  4.05598  
1.93683  1.46532  0.0636443  
0.861613  1.94629  4.78538  
1.06731  3.25174  2.07992  
1.48029  2.88721  0.0636483  
0.596775  2.7834  4.16234  
0.697316  3.60165  2.11839  
1.50877  2.58352  1.77181  
0.888094  0.0591762  5.51958  
1.40322  1.27969  4.12848  
1.19961  3.3558  0.0636431  
1.56052  1.82279  3.04224  
1.24038  1.18115  4.61646  
0.855414  3.34272  2.5467  
2.06515  0.0651502  0.0651502  
1.08955  2.13936  4.16654  
1.8279  1.94768  0.0636467  
1.31074  2.49805  3.008  
0.0636642  2.73366  4.53133  
1.95487  0.059202  1.97181  
1.69379  1.615  2.64601  
0.651627  2.99892  3.73832  
0.921959  3.50133  1.7311  
0.600211  3.45836  2.79858  
1.74231  0.0590888  3.2996  
0.532552  0.0590795  5.88852  
1.31127  2.4963  3.00911  
1.20054  3.35451  0.0636395  
1.06663  3.24961  2.09041  
1.38675  0.0590999  4.54642  
1.08931  2.13707  4.16965  
1.40381  1.27706  4.12847  
0.0636398  4.06364  0.0636398  
0.0636432  3.26165  3.66762  
1.63701  2.53305  0.06364  
1.93712  1.46377  0.0636396  
1.48029  2.8872  0.0636417  
0.728336  0.0590903  5.7132  
0.0636387  2.17154  5.16292  
0.0636409  3.98932  1.21486  
1.59074  2.32201  1.94413  
0.0636641  0.813863  5.95719  
0.862837  3.7304  0.0636391  
1.27899  0.0590868  4.81371  
0.990802  3.60786  0.0636394  
0.990369  3.06001  2.90433  
2.03073  0.786243  0.0636381  
1.98513  1.17336  0.06364  
1.69441  1.61412  2.64361  
0.0636404  3.68017  2.62716  
0.0636387  0.0636416  6.06364  
1.4059  2.05177  3.36389  
1.81937  0.0590844  2.90733  
1.76825  2.15583  0.0636383  
0.0636405  1.47522  5.67762  
1.47879  2.26375  2.72541  
0.747982  2.38799  4.49413  
1.57618  0.0591002  3.96885  
1.31284  1.85572  3.90155  
0.52231  3.95703  0.0636404  
1.22062  3.08993  1.89286  
0.843337  2.60789  4.05913  
1.16169  0.0591065  5.06498  
0.641569  2.11549  4.91352  
0.0636428  1.95685  5.34905  
1.88388  1.72101  0.0636396  
1.56115  2.71502  0.0636393  
1.01875  1.86231  4.59253  
0.611991  3.76711  1.62362  
0.0636408  2.37384  4.96178  
1.03157  0.0591084  5.30208  
1.82793  1.94753  0.0636397  
1.76435  1.1572  2.76136  
0.907463  2.86543  3.5175  
0.0636382  1.72696  5.52029  
1.18967  2.87227  2.67887  
1.10676  3.4765  0.063639  
0.598717  3.45729  2.80413  
1.48471  0.059106  4.26729  
1.38315  2.67922  2.28564  
0.0636411  3.54515  3.01795  
0.855175  3.34294  2.54669  
0.652571  2.99608  3.74201  
1.29654  3.21322  0.0636424  
1.70404  2.35194  0.0636405  
1.64201  2.03603  2.26033  
1.62301  1.2626  3.36224  
1.22596  2.29919  3.61278  
1.66237  0.0590906  3.64595  
1.20762  1.66274  4.36112  
0.0636414  3.79396  2.22941  
2.06512  0.0651223  0.0651223  
1.06381  1.40771  4.85241  
0.939006  1.2439  5.15966  
1.49246  1.49336  3.67294  
0.0636396  1.19132  5.82027  
0.921325  3.49963  1.74171  
1.7527  1.84628  1.84513  
0.595813  2.78411  4.16231  
1.56028  1.82353  3.04223  
0.696758  3.60076  2.12331  
0.0636393  3.10194  3.96615  
1.91271  1.11641  1.71762  
0.707522  3.85068  0.0636394  
1.95636  0.0590864  1.95725  
0.0636416  2.92336  4.25881  
0.0636382  3.39982  3.37381  
1.34175  2.93572  1.71837  
0.0636638  2.73138  4.53439  
1.11865  2.69373  3.29142  
0.0636383  3.89549  1.78499  
1.50877  2.58352  1.77181  
1.88855  0.059097  2.48351  
0.0636414  2.56048  4.75119  
0.718614  3.20126  3.22412  
0.887254  0.0590918  5.52053  
0.861147  1.94512  4.78709  
1.82559  1.39518  2.08123  
1.39154  3.05476  0.0636408  
0.660592  1.2866  5.48837  
0.708774  1.66107  5.2127  
2.01414  0.0590866  1.32401  
1.0287  2.48756  3.85815  
1.24049  1.18206  4.61566  
