0.991398  1.819  
0.550068  0.449932  
0.534517  0.465483  
2.19422  0.389416  
0.20838  2.24725  
0.2825  2.10139  
1.82926  0.888371  
0.29357  2.26127  
0.80793  1.7048  
1.00216  1.65186  
2.15964  0.269731  
0.506088  0.493912  
2.46229  0.115329  
2.0051  0.51506  
2.17759  0.162948  
0.47552  1.94826  
1.81057  0.26824  
0.435606  0.564394  
0.551993  2.0769  
0.326618  2.07119  
0.312252  2.11673  
0.52658  0.47342  
0.450346  0.549654  
2.13069  0.199878  
0.294934  2.23765  
0.311799  2.31259  
0.0152686  2.66514  
0.422674  0.577326  
0.472576  0.527424  
0.475828  0.524172  
0.667824  1.54324  
0.531198  1.83394  
1.72881  0.768389  
2.05436  0.422751  
0.597074  0.402926  
0.773998  1.66131  
0.523332  1.91821  
0.556523  0.443477  
1.4872  0.967204  
1.79255  0.615667  
0.444601  1.91892  
0.0822735  2.70214  
1.86275  0.548693  
1.5693  0.85398  
0.454783  0.545217  
0.114495  2.40222  
0.818038  1.66766  
0.819422  1.48564  
1.59586  0.825601  
0.520746  0.479254  
0.493256  0.506744  
1.78765  0.663615  
0.186508  2.12316  
2.12709  0.387087  
0.414349  0.585651  
2.42877  0.0636669  
0.5359  0.4641  
2.61478  0.0176966  
0.481674  0.518326  
0.353248  1.97847  
2.10057  0.346109  
2.09262  0.35445  
2.01982  0.0660379  
1.91018  0.692124  
2.41618  0.271798  
0.079067  2.50613  
0.595156  1.78139  
2.37579  0.0452787  
1.96028  0.46344  
0.448799  0.551201  
2.01007  0.443245  
2.22587  0.311061  
1.9042  0.628381  
0.449052  0.550948  
0.353145  2.26817  
2.1448  0.256194  
1.65453  0.782691  
0.425089  2.29846  
0.314497  1.93197  
0.621389  1.96506  
0.0109585  2.44599  
2.59649  0.0242344  
0.544705  1.9862  
1.62261  0.978463  
0.669937  1.72972  
2.39197  0.123608  
1.87018  0.58002  
1.9885  0.620717  
0.675038  1.91603  
0.439346  1.9947  
0.466454  1.79769  
1.55245  0.872837  
0.439281  0.560719  
2.13566  0.0901313  
0.584968  0.415032  
0.458726  0.541274  
2.0859  0.236095  
1.58881  0.876951  
1.92543  0.672626  
2.01558  0.61613  
0.534309  0.465691  
0.422259  0.577741  
1.21903e-08  1.22884  
1.34574  0.221524  
1.1  0  
1.51262  0.00669624  
1.65801  0.00568874  
0.593706  0.406294  
0.0582184  1.85334  
0.0581921  1.8525  
1.8148  0.11222  
0.00119651  1.78923  
1.78634  0.148534  
1.85235  1.9198e-05  
0.0120824  1.72006  
1.65801  0.00568874  
1.83163  1.89833e-05  
1.51747  0.249793  
0.000721328  1.6276  
1.55032  0.0122162  
3.43628e-10  1.85723  
1.6953e-08  1.70895  
0.409638  0.590362  
1.41951  0  
0.429031  0.570969  
0.54471  0.45529  
0.481185  0.518815  
0.454122  0.545878  
0.505576  0.494424  
0.494155  0.505845  
0.417009  0.582991  
0.567904  0.432096  
0.555275  0.444725  
0.469122  0.530878  
0.443706  0.556294  
2.88697e-10  1.56034  
0.582122  0.417878  
0.486599  0.513401  
0.53812  0.46188  
0.412171  0.587829  
0.593706  0.406294  
0.49918  0.50082  
1.21903e-08  1.22884  
0.400073  0.599927  
0.474962  0.525038  
0.518226  0.481774  
0.561731  0.438269  
1.1  0  
0.52422  0.47578  
0.436019  0.563981  
0.00825703  1.17548  
0.599939  0.400061  
0.534269  0.465731  
0.549105  0.450895  
0.449486  0.550514  
0.425009  0.574991  
0.00133605  1.47297  
0.574061  0.425939  
0.589009  0.410991  
0.461591  0.538409  
0.530816  0.469184  
0.51112  0.48888  
0.578136  0.421864  
0.534959  0.465041  
0.422015  0.577985  
0.457786  0.542214  
0.489786  0.510214  
0.534309  0.465691  
0.466755  0.533245  
0.432842  0.567158  
0.527954  0.472046  
1.49897  0.00663584  
0.584391  0.415609  
0.564156  0.435844  
1.31837  0.217019  
0.559716  0.440284  
0.446901  0.553099  
0.539795  0.460205  
0.50712  0.49288  
0.554062  0.445938  
0.415268  0.584732  
0.482142  0.517858  
0.55619  0.44381  
0.573504  0.426496  
0.532771  0.467229  
0.432011  0.567989  
0.568384  0.431616  
0.43483  0.56517  
0.593304  0.406696  
0.494504  0.505496  
0.422629  0.577371  
0.425375  0.574625  
0.446911  0.553089  
2.56705e-10  1.38742  
1.11891e-10  1.90428  
1.82051e-10  1.63376  
8.76646e-05  1.51744  
0.000258554  1.59649  
1.47771  0.179873  
1.53424  1.20809e-06  
0.489855  0.510145  
0.522644  0.477356  
0.52804  0.47196  
0.472076  0.527924  
0.52923  0.47077  
0.430879  0.569121  
0.432305  0.567695  
0.48882  0.51118  
0.429676  0.570324  
0.4642  0.5358  
0.523628  0.476372  
0.433714  0.566286  
0.572576  0.427424  
0.444138  0.555862  
0.408478  0.591522  
0.544954  0.455046  
0.47406  0.52594  
0.582294  0.417706  
0.413659  0.586341  
0.494454  0.505546  
0.588832  0.411168  
0.570462  0.429538  
0.556192  0.443808  
0.493575  0.506425  
0.481361  0.518639  
0.506038  0.493962  
0.518786  0.481214  
0.533899  0.466101  
0.543738  0.456262  
0.524982  0.475018  
0.468807  0.531193  
0.531264  0.468736  
0.568706  0.431294  
0.406337  0.593663  
0.471917  0.528083  
0.581236  0.418764  
0.562422  0.437578  
0.421335  0.578665  
0.449987  0.550013  
0.500002  0.499998  
0.443704  0.556296  
0.400001  0.599999  
0.522334  0.477666  
1.15  2.13601e-13  
0.425041  0.574959  
0.475046  0.524954  
0.456281  0.543719  
0.599991  0.400009  
0.431612  0.568388  
0.537496  0.462504  
0.593792  0.406208  
0.459  0.541  
0  1.15  
0.549996  0.450004  
0.574941  0.425059  
0.43624  0.56376  
0.43773  0.56227  
0.46254  0.53746  
0.412527  0.587473  
0.415589  0.584411  
0.571804  0.428196  
0.487531  0.512469  
0.587563  0.412437  
0.512504  0.487496  
0.546672  0.453328  
0.509229  0.490771  
0.428934  0.571066  
0.497084  0.502916  
0.584302  0.415698  
0.489602  0.510398  
0.403414  0.596586  
0.4779  0.5221  
0.565556  0.434444  
0.52814  0.47186  
0.540598  0.459402  
0.559239  0.440761  
0.590676  0.409324  
0.597006  0.402994  
0.577517  0.422483  
0.409416  0.590584  
0.465178  0.534822  
0.515034  0.484966  
0.484811  0.515189  
0.434577  0.565423  
0.503129  0.496871  
0.49104  0.50896  
0.440077  0.559923  
0.551902  0.448098  
0.448397  0.551603  
0.455155  0.544845  
0.554579  0.445421  
0.579376  0.420624  
0.423112  0.576888  
0.427639  0.572361  
0.479003  0.520997  
0.401763  0.598237  
0.521173  0.478827  
0.548637  0.451363  
0.567205  0.432795  
0.52978  0.47022  
0.47182  0.52818  
0.592684  0.407316  
0.470693  0.529307  
0.476727  0.523273  
0.557838  0.442162  
0.473804  0.526196  
0.588828  0.411172  
0.573714  0.426286  
0.42629  0.57371  
0.504526  0.495474  
0.435971  0.564029  
0.564243  0.435757  
0.53258  0.46742  
0.48912  0.51088  
0.501857  0.498143  
0.53904  0.46096  
0.536037  0.463963  
0.454513  0.545487  
0.429765  0.570235  
0.423212  0.576788  
0.529743  0.470257  
0.510989  0.489011  
0.418725  0.581275  
0.493756  0.506244  
0.556242  0.443758  
0.506253  0.493747  
0.581235  0.418765  
0.456249  0.543751  
0.593742  0.406258  
0.579043  0.420957  
0.531254  0.468746  
0.518747  0.481253  
0.568743  0.431257  
0.481252  0.518748  
0.543734  0.456266  
0.468771  0.531229  
0.500002  0.499998  
0.431244  0.568756  
0.547114  0.452886  
0.487512  0.512488  
0.587492  0.412508  
0.537495  0.462505  
0.409568  0.590432  
0.450004  0.549996  
0.4  0.6  
0.465481  0.534519  
1.15  0  
0  1.15  
0.549996  0.450004  
0.440566  0.559434  
0.443735  0.556265  
0.562492  0.437508  
0.424997  0.575003  
0.412521  0.587479  
0.407645  0.592355  
0.523127  0.476873  
0.475008  0.524992  
0.525001  0.474999  
0.478027  0.521973  
0.599991  0.400009  
0.446874  0.553126  
0.574996  0.425004  
0.403039  0.596961  
0.437505  0.562495  
0.559241  0.440759  
0.462503  0.537497  
0.512498  0.487502  
0.421849  0.578151  
0.434418  0.565582  
0.484465  0.515535  
0.584468  0.415532  
0.45931  0.54069  
0.528131  0.471869  
0.571873  0.428127  
0.521792  0.478208  
0.565608  0.434392  
0.503151  0.496849  
0.590586  0.409414  
0.428126  0.571874  
0.560478  0.439522  
0.553129  0.446871  
0.509373  0.490627  
0.453119  0.546881  
0.490611  0.509389  
0.534383  0.465617  
0.5406  0.4594  
0.597055  0.402945  
0.471855  0.528145  
0.51582  0.48418  
0.497167  0.502833  
0.577574  0.422426  
0.416532  0.583468  
0.404727  0.595273  
0.495644  0.504356  
0.467322  0.532678  
0.582844  0.417156  
0.479683  0.520317  
0.460931  0.539069  
0.492236  0.507764  
0.542086  0.457914  
0.563994  0.436006  
0.46099  0.53901  
0.479695  0.520305  
0.507782  0.492218  
0.585974  0.414026  
0.557813  0.442187  
0.545304  0.454696  
0.423419  0.576581  
0.492189  0.507811  
0.582779  0.417221  
0.511054  0.488946  
0.445252  0.554748  
0.548455  0.451545  
0.470374  0.529626  
0.56092  0.43908  
0.50467  0.49533  
0.526589  0.473411  
0.539064  0.460936  
0.482806  0.517194  
0.523427  0.476573  
0.532834  0.467166  
0.498345  0.501655  
0.409505  0.590495  
0.493751  0.506249  
0.406223  0.593777  
0.44375  0.55625  
0.556244  0.443756  
0.468752  0.531248  
0.428342  0.571658  
0.431252  0.568748  
0.581243  0.418757  
0.506245  0.493755  
0.481257  0.518743  
0.418741  0.581259  
0.487506  0.512494  
0.537495  0.462505  
0.584368  0.415632  
0.531246  0.468754  
0.587492  0.412508  
0.450003  0.549997  
0.437505  0.562495  
0.599991  0.400009  
0.407837  0.592163  
0.499999  0.500001  
0  1.15  
0.4  0.6  
0.459383  0.540617  
0.518754  0.481246  
1.15  0  
0.549996  0.450004  
0.425003  0.574997  
0.47657  0.52343  
0.525001  0.474999  
0.595211  0.404789  
0.568743  0.431257  
0.589013  0.410987  
0.412499  0.587501  
0.517177  0.482823  
0.456257  0.543743  
0.475004  0.524996  
0.42188  0.57812  
0.593742  0.406258  
0.574995  0.425005  
0.543748  0.456252  
0.512501  0.487499  
0.427014  0.572986  
0.462503  0.537497  
0.562495  0.437505  
0.509366  0.490634  
0.446878  0.553122  
0.453122  0.546878  
0.478137  0.521863  
0.51562  0.48438  
0.434381  0.565619  
0.540627  0.459373  
0.471881  0.528119  
0.559366  0.440634  
0.571843  0.428157  
0.590626  0.409374  
0.465608  0.534392  
0.596883  0.403117  
0.48439  0.51561  
0.534379  0.465621  
0.54687  0.45313  
0.56561  0.43439  
0.578138  0.421862  
0.403145  0.596855  
0.496861  0.503139  
0.503113  0.496887  
0.521869  0.478131  
0.553134  0.446866  
0.528133  0.471867  
0.490628  0.509372  
0.440629  0.559371  
0.415618  0.584382  
0.573421  0.426579  
0.57657  0.42343  
0.467205  0.532795  
0.551561  0.448439  
0.45469  0.54531  
0.460824  0.539176  
0.573365  0.426635  
0.426583  0.573417  
0.46408  0.53592  
0.413988  0.586012  
0.407841  0.592159  
0.409434  0.590566  
0.517216  0.482784  
0.435949  0.564051  
0.571866  0.428134  
0.46563  0.53437  
0.554665  0.445335  
0.479694  0.520306  
0.453127  0.546873  
0.485919  0.514081  
0.579679  0.420321  
0.44528  0.55472  
0.593742  0.406258  
0.590614  0.409386  
0.507876  0.492124  
0.558955  0.441045  
0.451571  0.548429  
0.582796  0.417204  
0.401548  0.598452  
0.476547  0.523453  
0.51406  0.48594  
0.450002  0.549998  
0.482852  0.517148  
0.587493  0.412507  
0.434378  0.565622  
0.501545  0.498455  
0.528112  0.471888  
0.440629  0.559371  
0.599993  0.400007  
0.568743  0.431257  
0.534372  0.465628  
0.496876  0.503124  
0.415632  0.584368  
0.406251  0.593749  
0.524999  0.475001  
0.456252  0.543748  
0.596873  0.403127  
0.578104  0.421896  
0.412499  0.587501  
0.418753  0.581247  
0.487504  0.512496  
0.446878  0.553122  
0.474999  0.525001  
0.506253  0.493747  
0.54687  0.45313  
0.539056  0.460944  
0.564727  0.435273  
0.560931  0.439069  
0.540627  0.459373  
0.532817  0.467183  
0.548412  0.451588  
0.531247  0.468753  
0.509382  0.490618  
0.428133  0.571867  
0.403136  0.596864  
0  1.15  
0.535925  0.464075  
0.429717  0.570283  
0.462503  0.537497  
0.515627  0.484373  
0.574995  0.425005  
0.478124  0.521876  
0.495301  0.504699  
0.567178  0.432822  
0.499999  0.500001  
0.585923  0.414077  
0.581243  0.418757  
0.553103  0.446897  
1.15  0  
0.471881  0.528119  
0.425003  0.574997  
0.420309  0.579691  
0.490628  0.509372  
0.518754  0.481246  
0.584368  0.415632  
0.45781  0.54219  
0.493751  0.506249  
0.521878  0.478122  
0.470303  0.529697  
0.481251  0.518749  
0.437505  0.562495  
0.442368  0.557632  
0.549996  0.450004  
0.543748  0.456252  
0.432786  0.567214  
0.512501  0.487499  
0.431252  0.568748  
0.468752  0.531248  
0.42188  0.57812  
0.503129  0.496871  
0.537501  0.462499  
0.529689  0.470311  
0.556244  0.443756  
0.562495  0.437505  
0.4  0.6  
0.586416  0.413584  
0.4  0.6  
0.418359  0.581641  
0.548054  0.451946  
0.41033  0.58967  
0.428303  0.571697  
0.422323  0.577677  
0.472197  0.527803  
0.420341  0.579659  
0.434472  0.565528  
0.43657  0.56343  
0.43033  0.56967  
0.424305  0.575695  
0.443048  0.556952  
0.426306  0.573694  
0.432377  0.567623  
0.445216  0.554784  
0.440864  0.559136  
0.537412  0.462588  
0.438689  0.561311  
0.46233  0.53767  
0.466349  0.533651  
0.556615  0.443385  
0.495101  0.504899  
0.451794  0.548206  
0.497268  0.502732  
0.476135  0.523865  
0.517405  0.482595  
0.453965  0.546035  
0.460305  0.539695  
0.588606  0.411394  
0.456091  0.543909  
0.543753  0.456247  
0.541607  0.458393  
0.55024  0.44976  
0.464334  0.535666  
0.595337  0.404663  
0.480163  0.519837  
0.582085  0.417915  
0.564919  0.435081  
0.575567  0.424433  
0.488592  0.511408  
0.571253  0.428747  
0.484371  0.515629  
0.474164  0.525836  
0.492938  0.507062  
0.458224  0.541776  
0.554513  0.445487  
0.515457  0.484543  
0.577736  0.422264  
0.402094  0.597906  
0.545902  0.454098  
0.406235  0.593765  
0.50151  0.49849  
0.529327  0.470673  
0.535392  0.464608  
0.533348  0.466652  
0.527324  0.472676  
0.552395  0.447605  
0.558691  0.441309  
0.50359  0.49641  
0.525338  0.474662  
0.599996  0.400004  
0.560756  0.439244  
0.482246  0.517754  
0.573396  0.426604  
1.14966  0.00204473  
0.470256  0.529744  
0.539554  0.460446  
0.521357  0.478643  
0.513518  0.486482  
0.50765  0.49235  
0.56701  0.43299  
0.562832  0.437168  
0.584251  0.415749  
0.593046  0.406954  
0.447409  0.552591  
0.404164  0.595836  
0.579904  0.420096  
0.490762  0.509238  
0.486432  0.513568  
0.478146  0.521854  
0.499418  0.500582  
0.590837  0.409163  
0.569104  0.430896  
0.449596  0.550404  
0.52334  0.47666  
0.468307  0.531693  
0.531341  0.468659  
0.519376  0.480624  
0.597658  0.402342  
0.511588  0.488412  
0.509642  0.490358  
1.15  0  
0.505626  0.494374  
0.416384  0.583616  
0.414386  0.585614  
0.408305  0.591695  
0.412404  0.587596  
0  1.15  
0.554445  0.445555  
0.4  0.6  
0  1.15  
0.582078  0.417922  
0.443064  0.556936  
0.406235  0.593765  
0.50957  0.49043  
0.412347  0.587653  
0.420341  0.579659  
0.416363  0.583637  
0.41033  0.58967  
0.414354  0.585646  
0.418359  0.581641  
0.525338  0.474662  
0.426373  0.573627  
0.579904  0.420096  
0.428394  0.571606  
0.453897  0.546103  
0.440902  0.559098  
0.436674  0.563326  
0.438786  0.561214  
0.432482  0.567518  
0.434576  0.565424  
1.14966  0.00196989  
0.472253  0.527747  
0.456045  0.543955  
0.460234  0.539766  
0.464296  0.535704  
0.449596  0.550404  
0.447412  0.552588  
0.462286  0.537714  
0.474248  0.525752  
0.445237  0.554763  
0.451748  0.548252  
0.466316  0.533684  
0.523356  0.476644  
0.486538  0.513462  
0.480327  0.519673  
0.470256  0.529744  
0.476239  0.523761  
0.533406  0.466594  
0.552311  0.447689  
0.499335  0.500665  
0.521372  0.478628  
0.484448  0.515552  
0.548062  0.451938  
0.490806  0.509194  
0.497217  0.502783  
0.495093  0.504907  
0.492962  0.507038  
0.402075  0.597925  
0.501432  0.498568  
0.408289  0.591711  
0.422324  0.577676  
0.507571  0.492429  
0.505562  0.494438  
1.15  0  
0.430409  0.569591  
0.519402  0.480598  
0.51548  0.48452  
0.599997  0.400003  
0.513518  0.486482  
0.4683  0.5317  
0.545938  0.454062  
0.531354  0.468646  
0.535461  0.464539  
0.569165  0.430835  
0.527328  0.472672  
0.478282  0.521718  
0.539596  0.460404  
0.488672  0.511328  
0.571302  0.428698  
0.55655  0.44345  
0.503508  0.496492  
0.543817  0.456183  
0.550194  0.449806  
0.511542  0.488458  
0.593113  0.406887  
0.541693  0.458307  
0.588657  0.411343  
0.597705  0.402295  
0.595404  0.404596  
0.590866  0.409134  
0.567053  0.432947  
0.562858  0.437142  
0.577743  0.422257  
0.586451  0.413549  
0.57344  0.42656  
0.584258  0.415742  
0.560759  0.439241  
0.564964  0.435036  
0.558653  0.441347  
0.404164  0.595836  
0.537512  0.462488  
0.517425  0.482575  
0.575588  0.424412  
0.529327  0.470673  
0.482375  0.517625  
0.424339  0.575661  
0.458129  0.541871  
0.509515  0.490485  
0.418352  0.581648  
0.424357  0.575643  
0.416348  0.583652  
0.414354  0.585646  
0.408283  0.591717  
0.410312  0.589688  
0.402075  0.597925  
0.412339  0.587661  
0.406224  0.593776  
0.430487  0.569513  
0.478315  0.521685  
0.434609  0.565391  
0.443094  0.556906  
0.428439  0.571561  
0.47228  0.52772  
0.426382  0.573618  
0.447415  0.552585  
0.582091  0.417909  
0.453819  0.546181  
0.440947  0.559053  
0.554422  0.445578  
0.438811  0.561189  
0.497193  0.502807  
0.445257  0.554743  
0.449543  0.550457  
0.4993  0.5007  
0.543819  0.456181  
0.567071  0.432929  
0.586473  0.413527  
0.525343  0.474657  
0.458074  0.541926  
0.484513  0.515487  
1.14966  0.00196989  
0.492947  0.507053  
0  1.15  
0.501369  0.498631  
0.511496  0.488504  
0.48242  0.51758  
0.4866  0.5134  
0.480366  0.519634  
0.56075  0.43925  
0.595434  0.404566  
0.6  0.4  
0.488703  0.511297  
0.548062  0.451938  
0.55864  0.44136  
0.588682  0.411318  
0.590916  0.409084  
0.593159  0.406841  
0.4  0.6  
0.537539  0.462461  
0.597705  0.402295  
0.521372  0.478628  
0.507503  0.492497  
0.529346  0.470654  
0.432534  0.567466  
0.474282  0.525718  
0.460163  0.539837  
0.451683  0.548317  
0.541723  0.458277  
0.57992  0.42008  
0.53961  0.46039  
0.552304  0.447696  
0.455945  0.544055  
0.564961  0.435039  
0.505471  0.494529  
0.513481  0.486519  
0.503427  0.496573  
0.571319  0.428681  
0.569204  0.430796  
0.466285  0.533715  
0.531362  0.468638  
0.550184  0.449816  
0.468278  0.531722  
0.495062  0.504938  
0.476294  0.523706  
0.533419  0.466581  
0.562858  0.437142  
0.57345  0.42655  
0.545938  0.454062  
0.490826  0.509174  
0.527345  0.472655  
0.462212  0.537788  
0.577752  0.422248  
0.464235  0.535765  
0.519402  0.480598  
0.575592  0.424408  
0.470283  0.529717  
0.584275  0.415725  
0.55653  0.44347  
0.51744  0.48256  
0.51548  0.48452  
0.523356  0.476644  
0.535476  0.464524  
1.15  0  
0.436709  0.563291  
0.422351  0.577649  
0.404155  0.595845  
0.420341  0.579659  
0.48666  0.51334  
0.402075  0.597925  
0.468247  0.531753  
0.420352  0.579648  
0.406219  0.593781  
0.410297  0.589703  
0.408268  0.591732  
0.404142  0.595858  
0.51744  0.48256  
0.41433  0.58567  
0.480418  0.519582  
0.418344  0.581656  
0.513478  0.486522  
0.6  0.4  
0.488736  0.511264  
0.426411  0.573589  
0.476323  0.523677  
0.451685  0.548315  
0.438869  0.561131  
0.573468  0.426532  
0.586516  0.413484  
0.550184  0.449816  
0.564963  0.435037  
0.440994  0.559006  
0.545952  0.454048  
0.575614  0.424386  
0.495042  0.504958  
0.588727  0.411273  
0.55653  0.44347  
0.531385  0.468615  
0.505437  0.494563  
0.453813  0.546187  
0.55864  0.44136  
0.503395  0.496605  
0.595434  0.404566  
0.501335  0.498665  
0.482484  0.517516  
0.434669  0.565331  
0.449551  0.550449  
0.466221  0.533779  
0.428448  0.571552  
0.548062  0.451938  
0.470278  0.529722  
0.539648  0.460352  
0.455894  0.544106  
0.541737  0.458263  
0.432569  0.567431  
0.525377  0.474623  
0.511488  0.488512  
0.458  0.542  
0.4  0.6  
0.412315  0.587685  
0.478361  0.521639  
0.443121  0.556879  
0.416342  0.583658  
0.590942  0.409058  
1.14966  0.00197177  
0.42235  0.57765  
0.533431  0.466569  
0.523395  0.476605  
0.521405  0.478595  
0.51942  0.48058  
0.577759  0.422241  
0.490829  0.509171  
0.464175  0.535825  
0.484579  0.515421  
0.497149  0.502851  
0.507474  0.492526  
0.436744  0.563256  
0.537565  0.462435  
0  1.15  
0.569197  0.430803  
0.584318  0.415682  
0.499249  0.500751  
0.582118  0.417882  
0.529369  0.470631  
0.472282  0.527718  
0.51547  0.48453  
0.543844  0.456156  
0.527361  0.472639  
0.424357  0.575643  
0.571329  0.428671  
0.44741  0.55259  
0.567071  0.432929  
0.562857  0.437143  
0.474297  0.525703  
0.460092  0.539908  
0.57992  0.42008  
0.535476  0.464524  
0.597718  0.402282  
0.56075  0.43925  
0.593179  0.406821  
0.462168  0.537832  
0.445264  0.554736  
0.552303  0.447697  
0.554413  0.445587  
0.509485  0.490515  
1.15  0  
0.430504  0.569496  
0.492944  0.507056  
0.541761  0.458239  
0.404142  0.595858  
0.579958  0.420042  
0.422364  0.577636  
0.402066  0.597934  
0.42641  0.57359  
0.420352  0.579648  
0.418348  0.581652  
0.41433  0.58567  
0.416342  0.583658  
0.410273  0.589727  
0.550184  0.449816  
0.408236  0.591764  
0.484582  0.515418  
0.432597  0.567403  
0.424385  0.575615  
0.531438  0.468562  
0.52739  0.47261  
0.511465  0.488535  
0.495049  0.504951  
0.447402  0.552598  
0.436783  0.563217  
0.513466  0.486534  
0.499239  0.500761  
0.457976  0.542024  
0.562863  0.437137  
0.523403  0.476597  
0.586524  0.413476  
0.45166  0.54834  
0.47841  0.52159  
0.466218  0.533782  
0.488754  0.511246  
0.552298  0.447702  
0.57133  0.42867  
0.597737  0.402263  
0.56921  0.43079  
0.56075  0.43925  
0.588739  0.411261  
1.14952  0.00148039  
0.460045  0.539955  
0.470263  0.529737  
0.537608  0.462392  
0.464174  0.535826  
0.490844  0.509156  
0.543856  0.456144  
0.497148  0.502852  
0  1.15  
0.57564  0.42436  
0.517442  0.482558  
0.548071  0.451929  
0.4  0.6  
0.406195  0.593805  
0.515461  0.484539  
0.482518  0.517482  
0.525388  0.474612  
0.521413  0.478587  
0.462116  0.537884  
0.430534  0.569466  
0.505404  0.494596  
0.445263  0.554737  
0.593202  0.406798  
0.529402  0.470598  
0.453769  0.546231  
0.501304  0.498696  
0.449539  0.550461  
0.476354  0.523646  
0.55864  0.44136  
0.545962  0.454038  
0.438891  0.561109  
0.577795  0.422205  
0.45588  0.54412  
0.480458  0.519542  
0.472291  0.527709  
0.554413  0.445587  
0.567099  0.432901  
0.46824  0.53176  
0.503375  0.496625  
0.564977  0.435023  
0.573471  0.426529  
0.556529  0.443471  
0.533475  0.466525  
0.48666  0.51334  
0.584325  0.415675  
0.507453  0.492547  
0.519426  0.480574  
0.582129  0.417871  
0.539679  0.460321  
0.474318  0.525682  
1.15  0  
0.6  0.4  
0.509466  0.490534  
0.492944  0.507056  
0.434664  0.565336  
0.590956  0.409044  
0.595458  0.404542  
0.44313  0.55687  
0.440999  0.559001  
0.428476  0.571524  
0.412315  0.587685  
0.535542  0.464458  
