0.0951347  0.195099  0.709767  
0.0252589  0.619814  0.354927  
0.0677822  0.244552  0.687666  
0.0437785  0.0532356  0.902986  
0.996331  0.591083  0.138672  
0.418529  0.667712  0.0126175  
0.0228013  0.592313  0.384886  
0.115413  0.511118  0.373468  
0.588432  0.106942  0.304626  
0.276533  0.101005  0.622462  
0.563988  0.98894  0.123356  
0.191851  0.255866  0.552283  
0.12721  0.0429487  0.829842  
0.251779  0.468344  0.279877  
0.154637  0.0526078  0.792755  
0.167199  0.247889  0.584913  
0.0507488  0.404952  0.544299  
0.0976811  0.0809498  0.821369  
0.305884  1.03841  0.0850188  
0.685675  0.0408503  0.273474  
0.308927  0.219482  0.471591  
0.037956  0.0663314  0.895713  
0.0599633  0.636412  0.303624  
0.53012  0.963429  0.125749  
1.2073  0.830492  0.604159  
0.157862  0.138425  0.703713  
0.256169  0.242698  0.501133  
0.0261903  0.642158  0.331651  
1.32422  0.46076  0.255515  
0.00896011  0.65241  0.33863  
0.658877  0.0117172  0.329406  
0.460431  0.255727  0.283842  
0.457172  0.284664  0.258163  
1.14068  1.30321  0.809808  
0.621707  0.080429  0.297864  
0.0548337  0.234666  0.710501  
0.0678358  0.552581  0.379583  
0.157602  0.240927  0.601472  
0.0334053  0.017845  0.94875  
0.0814932  0.0376633  0.880844  
1.7615  0.108043  0.43495  
0.0514463  0.322168  0.626386  
0.777813  0.51983  0.0565459  
0.583539  0.0524106  0.36405  
0.0294371  0.0750443  0.895519  
0.102057  0.34056  0.557384  
0.106966  0.57149  0.321544  
0.801744  0.282344  0.0111735  
0.0961458  0.0594839  0.84437  
0.116525  0.00197204  0.881503  
0.17278  0.167663  0.659557  
0.0122261  0.329774  0.658  
0.285911  0.189799  0.52429  
0.0457386  0.220717  0.733544  
0.0237134  0.0239966  0.95229  
0.161297  0.228468  0.610235  
0.0877142  0.0561075  0.856178  
0.449934  0.113291  0.436775  
0.420326  0.0250382  0.554636  
0.0316575  0.617772  0.350571  
0.0417149  0.0148038  0.943481  
0.00798772  0.0346561  0.957356  
0.00901235  0.0548249  0.936163  
0.000732166  0.0495867  0.949681  
0.0794892  0.234158  0.686352  
0.108836  0.198714  0.69245  
0.128795  0.112132  0.759073  
0.53483  0.486487  0.00450012  
0.0428355  0.164617  0.792547  
0.13148  0.0414861  0.827034  
0.683473  0.0528383  0.263689  
0.373914  0.26064  0.365445  
0.0949933  0.241099  0.663908  
1.23681  0.218313  0.106877  
0.076355  1.17066  0.0394138  
0.00230754  0.000829964  0.996863  
0.15858  0.498676  0.342744  
0.058922  0.162039  0.779039  
0.943322  1.00481  0.332658  
0.00112848  0.107905  0.890966  
0.309487  0.00575173  0.684761  
0.0481803  0.690277  0.261543  
0.0778512  1.17703  0.0570212  
0.120603  0.0296824  0.849715  
1.30333  0.779419  0.547251  
0.330081  0.0647245  0.605195  
0.0570334  0.00797527  0.934991  
0.0183699  0.566889  0.414741  
0.138398  1.64945  0.186658  
0.0162768  0.42501  0.558713  
0.358298  0.653583  0.00157331  
0.536585  0.0457988  0.417616  
1.46734  0.885086  0.763316  
0.0227892  0.0713096  0.905901  
0.515878  1.15978  0.173212  
0.0326365  0.0184324  0.948931  
0.0141994  0.0244075  0.961393  
1.08178  0.524204  0.123159  
0.0197572  0.032961  0.947282  
1.72059  0.261044  0.595648  
0.161818  0.0533065  0.784876  
0.473323  0.0725797  0.454097  
1.93162  0.0357354  0.600384  
0.0162427  0.549579  0.434178  
1.64076  0.610658  0.745725  
0.00593345  0.467874  0.526192  
0.00203142  0.11333  0.884639  
0.285973  1.18037  0.0788546  
0.112354  0.00320863  0.884438  
0.0256748  0.119791  0.854534  
0.427316  0.138506  0.434178  
0.456494  0.286521  0.256986  
0.314375  0.0272309  0.658394  
1.61371  0.0188434  0.278294  
0.151913  0.848087  1.69227e-08  
0.0632991  1.05992  0.0144199  
0.45183  1.86964  0.471955  
0.145778  0.00230717  0.851914  
0.227886  0.00103868  0.771075  
0.50815  0.0709316  0.420918  
1.10158  0.0230497  0.0491674  
0.0628715  0.278735  0.658394  
0.00149595  0.113527  0.884978  
0.803851  0.204679  0.00154334  
0.000109055  0.480963  0.518928  
0.296732  0.703268  0  
0.470034  0.0153301  0.514636  
0.0632632  0.936737  1.75361e-08  
0.226178  0.000309477  0.773513  
0.144395  0.316097  0.539508  
0.456494  0.286521  0.256986  
0.591184  0.0705471  0.338269  
0.258134  0.485401  0.256465  
0.151913  0.848087  1.69227e-08  
0.312835  0.076594  0.610571  
1.35187e-08  0.377824  0.622176  
0.00247962  0.219115  0.778406  
0.00688827  0.68888  0.304232  
1.56143  0.377158  0.341336  
0.922186  0.0780258  6.11148e-05  
0.43297  0.132852  0.434178  
6.23145e-16  1  3.66374e-15  
0.754929  0.248086  0.000585113  
0.504137  0.495863  1.75361e-08  
1  1.11022e-16  0  
0.156971  0.167981  0.675048  
0.0997021  0.00263551  0.897662  
0.000131543  0.580141  0.419727  
0  0  1  
0.159612  0.408766  0.431622  
0.578443  0  0.421557  
0.289268  0.198587  0.512146  
0.366867  0.633133  1.1924e-10  
0.123728  0.612095  0.264177  
0.285851  1.17986  0.0788209  
0.234262  0.765738  3.02655e-11  
0.361335  0.00135004  0.637315  
0.59182  0.151194  0.256986  
0.0756694  0.265937  0.658394  
0.3338  0.335151  0.331049  
0.0474275  0.119287  0.833285  
0.858321  0.141679  3.02655e-11  
0.0867486  0.0613371  0.851914  
0.0278841  0.554357  0.417759  
0.183473  0.454832  0.361695  
0.863964  0.219985  0.013169  
0.274988  0.258363  0.466649  
0.112354  0.00320863  0.884438  
0.166884  0.57613  0.256986  
0.543612  0.0569046  0.399483  
0.38551  0.61449  5.01588e-11  
0.157182  0.0717429  0.771075  
0.282641  0.00330043  0.714058  
0.00553605  0.283197  0.711267  
1.34323e-08  0.182073  0.817927  
0.428645  2.00708  0.576085  
0.558658  0.0917104  0.349631  
0.0306875  0.00035834  0.968954  
0.00961525  0.250175  0.74021  
0.266529  0.206099  0.527372  
0.0653079  0.293452  0.641241  
0.389026  0.00481239  0.606161  
0.486153  0.0266791  0.487168  
0.31614  0.0380868  0.645773  
1.00926e-08  0.136804  0.863196  
0.0020805  0.189228  0.808692  
0.341649  0.00345696  0.654894  
0.0628715  0.278735  0.658394  
0.0256748  0.119791  0.854534  
0.473379  0.0154392  0.511181  
0.0103971  1.11008  0.0143847  
1.17527  0.0217429  0.0605071  
0.970301  0.113859  0.0238182  
0.428699  2.00733  0.576158  
0.0993856  0.00295196  0.897662  
0.204046  0.795955  1.69227e-08  
0.343773  0.0104542  0.645773  
0.00247962  0.219115  0.778406  
0.470034  0.0153301  0.514636  
0.0113687  0.601961  0.38667  
0.118188  0.525037  0.356775  
0.252573  1.87809e-06  0.747425  
0.304746  0.073394  0.62186  
0.0351063  0.28925  0.675643  
0.552719  0.0506962  0.396585  
0.0291898  0.00080926  0.970001  
0.171483  0.39736  0.431157  
0.0351063  0.28925  0.675643  
0.00815393  0.222142  0.769704  
0.350328  0.389176  0.260496  
0.472913  0.0640632  0.463023  
0.091237  0.0354713  0.873292  
0.0451435  0.124667  0.83019  
0.0726194  0.44073  0.48665  
0.197029  0.128942  0.674029  
0.0594323  0.394423  0.546145  
0.0917988  0.908201  5.77316e-15  
0.426498  0.010444  0.563058  
0.23658  0.0945534  0.668867  
0.290015  0.709985  2.33147e-15  
0.0782026  0.151264  0.770534  
0.132496  0.297432  0.570072  
1.5466e-09  0.699  0.301  
0.374155  0.374355  0.251489  
0.314631  0.016964  0.668405  
0.364875  0.0793105  0.555814  
0.204445  0.803961  0.00102047  
0.098556  0.301757  0.599687  
5.55632e-07  0.209679  0.790321  
0.166633  0.40221  0.431157  
0.421025  0.142987  0.435988  
0.669124  0.00362329  0.327253  
0.364377  0.635623  1.9873e-14  
0.623071  0.376929  2.67564e-14  
0.498725  5.16268e-10  0.501275  
0.182557  5.61076e-13  0.817443  
0.14478  0.85522  3.33067e-16  
0.73995  5.9198e-13  0.26005  
0.0031071  0.631513  0.36538  
0.0547357  0.0759095  0.869355  
0.233295  0.237833  0.528872  
6.21465e-05  0.325908  0.674029  
0.557861  0.119104  0.323034  
4.55896e-12  1  3.55271e-15  
0.257041  0.485062  0.257898  
0.69286  0.0569526  0.250187  
0.131986  0.555148  0.312866  
0.293365  0.158897  0.547739  
0.499832  0.500168  8.88178e-14  
0.511155  0.100133  0.388712  
0.331901  0.334629  0.33347  
0  0  1  
2.47233e-09  0.499936  0.500064  
0.0655788  0.683956  0.250465  
0.291162  0.0811892  0.627649  
0.872725  0.127275  8.88178e-16  
0.0816482  0.918352  2.33147e-15  
0.140874  0.142369  0.716757  
0.74846  0.25154  2.33147e-15  
0.2542  0.7458  2.33147e-15  
0.196802  0.180665  0.622532  
1  2.36544e-12  1.11022e-16  
0.520342  0.229419  0.250239  
0.245425  0.1172  0.637374  
0.409073  0.590927  8.88178e-16  
0.935789  0.0642105  1.77636e-15  
0.815138  0.184862  2.54241e-14  
0.269075  0.302444  0.428481  
0.0348636  0.41915  0.545986  
0.538457  0.0354288  0.426114  
7.86196e-05  0.412296  0.587625  
0.710277  0.289723  2.33147e-15  
0.0833415  0.52603  0.390629  
0.310365  0.689635  1.11022e-16  
0.395386  0.00188079  0.602733  
0.421367  0.302056  0.276576  
0.0889837  0.227432  0.683584  
0.0116005  0.0510043  0.937395  
0.229573  0.40654  0.363886  
0.157583  0.588869  0.253548  
0.290003  0.220418  0.489579  
0.1257  0.357914  0.516386  
0.173608  0.0566882  0.769704  
2.11681e-05  0.148039  0.85194  
0.128937  0.0107203  0.860343  
0.465573  0.542369  0.00102  
0.0637802  0.467132  0.469088  
0.657885  0.0722965  0.269818  
0.103263  0.100526  0.79621  
0.0311762  0.256869  0.711955  
0.467319  0.0426671  0.490014  
0.593486  0.0308437  0.37567  
0.0405511  0.54753  0.411918  
0.970771  0.0292285  2.33147e-15  
0.315974  0.381889  0.302137  
0.355602  0.131076  0.513322  
0.186805  0.355316  0.457879  
0.0733454  0.648316  0.278339  
0.224811  0.489559  0.28563  
0.040314  0.000122023  0.959564  
0.414106  0.00308424  0.58281  
0.218727  0.311063  0.470211  
0.488487  0.221359  0.290154  
0.280275  0.349765  0.36996  
0.391891  0.297947  0.310162  
0.971424  0.028576  0  
0.0840185  0.915981  0  
0.852957  0.147043  0  
0.794566  0.205434  0  
0.144665  0.855335  0  
3.82874e-17  0.520823  0.479177  
0.192772  0.0849646  0.722264  
0.18103  0.272906  0.546065  
0.0843111  0.192728  0.72296  
0.118422  0.564257  0.317321  
0.276269  0.177666  0.546065  
0.451134  0.17421  0.374656  
0.503488  0.0418917  0.454621  
0.466635  0.533365  0  
0.597803  0.110138  0.292058  
0.401836  0.598164  0  
0.532216  0.467784  0  
0.303554  0.696446  0  
0.249449  0.249431  0.50112  
0.157961  0.482415  0.359625  
0.00714212  0.478193  0.514665  
0.4767  0.00749157  0.515808  
0.308941  0.441013  0.250046  
0.100551  0.311872  0.587577  
0.749951  3.16946e-06  0.250046  
0.632902  0.367098  0  
0.224142  0.511293  0.264565  
0.472584  0.277398  0.250017  
0.17543  0.82457  0  
0.11662  0.88338  0  
0.286481  0.284517  0.429001  
0.500003  0.499997  0  
0.226456  5.02832e-17  0.773544  
0.157527  0.157524  0.684949  
0.600715  0.399285  0  
0.431024  0.118909  0.450067  
2.53101e-20  1  0  
1  0  0  
0.161245  0.0354728  0.803283  
0.583113  6.47385e-17  0.416887  
0.000224707  0.291009  0.708766  
0.33333  0.333399  0.333271  
0.568985  0.180216  0.250799  
0  0  1  
0.161111  0.587578  0.251311  
0.11596  0.427092  0.456948  
0.512811  0.0931563  0.394032  
0.368723  0.631277  0  
3.86293e-17  0.583091  0.416909  
0.527604  0.159763  0.312634  
9.82301e-09  0.749977  0.250023  
3.86421e-15  0.374564  0.625436  
0.233283  0.766717  0  
0.268023  0.731977  0  
0.88348  0.11652  0  
0.7667  0.2333  0  
0.0369468  0.0253485  0.937705  
0.374565  4.15851e-17  0.625435  
0.316442  0.101993  0.581566  
0.0841505  0.665832  0.250017  
9.28585e-16  0.22649  0.77351  
0.66709  0.0828658  0.250044  
0.0728871  0.0728873  0.854226  
0.699964  0.300036  0  
0.566199  0.433801  0  
0.377516  0.219554  0.40293  
0.434889  0.565111  0  
0.214452  0.368639  0.416909  
2.34096e-07  0.111177  0.888823  
0.112545  1.2495e-17  0.887455  
0.25744  0.414109  0.328451  
0.825142  0.174858  0  
0.235432  0.124115  0.640452  
0.058138  0.941862  0  
0.941993  0.0580071  0  
0.265518  0.0601025  0.67438  
0.0536407  0.619508  0.326851  
0.0593961  0.266506  0.674098  
0.625098  0.0346489  0.340253  
0.203049  0.196327  0.600623  
0.118441  0.11844  0.763119  
0.391303  0.358679  0.250017  
0.344964  0.166313  0.488723  
0.152767  0.33541  0.511823  
0.0746025  0.531504  0.393894  
0.428436  0.238048  0.333516  
0.404136  0.0554526  0.540412  
0.0514805  0.399965  0.548555  
5.05842e-17  0.688096  0.311904  
0.0346437  0.162074  0.803283  
0.301792  3.35056e-17  0.698208  
0.131663  0.237292  0.631046  
0.694137  7.70647e-17  0.305863  
0.666661  0.333339  0  
0.733449  0.266551  0  
0.0478386  0.589661  0.362501  
0.400377  0.298778  0.300845  
0.97088  0.0291203  0  
0.1459  0.8541  0  
0.0877512  0.912249  0  
0.854286  0.145714  0  
0.0291811  0.970819  0  
0.202719  0.797281  0  
0.79621  0.20379  0  
0.912756  0.0872442  0  
4.05677e-17  0.697404  0.302596  
0.0807428  0.194573  0.724684  
0.197516  0.0820566  0.720427  
0.177943  0.273983  0.548073  
0.278435  0.163946  0.557619  
0.528446  0  0.471554  
0.593136  0.111152  0.295711  
0.467013  0.532987  0  
0.461086  0.169527  0.369387  
0.401276  0.598724  0  
0.733376  0.266624  0  
0.666899  0.333101  0  
0.301184  0.698816  0  
4.36265e-17  0.749989  0.250011  
0.477846  0.00766604  0.514488  
0.309  0.440987  0.250013  
0.100267  0.312161  0.587572  
0.88336  0.11664  0  
3.88197e-17  0.226489  0.773511  
0.226501  5.02934e-17  0.773499  
0.106053  0.548813  0.345134  
0.00438963  0.476604  0.519007  
0.115628  0.426962  0.45741  
0.429279  0.119681  0.45104  
0.36863  0.63137  0  
0.472827  0.277162  0.250011  
0.157526  0.157524  0.684949  
0.633467  0.366533  0  
2.53101e-20  1  0  
0.31511  0.101099  0.583792  
0.666836  0.0831512  0.250013  
0.500001  0.499999  0  
0.11662  0.88338  0  
0.333337  0.333333  0.333331  
0.249406  0.249474  0.50112  
0.528448  0.159103  0.312449  
1  0  0  
0.0728446  0.0728433  0.854312  
0.211553  0.379465  0.408981  
0  0  1  
0.0243953  0.646646  0.328959  
3.31292e-17  0.583091  0.416909  
0.174887  0.825113  0  
0.583091  0  0.416909  
0.233283  0.766717  0  
0.175171  0.462329  0.362501  
0.7667  0.2333  0  
0.569921  0.180068  0.250011  
0.224814  0.511201  0.263985  
2.28944e-17  0.374565  0.625435  
0.200789  0.198092  0.60112  
0.374676  4.15974e-17  0.625324  
0.749989  0  0.250011  
0.0834198  0.666569  0.250011  
0.566767  0.433233  0  
0.700098  0.299902  0  
0.379236  0.218594  0.40217  
0.434427  0.565573  0  
0.113253  2.51473e-17  0.886747  
0.266752  0.062885  0.670363  
5.70549e-17  0.11325  0.88675  
0.825061  0.174939  0  
0.941775  0.0582251  0  
0.0311259  0.0311129  0.937761  
0.0583205  0.94168  0  
0.0619328  0.266564  0.671504  
0.624372  0.0337449  0.341884  
0.0499153  0.400864  0.549221  
0.118058  0.118037  0.763905  
0.127143  0.597664  0.275193  
0.390221  0.358939  0.25084  
0.340271  0.172785  0.486944  
0.169894  0.337539  0.492567  
0.513077  0.0918935  0.395029  
0.285498  0.289484  0.425018  
0.688422  0  0.311578  
0.431125  0.238851  0.330024  
0.398517  0.0581789  0.543304  
0.0532103  0.510851  0.435939  
0.0350149  0.16116  0.803825  
0.161352  0.0353139  0.803334  
0.262678  0.413617  0.323705  
0.300659  0  0.699341  
1.30962e-21  0.300765  0.699235  
0.127733  0.233443  0.638824  
0.233926  0.130194  0.63588  
0.267213  0.732787  0  
0.334811  0.665189  0  
0.533446  0.466554  0  
0.59949  0.40051  0  
0.308441  0.441548  0.250011  
0.569388  0.180608  0.250003  
0.0728473  0.0728405  0.854312  
0.234353  0.13067  0.634977  
0.941693  0.0583069  0  
0.200064  0.198816  0.60112  
0.11325  2.51465e-17  0.88675  
0  0  1  
0.467199  0.532801  0  
1.30832e-21  0.300468  0.699532  
0.432425  0.238862  0.328712  
1.49787e-20  0.684075  0.315925  
0.11527  0.42693  0.4578  
0.118026  0.118027  0.763947  
0.314528  0.100928  0.584544  
0.277598  0.162011  0.560391  
0.199976  0.0863167  0.713707  
0.472331  0.27766  0.25001  
0.390191  0.358969  0.25084  
0.157525  0.157526  0.684949  
0.0489537  0.619361  0.331686  
0.08111  0.19476  0.72413  
0.400784  0.298576  0.300639  
0.145846  0.854154  0  
0.0765077  0.528757  0.394735  
0.0501773  0.401658  0.548164  
0.600024  0.399976  0  
0.216427  0.365615  0.417958  
0.223844  0.511352  0.264804  
0.125927  0.56021  0.313864  
0.688561  0  0.311439  
0.0832759  0.666714  0.25001  
0.527781  0.15956  0.312659  
0.178691  0.270307  0.551002  
0.226489  5.02906e-17  0.773511  
0.161192  0.0349561  0.803852  
3.81076e-17  0.226489  0.773511  
0.374587  4.15875e-17  0.625413  
0  0.374577  0.625423  
4.18786e-17  0.749995  0.250005  
0.583091  0  0.416909  
0.26685  0.0633363  0.669814  
0.478296  0.00781467  0.513889  
0.0618058  0.266574  0.671621  
0.529742  5.88131e-17  0.470258  
0.158424  0.48182  0.359755  
0.333334  0.333335  0.333331  
0.288903  0.282531  0.428566  
0.399238  0.0577659  0.542996  
0.035101  0.502927  0.461972  
0.666776  0.0832136  0.25001  
0.165378  0.584612  0.25001  
0.500001  0.499999  0  
0.912462  0.0875375  0  
0.566659  0.433341  0  
0.300641  0  0.699359  
0.128149  0.233261  0.63859  
0.74999  0  0.25001  
0.0874546  0.912545  0  
0.0311226  0.0311224  0.937755  
0.0291811  0.970819  0  
0.334805  0.665195  0  
0.36863  0.63137  0  
0.00564854  0.478584  0.515768  
0.258406  0.414136  0.327457  
0.267173  0.732827  0  
0.460762  0.170055  0.369183  
0.97088  0.0291203  0  
0.379313  0.218517  0.40217  
0.340198  0.172512  0.48729  
5.70548e-17  0.11325  0.88675  
0.204091  0.795909  0  
0.0350149  0.16116  0.803825  
0.733416  0.266584  0  
0.434311  0.565689  0  
0.24944  0.24944  0.50112  
0.766706  0.233294  0  
0.174946  0.825054  0  
0.700027  0.299973  0  
0.633379  0.366621  0  
0.592613  0.111494  0.295893  
0.23329  0.76671  0  
0.429015  0.119324  0.451661  
0.153898  0.332235  0.513866  
0.624372  0.0337449  0.341884  
0.854229  0.145771  0  
0.10054  0.311784  0.587677  
0.88336  0.11664  0  
0.301  0.699  0  
0.512909  0.0922492  0.394841  
2.53101e-20  1  0  
0.666592  0.333408  0  
0.533334  0.466666  0  
0.825061  0.174939  0  
0.79588  0.20412  0  
3.31292e-17  0.583091  0.416909  
0.0583205  0.94168  0  
0.401423  0.598577  0  
1  0  0  
0.11662  0.88338  0  
0  0  1  
0.167181  0.0190815  0.813738  
0.244703  0.126128  0.629169  
0.0553132  0.400958  0.543729  
0.274207  0.292228  0.433565  
1.05359e-19  0.570967  0.429033  
6.11456e-18  0.109359  0.890641  
0.454697  0.174597  0.370706  
0.291623  0.458376  0.250001  
3.55098e-20  0.466581  0.533419  
0.527013  0  0.472987  
0.173249  0.469771  0.35698  
0.121398  0.560441  0.31816  
0.240604  0.759396  0  
0.527879  0.145973  0.326148  
0.180501  0.286823  0.532676  
0.599858  0.400142  0  
0.162598  0.587401  0.250001  
0.134648  0.240346  0.625006  
0.0385833  0.488135  0.473281  
0.404389  0  0.595611  
0.665914  0.084079  0.250007  
0.58714  6.51856e-17  0.41286  
0.26289  0.41633  0.32078  
0.164085  0.159608  0.676307  
0.211811  0.202713  0.585476  
0.026877  0.157588  0.815535  
1.47307e-21  0.683162  0.316838  
0.0324803  0.0310216  0.936498  
0.218209  0.512704  0.269087  
0.0777889  0.074305  0.847906  
0.464535  0.0234732  0.511992  
0.317192  0.332212  0.350596  
0.330607  0.0828295  0.586563  
0.367596  0.232536  0.399868  
0.336482  0.663518  0  
0.121002  0.433416  0.445582  
0.882135  0.117865  0  
0.251221  0.246009  0.50277  
0.0833567  0.194626  0.722017  
0.595124  0.12053  0.284347  
0.611659  0.04405  0.344291  
0.320951  0  0.679049  
0.178331  0.821669  0  
3.54015e-19  0.375227  0.624773  
0.684825  7.60309e-17  0.315175  
0.0861677  0.66383  0.250002  
0.0600418  0.273698  0.666261  
0.632905  0.367095  0  
0.749999  0  0.250001  
0.296089  0.157698  0.546213  
0.147944  0.852056  0  
0.697893  0.302107  0  
1.3098e-21  0.300807  0.699193  
0.790702  0.209298  0  
0.0880487  0.911951  0  
0.509083  0.0865854  0.404332  
0.218006  0.378408  0.403586  
0.272414  0.727586  0  
0.0351686  0.613017  0.351815  
0.0291811  0.970819  0  
0.304461  0.695539  0  
0.912062  0.0879384  0  
0.553629  0.19637  0.250001  
0.821716  0.178284  0  
0.424967  0.123754  0.451279  
0.118211  0.881789  0  
0.478854  0.271146  0.250001  
0.42658  0.243391  0.330029  
1.26153e-17  0.22621  0.77379  
0.36586  0.38414  0.25  
0.467373  0.532627  0  
0.209118  0.790882  0  
0.201154  0.0790625  0.719784  
0.941597  0.0584031  0  
0.15491  0.356738  0.488353  
0.239334  7.97141e-17  0.760666  
0.400195  0.314894  0.284911  
0.0947009  0.323932  0.581367  
0.392608  0.0768539  0.530538  
0.665417  0.334583  0  
0.11895  0.112885  0.768165  
0.760277  0.239723  0  
0.851867  0.148133  0  
1.61719e-21  0.75  0.25  
0.110817  0  0.889183  
0.0846439  0.520048  0.395308  
0.729435  0.270565  0  
0.434473  0.565527  0  
0.97088  0.0291203  0  
2.53101e-20  1  0  
0.368941  0.631059  0  
0.533425  0.466575  0  
0.566659  0.433341  0  
0.285328  0.0552051  0.659467  
0.500289  0.499711  0  
0.0583205  0.94168  0  
0.401574  0.598426  0  
1  0  0  
0.340225  0.185302  0.474473  
0  0  1  
0.179922  0.820078  0  
4.39809e-20  0.109578  0.890422  
0.552213  0.197787  0.25  
0.610068  0.0441605  0.345771  
0.695205  0.304795  0  
0.75  0  0.25  
0.789222  0.210778  0  
0.337465  0.662535  0  
9.59211e-21  0.378984  0.621016  
0.533247  0.466753  0  
0.88077  0.11923  0  
0.210335  0.789665  0  
0.42124  0.12895  0.44981  
0.251638  0.246388  0.501973  
0.291233  0.458767  0.25  
0.36977  0.63023  0  
0.156702  0.357831  0.485467  
1.61719e-21  0.75  0.25  
0.392767  0.0762889  0.530944  
0.211176  0.203348  0.585476  
0.505291  0.0864822  0.408227  
0.217784  0.379605  0.402611  
0.339334  0.186991  0.473676  
0.17391  0.470293  0.355797  
0.0575309  0.402215  0.540254  
0.400157  0.315103  0.28474  
0.161999  0.588001  0.25  
0.367838  0.23601  0.396152  
0.262279  0.416936  0.320786  
0.526351  0  0.473649  
0.0831  0.196174  0.720726  
0.217609  0.514161  0.268229  
0.453811  0.176163  0.370026  
0.0855562  0.664444  0.25  
4.93138e-22  0.228701  0.771299  
0.596755  0.121326  0.281919  
0.163798  0.159974  0.676228  
0.273061  0.726939  0  
0.201804  0.0787294  0.719467  
0.134342  0.241383  0.624275  
0.910787  0.0892134  0  
0.180096  0.287765  0.532139  
0.940677  0.0593229  0  
0.0293437  0.970656  0  
0.02652  0.159047  0.814433  
0.0603359  0.276525  0.66314  
0.727343  0.272657  0  
0.56581  0.43419  0  
0.365257  0.384743  0.25  
1.32075e-21  0.303322  0.696678  
0.758541  0.241459  0  
0.324522  0  0.675478  
0.432707  0.244619  0.322674  
0.434762  0.565238  0  
0.663072  0.336928  0  
0.27541  0.292533  0.432057  
0.286747  0.055093  0.65816  
0.408042  0  0.591958  
0.0853594  0.520603  0.394037  
0.29455  0.158962  0.546488  
0.476862  0.273138  0.25  
0.0389137  0.488958  0.472128  
0.118467  0.881533  0  
0.0788811  0.0745447  0.846574  
0.630943  0.369057  0  
0.241387  0.758613  0  
0.331161  0.0845277  0.584311  
0.244388  0.125966  0.629646  
0.121247  0.56069  0.318063  
0.119517  0.113603  0.76688  
0.148865  0.851135  0  
0.0350902  0.613095  0.351815  
0.598549  0.401451  0  
0.666559  0.083441  0.25  
0.820018  0.179982  0  
0.167893  0.0194777  0.812629  
0.0946338  0.326428  0.578938  
0.0586237  0.941376  0  
0.526546  0.140683  0.332771  
1.47322e-21  0.68323  0.31677  
0.317558  0.333291  0.349151  
0.850652  0.149348  0  
0.112239  0  0.887761  
0.305071  0.694929  0  
0.121329  0.434586  0.444085  
0.684305  7.59731e-17  0.315695  
0.402252  0.597748  0  
0.46752  0.53248  0  
0.0881884  0.911812  0  
2.53101e-20  1  0  
0.240382  8.00631e-17  0.759618  
0.0334113  0.0305269  0.936062  
0.464723  0.0284283  0.506849  
0.970416  0.0295838  0  
0.58757  6.52334e-17  0.41243  
1.00974e-21  0.468283  0.531717  
1.23181e-21  0.571274  0.428726  
1  0  0  
0.500451  0.499549  0  
0  0  1  
0.211963  0.788037  0  
1.61719e-21  0.75  0.25  
0.0333533  0.0307553  0.935891  
0.163774  0.160112  0.676113  
0.338053  0.661947  0  
0.666285  0.0837147  0.25  
0.161117  0.588883  0.25  
0.216986  0.381616  0.401398  
0.694381  0.305619  0  
0.370101  0.629899  0  
0.910315  0.0896848  0  
0.338302  0.189461  0.472237  
0.849661  0.150339  0  
0.662572  0.337428  0  
0.552069  0.197931  0.25  
0.788024  0.211976  0  
0.41991  0.130279  0.44981  
0.0393855  0.488709  0.471905  
0.880214  0.119786  0  
0.324794  0  0.675206  
0.274583  0.725417  0  
0.0828559  0.196544  0.7206  
0.168118  0.0194104  0.812472  
0.463533  0.0302955  0.506171  
0.18101  0.81899  0  
0.315777  0.335503  0.34872  
0.399667  0.315328  0.285005  
0.435096  0.564904  0  
0.586873  0  0.413127  
0.331182  0.0849392  0.583879  
0.596487  0.121729  0.281784  
0.26145  0.418486  0.320064  
0.216909  0.514862  0.268229  
0.0951005  0.326593  0.578307  
0.970174  0.0298258  0  
0.274122  0.294438  0.43144  
1.32628e-21  0.304593  0.695407  
0.242968  0.757032  0  
0.367556  0.238024  0.394421  
0.72582  0.27418  0  
0.0585675  0.402254  0.539178  
0.211209  0.203669  0.585122  
0.202167  0.0787796  0.719054  
9.98703e-22  0.229361  0.770639  
0.120671  0.56167  0.317659  
0.119754  0.880246  0  
0.819019  0.180981  0  
0.467831  0.532169  0  
0.134249  0.24148  0.62427  
0.402555  0.597445  0  
0.526538  0.139777  0.333685  
0.25128  0.246747  0.501973  
2.40088e-21  0.109648  0.890352  
0.476641  0.273359  0.25  
0.294995  0.159224  0.545781  
0.408584  0  0.591416  
0.0853874  0.664613  0.25  
0.287007  0.0552803  0.657712  
0.630587  0.369413  0  
0.24106  0  0.75894  
0.392387  0.0767918  0.530821  
0.0296446  0.970355  0  
0.0849803  0.521194  0.393826  
0.24453  0.126285  0.629185  
0.0895584  0.910442  0  
0.757064  0.242936  0  
1.23165e-21  0.571197  0.428803  
1.01019e-21  0.468495  0.531505  
0.150311  0.849689  0  
0.75  0  0.25  
0.6842  0  0.3158  
0.609979  0.0446699  0.345351  
1.47358e-21  0.6834  0.3166  
0.504284  0.0867811  0.408935  
0.452544  0.17691  0.370546  
0.121641  0.435692  0.442668  
0.173227  0.470976  0.355797  
0.0605713  0.277604  0.661825  
0.306326  0.693674  0  
0.56581  0.43419  0  
0.364493  0.385507  0.25  
0.290189  0.459811  0.25  
0.112239  0  0.887761  
0.119517  0.113603  0.76688  
0.940368  0.0596316  0  
0.059206  0.940794  0  
0.533118  0.466882  0  
0.0259459  0.159551  0.814503  
0.157073  0.358539  0.484388  
2.53101e-20  1  0  
0.598387  0.401613  0  
0.0786324  0.0747934  0.846574  
0.0347198  0.613275  0.352006  
0.434573  0.243729  0.321697  
8.18466e-22  0.379578  0.620422  
0.179933  0.287992  0.532076  
0.525617  5.83552e-17  0.474383  
1  0  0  
0.500451  0.499549  0  
0.909822  0.090178  0  
0.0262412  0.159531  0.814228  
0.11996  0.113869  0.766172  
0.337696  0.190116  0.472187  
0.212673  0.787327  0  
0  0  1  
0.26125  0.418788  0.319962  
0.75  0  0.25  
0.21641  0.515361  0.268229  
0.0852678  0.664732  0.25  
0.597857  0.402143  0  
0.290073  0.459927  0.25  
0.630089  0.369911  0  
0.217302  0.381605  0.401093  
0.666264  0.0837364  0.25  
0.402806  0.597194  0  
0.596436  0.122187  0.281377  
1.01075e-21  0.468753  0.531247  
0.338689  0.661311  0  
0.367008  0.238938  0.394054  
0.294762  0.159823  0.545414  
0.330977  0.0855993  0.583423  
0.160857  0.589143  0.25  
0.0585134  0.402376  0.539111  
0.609439  0.0450275  0.345533  
0.551323  0.198677  0.25  
0.157176  0.35852  0.484304  
0.693813  0.306187  0  
0.241622  0  0.758378  
0.244485  0.12642  0.629096  
0.370738  0.629262  0  
1.61719e-21  0.75  0.25  
0.179927  0.287997  0.532076  
0.0393097  0.489192  0.471499  
0.475996  0.274004  0.25  
0.251584  0.247186  0.50123  
0.818494  0.181506  0  
0.879792  0.120208  0  
0.134165  0.241785  0.62405  
0.939785  0.0602149  0  
0.725288  0.274712  0  
0.120219  0.879781  0  
0.970135  0.0298653  0  
2.40623e-21  0.109892  0.890108  
0.121702  0.435911  0.442387  
0.463282  0.0310052  0.505713  
0.211146  0.203807  0.585047  
0.684003  0  0.315997  
0.392158  0.0775635  0.530279  
0.0335062  0.0306511  0.935843  
0.364555  0.385445  0.25  
0.275241  0.724759  0  
0.533055  0.466945  0  
0.173351  0.471798  0.35485  
0.662128  0.337872  0  
0.525293  0  0.474707  
0.085149  0.521431  0.39342  
1.23175e-21  0.571245  0.428755  
0.435069  0.243618  0.321313  
0.0599614  0.940039  0  
1.47388e-21  0.683536  0.316464  
0.52636  0.139876  0.333764  
0.565514  0.434486  0  
0.20233  0.0786161  0.719054  
0.409043  0  0.590957  
0.325159  0  0.674841  
0.243779  0.756221  0  
0.060452  0.277723  0.661825  
0.0827272  0.196673  0.7206  
0.0298766  0.970123  0  
0.163811  0.160367  0.675822  
0.435155  0.564845  0  
0.756653  0.243347  0  
0.273974  0.294932  0.431094  
0.419663  0.131189  0.449148  
0.307043  0.692957  0  
1.32645e-21  0.304631  0.695369  
0.316003  0.335743  0.348254  
0.150775  0.849225  0  
0.078837  0.0749842  0.846179  
0.120293  0.562122  0.317585  
8.19109e-22  0.379876  0.620124  
0.16816  0.0195032  0.812336  
0.1818  0.8182  0  
0.467746  0.532254  0  
0.287406  0.055357  0.657237  
0.849354  0.150646  0  
5.80691e-21  0.229431  0.770569  
0.787647  0.212353  0  
0.504688  0.0863766  0.408935  
2.53101e-20  1  0  
0.0951542  0.326777  0.578069  
0.0900047  0.909995  0  
0.586873  0  0.413127  
0.452316  0.176821  0.370863  
0.0343017  0.61364  0.352058  
0.399667  0.315328  0.285005  
0.11252  0  0.88748  
1  0  0  
0.500451  0.499549  0  
0  0  1  
0.468026  0.531974  0  
0.0302206  0.969779  0  
0.81786  0.18214  0  
0.17306  0.472353  0.354587  
1.61719e-21  0.75  0.25  
0.939648  0.0603523  0  
0.403276  0.596724  0  
0.244657  0.755343  0  
0.969793  0.0302071  0  
0.17952  0.288681  0.5318  
0.451803  0.177077  0.371121  
0.290073  0.459927  0.25  
0.435547  0.564453  0  
0.294224  0.160852  0.544924  
0.551323  0.198677  0.25  
0.163613  0.160607  0.675779  
0.0604197  0.93958  0  
0.0261085  0.159713  0.814178  
0.160333  0.589667  0.25  
0.287432  0.0555132  0.657055  
0.364438  0.385562  0.25  
0.463172  0.0311534  0.505675  
0.75  0  0.25  
0.202273  0.0788925  0.718834  
0.419267  0.131584  0.449148  
0.211008  0.204261  0.584731  
0.565421  0.434579  0  
0.0849763  0.521931  0.393093  
0.879278  0.120722  0  
0.59778  0.40222  0  
1.23204e-21  0.57138  0.42862  
0.216404  0.516198  0.267398  
0.307529  0.692471  0  
0.120858  0.879142  0  
0.213382  0.786618  0  
0.596059  0.122564  0.281377  
0.330833  0.0860791  0.583088  
0.151492  0.848508  0  
0.133961  0.241989  0.62405  
0.0826565  0.196744  0.7206  
8.19938e-22  0.380261  0.619739  
0.26091  0.419338  0.319751  
0.12186  0.436475  0.441665  
0.909491  0.0905087  0  
0.435347  0.243496  0.321156  
1.32832e-21  0.30506  0.69494  
0.391933  0.0775191  0.530548  
0.0334788  0.0308738  0.935647  
0.16852  0.0193232  0.812157  
0.119945  0.113884  0.766172  
0.0395718  0.489233  0.471195  
0.755932  0.244068  0  
0.475715  0.274285  0.25  
0.848661  0.151339  0  
0.665926  0.0840742  0.25  
0.787121  0.212879  0  
0.0849508  0.665049  0.25  
0.532984  0.467016  0  
0.661406  0.338594  0  
0.244334  0.12657  0.629096  
0.69313  0.30687  0  
0.119898  0.562771  0.317331  
0.0338726  0.614069  0.352058  
0.276029  0.723971  0  
0.0603856  0.278173  0.661441  
0.250866  0.247904  0.50123  
0.339221  0.660779  0  
2.40623e-21  0.109892  0.890108  
0.504298  0.0867673  0.408935  
0.629763  0.370237  0  
0.325159  0  0.674841  
0.526132  0.139815  0.334052  
0.724693  0.275307  0  
1.01145e-21  0.469077  0.530923  
0.684003  0  0.315997  
0.37107  0.62893  0  
0.112643  0  0.887357  
4.95517e-22  0.229804  0.770196  
0.157294  0.358789  0.483916  
0.409112  0  0.590888  
0.217075  0.381832  0.401093  
0.609303  0.0453037  0.345394  
0.090542  0.909458  0  
0.0792095  0.0751031  0.845687  
0.274102  0.295207  0.430691  
0.315639  0.33634  0.348021  
0.182632  0.817368  0  
0.241622  0  0.758378  
0.525288  0  0.474712  
0.399509  0.315486  0.285005  
0.0952417  0.327078  0.577681  
2.53101e-20  1  0  
0.586873  0  0.413127  
0.500421  0.499579  0  
1.47388e-21  0.683536  0.316464  
0.337934  0.190774  0.471292  
0.058694  0.402512  0.538794  
1  0  0  
0.367183  0.239051  0.393766  
