6.98844  5.21615  
5.69469  5.97169  
6.09649  6.11834  
5.64027  6.36298  
4.90849  6.74213  
6.02331  4.77685  
5.49505  6.72714  
6.26003  6.1402  
7.00196  6.15198  
7.29907  5.83783  
5.6728  5.39736  
5.93231  5.08633  
5.48459  6.31367  
7.01876  6.51236  
6.27388  4.88927  
5.50035  5.61613  
5.18667  9.43033  
4.91637  6.43043  
4.82471  6.77425  
5.543  7.40716  
6.26277  5.5183  
5.16019  4.98062  
5.93745  3.95095  
4.78278  6.50469  
6.26288  6.03071  
5.23961  8.09462  
4.24767  4.50957  
6.52321  5.80785  
7.62148  6.32455  
7.92126  5.1284  
5.23028  7.32242  
7.17882  4.7739  
5.76334  4.78329  
5.83771  4.96614  
7.6129  5.38924  
4.2335  5.30992  
5.64732  5.39821  
4.80132  7.25555  
7.66699  6.44644  
8.31592  5.50205  
5.12403  6.97817  
6.003  6.18125  
5.66102  7.02706  
4.25364  6.47962  
4.58389  5.71454  
6.85501  4.99354  
6.22726  5.28153  
5.46526  6.24528  
6.73114  6.75141  
6.06425  4.28806  
6.15752  5.59836  
6.68091  4.86664  
6.89469  7.4576  
5.50982  7.34973  
4.7311  6.95856  
4.84111  5.05561  
4.5941  6.24521  
8.25687  7.09365  
5.66116  6.11211  
5.67265  8.05873  
5.7233  4.427  
5.14634  8.03552  
5.26205  4.37  
3.94518  3.67182  
6.51268  6.98989  
5.6514  6.50255  
7.47018  5.40692  
6.26744  6.30101  
4.85538  5.98197  
6.0219  5.99706  
6.75708  4.35398  
7.04867  5.41522  
6.01574  5.2764  
5.19771  6.79292  
3.70148  6.28151  
7.6525  5.25892  
8.5128  5.62278  
3.65922  5.93318  
5.16889  5.1839  
6.03787  7.54591  
7.15672  3.96355  
6.64441  5.26342  
7.66474  5.76233  
7.82391  6.40002  
7.80745  5.62034  
4.37145  6.84408  
5.72859  7.49054  
5.49826  6.23774  
5.24862  6.26932  
4.40238  5.92253  
6.23308  5.83495  
5.3578  4.96033  
6.09024  6.34525  
5.63327  8.17645  
5.00018  4.44776  
4.78646  5.11293  
5.16494  7.50175  
5.65401  5.68493  
6.84532  6.25407  
4.19639  3.9385  
7.52937  3.83556  
4.71339  4.93955  
3.79312  5.83617  
4.22981  5.54701  
8.44864  3.06689  
3.66557  7.58621  
6.56891  3.68551  
4.28695  4.63123  
7.04397  3.15083  
3.76172  5.86103  
4.58392  4.00552  
5.69993  3.90062  
6.15614  3.2005  
4.18436  4.55184  
6.54123  3.09442  
7.16506  2.87291  
3.59813  5.55193  
5.75627  3.30621  
4.24104  3.90729  
4.13296  3.78157  
4.2822  3.73697  
7.6391  2.66281  
6.56075  2.1688  
2.30938  4.60434  
3.6802  2.51779  
5.00685  2.71881  
6.01112  2.22093  
2.16227  4.87696  
6.78258  2.03833  
2.47037  3.78424  
1.71862  4.98712  
3.84787  2.35717  
3.98737  2.15972  
2.71142  3.15914  
2.317  3.65299  
3.16851  2.6663  
2.77004  6.2081  
3.66368  2.19145  
0.829563  3.12022  
2.36916  2.90001  
4.73195  1.81083  
1.2854  3.89439  
3.2957  7.95818  
0.713942  6.512  
6.22527  1.34633  
3.53795  0.874781  
6.10342  1.80876  
4.88987  3.59537  
2.13357  1.71328  
2.04702  1.22637  
3.02968  4.39822  
0.899077  2.57823  
5.61245  0.820537  
3.64958  4.81032  
1.17022  3.01991  
1.69447  4.59818  
1.09956  5.90957  
4.53176  1.09309  
2.81976  1.50437  
1.63158  2.24219  
2.3642  1.74712  
1.3257  3.29389  
2.03282  3.03922  
2.96768  2.90938  
5.99081  2.25056  
2.91268  5.0885  
2.93963  3.43564  
4.89099  3.44868  
2.41261  4.8489  
4.34713  2.7241  
2.08696  5.95061  
4.6779  2.50247  
2.8137  4.8465  
3.70226  3.21989  
2.71454  4.63271  
4.90199  3.08874  
2.32446  5.54658  
3.24409  3.656  
4.47228  3.70115  
2.55958  4.89563  
4.41619  2.87922  
2.1225  7.72046  
5.20376  2.55441  
3.55455  3.51224  
2.50862  5.50914  
3.15302  4.00131  
4.20288  3.43453  
3.17947  4.38587  
5.23242  2.5808  
3.82006  3.68766  
3.53689  4.02831  
5.06172  2.94191  
2.90021  5.2991  
3.77437  3.79899  
4.04182  3.68137  
4.13533  3.74874  
5.61145  2.79008  
3.5652  4.98013  
6.92679  2.66703  
3.97488  4.19212  
1.96912  4.01509  
4.21997  1.7636  
2.4649  3.60124  
2.98488  2.44028  
5.01905  1.059  
4.16839  1.23754  
2.78138  2.5708  
7.09936  0.719707  
2.29653  2.89082  
1.19418  4.47282  
5.60234  0.967168  
4.3523  1.18078  
1.68916  3.34441  
3.21938  1.85373  
5.66575  0.711798  
2.55826  2.5847  
2.98018  2.33672  
5.70754  0.710833  
4.70163  1.06975  
1.15372  4.96872  
0.952152  6.3529  
1.5798  3.98167  
0.680084  4.36608  
2.85982  0.860023  
1.16722  4.31851  
1.5969  2.458  
0.839493  4.45226  
0.534698  5.11279  
1.00078  4.22929  
2.49786  1.27967  
4.55703  0.572794  
2.20642  1.83365  
3.55389  0.636613  
0.540001  3.68765  
2.23516  1.4746  
4.3311  0.524776  
2.24845  1.08299  
1.44375  1.83075  
3.32697  0.845373  
1.09942  2.10972  
2.44683  2.13122  
2.38296  0.462417  
0.34629  3.37136  
0.494813  1.80108  
2.90865  0.543664  
3.75909  0.31272  
2.52825  2.03176  
0.496629  3.31728  
2.577  2.38662  
0.724539  1.46155  
1.76366  0.568836  
5.05739  0.539891  
1.31124  1.4129  
0.955461  2.6782  
2.71822  1.73751  
0.355003  3.52493  
1.72326  1.11948  
5.84608  0.460955  
3.74773  0.423919  
0.665617  2.84881  
2.79093  0.947163  
1.83073  1.52873  
1.72309  1.39316  
1.07075  3.81328  
2.41159  0.615668  
0.917971  6.48179  
0.690606  2.00541  
2.54255  0.848812  
1.09647  3.10751  
3.83092  0.664937  
0.557473  5.37957  
1.89926  2.33837  
1.42607  2.807  
0.994322  4.03257  
1.67582  2.40794  
0.599936  5.36873  
1.09507  3.76634  
1.85339  2.6017  
2.57482  2.3458  
4.00859  0.73175  
3.01305  1.51365  
1.55798  3.27618  
2.77283  1.93847  
0.755669  5.48918  
2.24959  2.43761  
1.33284  3.9383  
3.42024  1.42826  
4.59878  0.704687  
2.66602  2.19821  
4.04801  1.09778  
0.743539  5.6719  
2.59401  2.30528  
3.91726  1.36916  
1.77545  3.22203  
2.76732  2.00884  
1.66429  3.27738  
3.05479  1.8327  
4.99115  0.768714  
2.23925  2.76944  
5.53029  0.715409  
0.353271  4.69279  
0.884606  3.52768  
1.98633  1.04684  
2.8124  0.572046  
1.95597  1.4396  
1.57111  2.33778  
1.31415  2.82194  
2.46  0.574564  
0.632512  3.81259  
3.90971  0.44778  
2.05825  0.979521  
1.66644  2.06015  
2.33198  0.585274  
0.341671  4.18001  
1.32744  2.36914  
2.90782  0.457577  
0.651794  3.09487  
1.95829  1.0195  
1.6621  1.52922  
1.88958  1.04152  
1.63727  1.60293  
2.16602  0.82588  
1.08772  1.46846  
0.353394  2.38993  
1.31708  0.63257  
0.599772  1.75191  
1.48582  1.45413  
3.04698  0.229559  
2.94662  0.357676  
2.59745  0.268742  
1.45457  0.988602  
2.21011  0.378132  
0.324772  2.23338  
2.42747  0.417651  
1.78556  0.577942  
3.19876  0.197194  
0.743524  1.35518  
0.161184  2.38159  
3.8594  0.148188  
2.65286  0.241129  
1.55964  0.760656  
0.457548  1.28714  
3.08053  0.133771  
0.165326  3.58755  
1.58788  0.780146  
1.35865  0.475541  
0.368067  1.88488  
0.178281  2.7783  
0.241859  1.70735  
1.51643  0.231991  
4.77255  0.108674  
1.38704  1.10241  
1.11817  1.1952  
0.174169  3.22208  
2.82448  0.171092  
0.160766  3.27478  
1.46059  0.426437  
1.09739  2.29506  
0.602424  1.41438  
1.92389  0.409404  
2.81453  0.206396  
0.202381  3.16582  
0.493541  3.19118  
3.12203  0.264661  
0.829715  1.82056  
0.19709  3.20837  
1.8891  0.60174  
0.463608  2.21522  
0.242798  2.81538  
2.06668  0.528697  
2.35359  0.433232  
0.881102  2.32382  
0.974152  1.76422  
1.06422  1.71607  
1.28382  1.64676  
1.58991  0.989967  
0.491957  2.35402  
0.279698  3.35043  
2.51656  0.419341  
0.248452  3.0891  
3.15696  0.316647  
2.19247  0.568777  
0.265962  3.44051  
4.62958  0.269987  
1.91196  0.782119  
0.216755  3.63643  
0.668838  2.32784  
1.76984  0.928888  
1.72583  1.19821  
2.00376  0.74114  
4.91574  0.267484  
2.11035  0.733373  
1.91889  0.901078  
0.632785  2.70835  
2.74392  0.443158  
1.31813  1.81912  
2.29619  0.573882  
1.66642  1.33367  
0.949395  2.43881  
5.27483  0.383555  
0.150036  2.34827  
2.77037  0.0692518  
0.150177  1.93792  
2.30672  0.0955559  
0.229934  1.46432  
0.965552  0.846324  
0.150048  2.0673  
0.150039  2.18499  
2.99847  0.0681538  
0.150031  2.5347  
0.150043  2.07155  
3.33836  0.0680692  
2.73642  0.0681788  
3.93736  0.0680447  
0.150032  2.30212  
2.05737  0.0705782  
1.25746  0.449829  
3.02177  0.0680994  
2.17497  0.0688631  
2.37876  0.0683177  
0.699323  1.41704  
1.23273  0.464973  
0.150072  1.50205  
0.215518  1.46061  
2.40595  0.0679953  
3.1204  0.0675719  
1.5189  0.0822008  
0.971643  0.459135  
1.29805  0.168192  
0.154935  1.40863  
1.94858  0.0681113  
0.150064  1.82106  
0.24782  1.27716  
0.776308  1.13717  
0.957492  0.590547  
0.150029  2.15329  
0.407137  1.14454  
0.150028  2.46662  
1.59915  0.0703672  
0.150024  2.27572  
1.00321  0.341962  
1.42841  0.267127  
0.150064  1.45292  
0.150183  1.26772  
1.32382  0.105553  
3.08928  0.0673127  
0.15004  1.80716  
0.150037  1.57924  
0.740161  1.04664  
1.34498  0.0693745  
0.154287  1.09901  
0.150146  1.46044  
0.980471  0.0994771  
2.00155  0.0703487  
2.25326  0.0678321  
0.150029  2.10298  
1.28161  0.415892  
0.700647  1.05701  
0.968085  0.433227  
0.956392  0.522992  
1.32428  0.0716762  
0.960062  0.766985  
1.65668  0.0689602  
1.93185  0.0680916  
1.83876  0.0687891  
0.150144  1.69999  
0.150022  1.79  
3.09381  0.0679391  
1.26233  0.346346  
0.150057  1.70954  
0.150037  2.04614  
0.15004  1.82978  
0.150029  2.16819  
1.02117  0.406357  
1.3952  0.34535  
0.176411  1.44646  
1.65793  0.0718848  
0.462607  1.20812  
2.19768  0.0681666  
0.25713  1.42051  
0.154167  1.55487  
0.153198  1.65811  
0.976977  0.704312  
0.938806  1.15771  
0.207333  1.43439  
1.00229  0.673799  
0.150051  1.86262  
3.62783  0.0676809  
2.10263  0.0686177  
1.82062  0.0711668  
2.92491  0.0680079  
2.06619  0.0697242  
2.15708  0.0684077  
0.150026  2.68229  
0.150042  1.99264  
2.05973  0.0702972  
0.150042  2.02645  
1.7425  0.0723258  
0.960793  0.825455  
0.150093  1.90065  
0.852559  0.892215  
0.150043  0.923803  
0.95004  0.0559444  
1.17912  0.0500477  
0.834212  0.909059  
0.997917  0.0500544  
0.15  0.961402  
0.15  0.977848  
0.957632  0.0500895  
0.95062  0.0512174  
0.150653  0.916848  
0.15  0.953625  
0.150033  0.924888  
0.15  0.962886  
0.15  0.977425  
0.953618  0.0507898  
0.953236  0.0510342  
0.950035  0.0644526  
0.953674  0.0507352  
0.150107  0.917779  
0.950017  0.0949838  
0.15  0.930879  
0.954454  0.0501681  
0.150043  0.924003  
0.15  0.970108  
0.15  0.956467  
0.150023  0.925516  
0.150106  0.918382  
0.153398  0.915682  
0.950068  0.051847  
0.950033  0.0678692  
0.954388  0.0503216  
0.955636  0.0501345  
0.150053  0.921087  
1.00683  0.0500482  
0.15  0.977848  
0.954388  0.0503216  
1.26062  0.0500426  
0.950017  0.118975  
0.966095  0.0500619  
0.15  0.981788  
0.156315  0.915608  
0.15  1.34746  
0.152068  0.915928  
0.852559  0.894796  
0.932743  0.892215  
1.21013  0.0500477  
1.00077  0.0500544  
0.964924  0.050099  
0.95084  0.0512174  
0.950833  0.051322  
0.151649  0.917182  
0.15117  0.917353  
0.15  0.967035  
0.953634  0.0511566  
0.150497  0.917851  
0.950018  0.0996968  
0.950028  0.0960907  
0.150001  0.936747  
0.150001  0.932483  
0.150021  0.93128  
0.15002  0.931518  
0.15  0.955435  
0.150051  0.92475  
0.150053  0.924026  
0.150051  0.924156  
0.150043  0.924819  
0.150027  0.927438  
0.155846  0.915868  
0.950806  0.0520564  
0.950093  0.0546996  
0.950203  0.0520779  
0.950082  0.0631909  
0.950033  0.0679061  
0.15014  0.921457  
1.11675  0.0500484  
0.954777  0.0503551  
1.26201  0.0500426  
0.985851  0.0500676  
0.997798  0.0500652  
0.96848  0.0500825  
0.967641  0.0500938  
0.15  0.995849  
0.15  1.02311  
0.15  1.0577  
0.158787  0.9157  
0.15  1.34907  
0.153128  0.916141  
0.153805  0.916022  
0.852559  0.899572  
0.152221  0.917444  
0.150618  0.918409  
0.950018  0.115723  
0.150005  0.932717  
0.161403  0.915815  
0.15  0.955816  
0.950208  0.0522036  
1.13176  0.0500492  
0.95992  0.0503733  
0.971097  0.0501182  
0.15  0.915017  
0.15  0.915017  
0.15  0.915017  
0.150217  0.915017  
0.15  0.915017  
0.15  0.91505  
0.664213  0.873987  
0.664213  0.873987  
0.15  0.915017  
0.664213  0.873987  
0.15  0.915017  
0.95  0.0500001  
0.151556  0.915017  
0.15  0.915017  
0.15  1.11335  
0.15  0.915017  
0.95  0.0500001  
0.15  1.11339  
0.15  0.915017  
0.664213  0.873987  
0.669976  0.873961  
0.664213  0.873987  
0.15  0.915017  
0.664213  0.873987  
0.664213  0.873987  
0.664213  0.873987  
0.95  0.0500001  
0.664213  0.873987  
0.95  0.0699802  
0.15  0.915017  
0.15224  0.915017  
0.15  0.915017  
0.15  0.915017  
0.663954  0.874182  
0.663975  0.874119  
0.15  0.915017  
0.95  0.0532254  
0.15  0.915017  
0.15  0.915017  
0.664213  0.873987  
0.15  0.915017  
0.95  0.0500001  
0.15  0.915017  
0.994368  0.0500001  
0.15  1.12252  
0.15  0.915017  
0.95  0.0500001  
0.663928  0.874309  
0.15  0.915017  
0.15  0.915017  
0.663975  0.874119  
0.663854  0.874541  
0.95  0.0844634  
0.95  0.0500001  
0.15  0.915017  
0.95  0.0500001  
0.95  0.0532254  
0.15  0.91505  
0.15  0.915017  
0.95  0.0500001  
0.95  0.0500001  
0.15  1.11335  
0.15  1.11339  
0.15224  0.915017  
0.15224  0.915017  
0.15224  0.915017  
0.15224  0.915017  
0.15224  0.915017  
0.15224  0.915017  
0.663954  0.874208  
0.664274  0.873987  
0.95  0.0500001  
0.95  0.0500001  
0.95  0.0500001  
0.95  0.0500001  
0.95  0.0500001  
0.95  0.0500001  
0.950011  0.0500001  
0.95  0.0500001  
0.663944  0.874355  
0.15  0.915019  
0.663855  0.874541  
0.663855  0.874541  
0.663855  0.874541  
0.663855  0.874541  
0.663855  0.874541  
0.663855  0.874541  
0.663855  0.874541  
0.663855  0.874541  
0.95  0.116016  
0.95  0.0502833  
0.95  0.0500006  
0.95  0.0720051  
0.95  0.0537307  
0.95  0.0750182  
0.15  0.91505  
0.15  0.91505  
0.150011  0.915017  
0.15  0.915017  
0.95  0.050451  
0.658934  0.869515  
0.15  0.915017  
0.658961  0.869502  
0.15  0.915017  
0.95  0.05  
0.668579  0.869495  
0.15  0.915016  
0.668026  0.869495  
0.658943  0.869515  
0.15  0.915017  
0.95  0.05  
0.658934  0.86953  
0.95  0.05  
0.658949  0.86951  
0.65897  0.869501  
0.95  0.05  
0.95  0.05  
0.95  0.05  
0.15  0.915017  
0.15  0.915016  
0.95  0.05  
0.15  0.915017  
0.15  0.915016  
0.95  0.05  
0.15  0.915027  
0.668579  0.869495  
0.658949  0.869509  
0.95  0.05  
0.15  0.915016  
0.659034  0.869497  
0.15  0.915018  
0.668579  0.869495  
0.65895  0.869509  
0.95  0.05  
0.15  0.915016  
0.15  0.915018  
0.95  0.05  
0.658938  0.869528  
0.658961  0.869502  
0.658961  0.869502  
0.658961  0.869502  
0.658961  0.869502  
0.658961  0.869502  
0.668039  0.869496  
0.658935  0.869536  
0.658934  0.870308  
0.658935  0.869536  
0.658935  0.869536  
0.658935  0.869536  
0.658934  0.869897  
0.658935  0.869653  
0.658934  0.869897  
0.658979  0.869501  
0.65899  0.869501  
0.65899  0.869501  
0.95  0.05  
0.15  0.915016  
0.15  0.915721  
0.15  0.915826  
0.15  0.915826  
0.15  0.915016  
0.15  0.915016  
0.15  0.915016  
0.15  0.915016  
0.15  0.915016  
0.15  0.915016  
0.15  0.915016  
0.15  0.915016  
0.15  0.915016  
0.15  0.915016  
0.15  0.915016  
0.15  0.915016  
0.15  0.915016  
0.659048  0.869498  
0.659048  0.869498  
0.661655  0.869497  
0.661655  0.869497  
0.661655  0.869497  
0.65895  0.869509  
0.95  0.05  
0.15  0.915016  
0.15  0.915016  
0.15  0.915016  
0.15  0.915016  
0.150004  0.915016  
0.150005  0.915016  
0.15  0.915016  
0.15  0.915016  
0.15  0.915016  
0.15  0.915016  
0.15  0.915028  
0.15  0.915024  
0.15  0.915582  
0.95  0.05  
0.95  0.05  
0.95  0.05  
0.95  0.05  
0.15  0.915017  
0.95  0.0711725  
0.15  0.915016  
0.95  0.05  
0.15  0.915016  
0.15  0.915016  
0.15  0.915016  
0.15  0.915016  
0.15  0.915016  
0.15  0.915016  
0.15  0.915016  
0.15  0.915016  
0.15  0.915016  
0.15  0.915016  
0.15  0.915016  
0.15  0.915016  
0.15  0.915016  
0.15  0.915016  
0.15  0.915016  
0.15  0.915016  
0.15  0.915016  
0.15  0.915016  
0.15  0.915016  
0.15  0.915016  
0.15  0.915016  
0.15  0.915016  
0.15  0.915016  
0.15  0.915016  
0.15  0.915016  
0.654104  0.865743  
0.95  0.0509058  
0.950221  0.05  
0.95  0.05  
0.95  0.05  
0.95  0.05  
0.654068  0.865844  
0.653957  0.868942  
0.950205  0.05  
0.95  0.05  
0.15  0.915016  
0.653981  0.865923  
0.15  0.915016  
0.15  0.915016  
0.15  0.915016  
0.15  0.915016  
0.15  0.915016  
0.15  0.915016  
0.95  0.05  
0.15  0.915016  
0.15  0.915016  
0.15  0.915016  
0.15  0.915016  
0.15  0.915016  
0.15  0.915016  
0.15  0.915016  
0.15  0.915016  
0.15  0.915016  
0.15  0.915016  
0.15  0.915016  
0.15  0.915016  
0.15  0.915016  
0.15  0.915016  
0.15  0.915016  
0.15  0.915016  
0.15  0.915016  
0.15  0.915016  
0.15  0.915016  
0.15  0.915016  
0.15  0.915016  
0.15  0.915016  
0.15  0.915016  
0.15  0.915016  
0.15  0.915016  
0.15  0.915016  
0.15  0.915016  
0.15  0.915016  
0.15  0.915016  
0.15  0.915016  
0.15  0.915016  
0.15  0.915016  
0.15  0.915016  
0.15  0.915016  
0.15  0.915016  
0.15  0.915016  
0.15  0.915016  
0.15  0.915016  
0.15  0.915016  
0.15  0.915016  
0.15  0.915016  
0.15  0.915016  
0.15  0.915016  
0.15  0.915016  
0.15  0.915016  
0.15  0.915016  
0.15  0.915016  
0.15  0.915016  
0.15  0.915016  
0.15  0.915016  
0.15  0.915016  
0.15  0.915016  
0.15  0.915016  
0.15  0.915016  
0.15  0.915016  
0.15  0.915016  
0.15  0.915016  
0.15  0.915016  
0.15  0.915016  
0.15  0.915016  
0.15  0.915016  
0.15  0.915016  
0.15  0.915016  
0.15  0.915016  
0.15  0.915016  
0.15  0.915016  
0.15  0.915016  
0.15  0.915016  
0.15  0.915016  
0.15  0.915016  
0.653612  0.865221  
0.15  0.915016  
0.15  0.915016  
0.15  0.915016  
0.15  0.915016  
0.15  0.915016  
0.15  0.915016  
0.15  0.915016  
0.15  0.915016  
0.15  0.915016  
0.15  0.915016  
0.653882  0.865219  
0.95  0.0501325  
0.95  0.0500005  
0.15  0.915016  
0.95  0.05  
0.95  0.0500002  
0.691482  0.865218  
0.95  0.05  
0.95  0.05  
0.683448  0.865218  
0.15  0.915016  
0.15  0.915016  
0.15  0.915016  
0.15  0.915016  
0.15  0.915016  
0.15  0.915016  
0.15  0.915016  
0.15  0.915016  
0.15  0.915016  
0.15  0.915016  
0.15  0.915016  
0.15  0.915016  
0.15  0.915016  
0.15  0.915016  
0.15  0.915016  
0.15  0.915016  
0.15  0.915016  
0.15  0.915016  
0.15  0.915016  
0.15  0.915016  
0.15  0.915016  
0.15  0.915016  
0.15  0.915016  
0.15  0.915016  
0.15  0.915016  
0.15  0.915016  
0.15  0.915016  
0.15  0.915016  
0.15  0.915016  
0.15  0.915016  
0.15  0.915016  
0.15  0.915016  
0.15  0.915016  
0.15  0.915016  
0.15  0.915016  
0.15  0.915016  
0.15  0.915016  
0.15  0.915016  
0.15  0.915016  
0.653611  0.865286  
0.15  0.915016  
0.15  0.915016  
0.15  0.915016  
0.15  0.915016  
0.15  0.915016  
0.15  0.915016  
0.15  0.915016  
0.15  0.915016  
0.15  0.915016  
0.15  0.915016  
0.15  0.915016  
0.15  0.915016  
0.15  0.915016  
0.15  0.915016  
0.15  0.915016  
0.15  0.915016  
0.15  0.915016  
0.15  0.915016  
0.15  0.915016  
0.15  0.915016  
0.15  0.915016  
0.15  0.915016  
0.15  0.915016  
0.15  0.915016  
0.652541  0.86431  
0.15  0.915016  
0.15  0.915016  
0.15  0.915016  
0.15  0.915016  
0.15  0.915016  
0.15  0.915016  
0.15  0.915016  
0.15  0.915016  
0.15  0.915016  
0.15  0.915016  
0.15  0.915016  
0.15  0.915016  
0.15  0.915016  
0.15  0.915016  
0.15  0.915016  
0.15  0.915016  
0.15  0.915016  
0.15  0.915016  
0.15  0.915016  
0.15  0.915016  
0.15  0.915016  
0.15  0.915016  
0.15  0.915016  
0.15  0.915016  
0.15  0.915016  
0.653597  0.863522  
0.652738  0.863878  
0.652618  0.864161  
0.652263  0.908177  
0.652289  0.9005  
0.65232  0.88159  
0.95  0.05  
0.652418  0.864742  
0.739145  0.863519  
0.95  0.05  
0.652451  0.864373  
0.15  0.915016  
0.653199  0.86383  
0.95  0.05  
0.95  0.05  
0.652441  0.864544  
0.95  0.05  
0.95  0.05  
0.15  0.915016  
0.15  0.915016  
0.15  0.915016  
0.15  0.915016  
0.15  0.915016  
0.15  0.915016  
0.15  0.915016  
0.15  0.915016  
0.15  0.915016  
0.15  0.915016  
0.15  0.915016  
0.15  0.915016  
0.15  0.915016  
0.15  0.915016  
0.15  0.915016  
0.15  0.915016  
0.15  0.915016  
0.15  0.915016  
0.15  0.915016  
0.15  0.915016  
0.15  0.915016  
0.15  0.915016  
0.15  0.915016  
0.15  0.915016  
0.15  0.915016  
0.15  0.915016  
0.15  0.915016  
0.15  0.915016  
0.15  0.915016  
0.15  0.915016  
0.15  0.915016  
0.15  0.915016  
0.15  0.915016  
0.15  0.915016  
0.15  0.915016  
0.15  0.915016  
0.15  0.915016  
0.15  0.915016  
0.15  0.915016  
0.15  0.915016  
0.15  0.915016  
0.15  0.915016  
0.15  0.915016  
0.15  0.915016  
0.15  0.915016  
0.15  0.915016  
0.15  0.915016  
0.15  0.915016  
0.15  0.915016  
0.15  0.915016  
0.15  0.915016  
0.15  0.915016  
0.15  0.915016  
0.15  0.915016  
0.15  0.915016  
0.15  0.915016  
