1.12729  1.5829  3.70761  
0.810056  1.05053  5.07577  
0.956919  2.37429  2.58561  
0.875034  1.1162  5.20479  
0.766563  1.72295  4.01497  
0.921277  1.8673  3.53636  
1.68551  1.51937  1.6685  
0.919634  1.30591  3.92125  
0.994448  1.62856  4.04136  
1.22852  1.6431  2.93174  
1.01619  1.71833  2.83342  
1.30983  1.51878  3.48821  
1.46703  2.22214  1.08724  
0.92597  1.738  3.53741  
0.828603  1.37964  4.11788  
1.12307  2.13802  2.74473  
0.963702  1.79137  3.58239  
0.936527  1.45358  4.51771  
1.02355  1.17111  4.13087  
1.63802  1.27301  2.54866  
1.29615  2.12996  1.72254  
0.740455  1.17462  4.84896  
1.35955  1.39599  3.22619  
1.29202  2.70776  1.04982  
1.10059  1.5428  3.12616  
0.662899  0.925021  5.35208  
0.969788  1.42693  3.35668  
1.26505  1.09025  3.11327  
1.11679  2.20865  2.84098  
0.853246  1.0512  4.94741  
1.54449  1.27097  3.02699  
0.689741  0.73497  6.08554  
1.26813  1.82572  2.65871  
1.26637  1.60884  2.7691  
1.24191  1.57059  3.03769  
0.735954  0.865053  5.51283  
0.9134  1.29942  3.99488  
1.04934  1.39677  4.56608  
1.25688  2.82623  0.996519  
1.09643  2.91384  1.39381  
1.22292  1.27577  3.53642  
1.00138  1.2239  4.5434  
1.39738  1.31928  2.94372  
0.416402  0.445151  6.21193  
1.35778  1.45413  2.41577  
0.544118  0.684561  5.7481  
0.570361  0.65125  5.92693  
1.03754  1.54821  3.57862  
1.26896  1.23172  3.88186  
1.44548  2.72886  0.935763  
0.847596  1.04618  4.69621  
0.999656  1.39755  3.5636  
1.13576  1.71441  3.43377  
0.817199  1.57462  4.41152  
1.13631  1.72679  3.30107  
0.768582  1.59465  4.025  
0.886057  1.1736  4.24935  
0.937152  1.76165  3.25972  
1.27221  1.78148  1.97686  
1.21574  1.50271  3.14842  
0.946511  1.40566  3.45173  
1.01167  2.01052  3.05374  
0.785796  1.10371  4.22774  
1.28393  1.9583  2.2835  
0.916672  0.962282  5.32774  
1.04656  1.57669  2.52413  
0.599667  0.700753  5.84274  
1.21304  1.32914  3.50576  
0.688647  0.761177  6.10504  
0.698558  1.16984  4.74013  
1.1029  1.80632  3.21123  
0.869446  1.27185  4.1259  
0.809165  1.02089  4.79607  
0.960778  1.503  3.6374  
0.943682  0.952469  4.864  
0.792954  1.88112  3.86564  
0.664334  0.839752  5.88098  
1.45224  1.6747  1.9689  
1.48467  1.74769  2.00722  
1.35085  1.62392  2.92897  
0.626121  1.00715  5.16407  
1.04427  1.55473  3.19276  
0.799359  1.03177  4.84336  
1.05335  1.29929  3.29382  
0.837432  1.51908  4.69459  
1.12809  2.89359  0.924689  
0.774978  1.26293  5.26072  
1.24093  1.84299  2.88609  
1.28018  2.45557  1.45732  
1.04771  2.61499  2.17591  
1.24423  2.31319  1.57813  
1.04223  1.17357  4.17365  
1.12612  1.4019  3.77784  
1.25676  1.65462  3.15356  
1.13905  2.19597  2.65615  
1.64991  1.54326  2.04423  
0.859036  0.848829  4.90026  
0.969552  1.23159  4.31596  
1.43756  1.645  2.7333  
1.54607  2.26005  1.89354  
1.79199  1.1967  2.17848  
0.889734  1.37115  3.48045  
0.677206  0.64763  6.35429  
1.85033  1.49608  1.33839  
1.29379  2.78248  0.972765  
1.06521  1.73062  3.22928  
1.42145  1.09042  3.74428  
1.58854  2.23177  1.44753  
0.775361  1.81748  4.15031  
1.0417  0.895686  4.4886  
1.20216  1.45888  3.86909  
1.54772  2.50064  0.927051  
1.44475  2.5372  0.991648  
0.847352  1.05368  4.95159  
1.37754  1.71911  2.86336  
1.17436  1.85957  2.79  
1.53278  1.11287  3.55028  
0.649144  0.619132  6.24215  
1.41935  1.05889  3.71111  
1.44069  2.43936  1.07704  
0.962907  1.25039  4.37576  
1.24515  1.31031  3.53297  
1.50307  1.14492  2.79361  
0.996394  1.50416  2.9951  
1.111  1.11319  3.36688  
0.456768  0.453884  6.09744  
0.94807  0.857585  4.3512  
0.873255  0.743887  5.34982  
1.30832  1.03985  3.33645  
1.20328  2.70259  0.601365  
1.37694  1.06564  3.12468  
0.588093  1.06571  4.92359  
1.3085  2.09177  1.08037  
1.98954  1.46096  0.811417  
0.546002  0.625336  5.63146  
1.31964  2.27  0.878671  
0.538463  0.851375  5.50042  
1.35194  1.25012  2.4025  
2.19067  1.40672  0.974866  
1.81899  1.34211  1.44228  
1.47716  2.18999  0.463812  
1.03485  2.89931  0.358531  
0.976422  2.9197  1.27428  
0.703613  1.57759  3.37389  
1.65742  1.88431  0.429577  
0.509206  0.65575  5.56325  
1.15879  1.51055  1.37118  
0.660384  1.04787  3.79992  
1.13768  1.86384  2.60199  
0.823401  0.784673  4.43474  
0.871006  2.60857  2.13122  
0.732871  1.32387  4.9433  
2.45629  1.258  0.815105  
0.767083  2.06084  2.6404  
1.39589  2.19658  1.89319  
1.77212  1.19912  2.15602  
1.04968  0.951704  3.68185  
1.95718  1.60108  0.648199  
2.0825  1.2404  1.60615  
0.702334  0.827369  5.58662  
0.911509  2.55972  1.99995  
1.27291  1.10381  2.92078  
0.603271  1.21589  4.69933  
0.970978  1.41233  3.32204  
1.07257  2.76889  1.39497  
1.51174  1.08363  3.09823  
1.02342  1.58153  2.9073  
1.91814  1.44715  1.19892  
1.15347  0.935726  4.23053  
1.31827  1.03235  3.42691  
0.779154  0.928561  4.75023  
1.0978  1.84072  2.64167  
1.44463  2.31066  0.695139  
1.02593  1.38214  3.29286  
0.974783  1.83473  2.99011  
1.16799  1.10681  3.33471  
1.95403  1.32507  1.64535  
1.87955  1.49961  1.3026  
0.926942  1.51464  3.46833  
1.18962  1.79204  2.30622  
1.24769  0.938434  4.20312  
0.921589  2.53811  2.52004  
1.18492  3.08544  0.673279  
0.988963  1.61554  2.99225  
0.945325  1.95648  3.19299  
1.13056  1.81027  3.29939  
1.24942  1.14736  3.26324  
1.11955  1.77935  2.76219  
1.64747  2.00585  1.22864  
1.47652  2.08697  1.35085  
0.877385  0.832927  4.56208  
2.08858  1.60301  0.665678  
0.646423  0.626888  6.12041  
1.57059  1.1581  2.83151  
1.51835  2.3732  0.742834  
1.02289  3.32646  1.55318  
0.93613  2.05835  3.70779  
1.21389  1.02615  3.84309  
0.814713  0.731087  5.61325  
1.26698  2.81899  1.20303  
1.30092  2.08947  1.094  
1.60867  1.23449  2.08991  
1.77265  1.16031  2.35546  
2.21798  1.34753  0.801055  
1.84114  1.4525  0.899015  
1.97851  1.18112  2.02009  
1.80149  1.09164  2.79557  
2.09114  1.44594  0.580792  
2.13765  1.3603  0.872948  
1.71635  1.11721  2.67174  
1.68217  1.25749  1.95941  
1.84471  1.06785  2.95382  
2.0102  1.37385  1.0025  
1.71579  1.30443  1.66486  
2.36994  1.26943  0.904739  
2.05889  1.42812  0.708622  
1.6335  1.23759  2.05483  
1.66048  1.16413  2.433  
1.93979  1.23592  1.75126  
1.90625  1.36427  1.18363  
1.54204  1.10909  2.81585  
2.1378  1.41688  0.6285  
2.50949  1.23855  0.791277  
1.99476  1.16661  2.07108  
1.04849  1.16569  2.7914  
1.20969  1.94411  0.922365  
1.50589  1.92086  0.556814  
1.82292  1.37435  1.24239  
2.37005  1.12238  1.75218  
1.60127  1.57609  0.715977  
0.935437  0.832071  4.31827  
1.9035  1.21335  1.91695  
1.06712  0.996104  3.45493  
2.1397  1.42979  0.574048  
2.65609  1.16216  0.886767  
1.01786  2.82898  0.662165  
2.22887  1.07513  2.36715  
0.343351  0.447148  5.4647  
1.02829  0.954454  3.61121  
0.565469  0.580755  5.1282  
0.637906  1.12364  3.32132  
1.57421  1.3132  1.75314  
0.884927  2.71553  2.27028  
2.24362  1.33526  0.814058  
1.30751  2.19894  0.273727  
1.71223  1.36495  1.40435  
0.887667  0.89687  3.78635  
0.962686  1.47789  1.55757  
0.466179  0.711668  4.61593  
1.23221  1.18387  2.50164  
1.94038  1.52731  0.480412  
2.1672  1.15411  1.90183  
2.07718  1.24255  1.52802  
1.4576  1.2501  2.11523  
1.81297  1.59034  0.417959  
1.09688  2.46955  0.235272  
1.6123  1.21667  2.17439  
2.39474  1.30211  0.702662  
2.49772  1.14212  1.35171  
1.37948  2.12056  0.812073  
1.15699  1.09901  2.91963  
1.01926  2.7698  1.31996  
1.0235  1.02252  3.23494  
0.841699  1.38383  2.8723  
1.47164  1.50651  1.11681  
1.87085  1.45068  0.870321  
2.08772  1.32959  1.08656  
1.77507  1.45386  0.974064  
2.24112  1.37303  0.652007  
1.78676  1.12273  2.58475  
1.89906  1.06889  2.89759  
2.27376  1.23512  1.25422  
1.52232  1.65874  0.96571  
1.6392  1.33917  1.58589  
1.26519  1.06163  3.11883  
1.65277  1.42984  1.20387  
1.22731  1.26771  2.42217  
1.64962  1.18005  2.34187  
2.03426  1.4039  0.839431  
1.96187  1.29045  1.4496  
1.75926  1.54455  0.664864  
1.55104  1.2875  1.89696  
1.46974  1.1358  2.68402  
1.89952  1.48955  0.681851  
2.32863  1.26179  1.02103  
1.56676  2.13366  0.426614  
1.78009  1.26766  1.77281  
2.05429  1.21095  1.73173  
1.824  1.0964  2.73656  
1.18325  2.05553  1.3996  
1.85267  1.15325  2.3239  
2.16129  1.33742  0.938078  
1.79474  1.58072  0.516754  
1.97219  1.31446  1.32194  
1.96392  1.40044  0.952152  
1.24358  1.07055  3.06283  
1.79825  1.32053  1.50831  
1.81149  1.20614  2.0568  
2.10422  1.18221  1.82684  
1.93087  1.50988  0.560288  
1.88959  1.16908  2.1855  
1.17963  1.11981  2.80393  
1.71062  1.2639  1.86293  
1.8747  1.41394  1.0177  
2.22204  1.2347  1.34229  
1.5392  1.21548  2.23204  
1.67484  1.17883  2.34248  
1.51743  1.32075  1.76757  
2.01024  1.4859  0.541674  
2.19481  1.40283  0.599268  
2.25235  1.20134  1.47266  
2.03737  1.41612  0.789829  
1.7035  1.47229  0.983164  
2.04837  1.12984  2.23717  
1.75875  1.55045  0.636375  
1.63762  1.12606  2.6709  
1.72401  1.30253  1.66858  
1.54541  1.68183  0.425175  
1.62657  1.15537  2.49655  
2.32787  1.27143  0.97206  
2.58054  1.15442  1.09667  
1.70312  1.37466  1.37447  
0.986163  2.70788  0.69659  
1.52396  1.35021  1.63729  
1.99435  1.29706  1.37225  
2.24555  1.16387  1.7038  
1.26516  1.59947  0.941009  
2.2344  1.38286  0.618963  
1.71933  1.4283  1.13753  
1.80867  1.593  0.413991  
2.62551  1.18686  0.815399  
2.51566  1.24174  0.760147  
0.62157  0.886755  3.53209  
2.10092  1.3412  1.0143  
2.34477  1.05549  2.31121  
0.739354  1.02295  3.09357  
1.08703  1.3963  1.71963  
0.645943  1.20246  2.68451  
2.00378  1.49784  0.503485  
2.68875  1.1438  0.922823  
0.957247  2.49253  0.833248  
2.45824  1.174  1.24229  
0.273831  0.31538  5.67381  
1.03007  3.43608  0.500643  
2.41889  1.29035  0.712706  
1.92764  1.1132  2.5105  
0.584488  1.13735  2.89648  
0.725591  1.31739  2.2767  
1.05525  2.06764  0.158967  
0.915784  1.54882  1.33638  
1.56119  1.72037  0.281452  
1.05303  1.25425  2.23944  
2.72942  1.07821  1.21777  
0.113551  0.157383  5.79781  
0.802924  1.75714  1.47973  
0.499432  0.830233  3.65479  
0.367998  0.503968  5.29012  
0.527724  0.969185  3.35409  
1.16469  1.76919  0.50641  
0.310823  0.616249  4.54467  
0.109802  0.121672  6.02841  
1.8451  1.21876  1.95203  
0.531352  0.768586  3.90772  
1.66982  1.66634  0.345869  
1.17906  1.46284  1.44871  
1.16913  1.18326  2.52768  
2.35119  1.23353  1.12996  
1.67672  1.5493  0.737401  
2.45695  1.08972  1.79847  
1.18033  1.29398  2.05788  
0.942303  1.06961  2.98092  
1.49212  1.51821  1.02577  
2.14317  1.42827  0.573327  
1.32951  1.66708  0.677861  
1.78981  1.27081  1.74892  
2.04406  1.14539  2.14066  
0.808268  1.13329  2.8003  
0.879638  1.24566  2.34804  
1.9391  1.53032  0.47032  
1.82374  1.3707  1.25798  
2.30408  1.3477  0.653695  
2.16895  1.22134  1.5007  
1.5658  1.20183  2.28415  
1.82823  1.47922  0.822743  
1.5487  1.72784  0.278177  
1.82684  1.08982  2.78497  
1.05514  1.09647  2.89679  
1.17648  1.15929  2.62467  
1.37396  1.29707  1.96154  
2.41379  1.1344  1.57258  
1.33632  1.5138  1.17633  
1.97389  1.40432  0.921767  
2.31395  1.0963  2.03756  
0.881362  1.56956  1.9038  
2.16317  1.28711  1.18037  
1.394  1.38235  1.61233  
1.54837  1.48234  1.10498  
1.93383  1.17827  2.07813  
1.63882  1.28008  1.84743  
2.04693  1.24836  1.54588  
2.14345  1.37314  0.806231  
2.48518  1.11756  1.53253  
1.12648  1.84495  0.465595  
1.18903  1.41557  1.60488  
1.32746  1.58067  0.952943  
1.45506  1.67824  0.523473  
1.53275  1.22913  2.16695  
2.36723  1.04097  2.39524  
1.8392  1.24065  1.84324  
2.18326  1.27332  1.20728  
1.70215  1.55637  0.673989  
1.56541  1.71669  0.284749  
1.8973  1.12775  2.43887  
2.07022  1.16455  1.98719  
1.41312  1.4513  1.33889  
0.671997  1.29174  2.18008  
0.841688  1.21495  2.39213  
1.63854  1.3485  1.54535  
2.15841  1.4207  0.579869  
0.933377  2.04863  0.540371  
1.962  1.3699  1.08435  
0.577018  1.11198  2.78944  
1.78059  1.60972  0.390384  
1.7213  1.40612  1.22349  
2.42329  1.28828  0.712265  
0.609041  1.17217  2.49713  
2.77978  1.11125  0.89329  
0.459581  0.864306  3.44781  
2.4649  1.16057  1.30696  
1.8945  1.30212  1.4777  
1.34426  1.82777  0.172479  
0.24899  0.478108  4.63551  
1.93834  1.53085  0.469202  
2.01785  1.49111  0.508995  
0.356111  0.706051  3.96798  
0.64363  1.28848  2.22372  
0.752596  1.44842  1.67359  
1.22581  1.88252  0.128259  
0.542316  1.06916  2.84279  
0.461625  0.901575  3.35257  
0.0505026  0.0857704  5.799  
0.980618  2.01  0.188311  
2.3326  1.12369  1.80298  
0.633261  1.24694  2.30592  
2.58498  1.20743  0.79316  
0.225216  0.431095  4.75202  
2.23494  1.38255  0.61754  
1.06242  1.96336  0.0462785  
1.18885  1.65264  0.833199  
0.813827  1.59045  1.26815  
2.92005  1.02796  1.04142  
0.40315  0.786732  3.68111  
0.180068  0.346312  5.02119  
2.53402  1.05014  1.91274  
0.530162  1.01894  3.00622  
0.507259  0.971602  3.1091  
0.136182  0.239036  5.36801  
0.322739  0.611832  4.20039  
1.61632  1.69184  0.308251  
1.49124  1.51436  1.04003  
0.583072  1.14834  2.63693  
0.686709  1.35075  1.99194  
0.308667  0.576043  4.36568  
0.920019  1.80998  0.615021  
2.37222  1.01808  2.63288  
2.08659  1.21193  1.67875  
0.187587  0.367814  4.97078  
0.78345  1.56929  1.39186  
2.09265  1.45369  0.546416  
1.49013  1.75493  0.245146  
0.421898  0.853683  3.55832  
0.48324  0.960021  3.20172  
0.178242  0.332493  5.1297  
1.58938  1.27444  1.91378  
0.510055  1.00605  3.04769  
1.45692  1.3964  1.5052  
0.998794  1.62674  1.04591  
2.1167  1.11206  2.2627  
2.12661  1.31896  1.07672  
1.02367  1.49628  1.41585  
1.83416  1.19349  2.10149  
2.64906  1.07961  1.40833  
1.25551  1.73364  0.535555  
1.84658  1.46248  0.85369  
0.97146  1.38856  1.78386  
1.49557  1.59351  0.761817  
2.32173  1.2218  1.2375  
0.910889  1.74633  0.985994  
0.315761  0.566159  4.48813  
2.32657  1.33662  0.663948  
1.701  1.6495  0.350585  
1.39031  1.32738  1.82407  
0.368849  0.700079  3.97448  
2.70959  1.14645  0.857844  
1.86101  1.56955  0.430578  
2.29144  1.08439  2.17097  
1.24736  1.53113  1.17975  
1.41395  1.79323  0.207082  
1.03437  2.0268  0.0539212  
2.50539  1.24692  0.755096  
0.633846  1.26575  2.20347  
0.336882  0.672103  3.98524  
0.0172071  0.0336106  5.90216  
0.416182  0.830423  3.51008  
0.195583  0.390098  4.83191  
2.59243  1.20379  0.79626  
2.31174  1.25008  1.10648  
0.372768  0.743797  3.76991  
0.105301  0.209756  5.37308  
0.590542  1.17919  2.46364  
0.0496294  0.0984428  5.70731  
0.821433  1.63968  1.08045  
0.00548357  0.0102267  5.97221  
0.137116  0.273364  5.18175  
0.966187  1.93188  0.208737  
0.0940611  0.187288  5.4407  
1.38767  1.59249  0.864095  
0.218196  0.43513  4.69672  
2.0455  1.35194  1.04692  
0.906436  1.81013  0.570473  
2.49345  1.25328  0.74676  
0.741693  1.48085  1.55758  
0.52088  1.03983  2.88185  
1.74356  1.37891  1.31113  
0.0834441  0.166109  5.50428  
0.569713  1.13788  2.58717  
0.287755  0.574146  4.27972  
0.484859  0.967364  3.09917  
2.13907  1.43047  0.56956  
0.461768  0.921806  3.23607  
0.405616  0.809406  3.57322  
2.76307  1.02069  1.5406  
0.18355  0.365906  4.90449  
0.427671  0.853671  3.44017  
2.04832  1.47584  0.524195  
0.060776  0.120739  5.64028  
2.13767  1.25548  1.36898  
0.276511  0.551788  4.34664  
1.32317  1.68168  0.633441  
1.73454  1.25158  1.89615  
2.18161  1.18713  1.67239  
1.43179  1.43899  1.36353  
0.264827  0.528341  4.41691  
1.584  1.70799  0.292026  
0.935362  1.86798  0.396451  
1.96885  1.29187  1.4309  
2.08436  1.14183  2.1039  
0.506613  1.01192  2.96591  
0.24221  0.483152  4.55242  
0.849351  1.6975  0.910411  
1.96348  1.51826  0.481769  
0.359931  0.718462  3.84652  
0.614807  1.22679  2.32014  
2.94066  1.02464  1.00518  
1.00089  1.99964  0.00225797  
2.25779  1.07829  2.28496  
0.0015122  0.00233527  5.99574  
2.76843  1.11573  0.884894  
1.29637  1.85181  0.148209  
0.553259  1.10472  2.6873  
0.17179  0.34244  4.97499  
1.52923  1.34104  1.67066  
1.7248  1.63759  0.362429  
0.160365  0.319714  5.0435  
1.43074  1.78459  0.215511  
0.537141  1.07241  2.78411  
0.47225  0.943189  3.17256  
0.0716047  0.14237  5.57553  
2.22285  1.38858  0.611451  
1.15911  1.92044  0.0795735  
2.40906  1.10294  1.79346  
0.659232  1.31558  2.05354  
0.688106  1.37371  1.87955  
0.382799  0.763791  3.70991  
0.34891  0.696052  3.91347  
2.39105  1.30447  0.695573  
0.206388  0.411784  4.76694  
1.8834  1.5583  0.441725  
0.253978  0.507  4.48068  
0.439688  0.877479  3.36872  
0.149719  0.298709  5.10686  
0.0278299  0.0548549  5.83838  
0.394938  0.788176  3.63717  
0.300349  0.599104  4.20446  
0.450218  0.898345  3.30656  
0.793585  1.58481  1.24611  
0.495594  0.988632  3.03529  
0.229854  0.458357  4.62707  
0.0389532  0.0770923  5.77148  
0.311871  0.622238  4.1348  
1.66803  1.47015  1.02895  
2.46624  1.14705  1.38484  
0.324966  0.648353  4.05651  
2.59924  1.0148  2.05431  
1.25767  1.54161  1.13419  
0.876909  1.75197  0.745256  
0.116725  0.232534  5.30499  
0.769208  1.5357  1.39291  
0.712757  1.42267  1.73224  
0.128353  0.255749  5.23496  
0.206253  0.412157  4.76408  
0.160011  0.319694  5.04155  
0.125925  0.251568  5.24595  
0.59302  1.18539  2.44398  
0.404175  0.807868  3.57673  
0.194899  0.389457  4.83221  
0.460769  0.920997  3.23729  
2.08797  1.33261  1.07184  
0.540256  1.07987  2.76058  
0.369558  0.738679  3.7844  
0.509651  1.01872  2.94406  
2.67236  1.16382  0.836228  
0.964319  1.92888  0.214841  
1.00046  1.99974  0.00038512  
0.082117  0.163976  5.50877  
0.659299  1.31787  2.04646  
1.48142  1.58005  0.820938  
0.137063  0.273817  5.17919  
0.114623  0.229041  5.31359  
0.904464  1.80812  0.575455  
0.0121565  0.0240909  5.92856  
0.276701  0.552984  4.34155  
0.762855  1.52502  1.42506  
0.483964  0.967366  3.09816  
1.417  1.43197  1.40096  
0.495755  0.990923  3.02748  
0.437938  0.875349  3.37425  
0.613814  1.22695  2.31925  
0.791224  1.58273  1.25347  
2.13869  1.43066  0.569359  
1.21896  1.89052  0.109485  
1.33102  1.83449  0.165529  
0.68406  1.36739  1.89785  
2.39401  1.303  0.697024  
0.636348  1.27202  2.18403  
2.82154  1.0892  0.911353  
0.0597534  0.119317  5.64275  
1.44182  1.77909  0.220918  
2.5548  1.00529  2.2776  
0.264593  0.528774  4.41419  
0.5758  1.15102  2.54711  
1.99187  1.27876  1.46374  
0.148246  0.296172  5.11212  
0.0366244  0.0730137  5.78174  
1.79802  1.38254  1.23496  
0.472236  0.943929  3.16847  
1.78442  1.60779  0.392215  
0.358298  0.716106  3.85209  
1.56335  1.34109  1.64278  
1.55523  1.72238  0.27763  
0.0710577  0.141917  5.57497  
0.217593  0.434817  4.69612  
0.380789  0.761081  3.71712  
0.736106  1.47224  1.58441  
0.229492  0.458582  4.62482  
0.557035  1.11346  2.65978  
2.78562  1.01151  1.54857  
1.90074  1.54963  0.450376  
1.7382  1.4703  0.95105  
2.3206  1.05748  2.34017  
0.415367  0.830232  3.50963  
0.346837  0.693218  3.92074  
1.90366  1.1975  2.00154  
0.0244524  0.0487038  5.85467  
0.288765  0.577091  4.26924  
0.324322  0.648194  4.05583  
0.449221  0.897928  3.30648  
2.01623  1.49189  0.508124  
0.312602  0.624779  4.1261  
2.48958  1.07288  1.83803  
2.55098  1.11915  1.37574  
0.524096  1.04756  2.85754  
1.6723  1.66385  0.336153  
0.0485049  0.0967817  5.71041  
0.0931469  0.186041  5.44253  
1.72425  1.2596  1.86664  
0.876132  1.75199  0.744733  
2.9642  1.01665  0.990704  
0.392243  0.784013  3.64832  
0.183192  0.366065  4.90238  
0.300725  0.601018  4.19743  
2.26309  1.36846  0.631562  
0.709083  1.41744  1.7477  
1.10784  1.94608  0.0539315  
2.23666  1.16596  1.70633  
2.106  1.12461  2.18881  
2.52878  1.23562  0.764408  
0.171859  0.343376  4.97049  
0.42632  0.852134  3.44393  
0.241097  0.481811  4.5551  
1.33787  1.51735  1.15705  
0.847837  1.69615  0.913576  
0.252618  0.504841  4.48599  
0.103953  0.207629  5.3778  
0.820195  1.64037  1.08015  
2.32218  1.2183  1.25457  
0.932725  1.86571  0.40451  
0.336111  0.671763  3.98516  
1.3276  1.67836  0.639993  
0.000358425  0.000522239  5.99921  
0.0818964  0.163618  5.50961  
0.875142  1.75054  0.749505  
0.0592169  0.118276  5.64566  
2.53553  1.23223  0.767774  
0.369713  0.739104  3.78293  
0.104053  0.207924  5.37667  
2.33045  1.21605  1.25174  
0.616867  1.23329  2.30019  
2.83871  1.08062  0.919692  
0.577427  1.15444  2.53679  
2.10251  1.33037  1.06026  
1.56105  1.3432  1.63582  
0.542275  1.08413  2.74772  
1.81928  1.38489  1.20025  
0.288375  0.576477  4.27088  
0.31188  0.623481  4.12983  
0.335357  0.670423  3.98899  
1.78498  1.60751  0.392501  
0.000197341  0.00025728  5.99978  
0.300354  0.600411  4.19908  
0.484243  0.968083  3.09591  
0.137587  0.274968  5.17554  
0.762607  1.5253  1.425  
0.496293  0.99219  3.02357  
0.511144  1.0219  2.93445  
2.67997  1.16004  0.840015  
2.26786  1.36607  0.633931  
0.449256  0.898146  3.30575  
0.206264  0.412283  4.76353  
0.253254  0.506248  4.48159  
0.684312  1.36816  1.89555  
2.01949  1.49026  0.509747  
0.217811  0.435365  4.69428  
1.9023  1.54885  0.451151  
0.735199  1.47059  1.58928  
0.708567  1.41666  1.75001  
1.90007  1.20051  1.98879  
0.380978  0.761623  3.71536  
0.41495  0.829551  3.51156  
1.44197  1.77902  0.220989  
2.76668  1.00549  1.65367  
0.932118  1.86455  0.407602  
0.194596  0.388974  4.83344  
0.846812  1.69386  0.919482  
0.276604  0.552944  4.34147  
0.126303  0.252404  5.24324  
2.46514  1.07678  1.86331  
0.0360332  0.0719195  5.78474  
1.10774  1.94613  0.0538722  
0.392116  0.783909  3.6485  
2.23627  1.16851  1.69128  
0.790504  1.58118  1.25744  
0.59627  1.19209  2.4238  
1.47685  1.58138  0.820668  
1.55486  1.72257  0.277438  
0.0707613  0.141349  5.57644  
0.024237  0.0483368  5.85552  
2.56204  1.11575  1.37261  
0.264971  0.529662  4.41135  
0.323768  0.647234  4.05859  
2.14292  1.42854  0.571464  
0.346953  0.693594  3.91948  
0.0475821  0.0950098  5.71546  
0.460996  0.921606  3.23536  
0.903408  1.80693  0.58013  
0.0123086  0.0244809  5.92707  
1.32012  1.67769  0.648514  
0.403533  0.806724  3.58004  
2.55891  1.00403  2.27933  
0.437678  0.874996  3.3752  
0.426132  0.851916  3.44445  
1.21937  1.89031  0.109693  
2.98563  1.00716  0.99363  
0.17168  0.343143  4.97096  
0.819429  1.6391  1.08388  
0.638487  1.27654  2.17043  
0.18324  0.366257  4.90162  
0.0929777  0.185767  5.44318  
0.241347  0.482432  4.55305  
0.559361  1.11831  2.64516  
1.00024  1.99984  0.000230965  
1.71465  1.2623  1.8627  
2.09192  1.12879  2.18082  
0.358373  0.716427  3.85097  
2.40218  1.29891  0.701098  
0.229636  0.45903  4.62327  
2.30056  1.05888  2.36873  
1.98652  1.2796  1.46685  
0.148958  0.297711  5.10731  
1.419  1.43127  1.40205  
1.73008  1.47217  0.953082  
1.34038  1.51804  1.1528  
0.115136  0.230081  5.3102  
1.67277  1.66362  0.336389  
0.963563  1.92744  0.218885  
0.660867  1.32124  2.0363  
0.472572  0.944765  3.16587  
1.33154  1.83423  0.165773  
0.160351  0.320485  5.03896  
0.525732  1.05107  2.8469  
0.527452  1.05456  2.83641  
2.54035  1.22983  0.770179  
0.0589579  0.117782  5.64705  
2.79314  1.00334  1.59313  
2.11059  1.32681  1.06446  
1.91174  1.20063  1.97438  
0.241557  0.482898  4.55159  
0.460853  0.921393  3.23596  
0.392003  0.783723  3.64902  
0.160243  0.320306  5.03942  
0.20641  0.412622  4.76244  
0.684758  1.36911  1.89266  
0.708947  1.41747  1.74755  
0.484479  0.968636  3.09422  
0.660923  1.32145  2.03567  
2.6845  1.15775  0.842263  
0.357847  0.71543  3.85392  
0.426335  0.852363  3.44308  
0.0358665  0.0716092  5.78558  
2.33911  1.21258  1.25464  
0.300138  0.600037  4.20013  
2.02088  1.48956  0.510442  
0.288351  0.576465  4.27086  
0.639223  1.27806  2.16584  
2.33189  1.04909  2.39384  
0.790221  1.58065  1.25896  
0.31155  0.622855  4.13167  
0.818797  1.63779  1.08753  
0.762413  1.52498  1.42592  
2.58531  1.00276  2.21527  
1.73443  1.47029  0.955357  
0.264879  0.529534  4.41166  
2.23944  1.16776  1.6903  
0.346192  0.692127  3.92383  
1.33165  1.83418  0.165827  
0.543868  1.0874  2.7379  
0.846386  1.69297  0.921997  
2.10795  1.12703  2.1689  
0.90318  1.8066  0.581174  
0.229854  0.459496  4.62181  
0.183238  0.366286  4.90147  
0.0816481  0.163153  5.51093  
0.931802  1.86389  0.409379  
0.334747  0.669238  3.99251  
0.44926  0.898206  3.30553  
0.579305  1.15824  2.52533  
0.0240297  0.0479378  5.85662  
0.253228  0.506236  4.48157  
0.0121534  0.0241916  5.92786  
1.41684  1.43202  1.40087  
1.82453  1.38275  1.20304  
0.0475551  0.0949854  5.71546  
2.4065  1.29675  0.703252  
0.403434  0.806583  3.58043  
0.218121  0.436036  4.6922  
0.617968  1.23556  2.29337  
0.472558  0.944805  3.16571  
0.323264  0.646274  4.06141  
0.597594  1.19482  2.4156  
0.73532  1.47081  1.58843  
0.369304  0.738333  3.7852  
2.14428  1.42786  0.572141  
0.27656  0.552891  4.34158  
0.963099  1.92652  0.221572  
1.48056  1.57978  0.82261  
1.00021  1.99988  0.000136885  
1.55526  1.72237  0.277633  
0.13751  0.27485  5.1758  
1.71913  1.26311  1.8545  
0.874422  1.74909  0.75372  
1.34144  1.51763  1.15337  
0.115187  0.230215  5.30972  
0.194693  0.389193  4.83273  
1.44266  1.77867  0.221333  
2.27165  1.36418  0.635828  
1.67313  1.66343  0.336568  
0.126354  0.252542  5.24273  
0.0703694  0.1406  5.57859  
0.171723  0.343264  4.97053  
1.10784  1.94608  0.0539197  
1.22012  1.88994  0.110065  
2.99004  1.00496  0.995775  
0.104064  0.207972  5.37646  
0.511351  1.02237  2.93299  
2.84098  1.07949  0.920657  
1.78502  1.60749  0.392515  
2.56815  1.11333  1.37439  
0.380757  0.761237  3.71648  
1.56101  1.34343  1.63488  
0.414834  0.829379  3.51203  
0.000133176  0.000156594  5.99997  
1.90243  1.54878  0.45122  
1.99301  1.27775  1.46715  
0.148847  0.297522  5.10778  
0.437703  0.875107  3.37483  
1.32034  1.67636  0.652477  
0.496249  0.992173  3.0236  
2.46898  1.07539  1.86513  
0.560711  1.12107  2.63686  
0.0928951  0.18564  5.44346  
0.0472882  0.0944557  5.71701  
0.484746  0.969194  3.09253  
2.84285  1.07857  0.92148  
0.70905  1.4177  1.74688  
0.334578  0.668919  3.99345  
2.02126  1.48937  0.510634  
0.299839  0.599447  4.20189  
2.69087  1.15456  0.845488  
0.460981  0.921677  3.23509  
0.735315  1.4708  1.58842  
0.0357779  0.0714383  5.78607  
0.253137  0.506071  4.48204  
1.32139  1.6759  0.653019  
2.23989  1.16792  1.68857  
2.7935  1.00275  1.59678  
0.437814  0.875352  3.37409  
1.0002  1.99989  0.000114907  
0.0588279  0.11753  5.64779  
1.91147  1.20071  1.97423  
0.264838  0.529464  4.41186  
0.206402  0.412617  4.76243  
0.346043  0.691836  3.92469  
0.403618  0.806977  3.57924  
2.59134  1.00219  2.2029  
0.380726  0.761199  3.71658  
0.0121488  0.024187  5.92785  
1.67354  1.66323  0.336772  
0.369242  0.73823  3.78549  
0.311422  0.622619  4.13236  
0.229619  0.459044  4.62314  
0.684904  1.36943  1.89169  
0.762399  1.52499  1.42591  
1.72002  1.26283  1.85501  
0.789775  1.57978  1.26161  
1.55992  1.34407  1.63312  
0.183222  0.36626  4.90153  
0.276494  0.552773  4.34192  
0.49667  0.993029  3.02102  
0.528187  1.05606  2.83191  
0.56088  1.12143  2.63576  
0.00010525  0.000108026  6.00009  
0.544237  1.08815  2.73562  
0.081642  0.163147  5.51092  
0.449407  0.898532  3.30454  
0.115124  0.230096  5.31006  
0.472857  0.945411  3.16389  
1.90329  1.54836  0.451646  
2.2755  1.36225  0.637752  
1.82754  1.38221  1.20173  
1.44284  1.77858  0.221424  
1.22075  1.88963  0.110376  
1.55558  1.72221  0.277794  
0.0701996  0.14027  5.57955  
0.846047  1.69233  0.92394  
2.546  1.227  0.773006  
0.902918  1.80611  0.582668  
0.426412  0.85254  3.44253  
0.288109  0.575991  4.27227  
2.33412  1.04724  2.40673  
2.99295  1.00348  0.997217  
0.87442  1.74907  0.753712  
0.323001  0.645768  4.06291  
0.104001  0.207854  5.37679  
0.639851  1.27934  2.162  
0.0928074  0.185476  5.44392  
0.241427  0.482654  4.5523  
0.414948  0.82963  3.51126  
2.33968  1.21234  1.25494  
2.41255  1.29373  0.706278  
1.73443  1.47029  0.955357  
2.5732  1.11129  1.37621  
2.14641  1.42679  0.573211  
0.0240389  0.0479659  5.8565  
0.171716  0.343259  4.97053  
0.392086  0.783908  3.64845  
1.3427  1.51715  1.15405  
2.11059  1.32681  1.06446  
1.33259  1.8337  0.166298  
1.10784  1.94608  0.0539197  
0.218059  0.43593  4.69248  
2.11315  1.12546  2.17184  
0.618278  1.23621  2.29141  
0.148797  0.297432  5.10802  
1.48104  1.57958  0.82286  
0.818141  1.63648  1.09143  
0.160236  0.320302  5.03942  
1.43282  1.43158  1.39027  
0.126472  0.25279  5.24197  
0.597915  1.19548  2.41361  
0.661836  1.3233  2.03009  
0.579316  1.15829  2.5252  
0.93166  1.8636  0.410199  
2.46638  1.07669  1.86111  
0.962907  1.92612  0.222693  
0.194759  0.389338  4.83228  
0.511934  1.02356  2.92942  
1.78632  1.60684  0.393164  
1.99384  1.27644  1.47245  
0.137624  0.275092  5.17505  
0.357649  0.715046  3.85506  
2.0248  1.4876  0.512402  
2.60042  1.00178  2.18026  
0.46118  0.922078  3.23389  
0.299763  0.599307  4.2023  
0.640328  1.28031  2.1591  
0.357562  0.714884  3.85553  
0.322945  0.645663  4.06322  
0.264764  0.529324  4.41227  
0.818132  1.63649  1.09142  
0.058557  0.116993  5.64938  
0.276482  0.552756  4.34197  
1.55694  1.72153  0.278471  
0.598338  1.19634  2.41102  
2.41824  1.29088  0.709125  
0.449526  0.898775  3.3038  
0.288149  0.576086  4.27197  
0.392176  0.784097  3.64787  
2.24246  1.16696  1.68997  
0.789758  1.57973  1.26168  
0.369139  0.738033  3.78608  
0.561597  1.12287  2.63144  
0.137595  0.275037  5.1752  
2.11208  1.12578  2.17124  
0.6188  1.23726  2.28825  
1.44436  1.77782  0.222178  
0.241427  0.482659  4.55228  
0.8458  1.69183  0.925398  
0.206397  0.412615  4.76243  
0.41496  0.829658  3.51118  
0.218016  0.435847  4.69272  
9.93143e-05  9.93298e-05  6.0001  
0.148884  0.29761  5.10748  
2.84677  1.07662  0.923391  
0.0238449  0.0475813  5.85764  
0.662229  1.3241  2.02771  
0.229687  0.459184  4.62271  
1.71971  1.26293  1.85483  
0.160322  0.320482  5.03885  
0.512187  1.02407  2.92788  
0.194806  0.389436  4.83197  
2.11623  1.32431  1.06739  
1.78827  1.60586  0.394137  
1.48244  1.57897  0.82359  
1.22065  1.88968  0.110325  
0.544972  1.08963  2.73118  
0.103995  0.20785  5.37679  
0.873999  1.74824  0.756189  
1.91133  1.20075  1.97415  
2.14959  1.4252  0.574798  
0.334514  0.668799  3.9938  
0.0814315  0.162732  5.51215  
1.90497  1.54752  0.452483  
0.931435  1.86314  0.411541  
0.902436  1.80513  0.585548  
1.34475  1.51637  1.15516  
2.99378  1.00311  0.997132  
0.437871  0.87547  3.37373  
0.0699901  0.139854  5.58079  
0.762387  1.52494  1.42599  
0.31142  0.622618  4.13236  
1.10802  1.94599  0.0540122  
0.346035  0.691834  3.92469  
0.426403  0.852539  3.44252  
2.2795  1.36025  0.639751  
0.380651  0.761055  3.71701  
0.709536  1.41869  1.7439  
1.56124  1.34363  1.63385  
0.0354472  0.0707811  5.78803  
0.685643  1.37092  1.88724  
0.0120685  0.0240341  5.92828  
2.55021  1.22489  0.775108  
0.496827  0.993362  3.02002  
1.0002  1.9999  0.000109341  
0.963038  1.92636  0.221902  
0.183256  0.366342  4.90126  
0.484784  0.969278  3.09227  
1.9938  1.27645  1.47243  
1.83426  1.38178  1.19551  
0.0928046  0.185474  5.44392  
2.33462  1.0471  2.40702  
0.528418  1.05653  2.83049  
0.403591  0.806924  3.57939  
2.46658  1.07591  1.86655  
0.126331  0.252513  5.24278  
2.69483  1.15259  0.84742  
1.32139  1.6759  0.653019  
0.472889  0.945494  3.16364  
1.43282  1.43158  1.39027  
2.57438  1.11065  1.37747  
0.579831  1.15934  2.52204  
0.735308  1.4708  1.58842  
0.115117  0.230091  5.31005  
0.253021  0.505844  4.48271  
1.67506  1.66247  0.337533  
2.78798  1.0026  1.6144  
0.0470744  0.0940316  5.71827  
1.74677  1.46926  0.945262  
0.171711  0.343256  4.97052  
2.34116  1.21158  1.25637  
1.33287  1.83357  0.166436  
