2.43809  2.06371  
2.31944  3.5232  
2.52354  2.76324  
1.01933  4.83432  
2.45543  2.30048  
2.62538  2.2868  
2.24253  3.17106  
2.34542  2.73549  
2.75244  1.79121  
0.923527  4.73469  
2.78109  1.97062  
2.32367  3.56039  
2.65358  2.27987  
0.935954  4.8674  
2.41842  2.19795  
2.79681  1.83668  
2.22685  3.60061  
1.88079  3.73216  
2.30701  3.46713  
2.4291  3.37172  
2.55003  2.64835  
2.49753  3.25139  
2.60895  1.75744  
2.24802  2.53796  
2.53395  3.03902  
1.83829  4.24307  
2.64735  2.6429  
2.48882  2.94849  
2.28366  2.8255  
2.5396  2.79814  
2.56291  1.74449  
2.08295  3.90974  
2.41419  3.3315  
2.20146  3.93576  
1.92665  3.94848  
2.22882  3.64161  
2.63529  2.696  
1.57426  3.93127  
2.34267  3.30734  
2.26113  3.56126  
1.54239  4.55399  
2.51835  2.46047  
1.84525  4.33694  
2.31503  3.34716  
2.79413  2.01179  
2.30464  3.34591  
1.911  4.0372  
2.49978  2.56017  
1.56218  4.13401  
1.98288  3.99888  
2.10346  3.49559  
1.07211  4.58794  
2.58192  2.95907  
2.69695  1.92118  
2.5718  2.91386  
1.7393  4.02672  
2.22208  3.57734  
2.83727  1.92529  
2.40327  3.13611  
2.23105  3.6185  
1.95763  3.86674  
1.76323  4.35054  
2.34657  3.48779  
2.1588  3.41049  
2.17708  3.3487  
2.09269  3.49732  
1.9585  3.60075  
2.58085  3.05749  
2.29719  3.53664  
2.73536  1.85835  
2.4925  2.726  
2.40471  2.36225  
2.09947  3.72975  
2.77901  2.16875  
1.379  4.72479  
2.27314  3.86147  
2.33008  2.99608  
2.34024  1.74113  
1.40548  4.56117  
2.39457  3.26353  
1.63544  3.75586  
1.23466  4.55942  
0.955312  4.89032  
1.83421  3.87672  
1.15433  4.48638  
1.91224  3.31811  
2.60647  2.65064  
2.44379  1.92386  
1.51013  4.43506  
2.37256  2.95335  
2.08652  3.00214  
2.12648  4.0931  
2.19373  3.5508  
1.98051  3.90782  
1.91232  4.22775  
2.48039  3.0686  
2.58789  2.26561  
2.16931  3.54824  
2.549  2.51183  
2.45802  2.62581  
2.28092  1.80465  
1.26722  3.94278  
2.05151  2.31556  
1.66225  3.4071  
0.527042  4.36324  
2.38165  0.770413  
1.58794  3.54718  
1.87525  2.88046  
0.961575  4.208  
1.04081  4.12905  
2.14857  1.9328  
1.51753  3.55955  
2.2249  1.73791  
0.433535  4.36831  
2.32125  0.891147  
1.62715  3.37704  
2.04174  2.10473  
1.15065  3.87034  
1.88131  2.80661  
0.482668  4.24759  
2.36301  0.579026  
2.04978  1.7355  
0.272462  4.20765  
2.15722  0.399143  
1.99381  1.46656  
1.78096  2.44954  
1.24694  3.5064  
0.590043  4.05791  
0.949869  4.00833  
1.76952  2.47603  
1.27216  3.40838  
1.16376  3.58359  
2.08609  1.09284  
1.95849  1.75849  
0.606363  4.01262  
1.20048  3.52314  
1.99772  1.72289  
1.28343  3.33751  
0.769203  3.90029  
1.38523  3.25968  
2.05347  1.28224  
1.98378  2.37679  
1.85618  2.02608  
0.162374  4.09758  
0.867138  3.85425  
1.62766  2.82696  
0.997535  3.76992  
0.98285  3.76022  
1.92065  1.84459  
1.69857  2.61309  
0.867448  3.87937  
1.49544  2.88148  
2.09654  0.294548  
1.05311  3.62284  
1.91746  2.00353  
1.71629  2.52682  
1.78929  2.31318  
1.5713  2.98039  
0.747635  3.93778  
2.23403  1.25392  
1.64275  2.7157  
1.41653  3.17608  
0.914876  3.81846  
2.06752  1.10312  
0.770035  3.99839  
1.90483  2.06578  
1.17348  3.58878  
2.05564  1.37591  
0.770601  3.96528  
1.72193  2.71116  
1.83378  2.36742  
1.33668  3.50151  
0.691104  4.06305  
1.45245  3.41986  
1.82607  2.45029  
2.12433  1.12174  
1.65424  2.92312  
1.89168  2.48835  
1.98101  1.93347  
2.09708  1.3066  
1.53865  3.42709  
1.71795  2.78545  
1.995  1.77962  
0.689004  4.13826  
0.788527  4.08112  
1.90426  2.27212  
1.45059  3.48434  
2.28416  0.484638  
0.315888  4.21723  
1.81459  2.93729  
1.59652  3.01804  
2.00748  1.75327  
1.17514  3.64787  
1.02079  3.83866  
2.07255  1.60116  
1.45398  3.47548  
1.82494  2.77347  
0.889335  4.02432  
2.27274  0.663313  
1.58233  3.107  
2.38044  0.924837  
0.185727  4.1056  
1.80314  2.23745  
2.0638  1.15091  
1.74523  2.50473  
2.10426  0.999349  
1.73591  2.51548  
0.956584  3.77846  
1.09337  3.60853  
1.90935  1.88042  
1.98009  1.52607  
1.75881  2.41127  
1.41042  3.31915  
0.911255  3.79904  
1.87726  1.99071  
0.693976  3.96169  
1.32405  3.43093  
2.0104  1.36349  
1.0439  3.6518  
2.0638  1.05473  
1.80289  2.21987  
0.813165  3.87024  
1.84094  2.05553  
1.97254  1.48398  
0.301009  4.07536  
1.43631  3.08136  
0.552713  3.99623  
1.22495  3.40086  
1.35534  3.21999  
1.69507  2.50406  
2.05354  0.987725  
1.77419  2.27595  
1.61698  2.69562  
2.02962  1.14076  
0.997936  3.66796  
0.725206  3.89203  
0.623012  3.95426  
1.90798  1.79798  
1.26819  3.38343  
0.387054  4.05344  
1.81019  2.16079  
1.3253  3.25079  
1.86968  1.94268  
2.07683  0.677469  
1.04338  3.61776  
0.94372  3.72046  
0.158199  4.0934  
2.12323  0.351096  
1.10325  3.55424  
0.524707  4.00381  
1.47592  2.80068  
2.06472  0.80218  
0.879812  3.77656  
2.09612  0.288263  
0.458774  4.03151  
1.92657  1.72183  
2.00089  1.31304  
1.73601  2.38566  
1.67466  2.5593  
0.806792  3.83712  
2.05358  0.912782  
1.27873  3.32144  
1.94212  1.63302  
1.6558  2.59953  
1.3817  3.15956  
1.17039  3.47155  
1.89338  1.8513  
0.668767  3.93085  
1.59479  2.75006  
1.15493  3.49222  
1.07693  3.58245  
1.37765  3.17458  
1.79463  2.21671  
1.64276  2.63094  
1.32202  3.31048  
0.791993  3.84722  
1.86058  2.00256  
1.8179  2.14194  
1.76118  2.35313  
0.338155  4.06775  
0.253871  4.08606  
1.93436  1.68045  
2.09269  0.590347  
0.982992  3.70201  
0.869987  3.81582  
0.179461  4.10477  
1.00358  3.66275  
1.89048  1.87912  
1.46165  3.07409  
1.23743  3.39711  
1.92493  1.73602  
1.20853  3.46632  
1.76858  2.34098  
2.02751  1.28066  
1.67182  2.59206  
1.83864  2.13661  
1.67484  2.56939  
1.16078  3.54095  
1.93835  1.69866  
1.4794  3.04782  
1.95366  1.57444  
1.88498  1.88253  
1.61947  2.68563  
1.7836  2.24159  
1.40703  3.12125  
1.75838  2.3201  
2.01495  1.22993  
1.79423  2.207  
1.63751  2.64202  
1.34337  3.22183  
1.91122  1.773  
1.58152  2.7747  
1.38827  3.14753  
1.35989  3.19428  
1.46039  3.02018  
1.62443  2.67417  
1.25961  3.3476  
1.81327  2.14922  
0.509952  4.00892  
2.03228  1.09798  
1.95634  1.56602  
0.659982  3.93526  
0.296311  4.07514  
1.61143  2.70406  
1.21501  3.40978  
1.09753  3.5568  
1.96666  1.50674  
1.91896  1.73863  
1.90396  1.80269  
0.964945  3.69748  
2.02462  1.14912  
2.07429  0.673554  
0.632118  3.9485  
0.764067  3.86658  
0.459677  4.02839  
0.239251  4.08505  
0.386245  4.05278  
1.13759  3.50954  
1.80316  2.1768  
1.86942  1.94184  
1.0345  3.62675  
1.47318  2.79985  
1.76713  2.29115  
1.7874  2.22812  
2.09379  0.288873  
1.71632  2.43918  
0.729077  3.8891  
1.93623  1.65856  
1.99544  1.34362  
0.890243  3.76571  
2.08503  0.500867  
0.158116  4.09332  
1.27017  3.33234  
1.6936  2.50026  
1.15725  3.48477  
1.42491  3.08347  
1.73092  2.39716  
1.83671  2.06257  
0.523005  4.00275  
1.32495  3.25028  
2.05052  0.936624  
0.811465  3.83008  
1.94975  1.59359  
1.37623  3.16728  
1.6532  2.60378  
2.06289  0.812759  
0.580182  3.97603  
0.910564  3.74812  
0.681756  3.91979  
2.01075  1.24698  
2.03769  1.05113  
0.928222  3.73198  
0.853739  3.79653  
1.00094  3.66206  
1.88764  1.87035  
1.30032  3.28824  
1.06669  3.59198  
1.98783  1.38955  
1.97956  1.43987  
1.44924  3.0393  
1.24304  3.37119  
1.18819  3.44607  
1.92983  1.69159  
1.35111  3.20924  
0.546622  3.99258  
1.67283  2.55422  
1.63268  2.65579  
1.59109  2.75145  
1.40064  3.12731  
1.85264  2.0053  
1.82236  2.11293  
1.75208  2.33742  
0.342696  4.06477  
1.70701  2.4645  
0.98241  3.68042  
2.07099  0.717788  
1.74179  2.36683  
0.948154  3.71366  
1.87787  1.91098  
1.7754  2.26607  
1.45117  3.03706  
1.71045  2.45417  
1.32337  3.25323  
1.62917  2.66265  
0.31473  4.07109  
0.196137  4.09015  
1.01521  3.64711  
1.44158  3.05325  
1.39918  3.12823  
0.864248  3.78792  
0.361263  4.05971  
0.801217  3.83791  
0.399969  4.04861  
0.935261  3.7264  
2.03644  1.0595  
1.57501  2.78625  
0.278842  4.07839  
1.28159  3.31564  
0.739094  3.88243  
0.510277  4.00821  
1.11012  3.54199  
1.18749  3.44605  
0.772853  3.85869  
0.688087  3.91547  
1.22825  3.39151  
0.579103  3.97696  
2.08085  0.574712  
0.453241  4.03067  
1.14188  3.50393  
1.42928  3.07542  
0.381895  4.05394  
1.15326  3.48977  
1.97539  1.35258  
1.25211  3.35818  
1.34433  3.21931  
1.66854  2.57238  
1.79872  2.08778  
0.633204  3.94786  
1.8908  1.61479  
1.71327  2.35153  
1.02533  3.55304  
0.1581  4.0933  
1.47172  2.80259  
1.33345  3.23659  
1.83431  1.85109  
1.97705  1.22324  
0.297387  4.07477  
2.03086  1.10213  
1.68517  2.52209  
1.72215  2.23875  
0.81679  3.82586  
2.09337  0.286036  
1.91868  1.4912  
0.888244  3.7674  
0.72947  3.88882  
0.518575  4.00462  
0.676302  3.92284  
1.29744  3.29196  
0.960206  3.70181  
2.03965  0.781255  
0.462501  4.02734  
1.58359  2.67076  
1.20215  3.42678  
2.02633  1.1365  
1.38973  3.14447  
2.07332  0.686442  
0.923771  3.73587  
0.98815  3.67448  
1.70149  2.47854  
0.850064  3.79945  
1.63954  2.63783  
1.78322  2.17944  
1.36855  3.18031  
1.31765  3.26133  
1.12489  3.52453  
1.44692  3.04349  
1.1789  3.4573  
1.27513  3.32502  
1.4066  3.11539  
2.08368  0.525229  
0.22894  4.08634  
0.337827  4.06572  
0.424344  4.04074  
1.16331  3.47709  
0.650645  3.9384  
1.00488  3.65768  
0.832378  3.81365  
0.790442  3.84595  
1.46111  3.01717  
0.874721  3.77894  
0.949656  3.71186  
0.911853  3.74664  
0.762456  3.86611  
1.35889  3.19574  
0.569714  3.98125  
1.21098  3.41511  
1.23999  3.37523  
1.42266  3.08723  
1.26545  3.33924  
1.37651  3.16661  
0.709367  3.75176  
1.05651  3.40967  
1.92561  1.12782  
1.81723  1.7073  
1.8295  1.64768  
2.01983  0.226231  
1.79192  1.8087  
1.86399  1.48491  
0.962079  3.51846  
1.99095  0.521458  
1.74717  1.97693  
1.55227  2.54162  
1.47802  2.71865  
1.8815  1.39406  
1.0264  3.44607  
1.00659  3.46885  
1.79728  1.78419  
1.77959  1.85255  
0.904496  3.57818  
1.94132  1.0208  
1.71955  2.06569  
1.62885  2.34785  
1.3814  2.90781  
0.773243  3.70414  
1.69559  2.14383  
1.67746  2.20947  
1.09113  3.36497  
1.50194  2.6645  
1.22497  3.17658  
1.29373  3.0645  
1.34078  2.98389  
1.43612  2.80319  
1.84893  1.55897  
1.71131  2.09392  
1.76064  1.92345  
0.794203  3.68539  
1.94976  0.951469  
1.06456  3.39924  
1.13853  3.30244  
1.98063  0.637391  
1.45343  2.7643  
1.39045  2.89437  
0.612133  3.81852  
1.58853  2.45593  
1.24192  3.14853  
1.60117  2.41982  
0.944445  3.53757  
1.68704  2.17308  
1.18473  3.23688  
1.14972  3.28612  
1.2687  3.10635  
1.97483  0.706072  
1.80923  1.73863  
1.40571  2.86235  
1.20685  3.20336  
1.57312  2.4895  
1.63482  2.32594  
0.1153  4.00578  
0.83569  3.64845  
0.926507  3.55708  
1.56457  2.51386  
0.861391  3.62467  
0.742276  3.72766  
1.10793  3.34389  
0.658477  3.78656  
0.890518  3.59318  
1.93375  1.07646  
0.26852  3.97495  
0.366349  3.94152  
2.0032  0.272462  
0.389973  3.92961  
1.89819  1.29962  
0.537583  3.86673  
0.570806  3.8438  
1.31676  3.02565  
0.308898  3.96151  
2.01102  0.229942  
0.994063  3.48381  
0.819671  3.66286  
1.48496  2.70261  
1.53892  2.58724  
1.73181  2.02744  
1.91749  1.17936  
1.17213  3.25842  
0.232362  3.98625  
1.66222  2.25135  
0.677532  3.77408  
1.36511  2.94032  
1.52414  2.61612  
1.12117  3.32395  
0.501271  3.8825  
1.90961  1.23597  
1.41693  2.83849  
1.95428  0.900352  
0.441978  3.91078  
1.64983  2.28671  
1.96203  0.830023  
0.476795  3.89468  
1.99862  0.387194  
1.86903  1.45914  
1.60433  2.39811  
1.71527  2.0685  
1.75287  1.93823  
1.85413  1.51519  
0.596298  3.82233  
1.46791  2.72518  
1.34497  2.96788  
0.711651  3.74283  
1.63228  2.32149  
1.09505  3.35325  
1.45135  2.76035  
1.21568  3.18289  
2.0001  0.203967  
0.845718  3.62986  
1.64691  2.27979  
1.25366  3.1235  
0.794589  3.67567  
1.99013  0.449336  
1.74089  1.98097  
1.9643  0.78205  
1.3811  2.90082  
1.23476  3.15342  
0.298157  3.95873  
1.67494  2.19665  
0.627225  3.80256  
1.90506  1.23681  
0.564899  3.8413  
1.84358  1.5659  
1.49946  2.65557  
0.384558  3.92902  
1.78948  1.79949  
1.87525  1.40732  
0.425181  3.91234  
1.29134  3.06158  
0.739864  3.72095  
0.249269  3.97211  
1.27257  3.09278  
0.134674  3.99399  
0.820801  3.65265  
1.97098  0.711366  
0.918654  3.55842  
1.95696  0.852584  
1.93245  1.05294  
1.05445  3.40479  
0.941958  3.53403  
1.11541  3.32631  
1.97796  0.628968  
1.68862  2.15433  
0.987965  3.48352  
1.52997  2.58507  
1.13654  3.29763  
1.07431  3.37993  
1.17639  3.24133  
1.51478  2.62059  
0.767564  3.69851  
1.81172  1.70817  
1.55981  2.51281  
1.58998  2.43598  
1.15672  3.26947  
0.498953  3.8775  
1.61833  2.36022  
1.19597  3.21257  
0.683837  3.76344  
1.98438  0.541658  
1.41648  2.83179  
1.30985  3.03001  
1.92347  1.11686  
1.03301  3.43096  
1.88551  1.35141  
0.894314  3.58309  
1.3272  2.99964  
1.76511  1.89331  
0.869688  3.60721  
1.77741  1.84667  
1.91435  1.17794  
1.86481  1.46177  
0.344303  3.94383  
1.48341  2.69137  
1.72832  2.02455  
1.43435  2.79565  
1.54507  2.5489  
0.656266  3.78298  
1.01059  3.45753  
1.70201  2.11179  
0.110667  4.00356  
1.89514  1.29629  
1.94118  0.986654  
1.82245  1.66187  
1.99554  0.339444  
0.965285  3.50882  
1.94947  0.918651  
0.463307  3.89511  
1.57453  2.47581  
1.66101  2.2385  
1.83324  1.6137  
1.80071  1.75406  
1.39891  2.8665  
0.532942  3.85949  
1.36328  2.93432  
0.197221  3.98366  
1.70204  2.11153  
0.425806  3.91201  
0.767136  3.6988  
1.15689  3.26915  
1.99583  0.331269  
1.2912  3.06168  
1.7152  2.0685  
1.19621  3.21214  
1.21558  3.18296  
0.844537  3.6309  
1.58994  2.43597  
1.83332  1.61312  
1.25392  3.12298  
0.684045  3.76325  
1.97812  0.626401  
1.45007  2.76289  
1.27276  3.09236  
1.61888  2.35855  
1.03161  3.43254  
1.82247  1.66154  
1.96384  0.786168  
1.91403  1.17969  
1.38156  2.89981  
0.987805  3.4836  
0.0950713  3.99832  
1.95632  0.858085  
1.32775  2.99858  
1.78841  1.80355  
1.97113  0.709348  
1.49901  2.65644  
1.9048  1.23811  
0.215693  3.97982  
1.60454  2.39741  
1.94059  0.990845  
1.1369  3.29704  
1.99046  0.442556  
0.941842  3.53406  
1.41636  2.83192  
1.94858  0.92589  
1.34575  2.96633  
1.9231  1.11911  
1.98452  0.539186  
1.77667  1.84938  
1.728  2.02546  
1.48324  2.6916  
1.64749  2.27797  
1.93197  1.05617  
1.399  2.86618  
1.51471  2.62062  
1.46695  2.72703  
1.57527  2.47378  
1.07498  3.37898  
1.75273  1.93858  
0.869671  3.60714  
0.712478  3.74215  
0.625658  3.80354  
1.52989  2.58513  
1.11642  3.32489  
1.66133  2.23742  
0.918343  3.55867  
1.88559  1.35065  
1.17641  3.24121  
1.6751  2.19598  
1.7647  1.89467  
1.85487  1.51134  
1.36356  2.93365  
0.894208  3.58311  
1.23501  3.15292  
1.74053  1.98207  
0.965113  3.50891  
1.86539  1.45862  
0.306576  3.95612  
1.84422  1.56263  
0.563755  3.84191  
1.63333  2.31838  
0.349562  3.94194  
1.56036  2.51127  
1.43339  2.79746  
1.05358  3.40579  
1.30942  3.03059  
1.68865  2.15409  
0.793354  3.67666  
1.54521  2.54845  
1.89519  1.29577  
0.655589  3.78339  
1.87562  1.4051  
2.00032  0.193626  
0.497025  3.87843  
1.81135  1.7095  
0.262594  3.96865  
0.819233  3.65395  
0.530628  3.86066  
1.09594  3.35199  
0.388541  3.92742  
1.00969  3.45847  
0.740083  3.72071  
1.80001  1.75678  
0.162654  3.98977  
0.595045  3.82307  
0.462308  3.89549  
1.82256  1.66116  
1.87558  1.40531  
0.684119  3.76318  
0.164606  3.98944  
0.739983  3.72079  
1.94029  0.993188  
1.4826  2.693  
1.59009  2.43556  
1.6333  2.31842  
1.29109  3.06185  
1.38117  2.90053  
1.52994  2.58498  
0.71228  3.74229  
1.89533  1.29492  
1.94861  0.925634  
0.531013  3.86045  
1.15678  3.2693  
0.49812  3.87787  
1.78842  1.80348  
0.819293  3.65389  
0.894064  3.58324  
0.869773  3.60703  
1.5143  2.62154  
1.4498  2.76344  
0.594875  3.82317  
1.91413  1.17906  
1.92312  1.11897  
1.32758  2.99885  
1.54525  2.54833  
1.56035  2.51128  
0.267116  3.96745  
1.98454  0.538698  
0.918014  3.55899  
1.13659  3.29746  
1.81139  1.70932  
1.43311  2.79803  
1.34559  2.96661  
1.30935  3.0307  
0.390821  3.92651  
2.00031  0.193526  
1.74011  1.98352  
0.427595  3.91123  
1.71496  2.06926  
0.987283  3.48418  
0.964474  3.5096  
1.67497  2.19634  
1.99578  0.33244  
1.99048  0.442157  
1.75248  1.93946  
1.5753  2.47368  
1.95642  0.857113  
1.05292  3.40659  
1.97813  0.62625  
0.655212  3.78364  
1.09533  3.35276  
1.11606  3.32535  
1.23501  3.15292  
1.84431  1.56216  
1.8549  1.51117  
1.64744  2.27808  
0.941628  3.53428  
1.70199  2.11166  
1.76469  1.89467  
1.90489  1.23751  
1.6613  2.23747  
1.8335  1.61225  
0.463863  3.89475  
1.72763  2.02667  
1.4162  2.83221  
1.17655  3.24099  
1.03129  3.43292  
1.8653  1.45903  
1.1963  3.21198  
0.0946927  3.99835  
1.79995  1.75701  
0.311233  3.95467  
1.36342  2.93389  
1.49851  2.65757  
0.563417  3.84211  
0.844647  3.63078  
1.25405  3.12274  
1.27271  3.09243  
1.8856  1.35058  
1.61914  2.35781  
0.793561  3.67648  
1.93193  1.05643  
1.21577  3.18265  
1.00939  3.4588  
1.77671  1.84921  
0.767161  3.69876  
1.60477  2.39676  
1.96401  0.784465  
1.46643  2.72814  
1.39886  2.86646  
1.97124  0.70802  
0.219163  3.97907  
0.351677  3.94119  
1.07425  3.37989  
0.625335  3.80374  
1.6887  2.1539  
1.95644  0.856923  
1.82259  1.66103  
0.49836  3.87774  
0.964413  3.50966  
1.19632  3.21196  
1.39873  2.86669  
0.712239  3.74232  
1.74014  1.98339  
0.464141  3.89461  
1.59009  2.43556  
1.93185  1.05699  
1.03125  3.43295  
1.90489  1.23751  
1.38126  2.90035  
1.07423  3.37992  
1.77663  1.84951  
0.766762  3.69909  
1.52981  2.5853  
1.21571  3.18273  
1.46624  2.72856  
0.684084  3.76321  
0.0946563  3.99841  
1.48253  2.69313  
1.05291  3.4066  
1.94033  0.992863  
0.352982  3.94072  
1.60472  2.39689  
1.85488  1.51122  
0.268137  3.96717  
1.9141  1.17922  
1.8755  1.40573  
1.11605  3.32536  
1.36359  2.93358  
1.88553  1.35097  
0.917941  3.55906  
1.09527  3.35284  
1.71485  2.06961  
1.235  3.15293  
1.68845  2.15467  
1.7525  1.9394  
1.27275  3.09237  
0.391849  3.92609  
1.83359  1.61186  
0.428821  3.91069  
1.41592  2.83278  
0.312146  3.95438  
1.64733  2.27839  
1.44967  2.76371  
1.92315  1.11874  
1.61914  2.35779  
1.70173  2.11248  
0.893942  3.58336  
0.844876  3.63056  
1.66125  2.23761  
1.5753  2.47368  
1.99573  0.3335  
0.941414  3.5345  
1.675  2.19624  
0.819356  3.65383  
1.54518  2.5485  
1.25408  3.1227  
1.51434  2.62144  
1.00937  3.45882  
0.739771  3.72095  
1.89535  1.29477  
1.43284  2.79857  
0.531481  3.86019  
2.00031  0.193525  
1.86526  1.45921  
1.34573  2.96635  
1.76466  1.89478  
0.625574  3.80358  
1.72767  2.02653  
1.78836  1.80371  
1.15684  3.26921  
1.9713  0.707349  
1.29116  3.06173  
1.56035  2.51128  
1.63332  2.31838  
1.84431  1.56216  
0.595042  3.82306  
0.869591  3.6072  
0.793385  3.67663  
1.13659  3.29746  
1.98453  0.538915  
1.96406  0.783893  
1.94858  0.925851  
1.4986  2.65735  
0.655186  3.78365  
1.30947  3.03049  
1.99041  0.443326  
1.97814  0.626046  
1.79999  1.75681  
1.32774  2.99856  
1.81138  1.70935  
0.563811  3.84187  
0.164752  3.98942  
0.987092  3.4844  
1.17673  3.24073  
0.219762  3.97894  
0.56402  3.84175  
0.595295  3.8229  
1.19625  3.21205  
0.35346  3.94055  
1.74014  1.98339  
0.0946245  3.99838  
1.05307  3.4064  
0.220094  3.97886  
1.41583  2.83296  
0.429239  3.91051  
1.57531  2.47365  
1.38132  2.90025  
1.63331  2.3184  
1.77663  1.84951  
0.62569  3.8035  
1.86525  1.45926  
0.893941  3.58336  
1.9141  1.1792  
1.61906  2.35802  
1.51425  2.62166  
1.64734  2.27836  
1.44957  2.76393  
1.03139  3.43278  
1.11605  3.32536  
1.13659  3.29746  
1.76466  1.89478  
1.99594  0.328413  
1.92314  1.11876  
1.9565  0.856372  
1.71469  2.07016  
1.09531  3.35279  
1.66123  2.23768  
1.54518  2.54849  
1.79996  1.75696  
1.4328  2.79866  
1.78842  1.80348  
1.235  3.15293  
1.49842  2.65775  
1.97811  0.626435  
1.48237  2.6935  
1.93187  1.05683  
1.52982  2.58528  
0.464639  3.89438  
1.90481  1.23795  
1.30965  3.03019  
1.36364  2.93348  
1.8443  1.56222  
1.34578  2.96626  
1.88553  1.35097  
1.81135  1.70949  
1.56035  2.51128  
1.87553  1.40555  
1.7525  1.93941  
1.72752  2.02703  
0.498882  3.87748  
1.29115  3.06175  
0.869459  3.60732  
1.25405  3.12275  
0.684143  3.76316  
0.941228  3.5347  
1.5901  2.43552  
1.15684  3.2692  
1.89532  1.29498  
0.844688  3.63074  
1.67494  2.19644  
0.917792  3.55921  
1.85488  1.51124  
1.21571  3.18274  
0.164915  3.98939  
1.97128  0.707589  
1.83356  1.61196  
0.71226  3.7423  
1.27272  3.09241  
1.98455  0.538595  
0.819302  3.65388  
1.94862  0.925554  
1.07433  3.37978  
1.60467  2.39701  
0.739771  3.72095  
2.0006  0.19141  
1.94039  0.992344  
0.392185  3.92596  
1.70161  2.11285  
0.655283  3.78359  
1.32781  2.99845  
1.17664  3.24085  
0.987023  3.48447  
1.96406  0.78389  
1.46604  2.72898  
1.39868  2.8668  
1.99055  0.440786  
0.312553  3.95426  
1.00939  3.4588  
0.964335  3.50975  
0.766849  3.69902  
0.268551  3.96706  
1.82258  1.66107  
1.68838  2.15489  
0.793266  3.67673  
0.531954  3.85993  
