1.64926  1.76422  
2.84159  1.37784  
1.94907  2.367  
1.56688  2.91902  
1.53704  1.37831  
2.42288  2.21383  
2.03922  1.56728  
2.39734  2.52273  
1.49652  2.69268  
2.49037  2.23047  
2.31803  1.81484  
2.51572  0.943648  
2.19003  2.22554  
1.16235  2.18785  
2.31962  2.12707  
2.14085  2.17327  
2.22599  2.12315  
2.33047  1.69318  
1.80545  2.74574  
2.8026  1.61181  
2.444  1.68336  
2.01103  1.75238  
2.40054  2.31556  
3.08287  2.26559  
2.27224  2.86884  
1.92073  2.3382  
2.58275  1.61125  
2.22517  1.98104  
2.73814  1.43572  
2.66562  2.38249  
1.50625  2.67398  
2.03277  1.77594  
2.40624  2.35773  
2.31754  1.35685  
2.69598  1.10045  
1.77471  1.42033  
2.5921  3.06926  
1.75055  2.43377  
2.13468  1.52448  
1.60336  2.98174  
2.09483  1.75175  
2.02488  1.59169  
2.36138  2.07743  
3.45555  1.50555  
1.31881  2.07745  
2.05531  2.26604  
2.75466  1.43963  
0.9811  1.88378  
1.89966  2.54926  
2.77873  1.61223  
2.03277  1.60861  
2.09769  2.01576  
1.49203  2.37881  
2.03705  1.8163  
1.66526  1.46752  
1.58592  1.88565  
1.31773  1.59256  
1.35083  1.72631  
2.1614  2.17576  
2.79859  1.87142  
1.81559  2.06357  
2.78672  1.91533  
1.79348  1.10533  
3.02344  1.43642  
1.89603  1.59292  
2.10446  1.44536  
1.56601  1.68805  
1.69277  2.30549  
2.05384  3.24987  
3.28388  1.24758  
2.901  1.69408  
2.09539  2.01765  
1.93283  2.60727  
2.50326  1.69752  
2.12486  3.13604  
2.35615  1.96633  
2.26917  2.3049  
1.41882  2.47258  
1.88406  1.95647  
2.95717  2.17665  
2.18499  1.66643  
2.30181  2.04204  
1.17318  2.65787  
2.22485  2.4701  
1.81704  1.96908  
1.65144  2.30779  
3.18705  1.82241  
2.80991  1.25986  
1.38504  2.34703  
1.36665  2.87338  
2.49073  3.18068  
1.68056  2.16454  
1.80402  1.15673  
1.70345  1.80077  
1.91205  2.0919  
1.55586  2.23565  
1.85288  1.8123  
1.48127  1.97744  
1.62276  1.90886  
0.885162  2.00518  
2.13298  0.579696  
3.54179  0.517987  
1.23243  2.71827  
1.13933  1.45713  
1.87622  1.4717  
2.27693  2.35383  
2.13511  2.57874  
1.72022  2.40612  
1.58309  3.49351  
2.7812  1.56485  
1.68006  2.43552  
1.93458  1.99767  
1.48972  2.64223  
2.2194  1.55069  
1.50179  1.98292  
1.8288  1.6616  
2.19077  1.41224  
1.37742  1.89491  
1.96699  1.39797  
1.08647  2.63453  
1.61769  1.65518  
1.10976  2.16752  
1.23176  1.13379  
1.76534  0.57789  
1.27195  1.13399  
0.358666  2.40037  
1.35947  1.13369  
2.08549  0.441838  
0.588795  1.86218  
1.79386  1.2929  
1.74362  0.648124  
0.891099  1.35027  
0.555199  1.80011  
0.631697  1.68972  
2.42004  0.402388  
2.26904  0.7972  
2.70542  0.345121  
1.4129  0.849776  
1.75172  0.469528  
0.824069  1.55362  
0.993962  1.70108  
1.87927  0.376561  
0.782893  0.695118  
1.78517  0.241133  
0.731204  1.42246  
0.447279  2.22433  
3.25065  0.0834839  
1.10889  1.32849  
0.0924204  1.00159  
0.419793  2.50148  
1.14945  0.839823  
0.683989  0.363381  
1.0637  0.113941  
1.62789  0.397671  
1.59883  0.701269  
0.187353  0.755067  
0.180431  1.90207  
0.154184  1.44768  
2.5748  0.125695  
0.963764  1.35593  
0.131797  2.58834  
0.588481  1.14601  
0.9375  1.03573  
2.37086  0.178422  
2.56208  0.941344  
0.125911  3.09994  
0.723508  1.74056  
0.624963  1.83612  
0.564737  2.20959  
0.819576  1.66261  
0.462766  2.37673  
2.13298  0.57463  
2.59142  0.451131  
1.48111  0.981219  
1.79147  0.85307  
0.759667  2.22441  
0.93944  3.17268  
1.10253  1.5155  
2.00057  0.691858  
0.871122  2.08763  
2.70803  0.443218  
0.951647  2.04867  
1.75389  1.17247  
1.56968  0.975634  
1.29179  1.37382  
0.589267  2.7721  
1.85025  0.912477  
1.00239  1.73231  
0.894938  2.09249  
1.45026  1.20708  
1.12875  1.65073  
2.21247  1.13515  
1.82703  0.93578  
1.07653  1.80446  
1.89128  1.11007  
1.56158  1.32234  
1.04217  2.91335  
1.87432  1.15847  
1.17058  1.83126  
1.98245  1.24048  
1.42339  0.821845  
0.386328  2.26324  
1.96814  0.459496  
0.872125  1.25181  
0.606036  1.30549  
0.23355  2.14261  
0.542033  1.51406  
1.26763  0.75714  
2.33812  0.184375  
0.163577  2.26374  
1.60989  0.415317  
0.632161  1.19178  
0.720563  1.13108  
0.579104  1.2709  
0.447472  1.71702  
0.880155  1.01763  
1.45184  0.524118  
0.792734  1.09632  
0.996138  0.934737  
1.9516  0.292713  
2.57343  0.13548  
0.851801  1.03476  
1.76948  0.192873  
0.849499  0.713404  
2.05221  0.100512  
0.216233  1.47466  
1.61624  0.234924  
0.0737845  2.35603  
2.5799  0.0688071  
0.0717665  1.73878  
0.320923  1.12876  
1.83938  0.0879984  
0.508432  1.00578  
0.192175  1.47247  
0.3912  1.42255  
0.543047  0.868315  
1.34111  0.0224299  
1.01626  0.525163  
0.971019  0.299798  
0.0555851  0.852486  
0.014507  1.4192  
0.138308  0.696514  
0.245689  1.04958  
0.914264  0.720301  
0.569987  1.02465  
0.111902  2.12471  
0.570637  0.304858  
0.437521  0.688238  
0.975647  0.57989  
1.81075  0.0883284  
1.04327  0.733793  
1.36261  0.332569  
1.10797  0.445799  
0.982721  0.560918  
0.584117  0.543706  
2.08575  0.115799  
1.21623  0.121392  
1.2352  0.409557  
0.999858  0.0579606  
0.0732606  1.50727  
0.583006  1.11202  
1.90585  0.122194  
2.04971  0.0474434  
0.752353  0.908707  
0.957862  0.475464  
0.654769  0.837384  
0.0578936  1.72739  
2.18571  0.147025  
0.187413  1.56362  
0.100414  2.04227  
0.0676811  1.82552  
0.618101  0.954773  
0.962833  0.640261  
1.16784  0.521445  
0.605139  1.01584  
0.310062  1.47174  
1.96964  0.140589  
0.486981  1.16953  
1.35678  0.411532  
0.272466  1.74113  
1.71075  0.281418  
1.49026  0.387906  
1.19466  0.588597  
0.153832  1.97342  
0.797964  0.865518  
0.344833  1.65316  
0.454472  1.35224  
1.23275  0.570661  
0.891849  0.779181  
0.704191  1.07359  
1.91176  0.251593  
0.739589  1.00551  
1.33238  0.540963  
0.386637  1.58746  
0.691206  1.10114  
0.456945  1.3529  
1.46217  0.412087  
0.585819  1.13512  
1.77713  0.313817  
0.366912  1.80462  
0.446509  0.734069  
0.783526  0.595924  
0.384552  0.889994  
3.33256  0.0164532  
1.42732  0.0906109  
0.323006  1.02859  
0.91743  0.455873  
0.0185059  1.56012  
1.72554  0.0357292  
0.472935  0.682614  
0.153751  1.25411  
1.15577  0.181041  
1.41103  0.10294  
0.6598  0.5439  
0.255805  1.00507  
0.216027  1.11538  
0.318808  0.845197  
0.00508016  2.19327  
1.63005  0.0285581  
1.12485  0.168207  
0.670638  0.495205  
2.25875  0.0075009  
1.56265  0.0118333  
0.00195608  1.77275  
0.129314  1.02574  
0.461236  0.561661  
0.168608  0.772796  
2.27614  0.00250416  
1.3688  0.0290743  
0.0547078  1.18202  
0.0467855  0.808259  
0.58732  0.43081  
0.132303  0.650361  
0.86492  0.190108  
0.140091  0.816023  
0.173241  1.05137  
1.62721  0.00332148  
0.136553  1.09364  
0.00380891  1.35834  
0.0926345  1.10219  
0.313593  0.59348  
0.00274419  1.28505  
1.03107  0.0791845  
0.00408899  1.28464  
0.900632  0.302746  
0.523057  0.506058  
0.294429  0.535283  
1.72173  0.00551247  
2.12667  0.00223318  
1.05061  0.155252  
0.542505  0.27166  
0.455907  0.510554  
0.689929  0.374668  
0.00544403  0.988367  
1.51916  0.00299121  
0.112854  1.18442  
0.809693  0.161332  
1.57147  0.00230773  
2.30389  0.00198453  
0.000904373  1.43055  
0.227087  0.637532  
0.746426  0.228244  
1.42839  0.00498765  
1.02699  0.0077016  
2.19693  0.00198281  
2.97431  0.00242481  
1.42331  0.0249264  
0.873456  0.210159  
1.59046  0.00499456  
0.0465912  1.33483  
0.272011  0.768444  
1.9839  0.00282609  
0.585007  0.506316  
1.40257  0.0775964  
1.58417  0.0080924  
0.56664  0.560399  
0.28505  0.822042  
0.00370469  1.61765  
1.23899  0.0791517  
0.199361  0.82269  
1.58786  0.0148509  
0.00406463  1.40717  
0.626929  0.47082  
1.14666  0.101769  
0.42678  0.649887  
0.0626213  1.21092  
1.80758  0.0048734  
0.0448456  1.3913  
1.40578  0.0436794  
0.52261  0.582577  
0.3629  0.720579  
0.821437  0.410788  
1.19549  0.0919831  
0.00270784  1.77437  
1.78528  0.00535904  
0.445841  0.678956  
1.41181  0.0519794  
0.0761297  1.22038  
0.0176724  1.52623  
0.281596  0.927125  
0.0456128  1.06465  
0.598218  0.375964  
0.407733  0.459091  
1.03303  0.0990194  
0.220393  0.693737  
0.00279924  1.28442  
0.740285  0.199783  
0.100899  0.832574  
1.51895  0.000592932  
0.514671  0.389046  
0.388673  0.490018  
0.251168  0.632126  
0.830138  0.179691  
0.638206  0.292721  
1.07864  0.0526379  
0.29725  0.577409  
0.971097  0.120854  
0.00386212  1.14509  
0.131491  0.72786  
0.696934  0.217251  
0.0494274  0.917965  
1.20258  0.00373921  
1.19536  0.000643482  
2.35443e-05  1.35677  
0.430274  0.398785  
0.789417  0.133189  
0.0789004  0.785606  
0.0437624  0.929963  
0.314877  0.483289  
0.0568307  0.85906  
0.482262  0.374032  
0.395573  0.437093  
1.34585  0.000506692  
0.99259  0.0420235  
0.95712  0.0564353  
0.937511  0.0628541  
0.602613  0.291224  
0.355708  0.463095  
0.0443289  0.942644  
0.496489  0.350138  
0.766519  0.13625  
0.80477  0.109819  
0.540186  0.266508  
0.27747  0.485262  
0.00263569  0.95814  
0.999668  0.00206607  
0.0887969  0.721494  
0.376802  0.434306  
0.045989  0.790783  
1.10714  0.000680395  
0.390631  0.407419  
0.129065  0.642686  
0.185029  0.598305  
0.252538  0.542018  
0.91636  0.0693586  
6.61689e-05  1.10722  
0.0342721  0.955114  
1.10654  0.00193192  
0.43946  0.381284  
0.596918  0.257589  
0.68662  0.190963  
0.724165  0.160754  
0.330451  0.536637  
0.000166345  1.08438  
2.82681e-05  1.28888  
1.18818  0.00066617  
0.0454003  0.929949  
0.404188  0.410434  
1.00975  0.0277076  
0.494699  0.380522  
0.0464567  0.882074  
0.692497  0.205821  
0.00269086  1.08182  
0.116117  0.723384  
1.1363  0.000985335  
0.290779  0.541777  
0.862612  0.14216  
0.23769  0.631706  
0.385628  0.458889  
0.0729031  0.812956  
0.456027  0.393527  
0.783925  0.169225  
0.959008  0.0861856  
0.226228  0.669842  
0.000117646  1.22012  
0.568263  0.34219  
0.203694  0.692444  
0.720945  0.19251  
1.09709  0.0141987  
1.37453  0.00057732  
0.382792  0.470035  
0.661891  0.28543  
0.559435  0.36193  
0.00205272  1.0995  
1.0897  0.0181492  
0.289201  0.599872  
0.482334  0.391725  
0.0459922  0.93588  
0.385374  0.46281  
0.435438  0.419091  
0.132463  0.639068  
0.417952  0.356031  
0.210572  0.545039  
0.0390647  0.815476  
0.373103  0.391276  
0.040838  0.803112  
0.208219  0.554912  
0.00671333  0.929321  
0.119512  0.673373  
0.871847  0.0705447  
0.0011924  0.968541  
0.0706421  0.738544  
0.970433  0.0214681  
0.102612  0.689323  
0.539085  0.266215  
0.00747397  0.923364  
0.39086  0.376332  
0.013002  0.904436  
0.127978  0.644088  
0.997528  0.00212384  
0.109003  0.675492  
0.228324  0.534798  
0.00576213  0.9381  
0.0457703  0.78743  
5.17489e-06  1.02244  
0.0535082  0.777694  
0.406545  0.36981  
0.00176901  0.96364  
0.00224869  0.959135  
0.965123  0.0279463  
0.420035  0.354231  
7.51757e-05  0.994245  
0.0797865  0.735965  
0.0543506  0.77079  
0.0184575  0.873714  
0.381186  0.384275  
0.408476  0.367417  
0.798022  0.108653  
0.72137  0.152055  
0.572387  0.245921  
0.36666  0.400575  
0.79084  0.116618  
0.73861  0.142718  
0.71084  0.159592  
0.173161  0.595755  
0.973507  0.0184719  
0.0733264  0.738245  
0.018964  0.87054  
0.0449678  0.78884  
1.00043  0.000454122  
0.560362  0.254829  
0.0850064  0.711975  
0.878065  0.0687362  
0.34944  0.417711  
0.272612  0.478925  
0.36344  0.401099  
0.0572242  0.765617  
0.00490871  0.942845  
0.7114  0.157768  
0.0233884  0.858424  
0.461844  0.323111  
0.00394548  0.945307  
1.00221  0.000146006  
0.0695408  0.740988  
0.221537  0.535904  
0.0006372  0.977092  
0.46277  0.320815  
0.559815  0.255692  
0.0688731  0.749122  
0.0388482  0.831325  
0.115331  0.675027  
0.888631  0.0579975  
0.0107232  0.907881  
0.35146  0.412626  
1.0089  4.08366e-05  
0.362667  0.403719  
0.128528  0.641977  
0.871913  0.0694486  
0.20782  0.556507  
0.236652  0.517654  
0.332751  0.423589  
0.0411024  0.799656  
0.420993  0.354093  
0.781651  0.122315  
0.237792  0.515696  
0.78853  0.120958  
0.0840955  0.71383  
0.00297071  0.947311  
0.880875  0.0666449  
0.665297  0.185262  
0.798252  0.107157  
0.0224266  0.85912  
0.295004  0.46535  
0.35278  0.410277  
0.0683124  0.752762  
1.03154  1.37153e-05  
0.942111  0.0330389  
0.389915  0.378934  
0.971067  0.0207429  
0.916954  0.0496307  
0.873566  0.0656079  
0.0028388  0.947007  
0.795082  0.108433  
0.00524486  0.928693  
0.204203  0.548931  
0.202336  0.55286  
0.390279  0.375568  
0.388465  0.37702  
0.736434  0.142056  
0.0536014  0.769034  
0.415161  0.358188  
0.128473  0.641923  
0.416838  0.35474  
0.775964  0.119897  
0.00422084  0.936586  
0.361894  0.399778  
0.347061  0.411671  
0.954994  0.0248268  
0.556345  0.255061  
0.235611  0.51511  
0.0735569  0.731675  
0.378789  0.384889  
0.360583  0.400267  
0.952255  0.0266175  
0.352179  0.40756  
0.91297  0.0464096  
0.132507  0.637812  
0.107357  0.673479  
0.0226723  0.852349  
0.418739  0.353523  
0.869979  0.0690734  
0.0703768  0.735909  
0.940414  0.0304534  
0.0510466  0.774879  
0.289066  0.463889  
0.689128  0.172648  
0.272486  0.478595  
0.16543  0.593939  
0.785536  0.114668  
0.687463  0.175861  
0.0169939  0.871058  
0.0665543  0.742822  
0.339988  0.418997  
0.798848  0.106633  
1.00014  0.000180573  
0.0687134  0.738398  
0.401044  0.367326  
0.0466837  0.784609  
0.571524  0.245194  
0.00941856  0.904993  
0.293369  0.461614  
0.332568  0.423698  
0.37322  0.389986  
0.889502  0.0575119  
0.568856  0.247304  
0.0211381  0.857486  
0.16397  0.599824  
0.00104554  0.96828  
0.0180466  0.867731  
3.88956e-06  1.00552  
0.40352  0.364992  
0.218813  0.53363  
0.0562201  0.763567  
0.669753  0.182385  
0.0368949  0.808922  
0.0407946  0.7984  
0.24053  0.512843  
0.0134967  0.885038  
0.333853  0.422377  
1.00636  1.24179e-05  
0.126733  0.644709  
0.0876349  0.707154  
0.775447  0.120667  
0.125469  0.65009  
0.381015  0.383314  
0.720024  0.151857  
0.00041766  0.981034  
0.0448868  0.788489  
0.997194  0.00175111  
0.904579  0.0495922  
0.0260228  0.84262  
0.459494  0.323477  
0.966848  0.0172006  
0.558125  0.253187  
0.00172264  0.960179  
0.710659  0.157201  
0.462553  0.320392  
0.887101  0.0584905  
0.538518  0.2662  
0.110916  0.669464  
0.938669  0.0340558  
0.00780644  0.914369  
0.66446  0.185367  
0.0813723  0.716483  
0.027986  0.839567  
0.101251  0.6867  
0.0103215  0.899677  
0.0833899  0.711628  
0.209125  0.543155  
0.00639905  0.921612  
0.403438  0.364931  
0.463922  0.319595  
0.664329  0.185028  
0.380649  0.38317  
0.360417  0.399756  
0.12459  0.648067  
0.55805  0.253136  
0.555925  0.254935  
0.272234  0.478365  
0.414423  0.356707  
0.0133828  0.884843  
0.113358  0.665766  
0.0664795  0.74244  
0.661937  0.188262  
0.29038  0.461559  
0.068618  0.738307  
0.687771  0.170967  
0.951566  0.0246568  
0.795081  0.108393  
0.799968  0.10623  
0.0370722  0.808057  
0.568682  0.246062  
0.997036  0.00160572  
0.535633  0.269401  
0.0724619  0.731528  
0.053522  0.76886  
0.887041  0.0584274  
0.0101738  0.899583  
0.030506  0.828665  
0.338261  0.418704  
0.0177886  0.867329  
0.0861714  0.706836  
0.388409  0.376899  
0.937103  0.0329355  
0.720005  0.151579  
0.354596  0.404931  
0.202113  0.551465  
0.209063  0.54313  
0.0833279  0.71154  
0.131752  0.637411  
0.331058  0.424878  
0.785276  0.114074  
0.241587  0.511894  
0.346911  0.411165  
0.0465537  0.784455  
0.0407624  0.798201  
0.000389548  0.980931  
0.710602  0.157113  
0.00283744  0.946938  
0.400924  0.366951  
0.344639  0.413665  
0.0164842  0.872513  
0.00419258  0.935957  
0.0221194  0.851865  
0.107256  0.672777  
0.372852  0.389572  
0.288336  0.463528  
0.0448499  0.788391  
0.0271285  0.835647  
0.912177  0.0456997  
0.90404  0.049384  
0.162592  0.598607  
0.418084  0.353547  
0.00769156  0.912755  
0.33383  0.422306  
0.203822  0.548663  
0.575257  0.244832  
0.218502  0.532787  
0.0589363  0.760152  
0.0987194  0.68782  
0.35152  0.407377  
0.0360512  0.811539  
0.101256  0.682873  
0.0806349  0.717125  
0.0508634  0.774714  
0.109881  0.668973  
0.234996  0.515901  
0.00632073  0.921445  
0.940264  0.0304482  
0.538517  0.266196  
0.86943  0.0689555  
0.00168516  0.959518  
0.889  0.0572765  
0.0255163  0.841482  
0.421782  0.35171  
0.722935  0.150906  
0.128465  0.641646  
0.378728  0.384787  
0.966688  0.0170178  
1.00275  8.22215e-06  
0.668918  0.182332  
0.73642  0.141946  
0.458984  0.322874  
0.020734  0.85666  
0.390181  0.375552  
0.0561106  0.76351  
0.873407  0.0655403  
0.775365  0.11976  
0.165249  0.593865  
3.13309e-06  1.00111  
0.555659  0.254821  
0.00768122  0.912546  
0.705404  0.160654  
0.0986147  0.6866  
0.329272  0.42689  
0.00167406  0.959438  
0.00282979  0.946925  
0.723592  0.149868  
0.0253145  0.841381  
0.886938  0.0583403  
0.661758  0.186745  
0.354519  0.40472  
0.966686  0.0168699  
0.575089  0.243876  
0.351388  0.407313  
0.683381  0.173751  
0.239005  0.511468  
0.403427  0.364897  
1.00026  4.0826e-06  
0.288248  0.463446  
0.0686032  0.738177  
0.936678  0.0324336  
0.868993  0.0680195  
0.799525  0.106133  
0.888959  0.0572291  
0.107199  0.672748  
0.0270844  0.835519  
0.557999  0.253122  
0.161936  0.597965  
0.017952  0.866422  
0.668693  0.182308  
0.124458  0.647565  
0.208865  0.543047  
0.0101627  0.899443  
0.050849  0.774606  
0.203776  0.548637  
0.27221  0.478335  
0.200792  0.552755  
0.218465  0.532747  
0.687684  0.170808  
0.784965  0.114087  
0.719943  0.151563  
0.421433  0.351233  
0.0581983  0.759697  
0.372845  0.38948  
0.101884  0.681332  
0.414358  0.356419  
0.0370497  0.807843  
0.390091  0.37555  
0.0133334  0.884718  
0.0206485  0.856598  
0.1141  0.664501  
0.0664535  0.742431  
0.91084  0.0456771  
0.458153  0.324562  
0.0534932  0.768833  
0.34466  0.413268  
0.0469439  0.783541  
0.0723378  0.731346  
0.0805644  0.716482  
0.0298623  0.827864  
0.538517  0.266181  
0.109814  0.668827  
0.0357787  0.811359  
0.333825  0.422281  
0.568627  0.245978  
0.535345  0.268825  
0.463793  0.319433  
0.423969  0.35063  
0.0448412  0.78832  
0.0832706  0.711592  
0.159951  0.605985  
0.00414494  0.93589  
0.360381  0.39974  
0.13271  0.636145  
0.29007  0.461545  
0.0220628  0.851636  
0.253474  0.508136  
0.795073  0.108382  
0.270533  0.481104  
0.94025  0.0304403  
0.086076  0.706778  
3.11777e-06  1.00066  
0.00626365  0.921208  
0.234814  0.515628  
0.338179  0.418658  
0.165108  0.593776  
0.87338  0.0654982  
0.400914  0.366906  
0.951424  0.0246462  
0.997022  0.00155177  
0.0407613  0.798198  
0.775358  0.119691  
0.380595  0.383145  
0.128452  0.641642  
0.0164387  0.872071  
0.710592  0.157065  
0.736342  0.141939  
0.000422018  0.979919  
0.903966  0.0493467  
0.723745  0.149495  
0.0469456  0.783528  
0.0686017  0.738157  
0.00625036  0.921149  
0.00413187  0.93588  
0.71994  0.151549  
0.661098  0.187494  
0.209218  0.542714  
0.457785  0.323971  
0.799487  0.106074  
0.873381  0.0654948  
0.128449  0.641618  
0.558512  0.252801  
0.269365  0.482434  
0.200727  0.552237  
0.668672  0.182306  
0.736333  0.141924  
0.203775  0.548635  
0.290061  0.461481  
0.0101452  0.899431  
0.0579652  0.75964  
0.0899539  0.701959  
0.00165777  0.959426  
0.0803756  0.716738  
0.33381  0.422278  
0.360384  0.39971  
0.868898  0.0679218  
0.390004  0.375544  
0.338159  0.418602  
0.886929  0.0583351  
0.113265  0.664184  
0.687652  0.170792  
0.12444  0.647325  
0.328796  0.426695  
0.132612  0.636013  
0.0508354  0.774606  
0.344504  0.41321  
0.272209  0.478325  
0.683258  0.173499  
0.538513  0.266181  
0.421275  0.35117  
0.966644  0.0168564  
0.0356797  0.811237  
0.936613  0.032302  
0.568627  0.24596  
0.0985629  0.686274  
0.351347  0.407293  
0.00768857  0.912408  
0.354504  0.404713  
0.025211  0.841288  
0.995611  0.00280674  
0.400879  0.366895  
0.0206155  0.85654  
0.107198  0.672715  
0.380553  0.383138  
1.00008  3.86127e-06  
0.101859  0.68114  
0.16188  0.59786  
0.414325  0.356373  
0.910783  0.0456626  
0.903859  0.0493356  
0.555645  0.25463  
0.234795  0.515539  
0.423807  0.350016  
0.0179078  0.866393  
2.90026e-06  1.00004  
0.238928  0.511379  
0.0298103  0.827671  
0.165094  0.593774  
0.71059  0.157056  
0.795072  0.108348  
0.705313  0.160355  
0.775354  0.119503  
0.15933  0.60599  
0.572985  0.243578  
0.246205  0.507173  
0.218426  0.532726  
0.372238  0.390012  
0.0164232  0.872015  
0.784953  0.114079  
0.288215  0.463285  
0.888986  0.0572024  
0.940194  0.0304156  
0.0870181  0.705654  
0.0534751  0.768824  
0.109759  0.668799  
0.403414  0.364891  
0.535322  0.268538  
0.0448315  0.788316  
0.951388  0.0246392  
0.0723185  0.731313  
0.0832361  0.711581  
0.00282808  0.946908  
0.0270751  0.835511  
0.0407566  0.798199  
0.0133279  0.884687  
0.0220481  0.851625  
0.464841  0.318768  
0.066432  0.742317  
0.000553768  0.977215  
0.124411  0.647321  
0.0979161  0.687462  
0.00282733  0.946905  
0.0133266  0.884679  
0.00768848  0.912386  
1.52264e-06  0.999999  
0.555641  0.254625  
0.736329  0.141917  
0.888916  0.0571964  
0.0164135  0.871973  
0.414288  0.356366  
0.269159  0.481673  
0.272201  0.478301  
0.886922  0.0583295  
0.0469134  0.78353  
0.0270727  0.835505  
0.200627  0.552199  
0.00612615  0.921946  
0.0407487  0.798187  
0.044832  0.788308  
0.0664258  0.742311  
0.238879  0.511366  
0.453715  0.327785  
0.0722973  0.731292  
0.444902  0.346963  
0.333811  0.422264  
0.873382  0.0654752  
0.0220341  0.85162  
0.868221  0.0685646  
0.53851  0.266179  
0.288207  0.463236  
0.000538326  0.977204  
0.132561  0.635991  
0.328774  0.42668  
0.372222  0.389985  
0.66866  0.182303  
0.951359  0.0246374  
0.572334  0.243569  
0.234786  0.51552  
0.799866  0.105797  
0.344436  0.413166  
0.403413  0.36489  
0.0297877  0.827571  
0.389974  0.375539  
0.351344  0.407282  
0.558498  0.252784  
0.0534675  0.768814  
0.0895637  0.701333  
0.354504  0.404645  
0.903848  0.0493297  
0.0206016  0.856548  
0.71993  0.151531  
0.0249352  0.842263  
0.795068  0.108344  
0.533884  0.271827  
0.940191  0.030382  
0.710586  0.157056  
0.165058  0.593772  
0.994974  0.00278192  
0.464729  0.318622  
0.911501  0.0454225  
0.723418  0.149478  
0.360377  0.399706  
0.209209  0.542702  
0.423123  0.349862  
0.568625  0.245948  
0.705263  0.160331  
0.107195  0.672614  
0.400862  0.366895  
0.218394  0.532704  
0.161854  0.597846  
0.683258  0.173455  
0.0803681  0.716668  
0.0589837  0.757928  
0.966632  0.0168542  
0.775348  0.119472  
0.457585  0.323647  
0.290059  0.461478  
0.00165553  0.95939  
0.78495  0.114057  
0.687633  0.170792  
0.0868939  0.705329  
0.128447  0.641615  
0.660929  0.187283  
0.050835  0.774597  
0.15879  0.605016  
0.936589  0.0322563  
0.338131  0.4186  
1.00003  3.25785e-06  
0.0101349  0.899428  
0.243676  0.507159  
0.0356724  0.811216  
0.380541  0.383134  
0.0686004  0.738154  
0.017891  0.866386  
0.113048  0.664062  
0.0832211  0.711555  
0.101847  0.681127  
0.203752  0.548633  
0.00413197  0.935874  
