3.81109  0.363178  0.318671  
0.292385  0.488994  5.12924  
4.01223  0.426627  1.5993  
2.12567  0.0323379  2.4613  
0.442147  2.62759  1.47353  
2.53795  0.239647  1.90309  
0.882227  0.182106  3.6019  
0.718342  1.46596  3.87901  
3.13966  0.223041  1.09408  
0.13272  2.95612  2.4041  
0.243019  0.0197959  5.13705  
2.56898  0.127397  1.31894  
1.87639  2.29789  2.1588  
0.431398  2.37553  3.42286  
0.00856431  0.15306  6.19494  
1.19273  3.45741  0.251276  
0.574426  0.294262  4.14696  
2.56514  1.03612  0.663386  
0.795702  0.904251  4.13091  
1.39048  1.9369  1.79465  
2.08627  2.16298  0.206785  
0.102355  3.64806  0.999775  
2.9782  0.460202  1.0458  
2.13479  2.43601  1.49885  
0.803801  1.2162  5.16091  
1.24999  0.296935  2.89397  
1.42711  2.3639  0.587311  
3.85546  0.240997  0.862629  
0.686945  1.0158  4.8955  
2.50417  0.10665  1.30996  
1.11383  1.74348  2.55987  
0.645758  0.0270004  5.20245  
3.27709  2.13168  1.49103  
2.31397  0.289217  1.7503  
2.88559  0.728824  0.461948  
1.19671  2.14559  3.73602  
1.94543  0.338278  1.94975  
2.06373  1.24401  2.89856  
1.84836  0.824358  0.639853  
0.951904  3.10845  0.340057  
1.11029  3.48914  1.12122  
2.53797  1.81951  1.64301  
1.02502  0.596544  5.06616  
1.08703  1.40738  3.43248  
1.74875  0.167526  4.30952  
0.609872  0.176708  3.59438  
3.80889  1.20296  1.36991  
0.860012  2.81294  2.95701  
3.18269  1.88586  1.83501  
0.278328  1.4065  4.04817  
0.553002  2.52113  2.83054  
1.27548  1.90577  2.95927  
0.143614  0.412242  5.27295  
1.60324  2.35386  0.659479  
0.45306  2.90565  1.07837  
1.06241  3.58611  0.502294  
1.99936  0.758303  4.49904  
3.64869  0.141509  0.88399  
3.46898  0.439452  0.833713  
1.6526  0.178253  3.55651  
2.59118  0.17292  1.7938  
2.08306  0.916416  0.745941  
0.340302  0.0801578  4.35676  
0.555466  0.00957129  5.09958  
0.921095  0.107599  3.12698  
0.626329  2.75298  0.456393  
0.592114  0.246263  3.72605  
1.66672  1.51514  3.92653  
0.856575  0.191829  3.2421  
0.0730498  0.0162712  4.57752  
0.932854  0.182009  4.06796  
0.363071  0.185752  5.84344  
5.25627  0.210601  0.0942157  
2.20068  0.685441  2.50255  
2.29575  0.799646  3.10763  
2.565  1.13735  0.626182  
2.70663  1.60388  2.60372  
2.19001  3.22282  1.53234  
0.165037  2.3675  1.68791  
0.495752  2.55286  3.05055  
0.362603  0.633486  4.15024  
0.447693  4.19917  0.616538  
1.38493  3.54051  0.950133  
0.11248  0.737378  3.18353  
0.649182  0.962156  4.93979  
2.27443  0.526101  0.717557  
1.63927  0.295001  2.9188  
0.439015  4.99867  0.279422  
0.177006  3.43281  2.89286  
0.931075  2.51309  0.113281  
0.205357  3.8413  1.72473  
0.404618  3.6657  1.71743  
0.959118  3.20505  0.0480413  
1.16264  2.1287  3.64618  
1.49137  0.608673  4.9712  
2.17599  0.961137  2.95189  
0.195231  1.04828  5.98919  
3.17287  1.92815  1.33869  
0.632024  1.26458  4.10118  
0.705561  2.58101  3.95517  
6.84781e-06  0.000135156  2.8468  
0.0732978  1.25433  4.49972  
6.23586  0.000439072  9.36605e-09  
0.134402  1.07668  5.9576  
0.073269  1.25384  4.49795  
0.620812  4.97327  1.313  
0.0844606  0.558541  4.53142  
0.469694  4.68652  1.72027  
1.59615  0.0640523  4.4307  
0.0020069  0.0381241  6.83341  
0.524389  0.0158729  4.54896  
0.000249773  1.41261  4.16133  
0.274427  4.73818  0.286158  
0.0145349  1.54753  3.87863  
0.251864  0.0115712  4.76353  
0.102996  3.0456  3.07377  
0.525619  4.47742  0.519561  
0.0096799  0.245319  4.19507  
2.15167e-05  0.000220125  4.84427  
0.194925  0.304091  3.52748  
1.20449  1.09521e-12  4.70529  
6.84989  1.12912e-05  0.00992419  
4.04007e-05  2.68179  0.741173  
1.07456  1.97167  0.674464  
3.47279  0.000172333  5.2159e-09  
0.229495  2.76011  0.0002075  
1.56019  0.388587  2.05978  
0.0238447  0.304579  2.25682  
3.10059  0.201525  1.01315  
5.17851  1.14986e-15  0  
2.77988  4.14069e-07  0  
3.36227  0  1.49315e-15  
2.6488e-09  5.56872  5.8734e-14  
2.12858  0.922107  2.10831e-06  
2.95218  0  0.196535  
6.81247e-06  0.000134459  2.8321  
0.337819  0  1.6964  
4.507e-09  3.86075  3.129e-14  
2.96989  3.03675e-13  1.05512e-14  
2.76511  2.39857e-11  1.03059e-09  
0.00644841  0.739224  2.49547  
2.36524  0.766515  2.91778e-05  
7.36871e-09  4.68793  4.68418e-15  
2.35162  0.0380727  0.653215  
2.58955e-16  3.12623  1.70381  
0  0  2.99246  
6.13176e-08  1.01185  7.88381e-11  
0.395043  2.26343  0  
0.828476  0.2278  0.0153529  
4.48406  3.65607e-12  0.355266  
4.99342e-07  4.08697  0  
3.86356e-15  3.83516e-15  2.8908  
6.34211e-13  6.69195e-13  1  
2.67  0.000440169  0.594799  
2.75672  0.00512093  2.07999  
0.00817708  3.35973  0  
3.29605  0.286411  1.16946  
2.59917  0  0.629867  
2.59315e-14  2.65533  0.000121257  
2.39414  1.88215  0.00528735  
7.29729e-12  2.13073  0.485196  
2.29946  3.66356e-05  0.770697  
2.90177e-16  1.75675  0.904391  
1.02683e-06  3.16884  1.27004e-13  
3.94319e-07  3.72763  1.15324e-06  
0.409108  0.0189951  2.45297  
0.773646  2.57041  0.000613778  
0  0  4.99894  
3.0047  0.0140115  1.67756  
0.0104331  2.37172  2.08705  
1.48915e-06  3.88342  2.25487e-10  
3.18256  1.0252  0.848671  
0.00228201  0.701677  2.55974  
3.2518  0.14415  1.36339  
3.40627  2.42013e-06  1.74053  
1.72328e-06  1.18729  2.52433  
6.68243e-17  2.6523e-17  3.51027  
1.53091  3.23041  5.28612e-15  
5.02858  1.24442e-12  0.00479043  
1.51867e-17  5.29858e-19  4.49157  
1.81058e-07  3.34998  2.05026  
5.08587  0.180949  0.229098  
6.0313e-15  0.179693  3.20691  
0.109946  4.6768  3.36239e-11  
0.257617  5.12944  5.98083e-16  
7.77439e-18  1.53527e-19  4.78745  
0.047105  0.327232  3.00215  
4.06606  0.437503  0.0282219  
0.351006  4.22151  0.00266513  
0.422251  0.011959  3.06937  
6.65094e-05  4.41488  1.22015  
6.21943  0.000437915  9.34136e-09  
0.000451982  0.000554821  3.88806  
0.154956  4.70096  0.00346062  
0.00949628  6.88823  0.0741313  
6.07021  0.0208416  1.00292  
0.995665  4.56136  2.47385e-10  
0.0726243  0.00178476  3.64639  
0  0  5.03166  
0.000236146  1.33554  3.85929  
3.23563  0  0  
1.40283e-12  4.70496  0.034201  
0.548853  4.05537  0.000479861  
0  0  3.09222  
2.95864e-07  3.7628  0.307798  
1.85605  0  0  
3.63505e-18  4.78963  0.180529  
0  5.16074  0.0119036  
0  5.50064  0.00638418  
2.215e-11  2.87333  1.72533  
6.22876e-18  4.54723  0.0092469  
0.201555  4.92861  0  
0  5.98148  0.00287829  
0  0  2.99775  
1.3824  1.92571  0.568994  
1.5338e-06  3.59169  0.0972868  
0.377895  2.62023  1.10736  
0.0263946  4.75677  0.000309193  
0.568737  2.67364  0.969338  
1.5195  2.17242  0.0428371  
8.77905e-09  0.520242  2.97199  
0.286865  2.60745  1.13847  
1.37641  1.23907  0.409493  
1.14935  1.45778  0.270132  
0.857857  2.17066  0  
9.55319e-06  5.96919e-05  2.3067  
0.671036  0.0596814  1.89953  
1.29757  1.31237  1.94277e-10  
2.73238e-10  0.303153  1.63103  
0.331345  1.44493  0.658007  
6.51004e-11  2.73183  5.46719e-10  
6.1843e-09  0.399589  1.41065  
0.0191177  0.00315538  2.02393  
1.00187  0.143226  0.500137  
2.05212e-19  3.7855  0.0647251  
2.60396e-05  1.78254  0.0743453  
0  1.2903  1.47292  
0  2.45512  0.39017  
0.296338  0.0263561  0.858081  
4.55265e-09  1.80934  0.0484766  
0.435774  0.628518  0  
1.14806e-14  1.11666  1.39621  
0.65782  1.89156  0.0362076  
1  0  0  
1.27914  1.46916  0.211043  
3.02941e-19  1.86276  0  
1.42892e-17  0.944762  0.0552477  
0  2.14681  1.22516  
1.34094e-14  3.58421e-14  1  
0  0  1.93488  
0.592918  2.03555  1.00483e-05  
0.237023  1.75132  8.95399e-07  
5.03735e-10  1.82037  0.0373672  
5.77557e-17  0.400001  1.49201  
1.85056  0  0  
0  3.63093  1.32563e-05  
2.65117e-20  0.531118  1.27467  
0.328795  2.42941  0.000287465  
4.03795e-15  3.30574  0  
7.08846e-15  1.53519e-14  1.86752  
1.18942e-19  2.1941  0.542107  
0  3.2377  0.380983  
1.24158  1.91582  6.36157e-05  
0  0  2.82445  
6.92382e-10  2.64865  0.0717431  
9.13872e-09  3.63196  0.0202349  
3.84906e-16  1.99754  0.578834  
1.61742e-09  2.22264  0.505625  
0.00824489  1.48763e-05  2.69908  
1.28608  1.98449  1.36764e-07  
5.65004e-15  2.50621  0.170988  
4.04506e-19  2.48727  0.283546  
2.56027e-18  4.19132  0  
0.743842  2.56496  0.116678  
0  1.81303  2.58456  
2.55556e-18  3.36727  0.126918  
0  4.8186  0.00216787  
0.191665  3.95816  3.32588e-08  
0  4.3496  0.00251146  
0  4.26293  0.00983274  
0  2.74733  0.490938  
0.27792  2.29759  1.2562  
0.292762  3.0859  0.037645  
0.000614241  0.610369  2.28049  
1.85428  0  0  
7.44954e-11  2.1584  1.29604  
1.21012  1.41639  0.582563  
1.23794e-05  7.73513e-05  2.98912  
1.02525  2.3164  0  
1.41115  0.823298  1.25993  
1.58352e-19  2.92107  0.687347  
1.45102  1.37041  0.108317  
1.32554e-14  3.03187  0.509379  
0.000165445  1.76553  2.00799  
1.00323e-06  2.70764  0.984295  
1.41623  1.70554  0.0761312  
1.6196e-11  3.51105  0.160025  
5.00836e-11  4.3373  0.00361902  
0.429541  3.43946  0.000250099  
3.19771e-16  3.31169  0.396303  
1.031  0.0309809  1.43845  
1.21223  1.7484  0.00804999  
0.754068  1.95315  0.535827  
0.0197752  4.09505  0.0991775  
0  2.19226  1.15255  
1.81696  0  0  
0  0  1.73263  
1.06955  1.22983  0.17037  
0  2.54959  0.641061  
1.49255  1.43137  1.82762e-06  
0  0  1.73096  
0  2.73722  0.188459  
3.25864e-06  1.27686  1.16176  
1.02122  1.16726  0.106301  
0.495883  0.0191908  1.39602  
1.06837  1.55197  0  
0.727102  2.11364  0.068469  
1.49995  0.802212  0.0863193  
0.00144854  0.581222  1.5764  
7.03789e-08  2.14148  0.629937  
0.677817  1.75564  0.514019  
1.21978  1.27403  0.000413323  
0.890622  1.02293  0.141782  
3.51089e-16  1.71639  0.578132  
1.67995  0  0  
1.06171e-08  2.46243  1.4388e-05  
0.513342  1.42269  0.109013  
0.794662  0.463625  0.711737  
0.621835  1.57345  0  
1.03864  0.148482  0.518491  
0.451383  0.0174686  1.27074  
6.3173e-17  3.85293e-15  1.63039  
1.04271  0.61344  4.12897e-06  
6.60648e-18  2.40281  0.051279  
1.08001e-16  2.09064  0.0504837  
7.20144e-09  0.200381  1.39252  
1.67502  0  0  
0.428978  1.11769  0.300257  
2.2731e-18  1.69632  0.16466  
1.32101e-14  3.60415e-14  1  
0  0.638645  1.09767  
1.05279e-17  0.486328  1.36573  
5.1348e-18  1.57154  0.131701  
0.480463  0.042732  1.39122  
0  2.39753  0  
0  0.465891  0.539181  
0  1.90407  0.465835  
1.56047e-18  1.3519  0.35579  
1  0  0  
0.430457  0.620849  0  
2.16479e-17  1  1.76637e-13  
0.623763  0.0891724  0.311385  
0.972694  0.563954  0.107611  
0.845029  1.2192  1.15098e-07  
0.261405  0.0232492  0.756923  
0  0.874776  1.3658  
0.284418  0.736685  0.215687  
0.0702924  0.265953  0.807699  
2.24151e-06  1.6781  0  
0.000320978  1.26531  0.787589  
0  0  1  
1.98084e-17  1.83461  0  
0  1.74123  0.881449  
0  2.17122  0.0169391  
2.91834e-19  1.97991  0.402139  
0.108929  0.412137  1.25468  
1.2428  0.10713  0.607349  
1.02278  0.596769  0.0377908  
0.437115  1.53984e-05  1.31119  
0.440809  0.0680384  1.24904  
0.82448  1.04515  0.193717  
6.91223e-10  1.18221  1.0076  
0.551761  1.83141  0.00691203  
5.75306e-05  0.158849  1.49855  
0  1.64056  0.756847  
1.0001  1.04458  2.92732e-06  
0.50779  1.46734  0.198933  
0.58555  1.70216  0.0551396  
0  2.6854  1.78883e-14  
6.06575e-10  2.65163  3.57731e-06  
0.880652  1.27017  2.38789e-16  
2.04846e-17  2.21923  0.267155  
0  1.55745  1.01304  
0.0485923  3.25788  0  
0  0  1.67729  
0  3.52113  0  
1.00747  1.45308  0  
7.66045e-19  1.83068  0.636672  
0  2.26501  0.118608  
0  1.86278  0.669864  
1.50653e-18  0.600322  1.39634  
0.958304  1.09494  0.155538  
1.4462e-05  3.62906e-06  1.73069  
0.0100646  2.28262  0.420321  
1.36348e-06  1.30626  1.06956  
0.000224538  2.8661  0.00779357  
1.28139  0.183187  0.639678  
0.797804  2.01871  0  
1.06582  0.938005  0.282263  
3.41939e-18  2.55175  0.214336  
0.424507  1.10604  0.299092  
0  1.98692  0.0768252  
0.53723  1.35693  0  
4.55654e-05  0.000958949  1.74871  
1.49998  1.5626e-08  0  
0.00110122  1.21405  0.735982  
0.953474  0.136308  0.47654  
0.807043  1.164  1.1594e-07  
1.1426  1.19342  0  
0.853169  6.17729e-07  1.23984  
1.44658  0.0159163  0.800249  
0  0.726901  1.12051  
1.27377  0.103274  0.619547  
0  2.06458  0  
0.740401  1.84041e-05  1.20375  
0.0566282  0.706681  1.06531  
0.75702  0.00754391  1.08419  
0.742653  1.07113  1.65564e-07  
0  1.50447  0.533489  
1.19468  0.0170283  0.666386  
0  0.564403  1.1568  
1.15787  0.6645  0.00951625  
0.556447  0.32262  0.721848  
0.368052  1.07227  4.79723e-16  
0.917258  0.13113  0.457807  
0  0  1.45686  
0  1.45807  0  
0  0.811635  0.773272  
1.45413  0  0  
0.716062  0.747909  0  
0.000355335  0.000757337  1.06141  
0  0.997584  0.487021  
0.618979  0.893221  0  
0.668785  1.20809e-07  0.960913  
0.673629  0.590961  0.178454  
0.614212  2.5635e-05  0.998604  
1.18185e-09  0.564351  0.870801  
0.61354  0.88491  8.81416e-08  
1.36897e-18  1.99067e-17  1.42171  
0  1.01827  0.441594  
0.426088  0.614548  0.00015672  
0.631725  0.659821  0  
0  0.768159  0.968667  
0.963313  0.078103  0.468546  
0.359209  1.01382  0.0606644  
0.368672  0.954913  0.277999  
2.35077e-21  0.130602  0.869398  
0  0.53171  0.46829  
0.621387  0.0888328  0.310209  
1  0  0  
0.695513  1.00358  7.17061e-09  
0.973491  0.0292242  0.50618  
0.259673  0.0230951  0.751906  
0  1.04418  0  
0.373078  0.0331812  1.08028  
0.392889  0.995463  0  
0.245329  0.635437  0.184992  
0  1.01962  0.6704  
1.06048  0.0001062  0.588873  
1.00159e-08  0.900405  0.542174  
0.664905  0.385502  0.0727163  
0.441281  0.00439749  0.633644  
7.11027e-11  0.118211  1.35169  
0.000303583  1.18729  0.30531  
0.0678492  0.256709  0.779626  
0  1.4333  0.323238  
0  0  1  
2.12938e-13  1.02002  0.323959  
0.63403  7.7802e-07  0.918517  
0.35  0.911914  0.245781  
0  0.334814  1.09739  
1.01143  0.574805  4.13089e-07  
0.639406  0.0065421  0.918377  
2.99919e-13  1.30536  0.381785  
0.606412  0.755894  0.152154  
0  0.651522  0.825195  
2.6754e-09  0.405376  0.996855  
0  0.868769  0.626504  
0.964336  0.559108  0.106687  
0.334912  1.11577  1.61058e-16  
0.625022  0.901471  0.00022989  
0.747559  0.436144  0.669549  
0.652746  0.749715  0.10345  
0.373612  4.49791e-09  1.1193  
0.355952  1.08769  3.98234e-08  
0  0.2633  1.18129  
1.00998  0.622246  0.0982353  
0  0.060324  1.38059  
3.85425e-12  0.0303066  1.41658  
1.23585  0.711994  3.09751e-07  
0.445185  1.96131e-10  1.33373  
0.441623  1.32076e-09  1.32305  
0.392998  1.16958  0  
0  0  1.45507  
3.12482e-19  9.32622e-20  1.42958  
1.47566  0  0  
0.669151  0.76382  0.112387  
0  1.74773  0.00347931  
0.927665  0.132618  0.463108  
0.418138  1.27567  0  
0  0.188709  0.811291  
0  0.48042  0.51958  
0.502991  0.524775  0  
0  0.267087  0.732913  
0  0.235544  0.764456  
0  0.143799  0.856201  
0  0.336397  0.663603  
0  0.0503575  0.949643  
0  0.126138  0.873862  
0  0.881928  0.118072  
0  0.546115  0.453885  
0  0.438079  0.561921  
0  0.0319211  0.968079  
0  0.274354  0.725646  
0  0.389381  0.61062  
0  0.925983  0.0740172  
0  0.395782  0.60422  
0  0.895894  0.104106  
0  0.358855  0.641147  
0  0.0627277  0.937272  
0  0.731953  0.268047  
0  0.523344  0.476656  
0  0.910698  0.0893017  
0  0.631544  0.368456  
0  0.0774262  0.922574  
0  0.377374  0.622626  
0  0.0937069  0.906293  
0  0.219676  0.780324  
0  0.766648  0.233352  
0  0.507509  0.492491  
0  0.284143  0.715857  
0  0.344493  0.655508  
0  0.17376  0.82624  
0  0.621194  0.378806  
0  0.557906  0.442094  
0  0.654041  0.345959  
0  0.598586  0.401414  
0.42669  0.531871  0.107061  
0  0.406481  0.593519  
0  0.98428  0.0157203  
0  0.110623  0.889377  
0  0.492311  0.507689  
0  0.328041  0.671959  
0  0.313568  0.686432  
0  0.694413  0.305587  
0  0.367288  0.632712  
0.520808  1.03328e-07  0.540945  
0  0.710351  0.289649  
0.456601  0.255687  0.395487  
0  0.414039  0.585961  
0  0.582106  0.417894  
0  0.568907  0.431093  
0.610578  0.354033  0.0676261  
0  0.865455  0.134545  
0  0.250067  0.749933  
0  0.422297  0.577703  
0.712077  0.13685  0.275246  
0  0.750158  0.249842  
0  0.721771  0.278229  
0.690048  0  0.389525  
0.423109  0.610251  0.000172302  
0.679827  0.167897  0.227279  
0  0.781728  0.218272  
0  0.67186  0.32814  
0  0.848942  0.151058  
0  0.941079  0.0589209  
0.648897  0.37481  0.000408573  
0  0.956104  0.0438964  
0  0.453334  0.546666  
0  0.298863  0.701137  
0  1  0  
0  0.593238  0.406762  
0  0.517566  0.482434  
0  0.531575  0.468425  
0  0.9708  0.0291999  
0.258271  0.0229704  0.747846  
0.464507  0.533512  0.0741732  
0  0.159335  0.840665  
0.49104  0.430641  0.13013  
0  0.816402  0.183598  
0.418406  0.00416953  0.600796  
0  0.467386  0.532614  
0  0.833878  0.166122  
0.238381  0.617442  0.17986  
0.267796  0.796296  2.33103e-08  
0.295683  0.749173  0.000117656  
0.695295  0.0563727  0.338184  
0  0.609463  0.390537  
0.410147  4.55355e-17  0.666578  
0  0.430942  0.569058  
0  0.202453  0.797547  
0  0.798109  0.201891  
0.698677  0.339538  0.0599295  
0.389535  0.223688  0.506051  
0.621387  0.0888328  0.310209  
0  0.0136505  0.98635  
0  0.499893  0.500107  
0  0  1  
0  0.681154  0.318846  
1  0  0  
0  0.770583  0.229417  
0.607327  0.352148  0.067266  
0.440585  0.246719  0.381614  
0  0.910657  0.0893434  
0.638806  0.313334  0.126166  
0  0.512054  0.487946  
0.292605  0.741375  0.000437317  
0.417798  0.520786  0.104829  
0  0.126259  0.873741  
0  0.523781  0.476219  
0  0.785537  0.214463  
0  0.273169  0.726831  
0  0.412301  0.587699  
0  0.0796126  0.920387  
0  0.544955  0.455045  
0  0.712375  0.287625  
0.450403  0.517312  0.071921  
0.658678  0.162698  0.220215  
0  0.534341  0.465659  
0  0.879986  0.120014  
0.368701  0.211704  0.478969  
0  0.801253  0.198747  
0  0.0203828  0.979617  
0.655431  0.125964  0.25335  
0  0.232319  0.767681  
0  0.367393  0.632607  
0  0.740939  0.259061  
0  0.624784  0.375216  
0.419191  0.604789  0.000157585  
0  0.669781  0.330219  
0.671167  0  0.378867  
0  0.816985  0.183015  
0  0.0101596  0.98984  
0  0.344607  0.655393  
0  0.555562  0.444438  
0  0.0349016  0.965098  
0  0.434321  0.565679  
0  0.390016  0.609984  
0  0.309585  0.690415  
0  0.333085  0.666915  
0  0.864346  0.135654  
0  0.455648  0.544352  
0.260819  0.775552  0.000126331  
0  0.577483  0.422517  
0  0.56642  0.43358  
0.678669  0.329814  0.058253  
0.656597  0.0532353  0.319362  
0  0.110486  0.889514  
0  0.423424  0.576576  
0  0.0498243  0.950176  
0  0.9558  0.0442002  
0  0.172786  0.827214  
0.395181  0  0.642254  
0  0.941078  0.0589218  
0  0.895355  0.104645  
0  0.970622  0.0293776  
0  0.40106  0.59894  
0  0.500173  0.499827  
0  0.654883  0.345117  
0  0.0948783  0.905122  
0  0.260879  0.739121  
0.415644  0.00414201  0.596831  
0  0.832899  0.167101  
0  0.0646196  0.93538  
0  0.157432  0.842568  
0  0.488696  0.511304  
0  0.297744  0.702256  
0  0.285492  0.714508  
0  0.37881  0.62119  
0  0.848725  0.151275  
0.648802  0.374755  0.000406136  
0  0.98531  0.0146903  
0.258194  0.0229558  0.747603  
0  0.755831  0.244169  
0  0.698468  0.301532  
0  0.246513  0.753487  
0.502991  0.524775  0  
0  1  0  
0  0.609457  0.390543  
0.237034  0.613953  0.178844  
0.511857  2.46586e-05  0.531674  
0  0.477587  0.522413  
0  0.142048  0.857952  
0  0.217646  0.782354  
0  0.639947  0.360053  
0.481725  0.422472  0.127662  
0  0.925903  0.0740971  
0  0.726769  0.273231  
0  0.466445  0.533555  
0  0.444964  0.555036  
0  0.321566  0.678434  
0  0.598893  0.401107  
0  0.356106  0.643894  
0  0.684542  0.315458  
0  0.588306  0.411694  
0  0.202925  0.797075  
0.621387  0.0888328  0.310209  
0  0  1  
0  0.187938  0.812062  
1  0  0  
1  0  0  
0  0.802272  0.197728  
0.662358  0.321497  0.0568304  
0.412218  0.513831  0.103429  
0  0.499643  0.500357  
0.259414  0.771373  9.15523e-16  
0  0.487911  0.512089  
0  0.533776  0.466224  
0.61347  0.288509  0.133742  
0  0.910468  0.0895322  
0.394559  0  0.641244  
0  0.577032  0.422968  
0  0.742094  0.257906  
0.236041  0.61138  0.178094  
0.61334  0.300843  0.121137  
0  0.309352  0.690648  
0  0.544863  0.455137  
0.604491  0.350504  0.0669519  
0  0.587442  0.412558  
0  0.895248  0.104752  
0  0.32125  0.67875  
0  0.727407  0.272593  
0  0.246098  0.753902  
0  0.0784422  0.921558  
0  0.608522  0.391478  
0  0.333027  0.666973  
0  0.669111  0.330889  
0.647897  0.160035  0.21661  
0.662932  0  0.374055  
0  0.402378  0.597622  
0  0.597946  0.402054  
0  0.654257  0.345743  
0  0.638818  0.361182  
0  0.712555  0.287445  
0.365535  0.209885  0.474855  
0  0.110122  0.889878  
0  0.623649  0.376351  
0.65612  0.0531965  0.31913  
0  0.297368  0.702632  
0  0.0122646  0.987735  
0.440709  0.506178  0.070373  
0  0.511234  0.488766  
0.64734  0.373911  0.000405221  
0.26073  0.0168422  0.762112  
0  0.757034  0.242966  
0  0.451865  0.548135  
0  0.273146  0.726854  
0  0.817434  0.182566  
0  0.555854  0.444146  
0  0.390446  0.609554  
0  0.157137  0.842863  
0  0.172483  0.827517  
0.418253  0.603436  0.000134218  
0  0.187735  0.812265  
0  0.464049  0.535951  
0  0.439589  0.560411  
0  0.414523  0.585477  
0.437432  0.244953  0.378904  
0  0.955553  0.0444471  
0  0.772056  0.227944  
0  0.879892  0.120108  
0  0.683634  0.316366  
0  0.970411  0.0295886  
0  0.0943939  0.905606  
0  0.52258  0.47742  
0  0.864361  0.135639  
0  0.787046  0.212954  
0  0.231638  0.768362  
0  0.0462145  0.953786  
0.478891  0.419986  0.126911  
0  0.378856  0.621144  
0  0.566651  0.433349  
0.507135  2.44311e-05  0.526769  
0.258194  0.0229558  0.747603  
0.652084  0.12532  0.252057  
0  0.202517  0.797483  
0  0.260672  0.739328  
0  0.126259  0.873741  
0  1  0  
0  0.698037  0.301963  
0  0.940704  0.0592958  
0  0.0621632  0.937837  
0  0.476128  0.523872  
0  0.427081  0.572919  
0  0.344588  0.655412  
0  0.848725  0.151275  
0.415108  0.00413667  0.596061  
0  0.141802  0.858198  
0  0.925612  0.0743875  
0.502526  0.52429  0  
0.292605  0.741375  0.000437317  
0  0.356063  0.643937  
0  0.285268  0.714732  
0  0.217186  0.782814  
0  0.0293081  0.970692  
0  0.98531  0.0146903  
0  0.36747  0.63253  
0.621387  0.0888328  0.310209  
0  0  1  
0  0.833198  0.166802  
0  0.427302  0.572698  
0  0.80275  0.19725  
0.605541  0.297017  0.119596  
0.245073  0.652084  0.166217  
0  0.6209  0.3791  
0  0.603039  0.396961  
0  0.475791  0.524209  
0  0.818192  0.181808  
0  0.0452916  0.954708  
0  0.172062  0.827938  
0  0.41531  0.58469  
0  0.216918  0.783082  
0  0.591023  0.408977  
0  0.653453  0.346547  
0  0.321043  0.678957  
0  0.355981  0.644019  
0  0.125745  0.874255  
0  0.697962  0.302038  
0  0.757121  0.242879  
0  0.92534  0.0746604  
0  0.403099  0.596901  
0  0.894953  0.105047  
0  0.970366  0.0296337  
0  0.246127  0.753873  
0.498611  0.520205  0  
0  0.683287  0.316713  
0  0.668381  0.331619  
0.64612  0.159596  0.216016  
0  0.451616  0.548384  
0.65504  0  0.369602  
0  0.260643  0.739357  
0.604965  0.28451  0.131888  
0  0.141455  0.858545  
0  0.91022  0.0897798  
0  0.077898  0.922102  
0  0.576828  0.423172  
0  0.511108  0.488892  
0.256176  0.76196  0  
0  0.833562  0.166438  
0.365535  0.209885  0.474855  
0  0.187429  0.812571  
0  0.864319  0.135681  
0.64513  0.123984  0.249369  
0  0.379389  0.620611  
0  0.637238  0.362762  
0.502878  2.42261e-05  0.522348  
0.604389  0.350444  0.0669405  
0  0.309116  0.690884  
0  0.0616502  0.93835  
0  0.985205  0.0147946  
0.620323  0.0886807  0.309677  
0.289908  0.734541  0.000509552  
0  0.297059  0.702941  
0  0.439486  0.560514  
0  0.879582  0.120418  
0  0.0122266  0.987773  
0.257725  0.0229142  0.746245  
0  0.332852  0.667148  
0  0.772056  0.227944  
0  0.0940433  0.905957  
0  0.848938  0.151062  
0.236041  0.61138  0.178094  
0  0.522555  0.477445  
0.409619  0.510592  0.102777  
0.653716  0.0530017  0.317961  
0  0.36767  0.63233  
0  0.231638  0.768362  
0  0.742195  0.257805  
0.418156  0.603296  0.000136955  
0  0.272811  0.727189  
0  0.463782  0.536218  
0  0.533776  0.466224  
0.436923  0.244488  0.378364  
0  0.727407  0.272593  
0  0.202128  0.797872  
0.393435  0  0.639417  
0  0.487657  0.512343  
0  1  0  
0  0.391187  0.608813  
0.258684  0.0166085  0.755853  
0  0.109904  0.890096  
0  0.566226  0.433774  
0  0.955553  0.0444471  
0  0.344449  0.655551  
0  0.156915  0.843085  
0.415108  0.00413667  0.596061  
0  0.940479  0.0595214  
0  0.49952  0.50048  
0  0.787438  0.212562  
0.440106  0.505486  0.0702768  
0  0.712654  0.287346  
0.644168  0.372078  0.000403235  
0  0.54452  0.45548  
0.478891  0.419986  0.126911  
0  0.555282  0.444718  
0  0.0289221  0.971078  
0.658259  0.319668  0.056488  
0  0  1  
0  0.284928  0.715072  
1  0  0  
1  0  0  
0  0.757138  0.242862  
0  0.548934  0.451066  
0.602523  0.295537  0.119  
0  0.538004  0.461996  
0  0.325231  0.674769  
0  0.0295894  0.970411  
0.620014  0.0886364  0.309523  
0  0.273768  0.726232  
0.359887  0.206642  0.467518  
0  0.377698  0.622302  
0  0.186983  0.813017  
0  0.559292  0.440708  
0  0.156712  0.843288  
0.602829  0.34954  0.0668068  
0  0.580071  0.419929  
0.235179  0.624242  0.162564  
0.288924  0.732048  0.000507822  
0.271345  3.0582e-05  0.80382  
0  0.666381  0.333619  
0  0.488425  0.511575  
0  0.0452548  0.954745  
0  0.569522  0.430478  
0  0.364821  0.635179  
0  0.772362  0.227638  
0  0.985151  0.0148494  
0  0.970255  0.0297452  
0  0.463749  0.536251  
0  0.415106  0.584894  
0  0.86434  0.13566  
0.649965  0  0.366738  
0  0.526234  0.473766  
0  0.0147293  0.985271  
0.257082  0.022857  0.744319  
0  0.28596  0.71404  
0  0.513653  0.486347  
0  0.80275  0.19725  
0  0.125538  0.874462  
0.651253  0.0528019  0.316784  
0  0.0776444  0.922356  
0  0.201948  0.798052  
0  0.590891  0.409109  
0  0.451616  0.548384  
0.64513  0.123984  0.249369  
0  0.338454  0.661546  
0  0.427302  0.572698  
0  0.727417  0.272583  
0  0.351743  0.648257  
0  0.141056  0.858944  
0  0.390533  0.609467  
0.288757  0.71015  0.0220697  
0  0.298748  0.701252  
0  0.0614738  0.938526  
0.390827  0  0.635179  
0  0.787564  0.212436  
0  0.246182  0.753818  
0  0.635337  0.364663  
0  0.311902  0.688098  
0.654931  0.318052  0.0562024  
0  0.682281  0.317719  
0.236039  0.611376  0.178093  
0  0.940377  0.0596234  
0  0.216699  0.783301  
0  0.833562  0.166438  
0.41704  0.601687  0.00013659  
0  0.402997  0.597003  
0  0.501106  0.498894  
0  0.603462  0.396538  
0  0.697455  0.302545  
0.498611  0.520205  0  
0.499855  3.68624e-06  0.519322  
0  0.439462  0.560538  
0  0.879582  0.120418  
0  0.818191  0.181809  
0.645922  0.159547  0.21595  
0.642788  0.371281  0.000402371  
0  0.742195  0.257805  
0  0.171913  0.828087  
0  1  0  
0.255849  0.760985  0  
0  0.65112  0.34888  
0  0.109904  0.890096  
0  0.475971  0.524029  
0  0.231448  0.768552  
0.439097  0.504326  0.0701156  
0  0.849125  0.150875  
0.415108  0.00413667  0.596061  
0  0.894953  0.105047  
0  0.955312  0.0446881  
0  0.0938412  0.906159  
0.604965  0.28451  0.131888  
0  0.712654  0.287346  
0  0.261013  0.738987  
0  0.619437  0.380563  
0.478891  0.419986  0.126911  
0  0.91022  0.0897798  
0  0.925314  0.074686  
0.431937  0.24172  0.374128  
0  0  1  
0.407013  0.507343  0.102123  
0.416505  0.600915  4.31586e-05  
0  0.513258  0.486742  
0.262161  6.35807e-08  0.777227  
0  0.427277  0.572723  
0.287875  0.729389  0.000505978  
0.49655  0.518056  0  
0  0.217036  0.782964  
0  0.940102  0.0598977  
0  0.140843  0.859157  
0  0.389665  0.610335  
0  0.31283  0.68717  
0  0.742213  0.257787  
0.235818  0.610802  0.177926  
0  0.376961  0.623039  
0  0.0306992  0.969301  
0  0.925005  0.0749947  
0.648675  0  0.366011  
0  0.300386  0.699614  
0.641362  0.370457  0.000401478  
0  0.570615  0.429385  
0  0.593261  0.406739  
0  0.415079  0.584921  
0  0.2637  0.7363  
0  0.500886  0.499114  
0  0.525443  0.474557  
0  0.364343  0.635657  
0  0.0151937  0.984806  
0  0.818175  0.181825  
0  0.325402  0.674598  
0.255553  0.760106  0  
0  0.849157  0.150843  
0  0.125483  0.874517  
0.438193  0.503289  0.0699713  
0  0.833589  0.166411  
0  0.537573  0.462427  
0.415069  0.00413628  0.596006  
0  0.351548  0.648452  
0  0.727195  0.272805  
0.357785  0.205436  0.464788  
0  0.666193  0.333807  
0  0.581786  0.418214  
0  0.451616  0.548384  
0.2869  0.705581  0.0218509  
0  0.247935  0.752065  
0  0.970128  0.0298719  
0  0.559535  0.440465  
0.653495  0.317354  0.0560791  
0  0.171352  0.828648  
0  0.635533  0.364467  
0  0.402366  0.597634  
0  0.650927  0.349073  
0.618899  0.0884771  0.308966  
0  0.681664  0.318336  
0.642968  0.158817  0.214962  
0  0.0937864  0.906214  
0  0.476057  0.523943  
0  0.046004  0.953996  
0.390818  0  0.635164  
0  0.488511  0.511489  
0  0.10969  0.89031  
0  0.338454  0.661546  
0  0.0618693  0.938131  
0  0.2758  0.7242  
0  0.985151  0.0148494  
0  0.156227  0.843773  
0  0.86434  0.13566  
0  0.463749  0.536251  
0.650267  0.052722  0.316304  
0  0.787564  0.212436  
0  0.697058  0.302942  
0  0.548569  0.451431  
0.477594  0.418849  0.126567  
0.234376  0.622109  0.162009  
0.604477  0.28428  0.131781  
0  0.909879  0.0901214  
0  0.604678  0.395322  
0  0.0778901  0.92211  
0  0.879645  0.120355  
0  0.186535  0.813465  
0  0.712083  0.287917  
0  1  0  
0  0.439462  0.560538  
0  0.201704  0.798296  
0  0.955201  0.0447991  
0  0.757311  0.242689  
0.255084  0.0226794  0.738535  
0  0.62019  0.37981  
0.602829  0.34954  0.0668068  
0  0.28802  0.71198  
0.64513  0.123984  0.249369  
0  0.772362  0.227638  
0.602523  0.295537  0.119  
0  0.23239  0.76761  
0.499855  3.68624e-06  0.519322  
0  0.894769  0.105231  
0  0.802752  0.197248  
0.431937  0.24172  0.374128  
0  0  1  
0.407013  0.507343  0.102123  
1  0  0  
