1.63722  8.20583e-32  3.96648e-14  
2.13964  2.26407e-80  1.00608e-15  
1.84088  5.16582e-34  1.86308e-14  
1.79641  1.81877e-39  1.68375e-107  
2.02337  0.0759121  3.61386e-106  
1.82402  2.15087e-85  3.48398e-25  
1.71834  4.16319e-93  5.99347e-20  
2.1769  3.35283e-87  2.79453e-11  
1.71465  1.13302e-24  0.00027179  
1.88621  1.96509e-10  1.04241e-12  
1.52145  3.24212e-26  2.05907e-25  
1.85938  8.79953e-10  1.68195e-20  
1.90062  2.92843e-51  2.65266e-48  
1.75213  9.5591e-33  2.72496e-05  
1.70481  3.83538e-20  2.47659e-58  
2.08325  6.08441e-126  8.12346e-06  
1.84569  0.000259704  1.89052e-29  
1.52757  1.7111e-24  4.08545e-23  
1.78627  1.84791e-26  1.45811e-21  
2.10403  2.54419e-92  1.72681e-104  
1.87956  4.27663e-13  2.26493e-09  
2.13054  8.48354e-96  8.07132e-72  
1.50853  1.55217e-150  1.90164e-134  
1.29923  0.742739  2.31026e-87  
1.44238  6.08533e-27  1.197e-39  
1.70966  4.1694e-74  1.04933e-41  
2.03038  6.89301e-75  1.70402e-58  
1.75514  0.00127838  2.35934e-18  
2.22674  1.12202e-88  6.28121e-67  
1.42955  2.04619e-33  1.99028e-09  
0.346642  1.33156  1.79064e-29  
1.75158  3.38177e-15  0.00147665  
1.88341  3.47298e-83  3.95831e-06  
1.47248  4.05284e-42  0.146743  
1.51006  4.30436e-86  0.606833  
1.86795  3.61928e-14  6.3249e-33  
2.12321  8.9158e-19  2.30323e-08  
2.09901  1.8151e-19  5.1694e-123  
1.86107  6.51838e-189  5.21186e-13  
1.80617  4.9694e-43  3.90804e-31  
1.7478  2.17329e-19  8.37712e-10  
1.57999  0.256082  1.20368e-10  
1.63286  5.32894e-16  9.32384e-185  
1.94262  1.61851e-10  1.45011e-08  
1.93718  3.94418e-24  8.15922e-43  
1.97514  8.03754e-10  6.26007e-270  
1.63675  8.25236e-114  5.04709e-42  
1.53041  8.87048e-20  1.36358e-13  
2.19533  1.61648e-11  1.17332e-07  
1.94315  1.66628e-51  3.49473e-05  
2.22691  1.60415e-114  5.23201e-29  
1.55515  4.57263e-40  6.10643e-17  
1.73828  4.31883e-50  2.91095e-22  
2.26767  5.49653e-07  2.83673e-98  
1.7782  2.96359e-87  1.59078e-26  
2.09208  1.11281e-09  3.89167e-256  
1.74011  2.86916e-11  6.33153e-66  
1.71196  2.24006e-28  4.21208e-23  
1.9896  1.82078e-76  2.12771e-39  
1.53805  4.7162e-13  7.86456e-26  
1.89645  6.33748e-112  0.000285914  
2.3467  8.15947e-62  1.76173e-47  
1.95396  4.55231e-27  7.17235e-60  
1.86078  7.04173e-38  5.48371e-44  
1.74191  1.28943e-162  0.725169  
1.60914  1.41649e-23  1.44282e-63  
1.73671  2.74486e-20  1.04046e-16  
1.73367  5.86425e-14  1.28709e-21  
1.53045  3.90546e-87  2.80265e-08  
1.92087  1.44462e-05  4.13237e-22  
1.65646  7.65662e-98  2.93155e-188  
1.65672  6.60228e-24  4.74474e-05  
1.93849  2.21951e-28  4.10496e-71  
1.60019  7.78623e-19  1.66316e-17  
1.98664  2.17476e-11  0.0126318  
2.03764  2.6757e-99  2.45284e-142  
1.96503  6.61867e-106  8.60818e-34  
1.66134  4.94798e-33  3.59818e-107  
1.90362  0.682733  1.81536e-12  
1.38325  9.50697e-09  2.03963e-16  
1.73664  2.63544e-10  5.3585e-15  
2.0283  0.000245621  3.58306e-17  
1.72907  3.79506e-25  1.53159e-72  
1.86568  0.000221876  1.35669e-39  
1.69936  3.8437e-33  7.29245e-05  
2.10033  2.38036e-05  3.44001e-11  
2.17231  8.80681e-160  8.75285e-56  
1.93079  8.37885e-22  1.6776e-94  
2.05566  3.62179e-95  3.81269e-104  
2.0741  0.00225577  7.99098e-21  
1.67621  1.23056e-18  7.79051e-58  
1.97713  1.58243e-30  3.16527e-24  
1.8193  6.91827e-12  1.37143e-25  
1.6088  1.45814e-11  6.87733e-62  
1.9414  6.81167e-34  2.07417e-85  
1.6631  2.13892e-38  8.91283e-37  
1.63815  1.21308e-95  1.1564e-23  
2.08332  1.67224e-60  7.99474e-60  
1.89703  2.69306e-87  5.03471e-20  
2.12122  5.60078e-24  8.02612e-06  
2.19899  2.68353e-110  4.24929e-86  
2.064  1.06385e-169  0  
2.36955  2.58442e-87  0.00068966  
2.26784  1.1554e-122  9.33715e-94  
2.59041  1.41019e-149  1.86868e-105  
2.35193  0.0254824  3.764e-105  
2.49433  2.22855e-38  1.40594e-109  
1.95352  5.64282e-89  1.05375  
2.04508  2.42143e-06  3.70413e-70  
2.23439  0  1.5862e-118  
2.75324  1.1502e-109  4.64258e-84  
2.10171  6.75083e-13  1.27231e-37  
0.74607  2.55876  9.38343e-93  
2.34974  2.76881e-05  0.00972153  
2.45322  4.60763e-05  0.000175951  
2.05639  1.82483e-212  5.04981e-16  
2.72585  0  2.10024e-313  
2.26845  1.21625e-116  0.0583637  
2.43381  1.97419e-19  4.8679e-189  
2.11499  1.01254  7.43999e-09  
2.19585  1.109e-81  3.69459e-63  
0.0153711  1.04906e-37  2.36419  
0.249934  0.000108427  2.44501  
0.159879  2.12347  5.22487e-152  
0.0939274  2.03058  5.09201e-83  
2.07908  0  1.60191e-313  
0.9592  2.56959e-182  1.88057  
2.07169  1.73448e-264  1.23861e-147  
1.86487  0.478188  7.17684e-124  
1.99122  8.89333e-208  2.51425e-52  
1.82605  0.662267  2.40885e-152  
0.120404  2.00648  1.89163e-81  
1.82  5.49707e-09  0.196082  
1.18999  2.28111e-187  1.69098  
0.0452909  2.0633  5.16977e-83  
2.78821  4.02244e-81  0.0246644  
1.08486  6.87326e-86  1.54158  
0.0136246  2.24625  2.0635e-69  
1.93775  6.75666e-128  5.52829e-144  
2.01297  0.806439  8.5836e-158  
2.04697  7.36533e-127  3.97562e-122  
0.578563  1.03727  1.13  
1.74034  1.4422  1.3682e-111  
1.85867  0.0183337  7.24727e-122  
0.0067213  5.10053e-76  1.92424  
0.00631389  5.43982e-108  2.08556  
0.246902  9.74712e-111  2.41534  
2.72754  1.98415e-06  7.26686e-110  
0.03538  1.72446  1.51263e-23  
2.05286  1.08714e-253  0  
0.65884  1.18534e-71  1.59966  
0.0333249  0.108965  1.69463  
1.03819  5.0843e-36  1.99809e-89  
1.65225  3.31457e-71  1.51295  
0.00288436  0.242863  2.376  
1.09156  0.000692533  1.57896  
0.150191  1.9948  2.65704e-180  
1.1528  2.15344  0.263158  
0.0181117  2.0585  5.64156e-80  
0.0194414  3.18031e-100  1.86627  
1.37302  1.60977  2.14118e-220  
2.57461  1.87291e-06  1.585e-111  
1.51667  1.46441  3.16811e-126  
0.906305  0.971096  1.26377  
1.52521  1.25361e-284  1.29001  
1.98518  1.94001e-77  4.76898e-11  
1.88846  1.56495  3.18742e-91  
1.5505  1.26298e-81  2.032  
2.02511  0.600568  3.30583e-15  
2.22278  9.34772e-321  1.71263e-313  
2.38435  0  1.03975e-10  
1.03072  2.21759  3.48008e-85  
2.21291  6.71377e-120  3.03725e-247  
2.17498  6.28255e-128  5.38058e-101  
2.04317  3.05186e-86  3.85068e-05  
2.46467  0  6.19513e-116  
2.06162  4.04741e-77  3.88544e-05  
1.99617  6.79694e-13  1.0418  
0.984197  2.45722  4.35807e-09  
2.10643  0.00069517  8.81568e-12  
2.15008  3.95397e-13  1.33181e-111  
2.15494  4.54588e-64  4.16416e-86  
2.29646  4.56997e-213  5.63935e-16  
2.31304  2.10803e-111  4.86701e-90  
2.19995  9.37608e-115  6.73831e-16  
2.39172  6.21743e-223  0.7776  
2.38789  7.55608e-06  4.77606e-189  
2.19571  2.39481e-87  3.25437e-11  
2.35688  5.87323e-91  2.59028e-112  
2.20984  1.18483e-116  0.126335  
2.54081  1.00306e-109  4.19787e-193  
2.23601  1.64379e-129  1.46461e-16  
2.27082  1.62923e-05  5.15533e-11  
2.37922  2.00085e-05  2.62412e-72  
2.67742  0.173605  0.00118974  
2.81258  4.05759e-81  0.0248799  
2.1882  0.00775686  1.16803e-75  
2.75232  1.12601e-270  1.64553e-147  
2.49195  6.47797e-223  0.810186  
0.12595  2.35245  3.25883e-119  
1.96968  1.93851e-84  1.45217e-28  
1.82349  1.36875e-13  2.62963e-82  
1.81243  0  8.23331e-28  
1.96627  2.67035e-132  1.70009e-206  
2.06967  2.28702e-276  1.74217e-94  
2.20491  1.3417e-209  2.24636e-180  
1.91197  1.10178e-37  2.50146e-213  
1.80975  5.08812e-20  4.25321e-142  
1.8748  3.284e-17  1.20025e-311  
1.80725  9.28962e-57  2.0669e-20  
1.78191  2.58658e-10  2.24388e-189  
0.0585281  2.0587e-91  2.15082  
1.77571  1.66876e-150  8.06647e-28  
1.30893  1.40347  1.4149e-28  
2.07566  1.47573e-230  1.26372e-288  
1.83587  8.53016e-130  0  
1.78218  0  1.09863e-111  
1.77231  1.88211e-09  1.72923e-322  
1.77808  7.24691e-164  2.36605e-280  
0.0249519  6.48836e-134  2.35533  
1.71826  3.18367e-46  0.00833132  
1.70711  8.2978e-08  4.68845e-14  
0.958226  1.2736  7.37382e-152  
1.41218  2.7422e-124  2.82681e-276  
1.61342  0.0992482  0  
0.797121  2.70961e-230  1.18908  
0.00780087  1.82847  1.37786e-121  
0.0551224  0  1.77225  
0.882353  1.33283  0  
1.68782  1.03263e-301  0  
0.128675  1.52719  1.83317e-196  
0.0171955  1.18041e-187  1.86587  
0.159745  1.351e-253  1.37169  
0.038631  1.16073  0.891938  
0.120818  1.57046  1.52805e-280  
1.00584  1.26126  4.42012e-15  
1.5579  4.5584e-281  1.42872e-111  
0.827758  1.22592  8.17256e-18  
1.66323  0.073342  0  
0.00157107  1.50726  9.49986e-24  
0.00949407  8.02554e-17  1.79184  
1.59887  0  1.55111e-280  
0.0230916  1.28802  2.83606e-08  
1.66207  1.76503e-09  1.63042e-322  
0.870545  1.10759  7.24713e-12  
0.00109829  1.69302  2.36248e-92  
0.708089  1.39267  1.57091e-282  
1.13234  3.74179e-311  1.6624e-84  
1.31439  1.16113  1.40698e-291  
0.0306134  2.1015e-187  1.59581  
1.55318  1.7163e-276  2.54326e-174  
3.29373e-05  9.9099e-28  1.08153  
0.175247  1.74024e-12  1.51382  
1.2294  1.20754  2.94772e-152  
1.01507  1.88893e-14  8.33786e-72  
1.59096  0  9.28786e-121  
0.979026  1.36665  2.46276e-35  
0.921051  1.50691e-298  1.28338  
0.995358  2.08422e-144  0.984209  
0.767054  1.28624  7.98723e-19  
0.623947  1.38999  1.4135e-108  
0.737629  0  1.45518  
0.0051804  8.92804e-130  1.49162  
0.649799  4.98179e-279  1.51188  
1.00366  1.31161  0  
1.55688  0  1.02773  
1.63391  3.53044e-17  1.04603e-311  
1.61281  3.51609e-190  0.104405  
1.48298  1.27382e-105  2.75764e-19  
0.0309179  6.57488e-09  1.61168  
0.0445662  1.68611  2.14122e-15  
0.882136  1.3325  1.2874e-08  
1.26632  3.31507e-05  1.25213  
1.28042  1.12539e-05  1.27868  
0.910871  1.3759  0  
1.68932  1.97358e-07  2.28947e-83  
0.0451896  1.66236e-11  1.66065  
1.91074  1.35246e-269  1.85367e-280  
0.865808  2.25978e-65  1.56962  
1.77549  0  5.82854e-133  
1.70829  6.96244e-164  7.05864e-282  
1.72179  3.47408e-169  0  
1.56113  3.61035e-203  1.60899e-158  
1.5933  0  5.65458e-77  
2.02819  1.86964e-271  2.11084e-143  
1.77603  1.0683e-198  0  
1.6953  9.63696e-105  2.13482e-189  
0.0380022  2.60872e-187  1.98097  
1.77652  1.26306e-230  0  
1.7675  4.78344e-296  6.25762e-135  
1.75821  4.94336e-263  3.83964e-97  
0.0218777  2.3101e-142  2.06515  
1.73792  3.91755e-197  0  
0.0219242  6.47651e-18  2.06953  
1.52735  3.45172e-108  6.93826e-28  
0.0863753  1.86425  3.1203e-15  
1.29007  1.38324  2.81962e-28  
1.483  6.82811e-06  0.978969  
1.38764  1.36297  4.20287e-06  
1.73464  4.87693e-20  7.72162e-143  
0.574077  2.91384e-203  1.25498  
1.39277  7.79535e-259  0  
0.856805  1.00637  1.9473e-47  
0.561414  3.16673e-146  1.23753  
0.622158  2.80514e-24  1.20432  
1.25143  4.05911e-60  1.61347e-48  
0.0681072  2.69428e-34  1.30158  
0.0157989  0.0143709  1.40455  
0.00357476  2.53301e-07  1.40747  
0.991249  7.23284e-09  0.884175  
0.593735  2.75771e-12  1.14082  
8.96363e-07  0.472351  1.40594  
1.12702  6.3571e-146  0.699542  
0.813607  0.964352  1.82143e-15  
0.207979  4.23443e-47  1.2509  
0.885532  0.710621  0.7344  
0.805838  5.03226e-67  1.08057  
0.555153  0.768257  1.0225  
0.724472  1.0906  3.79743e-19  
0.208191  0.817413  1.1036  
0.000629494  2.7202e-169  1.4838  
0.99591  8.98146e-56  0.805693  
0.846692  0.994489  1.52207e-314  
0.652163  0.902507  0.65185  
0.0125571  5.3011e-195  1.45145  
0.671971  1.11974  1.13724e-164  
1.14208  7.48814e-91  4.53768e-29  
0.0823288  3.91106e-179  1.30386  
0.268883  0  1.25538  
0.664648  0.993403  4.53394e-15  
0.971117  1.14063  0  
0.560277  2.3564e-12  1.14689  
0.992106  9.09704e-128  0.965264  
0.63991  0.781817  0.79751  
0.92795  3.3279e-154  0.986841  
8.00416e-17  1.30718  2.38145e-139  
3.15075e-13  1.28965  1.60753e-47  
0.601878  0.869231  0.765151  
1.2403  7.57584e-210  2.88482e-296  
0.0830243  2.76103e-32  1.13569  
1.53857e-06  0.810772  1.07607  
0.660218  2.25464e-21  1.07567  
0.66715  0.606848  1.00038  
2.36182e-07  1.25632  1.61978e-48  
0.671328  0.929028  0.647114  
4.97113e-13  0.919319  0.878293  
0.701465  3.64837e-123  0.720124  
0.782654  0.809842  4.85964e-24  
1.00071  9.31006e-63  7.7447e-96  
0.8925  3.24103e-28  0.663215  
0.000129584  1.00163  5.41287e-102  
0.566838  0.83004  0.785182  
0.953667  0.717029  0.551183  
0.856739  0.976266  1.5911e-246  
0.000299804  2.32806e-05  1.006  
0.696639  0.961629  3.1463e-23  
0.944383  0.897176  1.55887e-114  
8.65559e-17  5.16011e-186  1.41357  
0.40707  0.861912  0.863076  
7.57491e-17  4.12155e-53  1.23708  
0.754431  1.08125  1.43726e-294  
0.51956  0.719002  0.956945  
0.452393  0.940305  0.822413  
0.868416  0.880653  9.62755e-38  
1.17555  1.03403e-12  1.51564e-48  
0.564441  1.18042  0  
0.489392  2.18409e-225  1.22586  
8.31892e-17  3.59482e-182  1.35858  
0.93844  0.914607  1.72718e-52  
0.236801  2.13754e-183  1.32721  
0.781457  2.37268e-170  1.11176  
0.0676144  4.66992e-85  1.29216  
0.921678  0.96607  2.71287e-214  
0.842804  0.989923  3.10298e-214  
1.014  7.6526e-205  0.889168  
1.04473  0.790323  1.24075e-207  
1.17114  4.7109e-23  2.14185e-195  
1.11444  6.93252e-194  2.19885e-28  
1.19431  2.37279e-136  7.80547e-34  
8.16687e-13  1.51031  6.53401e-164  
1.05399  6.12039e-246  0.833822  
1.19494  6.96633e-322  0.727178  
2.13656e-06  1.31181  3.77127e-295  
1.2532  2.34286e-320  3.61287e-68  
0.942987  1.38746e-177  0.989398  
1.23725  1.20567e-201  8.24385e-45  
0.249822  1.30261  1.88548e-161  
1.25447  2.41293e-273  1.03436e-216  
1.01217  5.87753e-246  1.06199  
1.27936  5.94222e-12  0  
1.25955  0  2.42092e-322  
0.548883  1.90782e-151  1.19681  
1.10028  1.77214e-127  0.709556  
1.21806  3.68234e-28  1.5513e-192  
1.33617  3.40905e-322  0  
0.72875  1.06713  3.57055e-137  
1.00095  1.75464e-183  0.815939  
0.0169252  2.55308e-07  1.27928  
0.032402  1.20099  1.06467e-29  
0.859019  0.891477  9.37907e-11  
1.17466  1.88085e-32  7.22227e-70  
0.994942  3.55565e-10  0.462388  
0.849624  6.40807e-45  0.803604  
0.883142  0.689168  1.43987e-07  
0.0793801  0.294089  1.06563  
0.0512851  1.07174  1.70113e-15  
0.877478  2.07186e-35  0.642509  
0.540986  1.67181e-33  0.958861  
0.00441439  1.16721  1.50771e-08  
0.0992961  0.624956  1.01946  
0.0172921  1.05924  0.561867  
0.783266  0.00289135  0.849892  
0.753797  0.832499  2.90305e-179  
0.950134  0.505032  4.69235e-57  
0.769899  0.550777  0.679262  
0.424561  0.981716  1.05333e-09  
0.118593  0.746409  0.97045  
0.900079  1.28027e-12  0.534989  
0.821428  0.712606  1.48078e-28  
0.576197  1.46611e-29  0.928279  
0.52713  0.940836  0.00115351  
1.68728e-05  9.38524e-234  1.07687  
0.398933  0.000690657  0.991939  
0.511668  0.946144  1.63896e-22  
0.155321  0.611675  0.921291  
1.67378e-05  9.31015e-234  1.06825  
0.61824  0.8701  7.31074e-217  
0.797345  0.71454  2.83831e-209  
0.823524  1.79778e-46  0.679094  
0.423329  0.978866  1.26439e-178  
0.874422  0.590801  2.00631e-05  
0.645586  1.50876e-17  0.8758  
0.921869  0.551444  3.30522e-204  
0.823302  0.714232  1.24555e-141  
0.81124  0.675836  5.16772e-47  
0.670814  1.45951e-81  0.854894  
0.121268  0.634653  0.882574  
0.768242  0.548046  0.538511  
0.003893  0.71966  0.838485  
0.433616  2.11371e-11  0.958868  
0.680923  1.20689e-32  0.840753  
0.00284109  0.821812  0.589704  
0.512755  0.948154  1.79763e-86  
0.654571  0.756459  4.29697e-29  
1.00012  5.03521e-156  8.21681e-70  
0.285728  0.727809  0.732365  
0.699675  1.01188e-29  0.715244  
0.000298977  3.62563e-110  1.00022  
0.513953  0.920677  1.65175e-47  
0.597664  0.895343  1.15304e-199  
0.547366  0.889803  1.00697e-10  
0.840734  0.619845  1.5048e-15  
6.12399e-17  1.00012  1.34543e-80  
0.237815  0.679514  0.838784  
0.292085  0.598411  0.831464  
0.657557  0.582751  0.592963  
0.957242  1.17981e-47  0.444867  
0.897935  5.77194e-58  0.532729  
0.855589  1.12922e-60  0.616034  
0.500421  9.84964e-51  0.91245  
0.0418001  0.702188  0.824977  
0.857493  0.473572  0.528137  
1.00035  1.44672e-29  4.29697e-29  
0.948896  0.463155  0  
0.832845  0.649918  4.05687e-08  
0.907792  0.50135  0.496653  
0.744974  0.754418  1.51301e-138  
0.007161  1.08212  9.63319e-42  
0.809378  4.77869e-102  0.709771  
0.49982  4.28136e-09  0.931585  
0.897731  1.17077e-48  0.55001  
1.01087  8.29546e-57  1.75286e-268  
0.614336  0.887524  1.81397e-263  
0.896121  0.608639  7.46982e-14  
0.849198  0.66268  1.96041e-92  
0.0468062  1.16583  8.26617e-114  
0.812417  5.55736e-221  0.712436  
1.0005  1.44694e-29  3.63814e-88  
0.730773  0.807071  2.81438e-179  
0.772969  3.69002e-227  0.764068  
0.82593  0.819775  0  
0.00468683  1.23924  1.14041e-142  
0.301658  1.63206e-164  1.03116  
0.81464  0  0.770515  
1.01773  0  9.32896e-32  
0.293904  1.06839  2.19513e-168  
0.828718  0.690243  1.15556e-70  
0.350009  4.10632e-242  1.02949  
0.178008  1.12035  8.0803e-276  
0.515496  2.45014e-66  0.930204  
0.562682  0.921138  4.47953e-63  
0.963922  4.60159e-227  0.585524  
0.00305368  1.10752  3.43876e-96  
0.950736  8.08302e-129  0.542532  
1.04212  0  8.87407e-233  
0.213063  1.07379  1.73343e-111  
1.06037  1.31148e-228  0  
0.53271  1.80094e-107  0.948154  
0.663572  1.06251e-32  0.893746  
0.0512466  1.07093  3.17449e-107  
0.896008  0.315815  0.314475  
0.000113138  0.899021  0.437945  
0.544564  9.61148e-06  0.838759  
0.00136836  0.956293  0.292558  
2.72664e-05  0.330151  0.943996  
0.929801  0.254496  0.266486  
0.777569  0.449559  0.439841  
0.248001  0.265028  0.932018  
0.768351  0.342004  0.541116  
0.696503  0.433308  0.572125  
0.890447  2.43449e-07  0.455129  
0.190815  1.42963e-07  0.981636  
9.92368e-06  0.97242  0.233673  
1.02338e-05  0.93645  0.351005  
0.578623  0.731627  0.360725  
0.571211  0.314046  0.758409  
0.603729  0.797212  8.86651e-34  
3.04347e-05  0.227812  0.973888  
0.430366  0.761535  0.485453  
0.404615  0.914508  3.26208e-31  
0.483616  0.548534  0.682586  
0.746025  0.665973  1.59569e-72  
0.217918  0.975973  4.23048e-28  
0.3803  0.411929  0.828167  
0.331285  0.866089  0.374503  
0.943683  0.33101  2.05221e-27  
4.77219e-05  0.776411  0.630312  
0.802218  7.65342e-06  0.597089  
3.59894e-05  0.814948  0.579961  
0.288802  7.63953e-12  0.957454  
0.49069  0.338013  0.803139  
0.434071  6.84159e-07  0.900936  
6.95416e-05  0.606795  0.794958  
0.494251  7.12134e-05  0.869363  
0.477492  0.878665  8.9801e-26  
0.552156  0.772917  0.313564  
0.445122  0.255959  0.858123  
0.668642  0.69264  0.271063  
0.538634  0.711255  0.45167  
0.541117  0.84102  2.02583e-09  
0.00211942  0.550056  0.835213  
0.505311  0.818296  0.274395  
0.331885  0.573295  0.749171  
0.000809512  0.665317  0.7468  
0.639465  5.54993e-07  0.768912  
0.700771  0.613747  0.364053  
0.735919  0.273286  0.619578  
0.672953  0.263437  0.692132  
2.34415e-06  1.1792e-05  1  
0.678923  0.383497  0.626228  
0.908588  0.417835  3.09922e-17  
7.13639e-06  0.729486  0.684123  
0.608226  0.369167  0.702849  
0.569236  0.585626  0.57719  
0.41002  0.655994  0.633695  
0.632687  0.664645  0.39809  
0.398511  0.496244  0.771356  
0.292969  0.672637  0.679655  
0.818144  0.287366  0.498625  
0.59478  0.642816  0.482871  
0.29234  0.386029  0.87531  
0.753282  6.7602e-09  0.657769  
0.87293  0.4879  1.92518e-29  
0.488311  0.69218  0.531543  
0.370365  0.889102  0.269545  
6.16678e-05  0.853821  0.520667  
0.837524  0.546607  6.92123e-18  
0.660534  0.750895  8.23048e-54  
0.344687  0.746198  0.570432  
0.847487  1.52055e-06  0.530889  
0.874705  0.261673  0.408993  
0.369207  1.20102e-08  0.929409  
0.973624  0.228434  3.96947e-17  
0.856195  0.441208  0.269508  
0.731917  0.482296  0.481435  
0.591446  0.482641  0.646038  
0.970488  2.70496e-243  0.241241  
0.440732  0.804947  0.397624  
6.12327e-17  1.00001  1.42844e-44  
0.810232  0.460661  0.36284  
0.327149  0.945022  9.48311e-05  
0.933772  1.73493e-11  0.358009  
6.95934e-06  0.711388  0.702892  
0.699351  7.81369e-17  0.714825  
0.34827  0.295805  0.889546  
0.273405  0.920432  0.27989  
0.76269  0.566044  0.313129  
1.00001  1.65542e-56  1.11433e-79  
0.659875  0.539851  0.522884  
0.38938  0.599939  0.69898  
0.296772  0.512641  0.805753  
2.13977e-05  0.484531  0.874992  
0.703741  0.710478  8.98001e-26  
8.64473e-06  0.88367  0.468496  
3.9779e-06  0.406624  0.913666  
0.594227  8.56183e-05  0.804339  
0.793279  0.608908  3.71039e-57  
0.293169  0.8204  0.491641  
0.826664  0.362022  0.430848  
0.511196  0.456445  0.728352  
0.689413  0.454157  0.564315  
1.20703e-12  0.549296  0.835628  
0.285147  0.681273  0.674209  
7.32586e-13  1  2.6566e-24  
0.645815  0.405227  0.647081  
0.431509  0.758609  0.488172  
0.288784  3.12333e-59  0.957394  
0.591755  0.505806  0.627684  
6.481e-10  0.851018  0.525137  
0.331856  0.94333  7.00699e-13  
1  6.73294e-44  6.9216e-37  
0.334035  0.73452  0.590679  
6.70689e-10  0.880679  0.473714  
0.425017  0.477816  0.768799  
0.732439  0.301263  0.610552  
0.702869  0.71132  4.5332e-48  
0.795157  0.606403  3.71551e-42  
0.821503  0.379582  0.425499  
0.651414  0.758723  3.01219e-78  
0.309819  0.863339  0.398319  
0.371845  0.883497  0.284892  
2.45242e-09  0.60721  0.794541  
0.60843  4.41287e-64  0.793608  
1.39234e-10  0.78443  0.620218  
0.534906  0.717085  0.44684  
0.853985  0.442649  0.273444  
9.4145e-10  0.48681  0.873508  
0.888027  0.3399  0.309639  
0.540353  0.841438  8.18054e-78  
0.273654  0.389164  0.879582  
0.247914  0.274112  0.929194  
0.760002  4.45829e-17  0.649921  
0.708633  0.606305  0.360878  
0.272098  0.512389  0.814506  
1.12522e-11  0.233943  0.97225  
2.18591e-11  0.935403  0.353585  
0.770622  0.571423  0.282167  
0.875327  0.483532  3.83489e-100  
0.660961  9.98547e-14  0.750421  
0.613178  0.342496  0.711834  
0.412561  0.91093  1.10527e-59  
0.882764  3.02029e-30  0.469818  
0.235577  0.971856  6.17458e-85  
0.400854  0.811847  0.424524  
0.482806  0.546212  0.684507  
6.05639e-11  0.818677  0.574254  
2.00525e-11  0.658181  0.75286  
0.30258  0.80084  0.516819  
0.550713  0.783798  0.287014  
3.74688e-10  0.748562  0.663065  
0.79859  0.482609  0.359643  
0.19322  4.76022e-15  0.981156  
0.812864  0.285257  0.507819  
0.972265  0.233882  5.2271e-37  
0.6365  0.649987  0.415193  
0.676347  0.684097  0.27307  
0.762744  0.38449  0.51999  
0.869359  0.265534  0.41678  
0.531618  0.43438  0.727115  
0.304842  0.570948  0.762293  
0.420388  0.647563  0.635559  
0.601625  0.728203  0.328279  
7.50565e-11  0.959396  0.282061  
0.587551  0.631951  0.505392  
0.481666  0.876355  7.45909e-56  
0.977937  3.98698e-17  0.208902  
0.464443  0.83023  0.308239  
0.843565  8.42352e-65  0.537027  
0.686  0.261834  0.678857  
4.52104e-14  9.21722e-10  1  
0.36075  0.420519  0.83248  
0.475978  0.685248  0.551253  
0.732647  0.511204  0.449331  
7.79711e-12  0.908722  0.417403  
0.571821  0.276914  0.77223  
4.42099e-11  0.414497  0.910051  
0.537336  0.596799  0.595903  
0.91111  0.412162  1.02893e-11  
5.34794e-11  0.705125  0.709083  
0.359131  0.604649  0.710932  
0.445044  0.271303  0.853423  
0.351223  0.286438  0.891401  
0.949917  3.99054e-18  0.312502  
0.552067  5.6215e-63  0.8338  
0.650188  0.553881  0.520069  
8.38661e-09  0.982039  0.188678  
0.91845  2.02284e-89  0.395538  
3.19127e-11  0.33067  0.943746  
0.597948  0.801535  1.9197e-31  
0.428974  1.64739e-28  0.903317  
0.278118  0.924508  0.260645  
0.802318  4.15789e-36  0.596897  
0.836417  0.548093  1.23483e-32  
0.750857  0.660464  7.32169e-44  
0.943685  0.330844  1.46444e-21  
0.492964  4.15845e-61  0.87005  
0.71215  1.82142e-24  0.702027  
0.363301  2.54006e-37  0.931672  
0.486857  0.343479  0.803114  
0.929425  0.266379  0.255367  
0.284751  0.679621  0.676042  
0.394028  0.811908  0.430751  
0.713898  9.77845e-183  0.700249  
0.611882  4.17247e-200  0.790949  
0.918443  7.06831e-118  0.395553  
0.597768  0.801669  7.55805e-29  
1  4.1803e-251  1.12985e-172  
4.65187e-15  7.9175e-12  1  
0.49669  2.65042e-20  0.867928  
0.282247  0.923255  0.260645  
0.271273  0.512826  0.814506  
0.476901  0.684606  0.551253  
0.650927  0.759141  0  
1.50046e-14  0.852399  0.522892  
0.750835  0.660489  9.31415e-312  
0.336114  0.72939  0.595833  
0.676919  0.684675  0.270187  
8.61296e-15  0.489296  0.872118  
0.235884  0.971781  8.11912e-308  
4.02823e-17  0.657859  0.753141  
0.586189  0.635601  0.502388  
0.532247  0.435527  0.725968  
0.803137  1.18515e-22  0.595794  
0.972232  0.23402  0  
0.887062  0.339844  0.312453  
0.555369  2.16968e-20  0.831604  
3.37163e-17  0.550629  0.83475  
0.370116  0.883019  0.288602  
0.911106  0.412173  7.99433e-305  
0.289131  0  0.95729  
0.819657  0.38323  0.425789  
0.274966  0.388238  0.879582  
0.365616  1.40189e-253  0.930766  
0.538105  0.597109  0.594899  
0.795157  0.606403  8.38876e-258  
0.591091  0.506957  0.62738  
0.868596  0.268021  0.41678  
0.61593  0.338514  0.711364  
0.431544  0.758671  0.488045  
0.193162  3.45846e-323  0.981167  
1.75952e-14  0.335378  0.942084  
0.797033  0.487574  0.356386  
0.305303  0.570701  0.762293  
0.664008  6.02846e-218  0.747725  
0.293587  0.793777  0.532659  
0.24696  0.274972  0.929194  
3.6485e-14  0.417808  0.908535  
0.731725  0.512966  0.448825  
0.875388  0.483421  0  
5.01344e-17  0.818756  0.574141  
0.761054  1.42039e-214  0.648689  
0.48908  0.348234  0.799708  
5.56566e-17  0.908941  0.416925  
0.424121  0.644045  0.636653  
0.702663  0.711523  0  
0.531102  0.719906  0.44684  
0.434117  3.94131e-218  0.900861  
0.308995  0.86196  0.401928  
0.943712  0.330769  0  
0.352327  0.284855  0.891473  
6.12323e-17  1  2.62876e-304  
0.734166  0.307872  0.605157  
1.07024e-14  0.607995  0.793941  
4.57651e-17  0.7474  0.664374  
0.481644  0.876367  2.17238e-295  
5.87487e-17  0.959439  0.281917  
0.448053  0.274424  0.850847  
6.01325e-17  0.982039  0.188678  
0.977881  9.69525e-276  0.209164  
0.708055  0.607612  0.359814  
0.424943  0.477882  0.768799  
0.949933  3.33647e-247  0.312453  
0.547923  0.785103  0.288778  
0.81205  0.286907  0.508192  
1.14293e-13  0.935403  0.353585  
0.836483  0.547992  8.94949e-234  
0.650124  0.554498  0.519491  
0.635133  0.653375  0.411956  
0.883044  1.89641e-190  0.469291  
4.31242e-17  0.704271  0.709931  
0.33196  0.943293  2.15832e-308  
0.645909  0.405791  0.646634  
5.39821e-17  0.881594  0.472008  
0.769973  0.571604  0.283566  
0.688732  0.262877  0.67568  
4.15331e-15  0.235947  0.971766  
0.463861  0.829908  0.309976  
0.540187  0.841545  1.20166e-289  
0.361474  0.42079  0.832029  
0.929454  0.265318  0.256363  
0.762657  0.387169  0.518126  
0.359117  0.603488  0.711925  
0.844111  2.40902e-181  0.536168  
0.689873  0.453458  0.564315  
0.852905  0.444943  0.273093  
0.57422  0.276467  0.770608  
4.79418e-17  0.78295  0.622085  
0.48209  0.545403  0.685657  
0.413105  0.910683  1.83191e-229  
0.599855  0.730146  0.327202  
0.482314  0.875998  3.23649e-241  
0.769648  0.571962  0.283727  
0.73048  0.515117  0.44839  
2.72687e-14  0.780841  0.62473  
0.434459  1.35928e-29  0.900692  
0.762065  0.391631  0.515637  
0.599325  0.73129  0.325614  
0.812121  0.286932  0.508065  
0.84467  1.45537e-193  0.535287  
0.440542  0.286326  0.850847  
6.01325e-17  0.982039  0.188678  
0.425677  0.642895  0.636777  
0.80392  0  0.594737  
0.29207  0  0.956398  
2.99222e-17  0.488667  0.87247  
0.554732  6.92751e-173  0.832029  
0.949925  4.59145e-08  0.312479  
0.539345  0.596663  0.594222  
0.650584  0.759434  0  
0.66441  1.05438e-101  0.747369  
0.883292  0  0.468822  
5.006e-17  0.817541  0.57587  
0.286259  0.678087  0.676944  
0.376876  0.815276  0.439646  
0.271339  0.512791  0.814506  
0.303963  0.864785  0.399693  
0.434356  0.759749  0.483855  
0.2772  0.384972  0.880316  
0.361944  0.266586  0.893268  
0.244043  0.280682  0.928257  
0.332118  0.943238  0  
0.635257  0.653592  0.41142  
0.236128  0.971722  1.29963e-62  
0.424231  0.478676  0.768698  
0.616283  0.338138  0.711237  
0.702501  0.711683  0  
0.649004  0.556631  0.51861  
0.611763  0  0.791041  
0.79724  0.487689  0.355763  
0.586128  0.635657  0.502388  
2.56003e-17  0.418084  0.908408  
0.887037  0.339835  0.312533  
0.532713  0.435908  0.725397  
0.413996  0.910279  0  
0.366952  6.55084e-30  0.93024  
5.87445e-17  0.95937  0.282151  
0.37047  0.883863  0.285548  
0.575309  0.276417  0.769814  
3.26663e-14  0.935403  0.353585  
0.875441  0.483324  0  
0.280655  0.924324  0.258567  
0.929347  0.265691  0.256363  
6.12323e-17  0  1  
0.291186  0.79128  0.537668  
3.37193e-17  0.550678  0.834718  
0.750802  0.660527  0  
0.490287  0.348714  0.79876  
0.676822  0.684578  0.270675  
2.05125e-17  0.334995  0.94222  
5.21849e-17  0.852245  0.523143  
1  0  0  
0.497051  0  0.867721  
0.597117  0.802154  0  
0.19516  0  0.980771  
0.483914  0.545015  0.68468  
0.591524  0.507329  0.626671  
4.02767e-17  0.657769  0.75322  
0.81954  0.383176  0.426064  
0.911106  0.412173  0  
1.06953e-14  0.607592  0.794249  
0.762422  0  0.64708  
0.476901  0.684606  0.551253  
5.39823e-17  0.881598  0.472001  
0.362473  0.601503  0.711904  
0.918528  9.60677e-206  0.395357  
6.12323e-17  1  0  
0.361453  0.420808  0.832029  
4.56949e-17  0.746254  0.665661  
5.56611e-17  0.909015  0.416763  
0.547923  0.785103  0.288778  
0.972232  0.23402  0  
0.460482  0.829131  0.317015  
0.943712  0.330769  0  
0.531374  0.720274  0.445922  
0.688732  0.262877  0.67568  
0.868449  0.267976  0.417115  
0.689541  0.453963  0.564315  
4.15331e-15  0.235947  0.971766  
0.305567  0.57056  0.762293  
0.836483  0.547992  0  
0.339525  0.727984  0.595619  
0.706865  0.609188  0.359488  
0.645718  0.406094  0.646634  
0.734456  0.307994  0.604743  
0.852905  0.444943  0.273093  
0.795157  0.606403  0  
0.539631  0.841901  0  
0.977881  0  0.209164  
0.714766  0  0.699364  
4.30941e-17  0.70378  0.710418  
0.339184  0.7273  0.596648  
0.292395  4.04476e-119  0.956298  
6.01325e-17  0.982039  0.188678  
0.437151  1.90511e-238  0.899388  
0.702332  0.71185  6.83171e-247  
0.555654  2.48255e-92  0.831414  
0.498786  1.56325e-134  0.866725  
0.949947  0  0.312412  
0.279453  0.383576  0.880213  
0.648897  0.556819  0.518541  
0.424228  0.478673  0.768702  
4.77896e-17  0.780463  0.625202  
0.688761  0.455186  0.564282  
0.355909  0.425178  0.832197  
0.804022  7.04917e-258  0.594599  
0.44073  0.290606  0.849297  
0.489872  0.350458  0.798251  
0.715538  0  0.698574  
0.616706  0.33837  0.710759  
0.45822  0.829352  0.319702  
3.71997e-17  0.607517  0.794306  
0.36836  0  0.929683  
0.769268  0.572643  0.283386  
0.363458  0.60101  0.711818  
0.7628  0  0.646634  
0.6355  0.654149  0.410157  
5.72769e-17  0.935403  0.353582  
0.734123  0.309276  0.604493  
0.291111  0.791076  0.538008  
5.21278e-17  0.851312  0.52466  
0.611819  2.73349e-92  0.790998  
0.532521  0.435245  0.725936  
0.376458  0.814883  0.440732  
0.545428  0.786154  0.290636  
0.911134  0.412111  0  
4.02184e-17  0.656816  0.754051  
0.762065  0.391631  0.515637  
0.598752  0.732053  0.324954  
0.676389  0.685006  0.270675  
0.332456  0.943119  0  
0.690008  0.262425  0.674553  
0.868503  0.267802  0.417115  
0.73048  0.515117  0.44839  
0.413996  0.910279  0  
0.84467  0  0.535287  
0.812121  0.286932  0.508065  
0.477051  0.684675  0.551037  
0.303898  0.8646  0.400141  
0.280671  0.924378  0.25836  
0.706891  0.60921  0.359399  
5.00452e-17  0.817301  0.576211  
0.243649  0.281024  0.928257  
0.270953  0.514845  0.813338  
0.370663  0.884325  0.283863  
0.485011  0.544038  0.68468  
0.539565  0.841944  0  
4.56453e-17  0.745445  0.666568  
0.664812  0  0.747011  
0.875441  0.483324  0  
0.434356  0.759749  0.483855  
1  0  0  
0.426022  0.642666  0.636777  
4.30226e-17  0.702613  0.711572  
0.19516  0  0.980771  
0.886959  0.339805  0.312788  
0.531773  0.720165  0.445623  
0.929307  0.265679  0.25652  
0.305016  0.570636  0.762457  
0.236042  0.971743  0  
0.918528  0  0.395357  
0.285824  0.677451  0.677765  
0.482431  0.875934  0  
2.56003e-17  0.418084  0.908408  
2.05125e-17  0.334995  0.94222  
0.575663  0.276295  0.769593  
0.650419  0.759576  0  
6.12323e-17  0  1  
6.12323e-17  1  0  
3.37193e-17  0.550678  0.834718  
0.539345  0.596663  0.594222  
0.972232  0.23402  0  
0.79724  0.487689  0.355763  
0.795166  0.606392  0  
0.597117  0.802154  0  
5.56611e-17  0.909015  0.416763  
0.883271  0  0.468862  
5.8745e-17  0.959379  0.282119  
0.81954  0.383176  0.426064  
4.15331e-15  0.235947  0.971766  
0.836483  0.547992  0  
0.977898  0  0.209081  
0.359733  0.26548  0.89449  
0.645718  0.406094  0.646634  
5.39516e-17  0.881096  0.472937  
0.592004  0.506578  0.626826  
0.943712  0.330769  0  
0.586577  0.636218  0.501153  
2.99222e-17  0.488667  0.87247  
0.750802  0.660527  0  
0.852905  0.444943  0.273093  
0.943719  0.330748  5.94435e-160  
0.918524  2.14229e-315  0.395364  
0.706866  0.609239  0.359399  
5.56527e-17  0.908877  0.417065  
0.76302  3.28416e-280  0.646375  
0.665465  2.94762e-254  0.746429  
0.688867  0.456517  0.563075  
0.458125  0.8292  0.320232  
0.676439  0.685133  0.270228  
0.804274  0  0.594259  
0.363544  0.600792  0.711958  
0.646624  0.406664  0.64537  
0.53982  0.596875  0.593577  
0.482474  0.87591  5.82904e-25  
0.598131  0.73256  0.324954  
0.339565  0.72699  0.596809  
0.715998  0  0.698102  
6.01325e-17  0.982039  0.188678  
0.242409  0.281562  0.928418  
0.690161  0.263439  0.674001  
0.332568  0.943079  3.71451e-270  
0.949943  0  0.312424  
0.370005  0.884427  0.284403  
0.375297  0.814809  0.441857  
5.00118e-17  0.816755  0.576985  
0.761713  0.392315  0.515637  
0.499905  5.20064e-257  0.86608  
2.56604e-17  0.419067  0.907955  
0.612917  0  0.790147  
0.533933  0.435227  0.724909  
0.868468  0.267791  0.417195  
0.27054  0.51406  0.813972  
4.77548e-17  0.779895  0.62591  
4.30208e-17  0.702583  0.711602  
0.797094  0.488342  0.355195  
3.71802e-17  0.607199  0.79455  
1.44476e-17  0.235947  0.971766  
0.617078  0.337875  0.710672  
0.545547  0.786326  0.289948  
0.490145  0.350076  0.798251  
0.556689  0  0.830721  
0.440805  0.290493  0.849297  
0.76938  0.572726  0.282914  
0.539419  0.842038  0  
5.39486e-17  0.881048  0.473027  
0.819454  0.383135  0.426265  
0.730677  0.515256  0.447909  
0.812121  0.286932  0.508065  
0.280671  0.924378  0.25836  
5.21243e-17  0.851254  0.524754  
0.279453  0.383576  0.880213  
0.290824  0.790295  0.53931  
0.911134  0.412111  0  
5.87452e-17  0.959382  0.282109  
0.485011  0.544038  0.68468  
0.370054  0  0.92901  
4.56453e-17  0.745445  0.666568  
0.591803  0.506812  0.626826  
0.875441  0.483324  0  
0.434356  0.759749  0.483855  
0.424609  0.478335  0.768702  
0.63455  0.655071  0.410157  
0.57606  0.276486  0.769227  
0.735109  0.309691  0.60308  
0.303898  0.8646  0.400141  
0.531773  0.720165  0.445623  
0.426022  0.642666  0.636777  
0.477526  0.685356  0.549778  
0.236042  0.971743  0  
0.929307  0.265679  0.25652  
0.285824  0.677451  0.677765  
0.196482  0  0.980507  
0.356331  0.424824  0.832197  
2.05125e-17  0.334995  0.94222  
0.29417  0  0.955753  
0.750674  0.660672  0  
0.702332  0.71185  0  
6.12323e-17  1  0  
3.37193e-17  0.550678  0.834718  
5.72769e-17  0.935403  0.353582  
0.972232  0.23402  0  
0.413996  0.910279  0  
0.650416  0.759578  0  
0.597117  0.802154  0  
0.795166  0.606392  0  
0.883271  0  0.468862  
0.649014  0.556919  0.518288  
0.359865  0.265577  0.894408  
0.305016  0.570636  0.762457  
0.836483  0.547992  0  
0.977898  0  0.209081  
6.12323e-17  0  1  
1  0  0  
0.437878  1.12188e-63  0.899034  
4.02184e-17  0.656816  0.754051  
0.886876  0.339773  0.313057  
0.586577  0.636218  0.501153  
2.99222e-17  0.488667  0.87247  
0.84467  0  0.535287  
0.852905  0.444943  0.273093  
