1.72701  3.98919  
2.27882  3.34323  
2.22247  3.54757  
1.42649  3.9739  
0.960303  4.40575  
2.06128  3.58047  
2.44255  3.11897  
2.31466  2.68806  
1.41276  4.19926  
2.33033  3.01348  
2.11345  3.61129  
1.88513  4.13156  
2.06864  3.57386  
2.47364  2.76662  
2.4505  2.88033  
2.37326  3.44341  
1.5699  4.1539  
1.81201  4.08248  
1.13131  4.15122  
2.26658  2.89761  
1.38591  3.81183  
2.16524  3.0077  
1.6319  3.99606  
2.06893  3.45084  
2.22404  3.52621  
2.23266  3.30453  
1.62796  3.67577  
1.99697  3.97422  
1.94542  2.87405  
1.69714  3.7978  
2.11683  3.11986  
1.87631  4.21828  
1.58789  3.88772  
2.66678  2.31436  
1.3354  4.2043  
2.47746  2.97127  
2.18575  3.72077  
2.36283  3.39704  
2.15177  3.2841  
2.0868  3.51714  
2.33711  3.26904  
2.16286  3.59321  
1.22554  4.35654  
2.71125  2.73123  
1.94945  3.82259  
1.71532  3.44233  
1.53403  3.8149  
1.74124  3.72581  
1.74504  3.73206  
2.21407  2.81976  
1.67725  3.99623  
2.65754  1.60626  
2.56704  2.49186  
2.21933  3.657  
2.48253  2.51831  
1.73287  3.78552  
2.09231  2.98458  
1.93512  4.21112  
1.44381  4.09009  
1.71745  3.89098  
2.45046  3.03487  
2.33573  2.95219  
1.9152  3.3926  
1.75997  3.44714  
1.73816  3.82918  
1.89963  3.57838  
1.6866  3.84012  
2.14049  3.72533  
2.08981  3.41867  
2.76664  2.38917  
1.99032  3.14125  
1.34924  4.16756  
1.11617  4.48958  
1.89394  4.24318  
2.35028  3.25721  
1.49463  3.74675  
1.70485  3.46048  
2.22677  2.83056  
2.67797  2.6493  
2.24365  3.12087  
2.58331  2.36694  
2.06364  3.81203  
2.44544  3.19783  
2.4054  3.27719  
1.58108  3.99569  
1.99328  3.44234  
2.61848  2.48343  
2.83429  2.02593  
2.20252  3.36435  
1.60278  4.06787  
2.40511  2.84395  
2.49535  3.03212  
1.76812  3.40042  
2.48373  2.80551  
1.92146  3.56625  
0.928581  4.39462  
1.74657  3.75379  
1.66589  3.83015  
2.1845  3.31872  
2.11935  3.52405  
2.36333  3.06408  
1.95095  3.64083  
2.17752  3.41498  
2.0516  3.74147  
2.13024  3.38765  
2.58665  2.45868  
1.92367  3.6097  
2.10375  3.30728  
2.51116  2.58247  
2.6159  1.09589  
1.70721  4.0752  
2.15727  3.0993  
1.9355  3.51511  
2.70884  0.714572  
1.99463  3.10086  
2.26982  2.36261  
2.17548  2.72623  
1.76076  3.58815  
1.96161  3.16995  
1.57204  4.18334  
2.14689  2.78656  
2.48999  1.61621  
1.93511  2.8839  
0.945365  4.20246  
2.35288  1.50628  
0.518239  4.37402  
1.18527  3.91705  
1.45525  3.53965  
2.48977  0.538591  
1.55268  3.46957  
2.52883  1.32717  
2.45286  0.899084  
2.39128  1.39603  
1.34838  3.80316  
1.36607  3.80014  
2.26043  1.98331  
2.42496  1.18648  
2.16442  2.17136  
2.21768  1.6267  
2.06115  2.58438  
2.06709  2.21627  
2.00716  3.03823  
1.55961  3.09565  
2.24557  1.87088  
2.29917  1.43489  
2.34038  0.53483  
0.297816  4.22686  
1.08182  3.81  
1.45227  3.48492  
1.03047  4.01544  
1.8806  2.81622  
0.584974  4.32077  
1.96454  2.74599  
1.99414  2.60477  
2.35796  1.61313  
1.33208  3.81947  
1.73015  3.13972  
2.18978  1.95465  
1.61318  3.64353  
1.75813  2.98623  
2.48842  0.522404  
2.09188  2.44924  
2.55641  0.597044  
0.883478  4.17801  
1.54639  3.79713  
2.01223  2.6308  
2.52345  0.530674  
2.22954  2.02672  
1.48522  4.0089  
1.89509  3.03262  
2.17817  2.36676  
2.3078  1.78372  
1.1613  4.07968  
2.34596  1.58013  
1.69755  3.49899  
1.87881  3.1361  
2.54171  0.663606  
0.778368  4.33099  
1.94245  3.02241  
2.05348  2.88538  
1.23675  4.12273  
2.10375  2.6175  
1.76695  3.3245  
0.738849  4.53044  
0.973452  4.22043  
2.04026  2.89296  
1.21869  4.35037  
1.64049  3.58233  
2.23412  2.3237  
2.42475  1.56134  
2.2079  2.51701  
1.7595  3.46758  
1.67657  3.57483  
2.50521  1.54283  
2.52661  1.45102  
2.59115  0.658127  
0.913561  4.48262  
1.79669  3.37154  
2.28446  2.07078  
1.68124  3.8277  
1.5449  3.505  
1.82608  3.14047  
1.07064  3.95436  
2.37355  0.834847  
2.17781  1.96234  
1.57798  3.44425  
2.00634  2.49592  
1.02157  4.00857  
2.19373  1.80525  
0.830705  4.325  
2.29172  1.53206  
2.12107  2.00015  
1.82147  3.03185  
1.97704  2.54986  
1.4692  3.47386  
1.05892  3.92856  
2.21868  1.70502  
1.61565  3.33275  
2.08052  2.11894  
2.41692  0.465564  
1.87433  2.74659  
0.836088  4.13591  
2.21458  1.30058  
2.28662  0.794496  
0.921889  3.90172  
1.91323  2.48459  
1.97949  2.17586  
2.03317  2.18488  
2.20405  1.3493  
0.559674  4.20491  
1.09704  3.77587  
0.700998  4.03846  
2.25839  0.977009  
2.03266  2.04655  
2.13591  1.5121  
1.0423  3.81875  
2.07684  1.79521  
1.48889  3.17544  
1.18977  3.61235  
1.98807  2.15282  
1.72444  2.88817  
1.81651  2.57966  
0.931617  3.85144  
2.2178  1.18595  
2.06743  2.07764  
1.73135  2.61343  
1.89032  2.55015  
1.02962  3.8894  
2.30525  0.312219  
1.56974  2.98125  
2.10095  1.62405  
0.230759  4.21237  
1.23577  3.27734  
1.12343  3.62857  
0.588246  4.09166  
2.04518  1.97182  
0.745316  4.01414  
2.15507  1.64574  
1.65913  2.81892  
1.92403  2.31012  
1.98669  2.36068  
2.16415  1.43573  
0.334436  4.28973  
1.10577  3.72866  
2.27244  0.830315  
0.914331  3.99619  
2.32116  0.394178  
2.24118  1.1832  
1.7012  3.00205  
2.13367  1.61002  
2.25789  1.17797  
1.40727  3.28113  
1.94237  2.37732  
0.815108  4.03407  
2.03963  2.16948  
1.8077  2.61978  
1.20191  3.61511  
1.58624  3.03586  
0.668846  4.11376  
2.22509  1.40845  
1.27442  3.51442  
2.28633  1.05547  
2.11311  1.92587  
0.573342  4.22389  
2.3808  0.389389  
1.53091  3.21556  
0.9827  3.96763  
1.06529  3.8676  
2.20046  1.52966  
1.87505  2.58296  
2.08419  2.01451  
1.35361  3.48085  
1.16622  3.81979  
2.27707  1.25546  
2.00217  2.33971  
0.634066  4.20197  
1.12805  3.86006  
2.33516  0.646601  
1.11405  3.8671  
1.21754  3.65188  
2.02568  2.07287  
1.59711  3.17551  
0.608371  4.05175  
2.27529  0.508474  
2.08431  1.85026  
1.98988  1.98381  
1.69468  2.74807  
0.810022  3.91652  
0.746514  3.95541  
2.03426  1.86645  
1.93011  2.15497  
1.87655  2.35218  
1.76358  2.60078  
0.975053  3.73139  
1.25278  3.44864  
2.25921  0.502311  
2.21085  0.929811  
0.702237  3.99558  
0.506086  4.1149  
1.41387  3.12545  
1.79475  2.51344  
1.95122  2.08323  
1.35743  3.15943  
1.928  2.10838  
2.21462  0.746112  
1.08261  3.56694  
1.35757  3.17244  
0.436303  4.11394  
2.24541  0.540933  
0.588455  4.03857  
1.20167  3.42215  
0.667018  3.96029  
2.18985  0.969503  
0.902592  3.82952  
2.13794  1.34289  
0.946332  3.72134  
1.56383  2.85043  
1.98913  1.85734  
1.36305  3.07847  
2.02207  1.83632  
2.22039  0.60159  
2.07193  1.55331  
0.851257  3.75803  
1.86352  2.21198  
1.39486  3.07253  
2.03144  1.69052  
1.23054  3.27047  
2.16883  1.11835  
2.11446  1.46672  
0.406648  4.15007  
1.4161  2.88923  
2.26077  0.265599  
0.171241  4.13694  
2.19758  0.862973  
0.622983  4.00373  
1.95076  1.97449  
0.944089  3.73126  
0.997524  3.59786  
1.62372  2.63548  
0.707674  3.88054  
1.74688  2.30243  
0.468057  4.06832  
2.06827  1.60178  
1.10484  3.4636  
2.0618  1.65763  
2.1524  1.2343  
2.08786  1.53563  
1.91738  2.17214  
2.23004  0.616533  
0.838379  3.84824  
1.29368  3.26546  
0.988004  3.68912  
2.28556  0.324206  
1.35162  3.22705  
1.18696  3.44943  
2.25773  0.497526  
1.94573  2.09266  
0.983863  3.70552  
1.9724  1.97128  
0.430854  4.13132  
2.16854  1.18981  
2.01429  1.85572  
2.11383  1.52006  
1.98894  1.92052  
0.849405  3.84736  
0.774112  3.92845  
0.247506  4.19442  
1.99716  1.8894  
0.998109  3.69793  
1.71138  2.6592  
2.19007  1.09186  
0.601241  4.0414  
1.83269  2.40887  
1.15986  3.49849  
2.08724  1.57619  
1.53061  2.99617  
1.90699  2.2145  
1.6519  2.79283  
1.31268  3.27554  
2.16688  1.27157  
0.640796  4.03977  
1.46629  2.85649  
1.65765  2.71527  
0.412192  4.09158  
0.996813  3.64716  
1.13271  3.47933  
0.720927  3.95285  
1.94404  1.96747  
2.18232  1.06863  
2.03787  1.63796  
1.39536  3.03647  
1.68831  2.57815  
1.82126  2.26556  
1.53517  2.81643  
2.21105  0.593592  
0.943371  3.7167  
0.476778  4.06007  
1.99932  1.76867  
1.2734  3.21801  
1.72695  2.40863  
0.776786  3.84879  
2.10229  1.28538  
0.625257  3.95915  
1.45468  2.85085  
0.362399  4.08425  
1.70679  2.43743  
0.909924  3.70299  
1.97017  1.7392  
2.20325  0.61995  
1.92006  1.92405  
1.94408  1.81837  
1.84007  2.17667  
1.02382  3.52538  
1.53164  2.79238  
0.424329  4.05706  
0.485425  4.04109  
1.5571  2.74533  
1.14741  3.35503  
2.10026  1.19719  
2.01534  1.65148  
1.6571  2.49412  
0.515478  4.00067  
2.0321  1.59034  
2.06285  1.37891  
0.158302  4.14992  
1.72432  2.28257  
1.40341  2.87336  
0.955582  3.60633  
1.1953  3.2563  
0.744802  3.83669  
2.05239  1.5609  
0.827796  3.75174  
1.34637  3.01467  
1.88298  2.02402  
2.21903  0.23957  
2.19155  0.888214  
1.5964  2.62158  
2.1363  0.90359  
1.3013  3.06532  
1.05279  3.51166  
0.659356  3.89787  
1.29626  3.10509  
1.25661  3.16658  
0.128995  4.11556  
1.08301  3.4422  
1.17714  3.33622  
1.81327  2.23731  
1.38544  2.95948  
2.19285  0.808998  
1.0547  3.49333  
1.12175  3.40929  
0.81111  3.78754  
0.874379  3.72963  
2.21277  0.495133  
0.933654  3.68311  
0.999479  3.59627  
0.72408  3.87712  
1.68938  2.4697  
1.86098  2.15945  
1.62415  2.61133  
0.793608  3.81961  
1.13169  3.3903  
1.88041  2.04395  
0.615121  3.97587  
1.65217  2.56444  
0.504961  4.02332  
2.21611  0.436715  
0.645385  3.9483  
2.19824  0.78178  
1.16522  3.34583  
2.04068  1.58126  
0.801033  3.80949  
1.06587  3.52107  
2.20905  0.592531  
2.05612  1.54627  
2.01097  1.71887  
1.90666  2.02186  
2.23265  0.254712  
1.44285  2.88919  
1.89488  2.07868  
1.75292  2.2396  
2.15123  0.738987  
1.06521  3.44297  
1.95298  1.63679  
0.774883  3.78785  
1.25945  3.14765  
1.27381  3.11408  
0.95993  3.59074  
2.01048  1.57212  
1.23488  3.17736  
0.333309  4.07579  
1.84602  2.07928  
2.17778  0.604833  
1.1613  3.28306  
0.798432  3.76125  
2.14469  0.79081  
1.58731  2.62814  
0.582431  3.94277  
1.04666  3.46339  
1.52545  2.77163  
0.470395  4.01255  
2.02297  1.54733  
2.03969  1.47842  
1.57103  2.66372  
2.07435  1.27391  
1.3641  2.94325  
0.722926  3.82966  
2.12514  0.95769  
1.38041  2.9156  
1.803  2.18846  
0.271966  4.08888  
1.29016  3.0745  
0.365901  4.0597  
2.21087  0.213897  
2.08758  1.18605  
1.7882  2.20969  
1.0913  3.39268  
0.837741  3.71739  
1.89014  1.91398  
2.15489  0.716372  
1.98373  1.61055  
2.09936  1.09552  
1.21633  3.19515  
0.173737  4.1058  
0.753077  3.80152  
0.698168  3.85311  
0.860486  3.70041  
1.92161  1.79111  
1.69396  2.34963  
1.19878  3.2167  
1.148  3.30787  
2.13523  0.907435  
1.63635  2.51457  
1.39302  2.88563  
1.40507  2.86469  
2.10847  1.06284  
2.05453  1.40026  
1.43128  2.82184  
1.60177  2.58974  
0.632625  3.90205  
1.68614  2.37558  
0.436342  4.02857  
0.496661  3.99536  
1.81934  2.15584  
0.22659  4.09889  
0.395632  4.05064  
2.06632  1.33245  
1.10707  3.37735  
0.972951  3.57076  
1.12566  3.34865  
1.85742  2.0368  
1.66669  2.423  
1.94481  1.69375  
1.65078  2.47193  
1.03137  3.48585  
0.910631  3.64469  
0.995411  3.53905  
0.814532  3.74716  
1.90268  1.86053  
0.66775  3.86942  
1.30412  3.04469  
1.93277  1.73454  
1.49687  2.80111  
1.61781  2.56196  
0.883375  3.68153  
0.930103  3.61992  
1.55003  2.71936  
1.83443  2.12011  
1.0146  3.51239  
1.87429  1.97658  
1.7168  2.27802  
0.899624  3.65951  
0.543791  3.96942  
1.86583  2.00423  
0.115601  4.11467  
1.17269  3.26196  
1.33289  3.00288  
1.35157  2.96365  
2.19675  0.54789  
0.609976  3.92443  
1.46188  2.8058  
0.972042  3.5613  
2.14951  0.639671  
2.07577  1.25671  
1.00951  3.50849  
2.16943  0.20192  
0.577237  3.94258  
0.904478  3.64383  
1.66466  2.41995  
1.75766  2.23118  
0.605001  3.91594  
1.68248  2.37728  
0.246192  4.08769  
1.19506  3.2175  
1.38629  2.89406  
1.40605  2.86026  
0.54501  3.96558  
1.0262  3.48269  
1.27131  3.11131  
2.05394  1.39567  
1.89145  1.89362  
1.5737  2.65663  
0.950915  3.59061  
2.04155  1.46107  
1.95587  1.61695  
1.71394  2.28412  
0.929799  3.61511  
1.64636  2.47621  
1.99852  1.57051  
1.18162  3.24263  
1.5628  2.67885  
0.307402  4.0718  
2.10637  1.01797  
1.10045  3.3611  
1.69841  2.33244  
1.79814  2.18738  
0.659622  3.87156  
1.94188  1.68157  
1.61415  2.55556  
1.21353  3.19324  
1.63113  2.51578  
1.42811  2.81881  
0.865672  3.69072  
1.37014  2.92411  
1.52748  2.75611  
0.747486  3.80558  
0.686863  3.8503  
0.836636  3.7171  
1.87699  1.95226  
1.34976  2.96184  
1.58358  2.62781  
1.598  2.59242  
0.714365  3.82743  
1.90324  1.84598  
1.91625  1.78981  
0.431581  4.02422  
0.805927  3.74609  
1.04355  3.45637  
2.08458  1.18737  
1.30279  3.04493  
1.49781  2.78852  
1.13666  3.31037  
2.16221  0.481547  
1.97825  1.59419  
0.882152  3.66916  
1.16263  3.27371  
1.11807  3.33343  
2.13642  0.767725  
0.170821  4.101  
0.506344  3.98362  
1.72766  2.24747  
2.06508  1.32176  
0.991218  3.53457  
0.470293  4.00479  
1.86346  1.99831  
0.774699  3.77607  
1.54291  2.721  
2.01881  1.53748  
1.08173  3.3926  
2.03139  1.50257  
0.633811  3.89485  
0.356929  4.05746  
1.06144  3.42938  
1.23412  3.17298  
2.17102  0.181843  
0.395006  4.04015  
2.1305  0.833308  
2.15484  0.528569  
2.09706  1.09342  
1.3333  3.00024  
2.11888  0.951488  
1.31699  3.0191  
1.85391  2.03408  
1.25662  3.14478  
1.93006  1.73145  
1.28783  3.07729  
1.8176  2.14561  
1.83201  2.11135  
1.84269  2.07801  
0.109904  4.10972  
2.06449  1.32118  
0.4379  4.01985  
0.108328  4.10824  
0.746007  3.79949  
0.579689  3.93156  
1.64715  2.46708  
1.99746  1.56844  
1.16198  3.27306  
0.805193  3.74587  
1.02495  3.48072  
0.548456  3.95329  
1.25701  3.14075  
1.54216  2.72011  
2.14684  0.624973  
2.12555  0.857348  
2.1538  0.486245  
1.27107  3.10978  
1.58239  2.62883  
1.61162  2.5568  
1.31823  3.01399  
0.307761  4.07022  
1.06064  3.4286  
1.19365  3.21797  
0.248795  4.08558  
1.71172  2.28667  
0.481796  3.99536  
0.990106  3.53118  
2.05314  1.39203  
2.16335  0.163663  
1.87837  1.94128  
2.11698  0.93754  
1.94049  1.68264  
1.52814  2.7512  
0.859674  3.69096  
2.13728  0.703522  
1.86449  1.98952  
1.42681  2.81752  
1.95396  1.61519  
1.66524  2.41773  
1.07794  3.39449  
1.33874  2.98657  
1.72413  2.24823  
1.90393  1.83855  
1.40491  2.85912  
1.00802  3.507  
0.635075  3.89134  
0.657049  3.87125  
2.09449  1.10483  
0.515378  3.97443  
1.50611  2.77652  
1.1796  3.24437  
0.903756  3.64274  
1.5976  2.5903  
0.710371  3.82755  
1.84334  2.07036  
0.359355  4.05393  
0.775382  3.77456  
1.75694  2.23054  
1.35194  2.95608  
1.92918  1.72913  
1.09605  3.36083  
1.80185  2.17741  
1.83396  2.10147  
1.81973  2.13658  
1.8531  2.03327  
2.02743  1.50604  
1.69678  2.3308  
0.609764  3.91029  
0.929429  3.61305  
0.397514  4.03725  
1.97354  1.59408  
1.23396  3.16999  
1.91628  1.78467  
1.89085  1.89302  
2.04242  1.4526  
1.68196  2.37194  
0.177179  4.09808  
1.38571  2.89396  
1.04362  3.45342  
0.679671  3.85135  
1.11692  3.32998  
2.0744  1.24917  
0.881924  3.66698  
1.30252  3.0434  
1.78732  2.20229  
2.10256  1.03699  
2.01572  1.54004  
1.37  2.92397  
2.0862  1.16888  
1.13459  3.30912  
2.13473  0.757298  
2.11037  0.980775  
0.835163  3.71639  
0.949353  3.58898  
1.6295  2.51414  
1.56336  2.67305  
1.20791  3.19609  
0.970613  3.55808  
1.28718  3.07731  
1.46033  2.80425  
1.94022  1.68228  
0.564153  3.93476  
1.95333  1.61457  
1.97244  1.59298  
0.804772  3.7447  
1.50445  2.77505  
0.537723  3.95495  
0.639047  3.88578  
1.35219  2.95396  
1.21066  3.19228  
1.53029  2.74562  
1.16184  3.27292  
0.605816  3.9125  
0.902651  3.64181  
1.11723  3.32664  
1.40393  2.85815  
0.107488  4.10743  
1.78454  2.20186  
1.19415  3.21496  
2.05353  1.38846  
1.66454  2.41796  
1.1794  3.24318  
1.31573  3.01691  
2.13325  0.767166  
1.42646  2.81663  
1.38479  2.89304  
1.68127  2.37174  
0.970335  3.5566  
1.30243  3.04331  
0.835339  3.71609  
1.59733  2.59003  
0.397271  4.03661  
0.989594  3.53066  
0.512683  3.97329  
1.99499  1.56864  
0.662646  3.86509  
1.69609  2.32934  
1.81967  2.13652  
0.181187  4.09664  
2.14557  0.632242  
1.83242  2.1035  
2.10243  1.03686  
1.8902  1.89052  
1.80246  2.17499  
2.12543  0.857226  
2.01525  1.53737  
0.882288  3.6658  
1.54597  2.7123  
1.7235  2.2476  
2.13564  0.705695  
1.3384  2.98623  
2.11629  0.936849  
1.45998  2.80389  
1.75535  2.23104  
1.05794  3.4307  
1.28683  3.07696  
0.710041  3.82722  
1.61102  2.55634  
1.62837  2.5135  
1.70996  2.29069  
1.84267  2.06777  
1.86449  1.98952  
1.23251  3.16854  
0.684016  3.84642  
0.948898  3.58852  
1.90386  1.83848  
2.0935  1.10536  
1.92892  1.72575  
0.776527  3.77326  
0.74529  3.79877  
1.64717  2.4642  
2.06423  1.31916  
0.311994  4.06774  
2.15946  0.159506  
1.07467  3.39632  
2.02867  1.49868  
0.358628  4.0518  
1.02533  3.47819  
1.37084  2.92119  
0.479063  3.99601  
1.91587  1.78426  
1.58162  2.62852  
2.07433  1.2491  
1.00928  3.50304  
2.0419  1.44591  
2.08586  1.16853  
1.04343  3.45274  
0.257316  4.08306  
1.09555  3.36033  
1.56388  2.67067  
1.27174  3.10763  
2.10834  0.982264  
1.25677  3.138  
0.861005  3.68739  
2.15241  0.485702  
0.925883  3.61595  
1.85295  2.03312  
1.13712  3.30497  
0.440558  4.01672  
1.87777  1.94068  
1.90218  1.84223  
0.182337  4.09626  
1.80148  2.17387  
1.88975  1.8915  
0.711412  3.8248  
1.02491  3.47778  
1.70908  2.2898  
2.01705  1.53245  
1.72339  2.24749  
0.860982  3.68737  
0.107368  4.10737  
2.10156  1.03932  
1.33829  2.98504  
1.85293  2.03255  
1.23298  3.16735  
1.95368  1.60799  
1.52991  2.74524  
1.11422  3.32931  
1.04381  3.44933  
0.770706  3.77741  
0.834872  3.71538  
2.10936  0.97231  
1.62813  2.51216  
1.57884  2.63347  
1.21047  3.19099  
1.99589  1.56478  
1.28648  3.07662  
1.35207  2.95229  
1.83329  2.09997  
0.508125  3.97437  
1.60984  2.55794  
0.638315  3.88559  
1.16132  3.2724  
0.437637  4.01789  
1.30161  3.04473  
1.84327  2.06477  
0.661365  3.86607  
2.06408  1.31901  
1.8644  1.98797  
1.25741  3.13658  
1.05967  3.42411  
1.81932  2.136  
1.94333  1.66086  
2.07435  1.24876  
0.358452  4.05163  
1.38406  2.89315  
1.54363  2.71503  
1.13294  3.30516  
1.07806  3.38956  
2.03019  1.49037  
0.256309  4.08295  
2.04302  1.43774  
2.15786  0.157888  
1.91546  1.78385  
0.53817  3.95289  
1.78417  2.20149  
0.882198  3.66571  
2.1521  0.485391  
1.27233  3.10617  
2.14622  0.612907  
0.684008  3.84575  
0.925726  3.6158  
1.59511  2.59385  
1.17874  3.24327  
1.09504  3.35983  
1.37101  2.91965  
1.75421  2.23042  
0.55788  3.94022  
1.40336  2.85758  
2.13492  0.704094  
1.69602  2.32928  
1.50331  2.77401  
1.1938  3.2146  
0.573582  3.9265  
1.92878  1.72561  
0.989355  3.53043  
0.79053  3.75813  
0.742783  3.79971  
0.948721  3.58834  
1.64676  2.46379  
1.87776  1.94067  
0.810217  3.73903  
1.00872  3.50248  
2.05461  1.38088  
1.97326  1.58926  
1.45968  2.8036  
1.66429  2.4173  
0.97029  3.55655  
2.09337  1.10523  
2.08527  1.17213  
2.12322  0.856769  
0.479256  3.99456  
0.397132  4.03624  
0.90264  3.6418  
1.56293  2.67181  
1.42527  2.81544  
1.68125  2.37112  
0.31399  4.06673  
0.607661  3.90771  
1.31564  3.0165  
1.28643  3.07656  
0.25788  4.08214  
2.06394  1.31887  
2.1111  0.958335  
1.04334  3.44927  
1.52979  2.74512  
0.396669  4.03588  
1.9996  1.5575  
0.969666  3.55516  
0.630735  3.88445  
1.45925  2.80316  
1.6465  2.46353  
1.81928  2.13596  
2.03154  1.484  
2.10191  1.03339  
1.11402  3.32911  
0.810017  3.73865  
0.711501  3.82438  
0.861165  3.68656  
0.989269  3.52876  
0.502397  3.97589  
2.01856  1.52269  
1.6957  2.32892  
1.86487  1.98608  
1.59497  2.59371  
1.17853  3.24307  
2.09314  1.105  
1.7813  2.20479  
1.00736  3.50383  
1.02594  3.47538  
0.660485  3.86659  
1.85365  2.02905  
1.07723  3.39005  
1.13231  3.30421  
2.12322  0.856769  
0.743017  3.79902  
1.54441  2.71336  
2.05433  1.38059  
0.474468  3.99477  
2.07424  1.24863  
0.601641  3.90608  
1.62784  2.51187  
1.31548  3.01634  
0.927185  3.61013  
0.946137  3.58185  
1.3398  2.97989  
1.92895  1.72446  
1.23271  3.1671  
1.91546  1.78385  
0.358229  4.0515  
0.437489  4.01774  
2.04387  1.43263  
1.56285  2.67173  
1.87752  1.94043  
1.66437  2.41669  
1.90188  1.84192  
1.27335  3.10337  
1.75393  2.23014  
1.94307  1.65922  
1.88965  1.8914  
1.68108  2.37095  
1.1935  3.21472  
2.08502  1.17023  
1.60952  2.55776  
1.9536  1.6079  
1.30186  3.04396  
1.09467  3.35945  
0.882169  3.66568  
1.80141  2.17367  
1.37094  2.91959  
1.84353  2.06297  
0.903086  3.64116  
1.5028  2.77351  
0.834624  3.71513  
0.106444  4.10644  
0.791312  3.75654  
1.57878  2.63156  
1.38371  2.89279  
1.72319  2.24729  
2.13549  0.686661  
1.21021  3.1912  
1.25725  3.13642  
1.16113  3.27221  
1.05932  3.42392  
1.97429  1.58763  
0.770756  3.77495  
1.42566  2.81201  
2.14448  0.611554  
1.70889  2.28962  
0.539579  3.95119  
2.15568  0.155684  
1.83338  2.0996  
2.1502  0.483496  
2.12909  0.789408  
1.35207  2.95229  
0.182271  4.09605  
1.40318  2.85739  
0.313768  4.06651  
0.683874  3.84558  
0.569244  3.9292  
