2.33737  0.170921  
1.83885  0.336976  
1.30405  0.630645  
0.651167  1.18121  
0.111024  0.666798  
0.151945  0.610199  
1.17923  0.732818  
1.02079  0.838229  
1.48054  0.359485  
1.3321  0.738604  
2.18447  0.137315  
1.08576  0.631679  
0.0756701  0.724918  
0.0925382  0.695799  
2.4567  0.0611016  
0.544637  1.19434  
2.05851  0.203793  
0.197456  0.55564  
0.71929  1.20147  
0.161781  0.59778  
1.68936  0.371925  
0.704568  1.01752  
2.62865  0.0143805  
0.638835  1.14968  
0.919006  1.14176  
1.11841  0.828772  
0.0863095  0.706215  
2.61935  0.0254098  
0.914706  1.05204  
1.60752  0.424861  
0.667013  1.26132  
0.0804118  0.71643  
0.673517  0.940038  
0.885106  1.16596  
1.32343  0.772311  
1.74721  0.345031  
1.89887  0.127136  
0.902141  1.18018  
1.2054  0.798288  
1.81486  0.239337  
2.21572  0.211739  
2.09638  0.171394  
0.957653  0.902794  
1.81346  0.45854  
2.32673  0.00480427  
0.884938  1.14916  
1.62484  0.486746  
0.186498  0.568146  
0.129747  0.639795  
2.04582  0.227408  
0.68938  1.15443  
0.00490903  0.929936  
1.54059  0.71405  
0.726652  1.15533  
1.88421  0.355877  
0.564025  1.4816  
0.0304498  0.825501  
0.6726  1.2778  
0.17029  0.587338  
1.68901  0.461299  
1.67802  0.399957  
2.1602  0.122453  
0.0839931  0.710184  
1.36834  0.680013  
0.16845  0.589573  
1.73994  0.554944  
1.12384  0.952061  
1.95908  0.350188  
2.13963  0.131457  
1.18101  0.787102  
2.03389  0.250122  
0.165169  0.593591  
1.73722  0.471787  
2.17593  0.1466  
0.553209  1.09722  
1.08209  0.945839  
1.6073  0.420267  
0.812697  0.913433  
2.16115  0.0587767  
1.6151  0.523552  
1.10439  0.854306  
2.17657  0.136445  
0.882152  0.992738  
0.541354  1.05132  
1.87535  0.147424  
1.36981  0.667219  
1.33712  0.667575  
0.553774  1.26902  
1.79891  0.431553  
1.13589  0.603352  
1.472  0.722408  
2.04498  0.299086  
0.0767256  0.723006  
1.65862  0.461395  
0.965699  1.00924  
0.872132  1.06866  
2.01502  0.264096  
0.771889  1.23236  
1.95847  0.232632  
0.0347732  0.813524  
1.56185  0.179493  
1.78489  0.108913  
1.59466  0.111284  
1.38947  0.330991  
1.74236  0.0657902  
1.41815  0.12184  
1.67312  0.024323  
1.3669  0.157088  
1.95666  0.000333007  
1.41484  0.099709  
1.46248  0.0601103  
1.48045  0.0561742  
1.52212  0.0190308  
1.32534  0.107825  
1.67339  0  
1.34384  0.0615491  
1.63943  0  
1.57209  0.0017917  
1.40957  0.0315588  
1.39439  0.0482598  
1.41406  0.0119243  
1.60455  2.98297e-07  
0.0536641  0.768345  
0.160199  0.599751  
0.192111  0.561695  
0.145501  0.618554  
0.102005  0.680619  
1.43839  0  
0.0144456  0.87981  
0.00274854  0.947573  
0.071893  0.731871  
1.35917  0.0059123  
0.175607  0.580945  
0.0497794  0.776887  
1.33052  0  
0.0184963  0.863999  
0.0396846  0.80079  
0.0963398  0.689613  
0.0910488  0.698257  
0.00785065  0.911396  
0.116724  0.658351  
0.106187  0.674136  
0.110196  0.668042  
0.065677  0.743725  
0.0837556  0.710594  
1.51439  0  
0.0755478  0.72514  
0.199981  0.552807  
0.171195  0.586243  
1.02732  0.244723  
0.124113  0.647703  
0.131161  0.637839  
0.138442  0.627922  
0.179033  0.576877  
1.14984  0.00500175  
0.0316362  0.822134  
1.23447e-05  0.996486  
0.106187  0.674136  
1.28349  2.3861e-07  
0.0606468  0.753734  
0.0292397  0.829004  
0.168475  0.589543  
0.119001  0.655035  
0.0221607  0.851135  
0.184313  0.570683  
1.09309  0.0479452  
0.153268  0.608505  
0.0414444  0.796421  
0.0336457  0.816572  
1.42393  2.40595e-07  
0.0807711  0.715797  
0.0234221  0.846957  
0.00232077  0.951826  
0.162882  0.596414  
0.188439  0.565904  
0.127414  0.643049  
0.155716  0.605391  
0.0201753  0.85796  
0.132315  0.636249  
0.165785  0.592833  
0.14617  0.617679  
0.158934  0.601335  
0.128966  0.640882  
0.12599  0.645049  
0.175427  0.58116  
0.131619  0.637206  
0.192111  0.561695  
1.27697  0.00531803  
1.14498  1.04135  
1.25501  0.0526111  
1.26053  0.0423492  
1.37948  0.00343034  
1.29847  0.0315836  
1.46796  4.97934e-05  
1.27344  0.074073  
1.27922  0.0531125  
1.46052  0.000314336  
1.2973  0.044756  
1.3041  0.0572007  
1.4777  0.00351733  
0.037447  0.806488  
0.054787  0.765934  
0.048527  0.779712  
0.0339486  0.815749  
0.0445315  0.788975  
0.0158571  0.874075  
0.0477073  0.78158  
0.0469854  0.783239  
0.0665715  0.741986  
0.0210989  0.854746  
0.0142565  0.8806  
0.154203  0.607313  
0.0659064  0.743278  
0.177065  0.579209  
0.0799445  0.717255  
0.0511985  0.773729  
0.101502  0.681407  
0.0170254  0.869518  
0.144856  0.6194  
0.0252182  0.841198  
0.0335226  0.816908  
0.048527  0.779712  
0.0445315  0.788975  
0.0778091  0.721057  
0.0260607  0.838567  
0.130608  0.638602  
1.17277  3.05559e-08  
0.162729  0.596603  
0.115072  0.660777  
0.103315  0.678574  
0.142502  0.622505  
0.0901789  0.699702  
0.117098  0.657805  
0.145977  0.61793  
0.176613  0.579746  
0.00265248  0.948498  
0.0498093  0.77682  
0.0369676  0.80773  
0.0719338  0.731795  
0.100494  0.682993  
0.191847  0.561996  
0.096759  0.688939  
0.148151  0.615096  
0.905981  0.215817  
0.0551729  0.765111  
0.0837699  0.71057  
0.164086  0.594925  
0.00784733  0.911415  
1.05186  0.0115443  
0.199999  0.552787  
0.15745  0.6032  
0.0304167  0.825596  
0.0144849  0.879647  
0.0396498  0.800878  
1.7055e-05  0.99587  
0.138464  0.627892  
0.18412  0.570908  
0.168413  0.589618  
0.124122  0.647691  
0.0662688  0.742573  
0.0521013  0.771743  
1.1475  5.87341e-05  
0.110207  0.668026  
0.000348816  0.981323  
0.0606112  0.753807  
0.0219016  0.852008  
0.153223  0.608563  
0.0339486  0.815749  
0.00486697  0.930236  
0.0178914  0.866241  
0.0102156  0.898928  
0.000997594  0.968415  
0.0128652  0.886575  
0.133504  0.634618  
0.171494  0.585882  
0.106295  0.673971  
0.113364  0.663304  
0.149665  0.613134  
0.119648  0.654099  
0.0471684  0.782817  
0.00138371  0.962802  
0.0635862  0.747837  
0.181131  0.574405  
0.0806464  0.716017  
0.0686031  0.738078  
0.0857027  0.70725  
0.0416678  0.795873  
0.0586515  0.757819  
0.0195551  0.860161  
0.0238876  0.845444  
0.0288459  0.830159  
0.0360204  0.81021  
0.0160262  0.873405  
0.00525508  0.927508  
0.12273  0.649671  
0.00298771  0.94534  
0.155482  0.605688  
0.107659  0.671885  
0.0206372  0.856343  
0.0381952  0.804564  
0.129702  0.639858  
0.0985689  0.686043  
0.193983  0.559565  
0.118716  0.655448  
0.122324  0.650251  
0.0951549  0.691528  
0.101796  0.680946  
0.136735  0.630223  
0.0918249  0.696974  
0.125908  0.645166  
0.133009  0.635295  
0.143886  0.620676  
0.174265  0.58255  
0.170398  0.587207  
0.166569  0.591872  
0.162868  0.596431  
0.108484  0.670632  
0.186057  0.568657  
0.178208  0.577853  
0.189981  0.564131  
0.140253  0.625496  
0.198153  0.554856  
0.0261412  0.838318  
0.0662259  0.742656  
0.131239  0.63773  
0.117157  0.657718  
0.0240469  0.844929  
0.176205  0.580232  
0.160842  0.598948  
0.0144198  0.879918  
0.0446886  0.788603  
0.0304794  0.825416  
0.0807933  0.715758  
0.0350085  0.812895  
0.00273213  0.94773  
0.0498511  0.776726  
0.145844  0.618105  
0.0719425  0.731779  
1.13357  2.74002e-08  
0.1685  0.589513  
0.00643883  0.919758  
0.0967831  0.6889  
0.0837563  0.710593  
0.157251  0.603451  
0.138461  0.627896  
0.0180729  0.865564  
0.191987  0.561837  
0.873378  0.208051  
0.195908  0.557386  
0.103429  0.678396  
0.184034  0.571008  
0.0778139  0.721049  
0.0902146  0.699643  
0.0283003  0.831773  
0.00784521  0.911427  
0.00175498  0.958107  
0.199999  0.552787  
1.48116e-05  0.996151  
0.0396764  0.800811  
0.055167  0.765123  
0.110205  0.668029  
1.05186  0.0115443  
0.124151  0.64765  
0.0606091  0.753811  
0.0219818  0.851738  
0.0097616  0.901199  
0.153284  0.608485  
0.000484094  0.977998  
0.0110076  0.895083  
0.00386735  0.937812  
0.00510099  0.928579  
0.00100132  0.968356  
0.187995  0.566416  
0.142162  0.622956  
0.164668  0.594207  
0.180131  0.575581  
0.149165  0.613781  
0.113717  0.662781  
0.172347  0.584853  
0.13484  0.632794  
0.0869882  0.705062  
0.0934883  0.694241  
0.120647  0.652657  
0.127695  0.642655  
0.106756  0.673264  
0.100074  0.683655  
0.0748689  0.726378  
0.063507  0.747994  
0.0690979  0.737135  
0.0524202  0.771045  
0.0579067  0.759362  
0.047234  0.782666  
0.0421618  0.794667  
0.0326372  0.819342  
0.0373843  0.80665  
0.0199683  0.858691  
0.0162362  0.872579  
0.0127319  0.887164  
0.151396  0.610904  
0.155379  0.605819  
0.115281  0.660469  
0.125879  0.645205  
0.0920031  0.69668  
0.166662  0.591757  
0.118822  0.655294  
0.108568  0.670503  
0.13676  0.630189  
0.111885  0.665508  
0.151417  0.610877  
0.143957  0.620583  
0.0983315  0.686422  
0.197982  0.555049  
0.15517  0.606084  
0.170454  0.58714  
0.190123  0.563969  
0.158945  0.601321  
0.162491  0.596899  
0.178184  0.577881  
0.18602  0.568699  
0.182143  0.573218  
0.140256  0.625492  
0.174298  0.58251  
0.0261091  0.838417  
0.0349516  0.813047  
0.0551037  0.765258  
0.0777647  0.721137  
0.191997  0.561825  
0.0446306  0.788741  
0.180147  0.575563  
0.0901174  0.699804  
0.117047  0.657879  
0.131192  0.637796  
0.17624  0.580191  
0.0143784  0.88009  
0.10337  0.678488  
0.0304438  0.825518  
0.142104  0.623034  
0.00273522  0.947701  
0.066162  0.74278  
0.0472117  0.782718  
0.0497826  0.77688  
0.0718964  0.731865  
0.0837123  0.710669  
1.48116e-05  0.996151  
0.00210903  0.954076  
0.0078368  0.911474  
0.145782  0.618186  
0.199999  0.552787  
0.149567  0.613261  
1.04997  0.0115237  
0.13479  0.632862  
0.13842  0.627951  
0.0396213  0.800949  
0.16084  0.598951  
0.168489  0.589526  
0.110173  0.668077  
0.0180376  0.865696  
0.0605608  0.753909  
0.846761  0.20171  
0.000994934  0.968457  
0.153283  0.608486  
0.0966801  0.689066  
1.13265  2.73778e-08  
0.120531  0.652825  
0.0219489  0.851848  
0.184076  0.57096  
0.0421178  0.794774  
0.124082  0.647748  
0.0109316  0.895446  
0.00508533  0.928689  
0.172347  0.584853  
0.188025  0.566381  
0.164696  0.594173  
0.19601  0.557269  
0.157048  0.603708  
0.106755  0.673267  
0.100024  0.683734  
0.127601  0.642787  
0.0934151  0.694361  
0.113613  0.662935  
0.0869175  0.705182  
0.0747917  0.726519  
0.0690154  0.737292  
0.0633109  0.748383  
0.0807325  0.715865  
0.0578259  0.75953  
0.000354205  0.98118  
0.0524054  0.771078  
0.0326583  0.819284  
0.0372712  0.806943  
0.0240133  0.845038  
0.0282546  0.831909  
0.0199962  0.858592  
0.0126099  0.887706  
0.0162402  0.872563  
0.00944295  0.902825  
0.00640859  0.919946  
0.00385756  0.937891  
0.147681  0.615707  
0.194017  0.559527  
0.15139  0.610911  
0.195995  0.557286  
0.134801  0.632848  
0.0718803  0.731895  
1.12771  2.72584e-08  
0.15327  0.608503  
0.125849  0.645248  
1.04836  0.0115059  
0.122276  0.65032  
0.0578111  0.759561  
0.180136  0.575576  
0.111882  0.665512  
0.0661633  0.742778  
0.080682  0.715954  
0.0239792  0.845148  
0.174283  0.582527  
0.157041  0.603716  
0.0690208  0.737282  
0.155149  0.60611  
0.158948  0.601317  
0.0777249  0.721208  
0.190002  0.564108  
0.0999897  0.683789  
0.106722  0.673317  
0.0933935  0.694397  
0.193981  0.559568  
0.120544  0.652805  
0.136598  0.630409  
0.176229  0.580204  
0.0868891  0.70523  
0.0446339  0.788733  
0.145799  0.618163  
0.0282269  0.831991  
0.0180362  0.865701  
0.0633343  0.748337  
0.108446  0.670689  
0.00273034  0.947747  
0.037263  0.806964  
0.186041  0.568675  
0.812272  0.193494  
0.131197  0.637788  
0.0901292  0.699785  
0.160827  0.598967  
0.199999  0.552787  
0.191996  0.561827  
0.0199575  0.858729  
0.129422  0.640248  
0.168478  0.58954  
0.182097  0.573271  
0.0326617  0.819275  
0.0836935  0.710702  
0.00507937  0.92873  
0.0605488  0.753933  
0.00639729  0.920017  
0.00933914  0.903361  
0.0126253  0.887638  
0.0349418  0.813073  
0.0524379  0.771007  
0.0966783  0.689069  
0.147649  0.615749  
0.000379856  0.98051  
0.16273  0.596602  
0.188022  0.566385  
0.030417  0.825595  
0.000990701  0.968525  
0.166548  0.591898  
0.178186  0.57788  
0.0161753  0.872818  
0.0260832  0.838497  
0.127625  0.642754  
0.197989  0.555041  
0.118777  0.655359  
0.138423  0.627948  
0.0421043  0.794807  
0.133002  0.635306  
0.0747769  0.726546  
0.0551002  0.765266  
0.0471927  0.782761  
0.172344  0.584856  
0.149519  0.613323  
3.29246e-11  0.999994  
0.0396153  0.800964  
0.143949  0.620593  
0.184066  0.570971  
0.140264  0.625482  
0.117056  0.657866  
0.0219204  0.851945  
0.0143585  0.880173  
0.113596  0.66296  
0.00385106  0.937943  
0.0109451  0.895381  
0.103339  0.678536  
0.00779679  0.911701  
0.110153  0.668107  
0.00179871  0.957589  
0.142108  0.623028  
0.124073  0.647759  
0.0498012  0.776838  
0.170417  0.587184  
0.164644  0.594236  
0.0936399  0.693994  
0.00780982  0.911627  
0.135172  0.632342  
0.143462  0.621237  
0.0295268  0.828166  
0.012123  0.889895  
0.167325  0.590946  
0.0185518  0.863795  
0.145512  0.61854  
0.0239188  0.845343  
0.139402  0.626634  
0.177417  0.578791  
0.00287209  0.946408  
0.0276313  0.833773  
0.128699  0.641253  
0.185529  0.56927  
1.0461  0.00940864  
0.792854  0.188869  
0.0373262  0.8068  
0.169798  0.587934  
0.0314189  0.822746  
0.0393742  0.801571  
0.160299  0.599627  
0.0502794  0.775769  
0.164907  0.593912  
0.0714628  0.732675  
0.11521  0.660574  
0.0352975  0.812124  
0.124274  0.647475  
0.0985936  0.686004  
0.10104  0.682132  
0.117567  0.65712  
0.0911732  0.698051  
0.0617835  0.751437  
0.194134  0.559394  
0.0571063  0.761031  
0.0203013  0.857517  
0.103452  0.678361  
0.188355  0.566002  
0.0641644  0.746693  
0.076376  0.723638  
0.0886977  0.702178  
0.0525462  0.77077  
0.0788417  0.719212  
3.29246e-11  0.999994  
0.00518716  0.927978  
0.149593  0.613227  
1.05147  0.00397844  
0.126494  0.64434  
0.0665755  0.741978  
0.000330599  0.981818  
0.0168561  0.870169  
1.06235  6.50602e-05  
0.174824  0.58188  
0.197036  0.556113  
0.041495  0.796297  
0.180071  0.575653  
0.0961137  0.689978  
0.151669  0.610553  
0.158046  0.602449  
0.0106517  0.896793  
0.137282  0.629484  
0.130886  0.638218  
0.0690053  0.737311  
0.0862241  0.706361  
0.141427  0.623932  
0.0813177  0.714837  
0.147543  0.615886  
0.10584  0.674669  
0.110543  0.667521  
0.153756  0.607883  
1.11222  8.6487e-09  
0.155868  0.605199  
0.0480409  0.780818  
0.0594277  0.756222  
0.0458384  0.785901  
0.122049  0.650645  
0.0257688  0.839473  
0.112894  0.664003  
0.162567  0.596804  
0.108235  0.671009  
0.17234  0.584862  
0.0739162  0.728125  
0.00645997  0.919626  
0.133067  0.635217  
0.191235  0.562695  
0.1198  0.653878  
0.182764  0.572491  
0.00100633  0.968277  
0.0548148  0.765874  
0.0220954  0.851355  
0.00397892  0.936921  
0.199999  0.552787  
0.0837785  0.710555  
0.0333371  0.817415  
0.0136516  0.88316  
0.00920069  0.90408  
0.00187427  0.956707  
0.0436556  0.791061  
0.0152323  0.876581  
0.785653  0.187154  
0.0238979  0.845411  
0.00101983  0.968065  
0.00398493  0.936874  
0.00778804  0.91175  
0.00918493  0.904162  
0.0314232  0.822734  
0.0571125  0.761018  
0.05253  0.770806  
0.172659  0.584478  
0.197088  0.556054  
0.16529  0.593442  
0.0713798  0.73283  
0.0220875  0.851381  
0.0169014  0.869995  
0.14404  0.620474  
0.110196  0.668042  
0.0480444  0.78081  
0.0276037  0.833856  
0.160503  0.599372  
0.0548098  0.765885  
0.0394624  0.801349  
0.0374079  0.806589  
0.162889  0.596404  
0.0333782  0.817303  
0.132842  0.635525  
0.061793  0.751418  
0.0885744  0.702385  
0.139474  0.626537  
1.058  5.95935e-06  
0.086091  0.706587  
0.183091  0.572109  
0.146319  0.617484  
0.194195  0.559325  
0.126262  0.644667  
0.114868  0.661079  
0.170173  0.58748  
0.185798  0.568958  
0.14174  0.623517  
1.10862  4.626e-09  
0.117218  0.657628  
0.0353795  0.811906  
0.128461  0.641586  
0.155766  0.605328  
0.0502754  0.775778  
0.0257393  0.839565  
0.121764  0.651053  
1.0461  0.00940864  
0.119504  0.654306  
3.29246e-11  0.999994  
0.0121286  0.88987  
0.103098  0.678912  
0.158133  0.602341  
0.0294998  0.828245  
0.15339  0.60835  
0.0762605  0.723847  
0.188571  0.565752  
0.135035  0.632529  
0.0665755  0.741978  
0.105462  0.675251  
0.0415605  0.796136  
0.0910236  0.698299  
1.05194  0.00246898  
0.0458539  0.785865  
0.107826  0.671631  
0.000339769  0.981567  
0.0203185  0.857457  
0.0934741  0.694265  
0.0738099  0.72832  
0.148643  0.614458  
0.124017  0.64784  
1.05048  0.00385143  
0.0152623  0.876459  
0.0836274  0.710816  
0.0811821  0.715075  
0.167725  0.590458  
0.0958834  0.69035  
0.00288099  0.946325  
0.137247  0.629531  
0.180427  0.575233  
0.0106321  0.896888  
0.0594443  0.756188  
0.175171  0.581465  
0.0787099  0.719447  
0.191382  0.562528  
0.064172  0.746678  
0.199999  0.552787  
0.00517913  0.928034  
0.0689695  0.73738  
0.0185877  0.863663  
0.00645257  0.919672  
0.177798  0.578339  
0.112539  0.664532  
0.100712  0.682648  
0.151008  0.611403  
0.00188434  0.956591  
0.0136697  0.883082  
0.0436852  0.79099  
0.130646  0.63855  
0.0982979  0.686475  
0.00398365  0.936884  
3.29246e-11  0.999994  
0.00101983  0.968065  
0.00188434  0.956591  
0.0091702  0.904239  
0.00288099  0.946325  
0.0586935  0.757733  
0.172881  0.584211  
0.000339769  0.981567  
0.175457  0.581124  
0.155755  0.605342  
0.0136675  0.883092  
0.10531  0.675484  
0.0152626  0.876458  
0.0169025  0.86999  
0.0185898  0.863656  
0.0314343  0.822703  
0.0276035  0.833857  
0.158135  0.602338  
0.0543931  0.766777  
0.153389  0.608351  
0.102922  0.679186  
0.0374113  0.80658  
1.04873  0.00381979  
0.19715  0.555984  
0.0106193  0.89695  
0.00517464  0.928065  
0.0500792  0.776216  
0.0436811  0.791  
0.110038  0.66828  
0.116991  0.657961  
0.183344  0.571814  
0.128301  0.641809  
0.0981245  0.686752  
0.126068  0.64494  
0.784705  0.186928  
0.0811715  0.715094  
0.0764761  0.723457  
0.0718715  0.731911  
0.0353901  0.811877  
0.0652026  0.744652  
0.074148  0.727699  
0.123804  0.648143  
0.13727  0.6295  
0.0630228  0.748957  
0.0121195  0.889912  
1.04405  0.00939021  
0.0673968  0.740391  
0.0932644  0.694608  
0.100541  0.682918  
0.141793  0.623445  
0.180667  0.574951  
0.186031  0.568687  
0.162946  0.596334  
0.0608358  0.753351  
0.107646  0.671906  
0.191557  0.562328  
0.0415699  0.796113  
0.194347  0.559152  
0.0565361  0.762227  
0.139527  0.626467  
0.033394  0.81726  
0.135021  0.632548  
0.199999  0.552787  
0.0695976  0.736186  
0.132793  0.635593  
0.119238  0.654692  
0.0957002  0.690645  
1.05592  2.66909e-06  
0.0257291  0.839597  
0.170336  0.587282  
0.146377  0.617407  
0.0220866  0.851384  
0.148688  0.614399  
0.0238923  0.845429  
0.0835819  0.710895  
0.112362  0.664795  
0.0884373  0.702616  
0.00777634  0.911816  
0.167833  0.590326  
0.165393  0.593315  
0.0788029  0.719281  
0.0908451  0.698595  
0.12152  0.651402  
0.114684  0.66135  
1.05014  0.0017938  
0.18878  0.565512  
0.0203185  0.857457  
0.0295029  0.828236  
0.0860079  0.706729  
0.130543  0.638693  
0.17805  0.578041  
0.00644134  0.919742  
0.144075  0.620427  
0.039474  0.801319  
0.151028  0.611377  
0.0458083  0.785971  
0.0479321  0.781066  
0.0522444  0.77143  
0.160527  0.599341  
0.0980004  0.68695  
3.29246e-11  0.999994  
0.00644134  0.919742  
0.0091702  0.904239  
0.00188537  0.956579  
0.00517464  0.928065  
0.00777573  0.91182  
0.0039829  0.93689  
0.00102158  0.968038  
0.0152662  0.876444  
0.0136675  0.883092  
0.0185898  0.863656  
0.128225  0.641915  
0.0220866  0.851384  
0.0169078  0.86997  
0.0203185  0.857457  
0.0788442  0.719208  
1.04405  0.00939021  
0.0629586  0.749084  
0.165429  0.59327  
0.119093  0.654901  
0.0238891  0.845439  
0.0394664  0.801339  
0.0353952  0.811864  
0.0521155  0.771712  
0.158179  0.602282  
0.178204  0.577858  
0.160592  0.599261  
0.114428  0.661727  
0.0741872  0.727627  
0.0607649  0.753495  
0.102753  0.679449  
0.0718858  0.731885  
0.77724  0.185149  
0.0499797  0.776439  
0.076504  0.723406  
0.130479  0.638781  
0.139533  0.626459  
0.199999  0.552787  
0.144101  0.620394  
0.19719  0.555939  
0.0415415  0.796183  
0.105105  0.675801  
0.0859711  0.706792  
0.0955711  0.690854  
0.135019  0.63255  
0.146409  0.617365  
0.107446  0.67221  
0.0436439  0.791089  
0.0907935  0.69868  
0.000340621  0.981544  
0.116764  0.658292  
0.100367  0.683192  
0.0333981  0.817249  
0.0374175  0.806564  
0.121379  0.651605  
0.125939  0.645121  
0.0457397  0.786132  
0.180848  0.574737  
0.151063  0.611332  
0.170474  0.587115  
1.04938  0.00193429  
0.06517  0.744716  
0.0812034  0.715038  
0.0883716  0.702726  
0.123668  0.648336  
0.137273  0.629496  
0.183502  0.571628  
0.0696275  0.73613  
1.05331  4.39487e-08  
0.163003  0.596264  
0.0257281  0.8396  
0.0931773  0.69475  
1.04861  0.00381936  
0.0673906  0.740403  
0.167905  0.590237  
0.188889  0.565386  
0.155794  0.605293  
0.0275989  0.833871  
0.15342  0.608312  
0.0295008  0.828242  
0.0121195  0.889912  
0.173006  0.58406  
0.058586  0.757954  
0.194389  0.559104  
0.17556  0.581001  
0.132773  0.63562  
0.186169  0.568527  
0.0314343  0.822703  
0.0478501  0.781253  
0.191636  0.562237  
0.112096  0.665192  
0.148725  0.614351  
0.083593  0.710875  
0.141808  0.623425  
0.0564211  0.762469  
0.109778  0.668672  
0.0542539  0.767075  
0.00288182  0.946317  
0.0106188  0.896953  
0.111956  0.665402  
3.29246e-11  0.999994  
1.04405  0.00939021  
1.05257  5.27166e-09  
0.00188589  0.956573  
0.00102171  0.968036  
0.00288182  0.946317  
0.00637558  0.920153  
0.0039829  0.93689  
0.00768744  0.912322  
0.104917  0.676091  
0.0906658  0.698892  
0.158222  0.602228  
0.0354518  0.811714  
0.0195561  0.860157  
0.0134178  0.884165  
0.0563741  0.762568  
0.0211561  0.854549  
0.0478095  0.781346  
0.121275  0.651755  
0.0261859  0.838179  
0.0696354  0.736115  
0.0719032  0.731852  
0.144105  0.620389  
0.033494  0.816986  
0.0954309  0.691081  
0.128157  0.64201  
0.0456959  0.786234  
0.0394706  0.801328  
0.0415195  0.796237  
0.153444  0.608281  
0.0520641  0.771824  
0.178269  0.577781  
1.04855  0.00193276  
0.768449  0.183055  
0.0585529  0.758023  
0.0859379  0.706848  
0.148737  0.614335  
0.0765076  0.7234  
0.0788359  0.719223  
0.0651508  0.744753  
0.0883142  0.702823  
0.17567  0.580869  
0.0741932  0.727616  
0.151082  0.611307  
0.0673873  0.740409  
0.146415  0.617358  
0.137252  0.629524  
0.11665  0.65846  
0.0978168  0.687243  
0.000340621  0.981544  
0.0119436  0.890713  
0.163068  0.596183  
0.0835507  0.710949  
0.102538  0.679784  
0.107262  0.672491  
0.197201  0.555927  
0.125875  0.645211  
0.0499339  0.776541  
0.123586  0.648452  
0.0607417  0.753542  
0.0374513  0.806477  
0.194435  0.559052  
0.0811871  0.715066  
0.118974  0.655073  
0.130439  0.638836  
0.139531  0.626462  
0.173103  0.583944  
0.00517464  0.928065  
0.0930516  0.694956  
0.0104826  0.897615  
0.114293  0.661928  
0.168045  0.590067  
0.0279485  0.832822  
0.160633  0.59921  
0.155818  0.605262  
0.0179829  0.8659  
0.165545  0.593128  
0.183553  0.571569  
0.109635  0.668888  
0.100179  0.683489  
0.134978  0.632607  
0.0244758  0.843552  
0.18089  0.574688  
0.0629471  0.749107  
0.0435938  0.791209  
0.191672  0.562197  
0.188935  0.565334  
0.141813  0.623419  
0.0542197  0.767149  
0.186227  0.568459  
0.199999  0.552787  
0.0297249  0.827591  
0.0315789  0.822295  
0.0164417  0.871775  
0.0149311  0.877807  
0.0227944  0.849022  
0.00906806  0.904774  
0.1327  0.63572  
0.170575  0.586993  
