0.793525  0.767449  
1.05103  0.468879  
1.0192  0.406267  
0.799216  0.713467  
1.11584  0.265508  
0.242289  1.1672  
0.909756  0.614123  
0.882166  0.69893  
0.785788  0.799462  
0.675468  0.882344  
0.396034  1.12938  
0.371611  1.13772  
0.773404  0.804438  
0.940019  0.567145  
0.670701  0.873021  
1.10601  0.268932  
1.0729  0.338233  
1.08628  0.466867  
0.515185  1.05516  
1.02833  0.420174  
0.533968  1.0724  
0.998439  0.485578  
0.776666  0.768802  
0.477863  1.08188  
1.02038  0.398635  
0.734952  0.877934  
1.05931  0.409264  
0.831323  0.76402  
0.375721  1.12172  
0.731163  0.841351  
0.557984  0.98259  
0.45767  1.04119  
0.992999  0.487438  
0.246036  1.18642  
1.00154  0.504336  
0.436748  1.10174  
0.376624  1.17089  
0.54051  1.02756  
1.11891  0.255254  
0.80955  0.748692  
0.727718  0.898876  
0.502195  1.06658  
0.775876  0.759003  
0.329815  1.12379  
0.653804  0.994603  
0.298932  1.17915  
1.17425  0.281781  
0.338689  1.19078  
0.875617  0.634713  
0.498343  1.0709  
0.851674  0.775209  
1.06883  0.376694  
0.655124  0.993091  
1.02652  0.400238  
0.562753  0.972246  
0.665274  0.922118  
0.651328  0.928029  
0.732679  0.890345  
1.09663  0.340892  
0.803935  0.78273  
0.612512  1.00019  
0.274174  1.16454  
0.409265  1.11564  
0.640356  0.927335  
0.290236  1.16049  
0.969498  0.569737  
0.213768  1.16854  
0.29344  1.14927  
1.11358  0.287649  
0.797743  0.76451  
1.03314  0.361279  
0.268816  1.19796  
0.874594  0.630625  
0.254145  1.16213  
0.452719  1.05675  
0.596489  0.997109  
0.912527  0.615236  
1.00113  0.473969  
1.00247  0.48932  
1.06166  0.296285  
0.99106  0.47704  
0.335058  1.13726  
0.735954  0.907756  
0.373481  1.17843  
0.3498  1.13981  
0.787574  0.807961  
1.13862  0.222986  
0.193974  1.1756  
0.723603  0.866963  
0.794157  0.82979  
0.851701  0.679728  
0.607778  0.96444  
0.821593  0.772165  
0.414448  1.10169  
0.408565  1.08676  
1.00266  0.434501  
0.691706  0.875538  
0.809434  0.776918  
0.575209  1.06257  
0.795059  0.79584  
0.62572  0.729225  
0.531047  0.847655  
0.902011  0.366301  
0.813055  0.48908  
0.999773  0.193451  
0.124321  1.03303  
0.0406021  1.07825  
0.54203  0.801369  
0.324778  0.971443  
0.820098  0.470633  
0.739301  0.601611  
0.685535  0.652243  
0.283841  0.98826  
0.422567  0.912757  
0.775369  0.544022  
0.904287  0.354215  
0.568365  0.770765  
0.946813  0.245053  
0.662328  0.672041  
0.618129  0.731564  
0.532249  0.814907  
0.0454422  1.05563  
0.256057  0.990352  
0.479521  0.857447  
0.657584  0.665354  
0.995806  0.139888  
0.415166  0.894891  
0.534775  0.788775  
0.731979  0.562957  
0.562003  0.757361  
0.0346857  1.03067  
0.930126  0.238973  
0.454607  0.871209  
0.153854  1.02084  
0.807419  0.447319  
0.321955  0.955632  
0.362766  0.927251  
0.493613  0.846724  
0.901658  0.29595  
0.782675  0.495202  
0.607722  0.705709  
0.692077  0.600052  
0.729261  0.579848  
0.627639  0.687472  
1.02201  0.0696115  
0.866249  0.337117  
0.976517  0.147734  
0.502321  0.821332  
0.851323  0.377028  
0.546173  0.769597  
0.745498  0.532051  
0.310051  0.974973  
1.03356  0.040684  
0.774555  0.491915  
0.633453  0.693272  
0.670373  0.627756  
0.822875  0.436652  
0.958195  0.188029  
0.0277597  1.101  
1.04691  0.0340816  
0.136633  1.02849  
0.834479  0.390991  
0.263543  0.985659  
0.870247  0.320648  
0.426222  0.887607  
0.909655  0.272989  
0.951875  0.224501  
0.593258  0.745694  
0.942248  0.2293  
0.413054  0.925806  
0.029558  1.07295  
0.075799  1.02922  
0.770896  0.508207  
1.01142  0.131995  
0.53163  0.79937  
0.695179  0.625192  
0.538532  0.780698  
0.84047  0.386921  
1.03175  0.0539009  
0.47276  0.867647  
0.499677  0.84017  
0.490727  0.855329  
0.907955  0.293578  
0.0671743  1.03426  
1.04191  0.0512789  
0.85248  0.385034  
0.433995  0.891652  
0.0300827  1.0999  
0.550304  0.779925  
0.960644  0.200289  
0.827249  0.440847  
1.06991  0.0390119  
0.333884  0.95815  
0.916371  0.285653  
0.275872  0.993158  
0.48958  0.86673  
1.00711  0.163065  
0.746783  0.590665  
0.178142  1.02253  
0.379774  0.938145  
0.0406801  1.12559  
0.494363  0.825228  
0.646939  0.667152  
0.259395  0.98759  
0.930078  0.224439  
0.755784  0.531486  
0.531914  0.786147  
0.317863  0.955539  
0.829443  0.385531  
0.971175  0.149122  
1.07118  0.0361349  
0.591582  0.716094  
0.409569  0.882182  
0.873692  0.320141  
0.692513  0.607645  
1.0289  0.0468623  
0.0426402  1.02904  
0.252856  0.983191  
0.0256669  1.05679  
0.537157  0.776323  
0.408401  0.882308  
1.01281  0.072823  
0.669492  0.620889  
1.01373  0.0537966  
0.147882  1.01704  
0.369353  0.912801  
0.716914  0.56973  
0.704649  0.576297  
0.903151  0.264017  
0.51369  0.800178  
0.620227  0.678741  
0.998857  0.0974383  
0.842214  0.36082  
0.215072  1.00601  
0.741996  0.519315  
0.557045  0.745668  
0.459899  0.847111  
0.433299  0.864837  
1.00583  0.0799769  
0.904157  0.26147  
0.302892  0.951429  
0.799533  0.436832  
0.640712  0.648935  
0.254563  0.977807  
0.0256402  1.05906  
0.957892  0.183958  
0.537669  0.767839  
0.771037  0.483488  
0.352519  0.923427  
0.488274  0.819348  
0.867232  0.315831  
0.681801  0.597484  
1.02662  0.0270956  
0.026537  1.0227  
1.07826  0.0259158  
0.969946  0.135513  
0.591002  0.714614  
0.927845  0.220836  
0.82921  0.379045  
0.944155  0.198719  
0.344164  0.939593  
0.408542  0.881427  
0.726067  0.545493  
0.235657  0.991273  
0.897926  0.276789  
0.888286  0.303288  
0.789285  0.461903  
0.962579  0.17063  
0.818861  0.422088  
0.584823  0.731474  
0.984478  0.126573  
0.599502  0.708538  
0.529581  0.784683  
0.480988  0.830374  
0.282427  0.971877  
0.578047  0.737065  
0.911063  0.255434  
0.656955  0.640861  
0.0544039  1.02162  
0.616028  0.686968  
0.815862  0.42687  
0.766291  0.505282  
0.467904  0.842719  
0.865422  0.331383  
1.02118  0.0455466  
0.454656  0.85725  
0.992018  0.121103  
0.701748  0.585221  
0.738638  0.535413  
0.792601  0.457045  
0.525598  0.792697  
0.251577  0.983289  
0.785106  0.478023  
0.676282  0.617024  
0.900681  0.270939  
0.15765  1.01672  
0.839789  0.371708  
0.519084  0.798546  
0.739589  0.532063  
1.02497  0.041517  
0.463416  0.846103  
0.856744  0.353752  
0.348568  0.934334  
0.749081  0.511694  
1.01172  0.0682936  
0.687831  0.596525  
0.189425  1.00855  
1.00369  0.085602  
0.0254632  1.03031  
0.640128  0.648253  
0.904142  0.261464  
0.664895  0.629898  
0.251276  0.982755  
0.512521  0.800098  
0.503797  0.804525  
0.847118  0.355374  
0.671403  0.618502  
0.349181  0.930082  
0.900658  0.269775  
0.990753  0.11066  
0.770039  0.482878  
0.79256  0.454464  
1.01372  0.0531007  
0.669008  0.620473  
0.135651  1.01667  
0.841715  0.357204  
0.623466  0.673817  
0.556988  0.745652  
0.517761  0.790795  
0.71625  0.560191  
0.449363  0.855486  
0.620226  0.677834  
0.797045  0.43808  
0.0265049  1.02241  
0.894483  0.278574  
0.937135  0.19746  
1.00436  0.0794419  
0.52037  0.785513  
0.0253263  1.03787  
0.301474  0.951354  
0.198871  0.998652  
0.83917  0.362659  
1.04473  0.0209713  
0.486427  0.818958  
0.96878  0.131782  
0.352318  0.923089  
0.369064  0.91226  
0.78799  0.460134  
0.254169  0.976943  
0.681347  0.596885  
0.473658  0.835362  
0.738989  0.515686  
0.342852  0.936579  
1.02612  0.022467  
0.829056  0.378609  
0.908542  0.255174  
0.866988  0.315703  
0.814138  0.413769  
0.773167  0.471872  
0.405918  0.87884  
0.589623  0.714503  
0.277588  0.970892  
0.924151  0.21823  
0.637636  0.64884  
0.537271  0.767272  
0.962098  0.169907  
0.992273  0.105161  
0.701185  0.577404  
0.46513  0.842637  
0.232682  0.986412  
0.504911  0.802844  
0.605575  0.697998  
0.878497  0.300845  
0.724539  0.543943  
0.433092  0.864746  
0.822372  0.409376  
0.332087  0.940517  
0.764901  0.490387  
0.575267  0.732162  
1.01003  0.0696044  
0.957893  0.179791  
0.0288886  1.02112  
0.190026  1.00447  
0.977235  0.124638  
0.656507  0.640384  
0.749461  0.508955  
0.478058  0.83076  
0.527554  0.775753  
0.857479  0.347256  
0.902984  0.263704  
0.582426  0.723169  
0.598723  0.70519  
0.615651  0.686646  
0.999833  0.0940695  
0.459793  0.846636  
0.665853  0.626669  
0.737734  0.51916  
1.02407  0.0379821  
0.4303  0.868764  
0.865334  0.331376  
0.673941  0.61315  
0.0264731  1.02235  
1.02402  0.0378918  
0.513293  0.799631  
1.00708  0.0759097  
0.990483  0.110494  
0.665583  0.626659  
0.346746  0.928092  
0.846982  0.354715  
0.130794  1.01711  
0.900658  0.269533  
0.337256  0.935455  
0.653744  0.641602  
0.502382  0.805653  
0.977117  0.124339  
0.230174  0.988767  
0.272682  0.969864  
0.564834  0.742959  
1.0221  0.0424865  
0.865233  0.328038  
0.43349  0.863847  
0.792093  0.450442  
0.814129  0.413487  
0.668841  0.617378  
0.87696  0.297048  
0.841189  0.357102  
0.991915  0.0995972  
0.620223  0.677825  
0.937094  0.196884  
0.517936  0.784645  
0.368739  0.912256  
0.301471  0.951354  
0.656884  0.63797  
0.908335  0.255125  
0.135552  1.01667  
0.797003  0.438079  
0.894665  0.276479  
1.00977  0.0583681  
0.19887  0.998637  
0.556956  0.745652  
0.537271  0.766749  
0.687758  0.593741  
0.681238  0.596872  
0.430192  0.866388  
0.341016  0.930702  
0.737541  0.515096  
0.866987  0.315562  
0.483901  0.814919  
0.40515  0.877855  
0.027894  1.02034  
1.02612  0.0210678  
0.446613  0.855326  
0.773166  0.47185  
0.968672  0.131539  
0.0236824  1.02797  
0.589507  0.714503  
0.924132  0.218092  
0.254168  0.976867  
0.829004  0.378324  
0.603037  0.698002  
0.636706  0.648607  
0.998506  0.0896794  
0.712014  0.559976  
0.232666  0.985533  
1.03209  0.020795  
0.465026  0.842637  
0.701185  0.575385  
0.57523  0.730275  
0.622201  0.673439  
0.764685  0.489473  
0.956721  0.178877  
0.724533  0.543888  
0.276554  0.968598  
0.748514  0.508295  
0.504873  0.802252  
0.853152  0.346029  
0.32865  0.939796  
0.187762  1.00395  
0.980337  0.120114  
0.787969  0.457284  
0.352316  0.923089  
1.00381  0.0806442  
0.527553  0.77504  
1.01494  0.0501446  
0.472232  0.834878  
0.919428  0.239621  
0.90292  0.263694  
0.457163  0.846664  
0.962094  0.169907  
0.615651  0.686645  
0.767063  0.482859  
0.416032  0.874258  
0.582424  0.723167  
0.942228  0.193975  
0.598217  0.704709  
0.392568  0.908512  
0.675661  0.609019  
0.663154  0.630994  
0.83913  0.36115  
0.8206  0.409361  
0.33979  0.930744  
0.737501  0.514785  
0.500822  0.802481  
0.389551  0.905469  
0.989798  0.109932  
0.924132  0.218091  
0.76617  0.483173  
0.822223  0.408102  
1.02891  0.018886  
0.975819  0.123071  
0.575198  0.730262  
0.852719  0.345974  
0.998312  0.0893822  
0.754383  0.502477  
0.337256  0.935351  
0.409346  0.871285  
0.483615  0.813548  
0.0221653  1.02445  
0.764685  0.489412  
0.0238725  1.02009  
0.679828  0.592803  
0.955944  0.178856  
0.709725  0.559976  
1.00973  0.0581282  
1.00538  0.073694  
0.797003  0.43791  
0.792093  0.450049  
0.527401  0.775022  
0.346625  0.928039  
0.96865  0.131377  
0.894482  0.274472  
0.958788  0.17077  
0.0287531  1.01967  
0.748326  0.508294  
0.254168  0.976825  
1.02632  0.0192382  
0.382756  0.906625  
0.991711  0.0990157  
0.828608  0.378271  
0.446015  0.855294  
0.846798  0.354522  
0.841042  0.357029  
0.376425  0.907519  
0.183006  1.00409  
0.198844  0.998637  
0.914917  0.236912  
0.472605  0.830711  
0.962557  0.169575  
0.900658  0.269464  
0.327837  0.939793  
0.940949  0.193723  
0.269141  0.974072  
0.228536  0.982164  
0.708639  0.560401  
0.274911  0.968584  
0.598158  0.704709  
1.00132  0.079593  
0.86494  0.325467  
0.866987  0.315546  
1.01917  0.0382227  
1.01494  0.0500109  
0.937043  0.196612  
0.902839  0.263619  
0.322099  0.944372  
0.785371  0.456019  
0.45653  0.846627  
0.513293  0.799502  
0.615651  0.686645  
0.83913  0.36115  
0.359287  0.92009  
0.668688  0.617134  
0.589397  0.714503  
0.653534  0.637758  
0.537271  0.766712  
0.352584  0.922799  
0.620071  0.677762  
0.636707  0.647414  
0.465023  0.842617  
0.43349  0.863847  
0.773036  0.47185  
0.701182  0.575385  
0.301471  0.951311  
0.876932  0.296952  
0.430192  0.86638  
0.556719  0.739893  
0.517705  0.784645  
0.602967  0.697991  
0.40515  0.877854  
0.980131  0.117144  
0.621767  0.673264  
0.130811  1.01665  
0.39936  0.903065  
0.663019  0.626659  
0.724533  0.543888  
0.367165  0.913814  
0.542749  0.759675  
0.675567  0.608611  
0.907902  0.255125  
0.814129  0.413487  
0.582424  0.723043  
1.01494  0.0500109  
0.96865  0.131377  
0.773036  0.471812  
0.914839  0.236874  
0.675535  0.608418  
0.658333  0.634283  
0.198818  0.998637  
0.575198  0.730262  
0.409055  0.871285  
0.541596  0.757405  
0.332141  0.937893  
0.376411  0.907504  
0.345153  0.928051  
0.470739  0.831219  
0.589292  0.714468  
0.708639  0.559976  
0.828608  0.378013  
0.339222  0.930683  
0.797003  0.437887  
0.483615  0.813439  
0.130713  1.01656  
0.954198  0.179834  
0.472303  0.829498  
0.0221544  1.02351  
0.430148  0.86638  
0.889902  0.280658  
0.841244  0.354242  
0.764685  0.489378  
0.619861  0.677733  
0.668648  0.617108  
0.998138  0.0895776  
0.924132  0.218091  
0.40515  0.877839  
0.663019  0.626659  
0.712212  0.55557  
0.74823  0.508293  
0.852513  0.345926  
0.89448  0.274203  
0.679097  0.592753  
0.327726  0.939793  
0.864858  0.325449  
0.975697  0.116766  
0.527401  0.775022  
0.352484  0.922829  
0.517705  0.784645  
0.360141  0.911934  
1.00973  0.0580888  
0.225409  0.981333  
0.701173  0.575385  
0.937015  0.196247  
0.321383  0.944307  
1.00132  0.0795916  
1.00586  0.0713905  
0.394583  0.900575  
0.387013  0.902902  
0.7673  0.479458  
0.981562  0.111385  
0.582424  0.723043  
0.0235708  1.01976  
1.02325  0.0211779  
0.800125  0.435369  
0.856465  0.338588  
0.907902  0.255125  
0.607621  0.693013  
0.86697  0.315522  
0.27491  0.968583  
0.78362  0.455801  
0.958009  0.163154  
0.621713  0.673264  
0.814129  0.413487  
0.964002  0.160227  
0.752548  0.502023  
1.01892  0.0361912  
0.433487  0.863847  
0.902839  0.263619  
0.876555  0.294007  
0.598127  0.704709  
0.615651  0.686645  
0.737473  0.514785  
0.537106  0.766712  
0.653534  0.637758  
0.792093  0.450049  
0.940355  0.193462  
0.301471  0.951097  
0.446015  0.854575  
0.724533  0.543888  
0.254168  0.976825  
0.268775  0.971317  
0.602887  0.697991  
0.182956  1.00378  
0.552692  0.73981  
0.991711  0.0990157  
0.636706  0.647413  
0.839084  0.361094  
0.500005  0.802218  
0.456231  0.846778  
1.02606  0.0188362  
0.462169  0.842588  
0.822033  0.408103  
0.723212  0.547533  
0.352484  0.922829  
0.198764  0.998637  
0.182839  1.00374  
0.607201  0.692994  
1.02606  0.0187996  
0.959481  0.161003  
0.673712  0.608343  
0.998138  0.0895776  
0.980985  0.111448  
0.321383  0.944306  
0.7673  0.479458  
0.393532  0.897325  
0.841174  0.354216  
0.472232  0.829164  
0.86697  0.315365  
0.43069  0.863875  
0.987193  0.0964056  
0.864858  0.325449  
0.679083  0.592753  
1.02189  0.0189294  
0.387003  0.902901  
1.01494  0.0500109  
1.0057  0.0712383  
0.527363  0.775022  
0.517679  0.784635  
0.27491  0.968583  
0.821533  0.408103  
0.752295  0.502023  
0.325033  0.939793  
0.301459  0.951062  
0.456231  0.846753  
0.839082  0.356989  
0.799852  0.432668  
0.602887  0.697991  
0.907892  0.255125  
0.701173  0.575385  
0.598127  0.704709  
0.955397  0.166227  
0.763949  0.491991  
0.953994  0.178404  
0.924106  0.218091  
0.268757  0.971293  
0.914658  0.236874  
0.902839  0.263619  
0.724533  0.543888  
0.022052  1.02339  
0.615651  0.686645  
0.541496  0.756419  
0.462096  0.837508  
0.621713  0.673264  
0.254168  0.976825  
0.956337  0.162751  
0.619861  0.677733  
0.737473  0.514758  
0.814129  0.413487  
0.856465  0.338541  
0.74651  0.508232  
0.408623  0.871305  
0.575198  0.730227  
0.783609  0.455801  
0.343646  0.924428  
0.552595  0.739809  
0.797003  0.437887  
0.589292  0.714407  
0.859312  0.336011  
0.792093  0.449909  
0.668648  0.617108  
0.975401  0.116756  
0.446015  0.854019  
0.876394  0.293899  
0.887469  0.274903  
0.937012  0.193853  
0.653534  0.637758  
0.636663  0.647253  
1.00132  0.0795916  
0.130713  1.01656  
0.224906  0.98134  
0.715565  0.550006  
0.359974  0.911935  
0.711587  0.5554  
0.70855  0.559976  
0.852499  0.345921  
0.657681  0.633353  
0.968529  0.131379  
0.883621  0.28113  
0.81055  0.422043  
0.339222  0.930683  
0.582424  0.722904  
0.376408  0.907504  
0.404898  0.877839  
0.69098  0.57927  
0.499228  0.802217  
1.00973  0.0580359  
1.01853  0.0365593  
0.537106  0.766712  
0.828608  0.377932  
0.0235707  1.01973  
0.663019  0.626659  
0.483615  0.813439  
0.773036  0.471812  
0.254168  0.976825  
0.198764  0.998637  
0.828587  0.377932  
0.95179  0.183582  
0.810459  0.413598  
0.575172  0.730227  
0.598115  0.704705  
0.914658  0.236874  
1.0057  0.0712383  
0.957416  0.160901  
0.29043  0.962978  
0.824594  0.403946  
0.668648  0.617108  
0.301459  0.951062  
0.821533  0.408103  
0.34352  0.92401  
0.62171  0.673264  
0.40856  0.871225  
0.987193  0.0963888  
0.690069  0.578821  
0.724526  0.543888  
1.00973  0.0580359  
0.745039  0.508232  
0.499164  0.802217  
0.856371  0.338542  
0.376408  0.907504  
0.615639  0.686645  
0.456226  0.846753  
0.85227  0.346133  
0.876394  0.293786  
0.70855  0.559976  
0.980952  0.111271  
0.737473  0.514758  
0.589292  0.714407  
0.527363  0.775022  
0.224893  0.981333  
0.602929  0.69376  
0.67354  0.608343  
0.701173  0.571592  
0.761314  0.489377  
0.773025  0.471812  
0.636663  0.647253  
0.799454  0.432533  
0.715556  0.550006  
1.02168  0.0189118  
0.960863  0.157313  
0.483587  0.813355  
0.359974  0.911662  
1.00132  0.0795241  
0.130713  1.01652  
0.460483  0.837521  
0.998138  0.0895776  
0.470349  0.828911  
0.0203049  1.02828  
0.321383  0.944306  
0.541407  0.75631  
0.797003  0.437863  
0.783609  0.455801  
0.619861  0.677733  
0.954445  0.166209  
0.86697  0.315298  
0.882506  0.274362  
0.654655  0.633353  
0.902839  0.263619  
0.339221  0.930683  
1.01853  0.0365129  
0.517679  0.784634  
0.923962  0.218091  
0.350458  0.922828  
0.937012  0.193502  
0.430486  0.863847  
0.752295  0.502019  
0.711587  0.5554  
0.446015  0.853983  
0.858519  0.335849  
0.968511  0.131377  
1.01494  0.0500005  
0.975401  0.116756  
0.391333  0.897219  
0.679081  0.592753  
0.537106  0.766712  
0.792093  0.44974  
0.653676  0.636476  
0.907892  0.255125  
0.663184  0.624379  
0.840987  0.354216  
0.268757  0.971292  
0.7673  0.479458  
0.324721  0.939793  
0.582424  0.722904  
0.864781  0.325453  
0.023602  1.01972  
0.404811  0.877839  
1.02606  0.0187996  
0.387003  0.902901  
0.182839  1.0037  
0.552567  0.739739  
0.022052  1.0225  
0.839082  0.355113  
0.274869  0.968583  
0.745039  0.508232  
0.26737  0.971281  
0.224614  0.981333  
0.0203049  1.02492  
0.619791  0.677868  
0.602657  0.693929  
0.995408  0.0895816  
0.381238  0.901752  
0.391328  0.897219  
0.328695  0.9381  
0.86697  0.315298  
0.324655  0.939793  
0.470307  0.828911  
0.459757  0.837338  
0.777405  0.469581  
0.690065  0.578821  
0.95179  0.183367  
0.839082  0.355111  
0.430485  0.863847  
0.701821  0.570676  
0.679064  0.59272  
0.668648  0.617108  
0.85227  0.346113  
0.713634  0.550211  
0.568591  0.730227  
0.598115  0.704705  
0.937012  0.193502  
0.537106  0.766712  
0.67354  0.608343  
0.914658  0.236874  
0.636663  0.647253  
0.900617  0.255117  
0.527363  0.775022  
0.582424  0.722904  
0.724526  0.543888  
1.00329  0.0712115  
0.622078  0.673044  
0.799436  0.432533  
1.01498  0.0498882  
0.663184  0.623838  
1.02168  0.0189118  
0.968511  0.131377  
0.694018  0.575763  
0.752295  0.502019  
1.00973  0.0580359  
0.876394  0.293738  
0.70855  0.559976  
0.737473  0.514758  
0.916281  0.234723  
0.517021  0.784634  
0.321383  0.94429  
0.729346  0.537947  
0.954431  0.166209  
0.499164  0.802217  
0.987134  0.0963888  
0.650033  0.63953  
0.761128  0.489376  
0.773025  0.471812  
0.856661  0.33585  
0.552567  0.739697  
0.783609  0.455779  
0.980952  0.111271  
0.810119  0.413583  
0.84098  0.354216  
0.34352  0.923964  
0.612296  0.686694  
0.828587  0.377906  
0.764084  0.479467  
0.33911  0.930824  
0.301459  0.951062  
0.864781  0.325449  
0.882349  0.274303  
0.541366  0.75631  
0.274869  0.968583  
0.899053  0.258028  
0.957416  0.160888  
0.408446  0.871091  
0.821426  0.408103  
0.96064  0.15509  
0.589292  0.714407  
0.792093  0.449739  
0.797003  0.437804  
0.289339  0.962881  
0.357104  0.909036  
0.975401  0.116756  
1.02608  0.017281  
1.01853  0.0365129  
0.446015  0.853983  
0.824857  0.403535  
0.182839  1.0037  
0.023602  1.01971  
1.00132  0.0794854  
0.654446  0.633353  
0.198764  0.998637  
0.404811  0.877839  
0.254111  0.976825  
0.130713  1.01652  
0.456117  0.846753  
0.483587  0.813355  
0.92394  0.218091  
0.968511  0.131377  
0.267205  0.971281  
0.182839  1.00369  
0.950123  0.182769  
0.66875  0.614153  
0.882306  0.273903  
0.619791  0.677868  
0.537106  0.766712  
0.541366  0.75631  
0.552483  0.739697  
0.744846  0.508232  
0.34352  0.923962  
0.729202  0.53775  
0.301459  0.951025  
0.385968  0.897448  
0.324655  0.939793  
0.689397  0.57455  
0.957316  0.160888  
0.916281  0.234719  
0.611893  0.686645  
0.783609  0.455779  
0.85227  0.346113  
0.6486  0.639318  
0.679046  0.592707  
1.00325  0.071211  
0.713634  0.550211  
0.502366  0.800668  
0.470291  0.828911  
0.285619  0.964115  
1.02168  0.0189118  
0.582424  0.722904  
0.975401  0.116756  
1.00128  0.0794854  
0.40838  0.87109  
0.980952  0.111271  
0.67354  0.608343  
0.601705  0.69355  
0.483587  0.813355  
0.589292  0.714407  
0.839082  0.355111  
0.810119  0.413583  
0.70855  0.559976  
0.724526  0.543888  
0.321383  0.94429  
0.960619  0.15508  
0.663106  0.623794  
0.404811  0.877839  
0.821426  0.408103  
0.327423  0.9381  
0.459757  0.837338  
0.828562  0.377855  
0.92394  0.218091  
0.936944  0.193502  
1.02606  0.0164053  
1.00972  0.0580359  
0.622078  0.673035  
1.01498  0.0498882  
0.598115  0.704705  
0.289225  0.962881  
0.516798  0.784634  
0.792093  0.449649  
0.99521  0.0895776  
0.856312  0.335849  
0.797003  0.437759  
0.65438  0.633353  
0.866912  0.315298  
0.752295  0.502019  
0.499009  0.802217  
0.381097  0.90173  
0.130713  1.01646  
0.899061  0.255083  
0.760991  0.489356  
0.773025  0.469549  
0.636663  0.647253  
0.023602  1.01967  
0.954431  0.166209  
0.876311  0.293738  
0.568444  0.730227  
0.430485  0.863847  
0.446015  0.853983  
0.987134  0.0963888  
0.824857  0.403535  
0.76335  0.479458  
0.840979  0.354216  
0.200519  0.99709  
0.737473  0.514758  
0.356999  0.909011  
0.456117  0.846753  
0.91455  0.236874  
1.01853  0.0365129  
0.274869  0.968583  
0.73494  0.515676  
0.224614  0.981333  
0.527363  0.77502  
0.864781  0.325449  
0.253976  0.976825  
0.799436  0.432506  
0.337652  0.930824  
0.701173  0.570574  
0.0202907  1.02452  
