0.446204  2.84934  1.69897  
1.61051  3.14187  1.79396  
1.65966  0.85648  3.78179  
0.132725  0.0975826  5.52569  
1.40637  2.27601  1.71893  
3.9899  0.368244  0.342656  
1.78904  1.40722  0.608174  
2.38123  2.2391  1.6565  
1.72086  0.214869  3.19044  
0.415218  0.0196441  4.63075  
0.177788  0.358897  4.16217  
1.44222  3.61835  0.089353  
0.573908  0.242447  5.617  
1.98873  0.477945  0.842987  
2.06145  1.49982  1.88439  
1.4922  0.503374  4.42093  
1.9171  1.76338  3.31797  
1.86575  0.191292  2.63561  
1.53929  3.00657  2.89617  
0.257655  0.0901699  5.48506  
0.324938  0.00520385  5.61328  
1.23521  0.276108  2.8136  
1.095  0.910444  5.20126  
2.55256  0.259783  1.94489  
0.911453  1.39741  4.46065  
0.217382  0.158843  5.26151  
1.39914  1.26648  5.10996  
0.694777  1.06506  3.33378  
0.320243  0.413453  5.08068  
0.556248  0.275209  4.76459  
0.488751  1.65121  4.66906  
0.312172  3.75567  0.949703  
1.45062  0.412827  4.9038  
1.2876  1.86298  3.61648  
1.69741  3.2874  1.81548  
1.44609  2.20748  3.46325  
1.86967  1.70976  1.59532  
1.38341  3.79465  1.74376  
0.45704  2.09829  2.64149  
2.00239  1.98351  3.22505  
1.71177  0.326601  1.67621  
0.512175  2.67681  2.75871  
0.916741  3.87644  0.77705  
1.98996  1.55051  3.01818  
0.590376  0.25569  5.41526  
3.14349  0.889571  1.70247  
0.109428  2.47271  3.45937  
0.126179  2.32683  3.84541  
0.303809  0.528382  4.88872  
0.751362  1.52889  4.71784  
0.861531  3.27148  1.68369  
0.461889  1.216  5.22674  
0.434764  0.0155891  4.4697  
0.800472  4.06439  0.486942  
0.772977  0.0273078  3.58054  
0.523767  0.399257  4.43085  
1.70948  2.77099  2.51654  
0.596157  1.56491  4.24397  
0.911563  0.826098  5.06915  
2.1432  2.35042  1.64375  
0.679812  0.741907  4.27166  
2.17829  1.51677  1.27937  
1.19655  1.1693  3.6186  
0.546513  0.76574  4.13644  
2.53921  0.121912  2.09454  
0.232617  2.38528  2.91789  
2.80097  0.926524  2.41773  
2.82554  0.517435  1.45442  
0.690113  0.088815  4.74381  
2.88989  0.120981  0.89236  
0.080327  0.448455  5.15799  
0.0809826  0.216174  5.49068  
0.365424  0.0855187  5.25824  
0.236871  2.78261  2.70625  
0.0857642  3.26648  2.39851  
3.49184  0.415347  1.24017  
0.988619  0.431507  5.12817  
5.03876  0.317968  0.42901  
0.213717  1.33291  3.70298  
1.38934  1.58997  2.84264  
1.27821  3.19745  2.00241  
0.916042  1.35373  4.81764  
3.14101  1.38185  2.0846  
2.29376  0.961852  3.53148  
1.71075  1.44016  2.95912  
3.81136  1.06185  0.87982  
1.29953  0.993618  3.43722  
2.78738  0.666207  1.06202  
0.537688  0.350598  6.33245  
1.09327  2.16838  0.485826  
0.276039  3.86537  0.774367  
0.253895  0.114052  4.83251  
1.54085  0.389049  3.59426  
1.28067  1.56489  3.40999  
0.834234  1.57024  3.8965  
0.668697  0.021295  5.07182  
0.563084  1.7282  3.15518  
1.46284  0.778209  4.22733  
2.30621  1.50358  0.0720947  
0.953262  1.23548  4.44677  
4.94898  0.197313  1.16791  
9.09941e-07  2.51762e-05  4.8278  
0.00573243  0.0635234  3.96021  
0.0171537  1.16668  3.74977  
0.0381187  0.867425  3.52508  
0  0  4.69587  
7.02758  0.0535587  0.219779  
0.0565805  5.19768  0.233851  
0.0905143  0.011194  3.43768  
0.000855753  0.114106  3.92378  
0.0235307  4.03674  0.319695  
4.9757  0.196524  0.0653592  
0.29558  0.0146335  3.10174  
0  0  3.90778  
6.08194e-14  6.30219  0.390352  
6.88571  0.0113161  0.00889408  
3.61652  0.244292  2.25565  
5.27061  0.602316  8.6842e-09  
0.00337825  1.60474  2.70052  
5.27598  0.0177615  0.385754  
4.29474  0.337758  1.0402  
1.34413  3.70331  0.0537632  
0  0  2.6212  
2.45226  2.46637  0  
2.93263  0.0332831  0  
2.81863  8.25793e-12  0.0644881  
4.10675  3.14599e-14  0.00172408  
6.7886e-12  2.33021  0.669087  
0.846923  3.32917  0  
1.07736e-12  2.0545  1.08016  
0.499517  3.9818  0.000478435  
1.0623e-07  3.90636  0  
9.25413e-13  3.38883  0.00976355  
2.82937  7.42022e-12  1.96025e-09  
2.70727  0.346362  8.08947e-06  
2.48263  3.59142e-13  1.46728  
0.00150122  2.28661  0.634604  
2.9869  1.22697e-14  0.761834  
1.97693  2.79556  1.61087e-09  
5.69217e-15  8.14955e-12  1.68585  
2.5642  0.56035  5.37791e-12  
2.22718  2.44028  2.29096e-10  
2.78721  4.13158e-07  3.92158e-09  
2.3388  7.57915e-05  0.417723  
2.83711  0.119587  0.0521962  
8.78372e-07  2.66991  3.47805e-06  
0.0440489  0.00163148  1.05962  
2.50727  0.320773  0.000372786  
0.00439842  1.11643  0.00261389  
0.0120471  3.05786  0.00109516  
1.02545  0.0884518  0.0195897  
1.94647  1.57895  2.87393e-08  
1.24789  5.08959e-07  0.890556  
0.00155023  0.736392  1.23923  
2.66495  1.5681e-14  1.25694  
2.68352e-05  3.43851  0  
1.29527  2.08603  6.80528e-10  
1.13177e-14  4.2772  2.56364e-08  
3.07593  3.38895e-05  1.22698e-11  
0.00775098  0.013578  2.06914  
2.03257e-06  1.91133  0.742572  
3.68134e-06  1.27495  0.966425  
9.36275e-06  2.21399  1.67823  
3.41565e-10  2.46868  0.326376  
1.36698e-14  3.37201  0.597738  
3.89471  4.29105e-05  9.5129e-13  
5.12283  5.61354e-13  3.8746e-11  
5.52547e-18  4.82494  0.368899  
6.09378  0.00684506  4.74113e-15  
3.96116  1.74391  7.43191e-06  
1.54129e-17  5.35186  0.00526541  
6.07112  8.29057e-14  1.24881e-05  
5.11285  8.28e-11  1.14129e-10  
1.88592e-17  6.54855  5.27095e-05  
2.14157  1.38944  0.74456  
3.80579  4.55588e-05  8.97099e-06  
3.06636  0.00156332  0.0701917  
1.78628e-06  4.70154  0.000164698  
3.71435e-06  1.00478e-05  2.54698  
3.55087  0.108081  8.62476e-06  
2.75726  1.16557  0.847169  
3.14628  1.25577  0.032502  
2.52036e-05  3.13068  1.21631  
0.00829353  3.90243  0.0511228  
4.97736e-14  5.15761  0.295721  
0.0542087  4.34151  2.39472e-06  
5.40183  0.0384277  1.32878e-12  
2.5735e-12  4.6394  0.155007  
0  0  2.78506  
4.18024  3.37678e-05  0.746597  
5.05054  0.156651  1.38638e-11  
4.70332  1.83276  1.30617e-14  
2.31885e-12  6.60723  0.00240933  
9.85801e-17  7.18413  0.000947354  
5.68389e-18  4.96328  0.379476  
0.0193878  3.19953  0.200252  
9.32374e-12  3.11351e-12  2.8906  
4.81297  0.144955  0.0169872  
3.24215  0.443279  2.06074  
0.291494  2.51985  1.88365  
4.5544  7.92976e-06  2.03858e-10  
1.86787  0  2.71492  
4.02747  0.0597704  0  
3.45334  2.51739e-12  1.6299  
0.000143519  3.30831  1.50406  
2.52607  1.55328  2.3934e-09  
0.000254963  4.60726  0  
2.00851  0.0109229  1.40168  
0.00924708  1.8668  1.10254  
2.85161  4.96499e-06  1.2764e-10  
6.72463e-20  3.3233  0.255445  
4.50534e-20  3.57192e-18  2.34766  
1.74859  0.92442  0.288942  
0  0  2.03636  
2.61971e-16  4.41313e-17  1.93174  
3.52046  2.73595e-15  4.63978e-12  
3.73322  0  0  
3.05453  8.13891e-15  0  
2.9702  1.95219e-10  0  
2.25969  0  1.5012  
2.91417  1.19709e-14  4.8643e-10  
2.92425  2.1317e-12  9.7397e-16  
4.86636e-18  2.4959e-18  1.88455  
8.23637e-20  4.0704  0  
1.98904e-19  2.67184  0.00297781  
3.72795e-20  1.84235  1.29901  
2.84433  0  0  
2.16038  1.11291e-13  0  
0  0  1.89726  
5.04723e-20  2.49433  0.219057  
4.68551e-20  2.31557  0.43979  
2.83785  5.98623e-14  3.96619e-11  
1.50086  1.31117  9.36596e-16  
2.11798  0.00304087  0  
1.05743  1.66393  0  
2.0441e-14  2.2453  0.565295  
2.91916e-18  1.68365e-21  1.89583  
2.01471  0  1.06566e-07  
5.23686e-05  1.7661  1.10121  
0.000178007  0.204181  0.828782  
9.88472e-10  2.42304  0.312704  
2.17737  0  2.645e-10  
0.690157  0.00375331  0.481641  
1.35706e-16  2.28609e-17  1.00068  
5.73973e-19  1.97048  1.03229  
2.41663  2.683e-16  1.15673  
2.14107  0.00102595  0  
0.493629  0.960784  6.0326e-13  
2.52609e-16  4.78202e-17  1.89593  
1.49369e-13  2.2705  0  
0.00418296  1.06174  1.88084e-05  
1.02857  1.45958e-09  8.21949e-11  
6.44028e-09  1.89203  7.01272e-06  
1.347e-13  2.13456  0.616688  
7.40664e-05  1.80549  0.150048  
7.56392e-11  1.40301  0.462063  
4.61075e-19  2.52139  0  
3.68321e-10  1.60938  0.260648  
1.64143  0.664161  0.544906  
1.93348  5.73141e-14  6.43979e-16  
4.36406e-20  2.15671  0.738842  
2.18425e-07  1.25199  0.692437  
3.32403e-05  1.16361  0.745306  
6.30383e-20  3.11534  1.71904e-10  
1.57047  0.839557  0  
1.95996  1.08582e-13  3.27154e-10  
1.40309e-05  0.357692  1.60618  
1.72593e-13  2.73504  0.882609  
0.903258  1.75807  3.0836e-06  
1.31739  2.37572  1.44613e-12  
1.45487  0.771286  0.0192324  
2.55895e-09  2.73576  7.78895e-07  
1.17143e-05  1.62352  1.13905  
1.62441  0.00883409  1.13363  
8.1381e-05  1.87594  0.868934  
4.31135e-09  2.2501  0.568654  
4.00029e-05  0.187355  1.78849  
1.42011  1.2304  0.0490142  
8.90206e-05  2.06288  0.739983  
0.0515076  1.56213  1.51398  
1.65129  0.888768  1.49028e-09  
1.65827e-11  2.36566  0.509727  
1.91233e-05  2.40187  0.421703  
1.97694e-05  2.79687  0  
7.10348e-11  1.78125  1.42396  
1.13927  2.2154  2.35453e-07  
1.18106  2.36805  1.55169e-12  
2.27307  0.000128829  6.38083e-12  
6.50963e-20  3.21705  0.0182992  
7.96707e-20  3.93731  2.1726e-10  
2.92638  0  1.88815e-11  
2.91715  0.000137761  0  
5.062e-11  3.70057  7.35262e-06  
2.31126  1.23558  0  
4.01634e-12  2.33301  1.41613  
6.00509e-20  2.96771  0.771605  
2.79725e-19  3.75748  0.00418778  
2.031  6.99007e-15  1.20313  
5.53462e-20  2.7352  1.00976  
7.80988e-20  3.85963  0.00217642  
3.20763  4.43231e-08  0  
2.08051  1.12821  0.00302882  
0.0012754  0.337164  2.27482  
2.71118e-07  2.73223  0  
1.18746  0.00494247  0.827559  
0  1.88721  1.49808  
6.42341e-20  2.53726e-18  1.99417  
0  0.916923  1.89188  
0  0  2.53859  
0  1.48691  1.67571  
0  2.46353  1.22187  
0  2.26843  1.2549  
0  0.00278354  2.46223  
1.98645e-20  0.981703  1.72261  
1.66138e-19  0.0129442  1.96001  
0  3.066  0.512302  
0  3.08992  0.214194  
1.56252e-12  2.72821  0  
2.48474  0  0  
0  3.25532  0  
3.31363e-20  1.63759  1.13851  
1.85511  0  4.11916e-16  
0  2.21545  0.000152913  
0  1.68728  0.928349  
0  1.5246  1.13537  
0  1.51336  1.49976  
1.18985  0  1.1723  
0  1.73316  0.755593  
2.26111e-20  1.11744  1.35964  
0.636997  1.23983  0.00341544  
2.81121e-10  2.262  0  
0  1.3185  1.671  
1.71764  2.37344e-08  0  
0  2.41812  0  
1.27844  0.700037  0  
1.21454  0.00160537  1.21092  
1.7322  0  5.1532e-11  
4.6573e-19  1.23801e-18  1.306  
1.91113e-07  1.92597  0  
1.26613  0  0.346694  
1.85912e-07  1.94372  0.428233  
3.87926e-17  1.65356  0.897576  
3.69212e-08  1.00506  0.000522718  
1.7411  0  0  
3.65497e-08  0.809394  0.922541  
2.12949e-05  0.363534  1.36736  
2.88731e-08  0.915258  0.895874  
2.02982e-07  0.474814  0.533225  
6.49525e-16  1.04426  1.46604  
2.22425e-17  1.73298  1.97594e-13  
1.00006  3.40744e-11  3.3242e-13  
0.419772  0.618295  0.174301  
0.827731  0.448858  5.58109e-05  
1.19038e-18  1.14173e-19  1  
0.374962  1.41307  0  
4.96465e-13  1.25793  0.491161  
0.641571  0.00267037  0.447122  
1.74468  3.29288e-15  2.71178e-15  
8.93145e-16  0.777124  0.925204  
0.634152  1.22827  0  
3.65763e-10  1.45062  0.256913  
1.33111e-08  0.941881  0.818505  
0  2.10464  0.581275  
0.42155  0.0748894  0.755745  
1.25952e-13  1.10348  0.653652  
5.0114e-15  2.80812  3.11764e-16  
0  0  1.71717  
1.31989  0.727778  0.000165884  
2.03833e-18  1.83486e-19  1.70313  
0.63247  0.109761  1.12992  
1.68169  6.44886e-11  5.70572e-13  
2.23658e-07  2.35388  0.00267626  
1.0467  0.00452802  0.729583  
6.70277e-08  1.71795  0.718384  
0.666667  0.972775  0.322959  
0.43015  1.62104  0  
0.634887  0.127808  1.11045  
1.27008  0.688732  0.00214003  
1.72318e-13  1.5097  0.894121  
4.96621e-09  1.24195  1.21565  
0.679314  0.157267  1.04376  
0.612026  0.064415  1.24498  
4.39416e-07  2.11964  0.258802  
1.50988e-16  0.131374  1.62284  
0.739364  1.08903  0.257923  
1.49632  0.586945  0.471512  
0.78737  0.031995  1.3933  
2.54587e-06  2.42509  2.76509e-13  
1.67815e-10  1.17447  1.32473  
4.6379e-10  2.06674  0.366031  
1.35836  0.000142349  0.941414  
1.54143  0.641561  0.342419  
0.717918  0.0996937  1.19093  
1.29515  0  1.11624  
1.4145  0.932898  0  
2.46083e-13  2.72396  3.02421e-16  
4.49014e-08  1.12752  1.41971  
4.71226e-20  2.32879  0.291285  
7.19291e-13  1.82252  0.779868  
6.41928e-15  1.52841  1.15196  
0  0  1.48691  
0  3.03654  0.000208492  
0  2.68424  0.0719107  
0  1.72531  0.803981  
3.96667  0  0.032705  
0  0.953732  1.41255  
0  1.37944  1.07025  
5.41956  0  0  
0  3.33452  0  
4.82345e-15  1.07793  1.09767  
2.35509e-13  2.06968  3.53664e-05  
1.37729e-16  2.08997  2.85696e-05  
1.6754  2.41938e-12  0  
2.5103e-14  0.41622  1.25238  
1.82693e-13  1.95509  0.00127811  
9.8214e-15  0.979447  0.991835  
4.08062e-11  1.9296  1.6587e-10  
1.60921  1.78659e-16  1.96524e-15  
6.31603e-16  2.13027  0  
0.000837307  0.131028  1.41079  
1.06638  0.712579  0  
1.05112  0.000114032  0.729644  
0  1.8251  0.00192708  
1.07898  0.599844  0  
5.76869e-16  1.94567  0  
4.79785e-16  1.43414  0.366112  
7.09086e-15  0.707142  0.809429  
0  1.46634  0.251401  
1.57833e-12  1.37051  0.100505  
7.79314e-13  0.686728  0.815936  
2.06549e-16  0.634277  0.836795  
0  1.60822  0.155259  
2.22036e-16  0.89639  0.540364  
4.15367e-13  1.37249  0.0845066  
1.52649  0  0  
3.85373e-16  1.18341  0.694456  
3.27296e-15  0.731427  0.744824  
4.16631e-12  1.12669  0.297958  
0.989191  0.678435  0  
1.41862e-12  1.28757  0.169679  
0.828965  2.64891e-08  0.825096  
1.99289e-12  1.26704  0.258877  
1.00491  0.713909  0  
0.384691  0.566623  0.161202  
5.41488e-11  0.9974  0.00647724  
3.77706e-16  1.52485  1.69292e-16  
0.625746  0.0026045  0.436093  
0.413569  0.293253  0.490555  
3.15578e-11  1.85982  2.21385e-10  
2.66607e-11  0.49108  0.512475  
4.7277e-20  1.04416e-20  1  
4.86035e-14  1.08789  0.393155  
0.373392  0.067324  0.670916  
1  2.69441e-12  5.77318e-15  
0.255478  0.962783  0  
0.721148  0.391061  4.43075e-06  
1.08842e-11  0.214174  0.802267  
1.28601e-14  1.28248  0.586315  
0.885471  0  0.242461  
1.6807e-15  0.945288  0.502022  
3.05602e-11  1.44799  1.2447e-10  
0.160393  0.333269  0.795002  
6.33692e-12  0.805046  0.682672  
1.1812  0.297831  0.424322  
0.822635  1.41852e-05  0.819118  
0.93253  0.355163  0.291375  
4.61149e-14  1.24877  0.47697  
0.569807  1.10364  0  
2.39695e-17  1.98933  0  
0.934587  0.00402352  0.651422  
3.40934e-16  1.89111  2.58511e-05  
8.5614e-13  1.83852  0  
0  1.05932  0.729811  
0  2.27853  0  
0  0.884345  1.03239  
1.37045e-20  4.82454e-20  1.07331  
0.700754  0.496781  0.827353  
0  0  1.23047  
1.09021  0.591654  3.26469e-12  
0  1.34253  0.585948  
0.521189  0.0541949  1.06033  
1.54283  4.30705e-12  9.24957e-15  
4.95324e-15  1.78771  0.00920201  
1.44049e-13  0.33108  1.14872  
0.554497  0.816736  0.232358  
0.393546  1.19166  0.340215  
3.52525e-23  8.13988e-20  1.41088  
0.334199  1.31794  0  
6.14684e-12  0.944821  0.765158  
0.543183  0.0941828  0.970281  
5.34392e-12  1.43377  0.320102  
1.27616  0  0.34944  
0.605346  0.140143  0.930113  
1.89286e-12  0.24047  1.3044  
0.901965  0  0.77737  
0.644448  0.949227  0.203369  
4.20954e-16  1.4198  0.543995  
5.46796e-16  1.63445  0.302035  
0.58277  0.0716164  0.972523  
0.54057  0.0974667  0.971303  
3.38947e-16  0.427185  0.572883  
0.408119  0.0278061  0.71867  
7.2352e-17  0.746272  0.253789  
4.50561e-16  0.567855  0.432258  
1.14894e-17  0.0456434  0.95442  
1.97592e-17  0.0205286  0.97953  
9.45081e-17  0.508651  0.491418  
3.51204e-16  0.442633  0.557401  
1.59716e-16  0.634496  0.365599  
9.74029e-16  0.920785  0.0792679  
1.35694e-15  1.00007  1.59205e-07  
7.44541e-16  0.938368  0.0617055  
3.2531e-16  0.409999  0.590113  
1.02059e-16  0.54929  0.450832  
1.7177e-16  0.768621  0.231423  
2.06277e-17  0.830032  0.170027  
1.13937e-16  0.452633  0.547458  
7.81218e-16  0.984593  0.0154751  
5.00914e-19  0.0149655  0.985093  
2.43325e-17  0.0306669  0.969388  
1.97464e-17  0.589954  0.410097  
1.39393e-17  0.560897  0.439231  
2.2045e-16  0.875771  0.124316  
1.36769e-16  0.736105  0.263961  
4.06655e-17  0.347542  0.652531  
1.01816e-17  0.304191  0.695878  
4.28295e-16  0.315654  0.68443  
2.61378e-17  0.140676  0.859387  
9.60955e-17  0.517194  0.482959  
4.77991e-17  0.189889  0.81018  
8.35296e-17  0.69993  0.300147  
4.76178e-16  0.600141  0.399988  
0.378157  0.268143  0.44855  
1.8189e-16  0.813906  0.186177  
6.23833e-17  0.335752  0.66431  
5.56048e-17  0.220899  0.779155  
1.72996e-17  0.178436  0.821639  
1.2093e-17  0.112564  0.887478  
2.52833e-16  0.668146  0.331938  
7.6812e-16  0.968085  0.0320304  
1.68846e-16  0.212802  0.787331  
3.7942e-20  1.97766e-20  1  
1.83542e-16  0.952277  0.0478279  
1.44112e-16  0.759663  0.240436  
1.32407e-16  0.712627  0.287432  
1.38315e-16  0.158995  0.841058  
9.17348e-16  0.676088  0.324002  
2.58294e-17  0.266416  0.733677  
7.26776e-17  0.0915978  0.908469  
0.367414  0.711631  9.11692e-06  
1.53098e-16  0.608205  0.391857  
1.56366e-16  0.621188  0.378876  
1.15765e-16  0.459896  0.54024  
3.04712e-17  0.85239  0.147727  
2.00432e-16  0.252611  0.747437  
2.24579e-16  0.283043  0.71702  
9.26824e-17  0.498825  0.501227  
2.12708e-16  0.845017  0.15508  
9.48028e-17  0.794393  0.20568  
2.87907e-17  0.296961  0.703112  
2.83535e-17  0.171686  0.828356  
3.03666e-17  0.907246  0.0928321  
6.76677e-17  0.578312  0.421754  
7.37609e-18  0.129  0.871046  
1.34991e-16  0.726532  0.273538  
1.7646e-17  0.527199  0.472862  
4.9007e-17  0.0617651  0.938291  
1.99628e-17  0.803275  0.196765  
1.22826e-16  0.487943  0.512135  
6.04829e-17  0.0762284  0.923845  
1.90717e-16  0.240367  0.759704  
9.77286e-17  0.388242  0.611837  
3.75994e-16  0.473877  0.526178  
1.72773e-16  0.686366  0.313724  
2.35499e-19  0.00703587  0.993021  
2.24593e-16  0.89223  0.107841  
0.229398  0.8645  0  
0.698816  0.378951  3.88345e-06  
3.13592e-16  0.39523  0.604834  
2.99296e-16  0.377211  0.622872  
4.52722e-17  0.327701  0.672363  
3.3013e-16  0.416073  0.58399  
2.60409e-17  0.778009  0.222065  
1.86807e-16  0.235439  0.764664  
1  2.61125e-12  1.55431e-15  
1.3331e-16  0.361032  0.639051  
1.78663e-17  0.533783  0.466275  
0.659233  0.251076  0.211222  
0.55859  4.88665e-08  0.555961  
0.373277  0.549811  0.156419  
0.863741  0.341779  0.126724  
2.17647e-16  0.864637  0.135491  
0.877588  0  0.240303  
0.607666  0.00252924  0.423493  
0.813239  0.206882  0.28115  
9.93502e-18  0.102474  0.897612  
0.372723  0.0672033  0.669713  
1.61946e-16  0.204106  0.796027  
1.323e-16  0.650902  0.34916  
0.643301  0.45111  0  
1.18686e-20  0.504743  0.495257  
1.29056e-20  0.548843  0.451157  
3.69599e-21  0.157182  0.842818  
4.47963e-21  0.190508  0.809492  
1.23845e-21  0.0526682  0.947332  
2.27487e-19  0.444828  0.555172  
0.619199  0.0351887  0.398933  
5.67611e-20  0.593039  0.406961  
2.10553e-19  0.372255  0.627745  
7.93728e-21  0.337554  0.662446  
1.77112e-20  0.134242  0.865758  
2.43667e-19  0.604657  0.395343  
3.38491e-18  0.969067  0.0309328  
3.83469e-20  0.493372  0.506628  
1.55955e-20  0.66324  0.33676  
1.84649e-18  0.675374  0.324626  
3.16639e-18  0.145866  0.854134  
1.03009e-17  0.746827  0.253173  
3.45269e-18  0.515992  0.484008  
8.04961e-20  0.432439  0.567561  
3.78977e-18  0.891312  0.108688  
8.08305e-19  0.0636026  0.936397  
1.47617e-20  0.627781  0.372219  
4.3298e-18  0.953504  0.0464962  
3.27612e-18  1  1.07692e-14  
1.11688e-17  0.859287  0.140713  
1.13221e-20  0.481502  0.518498  
2.6625e-17  0.26886  0.73114  
1.34214e-20  0.57078  0.42922  
1.2653e-20  0.538103  0.461897  
2.86753e-18  0.875281  0.124719  
5e-21  0.212638  0.787362  
1.89552e-20  0.806122  0.193878  
0.712438  0.181239  0.247195  
0.622984  0.436703  0  
3.53232e-18  0.830761  0.169239  
7.25072e-22  0.0308356  0.969164  
2.98428e-20  0.383957  0.616043  
0.538927  3.36222e-09  0.53639  
3.07147e-17  0.906879  0.093121  
1.9237e-20  0.818103  0.181897  
4.60711e-20  0.349197  0.650803  
1.57227e-19  0.77022  0.22978  
1.29881e-19  0.984438  0.015562  
1.98325e-17  0.651241  0.348759  
1.77523e-21  0.0754965  0.924503  
0  0.6874  0.3126  
3.54747e-19  0.179612  0.820388  
2.03874e-18  0.699482  0.300518  
1.94713e-17  0.63938  0.36062  
5.60305e-17  0.78197  0.21803  
1.23913e-20  0.526974  0.473026  
9.30674e-21  0.395794  0.604206  
1.78372e-20  0.758575  0.241425  
6.89836e-20  0.00998576  0.990014  
2.61287e-21  0.111119  0.888881  
2.23493e-18  0.291495  0.708505  
5.65942e-19  0.723289  0.276711  
9.8781e-21  0.420092  0.579908  
1.07496e-20  0.457153  0.542847  
1.31122e-20  0.0993844  0.900616  
7.66322e-21  0.325899  0.674101  
0  0.711396  0.288604  
2.05595e-21  0.0874348  0.912565  
9.5923e-21  0.407938  0.592062  
2.3446e-19  0.581808  0.418192  
9.82091e-17  0.793731  0.206269  
4.00613e-18  0.469404  0.530596  
5.89611e-20  0.616025  0.383975  
8.39232e-20  0.559778  0.440222  
8.48051e-21  0.360656  0.639344  
3.96116e-21  0.168459  0.831541  
0.364001  0.0656306  0.65404  
0.373057  0.264527  0.442501  
0.682396  0.370046  3.7922e-06  
6.59092e-21  0.280296  0.719704  
1.06918e-17  0.201508  0.798492  
1.98307e-20  0.843353  0.156647  
4.87687e-18  0.223546  0.776454  
8.48767e-19  0.122864  0.877136  
7.39228e-21  0.314376  0.685624  
9.21997e-19  0.922647  0.0773532  
0.606386  0.00242592  0.422533  
5.78265e-21  0.245923  0.754077  
0.751367  0.297314  0.110237  
8.58147e-20  0.0199286  0.980071  
0.834139  0  0.228406  
1  2.61125e-12  1.55431e-15  
0.64125  0.241587  0.204848  
3.2446e-21  0.041745  0.958255  
0.364342  0.705682  1.79635e-10  
0.397769  0.027101  0.700136  
5.51731e-21  0.234638  0.765362  
6.05341e-21  0.257437  0.742563  
9.54911e-30  3.50849e-21  1  
6.94754e-19  0.735123  0.264877  
7.12317e-21  0.302932  0.697068  
0.36695  0.540492  0.153768  
0.225769  0.850823  0  
2.31065e-18  0.938156  0.0618442  
3.01312e-20  0.0413751  0.958625  
8.76187e-21  0.372622  0.627378  
0.405736  0.0215142  0.71704  
0  0.687315  0.312685  
0.222084  0.836936  0  
2.85431e-19  0.968992  0.0310083  
0.376255  0.0254431  0.661952  
2.20536e-20  0.937886  0.0621137  
3.21116e-19  0.110858  0.889142  
0.369584  0.262064  0.438382  
7.3961e-21  0.314539  0.685461  
4.58543e-21  0.195008  0.804992  
0.35743  0.692293  4.86193e-12  
1.99025e-20  0.846405  0.153595  
0.695867  0.30234  0.075765  
1.01658e-20  0.432329  0.567671  
0.674081  0.365537  3.74599e-06  
1.38547e-20  0.589208  0.410792  
0.529186  7.8069e-10  0.527018  
1  2.61125e-12  1.55431e-15  
3.71748e-21  0.158096  0.841904  
1.35385e-18  0.746973  0.253027  
2.25394e-22  0.00958548  0.990415  
1.0905e-18  0.984456  0.0155438  
1.55995e-20  0.66341  0.33659  
1.9538e-20  0.830905  0.169095  
4.29538e-21  0.182672  0.817328  
1.50366e-20  0.639471  0.360529  
1.07309e-20  0.456362  0.543638  
9.31479e-21  0.396136  0.603864  
1.12898e-20  0.48013  0.51987  
1.04503e-20  0.444426  0.555574  
2.09668e-20  0.89167  0.10833  
1.72844e-20  0.735065  0.264935  
0.61334  0.429943  0  
5.45788e-21  0.232111  0.767889  
1.9263e-20  0.819212  0.180788  
1.32596e-20  0.563899  0.436101  
4.00323e-21  0.170248  0.829752  
6.57498e-21  0.279618  0.720382  
0.618619  0.23306  0.197618  
4.87646e-21  0.207384  0.792616  
1.23862e-20  0.526754  0.473246  
0.607965  0.0345503  0.391695  
0.705094  0.179371  0.244647  
1.78422e-20  0.758788  0.241212  
1.41526e-20  0.601879  0.398121  
2.08212e-20  0.267886  0.732114  
1.44515e-20  0.614589  0.385411  
3.27612e-18  1  1.11022e-16  
0.36348  0.53538  0.152314  
7.12539e-21  0.303026  0.696974  
1.67237e-20  0.711219  0.288781  
0.363685  0.0655737  0.653474  
2.88204e-21  0.122566  0.877434  
1.40714e-18  0.675374  0.324626  
1.10104e-20  0.468245  0.531755  
1.15683e-20  0.491972  0.508028  
6.08469e-20  0.782856  0.217144  
1.52626e-19  0.0526905  0.947309  
9.03661e-21  0.384306  0.615694  
2.05431e-21  0.0873648  0.912635  
5.16709e-21  0.219744  0.780256  
1.53166e-20  0.651379  0.348621  
1.21133e-20  0.515148  0.484852  
7.13061e-22  0.0303248  0.969675  
1.77741e-21  0.0755893  0.924411  
0.703852  0.278512  0.103266  
9.59404e-21  0.408012  0.591988  
1.47465e-20  0.627134  0.372866  
1.71097e-19  0.0638469  0.936153  
1.81241e-20  0.770774  0.229226  
9.87864e-21  0.420115  0.579885  
7.93888e-21  0.337622  0.662378  
2.13248e-20  0.906894  0.0931061  
3.43445e-21  0.146059  0.853941  
7.66729e-21  0.326072  0.673928  
0.829875  0  0.227238  
1.35582e-20  0.576599  0.423401  
1.6443e-20  0.699282  0.300718  
2.16868e-20  0.922289  0.0777112  
8.21335e-21  0.349294  0.650706  
8.48664e-21  0.360917  0.639083  
1.89786e-20  0.807116  0.192884  
0.606386  0.00242592  0.422533  
1.26725e-20  0.538932  0.461068  
5.73882e-21  0.244059  0.755941  
1.86925e-20  0.794949  0.205051  
6.84843e-21  0.291248  0.708752  
1.18406e-20  0.503551  0.496449  
6.01979e-21  0.256007  0.743993  
1.70041e-20  0.723145  0.276855  
3.15825e-21  0.134313  0.865687  
1.38866e-20  0.0190685  0.980931  
7.41038e-20  0.95342  0.0465804  
9.54911e-30  3.50849e-21  1  
1.13641e-19  0.861348  0.138652  
2.33004e-21  0.0990913  0.900909  
1.29636e-20  0.551312  0.448688  
2.06052e-20  0.876289  0.123711  
0.697742  0.276094  0.102369  
5.45187e-21  0.231855  0.768145  
9.60169e-21  0.408337  0.591663  
1.21212e-20  0.515485  0.484515  
0.673131  0.365022  3.74071e-06  
1.3861e-20  0.589477  0.410523  
3.63561e-19  0.110973  0.889027  
4.30441e-21  0.183056  0.816944  
8.77096e-21  0.373008  0.626992  
1.23669e-21  0.0525936  0.947406  
0.520597  7.68019e-10  0.518614  
1.35668e-20  0.576965  0.423035  
7.17088e-20  0.922605  0.0773947  
2.33246e-21  0.0991938  0.900806  
8.7546e-21  0.0297205  0.97028  
1.55882e-20  0.662928  0.337072  
1.50219e-20  0.638848  0.361152  
0.354086  0.063843  0.636226  
0.361651  0.256439  0.429174  
8.46951e-21  0.0641949  0.935805  
2.88841e-21  0.122837  0.877163  
0.618385  0.232972  0.197543  
1.64405e-20  0.699176  0.300824  
2.71583e-20  0.349419  0.650581  
0.612763  0.429538  0  
1.53096e-20  0.651083  0.348917  
1.29808e-20  0.552044  0.447956  
7.05196e-20  0.907306  0.0926942  
5.73632e-21  0.243952  0.756048  
1.58758e-20  0.67516  0.32484  
1.89613e-20  0.806381  0.193619  
4.28265e-22  0.0182131  0.981787  
2.14519e-22  0.00912301  0.990877  
1.8406e-20  0.782763  0.217237  
0.355303  0.688174  1.04264e-15  
4.4064e-19  0.146632  0.853368  
1.26914e-20  0.539734  0.460266  
1.18431e-20  0.503658  0.496342  
0.221157  0.833444  0  
1.61581e-20  0.687167  0.312833  
1.10077e-20  0.46813  0.53187  
9.04721e-21  0.384756  0.615244  
1.66218e-19  0.564282  0.435718  
1.67232e-20  0.711196  0.288804  
1.9235e-20  0.818019  0.181981  
0.373895  0.0252835  0.657799  
4.01829e-21  0.170889  0.829111  
1  2.61125e-12  1.55431e-15  
7.66875e-21  0.326134  0.673866  
9.69095e-22  0.0412133  0.958787  
0  0.87647  0.12353  
0.36348  0.53538  0.152314  
1.0163e-20  0.432208  0.567792  
1.98733e-20  0.845166  0.154834  
0.705094  0.179371  0.244647  
1.86845e-20  0.794606  0.205394  
1.07277e-20  0.456223  0.543777  
1.24046e-20  0.52754  0.47246  
2.29164e-19  0.953442  0.0465585  
1.75641e-20  0.746959  0.253041  
2.20537e-20  0.937892  0.0621084  
0.607603  0.0345297  0.391462  
2.85431e-19  0.968992  0.0310083  
0.388333  0.0206131  0.686321  
0.685543  0.297855  0.074641  
1.77912e-21  0.0756619  0.924338  
3.73159e-21  0.158696  0.841304  
1.12872e-20  0.480017  0.519983  
1.15647e-20  0.49182  0.50818  
6.84746e-21  0.291206  0.708794  
4.59201e-21  0.195287  0.804713  
7.12165e-21  0.302867  0.697133  
1.81245e-20  0.770791  0.229209  
2.02434e-20  0.860905  0.139095  
4.87955e-21  0.207516  0.792484  
6.29404e-21  0.267671  0.732329  
1.95017e-20  0.829363  0.170637  
0.829875  0  0.227238  
3.27612e-18  1  1.11022e-16  
2.31501e-20  0.984521  0.0154788  
1.47368e-20  0.626722  0.373278  
2.05431e-21  0.0873648  0.912635  
7.94221e-21  0.337763  0.662237  
2.09723e-20  0.891902  0.108098  
8.49106e-21  0.361105  0.638895  
1.41526e-20  0.601879  0.398121  
5.54441e-20  0.42024  0.57976  
5.16659e-21  0.219723  0.780277  
1.04459e-20  0.444241  0.555759  
7.3961e-21  0.314539  0.685461  
1.78434e-20  0.758839  0.241161  
1.70041e-20  0.723145  0.276855  
6.01587e-21  0.255841  0.744159  
0.606386  0.00242592  0.422533  
1.44444e-20  0.614288  0.385712  
9.54911e-30  3.50849e-21  1  
6.57153e-21  0.279472  0.720528  
1.72844e-20  0.735065  0.264935  
9.32127e-21  0.396412  0.603588  
3.16733e-21  0.134699  0.865301  
1.94888e-20  0.828814  0.171186  
2.61106e-21  0.111042  0.888958  
1.12855e-20  0.479947  0.520053  
2.16945e-20  0.922617  0.0773828  
2.31497e-20  0.984502  0.015498  
1.67227e-20  0.711176  0.288824  
0.361269  0.256168  0.428721  
0.667151  0.361686  1.57534e-06  
0.695358  0.275151  0.102019  
1.0727e-20  0.456195  0.543805  
2.06049e-20  0.876278  0.123722  
0.611286  0.230096  0.195229  
1.06349e-19  0.806076  0.193924  
5.16456e-21  0.219636  0.780364  
1  2.61125e-12  1.55431e-15  
1.26947e-20  0.539877  0.460123  
1.21233e-20  0.515574  0.484426  
8.49431e-21  0.361243  0.638757  
1.78346e-21  0.0758464  0.924154  
0.220862  0.832332  0  
1.4151e-20  0.601807  0.398193  
1.47308e-20  0.626467  0.373533  
2.13324e-20  0.907215  0.0927852  
8.77196e-21  0.373051  0.626949  
5.73129e-21  0.243738  0.756262  
9.68789e-22  0.0412003  0.9588  
0.702663  0.178752  0.243803  
1.04455e-20  0.444222  0.555778  
2.24214e-20  0.953531  0.0464688  
2.33422e-21  0.0992687  0.900731  
6.28821e-21  0.267423  0.732577  
1.7844e-20  0.758861  0.241139  
0.383967  0.0203814  0.680378  
1.01631e-20  0.432213  0.567787  
9.04754e-21  0.38477  0.61523  
1.61563e-20  0.687089  0.312911  
0.353618  0.684911  0  
1.64405e-20  0.699176  0.300824  
2.0241e-20  0.860801  0.139199  
0.353796  0.0637907  0.635704  
1.55883e-20  0.662933  0.337067  
4.59237e-21  0.195303  0.804697  
0.606003  0.00242439  0.422266  
0.361138  0.531932  0.151333  
1.50187e-20  0.63871  0.36129  
1.98716e-20  0.845092  0.154908  
1.10065e-20  0.468082  0.531918  
1.35665e-20  0.576951  0.423049  
0.609653  0.427365  0  
9.88157e-21  0.42024  0.57976  
3.07309e-18  0.938027  0.0619735  
1.81236e-20  0.770756  0.229244  
1.92272e-20  0.817686  0.182314  
4.8794e-21  0.207509  0.792491  
1.53023e-20  0.650772  0.349228  
4.24719e-22  0.0180623  0.981938  
6.56637e-21  0.279252  0.720748  
1.24082e-20  0.527691  0.472309  
4.01888e-21  0.170913  0.829087  
2.13008e-22  0.00905872  0.990941  
1.868e-20  0.794416  0.205584  
0.607603  0.0345297  0.391462  
2.85431e-19  0.968992  0.0310083  
3.4523e-21  0.146818  0.853182  
9.60259e-21  0.408375  0.591625  
1.23923e-21  0.0527017  0.947298  
2.09697e-20  0.891792  0.108208  
2.88972e-21  0.122893  0.877107  
9.32539e-21  0.396587  0.603413  
0.520597  7.68019e-10  0.518614  
6.84551e-21  0.291123  0.708877  
7.12165e-21  0.302867  0.697133  
7.66874e-21  0.326133  0.673867  
0.366863  0.024808  0.645428  
3.17052e-21  0.134835  0.865165  
5.45017e-21  0.231783  0.768217  
0.683553  0.29699  0.0744243  
0.829875  0  0.227238  
1.58732e-20  0.675048  0.324952  
3.73402e-21  0.158799  0.841201  
1.84015e-20  0.782571  0.217429  
1.32727e-20  0.564456  0.435544  
7.94221e-21  0.337763  0.662237  
6.01063e-21  0.255618  0.744382  
1.38591e-20  0.589396  0.410604  
1.51137e-21  0.0642751  0.935725  
1.29808e-20  0.552044  0.447956  
2.05818e-21  0.0875297  0.91247  
1.15647e-20  0.49182  0.50818  
6.96931e-22  0.0296388  0.970361  
4.30526e-21  0.183092  0.816908  
1.70041e-20  0.723145  0.276855  
7.39487e-21  0.314486  0.685514  
8.21821e-21  0.349501  0.650499  
3.22191e-18  1  1.11022e-16  
1.18445e-20  0.503718  0.496282  
1.44427e-20  0.614213  0.385787  
1.72844e-20  0.735065  0.264935  
1.75641e-20  0.746959  0.253041  
9.54911e-30  3.50849e-21  1  
0.352779  0.0636074  0.633878  
1.10986e-20  0.471996  0.528004  
2.60936e-21  0.11097  0.88903  
1.74423e-21  0.0741781  0.925822  
1.27013e-20  0.540158  0.459842  
2.06327e-20  0.87746  0.12254  
1.61541e-20  0.686994  0.313006  
9.31957e-21  0.39634  0.60366  
0.607589  0.0345289  0.391453  
1.18713e-20  0.504859  0.495141  
0.681384  0.296281  0.0742059  
1.04825e-19  0.794526  0.205474  
0.360828  0.255856  0.428198  
1.15518e-21  0.0491271  0.950873  
1.47256e-20  0.626247  0.373753  
1.92586e-20  0.819024  0.180976  
1.16054e-20  0.493549  0.506451  
1.21325e-20  0.515966  0.484034  
0.219872  0.8286  0  
1.44359e-20  0.613923  0.386077  
1.03456e-20  0.439975  0.560025  
1.13425e-20  0.482368  0.517632  
0.677365  0.268031  0.0993797  
1.58693e-20  0.674882  0.325118  
1.89698e-20  0.806743  0.193257  
0.607176  0.425628  0  
0.66389  0.359918  4.38712e-08  
1.13753e-19  0.862194  0.137806  
9.84258e-21  0.418582  0.581418  
6.00796e-21  0.255505  0.744495  
1.95876e-20  0.833013  0.166987  
2.03754e-21  0.0866518  0.913348  
1.64374e-20  0.699043  0.300957  
3.4533e-21  0.146861  0.853139  
0.690658  0.175699  0.239638  
5.4995e-22  0.0233881  0.976612  
0.364694  0.0246613  0.641612  
0.351339  0.680496  0  
1.45524e-21  0.0618879  0.938112  
1.24157e-20  0.528011  0.471989  
5.72723e-21  0.243565  0.756435  
9.58707e-21  0.407715  0.592285  
2.60128e-22  0.0110626  0.988937  
8.52483e-22  0.0362541  0.963746  
1.05915e-20  0.450433  0.549567  
2.32605e-21  0.0989212  0.901079  
1.29889e-20  0.552389  0.447611  
1.99272e-20  0.847456  0.152544  
4.59197e-21  0.195286  0.804714  
1.32764e-20  0.564613  0.435387  
4.02144e-21  0.171022  0.828978  
8.49549e-21  0.361293  0.638707  
5.44579e-21  0.231597  0.768403  
2.09883e-20  0.892581  0.107419  
7.66957e-21  0.326169  0.673831  
0.361138  0.531932  0.151333  
7.94455e-21  0.337863  0.662137  
0.379454  0.0163185  0.67515  
3.73784e-21  0.158962  0.841038  
1.55851e-20  0.662799  0.337201  
1.53019e-20  0.650755  0.349245  
1.7844e-20  0.758861  0.241139  
2.32902e-19  0.968992  0.0310083  
1.35667e-20  0.576961  0.423039  
7.1198e-21  0.302788  0.697212  
0.61068  0.229868  0.195035  
6.2883e-21  0.267427  0.732573  
9.04563e-21  0.38469  0.61531  
0.520597  7.68019e-10  0.518614  
1.81224e-20  0.770704  0.229296  
0.605479  0.00242229  0.421901  
1.7284e-20  0.735048  0.264952  
1  2.61125e-12  1.55431e-15  
2.31497e-20  0.984502  0.015498  
1.08398e-20  0.460989  0.539011  
8.77196e-21  0.373051  0.626949  
0.829875  0  0.227238  
1.50145e-20  0.63853  0.36147  
2.13324e-20  0.907215  0.0927852  
1.67223e-20  0.711161  0.288839  
8.21926e-21  0.349546  0.650454  
4.58054e-20  0.589332  0.410668  
3.17052e-21  0.134835  0.865165  
7.39462e-21  0.314476  0.685524  
4.30727e-21  0.183178  0.816822  
2.2058e-20  0.938075  0.0619245  
4.87832e-21  0.207463  0.792537  
2.89093e-21  0.122944  0.877056  
2.24214e-20  0.953531  0.0464688  
6.56684e-21  0.279272  0.720728  
1.70041e-20  0.723145  0.276855  
1.00912e-20  0.429154  0.570846  
1.8398e-20  0.782425  0.217575  
3.22191e-18  1  1.11022e-16  
6.84345e-21  0.291036  0.708964  
1.41473e-20  0.60165  0.39835  
5.1635e-21  0.219592  0.780408  
1.75641e-20  0.746959  0.253041  
9.54911e-30  3.50849e-21  1  
2.16945e-20  0.922617  0.0773828  
