1.07245  1.07316  
2.11289  0.840307  
0.801944  1.21841  
0.786043  1.50022  
1.42457  0.932219  
1.4599  0.95645  
0.656284  1.31547  
1.34183  1.04556  
1.29055  0.846834  
0.870684  1.31231  
1.75766  1.03335  
1.25451  1.15188  
1.14265  0.754713  
1.66099  0.826624  
0.700303  1.62649  
1.3694  1.29053  
1.09171  0.702669  
1.20702  0.968695  
0.558058  1.43233  
1.6151  0.752799  
1.19341  1.11624  
0.813905  1.11713  
0.612285  1.2749  
1.84156  0.824783  
1.78796  1.25831  
1.2425  1.1632  
1.57142  0.805103  
0.44717  1.30384  
0.947088  1.24182  
2.33284  1.65205  
1.42682  1.28157  
1.35346  0.607399  
1.58494  1.29661  
1.50837  1.04374  
1.9828  1.26594  
1.06853  1.05475  
0.757368  1.18237  
2.09138  0.776555  
0.882429  0.708942  
1.28223  0.943216  
0.80082  1.22843  
1.44628  1.52015  
1.60063  1.1116  
1.23535  1.1099  
1.13731  1.128  
1.97416  1.0019  
2.03269  1.7759  
1.74806  0.890876  
1.6076  1.02788  
1.37841  1.38509  
1.59166  0.741789  
0.779407  1.17875  
0.935627  1.03072  
1.16466  0.90825  
0.915581  1.41484  
1.42271  0.892301  
0.915167  0.912401  
1.09214  0.879686  
0.877722  1.04523  
2.43904  0.85088  
1.69014  1.37662  
0.524028  1.68685  
1.02736  0.864351  
0.672698  1.15288  
1.82264  1.16564  
0.78955  1.48796  
0.613486  0.893649  
0.843882  1.19093  
1.26679  1.4778  
0.947889  1.4046  
1.39302  1.58497  
0.800925  1.03239  
1.70822  0.674627  
0.847713  1.04007  
1.19084  0.847627  
0.635638  1.47512  
0.603748  1.17665  
1.60197  0.916198  
1.576  1.39334  
1.66555  1.50205  
0.973914  1.19654  
2.35942  0.327276  
0.942677  1.32357  
2.07579  1.02506  
1.5063  1.06065  
0.952358  1.57745  
1.99868  1.04371  
1.56804  1.12854  
0.844376  1.53685  
0.587325  1.39073  
1.73475  1.12054  
2.28581  0.771067  
1.7352  1.38318  
1.66095  0.785054  
0.655024  1.48223  
1.15611  1.18612  
0.598646  1.5629  
1.27569  1.16285  
0.714498  1.57315  
1.75137  1.29121  
0.987074  1.37972  
1.3998  1.18364  
2.58526  0.564453  
0.894108  1.38709  
2.29794  0.845605  
0.928881  0.975386  
0.953304  1.70495  
1.12272  1.33341  
1.0684  1.38312  
0.974559  1.56306  
0.799753  1.39396  
2.31592  1.8055  
1.75599  0.465128  
0.682482  1.72979  
1.8611  1.32738  
0.76535  1.6726  
1.17481  1.40761  
1.53138  1.31447  
2.56017  0.739236  
1.88203  1.63269  
1.89529  1.41644  
2.56017  0.739236  
1.55199  0.681043  
0.717343  1.51286  
1.99604  0.409416  
0.923295  1.24787  
0.814311  1.39396  
0.827615  1.27132  
1.72918  0.531725  
0.957571  1.1455  
1.79854  0.537109  
1.27772  0.852648  
0.673339  1.55366  
1.1204  1.33283  
1.42531  0.601188  
1.86045  0.880398  
2.33524  0.248448  
0.497073  1.82324  
0.836724  1.23018  
0.949705  1.44501  
1.99362  0.29829  
0.680559  1.39487  
1.64062  0.237849  
1.92681  0.444274  
1.29163  0.937277  
1.20706  0.269894  
0.546381  2.06835  
1.14917  0.647999  
1.7543  0.463355  
0.360171  0.416742  
1.65893  1.13393  
1.51591  0.123184  
0.401456  1.4738  
2.04122  0.773224  
0.928881  0.975386  
0.755267  1.25455  
1.25499  0.638164  
1.39203  1.15365  
1.09305  1.005  
2.27034  0.683447  
0.655046  1.33372  
0.643686  1.60859  
1.04885  0.839608  
1.29015  0.535345  
1.27016  1.23098  
0.85667  1.16354  
0.983748  0.970823  
0.819011  1.22792  
1.36007  0.658766  
2.10185  0.344985  
0.665174  1.68671  
1.15049  1.12335  
1.596  0.638037  
0.867485  1.5758  
1.48261  0.838953  
0.891527  1.38843  
1.90361  0.513075  
0.704693  1.61047  
2.07225  0.394315  
0.871524  1.51108  
0.941019  1.36713  
1.9323  0.556652  
0.682482  1.72362  
1.62129  0.843469  
2.2483  0.463986  
1.42248  1.082  
1.54873  1.16844  
1.53025  1.00742  
2.23044  0.474287  
1.67218  0.864359  
2.48453  0.574809  
2.10207  0.671177  
1.3998  1.18214  
0.985491  1.37972  
0.940181  1.70495  
1.53404  1.13114  
1.0684  1.38312  
1.53138  1.31447  
1.90466  1.08513  
1.39242  1.44098  
1.47396  0.791458  
1.44067  0.630792  
0.7733  1.27058  
1.15363  0.77531  
0.695524  1.2895  
1.43811  0.321264  
1.40144  0.392757  
1.20896  0.564421  
1.12822  0.806453  
0.57984  1.25579  
1.2609  0.510539  
1.42122  0.314841  
0.587177  1.15402  
1.14564  0.626992  
0.705942  1.08783  
1.09038  0.660309  
0.490092  1.21988  
1.25818  0.466148  
0.461618  1.29824  
0.932216  0.772432  
0.68241  1.08831  
1.56936  0.293264  
0.186547  1.51027  
1.43651  0.152985  
0.718131  0.711837  
1.16508  0.45229  
0.632852  0.841243  
1.30877  0.207801  
0.292299  1.15544  
0.580573  0.852059  
0.0638726  1.6785  
1.08239  0.152982  
0.213971  1.45015  
0.466176  0.902949  
1.86045  0.0561668  
0.871655  0.187491  
0.547131  0.886367  
1.59065  0.0723641  
1.00193  0.0850552  
1.18283  0.483183  
0.470749  1.02325  
0.318327  1.19634  
1.08658  0.571386  
0.170305  1.15505  
1.09496  0.60168  
1.49697  0.0304252  
0.109123  1.4412  
0.326232  0.428985  
0.0395757  1.55791  
0.251829  1.12476  
0.215716  1.13828  
0.88851  0.28344  
0.0933633  1.67939  
1.97405  0.0302862  
0.642486  0.991536  
1.07525  0.358284  
0.220741  1.21072  
1.21413  0.410841  
1.71574  0.129399  
1.13832  0.0937177  
0.822361  0.473083  
0.437254  1.10549  
0.137706  1.49252  
0.64717  0.624619  
0.340241  0.964873  
0.949771  0.576348  
0.267451  1.45506  
0.290867  1.25517  
0.305485  1.28861  
0.803965  0.664716  
0.554423  0.987493  
0.219953  1.45529  
0.782171  0.890994  
0.70398  0.8198  
1.6167  0.135651  
0.518963  1.00388  
0.891325  0.813411  
0.690562  0.94723  
0.443758  1.08944  
0.170455  1.66481  
0.707768  0.798477  
0.916426  0.665655  
1.32044  0.284703  
0.911835  0.680879  
1.77661  0.165303  
0.468074  1.12369  
0.80043  0.761636  
0.714133  0.907333  
0.364883  1.23284  
1.01653  0.698817  
1.57536  0.262578  
0.588262  1.05732  
1.04227  0.613711  
0.44038  1.19758  
0.502006  1.15266  
1.34984  0.309048  
0.376735  1.34355  
1.98315  0.255334  
0.753472  0.980189  
0.796672  0.904739  
0.475548  0.905299  
1.27523  0.374729  
0.970764  0.430353  
0.388848  0.864483  
0.898558  0.482845  
0.956075  0.414863  
0.314635  1.03694  
0.762933  0.519487  
0.137093  1.23794  
1.03724  0.353671  
0.378592  0.864412  
0.426838  0.717717  
0.524102  0.638979  
0.826284  0.437999  
0.581802  0.581687  
0.972854  0.250255  
0.678541  0.485455  
0.839826  0.425297  
0.41797  0.745363  
0.157091  1.07336  
0.501312  0.649522  
0.876683  0.324256  
0.587728  0.474366  
0.697986  0.405291  
0.146917  1.06501  
0.771308  0.358986  
0.356478  0.672426  
1.3419  0.0412074  
0.636049  0.417381  
0.180131  0.967767  
0.00263882  1.43891  
0.207426  0.920912  
0.419811  0.587417  
1.60356  0.0308732  
0.264291  0.892511  
0.26498  0.771283  
0.0164254  1.28252  
0.49644  0.491559  
1.03573  0.0748494  
0.281153  0.764807  
0.673231  0.418915  
0.318561  0.436821  
1.05809  0.00066076  
0.806092  0.169592  
0.8976  0.0535912  
0.106353  1.03769  
0.58909  0.378405  
0.167657  0.95889  
0.118933  0.9264  
0.656383  0.305909  
0.0674827  1.14748  
0.183306  0.988054  
0.25352  0.761533  
0.770398  0.141621  
0.103957  1.09639  
0.00114849  1.41059  
0.401651  0.636438  
0.277772  0.716894  
0.0934341  1.02482  
0.0821441  1.10619  
0.0892799  1.04364  
0.10392  1.16818  
0.0114902  1.08592  
0.00768022  1.29245  
0.272022  0.74779  
0.0205646  1.27399  
0.412114  0.672329  
1.205  0.0730649  
0.764599  0.369058  
0.360697  0.668111  
0.355341  0.728234  
1.3406  0.0672857  
0.471245  0.645086  
0.506627  0.572917  
0.0994813  1.11336  
1.37637  0.0490508  
0.902612  0.226467  
0.0299666  1.51587  
0.357071  0.786321  
1.27253  0.105297  
0.0845379  1.2173  
0.871221  0.303241  
0.627312  0.511692  
0.316046  0.904134  
1.19655  0.20448  
0.65444  0.433349  
0.844154  0.369142  
0.402438  0.725224  
0.587195  0.560773  
0.285159  0.952001  
0.166209  1.04766  
0.385637  0.784418  
0.628411  0.529145  
1.39843  0.0541486  
0.905217  0.27386  
0.43168  0.698733  
0.711951  0.466621  
1.03317  0.245608  
0.368218  0.863656  
0.555251  0.599771  
0.28462  0.75448  
0.00875807  1.09501  
0.426989  0.460828  
0.39017  0.485639  
0.00957581  1.07225  
0.0541767  0.952996  
0.827234  0.171336  
1.03564  0.0807837  
0.193071  0.769969  
0.952726  0.138  
0.286454  0.64832  
0.000917107  1.19599  
1.1645  0.00391071  
0.63617  0.269107  
0.355874  0.504049  
0.101067  0.809882  
0.795196  0.18443  
1.09568  0.0233499  
0.0197055  0.981033  
0.44959  0.396599  
0.676576  0.264308  
0.0184215  1.04467  
1.11425  9.33115e-05  
0.683508  0.259673  
0.00352769  1.08336  
0.00957698  1.02  
0.703489  0.208942  
9.78679e-05  1.23627  
0.985054  0.0143416  
0.979047  0.018797  
0.0803607  0.82771  
0.000907186  1.09143  
0.943951  0.0504921  
0.00476688  1.06033  
0.307917  0.514153  
0.523576  0.338453  
0.179331  0.652607  
0.0488409  0.938621  
0.00749352  1.02871  
0.614958  0.216351  
0.299141  0.561727  
0.0108191  0.919005  
0.154125  0.667744  
0.0982497  0.772141  
1.00214  0.000172204  
0.770364  0.125731  
0.136243  0.708143  
0.424701  0.35266  
1.1747  6.56448e-05  
0.0827348  0.796495  
0.000124296  1.11517  
0.214681  0.561844  
0.0719974  0.858699  
0.896403  0.0532555  
0.5585  0.25564  
0.0602658  0.862138  
0.0560328  0.882965  
0.710921  0.158625  
0.315683  0.438321  
0.392694  0.396  
0.0392212  0.881306  
0.65194  0.195181  
0.00447235  1.08106  
0.382779  0.442688  
1.09498  0.00900569  
0.0196961  0.967455  
0.726994  0.191836  
0.185373  0.663314  
0.000234982  1.18062  
0.602648  0.287584  
0.938197  0.0802399  
0.0883156  0.807638  
1.17862  0.000171406  
0.480228  0.368943  
0.264248  0.592489  
0.788072  0.150718  
0.00246622  1.15845  
0.338111  0.505836  
0.691966  0.226857  
0.848706  0.127015  
0.189179  0.657409  
0.438811  0.393569  
0.153327  0.744682  
0.00661615  1.06069  
0.0270212  0.963363  
0.634584  0.264573  
0.10508  0.804735  
0.995427  0.0703972  
0.578209  0.329705  
0.117752  0.786954  
0.313626  0.564884  
1.11982  0.00299186  
0.375995  0.464365  
0.344977  0.498795  
1.07282  0.0627914  
0.128469  0.781888  
0.00772126  1.05384  
0.000162171  1.24537  
0.369133  0.489066  
1.26143  0.000152506  
0.236282  0.515697  
1.00002  2.67111e-05  
0.478333  0.313657  
0.0109802  0.895901  
0.547341  0.263086  
0.186843  0.570595  
0.115163  0.662126  
0.280635  0.476087  
0.123368  0.650692  
0.649992  0.193926  
1.5549e-05  1.01798  
0.13386  0.635916  
0.00256695  0.952389  
0.220826  0.530455  
0.451939  0.330556  
0.0449294  0.789405  
0.176258  0.581469  
0.192701  0.563474  
0.431221  0.346346  
0.094917  0.693707  
0.66767  0.183279  
0.208378  0.544906  
0.767957  0.123706  
0.00930133  0.904101  
0.319188  0.436148  
0.00604934  0.923381  
0.346351  0.411956  
0.249976  0.500956  
0.309477  0.44567  
0.0886934  0.704434  
0.418969  0.353258  
0.287154  0.465516  
0.0492853  0.779752  
0.166415  0.593984  
0.15785  0.604838  
0.230201  0.523081  
0.362737  0.401918  
0.0172318  0.869137  
0.154736  0.611219  
0.21399  0.539532  
0.10343  0.680337  
0.0713497  0.734225  
0.242025  0.509888  
0.0828488  0.713914  
0.0323523  0.821053  
0.0626917  0.750679  
0.148271  0.616551  
0.4738  0.315281  
0.0141617  0.882014  
0.904226  0.0493757  
0.0919895  0.698475  
0.198974  0.556012  
0.0347674  0.814624  
0.0207159  0.857033  
0.0784474  0.722427  
0.0657697  0.744796  
0.111079  0.667649  
0.000984171  0.971827  
0.4434  0.334616  
0.126269  0.64647  
0.302178  0.454752  
0.0993257  0.686853  
0.896373  0.0532448  
0.256316  0.496728  
0.710713  0.156985  
0.182007  0.574715  
0.724897  0.148783  
0.000135065  0.990716  
0.911711  0.0454121  
0.05532  0.765593  
0.0419109  0.796071  
0.611137  0.221612  
0.314481  0.439272  
0.895291  0.0570741  
0.0231199  0.848834  
0.0517475  0.773474  
0.0750429  0.727591  
0.268589  0.483231  
0.463291  0.321763  
0.203581  0.550787  
0.169336  0.590612  
0.965231  0.0176916  
0.26172  0.489943  
0.329272  0.42708  
0.378977  0.38479  
0.131202  0.63975  
0.142255  0.625656  
0.10677  0.675392  
0.0382103  0.805431  
0.594891  0.22892  
0.118713  0.656806  
0.614388  0.216214  
1.01251  5.24879e-06  
0.0273431  0.8355  
0.553063  0.256362  
0.636161  0.202522  
0.983321  0.00846125  
0.0598058  0.75687  
0.00454116  0.933792  
0.0296524  0.828909  
0.00917482  0.904285  
0.0334391  0.817228  
0.393557  0.373148  
0.34141  0.415791  
0.0066251  0.918683  
0.402287  0.366117  
0.557431  0.25426  
0.470732  0.314032  
0.366819  0.394462  
1.99986e-06  1.00013  
0.664127  0.185305  
0.419378  0.352518  
0.46158  0.320675  
0.608683  0.21987  
0.0624923  0.750066  
0.594671  0.228869  
0.0670577  0.741159  
0.724705  0.148735  
0.531403  0.278965  
0.533075  0.271915  
0.049879  0.776755  
0.0418471  0.795506  
0.377698  0.385507  
0.0762611  0.723968  
0.673926  0.17971  
0.133567  0.63458  
0.164635  0.594604  
0.579942  0.244066  
0.249667  0.500434  
0.192112  0.561803  
0.408766  0.360913  
0.141147  0.624334  
0.181156  0.574433  
0.760942  0.127836  
0.0296198  0.827951  
0.322919  0.431836  
0.0711328  0.733406  
0.268956  0.481481  
0.58329  0.236861  
0.2418  0.508314  
0.299678  0.452658  
0.893519  0.0548388  
0.357337  0.402453  
0.082927  0.712099  
0.103779  0.677981  
0.490957  0.30061  
0.156628  0.60435  
0.262408  0.487836  
0.0541242  0.76746  
0.429893  0.344421  
0.334048  0.422123  
0.636121  0.202451  
0.284429  0.466776  
0.125664  0.645606  
0.649897  0.193857  
0.0119553  0.890884  
0.108978  0.670011  
0.451099  0.328432  
0.120006  0.653654  
0.113902  0.662681  
0.222499  0.528362  
0.255542  0.494635  
0.0882919  0.702968  
0.0376109  0.806151  
0.98324  0.00842856  
0.277087  0.473685  
0.228748  0.521792  
0.44262  0.334806  
0.544098  0.262519  
0.307975  0.445144  
0.234915  0.515389  
0.315956  0.437953  
0.0457021  0.78629  
0.348681  0.409591  
0.484684  0.303975  
0.0183649  0.864767  
0.0984029  0.686356  
0.149245  0.613811  
0.0585734  0.758046  
0.911736  0.0452858  
0.0933878  0.694599  
0.2  0.552992  
0.208994  0.542879  
0.618758  0.21408  
0.215286  0.536075  
0.0254188  0.840717  
0.292476  0.45931  
0.965041  0.0176522  
0.186394  0.5683  
0.170403  0.587301  
0.771157  0.122442  
0.709182  0.158616  
0.0220444  0.851631  
0.903844  0.0493374  
0.387373  0.377732  
0.00250876  0.950047  
1.00001  4.89569e-06  
0.000877072  0.970483  
0.0148241  0.878365  
0.00440631  0.933697  
1.02479e-06  0.999918  
0.299652  0.452627  
0.141145  0.624324  
0.199892  0.552935  
0.0183326  0.864716  
0.377018  0.386  
0.461538  0.320658  
0.324402  0.430497  
0.522806  0.277201  
0.0256064  0.840002  
0.903803  0.0493289  
0.893493  0.0547699  
0.34865  0.409557  
0.0554149  0.76466  
0.402158  0.365876  
0.24179  0.508293  
0.649886  0.193855  
0.0602557  0.754574  
0.0503691  0.775623  
0.59466  0.228865  
0.49041  0.299768  
0.72598  0.148042  
0.133549  0.634568  
0.0334254  0.817212  
0.00916723  0.904273  
0.386427  0.378439  
0.0375948  0.806128  
0.192084  0.561751  
0.315558  0.43827  
0.178431  0.577667  
0.556957  0.253814  
0.429881  0.34438  
0.543978  0.26248  
0.27706  0.473646  
0.249525  0.500499  
0.00326312  0.942957  
0.707656  0.158987  
0.0710946  0.733386  
0.127043  0.64372  
0.394257  0.372162  
0.234893  0.515364  
0.0456838  0.786273  
0.10892  0.669996  
0.663905  0.185216  
0.29211  0.459566  
0.163674  0.595558  
0.583417  0.236214  
0.410278  0.359541  
0.103754  0.677938  
0.262349  0.487814  
0.636112  0.202449  
0.964966  0.0176851  
0.00106103  0.967559  
0.284408  0.466754  
0.119981  0.653645  
0.341378  0.41575  
0.0657365  0.743675  
0.532195  0.27055  
0.156592  0.604311  
0.0416042  0.796061  
0.149206  0.613761  
0.255454  0.494595  
0.442558  0.334787  
0.114711  0.661352  
0.207522  0.544469  
0.215013  0.536328  
0.472917  0.312384  
0.912826  0.0446204  
0.00612777  0.921852  
0.0984038  0.686329  
0.185053  0.569843  
0.0882811  0.702911  
0.222474  0.528351  
0.983235  0.00842382  
0.886415  0.0611762  
0.618096  0.213833  
0.574441  0.242328  
0.170387  0.587241  
0.307942  0.445089  
0.021821  0.852309  
0.482913  0.305124  
0.35728  0.402298  
0.082904  0.712095  
0.228727  0.521774  
0.0769003  0.722752  
0.607568  0.220584  
0.673424  0.179473  
0.77052  0.122269  
0.419329  0.352481  
0.451089  0.328394  
0.760932  0.127726  
0.334051  0.422052  
0.0296172  0.827935  
1.00003  2.73103e-06  
0.268917  0.481454  
0.499769  0.293618  
0.366782  0.39439  
0.0119289  0.890825  
0.0933191  0.694565  
0.0149458  0.877818  
0.442552  0.334759  
0.0183138  0.8647  
0.419322  0.352469  
0.00865272  0.907063  
9.11412e-07  0.999937  
0.207517  0.544466  
0.222082  0.52876  
0.618424  0.213625  
0.366928  0.394259  
0.0334188  0.817205  
0.357315  0.402256  
0.503467  0.29103  
0.0882775  0.702906  
0.268915  0.481452  
0.707559  0.158872  
0.060251  0.754562  
0.262349  0.48781  
0.348632  0.409554  
0.0552308  0.765011  
0.0503497  0.775622  
0.324387  0.430464  
0.178415  0.577642  
0.883482  0.0604256  
0.663892  0.185212  
0.108919  0.669989  
0.114698  0.661344  
0.171071  0.586404  
0.141199  0.624242  
0.341376  0.41574  
0.307939  0.445086  
0.912991  0.0445153  
0.964506  0.0179436  
0.49037  0.299751  
0.299648  0.452619  
0.192069  0.56175  
0.4729  0.312343  
0.48291  0.305102  
0.556855  0.253801  
0.215012  0.53632  
0.903775  0.0493351  
0.0375936  0.806126  
0.0456823  0.786271  
0.126963  0.643694  
0.284403  0.466742  
0.0933147  0.694543  
0.248885  0.501132  
0.156342  0.60461  
0.41026  0.359497  
0.103743  0.677933  
0.394219  0.372156  
0.199882  0.552934  
0.0712181  0.733147  
0.277058  0.473642  
0.333959  0.422117  
0.0294545  0.828403  
0.402154  0.365849  
0.430891  0.343625  
0.376548  0.386379  
0.0256041  0.840001  
0.649884  0.193853  
0.119969  0.653642  
0.532165  0.270524  
0.0416017  0.796059  
0.149197  0.613758  
0.0218189  0.852304  
0.451651  0.327979  
1.00001  1.60893e-06  
0.893491  0.054758  
0.163634  0.595498  
0.241785  0.508291  
0.185053  0.569832  
0.292102  0.45955  
0.770467  0.122262  
0.636003  0.202506  
0.543969  0.262473  
0.521806  0.277742  
0.22872  0.521768  
0.57206  0.243767  
0.607543  0.220566  
0.677498  0.177295  
0.725956  0.148002  
0.3864  0.378421  
0.594657  0.228865  
0.0149897  0.877602  
0.461521  0.320655  
0.133548  0.634564  
0.583409  0.236202  
0.758323  0.129342  
0.983234  0.00842259  
0.0657275  0.74365  
0.255749  0.494296  
0.0829016  0.712093  
0.0983977  0.686328  
0.00563111  0.925009  
0.0768925  0.72273  
0.234891  0.515353  
0.0119238  0.890822  
0.315552  0.438269  
0.00316201  0.943838  
0.00105714  0.967554  
0.0030251  0.945036  
0.324581  0.43029  
0.0503486  0.77562  
0.88012  0.0624515  
0.0256038  0.839998  
0.38576  0.378921  
0.0415995  0.796057  
0.299645  0.452612  
0.410261  0.359494  
0.0459147  0.785743  
0.292096  0.459545  
0.482907  0.305098  
0.727187  0.147319  
0.0334166  0.817205  
0.16363  0.595493  
0.618412  0.213622  
0.583407  0.236192  
0.120863  0.652395  
0.543967  0.26247  
0.357621  0.401999  
0.0933013  0.694561  
0.114697  0.661341  
0.178388  0.577651  
0.491969  0.298671  
0.89349  0.0547571  
0.126641  0.644142  
0.348632  0.409554  
0.0183106  0.864693  
0.472897  0.312333  
0.185051  0.569829  
0.964475  0.017938  
0.0712157  0.733144  
0.156339  0.60461  
0.520401  0.278669  
0.222075  0.528759  
0.234889  0.51535  
0.192066  0.56175  
0.108914  0.669988  
0.307938  0.445084  
0.17107  0.586398  
1  7.33788e-07  
0.0657258  0.743646  
0.678635  0.17637  
0.24888  0.501129  
0.376469  0.386439  
0.277058  0.473641  
0.442552  0.334756  
0.707549  0.158852  
0.207516  0.544465  
7.58144e-07  0.999904  
0.0218176  0.852302  
0.0985559  0.686071  
0.284388  0.466734  
0.00562933  0.925005  
0.0294489  0.828406  
0.149196  0.613752  
0.912968  0.0445135  
0.53209  0.270568  
0.430871  0.343616  
0.199759  0.553064  
0.228717  0.521766  
0.0768827  0.722737  
0.0822999  0.713136  
0.594654  0.228864  
0.394214  0.372145  
0.00105532  0.96755  
0.402153  0.365849  
0.607538  0.220563  
0.366927  0.394258  
0.141199  0.62424  
0.103739  0.677928  
0.663885  0.185212  
0.63543  0.202902  
0.0118334  0.891245  
0.571633  0.243958  
0.262348  0.487805  
0.333957  0.422117  
0.420193  0.351793  
0.903775  0.0493334  
0.315548  0.438268  
0.241783  0.508291  
0.503172  0.290747  
0.649882  0.193852  
0.255743  0.494293  
0.451639  0.327967  
0.215012  0.536313  
0.055226  0.765008  
0.772494  0.121279  
0.0882772  0.702901  
0.0602447  0.754561  
0.00864206  0.907057  
0.341371  0.415737  
0.983229  0.00842249  
0.556853  0.253788  
0.27016  0.480248  
0.461518  0.320655  
0.758305  0.129208  
0.0375905  0.806125  
0.0149867  0.877599  
0.133547  0.634563  
0.00562913  0.925002  
0.014985  0.877597  
0.0116961  0.891878  
0.0459095  0.785742  
0.185051  0.569827  
0.277058  0.473641  
0.00864142  0.907054  
0.0183103  0.864691  
0.442552  0.334756  
0.03759  0.806125  
0.556848  0.253784  
0.228716  0.52176  
0.914196  0.0440041  
0.0929102  0.695196  
0.0294479  0.828401  
0.0768818  0.722732  
0.082164  0.713372  
0.0874533  0.704286  
0.903774  0.0493323  
0.00302337  0.945035  
0.221817  0.529033  
0.192065  0.56175  
0.120841  0.652387  
0.70707  0.159165  
0.234888  0.51535  
0.108911  0.669988  
0.324579  0.430284  
0.678493  0.176332  
0.376468  0.386438  
1  4.48153e-07  
0.178387  0.57765  
0.420192  0.351785  
0.492598  0.29824  
0.149193  0.613751  
0.757443  0.129902  
0.262348  0.487804  
0.163629  0.595493  
0.207516  0.544463  
0.482903  0.305094  
0.215011  0.536312  
0.357621  0.401994  
0.878462  0.0628473  
0.775191  0.119784  
0.893488  0.0547565  
0.292096  0.459544  
0.451638  0.327964  
0.983179  0.00844866  
0.727769  0.146934  
0.12664  0.644138  
0.618408  0.213619  
0.472242  0.312826  
0.571627  0.243949  
0.402153  0.365848  
0.663884  0.185211  
0.0505354  0.775206  
0.50316  0.290697  
0.114819  0.661157  
0.348632  0.409551  
0.461516  0.320652  
0.518683  0.279844  
0.199757  0.553063  
0.103739  0.677924  
0.133547  0.634561  
0.0712155  0.733144  
0.583406  0.236192  
0.53209  0.27056  
0.156339  0.604609  
0.430865  0.343615  
0.0985547  0.686069  
0.299966  0.452314  
0.24888  0.501127  
0.060244  0.754561  
0.341371  0.415735  
0.307938  0.445082  
0.411255  0.358751  
0.543967  0.262463  
0.241782  0.50829  
0.0334162  0.817205  
0.594654  0.228864  
0.025603  0.839997  
0.284513  0.466606  
0.366927  0.394258  
0.316061  0.437816  
0.270156  0.480243  
0.39421  0.372144  
0.141198  0.62424  
0.0552253  0.765006  
0.333652  0.422383  
0.607533  0.220562  
0.385758  0.378916  
0.649881  0.193851  
0.0657258  0.743645  
0.635423  0.202883  
0.17107  0.586397  
0.964469  0.0179319  
0.255743  0.494293  
0.0415964  0.796053  
0.000999326  0.968404  
0.0218174  0.852301  
5.81268e-07  0.999903  
