1.88579  0.663697  
1.27961  1.52315  
2.15029  0.618561  
2.10481  0.24259  
1.90889  0.0898594  
0.238916  1.69437  
1.64129  0.247186  
0.807651  1.75611  
1.21876  0.882575  
1.93199  0.142533  
0.991166  1.14103  
1.39126  0.743289  
1.86364  0.0781908  
1.75124  1.33855  
1.7446  1.15691  
0.0243762  2.17867  
1.33509  0.926902  
1.10142  0.89731  
1.44829  1.02262  
0.893791  1.76596  
1.51424  0.973737  
0.335773  1.68105  
0.118248  1.76416  
0.820856  1.30015  
0.693275  1.57429  
1.86583  0.0912381  
1.13843  1.5169  
2.23261  0.546184  
1.50665  1.6319  
0.198825  1.97061  
1.22986  0.0393769  
1.57056  1.325  
1.25998  1.27407  
1.67077  0.821936  
1.70759  1.2025  
2.1477  0.745827  
2.17867  1.11732  
1.62745  0.908586  
0.786227  1.9647  
1.49598  0.388594  
1.17957  1.63515  
1.53131  0.371099  
0.332456  2.12324  
1.64447  0.608618  
1.5282  0.867093  
1.8458  0.597771  
2.14099  0.223451  
1.3434  1.57948  
1.24815  0.463622  
1.42221  1.19336  
0.273063  1.88188  
0.77892  1.47987  
1.54286  0.42206  
1.0546  1.60679  
0.606905  1.6831  
0.974753  1.34119  
1.37474  0.103653  
0.0689491  2.15647  
0.0116776  1.49562  
0.437686  1.90397  
1.35309  0.531142  
1.45046  0.457285  
1.54325  0.0938717  
0.843159  1.72118  
1.8799  1.016  
1.76635  0.188222  
1.71862  0.284769  
0.0809498  1.5651  
0.160503  2.1678  
1.31107  0.269273  
0.998305  1.96746  
0.849031  1.33675  
1.91517  0.188232  
0.66646  2.1385  
0.689228  1.55667  
1.03618  1.83408  
1.73109  0.438578  
0.168022  1.96455  
1.62896  1.11961  
1.60559  0.595956  
0.866452  1.77445  
0.0958143  2.28453  
1.78084  0.708603  
1.18561  1.34266  
1.38958  1.06907  
2.16987  0.242614  
0.599711  1.70798  
1.67395  0.625848  
0.447979  1.90327  
1.80579  1.09658  
2.0652  0.345764  
0.122851  1.94491  
0.507722  2.27806  
1.94258  0.312339  
0.231183  1.64379  
0.852185  2.03883  
0.720106  1.55697  
0.981503  1.55156  
1.02497  1.19021  
1.63712  0.524807  
1.91193  1.06025  
0.932941  2.20469  
0.204416  1.67832  
1.77398  0.197045  
1.76092  0.957011  
1.40017  1.23343  
0.0327761  2.00398  
1.67884  1.50787  
1.66047  1.03207  
2.14613  0.887714  
0.0495383  1.87406  
0.342158  2.33213  
1.99585  0.910481  
1.83396  1.16033  
1.85431  0.94487  
2.02634  0.425771  
0.0322504  2.07894  
1.98547  1.13623  
2.19909  0.462069  
0.00150336  1.84055  
2.02858  1.07247  
1.13953  2.00988  
1.50467  1.50638  
0.000150391  2.23306  
2.06508  0.653611  
1.49481  1.4656  
2.1988  9.88721e-05  
0.00150336  1.84055  
0.0326849  2.04431  
0.0431375  2.01642  
2.89096e-05  2.25671  
0.0982911  2.09437  
2.11864  0.00262598  
1.69855  1.07478  
1.45997  1.30794  
2.13795  0.00339596  
1.89692  0.865348  
2.14365  1.25709e-18  
1.57694  1.15338  
3.12033e-05  1.95214  
2.11436  0.196819  
0.0232176  1.54494  
2.23802  0.000100635  
2.11147  0  
2.11851  0.000669165  
1.85717  0.88049  
2.64379  0.00532571  
1.00051  1.47774e-05  
1.77963  0.967183  
9.4148e-06  1.1476  
2.40258  0.399735  
1.57208  1.21318  
0.922764  1.46057  
1.93383  0.768297  
2.13579  0.67599  
1.88115  0.909267  
3.92932e-05  1.83796  
1.93157e-05  2.27537  
2.03761  0.478846  
1.71695  1.0863  
1.70251  1.0582  
1.3385  1.31253  
2.08411  0.439463  
1.50845  1.2585  
0.00277183  2.16683  
1.88851  1.33258  
2.44583  0.00303152  
2.1334  0.383938  
0.000181542  2.29336  
0.0158321  2.08076  
2.48813  0.00198437  
2.1704  0.133574  
3.03582e-05  2.36979  
0.0355884  2.17593  
2.67614  0.00539087  
1.95273  1.50699  
2.22215  0.201384  
2.32121  0.00467588  
1.75803  1.83779  
2.26532  0.014355  
2.16729  0.746688  
2.71931  0.084039  
0.0409301  2.4628  
2.79866  0.0149967  
2.88053  0.0154353  
0.144855  2.3434  
0.000178203  2.64603  
0.0344163  2.07085  
0.0381319  2.29443  
2.62732  0.0469461  
1.63111  1.46126  
2.08159  0.451258  
2.48813  0.00198437  
1.93012  1.67434  
0.000190071  2.40112  
0.0470062  2.19726  
2.25214  0.996648  
2.11615  0.840732  
0.119148  2.59749  
2.24655  0.0167199  
1.79358  0.307683  
1.78098  1.49376  
1.87942  1.34552  
1.83759  1.16715  
1.71896  1.4442  
0.698149  1.8768  
1.93793  0.210104  
1.90276  0.0662562  
1.36986  1.8083  
0.190463  1.85633  
2.01499  0.0065784  
1.71562  1.08968  
0.126181  1.87882  
1.84461  0.0787717  
0.481734  1.74898  
1.90475  0.00640462  
1.67242  1.19733  
0.0953468  1.80797  
1.70952  0.440005  
0.0676736  2.10498  
1.74567  0.0182331  
0.180458  1.75642  
0.170355  1.63274  
1.60167  0.336243  
0.308321  1.60351  
0.0167892  1.63602  
0.46094  1.54247  
1.46689  0.622921  
0.583156  1.47429  
0.316961  1.58832  
1.054  1.41228  
1.40547  0.68181  
1.62673  0.107829  
1.49993  0.551247  
1.68488  0.0149629  
0.379083  1.57881  
1.19606  1.12586  
0.50954  1.51933  
0.934273  1.10144  
1.26749  0.905241  
0.75676  1.33331  
0.250488  1.60858  
0.860563  1.21979  
0.572682  1.49285  
0.620048  1.44658  
1.63651  0  
1.0036e-16  1.63901  
8.98547e-08  1.63679  
0.976868  0.985825  
5.48981e-08  1.00001  
1.63971  0  
1  1.36983e-11  
1.68645  0.00860997  
1.63678  0.0897017  
0.819205  1.36121  
1.33576  0.749225  
0.17704  1.62137  
0.409228  1.5538  
0.0100961  2.06427  
1.115  0.918941  
1.43542  0.641304  
0.287614  1.60682  
1.52761  0.480559  
0.793985  1.28952  
1.59652  0.288915  
1.01305e-16  1.65444  
0.000799547  1.63912  
1.64061  0  
1.70452  0.0147964  
1.40224  0.878347  
0.97153  1.55217  
0.612216  1.48686  
1.2978  1.07868  
1.16508  1.25397  
0.797647  1.40867  
4.28536e-07  1.65323  
1.57669  0.84718  
1.14826  1.32045  
1.6354  0.189433  
1.15056e-07  2.09585  
0.00762512  1.6877  
1.64654  4.06192e-05  
0.685751  1.50521  
1.36364  1.13356  
1.53964  0.986371  
1.62053  0.612533  
1.28362  1.31166  
3.77327e-05  1.79568  
1.53054  1.00829  
1.64513  0.0318887  
0.0076848  1.70091  
1.60702  1.00662  
1.50777  1.32341  
1.66458  0.209015  
1.75045  4.31827e-05  
3.85782e-05  1.83591  
0.0373733  1.73133  
1.67164  0.898198  
1.8633  0.000914625  
1.70193  0.29196  
1.46269  0.0425743  
0.999147  1.19944  
1.05744e-16  1.72692  
1.63535  0.15655  
0.284567  1.48177  
1.52834  0.140081  
0.0288883  1.57244  
1.3996  0.817524  
1.04072e-16  1.69962  
1.43204  0.0984032  
0.0770969  1.47935  
0.00424997  1.51666  
1.42813  0.0849718  
9.41921e-17  1.53827  
1.14517  1.19196  
1.38282  0.470263  
0.00437347  1.36491  
1.43861  0.016466  
0.0527779  1.33797  
9.12628e-17  1.49043  
1.35896  0.0281102  
1.01034  1.14008  
0.516482  1.09458  
1.27752  0.119694  
8.95066e-17  1.46175  
7.8698e-17  1.28524  
1.00919  0.935835  
0.0520328  1.28401  
0.413811  1.20509  
1.2424  0.32044  
1.25015  0.292188  
0.8915  1.00498  
0.513366  1.0978  
1.28138  0.0682257  
0.875387  0.947489  
1.10838  0.647415  
1.26854  0.156458  
0.465979  1.14739  
0.724178  1.00194  
7.86642e-17  1.28468  
0.912857  0.692472  
1.31633  0  
1.16312  0.419574  
1  0  
1.21153  0.329122  
0.75948  1.04356  
0.271155  1.24028  
1.27948  0.249588  
1.25624  0.21623  
0.741273  0.737144  
0.687454  0.954818  
0.00159981  1.29894  
1.20898  0.34343  
0.235663  1.25333  
0.348191  1.20897  
0.798111  0.951724  
1.28598  2.79568e-14  
1.13046  0.578288  
7.86881e-17  1.28507  
6.27849e-15  1  
1.30735  0  
1.02314  0.679581  
1.28941  0  
1.2009  0.899914  
0.519079  1.08929  
1.30471  0.000424482  
1.05474  0.709463  
1.17334  0.451353  
0.509999  1.22304  
0.321807  1.24587  
1.22128  0.331772  
0.644772  1.20007  
0.847249  1.01703  
1.30149  0.0378823  
0.245296  1.27728  
1.17089  0.473418  
1.26197  0.30032  
7.88368e-17  1.2875  
1.10833  0.745515  
0.780701  1.07921  
1.24781  0.361689  
0.420666  1.25934  
0.8669  1.04265  
0.655279  1.21963  
1.26392  0.347525  
0.00360423  1.28622  
0.000936752  1.29228  
1.35502  0.000440853  
0.96077  1.07549  
1.20109  0.797891  
1.32404  0.0509352  
0.817118  1.13491  
0.49774  1.2626  
1.15448  0.930142  
0.0148106  1.28785  
1.29466  0.756225  
1.31025  0.709218  
1.36631  0  
0.000299221  1.29865  
1.36588  0.000444385  
0.077397  1.08293  
0.938201  0.7798  
0.735311  0.848759  
0.977878  0.536122  
7.46415e-17  1.21899  
0.535563  0.994961  
1.00835  0.453538  
0.758833  0.829396  
1.11771  9.34505e-06  
0.0121092  1.07677  
1.08598  0  
0.882255  0.697562  
0.0769228  1.0763  
0.846073  0.72083  
0.570522  0.958808  
0.890889  0.691336  
1.04585  0.2013  
1.00742  0.409583  
0.801665  0.780372  
7.13801e-17  1.16573  
0.964494  0.526568  
0.300451  1.0551  
0.755435  0.759213  
4.96341e-05  1.07205  
0.643602  0.851368  
1.07119  8.95614e-06  
0.673679  0.830491  
0.870977  0.603774  
0.328467  0.994075  
0.575571  0.884994  
0.84906  0.641404  
0.924122  0.522454  
0.867186  0.609605  
0.695448  0.814064  
0.819016  0.687098  
0.623434  0.862026  
0.871036  0.598614  
0.436831  0.926182  
0.835091  0.669784  
0.840123  0.659234  
0.707413  0.706807  
1  0  
0.981542  0.418214  
0.904832  0.555855  
0.934061  0.393726  
6.12324e-17  1  
0.648356  0.845069  
0.489832  0.930373  
0.585352  0.878611  
1.00354  0.431122  
0.87819  0.588715  
0.986781  0.315127  
0.503885  0.912866  
0.705384  0.806145  
0.421113  0.974984  
0.825271  0.678437  
1.06546  0.0950719  
0.343664  0.970068  
0.899372  0.54571  
0.835672  0.663966  
0.540399  0.897243  
0.730265  0.798172  
0.681833  0.824255  
1.01106  0.334362  
0.290579  1.00629  
0.65117  0.847916  
0.857411  0.652041  
1.03838  0.204202  
1.07464  8.98497e-06  
0.578214  0.889057  
0.201299  1.03855  
0.937167  0.520567  
0.728423  0.796159  
0.839201  0.697975  
0.120447  1.05828  
1.05355  0.150566  
0.872491  0.630146  
1.02943  0.270008  
0.823799  0.730301  
0.261302  1.02564  
0.898369  0.59663  
0.720335  0.823231  
0.998449  0.404384  
0.655382  0.845713  
1.04148  0.192564  
0.143021  1.05638  
0.0626185  1.07053  
6.58441e-17  1.07532  
0.716822  0.832336  
0.113634  1.06694  
0.780813  0.758714  
0.974795  0.517876  
1.07855  0  
0.583286  0.910238  
0.29051  1.02019  
0.00139741  1.07675  
0.910834  0.609928  
1.03934  0.2251  
0.50941  0.969127  
0.848014  0.705614  
0.324722  0.945811  
0.983339  0.18184  
0.245731  0.969347  
0.531819  0.84686  
0.670248  0.742148  
0.847852  0.530363  
0.921484  0.388451  
0.450471  0.892857  
0.741212  0.671276  
0.894647  0.446797  
0.991987  0.12636  
0.995123  0.0986845  
0.866897  0.498498  
0.951732  0.306944  
0.1841  0.982916  
0.0962041  0.995364  
0.497031  0.867734  
0.765454  0.643492  
0.309592  0.95087  
0.200628  0.979674  
0.797605  0.603183  
0.657202  0.753717  
0.730683  0.682723  
0.545089  0.838379  
0.946833  0.321743  
0.7192  0.694816  
0.125637  0.992086  
0.699838  0.714302  
0.941867  0.336045  
0.684007  0.729477  
0.285064  0.95851  
0.676811  0.736687  
0.986391  0.164478  
0.781466  0.623955  
0.0599039  0.998206  
0.787329  0.616536  
0.989371  0.145507  
0.42579  0.904823  
0.365333  0.930884  
0.375135  0.926972  
0.443191  0.896431  
0.876371  0.48164  
0.747392  0.664385  
0.885519  0.464614  
0.461671  0.887057  
0.574416  0.81857  
0.298381  0.954453  
0.631685  0.775232  
0.596107  0.802918  
0.937901  0.346906  
0.559971  0.82852  
0.998238  0.0593457  
0.512514  0.858684  
0.807722  0.589567  
0.899581  0.43676  
0.472217  0.881485  
0.976218  0.216825  
0.97165  0.236442  
0.707412  0.706806  
0.216245  0.976341  
0.917735  0.39723  
0.693863  0.720109  
0.776131  0.630582  
0.272215  0.962247  
0.980123  0.198468  
0.521553  0.853219  
0.588914  0.8082  
0.912712  0.408616  
0.934316  0.357361  
0.957385  0.288827  
0.231247  0.972937  
0.617909  0.786251  
0.386661  0.922224  
0.417082  0.908872  
0.968445  0.249246  
0.489235  0.872154  
0.858111  0.513483  
1  0  
0.343851  0.93903  
0.406332  0.913729  
0.853749  0.52071  
0.818544  0.574491  
0.644298  0.76478  
0.143363  0.989678  
0.813331  0.581816  
0.929309  0.369314  
0.603535  0.797337  
0.260021  0.965612  
0.904058  0.427418  
6.12324e-17  1  
0.354906  0.93493  
0.965141  0.261776  
0.170242  0.985406  
0.961197  0.275865  
0.871463  0.490464  
0.828466  0.560048  
0.480434  0.877032  
0.838046  0.545602  
0.890597  0.454813  
0.754284  0.656548  
0.300445  0.953799  
0.536623  0.843822  
0.392493  0.919755  
0.642283  0.766467  
0.986785  0.162033  
0.96887  0.24757  
0.327363  0.944899  
0.119536  0.99283  
0.31381  0.949486  
0.199008  0.979998  
0.619858  0.784714  
0.851076  0.525042  
0.728669  0.684866  
0.572973  0.819574  
0.663696  0.748003  
0.938458  0.345394  
0.9835  0.180907  
0.914218  0.405224  
0.764348  0.644804  
0.692065  0.721836  
0.142406  0.989808  
0.9649  0.262618  
0.440675  0.897667  
0.673395  0.739283  
0.876855  0.480755  
0.464239  0.88571  
0.952198  0.305482  
0.972749  0.231859  
0.245401  0.969422  
0.998044  0.0625116  
0.476244  0.879313  
0.093575  0.995612  
0.989914  0.141667  
0.992866  0.119237  
0.923999  0.382395  
0.797851  0.602855  
0.162863  0.986649  
0.181624  0.983368  
0.836734  0.54761  
0.821691  0.569933  
0.85792  0.513783  
0.682832  0.730576  
0.829299  0.558806  
0.893828  0.448409  
0.960837  0.277114  
0.956573  0.291493  
0.548713  0.836011  
0.215238  0.976562  
0.789705  0.613486  
0.781397  0.624035  
0.904166  0.427181  
0.86444  0.502735  
0.286838  0.957979  
0.805902  0.592049  
0.428925  0.90334  
0.230748  0.973014  
0.919063  0.394111  
0.947728  0.319079  
0.596741  0.802434  
0.560937  0.827858  
0.524062  0.85168  
0.608385  0.793642  
0.710464  0.703733  
0.353781  0.935328  
0.870678  0.491853  
0.99562  0.0934964  
0.755612  0.65502  
0.452595  0.891716  
0.273188  0.961961  
0.772954  0.634462  
0.909291  0.416162  
0.584872  0.811126  
0.746685  0.665178  
0.701331  0.712836  
0.416976  0.908917  
0.719605  0.694383  
0.737684  0.675146  
0.512124  0.858912  
0.943138  0.3324  
0.25942  0.965765  
0.88275  0.469843  
1  0  
0.813834  0.581098  
0.36683  0.930288  
0.65321  0.757176  
0.976476  0.215628  
0.899007  0.437934  
0.980064  0.198684  
6.12323e-17  1  
0.404847  0.914384  
0.844123  0.536149  
0.0623555  0.998054  
0.340663  0.940186  
0.9289  0.370332  
0.933721  0.358001  
0.631137  0.775672  
0.379794  0.925071  
0.500041  0.866002  
0.888388  0.459093  
0.488038  0.872822  
0.710494  0.703703  
6.12323e-17  1  
0.441746  0.89714  
0.14105  0.990003  
0.27371  0.961812  
0.956541  0.291598  
0.608385  0.793642  
0.214638  0.976694  
0.197926  0.980217  
1  0  
0.74679  0.66506  
0.245232  0.969464  
0.287659  0.957733  
0.417088  0.908866  
0.596742  0.802433  
0.465848  0.884865  
0.972742  0.231888  
0.429604  0.903018  
0.379952  0.925006  
0.3925  0.919752  
0.367237  0.930127  
0.501221  0.865319  
0.341442  0.939903  
0.328223  0.9446  
0.404847  0.914384  
0.882365  0.470567  
0.986845  0.161668  
0.843427  0.537244  
0.836308  0.548259  
0.537249  0.843424  
0.513194  0.858273  
0.573029  0.819535  
0.524898  0.851165  
0.719695  0.694291  
0.619767  0.784786  
0.561132  0.827726  
0.549228  0.835673  
0.998075  0.0620237  
0.964897  0.262628  
0.672696  0.739919  
0.876191  0.481965  
0.652302  0.757959  
0.701343  0.712824  
0.630946  0.775827  
0.909223  0.41631  
0.928972  0.37015  
0.728753  0.684777  
0.869953  0.493135  
0.919193  0.393807  
0.764348  0.644804  
0.161338  0.986899  
0.789689  0.613507  
0.86356  0.504247  
0.781397  0.624035  
0.755628  0.655001  
0.314874  0.949134  
0.983522  0.18079  
0.797852  0.602853  
0.477696  0.878525  
0.904148  0.427219  
0.933768  0.35788  
0.354521  0.935048  
0.990021  0.140921  
0.887976  0.45989  
0.857065  0.515208  
0.584944  0.811074  
0.976476  0.215628  
0.813829  0.581104  
0.914218  0.405224  
0.662596  0.748977  
0.893556  0.448952  
0.938521  0.345223  
0.898955  0.43804  
0.692081  0.72182  
0.737829  0.674987  
0.924092  0.38217  
0.68241  0.730969  
0.943145  0.332383  
0.805902  0.592049  
0.960779  0.277316  
0.952205  0.305458  
0.850434  0.526081  
0.0618447  0.998086  
0.77293  0.634491  
0.968876  0.247545  
0.980069  0.198656  
0.641784  0.766885  
0.821584  0.570088  
0.99298  0.118284  
0.995682  0.0928265  
0.947728  0.319079  
0.829032  0.559202  
0.180257  0.98362  
0.453912  0.891047  
0.259672  0.965697  
0.489306  0.872112  
0.118608  0.992941  
0.0930158  0.995665  
0.301236  0.95355  
0.230341  0.97311  
0.960779  0.277316  
6.12323e-17  1  
0.0618398  0.998086  
0.710581  0.703615  
0.514025  0.857775  
0.764338  0.644816  
0.160905  0.98697  
0.260016  0.965604  
0.213969  0.97684  
0.537941  0.842982  
0.737844  0.674972  
0.682278  0.731092  
0.59682  0.802375  
0.856738  0.515752  
0.933826  0.357727  
0.993012  0.118013  
0.898496  0.438983  
0.77293  0.634491  
0.478052  0.878331  
0.65197  0.758245  
0.849953  0.526859  
0.429851  0.9029  
0.903839  0.427873  
0.90906  0.416665  
0.561699  0.827341  
0.968884  0.247516  
0.502217  0.864742  
0.549804  0.835294  
0.573319  0.819332  
0.525938  0.850523  
0.995708  0.0925558  
0.990041  0.140782  
0.701331  0.712836  
0.938518  0.345231  
0.983551  0.18063  
0.341719  0.939802  
0.887368  0.461063  
0.619627  0.784897  
0.728794  0.684733  
0.74679  0.66506  
0.952188  0.305513  
0.956542  0.291594  
0.641487  0.767134  
0.630705  0.776022  
0.32859  0.944473  
0.998078  0.0619711  
0.672461  0.740133  
0.315321  0.948985  
0.465938  0.884817  
0.869571  0.493808  
0.140315  0.990107  
0.972742  0.231888  
0.797849  0.602857  
0.245308  0.969445  
0.392669  0.91968  
0.490228  0.871594  
0.380279  0.924872  
0.805887  0.59207  
1  0  
0.179784  0.983706  
0.442033  0.896999  
0.843073  0.5378  
0.976488  0.215574  
0.929038  0.369983  
0.893032  0.449994  
0.914243  0.405166  
0.405189  0.914233  
0.69195  0.721946  
0.863233  0.504806  
0.88159  0.472017  
0.919236  0.393707  
0.781367  0.624072  
0.301674  0.953411  
0.924171  0.381979  
0.755627  0.655002  
0.789689  0.613507  
0.274223  0.961666  
0.964897  0.262628  
0.608284  0.793719  
0.813666  0.581333  
0.943168  0.332316  
0.453963  0.891021  
0.947728  0.319079  
0.662271  0.749264  
0.836034  0.548677  
0.585173  0.810909  
0.980092  0.198543  
0.417682  0.908593  
0.719695  0.694291  
0.22994  0.973205  
0.986867  0.161537  
0.367629  0.929972  
0.197359  0.980331  
0.828716  0.559669  
0.875732  0.482797  
0.821237  0.570587  
0.354683  0.934987  
0.117895  0.993026  
0.0927297  0.995691  
0.288078  0.957607  
0.88148  0.472221  
6.12323e-17  1  
0.0615593  0.998103  
0.0922584  0.995735  
0.229855  0.973225  
0.288143  0.957587  
0.140107  0.990136  
0.919233  0.393715  
0.89289  0.450275  
0.245156  0.969484  
0.302109  0.953273  
0.898372  0.439235  
0.933864  0.357627  
0.608303  0.793705  
0.990084  0.140474  
0.315543  0.948911  
0.983588  0.180427  
1  0  
0.417682  0.908593  
0.39317  0.919466  
0.405529  0.914082  
0.368019  0.929818  
0.550308  0.834962  
0.82837  0.560182  
0.995718  0.0924429  
0.85632  0.516446  
0.65197  0.758245  
0.682098  0.731261  
0.909027  0.416737  
0.952188  0.305513  
0.938559  0.345119  
0.98695  0.161024  
0.619623  0.784899  
0.964897  0.262628  
0.903772  0.428015  
0.573736  0.81904  
0.662215  0.749314  
0.562101  0.827069  
0.849457  0.527658  
0.947728  0.319079  
0.701294  0.712872  
0.737881  0.674931  
0.719775  0.694207  
0.728914  0.684605  
0.59682  0.802375  
0.691706  0.722179  
0.956542  0.291594  
0.86929  0.494302  
0.429994  0.902832  
0.764338  0.644816  
0.117757  0.993042  
0.755627  0.655002  
0.515113  0.857122  
0.466875  0.884324  
0.328945  0.944349  
0.972754  0.231839  
0.503037  0.864265  
0.929065  0.369916  
0.862917  0.505346  
0.77293  0.634491  
0.797753  0.602984  
0.924181  0.381956  
0.380555  0.924758  
0.34213  0.939653  
0.781367  0.624072  
0.74679  0.66506  
0.630557  0.776143  
0.835653  0.549258  
0.875554  0.483121  
0.179511  0.983756  
0.968894  0.247476  
0.710581  0.703615  
0.960776  0.277324  
0.641347  0.767251  
0.454649  0.890671  
0.842738  0.538324  
0.526905  0.849924  
0.914194  0.405278  
0.355057  0.934845  
0.821027  0.570889  
0.538624  0.842547  
0.943168  0.332316  
0.478887  0.877876  
0.813513  0.581547  
0.585325  0.810799  
0.490939  0.871194  
0.887242  0.461304  
0.160197  0.987085  
0.442421  0.896808  
0.213855  0.976865  
0.998096  0.0616771  
0.980107  0.19847  
0.197202  0.980363  
0.97649  0.215562  
0.259941  0.965624  
0.274223  0.961666  
0.672245  0.740329  
0.805645  0.592398  
0.993032  0.117844  
0.789586  0.613639  
0.828293  0.560295  
6.12323e-17  1  
0.781231  0.624243  
0.229741  0.973252  
0.288609  0.957447  
0.405978  0.913883  
0.302554  0.953132  
0.418429  0.90825  
0.862651  0.5058  
0.381048  0.924555  
0.316191  0.948695  
0.329499  0.944156  
0.491323  0.870978  
0.245078  0.969503  
0.914164  0.405345  
0.179256  0.983803  
0.746862  0.664979  
0.892757  0.450538  
0.527174  0.849757  
0.355577  0.934647  
0.924184  0.381948  
0.952188  0.305513  
0.393465  0.91934  
0.887019  0.461732  
0.573964  0.818881  
0.71979  0.694192  
0.956541  0.291598  
0.550709  0.834697  
0.710581  0.703615  
0.479373  0.877611  
0.608303  0.793705  
0.503335  0.864091  
0.681979  0.731372  
0.641216  0.767361  
0.515282  0.857021  
0.968886  0.247507  
0.881149  0.47284  
0.65172  0.75846  
0.630361  0.776302  
0.943173  0.332303  
0.672123  0.740439  
0.805416  0.59271  
0.93386  0.357638  
0.849445  0.527677  
0.998096  0.0616771  
0.73791  0.674899  
0.467254  0.884123  
0.789497  0.613754  
0.980146  0.198275  
0.820802  0.571213  
0.0615593  0.998103  
0.196885  0.980427  
0.755627  0.655002  
0.764338  0.644816  
0.342505  0.939516  
0.993032  0.117844  
0.813248  0.581917  
0.990098  0.140376  
0.430826  0.902435  
0.368423  0.929658  
0.983605  0.180335  
0.728914  0.684605  
0.772892  0.634538  
0.701215  0.71295  
0.797592  0.603197  
0.960777  0.277322  
0.898321  0.439339  
0.903772  0.428015  
0.562332  0.826912  
0.662061  0.74945  
0.596904  0.802312  
0.938561  0.345114  
0.585532  0.810649  
0.929069  0.369907  
0.875207  0.483748  
0.972754  0.231839  
0.947728  0.319079  
0.919222  0.39374  
0.909009  0.416776  
0.995727  0.0923439  
0.869019  0.494779  
1  0  
0.964897  0.262628  
0.856121  0.516775  
0.539001  0.842305  
0.835549  0.549415  
0.98696  0.160968  
0.842365  0.538909  
0.691706  0.722179  
0.9765  0.215519  
0.455085  0.890448  
0.160197  0.987085  
0.274462  0.961598  
0.139833  0.990175  
0.117428  0.993081  
0.443162  0.896442  
0.213598  0.976922  
0.259941  0.965624  
0.619471  0.78502  
0.0921885  0.995742  
