2.39906  0.518235  
1.68665  1.85163  
2.16787  1.50866  
1.441  2.07247  
2.47095  0.571599  
2.15891  1.47503  
0.0220729  0.999756  
0.25586  0.966714  
2.25267  1.64323  
0.765096  2.35334  
2.34114  0.622553  
1.3204  1.83638  
0.100756  0.994911  
2.5107  0.571758  
2.25634  1.4714  
2.46445  0.55669  
2.12144  1.49948  
2.3785  1.43863  
1.28062  2.24192  
2.20747  1.11408  
0.82604  2.02077  
0.298791  0.954319  
0.0952427  0.995454  
0.220637  0.975356  
0.291494  0.956573  
1.18537  2.3791  
1.95464  1.30555  
1.16618  1.83083  
0.0295319  0.999564  
0.0305083  0.999535  
2.13645  1.61424  
2.42882  0.404815  
1.757  1.88852  
1.26535  2.12183  
1.99089  1.62222  
1.93873  1.3246  
2.09089  1.00032  
1.842  1.85314  
1.50634  1.84731  
1.23603  1.93257  
1.02762  1.90046  
2.4032  0.0487025  
0.290417  0.9569  
2.09639  1.47533  
2.58105  0.152844  
2.02453  1.47356  
1.12535  2.28115  
1.60548  1.76319  
2.3086  1.44233  
1.00111  2.19086  
2.06173  1.49233  
2.28824  1.34959  
2.33469  1.43337  
2.01102  1.1541  
2.33994  0.440968  
1.41526  2.11038  
1.55223  2.12397  
2.62822  0.120922  
2.09198  1.2638  
2.63152  0.332743  
1.82231  1.34402  
2.16957  1.66089  
1.18062  2.22888  
0.177401  0.984139  
0.293107  0.95608  
2.22551  0.816454  
2.50217  0.397253  
1.63682  1.77618  
2.06369  0.402742  
1.37327  2.01002  
0.941538  2.46675  
0.113455  0.993543  
0.0983092  0.995156  
2.19956  0.382813  
1.94035  1.6879  
1.3732  2.0031  
1.76447  2.06876  
2.27985  1.15495  
1.53715  2.09585  
2.19495  1.31796  
0.229899  0.973215  
0.271302  0.962494  
0.964618  2.58023  
0.0927611  0.995688  
1.51171  1.85577  
2.40544  0.810364  
1.97744  1.51229  
1.53802  1.96034  
2.25211  1.59659  
1.93961  1.1847  
2.34242  0.518141  
1.71122  1.57406  
0.923456  2.1213  
0.154569  0.987982  
2.47739  0.426791  
2.29214  0.881332  
1.95521  1.37415  
0.0248895  0.99969  
2.53386  0.373169  
1.34544  2.3476  
1.34673  0  
1.70549  0  
1.52284  3.16379e-18  
1.56827  0  
1.46312  0.139549  
1.51162  4.61955e-20  
1.39559  0  
1.31988  2.31599e-10  
1.31225  0  
1.29253  0  
1.2784  0.00798706  
1.27723  0  
1.21932  1.96604e-20  
1.22263  0  
1.20009  2.49326e-18  
1.20032  0  
1.20007  3.66745e-20  
1.10257  0  
0.254646  0.967034  
0.285466  0.958389  
0.206716  0.978401  
0.199007  0.979998  
0.30271  0.953083  
0.291799  0.95648  
0.266922  0.963718  
0.241442  0.970415  
0.213707  0.976898  
0.227685  0.973735  
0.182741  0.983161  
0.257406  0.966303  
0.254646  0.967034  
0.169892  0.985463  
0.165366  0.986232  
0.116235  0.993222  
0.227976  0.973667  
0.147654  0.989039  
0.104814  0.994492  
0.127423  0.991848  
0.077603  0.996984  
0.0410505  0.999157  
0.2733  0.961929  
0.29738  0.954759  
0.247912  0.968783  
0.171718  0.985146  
0.206716  0.978401  
0.309  0.951062  
1.01824  0.0971174  
0.285466  0.958389  
0.199007  0.979998  
6.12323e-17  1  
0.138023  0.990429  
1.10005  3.67537e-08  
0.260811  0.96539  
0.161792  0.986825  
0.156766  0.987636  
0.0273987  0.999625  
0.0920547  0.995754  
0.174288  0.984695  
0.0981637  0.99517  
0.23471  0.972066  
0.061443  0.998111  
0.279307  0.960202  
0.190884  0.981613  
0.159596  0.987182  
0.220881  0.975301  
0.0515898  0.998668  
0.0694408  0.997586  
0.0849365  0.996386  
0.142896  0.989738  
0.134676  0.99089  
0.178496  0.983941  
0.152189  0.988351  
0.305545  0.952178  
0.193976  0.981006  
0.0550431  0.998484  
0.288901  0.957359  
0.203458  0.979084  
0.224227  0.974537  
0.230946  0.972967  
0.238968  0.971027  
0.210767  0.977536  
0.188738  0.982027  
0.118418  0.992964  
0.243214  0.969973  
0.293416  0.955985  
0.301576  0.953442  
0.0207833  0.999784  
0.0359621  0.999353  
0.0571877  0.998363  
0.0652452  0.997869  
0.167963  0.985793  
0.172067  0.985085  
0.209228  0.977867  
0.0992789  0.99506  
0.243034  0.970018  
0.256549  0.966531  
0.193152  0.981169  
0.223893  0.974614  
0.0603008  0.99818  
1.10092  0  
0.292094  0.95639  
0.212293  0.977206  
0.214628  0.976696  
0.0438992  0.999036  
0.0669182  0.997758  
0.10801  0.99415  
0.0226006  0.999745  
0.308661  0.951172  
0.031002  0.999519  
0.28083  0.959757  
0.293429  0.955981  
0.216266  0.976335  
0.0763891  0.997078  
0.295418  0.955368  
0.205571  0.978642  
0.233297  0.972406  
0.301975  0.953316  
0.150542  0.988604  
0.158918  0.987292  
0.163457  0.986551  
0.28382  0.958878  
0.255588  0.966786  
0.0273682  0.999625  
0.268763  0.963206  
0.156764  0.987636  
0.291509  0.956568  
0.279548  0.960132  
0.241367  0.970434  
0.2138  0.976877  
0.182714  0.983166  
0.147516  0.98906  
0.127453  0.991845  
0.0776175  0.996983  
0.0409507  0.999161  
1.01252  0.0965718  
0.16569  0.986178  
0.29738  0.954759  
0.0183365  0.999832  
0.198882  0.980023  
0.104608  0.994513  
0.247946  0.968774  
0.138054  0.990425  
0.129589  0.991568  
0.206753  0.978393  
0.254133  0.967169  
0.0921027  0.99575  
1.05124  2.65602e-08  
0.309009  0.951059  
0.116356  0.993208  
0.190913  0.981607  
0.294383  0.955688  
0.303419  0.952857  
0.260843  0.965381  
0.273356  0.961913  
0.174343  0.984685  
0.234671  0.972075  
0.209191  0.977875  
6.12323e-17  1  
0.118751  0.992924  
0.285502  0.958378  
0.227856  0.973695  
0.0614527  0.99811  
0.252082  0.967706  
0.220951  0.975285  
0.124159  0.992262  
0.0517154  0.998662  
0.069814  0.99756  
0.0850373  0.996378  
0.264158  0.964479  
0.0984323  0.995144  
0.122026  0.992527  
0.132803  0.991142  
0.109082  0.994033  
0.152219  0.988347  
0.161208  0.986921  
0.170044  0.985437  
0.202884  0.979203  
0.178524  0.983935  
0.257846  0.966186  
0.300415  0.953809  
0.217338  0.976096  
0.231263  0.972891  
0.276677  0.960963  
0.224526  0.974468  
0.245103  0.969497  
0.238544  0.971132  
0.282143  0.959372  
0.243214  0.969973  
0.145456  0.989365  
0.197424  0.980318  
0.304451  0.952528  
0.113534  0.993534  
0.0354985  0.99937  
0.0467099  0.998908  
0.211484  0.977381  
0.272196  0.962242  
0.0886198  0.996066  
0.0649237  0.99789  
0.0819725  0.996635  
0.102187  0.994765  
0.229575  0.973291  
0.162812  0.986657  
0.283697  0.958914  
0.176002  0.98439  
0.180718  0.983535  
0.192816  0.981235  
0.204803  0.978803  
0.201055  0.97958  
0.196872  0.980429  
0.172099  0.98508  
0.167989  0.985789  
0.184794  0.982777  
0.154548  0.987985  
0.140411  0.990093  
0.145257  0.989394  
0.149925  0.988697  
0.15904  0.987272  
0.124557  0.992212  
0.130159  0.991493  
0.135226  0.990815  
0.113462  0.993542  
0.101554  0.99483  
0.303227  0.952918  
0.241364  0.970435  
0.227863  0.973693  
0.267141  0.963657  
0.213924  0.97685  
0.0272949  0.999627  
0.110596  0.993865  
0.182734  0.983162  
0.165682  0.986179  
0.291491  0.956574  
0.104608  0.994513  
0.0776135  0.996984  
0.245463  0.969406  
0.0409507  0.999161  
0.29739  0.954756  
0.273345  0.961916  
0.147568  0.989052  
0.138054  0.990425  
0.119215  0.992868  
0.19892  0.980016  
1.05003  9.44349e-09  
0.231271  0.972889  
1.01189  0.0965118  
0.247947  0.968774  
0.19093  0.981604  
0.127453  0.991845  
0.206758  0.978392  
0.309011  0.951058  
6.12323e-17  1  
0.0464447  0.998921  
0.254441  0.967088  
0.234676  0.972074  
0.260847  0.96538  
0.0921027  0.99575  
0.282337  0.959315  
0.0614275  0.998112  
0.27947  0.960154  
0.174343  0.984685  
0.285505  0.958377  
0.116356  0.993208  
0.132799  0.991143  
0.156771  0.987635  
0.0658348  0.997831  
0.220957  0.975284  
0.0517688  0.998659  
0.0698469  0.997558  
0.0850457  0.996377  
0.0984725  0.99514  
0.122011  0.992529  
0.152213  0.988348  
0.142848  0.989745  
0.161278  0.986909  
0.170045  0.985436  
0.186883  0.982382  
0.178599  0.983922  
0.202865  0.979207  
0.194936  0.980816  
0.210356  0.977625  
0.217413  0.97608  
0.224417  0.974493  
0.23804  0.971255  
0.251216  0.967931  
0.257624  0.966245  
0.26401  0.96452  
0.270284  0.962781  
0.276424  0.961036  
0.288618  0.957444  
0.30614  0.951986  
0.300329  0.953836  
0.294374  0.95569  
0.018195  0.999834  
0.0952745  0.995451  
0.0344722  0.999406  
0.0568019  0.998385  
0.0814213  0.99668  
0.0737462  0.997277  
0.0886309  0.996065  
0.107596  0.994195  
0.249479  0.96838  
0.200883  0.979615  
0.192933  0.981212  
0.18889  0.981998  
0.176455  0.984309  
0.204825  0.978799  
0.196925  0.980419  
0.184782  0.98278  
0.180669  0.983544  
0.167866  0.98581  
0.163486  0.986546  
0.1722  0.985062  
0.159012  0.987277  
0.140467  0.990085  
0.154508  0.987991  
0.149903  0.988701  
0.145235  0.989397  
0.135445  0.990785  
0.130126  0.991497  
0.124721  0.992192  
0.119182  0.992872  
0.107597  0.994195  
0.303227  0.952918  
0.291491  0.956574  
0.186856  0.982387  
0.267141  0.963657  
0.254441  0.967088  
0.25128  0.967914  
0.241364  0.970435  
0.198925  0.980015  
0.165682  0.986179  
0.0344635  0.999406  
0.147568  0.989052  
0.104606  0.994514  
0.0273134  0.999627  
0.0776135  0.996984  
0.224432  0.97449  
0.0409507  0.999161  
1.05003  8.90374e-09  
0.29739  0.954756  
0.276408  0.96104  
0.273333  0.961919  
0.156771  0.987635  
0.190923  0.981605  
0.182734  0.983162  
1.01186  0.0965087  
0.12745  0.991845  
0.279462  0.960157  
0.309011  0.951058  
0.247951  0.968773  
0.138058  0.990424  
0.220957  0.975284  
0.282493  0.959269  
0.260849  0.96538  
0.213924  0.97685  
6.12323e-17  1  
0.081351  0.996686  
0.0614246  0.998112  
0.174343  0.984685  
0.0182519  0.999833  
0.0921027  0.99575  
0.20676  0.978392  
0.234676  0.972074  
0.285505  0.958377  
0.227871  0.973691  
0.116356  0.993208  
0.0886048  0.996067  
0.0517501  0.99866  
0.0697706  0.997563  
0.0850204  0.996379  
0.0984577  0.995141  
0.110555  0.99387  
0.121971  0.992534  
0.132809  0.991142  
0.244673  0.969606  
0.152207  0.988349  
0.142851  0.989744  
0.161262  0.986912  
0.17004  0.985437  
0.17856  0.983929  
0.194942  0.980815  
0.202859  0.979208  
0.210356  0.977625  
0.217471  0.976067  
0.231271  0.972889  
0.288508  0.957478  
0.238033  0.971257  
0.257654  0.966237  
0.263989  0.964526  
0.306127  0.951991  
0.270249  0.962791  
0.300304  0.953844  
0.294453  0.955666  
0.0465281  0.998917  
0.0567244  0.99839  
0.0656606  0.997842  
0.113434  0.993546  
0.0737407  0.997277  
0.095306  0.995448  
0.101551  0.99483  
0.0697706  0.997563  
0.180654  0.983547  
0.113524  0.993535  
0.192945  0.98121  
0.184821  0.982772  
0.196933  0.980417  
0.263997  0.964524  
0.0953086  0.995448  
0.200896  0.979613  
0.156771  0.987635  
0.1889  0.981996  
0.127453  0.991845  
0.1499  0.988701  
0.288491  0.957483  
0.204826  0.978798  
0.170041  0.985437  
0.142852  0.989744  
0.101555  0.99483  
0.0813498  0.996686  
0.2157  0.97646  
1.05002  7.91681e-09  
0.178565  0.983928  
0.186853  0.982388  
0.174344  0.984685  
0.0566887  0.998392  
0.276397  0.961044  
0.244667  0.969607  
0.152208  0.988349  
0.234676  0.972074  
0.294466  0.955662  
0.130152  0.991494  
0.0409515  0.999161  
0.124728  0.992191  
0.0344986  0.999405  
1.01031  0.0963611  
0.154499  0.987993  
0.121971  0.992534  
0.251208  0.967933  
0.1076  0.994194  
0.0921044  0.995749  
0.065665  0.997842  
0.220957  0.975284  
0.161262  0.986912  
0.291483  0.956576  
0.254445  0.967087  
0.145222  0.989399  
0.0181939  0.999834  
0.260851  0.965379  
0.210356  0.977625  
0.135445  0.990785  
0.270249  0.962791  
0.238033  0.971257  
0.140467  0.990085  
0.0517501  0.99866  
0.176457  0.984308  
0.282493  0.959269  
0.306127  0.951991  
0.279454  0.960159  
0.202862  0.979207  
0.227871  0.973691  
0.0272955  0.999627  
0.212667  0.977125  
0.190923  0.981605  
0.26713  0.963661  
0.224427  0.974491  
0.163482  0.986546  
0.0850205  0.996379  
0.110567  0.993869  
0.104606  0.994514  
0.0614246  0.998112  
0.132809  0.991142  
0.0984577  0.995141  
0.194942  0.980815  
0.172208  0.985061  
0.167866  0.98581  
0.0465281  0.998917  
0.198925  0.980015  
0.309011  0.951058  
0.303227  0.952918  
0.119182  0.992872  
0.138058  0.990424  
0.273328  0.961921  
0.285505  0.958377  
0.159026  0.987274  
0.0737407  0.997277  
0.247951  0.968773  
0.147572  0.989051  
0.257654  0.966237  
0.29739  0.954756  
0.20676  0.978392  
0.182734  0.983162  
0.116358  0.993207  
0.165682  0.986179  
0.300326  0.953837  
0.217457  0.97607  
0.0776135  0.996984  
0.241364  0.970435  
0.231283  0.972886  
0.0885942  0.996068  
6.12323e-17  1  
0.121971  0.992534  
0.0774752  0.996994  
0.0176556  0.999844  
0.0695162  0.997581  
0.0812255  0.996696  
0.0337405  0.999431  
0.0401067  0.999195  
0.0735517  0.997291  
0.154498  0.987993  
0.244754  0.969585  
0.288502  0.957479  
0.267134  0.963659  
0.0511861  0.998689  
0.119176  0.992873  
0.235233  0.971939  
0.188976  0.981982  
0.13006  0.991506  
0.182747  0.98316  
0.132685  0.991158  
0.152209  0.988348  
0.191108  0.981569  
0.113464  0.993542  
0.110549  0.993871  
0.199957  0.979805  
0.2764  0.961043  
0.282493  0.959269  
0.273329  0.961921  
1.01013  0.0963437  
0.178562  0.983929  
0.127398  0.991852  
0.142746  0.989759  
0.135275  0.990808  
0.174338  0.984686  
0.303231  0.952917  
0.22608  0.974109  
0.147529  0.989058  
0.14516  0.989408  
0.223221  0.974768  
0.25766  0.966236  
0.238418  0.971163  
0.170046  0.985436  
0.309012  0.951058  
0.176457  0.984308  
0.212036  0.977262  
0.0918283  0.995775  
0.180654  0.983547  
0.172193  0.985063  
0.159026  0.987274  
0.220322  0.975427  
0.0652982  0.997866  
0.260841  0.965382  
0.186905  0.982378  
0.291479  0.956577  
0.195481  0.980708  
0.10151  0.994834  
0.197741  0.980254  
0.270243  0.962792  
0.29739  0.954756  
0.107593  0.994195  
0.214663  0.976688  
0.217414  0.97608  
0.137799  0.99046  
0.116341  0.993209  
0.254445  0.967087  
0.165681  0.986179  
0.163479  0.986547  
0.285507  0.958377  
0.0848405  0.996395  
0.161262  0.986912  
0.140297  0.99011  
0.0951388  0.995464  
0.207096  0.978321  
0.149864  0.988707  
0.209429  0.977824  
0.241576  0.970382  
0.229052  0.973414  
0.0983617  0.995151  
0.156771  0.987635  
0.0883665  0.996088  
0.251208  0.967933  
0.279454  0.960159  
0.104594  0.994515  
0.124719  0.992192  
0.184837  0.982769  
0.193275  0.981145  
0.24796  0.96877  
0.306127  0.951991  
0.202231  0.979338  
0.294441  0.95567  
0.300322  0.953838  
0.204552  0.978856  
0.167868  0.985809  
1.05002  7.87155e-09  
0.264005  0.964521  
0.232045  0.972705  
0.0459375  0.998944  
0.0608694  0.998146  
0.0561762  0.998421  
0.0264258  0.999651  
6.12323e-17  1  
0.0602611  0.998183  
0.0555445  0.998456  
0.0330907  0.999452  
0.110549  0.993871  
0.230022  0.973185  
0.163479  0.986547  
0.233089  0.972456  
0.127383  0.991854  
0.210986  0.977489  
0.176472  0.984306  
0.152187  0.988352  
0.0647109  0.997904  
0.218855  0.975757  
0.238995  0.971021  
0.101428  0.994843  
0.303231  0.952917  
0.306129  0.95199  
0.13264  0.991164  
0.161261  0.986912  
0.165681  0.986179  
0.121946  0.992537  
0.264  0.964523  
0.180697  0.983539  
0.205692  0.978617  
0.279454  0.960159  
0.0690366  0.997614  
0.198456  0.98011  
0.282488  0.959271  
0.285507  0.958377  
0.0731902  0.997318  
0.224402  0.974497  
0.184936  0.982751  
0.25451  0.96707  
0.147481  0.989065  
0.248168  0.968717  
0.0174052  0.999849  
0.0260578  0.99966  
0.300318  0.953839  
0.107579  0.994197  
0.172193  0.985063  
1.05002  7.87155e-09  
0.156771  0.987635  
0.174338  0.984686  
0.0916  0.995796  
0.0394262  0.999222  
0.142661  0.989772  
0.0505586  0.998721  
0.178591  0.983923  
0.193849  0.981031  
0.170036  0.985438  
0.189294  0.981921  
0.20823  0.97808  
0.191516  0.98149  
0.196131  0.980578  
0.135197  0.990819  
0.200749  0.979643  
0.242051  0.970263  
0.0451961  0.998978  
0.260841  0.965382  
0.236051  0.971741  
0.104543  0.99452  
0.20312  0.979154  
0.257659  0.966236  
0.113464  0.993542  
0.187055  0.982349  
0.0949663  0.99548  
0.27333  0.96192  
0.145081  0.98942  
0.149857  0.988708  
0.154497  0.987993  
0.245127  0.969491  
6.12323e-17  1  
1.01013  0.0963437  
0.294441  0.95567  
0.251359  0.967894  
0.227221  0.973843  
0.0809532  0.996718  
0.167868  0.985809  
0.2764  0.961043  
0.130042  0.991508  
0.291479  0.956577  
0.0882125  0.996102  
0.137737  0.990469  
0.159026  0.987274  
0.267134  0.963659  
0.309012  0.951058  
0.119165  0.992874  
0.182805  0.983149  
0.116341  0.993209  
0.0771282  0.997021  
0.297388  0.954757  
0.288502  0.957479  
0.216148  0.976361  
0.0982388  0.995163  
0.124688  0.992196  
0.140211  0.990122  
0.0846466  0.996411  
0.270243  0.962792  
0.213601  0.976921  
0.221612  0.975135  
0.222445  0.974945  
0.0392791  0.999228  
0.0553903  0.998465  
6.12323e-17  1  
0.0330167  0.999455  
0.0948593  0.995491  
0.0172711  0.999851  
0.201546  0.979479  
0.0600884  0.998193  
0.101338  0.994852  
0.132605  0.991169  
0.156754  0.987638  
0.206541  0.978438  
0.0769735  0.997033  
1.05002  7.87155e-09  
0.0844402  0.996429  
0.236678  0.971588  
0.242591  0.970129  
0.159014  0.987276  
0.113459  0.993543  
0.121927  0.992539  
0.11633  0.993211  
0.135183  0.990821  
0.12465  0.992201  
0.152151  0.988357  
0.107543  0.9942  
0.0981389  0.995173  
0.119154  0.992876  
0.110514  0.993875  
0.309012  0.951058  
0.182989  0.983115  
0.142637  0.989775  
0.154455  0.988  
0.147458  0.989068  
0.170036  0.985438  
0.225204  0.974312  
0.192064  0.981382  
0.145072  0.989421  
0.211693  0.977336  
0.149824  0.988713  
0.257902  0.966171  
0.194338  0.980935  
0.185218  0.982698  
0.180843  0.983512  
0.174349  0.984684  
0.165681  0.986179  
0.172194  0.985063  
0.167865  0.98581  
0.161254  0.986913  
0.176494  0.984302  
0.0503781  0.99873  
0.2764  0.961043  
0.260988  0.965342  
0.187464  0.982271  
0.0914508  0.99581  
0.217012  0.976169  
0.196596  0.980485  
0.189791  0.981825  
0.279454  0.960159  
0.130004  0.991513  
0.199066  0.979986  
0.273331  0.96192  
0.227936  0.973676  
0.270243  0.962792  
1.00944  0.096267  
0.204004  0.97897  
0.219752  0.975556  
0.209108  0.977892  
0.248625  0.9686  
0.303231  0.952917  
0.2548  0.966994  
0.239554  0.970883  
0.230828  0.972995  
0.245587  0.969374  
0.251704  0.967804  
0.300317  0.953839  
0.306129  0.95199  
0.291479  0.956577  
0.294441  0.95567  
0.297388  0.954757  
0.233703  0.972308  
0.264061  0.964506  
0.288502  0.957479  
0.104506  0.994524  
0.178641  0.983914  
0.282488  0.959271  
0.267134  0.963659  
0.285502  0.958378  
0.163479  0.986547  
0.214313  0.976765  
0.0729822  0.997333  
0.0879684  0.996123  
0.0807751  0.996732  
0.127344  0.991859  
0.068871  0.997626  
0.0645769  0.997913  
0.0450156  0.998986  
0.137705  0.990473  
0.14018  0.990126  
0.0258924  0.999665  
0.152144  0.988358  
6.12323e-17  1  
0.264145  0.964483  
0.201994  0.979387  
0.0599046  0.998204  
0.242823  0.970071  
0.0327427  0.999464  
0.306129  0.95199  
0.0448244  0.998995  
0.303231  0.952917  
0.107451  0.99421  
0.0728308  0.997344  
0.194785  0.980846  
0.163475  0.986547  
0.174411  0.984673  
0.220182  0.975459  
0.101307  0.994855  
0.11343  0.993546  
0.251885  0.967757  
0.0980761  0.995179  
0.0878941  0.99613  
0.104423  0.994533  
0.0843102  0.99644  
0.0913762  0.995816  
0.204453  0.978876  
0.294441  0.95567  
0.270301  0.962776  
0.145048  0.989425  
0.116287  0.993216  
0.140157  0.990129  
0.267209  0.963639  
0.13257  0.991174  
0.137673  0.990478  
0.199511  0.979896  
0.147448  0.98907  
0.236977  0.971515  
0.21757  0.976045  
0.248865  0.968538  
0.234165  0.972197  
0.261054  0.965324  
0.228457  0.973554  
0.165679  0.98618  
0.190095  0.981766  
0.15674  0.98764  
0.183227  0.983071  
0.172219  0.985059  
0.178795  0.983886  
0.279454  0.960159  
0.300317  0.953839  
0.214903  0.976635  
0.0256727  0.99967  
0.2257  0.974197  
0.0643707  0.997926  
0.309013  0.951058  
0.129946  0.991521  
0.0171086  0.999854  
0.180973  0.983488  
0.127295  0.991865  
1.05002  7.58254e-09  
0.170054  0.985435  
0.197137  0.980376  
0.149824  0.988713  
0.212234  0.977219  
0.207043  0.978332  
0.291479  0.956577  
0.276414  0.961039  
0.176586  0.984285  
0.239925  0.970791  
0.080635  0.996744  
0.167874  0.985809  
0.154448  0.988001  
0.254924  0.966961  
0.142622  0.989777  
0.135143  0.990826  
0.257971  0.966153  
0.285506  0.958377  
0.297388  0.954757  
0.159  0.987279  
0.161242  0.986915  
0.055185  0.998476  
0.192387  0.981319  
0.119079  0.992885  
0.288502  0.957479  
0.121891  0.992543  
0.094777  0.995499  
0.0501835  0.99874  
0.187758  0.982215  
0.185467  0.98265  
0.282488  0.959271  
0.222971  0.974825  
0.245818  0.969316  
0.231287  0.972885  
1.00881  0.0962067  
0.273364  0.961911  
0.124622  0.992204  
0.0767694  0.997049  
0.209652  0.977776  
0.0390257  0.999238  
0.06869  0.997638  
0.110461  0.99388  
0.25211  0.967698  
6.12323e-17  1  
0.137649  0.990481  
0.0726279  0.997359  
0.044716  0.999  
0.0804147  0.996761  
0.0256088  0.999672  
0.101096  0.994877  
0.127279  0.991867  
0.0765669  0.997064  
0.104264  0.99455  
0.0841422  0.996454  
0.0877519  0.996142  
0.185725  0.982602  
0.0978868  0.995198  
0.107351  0.994221  
0.0946197  0.995513  
0.207513  0.978232  
0.0912486  0.995828  
0.261206  0.965283  
0.181174  0.983451  
0.152137  0.988359  
0.217864  0.975979  
0.116247  0.99322  
0.113338  0.993557  
0.270313  0.962772  
0.132545  0.991177  
0.24024  0.970714  
0.121856  0.992548  
0.309013  0.951058  
0.140146  0.990131  
0.156727  0.987642  
0.228842  0.973463  
0.167897  0.985804  
0.276414  0.961039  
0.24319  0.969979  
0.195128  0.980778  
0.170094  0.985428  
0.165686  0.986179  
0.159  0.987279  
0.190371  0.981712  
0.220585  0.975368  
0.13512  0.990829  
0.237351  0.971424  
0.176734  0.984259  
0.306129  0.95199  
0.231674  0.972793  
0.110367  0.993891  
0.264251  0.964454  
0.172318  0.985041  
0.0171053  0.999854  
0.0597202  0.998215  
0.291479  0.956577  
1.00674  0.0960089  
0.197514  0.9803  
0.202483  0.979286  
0.142609  0.989779  
0.188073  0.982155  
0.23454  0.972106  
0.212671  0.977124  
0.303231  0.952917  
0.210082  0.977684  
0.163471  0.986548  
0.183449  0.983029  
0.279462  0.960157  
0.129918  0.991525  
0.0684981  0.997651  
0.149793  0.988717  
0.282488  0.959271  
0.19999  0.979798  
0.205025  0.978757  
0.174522  0.984653  
0.255103  0.966914  
0.297388  0.954757  
1.05002  7.58254e-09  
0.24909  0.96848  
0.161242  0.986915  
0.14743  0.989072  
0.178913  0.983865  
0.215296  0.976549  
0.258156  0.966103  
0.154442  0.988002  
0.246134  0.969236  
0.145035  0.989426  
0.288502  0.957479  
0.0327075  0.999465  
0.119067  0.992886  
0.223283  0.974754  
0.225995  0.974129  
0.300317  0.953839  
0.273364  0.961911  
0.124588  0.992209  
0.294441  0.95567  
0.267293  0.963615  
0.192721  0.981254  
0.0641871  0.997938  
0.0389793  0.99924  
0.285502  0.958378  
0.0550344  0.998484  
0.0500401  0.998747  
