0.356527  1.15317  
0.390523  1.14729  
1.08833  0.314365  
0.398811  1.1037  
1.02641  0.416137  
1.04628  0.466522  
0.739237  0.829727  
0.350041  1.1622  
1.15184  0.201281  
1.08652  0.314243  
1.12625  0.291894  
0.62907  0.946826  
0.710853  0.858203  
1.1588  0.260665  
0.277281  1.12331  
0.498337  1.05326  
0.487108  1.08306  
0.247901  1.1824  
0.253131  1.15358  
0.611723  0.998678  
1.13742  0.214784  
0.422381  1.14239  
0.219021  1.18155  
0.285018  1.17716  
0.701999  0.968435  
0.334924  1.14345  
1.0947  0.302941  
0.390934  1.12223  
0.780343  0.751056  
1.1086  0.360944  
0.199751  1.19399  
0.282013  1.1779  
1.10455  0.246005  
0.962048  0.581741  
0.510535  1.04073  
0.406843  1.08411  
0.524483  1.10057  
1.04859  0.406479  
1.00838  0.490192  
0.33859  1.16189  
0.983761  0.495772  
0.73331  0.877535  
1.08839  0.255119  
0.962806  0.600102  
1.05199  0.494289  
0.324258  1.15256  
0.886539  0.670984  
0.8235  0.803065  
0.877025  0.660619  
1.12324  0.196887  
0.382611  1.04742  
0.799348  0.802443  
0.690678  0.915005  
1.01941  0.394503  
1.03559  0.461048  
1.177  0.184028  
0.948867  0.605328  
0.283941  1.13723  
0.889987  0.644643  
1.14911  0.260805  
0.290142  1.1484  
1.14457  0.206196  
1.09665  0.286455  
0.754929  0.809706  
0.25839  1.16173  
0.260453  1.16803  
0.489981  1.0753  
0.440857  1.08448  
0.8907  0.578538  
0.688205  0.91727  
0.636641  0.930089  
0.904849  0.636556  
0.421601  1.06336  
0.695163  0.856233  
0.579396  0.977303  
1.04119  0.41754  
1.04266  0.370439  
0.731389  0.857845  
0.514489  0.986589  
1.16244  0.186995  
0.860086  0.692583  
0.272859  1.15637  
0.290083  1.17249  
0.453167  1.09295  
1.08035  0.33913  
0.191952  1.18509  
0.831322  0.682076  
0.73844  0.826025  
0.955352  0.585486  
0.467679  1.1096  
1.14018  0.292339  
0.484546  1.0091  
0.976851  0.478239  
0.692425  0.901184  
0.356002  1.11775  
1.02066  0.462332  
0.511996  1.05817  
0.791448  0.744507  
1.00371  0.479009  
0.558849  1.00103  
0.6193  0.807615  
0.896174  0.431882  
0.560576  0.860977  
0.3662  1.01353  
1.04565  0.160745  
0.78702  0.594444  
0.508503  0.92593  
0.0783335  1.16862  
0.669393  0.750302  
1.13227  0.118953  
0.154938  1.06554  
0.921274  0.362936  
0.650742  0.764854  
0.97991  0.290897  
0.121166  1.05444  
0.106857  1.07397  
0.820181  0.558523  
0.969805  0.29658  
0.451819  0.963549  
0.762985  0.625123  
0.536011  0.885072  
0.070451  1.08525  
0.952378  0.29235  
0.758561  0.601695  
0.399049  0.97383  
0.418796  0.938779  
0.817582  0.490023  
0.574421  0.828049  
0.0941508  1.04655  
0.853186  0.474927  
0.933269  0.316505  
0.782297  0.548781  
0.298086  1.01105  
1.03456  0.150355  
0.592192  0.785786  
0.681633  0.696302  
0.686988  0.682863  
0.803733  0.528795  
0.46262  0.901941  
0.894113  0.328648  
0.947877  0.324184  
1.11448  0.041954  
0.057968  1.09352  
0.247151  1.02765  
1.05166  0.062288  
0.315764  1.0205  
0.525292  0.842066  
0.714756  0.61778  
1.04386  0.0739326  
0.947534  0.304836  
0.882436  0.405498  
0.503422  0.890577  
0.0417445  1.07289  
0.617242  0.80167  
0.995329  0.161643  
0.331354  0.979942  
0.617703  0.727902  
0.604795  0.7614  
0.960296  0.222682  
0.271618  1.02197  
0.37975  0.955761  
0.433368  0.926167  
0.77208  0.568934  
0.748357  0.651167  
0.874503  0.400282  
0.475725  0.900219  
0.376057  0.971207  
0.671168  0.726194  
0.572307  0.835569  
1.10127  0.060982  
1.11372  0.0438264  
1.11729  0.0902493  
0.498534  0.898445  
0.873799  0.466421  
0.908499  0.352801  
0.874393  0.447674  
1.03491  0.153134  
0.652375  0.735039  
1.14202  0.0756363  
0.347423  0.991478  
0.778242  0.584737  
0.54763  0.858635  
0.116429  1.05488  
0.981869  0.250394  
0.768208  0.602269  
0.826349  0.505042  
0.47775  0.934549  
1.06905  0.102769  
0.9541  0.304634  
0.705449  0.68574  
0.627515  0.767569  
0.27348  1.02586  
0.511557  0.897037  
0.148718  1.05098  
0.0873746  1.07691  
0.792677  0.571666  
0.463256  0.945052  
0.577882  0.853632  
0.50617  0.903198  
1.02619  0.233574  
0.563793  0.833763  
0.652738  0.709669  
0.748453  0.622743  
0.534418  0.847526  
1.04303  0.103722  
0.873853  0.436814  
0.701935  0.647248  
0.460318  0.908476  
0.475678  0.883216  
0.51234  0.861689  
0.654772  0.695471  
0.960247  0.216288  
0.0708902  1.04926  
0.256033  1.02609  
1.05813  0.0767971  
0.763211  0.540177  
0.433876  0.916103  
0.60217  0.768393  
1.00894  0.138295  
0.933102  0.271909  
0.710131  0.637061  
0.818912  0.473636  
0.756845  0.538854  
0.258469  1.00461  
0.469749  0.868848  
0.916918  0.29247  
0.792529  0.47811  
1.02656  0.0697711  
0.589218  0.759628  
0.495404  0.84889  
0.332323  0.963983  
0.08564  1.03625  
0.865115  0.377843  
0.424531  0.897646  
0.950849  0.217979  
0.247107  1.01166  
0.375618  0.936243  
0.691464  0.627593  
0.22769  1.01321  
0.0353289  1.07559  
1.00198  0.111209  
0.955531  0.233036  
0.837186  0.427701  
0.974853  0.16279  
0.749184  0.548405  
0.707673  0.59691  
0.645038  0.683884  
0.967903  0.180008  
0.893029  0.313997  
0.0398731  1.03127  
1.00049  0.138724  
1.03579  0.0498865  
1.0725  0.054867  
0.523439  0.819079  
0.364238  0.963473  
0.610447  0.723007  
0.0319528  1.13406  
1.09624  0.0460317  
0.56225  0.778236  
1.08308  0.0435315  
0.298334  0.977512  
0.664289  0.655216  
0.400575  0.914654  
0.931359  0.256404  
0.849317  0.403661  
0.818338  0.470689  
0.888174  0.352743  
0.925095  0.273703  
0.957057  0.208684  
0.517949  0.831081  
1.01599  0.104172  
0.945534  0.242975  
0.605238  0.747509  
0.994649  0.156074  
1.06234  0.04754  
0.2752  1.00254  
0.467949  0.872028  
0.966023  0.196434  
0.388711  0.934807  
0.787995  0.535493  
0.509595  0.847479  
1.02397  0.100508  
0.583825  0.776533  
0.295433  1.00044  
0.70711  0.626041  
0.0352997  1.10522  
0.982209  0.176372  
0.0377023  1.07572  
0.665896  0.661426  
0.410157  0.926742  
0.794637  0.492015  
0.900935  0.317847  
0.540807  0.834169  
0.302605  0.979116  
0.623049  0.726577  
0.753323  0.556008  
1.03335  0.110072  
0.484202  0.872788  
0.876619  0.37803  
0.57778  0.799319  
0.563841  0.77259  
0.98887  0.134426  
0.947402  0.222145  
0.521031  0.813833  
1.02004  0.0595979  
0.303027  0.973349  
0.923649  0.26218  
0.652354  0.659598  
0.987205  0.135771  
0.416451  0.89468  
0.825501  0.439332  
0.725309  0.565392  
0.840608  0.391878  
0.604637  0.728931  
0.663486  0.643287  
0.904015  0.308619  
0.4613  0.8614  
0.546249  0.795888  
0.345358  0.939637  
0.982165  0.149443  
0.658039  0.652999  
0.569239  0.764098  
0.335705  0.947735  
1.00706  0.0860735  
0.27574  0.980391  
0.652991  0.6571  
1.03032  0.035942  
0.581747  0.745022  
0.809533  0.440307  
0.923831  0.248515  
0.722751  0.566155  
0.526103  0.799497  
0.618356  0.702204  
0.41233  0.895063  
0.838726  0.393795  
0.6737  0.621582  
0.515703  0.814374  
0.87992  0.325541  
0.23806  0.995656  
0.0334077  1.02966  
0.761941  0.51879  
0.476605  0.844948  
0.830246  0.422123  
0.993051  0.111649  
0.861492  0.352501  
1.02034  0.0531256  
0.356855  0.923464  
0.703749  0.584082  
0.550424  0.77277  
0.303511  0.963298  
0.785353  0.467616  
0.965311  0.182729  
0.950626  0.195454  
0.646121  0.666228  
0.59369  0.729367  
0.190772  1.02021  
0.0245385  1.04959  
0.462086  0.857957  
1.06168  0.0283733  
0.731543  0.551646  
0.853393  0.367193  
0.972075  0.159116  
0.634162  0.679517  
0.176056  1.02489  
0.9089  0.281798  
0.940686  0.222894  
0.395375  0.908707  
0.74068  0.540653  
0.890344  0.314374  
0.428124  0.88831  
0.437983  0.886459  
0.684259  0.610127  
0.983698  0.137694  
0.549157  0.775803  
0.494413  0.835643  
0.712015  0.575018  
0.214847  1.01287  
0.661946  0.644425  
0.346679  0.934785  
0.563929  0.765428  
0.31962  0.955764  
0.381851  0.915351  
1.01391  0.0702008  
0.692566  0.602446  
1.04461  0.0310347  
0.905546  0.29379  
0.455941  0.878193  
0.877185  0.329932  
0.84332  0.387815  
1.03436  0.0338622  
0.25785  0.993011  
0.0281611  1.04105  
0.999779  0.106136  
0.807826  0.446449  
0.929868  0.245461  
0.670538  0.634369  
0.784206  0.493319  
0.989411  0.130769  
0.59137  0.737548  
0.458406  0.873614  
0.945095  0.215095  
0.995596  0.100819  
0.832046  0.399352  
0.295318  0.971193  
0.337069  0.938699  
0.637343  0.668743  
0.353976  0.925105  
0.695508  0.589241  
1.00636  0.0803256  
0.311946  0.955126  
0.962802  0.163271  
0.701195  0.583318  
0.631825  0.672944  
0.507178  0.810458  
0.678126  0.613228  
0.607898  0.708522  
0.990137  0.12096  
0.472035  0.842597  
0.717676  0.561565  
0.303474  0.959092  
0.949725  0.195612  
0.956626  0.182042  
0.508945  0.807278  
0.423547  0.88355  
0.807527  0.431693  
0.549724  0.765369  
0.984305  0.126156  
0.0238108  1.0396  
0.409587  0.891996  
0.0445663  1.02544  
0.897135  0.283855  
0.708093  0.572214  
0.667657  0.619613  
0.850156  0.360252  
1.02798  0.0260371  
0.182902  1.00761  
0.763856  0.503338  
0.37835  0.911613  
0.737579  0.537979  
0.576638  0.733834  
0.872974  0.319447  
0.649565  0.649291  
0.3468  0.926971  
0.961625  0.165633  
0.920343  0.2397  
0.441219  0.872456  
0.611438  0.697857  
0.392878  0.906771  
0.449285  0.859729  
1.02323  0.0444079  
0.68276  0.600988  
0.0310303  1.02608  
0.316998  0.9482  
0.521798  0.791839  
1.07634  0.0254598  
0.485532  0.830362  
0.78559  0.4611  
0.93812  0.215829  
0.829012  0.400025  
0.632972  0.67112  
1.00034  0.0834104  
0.266294  0.973974  
0.774485  0.496144  
0.233251  0.991471  
1.01775  0.0561362  
0.951598  0.190437  
0.491877  0.826954  
0.720804  0.558058  
0.469699  0.844968  
0.598674  0.717034  
0.299609  0.961766  
0.752498  0.519841  
0.210887  1.0019  
0.566394  0.74531  
0.158279  1.01829  
0.905962  0.270975  
0.888432  0.298412  
0.781697  0.467195  
0.972656  0.150356  
0.538025  0.77773  
0.697068  0.587062  
0.821396  0.413058  
0.860572  0.349165  
0.33141  0.940178  
0.996031  0.0976072  
0.363001  0.919767  
0.246318  0.986519  
1.01256  0.0664756  
0.660621  0.638026  
0.729898  0.548128  
0.977863  0.139051  
0.558883  0.757596  
0.643687  0.661452  
0.16854  1.01434  
0.591993  0.725492  
0.84586  0.387503  
0.758374  0.510822  
0.453562  0.856726  
0.0237628  1.07567  
0.885518  0.304682  
0.316492  0.947354  
0.730552  0.538777  
0.33017  0.93688  
0.494126  0.814946  
0.830617  0.392881  
0.511939  0.79554  
0.525904  0.782409  
0.222345  0.991982  
0.767987  0.494508  
0.676926  0.612908  
0.975746  0.136474  
0.584854  0.721436  
0.896095  0.278401  
0.935173  0.217431  
0.505841  0.805535  
0.838993  0.374293  
0.571932  0.733714  
0.392902  0.898691  
0.881391  0.31285  
0.279173  0.968724  
0.928702  0.227987  
0.742762  0.529151  
0.608313  0.693861  
0.807121  0.430143  
0.48449  0.828529  
0.760855  0.503135  
0.871218  0.320076  
0.603785  0.708433  
0.825961  0.403094  
0.0295716  1.02593  
0.659634  0.634444  
0.862344  0.339042  
0.884799  0.299352  
0.940694  0.201204  
0.345011  0.925904  
0.591998  0.71546  
0.819026  0.411702  
0.994933  0.0898806  
0.366278  0.914723  
0.168422  1.01297  
0.783049  0.458048  
0.962045  0.162692  
1.03369  0.0241944  
0.238803  0.982394  
0.40498  0.89034  
0.987489  0.117596  
0.625071  0.683835  
0.427284  0.877666  
1.01931  0.0485901  
0.468625  0.841125  
0.949452  0.187996  
0.558597  0.752634  
0.64073  0.661054  
0.804928  0.445773  
0.902457  0.27007  
1.02685  0.025638  
0.960346  0.173872  
0.179252  1.00584  
0.419868  0.880783  
0.208218  1.0012  
0.907048  0.260854  
0.849105  0.359441  
0.918399  0.238016  
0.666942  0.618926  
0.716045  0.557169  
0.263727  0.973257  
0.231188  0.98824  
0.746252  0.521148  
0.707005  0.57218  
0.0229604  1.04165  
0.157739  1.01623  
1.01498  0.0578795  
0.628151  0.677028  
0.817255  0.417669  
0.894599  0.283238  
0.299064  0.960222  
0.682266  0.600503  
0.564656  0.741819  
0.30896  0.954895  
0.362124  0.919192  
0.696401  0.583279  
0.853648  0.348869  
0.537812  0.775439  
0.999305  0.0812979  
0.774889  0.487124  
1.00746  0.0751535  
0.380624  0.908135  
0.970698  0.147794  
0.84158  0.370636  
0.781528  0.462586  
0.0397932  1.02456  
1.01135  0.066634  
0.436608  0.870939  
0.450575  0.852358  
0.983056  0.125527  
0.0230017  1.03567  
0.632477  0.671193  
0.700606  0.578237  
0.548684  0.76191  
0.649155  0.647733  
0.622533  0.683809  
0.261507  0.970755  
0.0329108  1.02391  
1.00651  0.0738981  
0.998867  0.080973  
0.329512  0.935133  
0.736877  0.528636  
0.948089  0.186092  
0.525491  0.781405  
0.836496  0.377718  
0.760968  0.497413  
0.558134  0.749509  
0.679291  0.599816  
0.023373  1.02926  
0.822506  0.401413  
0.487252  0.819009  
0.278228  0.96509  
0.366268  0.914294  
0.634615  0.66753  
0.994882  0.0900156  
0.449768  0.850582  
0.829856  0.388751  
0.674266  0.610449  
0.983246  0.12203  
0.880413  0.308329  
0.8487  0.356001  
0.391759  0.898107  
0.481515  0.824771  
0.398795  0.893084  
0.841049  0.368404  
0.511931  0.794457  
0.598392  0.708535  
0.222476  0.989157  
0.343123  0.925049  
0.805514  0.426373  
0.714433  0.555449  
0.178853  1.00472  
0.584722  0.719758  
0.699424  0.577606  
0.56438  0.739909  
0.956467  0.176905  
0.89609  0.277058  
0.930699  0.218407  
0.53678  0.769368  
0.666397  0.616004  
0.935128  0.213636  
0.693805  0.583354  
0.852885  0.348321  
0.658455  0.633231  
0.870702  0.314361  
0.884083  0.298097  
0.591977  0.713231  
0.0228623  1.03549  
0.903072  0.257018  
0.430272  0.869787  
0.607597  0.693698  
0.505738  0.80247  
0.928091  0.22719  
1.02616  0.0259023  
0.690754  0.589147  
0.78545  0.456598  
1.03135  0.024015  
0.85872  0.338658  
0.191774  1.00152  
0.975628  0.13605  
0.295607  0.961426  
0.970221  0.147317  
0.843417  0.367484  
0.234774  0.981529  
0.571329  0.728075  
0.987229  0.113618  
0.641887  0.656347  
0.424726  0.874008  
0.151188  1.0121  
0.474026  0.831231  
0.648679  0.647218  
0.37992  0.908184  
0.729312  0.536926  
1.01963  0.0473117  
0.768605  0.483703  
0.940796  0.198564  
0.961453  0.161978  
0.216368  0.994385  
0.706448  0.57161  
0.781482  0.462462  
0.91837  0.236443  
0.315999  0.946789  
0.308842  0.952743  
0.816277  0.411943  
0.361908  0.916895  
0.493868  0.813111  
1.01215  0.0581118  
0.861245  0.335557  
0.753286  0.508366  
0.404644  0.889736  
0.468532  0.838842  
0.418852  0.878796  
0.628486  0.671902  
0.549408  0.760591  
0.742924  0.521941  
0.634419  0.666929  
0.329314  0.934339  
0.607469  0.692403  
0.536297  0.768085  
0.975308  0.136009  
0.785326  0.454788  
0.805196  0.425797  
0.0338091  1.0237  
0.150811  1.01175  
0.86099  0.334414  
0.840668  0.368099  
0.742418  0.521018  
0.639988  0.656052  
0.706184  0.571524  
0.918147  0.236909  
1.00146  0.0734736  
0.93812  0.200066  
0.947932  0.185981  
0.584389  0.719469  
0.342263  0.924775  
0.259971  0.970755  
0.525235  0.780539  
0.695605  0.577941  
0.852394  0.347182  
1.02577  0.024876  
0.378985  0.908246  
0.896335  0.275061  
0.87013  0.314208  
0.0201996  1.04868  
0.481252  0.82447  
0.220574  0.987344  
0.955893  0.17671  
0.548763  0.753172  
0.39876  0.89259  
0.817822  0.404915  
0.979168  0.129338  
0.44895  0.850176  
0.760054  0.496642  
0.970034  0.147008  
0.83622  0.377082  
0.597419  0.706929  
0.570557  0.72748  
1.0097  0.0585335  
0.191427  1.00103  
0.0233898  1.02791  
1.01181  0.0522966  
0.466673  0.839951  
0.308576  0.952047  
0.987135  0.113409  
0.295522  0.960964  
0.960446  0.161576  
0.315865  0.946772  
0.68893  0.588094  
0.714482  0.553636  
0.768389  0.482614  
0.416195  0.877182  
0.780783  0.459073  
0.510983  0.794191  
0.473192  0.830569  
0.736479  0.528329  
0.390825  0.897202  
0.729144  0.536225  
0.563615  0.739806  
1.02917  0.0237841  
0.361972  0.91414  
0.517607  0.788097  
0.857546  0.339619  
0.214247  0.993176  
0.427578  0.870622  
0.92889  0.218018  
0.753496  0.505608  
0.829732  0.388357  
0.887083  0.287045  
0.486859  0.818814  
0.50594  0.800665  
1.02101  0.0415026  
0.658466  0.632471  
0.678275  0.599386  
0.277455  0.965045  
0.591637  0.712863  
0.924381  0.226543  
0.404125  0.889043  
0.994947  0.0864506  
0.555716  0.749643  
0.235089  0.980906  
0.666335  0.614097  
0.62811  0.671769  
0.493986  0.81251  
0.812815  0.414068  
0.80251  0.434867  
0.441203  0.865267  
0.822569  0.400347  
0.982233  0.123869  
0.902858  0.256957  
0.178276  1.0042  
0.647681  0.647225  
0.848455  0.355156  
0.620922  0.683497  
1.02341  0.0388202  
0.881199  0.303991  
0.484505  0.818452  
0.390752  0.89679  
0.235032  0.980684  
0.780241  0.458544  
0.741959  0.520251  
0.0281775  1.02376  
0.570154  0.727207  
0.449208  0.848932  
0.510907  0.793965  
0.493595  0.810276  
0.276747  0.964887  
0.329314  0.934339  
0.96995  0.147057  
0.801551  0.431789  
0.362183  0.91036  
0.563592  0.739763  
0.728812  0.535735  
0.982259  0.123269  
0.517467  0.785881  
0.987002  0.113325  
0.634373  0.666527  
0.584083  0.719259  
0.683102  0.588885  
0.974733  0.135437  
0.646457  0.6468  
0.836059  0.373551  
0.678077  0.599368  
0.714421  0.553411  
0.0364132  1.02232  
0.896276  0.274903  
0.917848  0.236634  
1.00988  0.0538458  
0.191371  1.00091  
0.214305  0.992041  
0.960455  0.159582  
0.547613  0.752652  
0.403833  0.888753  
0.786101  0.454336  
0.80976  0.413396  
0.219913  0.986375  
0.306745  0.951758  
0.84064  0.367531  
0.597351  0.706547  
0.887177  0.283162  
0.59159  0.711  
0.852169  0.34591  
0.415669  0.876938  
0.861403  0.332786  
0.471457  0.830309  
0.902736  0.25692  
0.342258  0.924729  
0.0183874  1.03029  
0.75324  0.505056  
0.640037  0.655641  
0.619396  0.683181  
0.937128  0.200783  
0.259971  0.970755  
0.805168  0.424364  
0.0180876  1.03843  
0.607378  0.692333  
0.536647  0.765174  
0.947961  0.185846  
1.02318  0.0269261  
0.525127  0.78025  
1.03145  0.0226507  
0.477781  0.828122  
0.440989  0.864728  
0.746214  0.516592  
0.169584  1.00412  
0.829729  0.388065  
0.848439  0.355024  
0.943621  0.193825  
0.378524  0.90774  
0.924237  0.225213  
0.555308  0.747941  
0.994929  0.0864506  
0.93  0.215884  
0.293013  0.960904  
0.666262  0.611944  
0.768336  0.482043  
0.694816  0.577215  
0.857498  0.338459  
0.427109  0.86941  
0.70524  0.570266  
0.759979  0.496579  
1.01889  0.0415441  
0.504654  0.800425  
0.316016  0.945745  
0.955335  0.177451  
0.626892  0.671721  
0.817184  0.404066  
0.735532  0.528279  
0.46639  0.837441  
0.87669  0.303009  
1.00122  0.0733784  
0.152527  1.01077  
0.87024  0.312775  
0.658363  0.632081  
0.822453  0.400001  
0.145179  1.01297  
0.764798  0.491041  
0.969919  0.147048  
0.870051  0.310465  
1.02246  0.0273963  
0.536411  0.765237  
0.821426  0.39367  
0.817153  0.404011  
0.836063  0.372828  
0.654733  0.63221  
0.276705  0.964811  
0.306631  0.951262  
1.00062  0.0737701  
0.759926  0.496544  
0.591888  0.70891  
0.597351  0.706547  
0.986924  0.113113  
0.82956  0.388067  
0.583941  0.719355  
0.23503  0.980274  
0.502797  0.799069  
0.74196  0.520153  
0.896181  0.274855  
0.728644  0.535335  
1.01868  0.0411276  
0.784131  0.454447  
0.510931  0.792876  
0.834021  0.378147  
0.191387  1.00085  
0.426884  0.869187  
0.92873  0.215947  
0.619595  0.682041  
0.525125  0.780225  
0.448907  0.849039  
0.626899  0.671478  
0.329445  0.933827  
0.390712  0.896599  
0.169522  1.00361  
0.861369  0.332605  
0.852118  0.3459  
0.259961  0.970645  
0.805168  0.424329  
0.947869  0.185292  
0.724275  0.54285  
1.00984  0.0538128  
0.466206  0.837467  
0.570265  0.726661  
0.66592  0.611657  
0.994599  0.086395  
0.210453  0.993575  
0.735292  0.528327  
1.02622  0.022645  
0.750855  0.50662  
0.361881  0.910202  
0.49  0.810613  
0.677979  0.599358  
0.435071  0.864712  
0.801376  0.431285  
0.639881  0.654342  
0.808996  0.41344  
0.0281285  1.0224  
0.145159  1.01294  
0.470009  0.83034  
0.0176552  1.0799  
0.937011  0.199795  
0.414733  0.87684  
0.316042  0.945548  
0.979541  0.12488  
0.646395  0.646662  
0.955234  0.177343  
0.547555  0.752652  
0.553285  0.748264  
0.876743  0.299907  
0.857434  0.338407  
0.342251  0.924722  
0.148979  1.01089  
0.683027  0.588779  
0.607354  0.692315  
0.563532  0.739259  
0.917602  0.235828  
0.924161  0.224288  
0.974579  0.133768  
0.70528  0.567611  
0.884965  0.283331  
0.848354  0.354861  
0.714676  0.551803  
0.0185307  1.02881  
0.517402  0.785757  
0.378622  0.907194  
0.293013  0.960902  
0.768172  0.481742  
0.692498  0.577277  
0.902333  0.256636  
0.841473  0.365635  
0.219865  0.98599  
0.480252  0.820538  
0.634313  0.666464  
0.403596  0.888726  
0.942242  0.190289  
0.779907  0.457695  
0.960192  0.159095  
0.403501  0.888599  
0.502746  0.798675  
0.639829  0.654281  
0.896181  0.274853  
0.977448  0.123757  
0.597137  0.703161  
0.0160342  1.05495  
0.748837  0.509229  
0.591865  0.708737  
0.65475  0.632126  
0.329266  0.933836  
1.0262  0.0226357  
0.147198  1.01075  
0.682195  0.588624  
0.741867  0.516892  
0.414604  0.876586  
0.618819  0.680308  
0.553913  0.747793  
0.917786  0.23463  
0.365683  0.906764  
0.969828  0.146935  
0.779906  0.457686  
0.259816  0.970498  
0.71462  0.551705  
0.208962  0.99043  
0.525106  0.780194  
0.570252  0.72666  
0.8764  0.298848  
0.626895  0.671291  
0.390732  0.896471  
0.836003  0.372611  
0.563497  0.73925  
0.692462  0.577263  
0.951618  0.180469  
0.722068  0.542823  
0.735278  0.528169  
0.341465  0.924497  
0.960053  0.159033  
0.861316  0.332549  
0.832792  0.378124  
0.361622  0.910274  
0.633481  0.666237  
0.646219  0.646619  
0.510807  0.792007  
0.924139  0.224279  
0.276717  0.964428  
0.665883  0.611635  
0.84832  0.354816  
0.802739  0.422711  
0.750828  0.505725  
0.852106  0.345815  
0.869786  0.310242  
0.542777  0.755385  
0.465944  0.837385  
0.759883  0.496378  
0.435003  0.864549  
0.313416  0.945327  
0.517364  0.784002  
0.583827  0.71864  
0.479861  0.818619  
0.817153  0.404011  
0.821681  0.391172  
0.809161  0.411818  
0.48694  0.809594  
0.38867  0.903059  
0.192044  0.998809  
0.883372  0.284227  
0.704965  0.567272  
0.536174  0.763588  
0.79936  0.434534  
1.00984  0.0537654  
0.293076  0.95901  
0.928422  0.214651  
1.01469  0.0400137  
0.426817  0.869045  
1.02226  0.0242122  
0.902334  0.256272  
0.677941  0.599329  
0.841173  0.36441  
0.98687  0.113107  
0.306614  0.951262  
0.76795  0.481671  
0.941929  0.190135  
0.824629  0.389221  
0.2352  0.977675  
0.468947  0.830325  
1.00051  0.0737586  
0.0281699  1.02238  
0.447904  0.849108  
0.781901  0.454212  
0.994592  0.0863819  
0.97454  0.133668  
0.934894  0.199545  
0.169414  1.00279  
0.857414  0.338317  
0.728567  0.535295  
1.03266  0.0226105  
0.605004  0.692235  
0.0178733  1.02874  
0.220223  0.985555  
