2.34397  3.0682  
2.39986  2.84874  
2.57387  2.07519  
2.2911  2.93886  
2.01567  3.71264  
2.11646  2.56454  
2.05122  3.60973  
2.12538  3.10914  
1.65381  4.12254  
2.31428  2.67051  
2.59773  1.81878  
2.44207  2.67595  
2.33173  2.12708  
2.05478  3.35208  
2.22493  3.41532  
1.80382  4.11884  
2.61322  2.26602  
1.80819  3.52954  
2.39592  2.23906  
2.174  3.50917  
2.10869  3.42871  
2.44155  1.98365  
2.35826  2.93177  
2.20113  3.27174  
2.0299  3.79036  
2.43218  1.8885  
1.94933  3.50944  
2.26256  3.28055  
2.52662  2.4546  
2.26791  3.35016  
2.51513  2.16  
2.43918  2.35379  
2.1536  2.98546  
2.15821  3.07116  
2.31985  2.72153  
2.48722  2.60687  
2.52433  1.47645  
1.71801  4.13144  
1.58344  4.12438  
2.18795  3.00739  
2.40547  2.82686  
2.20868  2.81972  
2.15195  3.29589  
2.60098  1.95056  
2.5755  1.40074  
2.46834  2.21086  
2.14244  3.54886  
1.939  3.71391  
2.31471  3.2224  
2.21298  3.09426  
1.32111  4.36042  
2.41421  2.93362  
2.08576  3.18656  
1.30183  4.44165  
2.40538  2.36644  
2.04917  3.07346  
2.12972  3.31118  
2.30707  3.05183  
2.21488  2.97858  
2.14995  3.24881  
2.0341  3.38136  
1.82962  3.81177  
2.20369  3.3847  
2.23607  2.96471  
1.84753  3.87347  
0.982825  4.66953  
1.84401  4.00361  
2.21382  3.08735  
2.05466  3.71491  
2.44865  2.58319  
2.59669  2.33532  
2.36148  2.74289  
2.60347  1.99189  
2.05601  3.17182  
2.33653  3.0074  
2.31805  3.03306  
1.94073  3.21356  
2.52238  2.39479  
2.08958  2.79001  
1.74245  3.98614  
2.53493  2.49952  
2.48408  2.49297  
2.44927  2.37397  
2.20686  3.12235  
1.78485  3.82426  
2.55083  1.66135  
2.43622  1.90636  
2.49964  2.0943  
2.50766  2.5705  
1.18492  4.52364  
1.96619  3.70743  
2.61857  1.63179  
2.63989  2.37216  
2.21899  2.99889  
2.22984  3.25356  
2.2263  3.5625  
1.44519  4.32499  
2.59357  2.11215  
2.60737  1.51165  
2.53463  2.49701  
0.910313  3.88038  
2.13049  0.949284  
1.89164  1.98863  
1.91566  1.84913  
0.745475  3.93663  
2.11008  1.04782  
2.2374  0.284153  
1.19112  3.55073  
1.32928  3.39192  
1.93676  1.74915  
1.62968  2.77407  
1.51696  3.04086  
1.7622  2.45245  
2.12706  0.870849  
1.89977  1.88468  
0.507844  4.0296  
0.863714  3.8767  
1.38876  3.29624  
1.11443  3.63446  
1.79166  2.30779  
0.331725  4.08775  
1.47285  3.1409  
1.53516  2.87008  
1.66729  2.5508  
0.411147  4.04405  
2.01162  1.29063  
1.01436  3.65879  
1.8006  2.20039  
0.651097  3.94895  
1.12735  3.53006  
1.89899  1.80823  
1.99673  1.3944  
1.26271  3.35956  
1.96076  1.62244  
0.926256  3.73261  
1.35478  3.21547  
1.45073  3.03151  
1.82519  2.16384  
1.74317  2.36337  
1.60342  2.72392  
1.57056  2.82178  
0.155528  4.11548  
0.711357  3.86793  
1.85111  1.95368  
1.04864  3.59422  
1.17456  3.44236  
1.6313  2.70211  
1.50441  2.90096  
1.21667  3.44399  
0.171443  4.0847  
1.68502  2.50644  
1.48551  3.01138  
1.30264  3.28632  
0.814017  3.8357  
1.98036  1.41681  
0.876687  3.77021  
2.02618  1.02958  
1.64185  2.62191  
0.849864  3.79527  
1.78532  2.21595  
1.5746  2.79051  
0.513524  3.99558  
2.08969  0.0904219  
1.92088  1.6664  
2.07008  0.631812  
1.40272  3.12195  
0.350861  4.06469  
1.95848  1.61538  
2.06648  0.733483  
1.76986  2.31098  
1.24766  3.39083  
1.27701  3.33298  
1.73189  2.44697  
2.08457  0.504175  
0.979923  3.71368  
0.641501  3.98023  
0.491148  4.01939  
2.0403  1.16053  
2.00465  1.35946  
1.43067  3.1041  
1.88257  1.93314  
1.66865  2.59225  
0.680839  3.93981  
1.9474  1.64319  
1.00806  3.68139  
1.38267  3.20877  
1.7269  2.49417  
1.50222  2.98527  
1.82142  2.18877  
1.56795  2.86467  
1.85309  2.00784  
1.15531  3.52937  
0.648904  3.97439  
1.35468  3.26519  
2.14796  0.423179  
0.184565  4.16138  
1.55658  2.87048  
2.25126  0.251987  
0.674895  3.95245  
1.00479  3.75731  
1.74621  2.46839  
0.9507  3.74612  
2.05479  0.924403  
1.14529  3.57622  
1.931  1.69287  
1.80979  2.11606  
1.42448  3.08867  
1.66165  2.55743  
0.778011  3.85489  
1.99309  1.27  
1.27312  3.33984  
1.86238  1.91739  
1.02543  3.66159  
1.55252  2.79703  
0.132364  4.0918  
2.08465  0.0872547  
0.957989  3.71483  
1.41334  3.06582  
1.36015  3.17135  
1.61329  2.65844  
1.48565  2.95384  
1.1039  3.54252  
0.407967  4.01815  
1.65818  2.53536  
1.56847  2.75373  
2.01132  1.10018  
1.79178  2.1386  
1.5894  2.69974  
1.54965  2.78464  
1.10714  3.51527  
0.811003  3.80672  
2.04036  0.861499  
1.22684  3.36714  
0.594661  3.94955  
0.95862  3.67237  
1.92037  1.63462  
1.4497  2.99185  
0.61515  3.93089  
1.75413  2.2631  
1.71879  2.37153  
1.34681  3.17348  
1.60115  2.67275  
0.237922  4.06426  
1.28437  3.26654  
1.58476  2.72158  
1.03507  3.58233  
1.97748  1.38198  
1.85577  1.87614  
1.51614  2.84942  
2.03311  0.902099  
1.67665  2.47922  
1.82194  2.07615  
2.07761  0.0776487  
1.96268  1.43168  
1.98743  1.28394  
1.82665  1.99769  
0.102502  4.08093  
1.99051  1.23259  
0.711985  3.86232  
1.77297  2.20048  
0.490115  3.9888  
0.760473  3.85093  
1.93063  1.58297  
1.89348  1.79074  
1.40399  3.06638  
0.883588  3.73274  
1.70251  2.42262  
0.336229  4.03864  
1.36931  3.14139  
1.16406  3.44223  
2.05108  0.651202  
1.47251  2.95986  
1.21395  3.43129  
0.556121  3.9655  
0.658884  3.90642  
0.996262  3.63911  
1.38477  3.10671  
1.25831  3.32709  
1.61541  2.6492  
1.95519  1.51491  
1.32727  3.21955  
1.80962  2.08732  
1.14102  3.48016  
1.73969  2.32733  
1.49293  2.94288  
1.08479  3.55719  
1.42716  3.04549  
1.90368  1.76509  
0.858299  3.79048  
0.913233  3.7239  
1.84942  1.93797  
2.00447  1.18363  
0.463931  4.00845  
1.02184  3.61505  
1.86698  1.86435  
2.01995  1.07733  
1.9177  1.67611  
1.71292  2.40459  
1.73259  2.36274  
1.99522  1.22701  
1.21566  3.46872  
1.70163  2.44191  
0.849201  3.76946  
1.85793  1.94101  
1.47132  2.96556  
0.126515  4.10836  
2.08676  0.0953441  
1.30636  3.27106  
1.80066  2.13677  
1.8538  1.95342  
1.80079  2.12239  
1.02011  3.61398  
0.877165  3.7449  
1.40807  3.08079  
1.43184  3.03116  
0.212584  4.07043  
0.704192  3.88263  
1.32449  3.20574  
1.91289  1.68761  
1.95693  1.44072  
1.85457  1.93579  
1.53818  2.81598  
0.663864  3.89721  
1.62535  2.60799  
1.22425  3.35556  
1.48437  2.90853  
0.764141  3.82971  
1.10823  3.50925  
1.70028  2.39925  
1.93174  1.55665  
1.73905  2.30387  
0.962772  3.65993  
1.86039  1.88168  
1.78023  2.15147  
2.0564  0.631281  
1.43987  3.00082  
0.351416  4.03066  
0.712194  3.8603  
1.32945  3.1946  
1.38205  3.09534  
1.03109  3.58134  
0.0934419  4.07513  
0.578836  3.96548  
0.61636  3.92593  
0.505245  3.97895  
1.01158  3.61978  
0.805398  3.79675  
0.880353  3.7315  
2.07618  0.0761959  
1.81417  2.01915  
0.237212  4.05684  
1.27319  3.27176  
1.58245  2.70245  
1.54145  2.79588  
1.65692  2.51598  
1.9639  1.36103  
2.03193  0.917608  
0.925779  3.69966  
1.99973  1.16471  
2.04682  0.824567  
1.89683  1.70728  
1.16397  3.43554  
1.68003  2.46138  
0.448942  4.0085  
1.9513  1.46086  
1.87622  1.82362  
1.76383  2.23205  
1.98913  1.25608  
0.826308  3.78746  
1.51604  2.86497  
1.41335  3.05562  
1.84347  1.95993  
1.24536  3.32346  
0.847984  3.76681  
1.91935  1.63315  
1.18435  3.41271  
0.994644  3.63526  
1.3073  3.23133  
1.64755  2.55633  
1.14352  3.46689  
1.606  2.65777  
0.595041  3.94367  
2.02331  1.07811  
1.46978  2.95077  
1.56552  2.75646  
1.07041  3.56518  
1.80296  2.10549  
2.06994  0.581206  
1.42056  3.04105  
1.9391  1.53381  
1.09502  3.54458  
1.98323  1.31555  
1.261  3.30334  
0.787957  3.81571  
0.644653  3.91346  
0.47524  4.00076  
1.59775  2.67501  
1.69298  2.43692  
1.89231  1.78612  
1.46437  2.96986  
1.79416  2.1244  
0.932975  3.69073  
1.41533  3.04859  
1.69101  2.44961  
1.74132  2.30049  
1.53329  2.81648  
1.45976  2.9831  
1.91963  1.64926  
1.99735  1.21039  
1.01935  3.6148  
1.58041  2.70777  
1.79043  2.1329  
0.609016  3.93854  
1.6486  2.55511  
1.65701  2.51934  
1.4094  3.05429  
1.8463  1.94394  
0.471196  4.00299  
1.93341  1.56801  
0.865939  3.75412  
0.830149  3.78748  
1.11669  3.49224  
2.06728  0.446112  
0.990083  3.62961  
1.31336  3.21576  
1.92509  1.59648  
1.43825  2.99545  
0.802264  3.80186  
2.06339  0.572983  
1.2223  3.35195  
1.74691  2.27759  
1.79694  2.09267  
1.53889  2.79455  
0.0916202  4.07407  
1.86901  1.83428  
1.7163  2.35783  
1.95875  1.45043  
1.9393  1.49905  
0.951102  3.66388  
1.88289  1.80184  
1.63333  2.58231  
1.10067  3.50606  
2.05189  0.771691  
0.619803  3.91722  
1.36131  3.13871  
0.338166  4.03112  
0.719055  3.85331  
1.8253  1.97512  
2.05574  0.626908  
1.6754  2.46053  
1.7542  2.24454  
0.900289  3.71797  
1.58456  2.69021  
1.03496  3.57622  
1.25215  3.31308  
2.00183  1.10835  
1.48722  2.89623  
1.96978  1.32186  
1.16621  3.42764  
0.492689  3.97548  
2.02866  0.881907  
2.0756  0.0756073  
1.90443  1.6645  
1.65367  2.52714  
1.27834  3.25872  
0.879738  3.72917  
1.39957  3.06761  
1.8152  2.04659  
1.98662  1.22954  
1.77532  2.18199  
0.429866  4.01033  
0.842885  3.76718  
1.00538  3.62051  
1.85133  1.90378  
0.263371  4.05774  
0.569794  3.9512  
1.13076  3.47261  
1.61051  2.63867  
1.88939  1.76431  
1.19062  3.3949  
0.92356  3.69212  
1.46589  2.95243  
1.78439  2.15157  
1.73557  2.30898  
1.57019  2.73252  
1.50647  2.86929  
1.70032  2.40872  
1.07906  3.53823  
0.699696  3.88389  
1.38854  3.08954  
1.42022  3.03856  
1.52637  2.82892  
1.32554  3.20357  
1.55589  2.77062  
0.674904  3.90472  
1.62483  2.60416  
1.72522  2.33393  
1.15282  3.45508  
1.89345  1.74295  
1.69422  2.42617  
0.571127  3.93394  
2.0053  1.03006  
1.72981  2.27914  
1.95691  1.35876  
1.70028  2.36485  
1.49112  2.86723  
0.711423  3.84926  
1.21531  3.33556  
1.20233  3.3535  
0.518181  3.96011  
1.33713  3.15047  
1.2436  3.29481  
1.84639  1.88009  
1.26045  3.27025  
1.41695  3.01436  
0.752576  3.82001  
1.77488  2.13666  
2.04759  0.57973  
1.81845  1.98655  
1.45257  2.94425  
1.49974  2.85062  
0.541623  3.94885  
1.7922  2.07877  
2.0349  0.749746  
1.80579  2.03189  
1.67466  2.43688  
0.661367  3.88217  
1.88851  1.70436  
0.268763  4.04374  
1.94763  1.41181  
0.791058  3.79124  
0.88869  3.70851  
1.35418  3.12163  
1.85492  1.84611  
1.38628  3.06575  
1.96282  1.32214  
2.07477  0.0747733  
1.18429  3.37844  
1.9316  1.49752  
0.358666  4.02111  
1.75702  2.19484  
1.6923  2.3888  
0.625507  3.90385  
1.05772  3.53646  
1.87991  1.74179  
1.09909  3.4873  
1.55702  2.7265  
1.89789  1.66173  
1.53545  2.7742  
1.64446  2.51641  
0.318118  4.03208  
2.04101  0.674822  
0.835276  3.75529  
0.998559  3.60143  
1.83791  1.91319  
1.43839  2.97098  
1.97412  1.25684  
1.12044  3.46099  
1.03363  3.5631  
0.676395  3.87292  
1.14314  3.43284  
1.08645  3.50292  
1.32178  3.17518  
1.91631  1.57473  
0.814596  3.77251  
1.6601  2.47544  
1.612  2.59846  
0.924471  3.67544  
2.025  0.85374  
0.602739  3.91677  
0.449403  3.98963  
1.90572  1.62612  
1.51939  2.80883  
1.4056  3.03161  
0.174507  4.06345  
1.98263  1.19566  
1.57887  2.67702  
0.406981  4.0054  
1.99011  1.14307  
1.99595  1.10325  
1.71837  2.31331  
1.30528  3.20138  
1.82733  1.95277  
1.59982  2.62759  
2.05568  0.439505  
1.27965  3.24097  
0.207248  4.05469  
0.958054  3.64267  
2.06268  0.232713  
2.01454  0.952749  
1.86455  1.80631  
0.983981  3.61632  
0.482289  3.97624  
1.7424  2.24104  
0.0907097  4.07342  
1.16042  3.40994  
0.855825  3.73785  
1.93892  1.45925  
1.62331  2.57009  
1.46829  2.91375  
1.40551  3.02863  
0.311234  4.0324  
1.16512  3.40147  
1.47482  2.89698  
0.548058  3.944  
1.96575  1.29701  
0.677473  3.86996  
1.9838  1.17954  
1.65763  2.47825  
1.52656  2.79001  
0.736463  3.82985  
0.954337  3.6443  
1.74702  2.22188  
1.14685  3.42529  
2.06329  0.0644845  
1.4399  2.96493  
1.31867  3.17709  
2.01803  0.909022  
1.99263  1.11695  
0.821232  3.76486  
0.97985  3.61846  
1.08768  3.49868  
1.38866  3.05883  
1.88514  1.71341  
1.02602  3.56932  
2.00138  1.05045  
0.582353  3.92618  
1.35516  3.11679  
0.765277  3.80875  
1.89622  1.66357  
1.92749  1.51194  
1.94706  1.40678  
1.93746  1.45946  
1.9174  1.56281  
1.42257  2.99738  
1.97487  1.23933  
1.37174  3.08839  
1.33659  3.14781  
1.45761  2.93083  
1.76114  2.17725  
1.8016  2.04131  
1.64223  2.51834  
0.848168  3.74233  
0.706926  3.85044  
2.04088  0.659918  
1.57773  2.67583  
1.20419  3.34856  
1.82701  1.94914  
1.26298  3.26366  
0.477033  3.97673  
1.68789  2.39619  
1.6725  2.43844  
1.22425  3.3203  
1.28194  3.23496  
1.5941  2.63747  
1.62643  2.55847  
0.928137  3.66992  
0.615064  3.908  
0.512773  3.96091  
2.02609  0.830732  
1.3009  3.20537  
1.7026  2.3546  
1.71715  2.31235  
1.77494  2.13223  
0.793214  3.78733  
1.56107  2.71395  
1.78876  2.08584  
1.81449  1.99526  
0.438606  3.99217  
0.399073  4.00645  
0.256869  4.04449  
1.10738  3.47491  
1.87431  1.76041  
1.61043  2.59805  
1.86276  1.80885  
1.90686  1.61389  
1.85101  1.85659  
0.901674  3.6948  
1.95624  1.35422  
1.49148  2.8634  
1.50872  2.82778  
1.2436  3.29239  
1.06845  3.52136  
2.00985  0.981464  
2.03359  0.749694  
1.18501  3.37486  
0.192948  4.05485  
2.05887  0.327913  
2.04768  0.561441  
2.0537  0.453832  
1.54375  2.75259  
1.12736  3.45009  
1.83901  1.90359  
0.070115  4.06341  
1.00423  3.59289  
1.04898  3.5437  
0.646513  3.8894  
0.874758  3.71918  
1.7315  2.2696  
0.357645  4.01967  
1.62673  2.55743  
0.87531  3.71856  
1.10771  3.47432  
0.516702  3.95899  
1.54523  2.74909  
1.39013  3.05599  
2.05376  0.451062  
2.03398  0.74423  
1.76094  2.17752  
1.83818  1.90642  
2.05902  0.3213  
1.06619  3.5238  
1.244  3.2916  
1.52823  2.78614  
0.76584  3.80819  
0.308537  4.03297  
0.355708  4.02017  
2.0106  0.974397  
0.647172  3.88887  
1.33627  3.14813  
1.16709  3.39868  
1.88515  1.71294  
1.68781  2.39608  
1.61088  2.59666  
2.01878  0.901405  
0.821621  3.76441  
1.02167  3.57391  
1.9935  1.10983  
0.442033  3.99076  
1.26238  3.26438  
1.35438  3.11788  
1.82595  1.95277  
1.1868  3.37226  
1.89598  1.66426  
0.58418  3.92508  
0.400409  4.00592  
1.95667  1.35111  
1.73263  2.26586  
1.22514  3.31886  
1.947  1.40669  
1.29948  3.20743  
0.480418  3.97517  
1.85044  1.85839  
1.71788  2.30997  
0.793958  3.78661  
1.47683  2.89274  
1.92719  1.51299  
1.966  1.29488  
1.8621  1.81121  
1.12793  3.44923  
1.42554  2.99166  
1.08743  3.49884  
0.677718  3.86968  
1.56229  2.71096  
0.9017  3.69466  
2.04788  0.557107  
2.04119  0.6547  
1.4935  2.85904  
0.999069  3.59822  
2.00221  1.04333  
0.254635  4.04482  
0.551224  3.94226  
0.736752  3.82951  
1.31801  3.17792  
1.65757  2.47809  
2.06322  0.0634562  
0.848711  3.74174  
1.14729  3.42455  
0.707291  3.85008  
0.926789  3.67105  
0.616268  3.90719  
1.04392  3.54924  
1.3727  3.08652  
1.74701  2.22165  
0.0649639  4.06318  
1.91695  1.56458  
1.87378  1.76228  
1.57843  2.67396  
1.5109  2.82297  
1.97551  1.23453  
0.951983  3.6465  
1.59483  2.63539  
1.93716  1.46063  
1.98463  1.17321  
0.190399  4.05508  
1.28109  3.236  
1.81345  1.99872  
0.975828  3.62244  
1.40795  3.024  
1.64248  2.51741  
1.2062  3.34557  
1.90658  1.61481  
1.6726  2.43786  
1.78771  2.08904  
1.703  2.35317  
1.46015  2.92569  
2.02649  0.825896  
1.80084  2.04363  
1.77451  2.13331  
1.44276  2.95922  
1.81315  1.99975  
1.62659  2.55777  
0.255524  4.04463  
0.35644  4.01994  
1.97561  1.23382  
1.30002  3.20657  
0.648011  3.88834  
1.70322  2.35249  
0.478706  3.97589  
2.01054  0.9748  
1.10661  3.47565  
1.59469  2.63569  
0.61632  3.90715  
1.18666  3.37242  
1.87336  1.76403  
1.96646  1.29203  
0.950387  3.64806  
1.83794  1.9073  
2.04119  0.654613  
1.98465  1.17299  
2.00217  1.04361  
1.56184  2.71195  
0.97424  3.62405  
1.26278  3.26378  
1.14743  3.42435  
1.46042  2.92515  
0.515047  3.95974  
1.76028  2.17961  
0.440601  3.99131  
1.12722  3.45009  
1.94722  1.40537  
1.52832  2.78594  
1.40838  3.0232  
1.42578  2.99117  
0.765942  3.8081  
1.2815  3.23536  
1.20598  3.34585  
1.57837  2.67407  
0.550247  3.94274  
1.85003  1.86  
1.7463  2.22382  
2.05377  0.45074  
1.06472  3.52549  
1.95691  1.34965  
1.22502  3.31901  
1.82569  1.95371  
2.06318  0.0631758  
0.192133  4.05485  
1.2439  3.29172  
1.61079  2.59686  
1.51139  2.82192  
1.88467  1.71504  
0.925997  3.6718  
1.64222  2.51807  
1.39046  3.05537  
0.678377  3.86924  
1.54517  2.74922  
1.33657  3.14763  
1.7872  2.09074  
1.73233  2.26673  
1.71788  2.3099  
1.6731  2.43648  
0.583903  3.92522  
1.90637  1.61578  
0.708201  3.84944  
1.02047  3.57521  
1.99346  1.11008  
1.80026  2.04562  
1.16719  3.39853  
0.900884  3.69539  
1.44314  2.95847  
1.49438  2.8572  
0.73734  3.82908  
2.04781  0.558005  
1.86178  1.81248  
0.0638883  4.06318  
0.399734  4.00613  
0.848571  3.74185  
1.8956  1.66596  
2.03413  0.742391  
1.31841  3.17727  
1.77386  2.13544  
2.01871  0.901975  
1.37266  3.08659  
1.92709  1.51343  
1.08582  3.50073  
0.821636  3.76439  
0.30893  4.03286  
1.35468  3.11736  
2.02661  0.824598  
0.875011  3.71881  
1.47749  2.8914  
2.05894  0.323403  
1.91684  1.56509  
1.04288  3.5504  
1.93734  1.4596  
0.794023  3.78654  
0.997692  3.59966  
1.68822  2.3949  
1.65774  2.4776  
0.583896  3.92522  
0.308463  4.03298  
0.255276  4.04468  
0.616512  3.90704  
0.440034  3.99152  
1.78715  2.0909  
0.399473  4.00622  
1.89552  1.6663  
1.82553  1.95431  
2.01091  0.971634  
1.54538  2.74873  
1.87313  1.76501  
0.766244  3.80787  
1.46045  2.92507  
1.39074  3.05488  
1.56192  2.71177  
1.30004  3.20653  
1.31839  3.17729  
0.848174  3.74218  
1.35491  3.11697  
1.51165  2.82137  
0.874396  3.71936  
1.20613  3.34565  
1.6267  2.55748  
1.49478  2.85639  
1.84987  1.86064  
2.05375  0.451135  
1.81303  2.00017  
1.10661  3.47565  
2.05901  0.321285  
1.73208  2.26751  
1.22518  3.31878  
0.949798  3.64864  
0.925212  3.67255  
1.95695  1.34941  
1.92716  1.5131  
1.33667  3.14746  
1.65778  2.47749  
1.68816  2.39505  
1.98487  1.1715  
0.515094  3.95972  
1.57839  2.67402  
1.47759  2.89119  
1.97588  1.23203  
1.59465  2.63578  
1.06442  3.52584  
1.64239  2.51762  
0.478638  3.97592  
1.4259  2.99096  
1.83782  1.90776  
0.708474  3.84925  
2.06317  0.0631745  
2.0342  0.741592  
2.01896  0.899556  
1.16725  3.39844  
1.61081  2.5968  
1.67304  2.43665  
1.18683  3.37219  
1.24417  3.29133  
1.70306  2.35296  
0.793956  3.78659  
0.973531  3.62478  
1.71771  2.31041  
1.76008  2.18027  
1.26299  3.26345  
1.80022  2.04578  
1.44318  2.9584  
1.40837  3.02321  
0.647918  3.88839  
1.08571  3.50086  
1.12715  3.45018  
1.14731  3.42452  
1.88442  1.71613  
1.77377  2.13574  
1.96654  1.29151  
0.900056  3.69615  
1.86159  1.81328  
1.37286  3.08623  
1.91677  1.56543  
1.0422  3.55116  
1.9472  1.40547  
1.28161  3.23519  
1.01998  3.57573  
0.550246  3.94274  
1.93726  1.46001  
0.996949  3.60044  
2.02676  0.823007  
1.90621  1.61653  
0.821294  3.76466  
0.73764  3.82886  
2.04121  0.654299  
2.04782  0.557908  
0.0638866  4.06317  
1.74621  2.22409  
0.678602  3.86909  
2.00252  1.04081  
1.52873  2.78505  
1.99384  1.10728  
0.191257  4.05496  
0.35593  4.02009  
2.05379  0.450297  
0.191096  4.05498  
1.37318  3.08568  
1.51193  2.82079  
1.77348  2.13666  
1.92716  1.5131  
0.949231  3.6492  
1.79996  2.04669  
1.06399  3.52634  
0.678804  3.86896  
0.550177  3.94278  
1.59478  2.63547  
1.67306  2.43657  
2.06317  0.0631738  
0.899845  3.69634  
0.924755  3.67298  
1.54548  2.74851  
1.35509  3.11667  
1.94731  1.40487  
1.04205  3.55132  
1.78688  2.0918  
0.648167  3.88824  
1.20612  3.34565  
1.10649  3.47579  
1.65778  2.47749  
1.12701  3.45036  
0.737743  3.82878  
1.08554  3.50107  
0.794161  3.78643  
2.01092  0.971548  
1.5621  2.71135  
1.73193  2.26796  
0.515213  3.95966  
2.04782  0.557873  
0.766302  3.80783  
0.616512  3.90704  
1.96654  1.29151  
2.02684  0.822211  
2.0413  0.653178  
1.61074  2.59698  
1.22529  3.31862  
2.01899  0.899274  
0.996655  3.60075  
1.1868  3.37223  
1.4607  2.92458  
2.059  0.321333  
1.52871  2.78509  
1.44337  2.95804  
1.42598  2.9908  
1.89538  1.66694  
0.308463  4.03298  
1.0197  3.57604  
1.88429  1.71669  
1.49497  2.85598  
1.5785  2.67377  
1.64229  2.51788  
1.62661  2.55771  
1.26302  3.26341  
1.71758  2.3108  
0.583896  3.92522  
1.16719  3.39853  
1.91679  1.56529  
1.95701  1.34908  
1.82532  1.9551  
1.74594  2.22493  
1.83759  1.90864  
0.0638176  4.06317  
1.81271  2.00132  
1.3003  3.20611  
0.35593  4.02009  
1.24427  3.29119  
1.31878  3.17667  
0.821477  3.76451  
0.874323  3.71942  
1.86138  1.81413  
1.70297  2.35321  
1.75988  2.18089  
1.14725  3.42459  
1.6881  2.39521  
1.97588  1.23203  
1.47791  2.89056  
0.399516  4.00621  
2.00256  1.04046  
0.47855  3.97595  
0.973249  3.62506  
0.708581  3.84917  
1.39095  3.0545  
0.255122  4.04471  
1.90621  1.6165  
1.33708  3.14679  
1.98505  1.17021  
1.84969  1.86137  
0.440114  3.99149  
2.03426  0.740858  
1.40852  3.02293  
1.93736  1.45948  
1.9939  1.10681  
0.848203  3.74216  
1.28168  3.23507  
1.873  1.76554  
