2.22755  0.605517  
2.24025  1.11722  
0.136732  0.990608  
0.216693  0.97624  
2.60627  0.876243  
1.80203  1.68649  
1.11876  2.31917  
2.41716  0.586381  
2.53096  0.758551  
1.54387  2.06907  
0.299194  0.954192  
0.126993  0.991904  
0.930386  2.47887  
0.147865  0.989008  
2.13182  1.53361  
1.1131  2.29737  
0.145383  0.989376  
1.96499  1.25398  
1.98953  1.26944  
0.206435  0.97846  
2.42598  1.14191  
2.50591  0.390315  
0.076079  0.997102  
2.03362  1.63821  
1.27253  2.2571  
0.292749  0.956189  
1.58183  1.98029  
2.01215  1.30916  
1.30495  2.06091  
2.37784  0.199483  
2.52161  1.1665  
0.986828  2.47046  
0.251062  0.967971  
1.50299  1.83901  
0.97005  1.9817  
1.13876  2.10006  
1.92286  1.03929  
0.795094  2.20979  
2.29614  1.3533  
0.84057  2.11055  
1.61827  2.29684  
1.78691  1.95599  
2.08237  0.568295  
1.03741  2.33685  
0.00593893  0.999982  
1.02339  2.10196  
0.0150859  0.999886  
2.22642  1.03983  
2.59187  0.904909  
0.88016  2.34866  
1.53131  1.75211  
1.23272  2.36988  
2.23939  0.570323  
0.0293978  0.999568  
0.2166  0.97626  
2.35592  0.613771  
2.67857  0.607647  
1.41596  2.15156  
0.00132076  0.999999  
0.178473  0.983945  
1.80768  2.01238  
0.889502  2.42164  
1.73996  1.90889  
1.41968  2.18612  
2.27248  0.617271  
2.32411  1.15538  
1.34238  2.28513  
2.37877  1.01743  
2.678  0.42648  
0.0800445  0.996791  
1.44271  1.58657  
2.43069  0.79472  
0.238733  0.971085  
1.83303  1.19054  
1.59642  1.88854  
2.47102  0.164778  
2.18882  0.90857  
0.175371  0.984502  
2.48201  0.868722  
0.842103  2.23731  
2.35898  0.594007  
0.243924  0.969794  
0.0577759  0.99833  
1.09876  2.39499  
1.73604  1.60984  
1.24267  1.93587  
2.31815  0.217034  
2.29946  0.536037  
0.90306  2.19292  
1.9758  1.03292  
2.48908  0.43871  
0.300614  0.953746  
2.36634  0.425058  
1.63202  2.21217  
0.0355835  0.999367  
2.27108  1.28047  
0.0325715  0.999469  
1.20764  1.84306  
0.308899  0.951095  
1.4391  1.70521  
1.32366  7.72972e-06  
1.1764  0  
0.169748  0.985488  
2.37871  0.32663  
2.64167  0.94919  
2.14975  0.216237  
1.63427  0  
1.6273  8.26198e-11  
1.61614  6.39078e-06  
1.60988  0  
1.53192  6.23546e-15  
1.58964  0  
1.49349  7.34191e-14  
1.47095  0  
1.46145  0  
1.4552  6.42375e-17  
1.43898  0  
1.39552  8.65394e-06  
1.36292  6.34902e-06  
1.43223  0  
1.32337  7.72805e-06  
1.4251  0  
0.0520346  0.998645  
0.229302  0.973355  
0.0282828  0.9996  
0.303221  0.95292  
0.142622  0.989777  
0.291382  0.956607  
0.213518  0.976939  
0.200514  0.979691  
0.254619  0.967042  
0.183721  0.982979  
0.0894372  0.995992  
0.166163  0.986098  
0.267032  0.963688  
0.148168  0.988962  
0.127067  0.991894  
0.10476  0.994498  
0.246284  0.969198  
0.17198  0.9851  
0.278054  0.960565  
0.0786427  0.996903  
0.0410088  0.999159  
1.24044  7.69225e-06  
0.271491  0.962441  
0.297373  0.954761  
0.973427  1.85543  
0.260848  0.96538  
0.174761  0.984611  
0.308997  0.951063  
0.206739  0.978396  
0.234686  0.972071  
0.161683  0.986843  
0.137646  0.990481  
6.12323e-17  1  
0.861402  1.92766  
0.157021  0.987595  
0.220949  0.975285  
0.0914088  0.995813  
0.285479  0.958385  
1.2375  3.08062e-19  
0.0614999  0.998107  
1.05  5.63151e-11  
0.116294  0.993215  
0.191129  0.981565  
0.248018  0.968755  
0.0684218  0.997656  
0.0983924  0.995148  
0.110817  0.993841  
0.222326  0.974972  
0.169748  0.985488  
0.181034  0.983477  
0.134707  0.990885  
0.153783  0.988105  
0.215847  0.976427  
0.264277  0.964447  
0.204413  0.978885  
0.231859  0.972749  
0.016453  0.999865  
0.0575948  0.99834  
0.101016  0.994885  
0.163951  0.986468  
0.030903  0.999522  
0.0968773  0.995296  
0.141088  0.989997  
0.11479  0.99339  
0.103533  0.994626  
1.10469  2.68453e-18  
1.15207  0  
1.15  5.07652e-17  
1.15831  0  
1.29034  1.89116e-12  
1.17434  1.35885e-14  
1.2089  6.37703e-15  
1.28126  0  
1.23469  5.81897e-11  
1.28501  4.29312e-19  
1.25443  3.44565e-12  
1.37703  0  
1.37981  4.1837e-15  
0.29156  0.956553  
0.237975  0.971271  
0.15277  0.988262  
0.0217155  0.999764  
0.252884  0.967497  
0.269309  0.963054  
0.214964  0.976622  
0.120955  0.992658  
0.283871  0.958863  
0.271888  0.962329  
0.179506  0.983757  
0.218713  0.975789  
0.197806  0.980241  
0.23682  0.971554  
0.239356  0.970932  
0.0837598  0.996486  
0.296331  0.955085  
0.293478  0.955966  
0.289554  0.957162  
0.176507  0.984299  
0.185228  0.982696  
0.167904  0.985803  
0.0517716  0.998659  
0.027313  0.999627  
0.288367  0.95752  
0.231222  0.972901  
0.303607  0.952797  
0.267522  0.963552  
0.21394  0.976847  
0.279503  0.960145  
0.241357  0.970436  
0.238048  0.971253  
0.182652  0.983178  
0.192917  0.981215  
0.198912  0.980017  
0.147624  0.989044  
0.127469  0.991843  
0.0462821  0.998928  
0.254525  0.967066  
0.104587  0.994516  
0.0410074  0.999159  
0.297702  0.954659  
0.27332  0.961923  
0.260847  0.96538  
0.0614513  0.99811  
0.190913  0.981607  
0.206762  0.978391  
0.0904001  0.995906  
0.138066  0.990423  
6.12323e-17  1  
0.247949  0.968773  
0.309015  0.951057  
0.112996  0.993595  
0.0921188  0.995748  
0.174346  0.984684  
1.05  4.06861e-11  
0.234675  0.972074  
0.151835  0.988406  
0.0776446  0.996981  
0.285511  0.958375  
0.291585  0.956545  
0.116372  0.993206  
0.156828  0.987626  
0.154345  0.988017  
0.165692  0.986177  
0.270381  0.962754  
0.22097  0.975281  
0.0697433  0.997565  
0.0850974  0.996373  
0.110523  0.993874  
0.0988555  0.995102  
0.122009  0.992529  
0.132817  0.991141  
0.186828  0.982393  
0.26573  0.964047  
0.169992  0.985445  
0.20291  0.979197  
0.140845  0.990032  
0.194969  0.980809  
0.178431  0.983952  
0.263847  0.964565  
0.294709  0.955587  
0.210347  0.977627  
0.251644  0.96782  
0.217483  0.976064  
0.282625  0.959231  
0.277013  0.960866  
0.243735  0.969842  
0.159218  0.987243  
0.306581  0.951845  
0.0188118  0.999823  
0.0361007  0.999348  
0.0737354  0.997278  
0.124736  0.99219  
0.146508  0.989209  
0.135802  0.990736  
0.275616  0.961268  
0.108407  0.994107  
0.171943  0.985107  
0.188734  0.982028  
0.22681  0.973939  
0.262402  0.964959  
0.252623  0.967565  
0.180819  0.983516  
0.196906  0.980422  
0.200691  0.979655  
0.188768  0.982022  
0.204725  0.978819  
0.159293  0.987231  
0.184809  0.982774  
0.154751  0.987954  
0.192935  0.981212  
0.1678  0.985821  
0.140494  0.990081  
0.172192  0.985063  
0.149965  0.988691  
0.145153  0.989409  
0.176512  0.984299  
0.124682  0.992197  
0.135438  0.990786  
0.118976  0.992897  
0.130084  0.991503  
0.0272862  0.999628  
0.303239  0.952915  
0.0953343  0.995445  
0.29148  0.956577  
0.156767  0.987636  
0.267126  0.963662  
0.241357  0.970436  
0.244526  0.969643  
0.279427  0.960167  
0.21393  0.976849  
0.198922  0.980015  
0.182734  0.983162  
0.254441  0.967088  
0.165681  0.986179  
0.127459  0.991844  
0.104616  0.994513  
0.107622  0.994192  
0.22788  0.973689  
0.0776146  0.996983  
0.297388  0.954757  
0.27332  0.961923  
0.260847  0.96538  
0.309016  0.951057  
0.0409329  0.999162  
6.12323e-17  1  
0.0738442  0.99727  
0.206762  0.978391  
0.294479  0.955658  
1.05  4.05881e-11  
0.0921083  0.995749  
0.247949  0.968773  
0.264094  0.964497  
0.174346  0.984684  
0.147576  0.989051  
0.116366  0.993206  
0.234676  0.972074  
0.285511  0.958375  
0.0614253  0.998112  
0.0984392  0.995143  
0.138066  0.990423  
0.190926  0.981604  
0.0517471  0.99866  
0.220961  0.975283  
0.0697661  0.997563  
0.0850179  0.996379  
0.110566  0.993869  
0.12199  0.992531  
0.132823  0.99114  
0.142857  0.989743  
0.152212  0.988348  
0.161252  0.986913  
0.170034  0.985438  
0.186856  0.982387  
0.178611  0.98392  
0.202861  0.979208  
0.194971  0.980809  
0.210348  0.977627  
0.22443  0.97449  
0.217463  0.976069  
0.23128  0.972887  
0.257656  0.966237  
0.238081  0.971245  
0.282472  0.959276  
0.251026  0.96798  
0.113477  0.993541  
0.300348  0.95383  
0.270207  0.962802  
0.306117  0.951994  
0.276363  0.961053  
0.0181634  0.999835  
0.0344676  0.999406  
0.0465174  0.998917  
0.290656  0.956828  
0.0566275  0.998395  
0.0656158  0.997845  
0.0885954  0.996068  
0.0814054  0.996681  
0.101582  0.994827  
0.212193  0.977228  
0.222724  0.974882  
0.204822  0.978799  
0.200919  0.979608  
0.196959  0.980412  
0.180639  0.983549  
0.19292  0.981214  
0.188892  0.981998  
0.176454  0.984309  
0.184798  0.982777  
0.172195  0.985063  
0.159066  0.987268  
0.163488  0.986545  
0.149902  0.988701  
0.167837  0.985815  
0.154517  0.98799  
0.140436  0.99009  
0.145233  0.989397  
0.13015  0.991494  
0.135447  0.990785  
0.124733  0.99219  
0.119191  0.992871  
0.0272862  0.999628  
0.279467  0.960155  
0.0517471  0.99866  
0.0813395  0.996686  
0.291473  0.956579  
0.267143  0.963657  
0.254452  0.967085  
0.198929  0.980014  
0.182734  0.983162  
0.0181811  0.999835  
0.104616  0.994513  
0.0344982  0.999405  
0.303222  0.95292  
0.0776146  0.996983  
0.270263  0.962786  
0.297396  0.954754  
0.273346  0.961916  
0.227881  0.973689  
0.206762  0.978391  
0.170061  0.985433  
0.241365  0.970434  
6.12323e-17  1  
0.0849812  0.996383  
0.309016  0.951057  
0.294486  0.955656  
0.260858  0.965377  
0.21393  0.976849  
1.05  4.05881e-11  
0.231301  0.972882  
0.285511  0.958376  
0.0409383  0.999162  
0.0921083  0.995749  
0.224446  0.974487  
0.174349  0.984684  
0.147581  0.98905  
0.238028  0.971258  
0.127461  0.991844  
0.234685  0.972072  
0.0614253  0.998112  
0.116366  0.993206  
0.300346  0.95383  
0.165689  0.986178  
0.156783  0.987633  
0.138066  0.990423  
0.190927  0.981604  
0.220964  0.975282  
0.247966  0.968769  
0.0697714  0.997563  
0.0984642  0.995141  
0.110568  0.993869  
0.0656567  0.997842  
0.121979  0.992533  
0.132817  0.991141  
0.142863  0.989742  
0.088575  0.99607  
0.152217  0.988347  
0.161267  0.986911  
0.186856  0.982387  
0.178571  0.983927  
0.19495  0.980813  
0.202866  0.979207  
0.210359  0.977624  
0.217462  0.976069  
0.244669  0.969607  
0.257662  0.966235  
0.251216  0.967931  
0.264027  0.964515  
0.306149  0.951984  
0.276452  0.961028  
0.282515  0.959263  
0.288527  0.957472  
0.0465021  0.998918  
0.0567002  0.998391  
0.0737393  0.997278  
0.101566  0.994829  
0.0953119  0.995447  
0.113485  0.99354  
0.107617  0.994192  
0.0737384  0.997278  
0.204811  0.978802  
0.101557  0.99483  
0.222728  0.974881  
0.0272917  0.999628  
0.0465053  0.998918  
0.180653  0.983547  
0.0181913  0.999835  
0.145246  0.989396  
0.194949  0.980813  
0.077615  0.996983  
0.254453  0.967085  
0.178569  0.983927  
0.196956  0.980412  
0.0813898  0.996682  
0.11057  0.993868  
0.135462  0.990783  
0.0850234  0.996379  
0.241377  0.970431  
0.107616  0.994192  
0.206763  0.978391  
1.05  4.05881e-11  
0.170047  0.985436  
0.159032  0.987273  
0.124737  0.99219  
0.285512  0.958375  
0.306138  0.951987  
0.294463  0.955663  
0.116365  0.993207  
0.212121  0.977243  
0.130154  0.991494  
0.1848  0.982776  
0.244676  0.969605  
0.149902  0.988701  
0.0566998  0.998391  
0.154504  0.987992  
0.291469  0.95658  
0.0409546  0.999161  
0.276413  0.961039  
0.270253  0.962789  
0.300324  0.953837  
0.264007  0.964521  
0.279457  0.960158  
0.165689  0.986178  
6.12323e-17  1  
0.273341  0.961917  
0.163486  0.986546  
0.224437  0.974489  
0.238036  0.971256  
0.192946  0.981209  
0.282491  0.95927  
0.0517508  0.99866  
0.0953207  0.995447  
0.0921083  0.995749  
0.303238  0.952915  
0.0656567  0.997842  
0.202866  0.979207  
0.2009  0.979612  
0.104616  0.994513  
0.156783  0.987633  
0.098473  0.99514  
0.231293  0.972884  
0.267142  0.963657  
0.257663  0.966235  
0.210359  0.977624  
0.172201  0.985062  
0.297396  0.954754  
0.113485  0.99354  
0.161267  0.986911  
0.234685  0.972072  
0.147581  0.98905  
0.288494  0.957482  
0.251216  0.967931  
0.138066  0.990423  
0.24796  0.96877  
0.0345014  0.999405  
0.132817  0.991141  
0.217462  0.976069  
0.220964  0.975282  
0.176468  0.984306  
0.186856  0.982387  
0.127461  0.991844  
0.140474  0.990084  
0.119191  0.992871  
0.227881  0.973689  
0.0885945  0.996068  
0.260857  0.965378  
0.152217  0.988347  
0.121979  0.992533  
0.188892  0.981998  
0.167877  0.985808  
0.142863  0.989742  
0.174349  0.984684  
0.0614253  0.998112  
0.0697714  0.997563  
0.198929  0.980014  
0.182734  0.983162  
0.309016  0.951057  
0.21393  0.976849  
0.190927  0.981604  
0.182732  0.983163  
6.12323e-17  1  
0.0176098  0.999845  
0.209236  0.977865  
0.107612  0.994193  
0.130081  0.991503  
0.0334614  0.99944  
0.235891  0.971779  
0.216632  0.976253  
0.101524  0.994833  
0.0509877  0.998699  
0.23005  0.973179  
0.132702  0.991156  
0.0849244  0.996387  
0.27025  0.96279  
0.202152  0.979354  
0.260838  0.965382  
0.142776  0.989755  
0.174346  0.984685  
0.282493  0.959269  
0.149897  0.988702  
0.254503  0.967072  
0.104592  0.994515  
0.276413  0.961039  
0.199891  0.979818  
0.124736  0.99219  
0.127419  0.991849  
0.163486  0.986546  
0.29148  0.956577  
0.238865  0.971053  
0.113476  0.993541  
0.227293  0.973826  
0.221891  0.975071  
0.178567  0.983928  
0.285502  0.958378  
0.195425  0.980719  
0.172201  0.985062  
0.0398532  0.999206  
0.248134  0.968726  
0.154504  0.987992  
0.159027  0.987274  
0.180653  0.983547  
0.156774  0.987634  
0.167877  0.985808  
0.232979  0.972482  
0.303238  0.952915  
0.152209  0.988348  
0.300324  0.953837  
0.241864  0.97031  
0.306134  0.951988  
0.0262867  0.999654  
0.135291  0.990806  
0.0735907  0.997289  
0.288498  0.95748  
0.19765  0.980273  
0.204511  0.978864  
0.0984088  0.995146  
0.219251  0.975668  
0.273341  0.961917  
0.170047  0.985436  
0.11057  0.993868  
0.140332  0.990104  
0.137831  0.990456  
0.267132  0.96366  
0.257683  0.96623  
0.193232  0.981153  
0.251294  0.967911  
0.14518  0.989405  
0.116343  0.993209  
0.0884501  0.996081  
0.19109  0.981573  
0.18687  0.982385  
0.263995  0.964524  
0.161267  0.986911  
0.077481  0.996994  
0.184804  0.982775  
0.119175  0.992873  
0.0812512  0.996694  
0.176468  0.984306  
0.309016  0.951057  
0.188978  0.981981  
0.0558977  0.998437  
0.121968  0.992534  
0.0918475  0.995773  
0.279465  0.960156  
0.206846  0.978374  
0.294436  0.955671  
0.165689  0.986178  
0.147552  0.989054  
0.0694564  0.997585  
0.297396  0.954754  
0.211645  0.977347  
0.0606859  0.998157  
1.05  4.05881e-11  
0.224608  0.974449  
0.0456716  0.998957  
0.244944  0.969537  
0.214094  0.976813  
0.0951753  0.995461  
0.065199  0.997872  
0.132652  0.991163  
6.12323e-17  1  
0.0173178  0.99985  
0.121958  0.992535  
0.0648618  0.997894  
0.0691527  0.997606  
0.0508011  0.998709  
0.0395549  0.999217  
0.098347  0.995152  
0.15903  0.987274  
0.0331799  0.999449  
0.0557078  0.998447  
0.309016  0.951057  
0.154504  0.987992  
0.267142  0.963657  
0.0847256  0.996404  
0.0883009  0.996094  
0.254705  0.967019  
0.0917518  0.995782  
0.152209  0.988348  
0.167875  0.985808  
0.107583  0.994196  
0.2124  0.977183  
0.270249  0.962791  
0.184888  0.98276  
0.300324  0.953837  
0.149889  0.988703  
0.137752  0.990467  
0.242549  0.970139  
0.222695  0.974888  
0.174338  0.984686  
0.279465  0.960156  
0.294445  0.955668  
0.214928  0.97663  
0.191294  0.981533  
0.207495  0.978236  
0.1475  0.989062  
0.0950895  0.995469  
0.264023  0.964516  
0.110552  0.99387  
0.127406  0.991851  
0.285502  0.958378  
0.193498  0.981101  
0.198059  0.98019  
0.25776  0.966209  
0.233837  0.972276  
0.239575  0.970878  
0.217515  0.976057  
0.189121  0.981954  
1.05  4.05881e-11  
0.0259882  0.999662  
0.130055  0.991507  
0.0772078  0.997015  
0.245588  0.969374  
0.282493  0.959269  
0.186999  0.98236  
0.142726  0.989762  
0.119175  0.992873  
0.260898  0.965366  
0.248634  0.968598  
0.161266  0.986911  
0.220041  0.975491  
0.205015  0.978759  
0.170045  0.985436  
0.29148  0.956577  
0.182801  0.98315  
0.225471  0.97425  
0.172201  0.985062  
0.236726  0.971576  
0.101481  0.994837  
0.276413  0.961039  
0.231053  0.972941  
0.124711  0.992193  
0.228222  0.973609  
0.163486  0.986546  
0.202696  0.979242  
0.297396  0.954754  
0.306134  0.951988  
0.156774  0.987634  
0.251663  0.967815  
0.180696  0.983539  
0.288498  0.95748  
0.19577  0.98065  
0.104561  0.994519  
0.273341  0.961917  
0.140235  0.990118  
0.176462  0.984307  
0.209932  0.977716  
0.178592  0.983923  
0.145143  0.989411  
0.303238  0.952915  
0.135217  0.990816  
0.20039  0.979716  
0.045384  0.99897  
0.165689  0.986178  
0.116344  0.993209  
0.0732635  0.997313  
0.0604291  0.998172  
0.113476  0.993541  
0.0810579  0.996709  
0.189435  0.981893  
6.12323e-17  1  
0.0172397  0.999851  
0.0915374  0.995802  
0.260998  0.965339  
0.14747  0.989067  
0.0451005  0.998982  
0.297396  0.954754  
0.0770407  0.997028  
0.309016  0.951057  
0.0730483  0.997328  
0.101401  0.994846  
0.165689  0.986178  
0.170045  0.985436  
0.121897  0.992543  
0.094933  0.995484  
0.276413  0.961039  
0.163486  0.986546  
0.288498  0.95748  
0.113467  0.993542  
0.135171  0.990822  
0.172201  0.985062  
0.104507  0.994524  
0.0808472  0.996727  
0.174344  0.984685  
0.285504  0.958377  
0.145068  0.989422  
0.218152  0.975915  
0.0553461  0.998467  
0.137704  0.990473  
0.29148  0.956577  
0.140194  0.990124  
0.300324  0.953837  
0.273341  0.961917  
0.152175  0.988354  
0.154484  0.987995  
0.161266  0.986911  
0.149834  0.988711  
0.0880824  0.996113  
0.167875  0.985808  
0.0600763  0.998194  
0.254872  0.966975  
0.124626  0.992204  
0.21551  0.976502  
0.257955  0.966157  
0.176472  0.984306  
0.21294  0.977065  
0.18724  0.982314  
0.198409  0.980119  
0.0329298  0.999458  
0.129991  0.991515  
0.182897  0.983132  
0.0646115  0.99791  
0.127343  0.991859  
0.132609  0.991168  
0.203131  0.979152  
0.306134  0.951988  
0.248802  0.968554  
0.180711  0.983536  
0.185062  0.982727  
0.178601  0.983922  
0.228824  0.973468  
0.0689594  0.997619  
0.220796  0.97532  
0.223482  0.974708  
0.242976  0.970032  
0.0845473  0.996419  
0.15677  0.987635  
0.210382  0.977619  
0.245882  0.9693  
0.15903  0.987274  
0.116338  0.99321  
0.110541  0.993872  
0.200797  0.979633  
0.207953  0.978139  
0.0503816  0.99873  
0.0258841  0.999665  
0.237267  0.971444  
0.251854  0.967765  
0.205546  0.978647  
0.282493  0.959269  
0.264115  0.964491  
0.267211  0.963638  
0.279465  0.960156  
0.270249  0.962791  
0.119144  0.992877  
0.234412  0.972137  
0.294445  0.955668  
0.193867  0.981028  
0.107548  0.9942  
1.05  4.05881e-11  
0.226103  0.974103  
0.19163  0.981467  
0.196105  0.980583  
0.303238  0.952915  
0.0981928  0.995167  
0.231599  0.972811  
0.0392594  0.999229  
0.142653  0.989773  
0.240173  0.97073  
0.191946  0.981405  
6.12323e-17  1  
0.0327702  0.999463  
0.279465  0.960156  
0.0767652  0.997049  
0.0447478  0.998998  
0.0390495  0.999237  
0.246409  0.969166  
0.216179  0.976354  
0.11629  0.993215  
0.176532  0.984295  
0.110472  0.993879  
0.234962  0.972005  
0.252253  0.967661  
0.213646  0.976911  
0.087876  0.996131  
0.0842735  0.996443  
0.306134  0.951988  
0.124618  0.992205  
0.10124  0.994862  
0.107449  0.994211  
0.1044  0.994535  
0.142615  0.989778  
0.113411  0.993548  
0.121902  0.992542  
0.264193  0.96447  
0.119117  0.99288  
0.187457  0.982273  
0.132574  0.991173  
0.129973  0.991517  
0.267275  0.96362  
0.270327  0.962769  
0.258149  0.966105  
0.154478  0.987996  
0.218746  0.975782  
0.309016  0.951057  
0.229458  0.973319  
0.174358  0.984682  
0.185267  0.982688  
0.149822  0.988713  
0.172211  0.98506  
0.159027  0.987274  
0.170045  0.985436  
0.165688  0.986178  
0.145034  0.989427  
0.178685  0.983906  
0.180853  0.98351  
0.163486  0.986546  
0.288498  0.95748  
0.208609  0.977999  
0.0256292  0.999672  
0.203762  0.97902  
0.0551154  0.99848  
0.226753  0.973952  
0.0806049  0.996746  
0.135139  0.990827  
0.161266  0.986911  
0.0948004  0.995496  
0.237733  0.97133  
0.127323  0.991861  
0.147456  0.989069  
0.206183  0.978513  
0.0500794  0.998745  
0.137662  0.990479  
0.300324  0.953837  
0.273391  0.961903  
0.196623  0.980479  
0.224011  0.974587  
0.29148  0.956577  
0.221372  0.975189  
0.294445  0.955668  
0.232246  0.972657  
0.183028  0.983108  
0.194257  0.980951  
0.249243  0.968441  
0.297396  0.954754  
0.189711  0.98184  
0.255183  0.966893  
0.152159  0.988356  
0.276435  0.961032  
0.21108  0.977469  
0.201361  0.979517  
0.243502  0.9699  
0.140167  0.990128  
0.199058  0.979988  
0.261212  0.965282  
1.05  4.05881e-11  
0.282493  0.959269  
0.285504  0.958377  
0.156767  0.987636  
0.167875  0.985808  
0.240586  0.970628  
0.0727801  0.997348  
0.0598173  0.998209  
0.0913796  0.995816  
0.303238  0.952915  
0.0170712  0.999854  
0.0686132  0.997643  
0.0643635  0.997927  
0.0980685  0.99518  
0.21408  0.976816  
6.12323e-17  1  
0.142608  0.989779  
0.119082  0.992884  
0.0255692  0.999673  
0.0389398  0.999242  
0.059576  0.998224  
0.101143  0.994872  
0.0446397  0.999003  
0.0170575  0.999855  
0.0499733  0.998751  
0.285504  0.958377  
0.0684241  0.997656  
0.306134  0.951988  
0.0640986  0.997944  
0.264409  0.964411  
0.127267  0.991868  
0.147438  0.989071  
0.107364  0.99422  
0.15215  0.988357  
0.137632  0.990483  
0.104294  0.994547  
0.113375  0.993552  
0.309016  0.951057  
0.116236  0.993222  
0.22193  0.975063  
0.145033  0.989427  
0.232651  0.97256  
0.159027  0.987274  
0.135122  0.990829  
0.246728  0.969085  
0.129928  0.991523  
0.163484  0.986546  
0.140134  0.990132  
0.124569  0.992211  
0.14981  0.988715  
0.229923  0.973209  
1.05  4.05881e-11  
0.224569  0.974458  
0.211583  0.97736  
0.091199  0.995833  
0.167875  0.985808  
0.25848  0.966017  
0.178853  0.983876  
0.165688  0.986178  
0.174405  0.984674  
0.194662  0.98087  
0.19933  0.979932  
0.170049  0.985436  
0.183246  0.983067  
0.0841451  0.996454  
0.176609  0.984281  
0.255494  0.966811  
0.24107  0.970508  
0.300324  0.953837  
0.235435  0.97189  
0.227252  0.973836  
0.216605  0.976259  
0.121857  0.992548  
0.20174  0.979439  
0.270413  0.962745  
0.206579  0.97843  
0.196943  0.980415  
0.24387  0.969808  
0.154464  0.987998  
0.288501  0.957479  
0.238223  0.97121  
0.192329  0.98133  
0.219291  0.97566  
0.279468  0.960155  
0.161266  0.986911  
0.294445  0.955668  
0.0978685  0.995199  
0.181034  0.983477  
0.282493  0.959269  
0.261451  0.965217  
0.249648  0.968337  
0.18548  0.982648  
0.156755  0.987638  
0.204157  0.978938  
0.0946046  0.995515  
0.209063  0.977902  
0.189996  0.981785  
0.303238  0.952915  
0.276454  0.961027  
0.273439  0.961889  
0.187745  0.982218  
0.252539  0.967587  
0.267396  0.963587  
0.297396  0.954754  
0.110416  0.993885  
0.0726443  0.997358  
0.29148  0.956577  
0.0766237  0.99706  
0.132542  0.991177  
0.0549038  0.998492  
0.172225  0.985058  
0.0804359  0.99676  
0.0877139  0.996146  
0.0326364  0.999467  
