0.96401  0.0433183  0.262312  
0.656209  0.608457  0.446285  
0.189468  0.0940273  1.53241  
0.193841  0.443987  2.18257  
0.484394  0.814744  0.318677  
0.51759  0.514961  0.683313  
0.204338  1.47767  3.09232  
0.971188  0.0348609  0.235753  
0.946568  0.146925  0.287092  
1.13659  2.55939  3.75307  
0.313164  0.659489  2.32833  
0.223079  0.0104941  1.74433  
0.858885  0.458924  2.59455  
0.176381  0.195023  1.75878  
0.439575  0.682455  0.583977  
1.42543  0.395354  3.05307  
0.0570058  0.248693  1.73633  
0.635855  0.553439  0.537954  
0.200787  0.818754  0.537891  
0.220756  0.362092  2.01006  
0.894429  0.136469  0.42588  
0.856202  0.493186  0.153902  
0.0851844  0.0706673  1.4506  
0.62338  0.466742  0.627335  
1.12273  1.23398  2.95909  
0.330847  0.597177  2.22986  
1.53805  2.20452  3.36514  
0.204749  0.812812  0.545358  
1.51323  1.57152  3.44545  
0.779021  0.621399  0.0835987  
0.871789  0.252404  0.419853  
0.619622  0.898851  2.73307  
0.108419  0.582796  2.28552  
2.73084  0.0534364  3.34202  
1.34677  0.735806  3.13514  
1.70647  0.244186  3.17907  
0.573262  0.667298  0.475483  
1.06407  0.154244  2.98826  
0.28623  0.812563  0.507754  
1.12596  0.107292  2.83992  
1.78975  1.40404  3.22862  
1.84688  2.60216  3.49289  
0.919724  0.291189  0.26328  
1.23616  0.0390173  2.78593  
0.00327893  0.00517105  1.03098  
0.613304  1.27708  2.90981  
0.00382295  0.0156524  1.06792  
0.160276  0.891765  0.423164  
0.239768  0.91316  0.329622  
0.46492  0.725755  2.29993  
1.95846  2.09549  3.28178  
1.38864  0.070589  2.67307  
0.912378  0.326582  0.246799  
0.0254398  0.021858  1.14042  
0.439799  0.0931243  2.02622  
0.830074  0.497412  0.252108  
0.601866  0.767341  0.221234  
1.52855  1.35714  3.10599  
0.00121861  0.000532941  1.00704  
0.228817  0.255238  1.88984  
2.38185  1.89538  3.38866  
0.896596  0.119764  2.46264  
2.74466  1.86298  3.63927  
1.58776  0.827856  2.75732  
0.884791  0.385268  0.262131  
0.063846  0.893174  0.445156  
1.66862  0.630389  3.03643  
0.774463  0.495539  0.393253  
0.822097  0.547195  0.157271  
0.111856  0.00205997  1.39317  
0.632252  2.68319  3.03155  
0.949322  0.0470527  0.310764  
0.23546  0.473261  2.15016  
0.838199  0.0271359  0.544689  
2.41471  1.50711  3.36728  
0.366183  0.928161  0.0665366  
0.861049  0.33409  0.383378  
0.355223  0.0345124  2.00355  
0.893635  0.303776  0.330357  
0.880386  0.515904  2.71104  
0.357611  0.901382  0.244184  
0.556288  0.234905  2.4008  
0.0436397  0.0618401  1.30783  
0.883436  1.07988  3.04116  
0.727941  0.0881327  0.679952  
0.627388  2.16206  3.50707  
0.995212  0.029401  0.0932162  
0.823907  0.519264  0.227027  
1.22197  0.0731549  2.97264  
0.527235  0.712307  0.463295  
0.897295  0.405873  0.173579  
0.404099  0.629361  2.37291  
0.802142  0.570361  0.176797  
2.10665  0.219085  2.87092  
0.00591998  0.0407999  1.15787  
0.622015  0.609827  0.491131  
0.0170669  0.0333329  1.14911  
0.214721  1.86471  2.86466  
0.828848  0.346996  2.76662  
0.998551  2.57407  3.27153  
1  0  4.43637e-17  
0.676001  0.393918  0.622778  
0.523801  0.717836  0.458631  
0.334528  0.817258  0.469234  
0.387478  0.687697  0.613949  
0.179988  0.983669  5.30176e-17  
0.312035  0.897421  0.311882  
0.847988  0.450162  0.279769  
4.82232e-17  0.787545  0.616257  
0.269068  0.963121  2.68594e-17  
0.819454  0.405857  0.404691  
0.701114  0.634613  0.325124  
0.937156  0.252681  0.240608  
0.291743  0.791875  0.536489  
0.383638  0.843812  0.375236  
0.56934  0.419347  0.707107  
0.458443  0.778963  0.427839  
0.708381  0.276633  0.649362  
0.904088  0.300326  0.304022  
0.526147  0.565665  0.634974  
0.613338  0.451663  0.647933  
0.622227  0.669837  0.405157  
0.634961  0.772544  0  
0.603765  0.368059  0.707107  
0.797707  0.326454  0.507042  
0.592872  0.53708  0.60004  
0.397048  0.917798  7.36439e-17  
0.155251  0.689853  0.707107  
0.891215  0  0.453581  
0.554304  0.832314  0  
0.63505  0.310986  0.707107  
0.509743  0.860327  3.36142e-17  
0.834854  0  0.550472  
0.401857  0.581817  0.707107  
0.707107  0  0.707107  
4.32978e-17  0.707107  0.707107  
0.797398  0.509389  0.323542  
0.254355  0.870575  0.421192  
0.35119  0.613731  0.707106  
0.759434  0.586129  0.282336  
0.800523  0.599301  2.68594e-17  
0.498136  0.645849  0.578567  
0.955375  0.295395  3.36142e-17  
0.426664  0.735604  0.52616  
0.850816  0.280845  0.444115  
0.531571  0.466296  0.707107  
0.244536  0.933006  0.26401  
0.232213  0.66789  0.707107  
0.545845  0.789237  0.281351  
0.856288  0.516499  7.36439e-17  
0.687685  0.16459  0.707107  
0.863923  0  0.503623  
0.278164  0.755744  0.592855  
0.983702  0  0.179804  
5.0446e-17  0.823845  0.566815  
5.63827e-17  0.920799  0.390037  
0.916772  0  0.399412  
0.491156  0.50869  0.707107  
0.448463  0.5467  0.707107  
4.58295e-17  0.748452  0.663189  
0.264014  0.7097  0.653164  
0.758713  0.294903  0.580849  
0.775346  0  0.631537  
0.9774  0.211399  0  
0.742086  0  0.670305  
0.72322  0.416694  0.550744  
0.963324  0  0.268341  
0.82913  0.559056  7.36439e-17  
0.656093  0.699429  0.283446  
0.337382  0.941368  7.36439e-17  
0.770522  0.637414  3.44728e-17  
6.12323e-17  7.655e-22  1  
0.609869  0.593634  0.525031  
5.24625e-17  0.856778  0.515685  
0.706335  0.707878  3.36142e-17  
0.907382  0.420306  7.36439e-17  
0.662986  0.245865  0.707107  
0.561418  0.659758  0.49953  
5.4496e-17  0.889987  0.455986  
0.941128  0  0.338051  
0.68358  0.506574  0.525454  
0.870955  0.352401  0.342419  
0.420302  0.871633  0.252194  
5.81379e-17  0.949463  0.313878  
0.295367  0.642463  0.707106  
0.762159  0.456174  0.459368  
0.805853  0  0.592116  
0.732669  0.545202  0.407371  
0.670062  0.585145  0.456753  
6.12323e-17  1  0  
0.582686  0.739611  0.336828  
0.671847  0.74069  0  
0.480963  0.820542  0.308844  
0.930375  0.36661  4.43637e-17  
0.595927  0.803038  0  
5.96896e-17  0.974805  0.223057  
0.430309  0.62077  0.655346  
0.882046  0.471163  7.36439e-17  
0.456293  0.889829  0  
0.738938  0.673773  3.44728e-17  
1  0  4.43637e-17  
0.425749  0.735993  0.526357  
0.244032  0.933204  0.263779  
0.70136  0.634485  0.324844  
5.81493e-17  0.949649  0.313315  
0.404287  0.580131  0.707107  
0.2759  0.756176  0.593361  
0.47899  0.821443  0.309515  
0.457867  0.779231  0.427968  
0.636084  0.308865  0.707107  
0.291008  0.791789  0.537014  
5.4503e-17  0.890102  0.455761  
0.604979  0.36606  0.707107  
0.297146  0.641642  0.707107  
0.263215  0.709845  0.653328  
0.523666  0.717847  0.45877  
0.85108  0.280176  0.444032  
0.941758  0  0.33629  
0.494071  0.50586  0.707107  
5.24629e-17  0.856784  0.515676  
0.594724  0.80393  0  
0.770934  0.636916  0  
0.864287  0  0.502999  
0.963695  0  0.267007  
0.871798  0.350187  0.342545  
0.571125  0.416913  0.707107  
0.336266  0.941767  7.36439e-17  
0.544502  0.789942  0.281972  
0.759939  0.585107  0.283095  
0.382789  0.844008  0.375663  
0.682508  0.506832  0.526597  
0.7323  0.544872  0.408475  
0.738834  0.673888  0  
0.669383  0.585992  0.456661  
0.84842  0.449203  0.280002  
0.937669  0.251448  0.239896  
4.32978e-17  0.707107  0.707107  
0.688008  0.163233  0.707107  
4.82155e-17  0.787419  0.616418  
0.312141  0.897295  0.312138  
0.268063  0.963401  2.68594e-17  
0.983944  0  0.178478  
0.955938  0.293569  3.36142e-17  
5.96944e-17  0.974884  0.222714  
0.917485  0  0.39777  
0.977698  0.210016  0  
0.156507  0.689569  0.707107  
0.7978  0.50853  0.323902  
0.655549  0.699618  0.284238  
0.801099  0.598532  0  
0.552999  0.833182  0  
0.333732  0.817519  0.469345  
0.352787  0.612814  0.707107  
0.396214  0.918158  3.44728e-17  
5.04338e-17  0.823646  0.567104  
0.675346  0.393536  0.623729  
0.908721  0.417404  7.36439e-17  
0.883815  0.467836  3.36142e-17  
0.233632  0.667395  0.707107  
0.454383  0.890807  3.44728e-17  
0.386415  0.688419  0.61381  
4.58304e-17  0.748467  0.663172  
0.722683  0.416619  0.551505  
0.819739  0.404709  0.405263  
0.621748  0.670113  0.405436  
0.592069  0.536761  0.601118  
0.708459  0.276432  0.649362  
0.830015  0.557741  7.36439e-17  
0.451011  0.5446  0.707107  
0.931318  0.364208  7.36439e-17  
0.762069  0.455697  0.459991  
0.613103  0.451942  0.647961  
0.775461  0  0.631396  
0.497068  0.646378  0.578895  
0.179702  0.983721  7.36439e-17  
0.428345  0.621975  0.65549  
0.797736  0.32577  0.507436  
0.560622  0.659585  0.50065  
0.707107  0  0.707107  
0.857583  0.514346  7.36439e-17  
6.12323e-17  7.655e-22  1  
0.670795  0.741643  0  
0.634076  0.773271  2.68594e-17  
0.806142  0  0.591723  
0.70574  0.708471  3.44728e-17  
0.253899  0.870708  0.421192  
0.533945  0.463576  0.707107  
0.8916  0  0.452824  
0.419577  0.871898  0.252485  
6.12323e-17  1  0  
0.608672  0.593675  0.526373  
0.508365  0.861142  0  
0.663858  0.243501  0.707107  
0.758664  0.294771  0.580981  
0.581649  0.740449  0.336778  
5.63827e-17  0.920799  0.390037  
0.742086  0  0.670305  
0.524351  0.566505  0.63571  
0.904729  0.297827  0.304573  
0.835329  0  0.549751  
1  0  4.43637e-17  
0.797556  0.508374  0.324747  
0.682131  0.506899  0.527021  
0.354438  0.611861  0.707107  
0.605461  0.365263  0.707107  
0.738803  0.673921  0  
0.523942  0.566884  0.63571  
0.571508  0.416387  0.707107  
0.405654  0.579176  0.707107  
0.297859  0.641311  0.707107  
0.835765  0  0.549088  
0.290638  0.791768  0.537245  
5.45128e-17  0.890261  0.455451  
0.452078  0.543714  0.707107  
0.664036  0.243013  0.707107  
0.621434  0.670116  0.405912  
0.688008  0.163233  0.707107  
0.705648  0.708562  3.44728e-17  
0.608259  0.593505  0.527042  
0.275796  0.756138  0.593458  
0.633665  0.773607  3.44728e-17  
0.253053  0.870954  0.421192  
0.89217  0  0.451699  
0.76186  0.455572  0.460461  
0.425315  0.736245  0.526355  
0.61284  0.452129  0.648079  
0.332198  0.817828  0.469896  
0.178899  0.983867  7.36439e-17  
0.904744  0.297773  0.304582  
0.850981  0.28013  0.444251  
5.6389e-17  0.920903  0.389792  
0.507764  0.861496  4.43637e-17  
0.830159  0.557527  0  
0.941992  0  0.335635  
0.311011  0.897687  0.312138  
0.864701  0  0.502287  
0.267305  0.963612  2.68594e-17  
0.494898  0.50505  0.707107  
0.496307  0.646954  0.578904  
0.857905  0.513808  3.36142e-17  
0.552302  0.833644  3.36142e-17  
0.732171  0.544776  0.408834  
0.707107  0  0.707107  
0.655197  0.699886  0.284389  
0.722594  0.416567  0.551662  
5.24652e-17  0.856822  0.515612  
0.797722  0.325805  0.507436  
5.81491e-17  0.949647  0.313323  
0.937827  0.25068  0.240085  
0.931454  0.363859  3.36142e-17  
4.82155e-17  0.787419  0.616418  
0.806271  0  0.591546  
4.32978e-17  0.707107  0.707107  
0.977698  0.210016  0  
0.98398  0  0.178278  
0.591388  0.536927  0.601639  
0.963839  0  0.266485  
0.560092  0.659787  0.500977  
0.523441  0.718  0.458786  
0.669199  0.5859  0.457049  
0.775568  0  0.631264  
0.884244  0.467025  3.36142e-17  
0.478828  0.821538  0.309515  
0.544507  0.790011  0.281771  
0.45406  0.890971  3.44728e-17  
0.594145  0.804358  3.44728e-17  
0.758665  0.294767  0.580981  
0.456923  0.779616  0.428277  
0.156729  0.689519  0.707107  
0.33526  0.942125  4.43637e-17  
0.385744  0.688795  0.61381  
0.243284  0.933389  0.263814  
0.90899  0.416817  3.36142e-17  
0.419002  0.872272  0.252149  
0.234312  0.667157  0.707107  
0.819791  0.404735  0.405132  
0.917802  0  0.397038  
0.770861  0.637003  3.44728e-17  
0.395431  0.918496  3.44728e-17  
0.84844  0.449162  0.280007  
0.708528  0.276255  0.649362  
0.871713  0.350112  0.342838  
5.96981e-17  0.974944  0.22245  
0.74221  0  0.670167  
0.534792  0.462599  0.707107  
5.04353e-17  0.823672  0.567067  
0.70127  0.634584  0.324844  
0.636263  0.308495  0.707107  
4.58304e-17  0.748467  0.663172  
6.12323e-17  1  0  
0.381954  0.844386  0.375663  
0.670716  0.741714  0  
0.581099  0.740881  0.336778  
6.12323e-17  7.655e-22  1  
0.427791  0.622356  0.65549  
0.956011  0.293332  3.36142e-17  
0.262668  0.710048  0.653328  
0.759952  0.58509  0.283095  
0.801253  0.598325  0  
0.675409  0.393427  0.623729  
1  0  4.43637e-17  
0.385378  0.689001  0.613809  
0.406007  0.578928  0.707107  
0.904826  0.297277  0.304822  
0.495438  0.50452  0.707107  
0.551789  0.833984  3.44728e-17  
0.722315  0.416633  0.551976  
0.355196  0.611421  0.707107  
0.688124  0.162741  0.707107  
5.24696e-17  0.856893  0.515495  
0.636688  0.307617  0.707107  
0.931518  0.363695  3.36142e-17  
0.581056  0.740826  0.336973  
0.848602  0.448868  0.279988  
5.81539e-17  0.949726  0.313083  
0.522909  0.718202  0.459078  
0.963849  0  0.266449  
0.310729  0.897754  0.312227  
4.32978e-17  0.707107  0.707107  
0.559927  0.660046  0.500821  
0.937881  0.250695  0.239856  
0.664137  0.242739  0.707107  
0.977739  0.209823  3.36142e-17  
0.707107  0  0.707107  
0.456748  0.779718  0.428277  
0.858096  0.51349  4.43637e-17  
0.535235  0.462086  0.707107  
0.797745  0.325442  0.507632  
0.507345  0.861743  3.44728e-17  
0.701159  0.634509  0.325229  
0.851083  0.280155  0.444039  
0.235042  0.6669  0.707107  
0.593833  0.804589  3.44728e-17  
0.426965  0.622872  0.655539  
0.290468  0.791778  0.537323  
0.275335  0.756306  0.593458  
0.797794  0.508056  0.324659  
0.418838  0.872351  0.252149  
0.605552  0.365111  0.707107  
0.819806  0.404471  0.405367  
0.395336  0.918537  4.43637e-17  
0.98401  0  0.178116  
0.759989  0.584935  0.283316  
0.738755  0.673974  0  
0.668835  0.586311  0.457054  
0.60794  0.593759  0.527123  
0.830358  0.55723  4.43637e-17  
0.892315  0  0.451414  
0.675197  0.393436  0.623953  
0.332198  0.817828  0.469896  
0.453537  0.891238  0  
0.909093  0.416593  3.36142e-17  
0.621144  0.670385  0.405912  
0.705492  0.708718  4.43637e-17  
0.299068  0.640748  0.707107  
0.425073  0.736385  0.526355  
0.262369  0.710095  0.653398  
0.956095  0.293056  3.36142e-17  
0.758647  0.294814  0.580981  
0.708608  0.276051  0.649362  
0.670112  0.74226  4.43637e-17  
0.884424  0.466685  4.43637e-17  
0.571722  0.416093  0.707107  
5.45093e-17  0.890204  0.455562  
0.612632  0.452556  0.647978  
0.65501  0.699953  0.284656  
4.82164e-17  0.787434  0.616399  
5.63936e-17  0.920977  0.389617  
5.97016e-17  0.975  0.222204  
0.157365  0.689374  0.707107  
0.835921  0  0.54885  
0.253053  0.870954  0.421192  
0.243051  0.93345  0.263814  
0.775852  0  0.630915  
0.544095  0.790295  0.281771  
0.801351  0.598195  0  
0.682131  0.506899  0.527021  
0.770861  0.637003  3.44728e-17  
0.742373  0  0.669987  
0.633349  0.773867  3.44728e-17  
0.76186  0.455572  0.460461  
0.452697  0.543199  0.707107  
0.864941  0  0.501874  
0.732139  0.544798  0.408862  
0.871821  0.349903  0.342777  
5.04353e-17  0.823672  0.567067  
0.478674  0.821577  0.309648  
0.33526  0.942125  4.43637e-17  
0.267305  0.963612  2.68594e-17  
6.12323e-17  1  0  
0.381725  0.84439  0.375889  
0.806624  0  0.591065  
0.917879  0  0.396861  
6.12323e-17  7.655e-22  1  
4.58304e-17  0.748467  0.663172  
0.941992  0  0.335635  
0.523649  0.567088  0.63577  
0.178662  0.98391  7.36439e-17  
0.496105  0.647109  0.578904  
0.590946  0.537257  0.601779  
1  0  4.43637e-17  
0.3103  0.897902  0.312227  
0.299644  0.640479  0.707107  
0.63284  0.774283  3.44728e-17  
0.274938  0.75645  0.593458  
0.731997  0.544749  0.409182  
0.54384  0.790426  0.281894  
0.356168  0.610855  0.707107  
0.758643  0.294824  0.580981  
0.722202  0.416829  0.551976  
0.836082  0  0.548605  
0.865156  0  0.501502  
0.681981  0.507101  0.527021  
0.523334  0.567363  0.635783  
0.668747  0.586279  0.457225  
0.535932  0.461278  0.707107  
0.70529  0.708919  4.43637e-17  
0.478255  0.821904  0.309427  
0.395253  0.918572  4.43637e-17  
0.418131  0.872657  0.252263  
5.97018e-17  0.975005  0.222182  
0.157811  0.689272  0.707107  
0.590779  0.537215  0.60198  
0.851106  0.280086  0.444039  
0.942088  0  0.335364  
0.38506  0.689179  0.613809  
5.24696e-17  0.856893  0.515495  
0.57251  0.415008  0.707107  
0.612658  0.452576  0.647939  
0.984025  0  0.178029  
0.426806  0.622975  0.655544  
0.551608  0.834103  4.43637e-17  
0.62091  0.670653  0.405826  
0.45675  0.779722  0.428267  
0.453375  0.542633  0.707107  
0.797761  0.508035  0.324772  
0.606195  0.364043  0.707107  
0.670118  0.742254  3.44728e-17  
0.738746  0.673984  3.44728e-17  
0.580536  0.741147  0.337163  
0.917989  0  0.396605  
0.559749  0.660066  0.500992  
0.59338  0.804923  3.36142e-17  
0.654669  0.700298  0.284592  
0.761815  0.455519  0.460587  
0.892456  0  0.451135  
0.664446  0.241891  0.707107  
0.871944  0.349375  0.343003  
0.675197  0.393436  0.623953  
0.406987  0.57824  0.707107  
0.453537  0.891238  0  
0.85825  0.513232  3.36142e-17  
0.830515  0.556996  3.36142e-17  
0.937956  0.250651  0.23961  
0.25307  0.87101  0.421066  
0.262289  0.710147  0.653373  
5.45117e-17  0.890244  0.455483  
0.977762  0.209717  3.36142e-17  
0.701125  0.634662  0.325005  
0.708608  0.276051  0.649362  
0.801398  0.598131  4.43637e-17  
0.49627  0.503702  0.707107  
5.81564e-17  0.949765  0.312963  
0.235435  0.666761  0.707107  
0.904896  0.296975  0.304908  
0.884513  0.466516  4.43637e-17  
4.32978e-17  0.707107  0.707107  
0.243012  0.93353  0.263568  
0.381676  0.844412  0.375889  
0.797695  0.325503  0.507672  
4.82158e-17  0.787424  0.616412  
0.956117  0.292985  3.36142e-17  
0.332139  0.817852  0.469896  
0.775976  0  0.630762  
0.60794  0.593759  0.527123  
0.335201  0.942147  4.43637e-17  
5.63936e-17  0.920977  0.389617  
0.770861  0.637003  3.44728e-17  
0.963897  0  0.266275  
0.742373  0  0.669987  
0.637056  0.306854  0.707107  
0.424945  0.736437  0.526386  
0.819806  0.404471  0.405367  
0.806834  0  0.590778  
0.290225  0.791896  0.53728  
5.04353e-17  0.823672  0.567067  
0.688291  0.162034  0.707107  
0.522933  0.718235  0.458998  
0.267305  0.963612  2.68594e-17  
6.12323e-17  1  0  
0.495844  0.647195  0.579032  
0.931562  0.363583  3.36142e-17  
0.909168  0.41643  3.36142e-17  
6.12323e-17  7.655e-22  1  
4.58304e-17  0.748467  0.663172  
0.848652  0.448667  0.280156  
0.76008  0.584782  0.283386  
0.178662  0.98391  7.36439e-17  
0.707107  0  0.707107  
0.507076  0.861901  3.44728e-17  
1  0  4.43637e-17  
0.742392  0  0.669965  
0.836135  0  0.548524  
0.937992  0.250515  0.23961  
0.332007  0.817906  0.469896  
0.607761  0.593765  0.527323  
0.931703  0.36322  2.68594e-17  
0.551547  0.834144  4.43637e-17  
0.49675  0.503229  0.707107  
0.236059  0.666541  0.707107  
0.30017  0.640233  0.707107  
0.700933  0.634873  0.325005  
0.956167  0.292823  3.36142e-17  
0.39492  0.918715  3.44728e-17  
0.417928  0.872729  0.252348  
0.668684  0.586351  0.457225  
0.266975  0.963703  4.43637e-17  
0.731993  0.544746  0.409191  
0.157854  0.689262  0.707107  
0.275041  0.756413  0.593458  
0.738586  0.67416  3.44728e-17  
0.252875  0.871067  0.421066  
0.905057  0.296819  0.304583  
4.58321e-17  0.748496  0.66314  
0.3348  0.942289  4.43637e-17  
0.758601  0.29498  0.580958  
0.669884  0.742466  3.44728e-17  
0.830598  0.556873  4.43637e-17  
0.453432  0.891291  0  
0.593375  0.804926  3.36142e-17  
0.456635  0.779847  0.428163  
0.407502  0.577877  0.707107  
4.82181e-17  0.787461  0.616364  
0.381355  0.844556  0.375889  
0.543822  0.790439  0.281894  
0.262137  0.710203  0.653373  
0.892596  0  0.450857  
0.242817  0.933604  0.263485  
0.506977  0.86196  3.44728e-17  
0.918071  0  0.396416  
0.612602  0.452652  0.647939  
0.632921  0.774216  3.44728e-17  
0.70505  0.709158  3.36142e-17  
0.310208  0.897934  0.312227  
0.424858  0.736505  0.526362  
0.495682  0.647234  0.579126  
0.675099  0.393379  0.624095  
0.637159  0.306641  0.707107  
0.681793  0.507261  0.52711  
0.580587  0.741212  0.336933  
5.24711e-17  0.856918  0.515452  
5.45161e-17  0.890315  0.455345  
0.858477  0.512852  4.43637e-17  
0.606491  0.36355  0.707107  
0.770778  0.637104  4.43637e-17  
0.536047  0.461144  0.707107  
0.801442  0.598072  4.43637e-17  
0.523254  0.567296  0.635909  
0.819816  0.404476  0.405339  
5.04399e-17  0.823745  0.56696  
5.81569e-17  0.949773  0.312938  
0.688376  0.161676  0.707107  
0.884696  0.466169  3.36142e-17  
0.909355  0.41602  3.36142e-17  
0.797724  0.508094  0.324772  
5.64002e-17  0.921085  0.389362  
0.478043  0.822028  0.309427  
0.722202  0.416829  0.551976  
0.572717  0.414723  0.707107  
0.654669  0.700298  0.284592  
0.590628  0.537339  0.602017  
0.776018  0  0.630711  
0.38506  0.689179  0.613809  
0.872022  0.349406  0.342773  
0.977755  0.209752  2.68594e-17  
0.664619  0.241415  0.707107  
0.708556  0.275977  0.649449  
0.55973  0.660044  0.501043  
0.963897  0  0.266275  
0.426729  0.623015  0.655557  
0.760002  0.584722  0.283718  
0.356793  0.610491  0.707107  
5.97018e-17  0.975005  0.222182  
0.806834  0  0.590778  
0.848698  0.448584  0.280149  
0.290202  0.791904  0.53728  
0.62091  0.670653  0.405826  
0.942088  0  0.335364  
0.453894  0.542199  0.707107  
6.12323e-17  1  0  
0.865174  0  0.501471  
0.851106  0.280086  0.444039  
0.984025  0  0.178029  
6.12323e-17  7.655e-22  1  
4.32978e-17  0.707107  0.707107  
0.797695  0.325503  0.507672  
0.522934  0.718236  0.458996  
0.178662  0.98391  7.36439e-17  
0.707107  0  0.707107  
0.761815  0.455519  0.460587  
1  0  4.43637e-17  
0.60673  0.363151  0.707107  
0.70502  0.709188  7.36439e-17  
0.310039  0.897992  0.312227  
0.573136  0.414143  0.707107  
0.407665  0.577762  0.707107  
0.580224  0.741426  0.337086  
0.905036  0.296717  0.304743  
0.300776  0.639948  0.707107  
0.664701  0.241189  0.707107  
0.593098  0.80513  3.36142e-17  
0.477927  0.822089  0.309442  
0.551123  0.834424  4.43637e-17  
0.453231  0.891393  3.44728e-17  
0.688449  0.161363  0.707107  
0.236488  0.666388  0.707107  
0.266826  0.963745  4.43637e-17  
0.384961  0.689234  0.613809  
0.963949  0  0.266087  
0.70094  0.63488  0.324977  
0.76176  0.455612  0.460587  
5.45163e-17  0.890319  0.455337  
0.381346  0.844561  0.375889  
0.938055  0.250395  0.23949  
0.892604  0  0.450842  
0.758578  0.295059  0.580947  
0.63727  0.306409  0.707107  
0.731805  0.54497  0.409229  
0.612586  0.452639  0.647963  
0.654466  0.700506  0.284545  
0.506544  0.862214  4.43637e-17  
5.81588e-17  0.949805  0.312843  
0.394818  0.918759  3.44728e-17  
0.836135  0  0.548524  
0.497015  0.502967  0.707107  
0.620717  0.670832  0.405826  
0.848713  0.448538  0.28018  
0.738519  0.674232  3.44728e-17  
0.984054  0  0.177867  
0.262057  0.71025  0.653354  
0.334697  0.942326  4.43637e-17  
0.536643  0.46045  0.707107  
0.52277  0.718317  0.459057  
0.424822  0.736526  0.526362  
0.242824  0.93363  0.263385  
0.801465  0.598041  4.43637e-17  
0.178551  0.983931  7.36439e-17  
0.607735  0.59374  0.527381  
0.681748  0.507227  0.527201  
0.722091  0.416913  0.552058  
0.456549  0.779897  0.428163  
0.45421  0.541935  0.707107  
0.742477  0  0.669871  
0.523116  0.567423  0.635909  
0.797701  0.508043  0.324908  
0.93171  0.363202  2.68594e-17  
0.417804  0.872788  0.252348  
0.675099  0.393379  0.624095  
0.85117  0.280013  0.443962  
0.632725  0.774377  3.36142e-17  
0.590557  0.537395  0.602037  
0.918149  0  0.396236  
4.82188e-17  0.787472  0.61635  
0.356898  0.610429  0.707107  
0.760033  0.584746  0.283587  
0.66863  0.586434  0.457196  
0.543499  0.790664  0.281887  
0.331917  0.817959  0.469865  
0.158285  0.689163  0.707107  
4.58321e-17  0.748496  0.66314  
0.97781  0.209495  2.68594e-17  
0.884696  0.466169  3.36142e-17  
5.24711e-17  0.856918  0.515452  
0.806891  0  0.5907  
0.275041  0.756413  0.593458  
0.865264  0  0.501316  
0.708556  0.275977  0.649449  
0.776018  0  0.630711  
5.04399e-17  0.823745  0.56696  
0.426729  0.623015  0.655557  
5.64002e-17  0.921085  0.389362  
0.495682  0.647234  0.579126  
0.858438  0.512917  3.44728e-17  
0.909355  0.41602  3.36142e-17  
0.770778  0.637104  4.43637e-17  
0.290202  0.791904  0.53728  
0.559713  0.660059  0.501043  
0.819854  0.404401  0.405339  
0.942156  0  0.335176  
0.252877  0.871089  0.42102  
6.12323e-17  1  0  
5.97018e-17  0.975005  0.222182  
0.872022  0.349406  0.342773  
6.12323e-17  7.655e-22  1  
4.32978e-17  0.707107  0.707107  
0.797695  0.325503  0.507672  
0.830598  0.556873  4.43637e-17  
0.956192  0.292742  2.68594e-17  
0.707107  0  0.707107  
0.669884  0.742466  3.44728e-17  
0.522801  0.567604  0.636007  
0.6649  0.24064  0.707107  
1  0  4.43637e-17  
0.543275  0.790829  0.281855  
0.938062  0.250369  0.23949  
0.761719  0.455579  0.460686  
0.590441  0.537405  0.602142  
0.456356  0.78001  0.428163  
0.797695  0.508082  0.324863  
0.424843  0.736571  0.526281  
0.252772  0.871119  0.42102  
5.24738e-17  0.856963  0.515378  
0.50642  0.862287  4.43637e-17  
0.770753  0.637134  4.43637e-17  
0.334386  0.942436  3.44728e-17  
0.290094  0.791944  0.53728  
0.681662  0.507342  0.527201  
5.64007e-17  0.921093  0.389344  
0.57342  0.41375  0.707107  
0.497248  0.502737  0.707107  
5.81597e-17  0.94982  0.312797  
0.81982  0.40447  0.405339  
0.620715  0.670833  0.405826  
0.675105  0.393223  0.624187  
0.700823  0.635078  0.324844  
0.26669  0.963782  4.43637e-17  
0.261918  0.710301  0.653354  
0.274953  0.756445  0.593458  
0.384735  0.689357  0.613813  
0.909378  0.41597  3.36142e-17  
0.580229  0.741539  0.336829  
0.759957  0.584783  0.283715  
0.606912  0.362848  0.707107  
0.495503  0.647372  0.579126  
0.559532  0.660212  0.501043  
0.708647  0.275677  0.649478  
0.637506  0.305918  0.707107  
0.70502  0.709188  7.36439e-17  
0.45449  0.5417  0.707107  
0.607581  0.593898  0.52738  
0.738488  0.674266  3.44728e-17  
0.688467  0.161284  0.707107  
0.309871  0.898006  0.312354  
5.45163e-17  0.890319  0.455337  
0.592862  0.805304  4.43637e-17  
0.236488  0.666388  0.707107  
0.452795  0.891615  3.44728e-17  
0.668456  0.586633  0.457196  
0.477709  0.822216  0.309442  
0.963991  0  0.265935  
0.536805  0.460261  0.707107  
0.407885  0.577607  0.707107  
0.801465  0.598041  4.43637e-17  
0.836183  0  0.54845  
0.331815  0.818001  0.469865  
0.357176  0.610266  0.707107  
0.797688  0.325521  0.507672  
0.848713  0.448538  0.28018  
0.865274  0  0.5013  
0.381158  0.844646  0.375889  
0.851171  0.280028  0.443951  
0.918149  0  0.396236  
4.82188e-17  0.787472  0.61635  
0.984065  0  0.177811  
0.417427  0.872952  0.252407  
0.612574  0.452656  0.647963  
0.669706  0.742626  3.44728e-17  
0.242826  0.933637  0.26336  
0.632564  0.774508  3.36142e-17  
4.58321e-17  0.748496  0.66314  
0.97781  0.209495  2.68594e-17  
0.884696  0.466169  3.36142e-17  
0.892604  0  0.450842  
0.178551  0.983931  7.36439e-17  
0.742478  0  0.669871  
0.158383  0.689141  0.707107  
0.426368  0.623262  0.655557  
0.931724  0.363168  2.68594e-17  
5.04399e-17  0.823745  0.56696  
0.758578  0.295059  0.580947  
0.956213  0.292671  2.68594e-17  
0.942224  0  0.334983  
0.858438  0.512917  3.44728e-17  
0.550818  0.834625  4.43637e-17  
0.731796  0.544983  0.409229  
0.394558  0.918871  3.44728e-17  
0.806911  0  0.590673  
5.97036e-17  0.975033  0.222059  
0.905036  0.296717  0.304743  
0.722101  0.416896  0.552058  
6.12323e-17  1  0  
0.522614  0.71843  0.459057  
0.872022  0.349406  0.342773  
6.12323e-17  7.655e-22  1  
4.32978e-17  0.707107  0.707107  
0.776091  0  0.630621  
0.830598  0.556873  4.43637e-17  
0.300776  0.639948  0.707107  
0.707107  0  0.707107  
0.654324  0.700638  0.284545  
1  0  4.43637e-17  
0.522581  0.71846  0.459047  
0.497742  0.502248  0.707107  
0.452749  0.891638  3.44728e-17  
0.590247  0.537514  0.602235  
0.892653  0  0.450744  
0.506183  0.862426  3.36142e-17  
0.87207  0.349287  0.342773  
0.607036  0.36264  0.707107  
0.938073  0.250328  0.23949  
0.801447  0.598066  4.43637e-17  
0.668461  0.586638  0.457183  
0.543177  0.790882  0.281895  
0.884696  0.466169  3.36142e-17  
0.573543  0.41358  0.707107  
0.664952  0.240496  0.707107  
0.731772  0.544973  0.409286  
0.909391  0.415943  3.36142e-17  
0.851159  0.280099  0.443928  
0.905067  0.296624  0.304743  
0.178257  0.983984  4.43637e-17  
0.334386  0.942436  3.44728e-17  
0.688528  0.161026  0.707107  
0.417276  0.873019  0.252424  
0.300887  0.639896  0.707107  
0.963995  0  0.26592  
0.66957  0.742749  3.44728e-17  
0.537061  0.459963  0.707107  
0.30956  0.898114  0.312354  
0.722055  0.416878  0.552132  
0.290007  0.791976  0.53728  
0.426092  0.623451  0.655557  
0.675105  0.393223  0.624187  
0.242662  0.933699  0.26329  
0.607559  0.593877  0.52743  
0.759913  0.584885  0.283622  
0.931744  0.363115  3.36142e-17  
0.454787  0.541451  0.707107  
0.761743  0.455593  0.460633  
0.681557  0.507434  0.527249  
0.704911  0.709296  3.44728e-17  
0.380856  0.844744  0.375974  
0.637589  0.305745  0.707107  
0.266581  0.963812  4.43637e-17  
5.24738e-17  0.856963  0.515378  
0.158378  0.689142  0.707107  
0.252505  0.871161  0.421093  
0.797697  0.508086  0.324851  
0.956229  0.292619  2.68594e-17  
0.394472  0.918908  3.44728e-17  
0.274836  0.756487  0.593458  
0.620533  0.671002  0.405826  
5.4519e-17  0.890362  0.455253  
0.81982  0.40447  0.405339  
0.331695  0.818049  0.469865  
0.580207  0.741512  0.336927  
0.797688  0.325521  0.507672  
0.918173  0  0.396179  
0.632445  0.774605  3.36142e-17  
0.550778  0.834652  4.43637e-17  
0.495451  0.647411  0.579126  
0.357176  0.610266  0.707107  
0.261918  0.710301  0.653354  
0.984065  0  0.177811  
0.708645  0.275681  0.649478  
0.612574  0.452656  0.647963  
0.456329  0.780029  0.428157  
0.83061  0.556855  4.43637e-17  
0.865274  0  0.5013  
4.58321e-17  0.748496  0.66314  
0.522722  0.567676  0.636007  
0.55954  0.660222  0.501021  
0.408158  0.577414  0.707107  
0.477511  0.822331  0.309442  
0.742478  0  0.669871  
0.97781  0.209495  2.68594e-17  
4.82188e-17  0.787472  0.61635  
0.848713  0.448538  0.28018  
5.04399e-17  0.823745  0.56696  
0.758578  0.295059  0.580947  
5.64007e-17  0.921093  0.389344  
0.942224  0  0.334983  
0.858438  0.512917  3.44728e-17  
0.836183  0  0.54845  
0.770753  0.637134  4.43637e-17  
0.700772  0.635083  0.324944  
0.806911  0  0.590673  
0.424572  0.736727  0.526281  
5.97037e-17  0.975036  0.222049  
0.592841  0.805319  4.43637e-17  
6.12323e-17  1  0  
0.738419  0.674342  3.44728e-17  
5.81597e-17  0.94982  0.312797  
6.12323e-17  7.655e-22  1  
4.32978e-17  0.707107  0.707107  
0.776091  0  0.630621  
0.384765  0.689453  0.613685  
0.236578  0.666356  0.707107  
0.707107  0  0.707107  
0.654324  0.700638  0.284545  
1  0  4.43637e-17  
0.607492  0.593945  0.52743  
0.858442  0.51291  3.44728e-17  
0.252416  0.871187  0.421093  
0.580222  0.74153  0.33686  
0.408413  0.577234  0.707107  
0.357553  0.610046  0.707107  
0.158681  0.689072  0.707107  
0.242545  0.933739  0.263257  
5.04427e-17  0.823793  0.566891  
0.454877  0.541375  0.707107  
0.54312  0.790921  0.281895  
0.654297  0.700654  0.284568  
0.573872  0.413123  0.707107  
0.289978  0.791987  0.53728  
0.537309  0.459673  0.707107  
4.82201e-17  0.787494  0.616322  
0.704906  0.7093  3.44728e-17  
0.559398  0.660343  0.501021  
0.761713  0.455644  0.460633  
0.274826  0.756491  0.593458  
0.607225  0.362323  0.707107  
0.836217  0  0.548399  
0.331633  0.818075  0.469865  
0.884769  0.466031  4.43637e-17  
0.963995  0  0.26592  
0.334353  0.942448  3.44728e-17  
0.700716  0.635125  0.324982  
0.456348  0.780062  0.428078  
0.506141  0.862451  3.36142e-17  
0.664972  0.240443  0.707107  
5.45187e-17  0.890358  0.455261  
0.236774  0.666287  0.707107  
0.892653  0  0.450744  
0.909443  0.415828  3.36142e-17  
0.426079  0.623431  0.655584  
0.309533  0.8981  0.31242  
0.522691  0.567705  0.636007  
0.797676  0.508098  0.324883  
0.681557  0.507434  0.527249  
0.380835  0.844754  0.375974  
0.497679  0.50231  0.707107  
0.797669  0.325536  0.507692  
0.637663  0.30559  0.707107  
0.550722  0.834688  3.36142e-17  
0.66957  0.742749  3.44728e-17  
0.905067  0.296624  0.304743  
0.942233  0  0.334959  
0.956229  0.292619  2.68594e-17  
0.688528  0.161026  0.707107  
5.24738e-17  0.856963  0.515378  
0.52247  0.718546  0.459039  
0.938077  0.25033  0.239472  
0.81982  0.40447  0.405339  
0.384712  0.68945  0.613722  
0.851159  0.280099  0.443928  
0.708625  0.275732  0.649478  
0.918173  0  0.396179  
0.931767  0.363058  3.36142e-17  
0.477527  0.822357  0.309349  
0.495451  0.647411  0.579126  
0.770711  0.637185  4.43637e-17  
0.261918  0.710301  0.653354  
0.668455  0.58666  0.457163  
0.984073  0  0.177764  
0.301095  0.639798  0.707107  
0.632468  0.774587  3.36142e-17  
0.83061  0.556855  4.43637e-17  
0.612481  0.452784  0.647962  
4.58321e-17  0.748496  0.66314  
0.620524  0.670993  0.405856  
0.394231  0.919011  3.44728e-17  
0.266581  0.963812  4.43637e-17  
0.872052  0.34933  0.342773  
0.742478  0  0.669871  
0.97781  0.209495  2.68594e-17  
0.722005  0.416964  0.552132  
0.848713  0.448538  0.28018  
0.758579  0.295056  0.580947  
0.675054  0.393309  0.624187  
5.64007e-17  0.921093  0.389344  
0.801431  0.598087  4.43637e-17  
0.731728  0.545031  0.409286  
0.417199  0.873018  0.252556  
0.590247  0.537514  0.602235  
0.759913  0.584885  0.283622  
0.806911  0  0.590673  
0.178257  0.983984  4.43637e-17  
5.97037e-17  0.975036  0.222049  
0.592841  0.805319  4.43637e-17  
6.12323e-17  1  0  
0.738419  0.674342  3.44728e-17  
5.81597e-17  0.94982  0.312797  
6.12323e-17  7.655e-22  1  
4.32978e-17  0.707107  0.707107  
0.776091  0  0.630621  
0.865317  0  0.501226  
0.452525  0.891752  3.44728e-17  
0.707107  0  0.707107  
0.424572  0.736727  0.526281  
