1.04423  4.14091  
0.620315  4.42142  
1.34161  4.01724  
0.557165  4.54922  
1.83566  3.66629  
0.431844  4.38903  
1.63721  3.71766  
2.0547  3.25318  
1.33498  4.29444  
1.59743  4.01048  
1.81003  3.343  
1.73419  3.43376  
1.13445  4.32265  
1.52556  4.05459  
1.3207  4.15054  
0.569058  4.45437  
1.96213  3.25688  
0.796485  4.53424  
1.29184  4.24739  
2.008  3.06254  
1.07945  4.27569  
1.43018  4.11117  
1.77973  3.44446  
2.03446  3.00952  
2.15214  2.90837  
0.833492  4.36746  
1.44996  3.87511  
1.92516  3.13268  
0.810061  4.34648  
2.22253  2.52668  
1.76659  3.62362  
1.55244  3.88263  
2.07782  2.50839  
1.61355  3.60767  
1.45347  4.11184  
1.92818  3.434  
0.551522  4.55009  
2.31007  2.15886  
1.15881  4.07417  
1.25123  4.19885  
1.25881  4.12633  
1.94734  3.2927  
1.03332  4.33018  
1.80307  3.43928  
2.05076  2.95286  
1.97663  2.68265  
1.51106  3.85955  
2.21002  2.33007  
1.93402  3.38975  
0.580841  4.52105  
1.77487  3.58908  
1.77359  3.56638  
2.17281  2.79979  
1.90785  3.30373  
1.51792  4.03876  
0.59264  4.47297  
0.72313  4.44849  
2.05621  3.09651  
0.779865  4.40916  
1.09616  4.12395  
1.36282  4.16708  
1.88514  3.27686  
1.26462  4.32468  
1.95217  3.2979  
1.47889  3.82776  
1.84022  3.47913  
1.86912  3.4418  
1.91643  3.43002  
2.37951  2.09022  
0.945772  4.51827  
0.639499  4.4963  
1.60035  3.8089  
0.637004  4.52514  
2.03591  3.25269  
2.19811  2.58669  
2.07721  2.56339  
1.07304  4.39397  
1.37065  3.95335  
2.23724  2.31284  
2.29779  2.41795  
1.56781  3.96958  
1.27114  4.23724  
2.07201  2.87084  
1.63314  3.98237  
0.645513  4.51048  
1.66791  3.75036  
1.60233  3.85933  
0.763998  4.57417  
1.33808  4.15953  
1.52497  4.01312  
0.852737  4.56924  
1.74691  3.67218  
1.93397  3.572  
1.60873  4.04357  
2.08755  2.96879  
1.976  3.10472  
1.60225  3.55029  
1.11849  4.18484  
2.13439  2.55986  
1.36691  4.22681  
0.706314  3.74232  
0.129936  3.99159  
0.298388  3.95528  
0.000193384  4.00019  
1.76336  1.88762  
0.495651  3.87527  
0.678014  3.76321  
0.461907  3.89192  
0.197148  3.98055  
0.648976  3.78362  
1.4255  2.80578  
1.3907  2.87478  
1.60651  2.38263  
1.89251  1.29399  
1.59123  2.42332  
0.829934  3.6394  
0.731912  3.72261  
1.74992  1.93696  
1.9386  0.983784  
1.99257  0.345344  
1.63658  2.29935  
1.81403  1.68454  
1.22952  3.15496  
1.82622  1.63108  
1.77651  1.83754  
1.54438  2.54169  
1.09326  3.34958  
1.92125  1.11164  
1.21072  3.18389  
2.00017  0.000169936  
1.40843  2.84002  
1.13267  3.29678  
1.91203  1.17353  
1.98192  0.537409  
1.05257  3.40131  
1.15289  3.2686  
1.5756  2.46385  
1.24798  3.12582  
1.51191  2.61862  
1.11342  3.32291  
0.877339  3.59465  
1.35568  2.94098  
1.26593  3.09683  
1.56055  2.50186  
0.945803  3.52452  
1.90244  1.23432  
1.87122  1.41238  
1.73626  1.98549  
1.94671  0.917641  
1.49497  2.65722  
1.52819  2.58054  
0.85314  3.61786  
1.849  1.52495  
1.69453  2.1248  
1.96194  0.777119  
1.44296  2.76983  
1.70849  2.07962  
0.757921  3.70174  
0.806871  3.66009  
1.62153  2.34161  
1.03057  3.42815  
1.33774  2.97359  
1.46062  2.73256  
1.65145  2.25641  
1.95458  0.848124  
1.93017  1.04806  
1.07266  3.3761  
1.37325  2.90816  
0.590305  3.82186  
1.97564  0.623029  
1.88203  1.35379  
0.782477  3.68122  
0.988469  3.47737  
1.1918  3.21231  
0.900046  3.57212  
0.922997  3.54865  
1.66605  2.21309  
1.78932  1.78717  
1.80186  1.736  
0.967512  3.50087  
1.28431  3.0664  
1.17235  3.24082  
1.00924  3.45343  
1.47765  2.69568  
1.68006  2.17029  
1.83778  1.57837  
1.31985  3.00543  
0.384858  3.92529  
1.99708  0.217531  
1.98762  0.445459  
1.969  0.702163  
0.250872  3.96846  
0.619711  3.8032  
0.424761  3.9088  
1.86039  1.46853  
0.56004  3.84004  
0.528458  3.85789  
1.30187  3.03661  
0.343489  3.94061  
1.72234  2.03344  
0.704077  3.74395  
0.458045  3.8937  
0.648791  3.7837  
0.342043  3.94108  
0.194754  3.981  
9.38422e-06  4.00001  
0.944628  3.52573  
0.383109  3.92594  
1.90161  1.23921  
1.42715  2.80234  
1.94638  0.920115  
0.966632  3.50179  
0.620173  3.80285  
0.590463  3.82172  
1.69485  2.12369  
1.975  0.630557  
1.68057  2.1686  
1.98108  0.549009  
1.8602  1.46925  
1.80142  1.7377  
1.55993  2.50331  
1.92945  1.05312  
1.4953  2.6564  
0.89952  3.57261  
1.05248  3.40136  
1.96147  0.781458  
1.57569  2.46352  
1.91106  1.17961  
1.44446  2.76662  
2.00001  7.85885e-06  
1.98681  0.458818  
1.40976  2.83733  
1.93818  0.986861  
1.11364  3.32255  
1.82566  1.63338  
1.24767  3.12624  
1.66621  2.21249  
1.22903  3.15564  
1.99647  0.237719  
1.21014  3.18471  
1.15268  3.26885  
1.62161  2.34128  
1.33925  2.97082  
0.730781  3.72342  
1.95416  0.851537  
1.09347  3.34923  
1.35712  2.9382  
0.876933  3.595  
1.46167  2.73023  
1.07302  3.37559  
0.526885  3.85871  
1.9203  1.118  
1.63672  2.29884  
1.81366  1.68599  
1.78884  1.78893  
1.83755  1.57915  
0.676701  3.76409  
1.1723  3.24082  
1.51179  2.61878  
1.70887  2.07825  
1.84904  1.52458  
1.5911  2.42356  
0.988482  3.47731  
1.73637  1.98499  
1.72275  2.0319  
1.87111  1.41274  
0.806276  3.66057  
1.8917  1.29849  
1.32126  3.00287  
1.39238  2.87145  
0.78169  3.68184  
0.830199  3.63912  
0.75666  3.70269  
1.28487  3.06537  
1.13328  3.29587  
0.853952  3.61706  
1.03144  3.42704  
1.76299  1.8888  
1.52792  2.58107  
1.74974  1.93745  
1.88156  1.35611  
1.30297  3.03466  
1.37482  2.9051  
1.47863  2.69346  
1.77607  1.83915  
1.96845  0.707749  
1.26641  3.09595  
1.99207  0.356038  
1.60647  2.38267  
1.19135  3.21292  
0.249524  3.96875  
1.65163  2.25578  
0.130664  3.99146  
0.559353  3.84039  
0.922209  3.54939  
1.01005  3.45243  
1.54403  2.54244  
0.297789  3.95542  
0.493449  3.87635  
0.421744  3.91007  
1.47847  2.69379  
1.05242  3.40143  
1.03151  3.42695  
1.4616  2.73037  
0.526142  3.85911  
1.41015  2.83654  
0.382692  3.92609  
1.72282  2.03165  
1.3751  2.90455  
1.49507  2.65689  
0.781402  3.68207  
1.0732  3.37536  
1.87044  1.41631  
1.95352  0.857377  
1.77601  1.83936  
0.618718  3.80378  
1.51164  2.61911  
1.59121  2.42328  
1.96102  0.785861  
1.3035  3.03373  
1.62184  2.34063  
1.73644  1.98473  
0.830221  3.63909  
0.87691  3.59502  
1.81362  1.68617  
1.1918  3.21224  
1.65177  2.25538  
1.21053  3.18411  
1.42749  2.80163  
1.13349  3.29558  
1.68073  2.1681  
1.63699  2.29807  
1.97475  0.633656  
1.15307  3.26829  
0.297698  3.95544  
1.82564  1.63346  
1.91077  1.18148  
0.492561  3.8768  
1.32167  3.00212  
0.675653  3.76484  
2.32802e-06  4  
1.80133  1.73805  
1.22921  3.15535  
1.39281  2.87059  
0.922445  3.54914  
1.74973  1.93749  
1.35732  2.93781  
1.98094  0.551026  
1.83724  1.5806  
1.44459  2.76635  
0.195229  3.9809  
0.988817  3.47692  
1.01021  3.45223  
1.96814  0.711095  
1.57566  2.46358  
1.54406  2.54235  
1.33957  2.97023  
0.729859  3.72414  
0.806199  3.66063  
0.967041  3.50134  
0.588951  3.82264  
0.94494  3.52539  
0.703295  3.74453  
0.755817  3.70337  
1.92004  1.11977  
1.11363  3.32254  
1.9011  1.24231  
1.24813  3.12549  
1.85967  1.47193  
2  3.01154e-06  
1.76294  1.88899  
1.60663  2.38223  
1.99189  0.359841  
1.69495  2.12335  
1.93757  0.991607  
1.52801  2.58084  
1.7888  1.7891  
1.92897  1.05655  
1.09349  3.34921  
1.8486  1.52667  
1.89118  1.30143  
1.88092  1.35964  
1.94571  0.925698  
0.853788  3.61721  
1.66631  2.21218  
0.899735  3.57238  
1.2851  3.06498  
0.647752  3.7844  
0.558202  3.84105  
1.55988  2.50341  
0.341806  3.94115  
0.457523  3.89393  
1.98668  0.460974  
1.99641  0.23968  
1.709  2.07783  
1.1726  3.24038  
0.130142  3.99153  
0.421192  3.9103  
0.24944  3.96877  
1.26662  3.09559  
0.297635  3.95546  
0.45724  3.89406  
0.780881  3.68251  
1.42785  2.80088  
0.341541  3.94124  
1.03372e-06  4  
1.03158  3.42686  
1.15322  3.26808  
1.19186  3.21214  
0.420972  3.91039  
1.72285  2.03154  
0.729579  3.72436  
1.6516  2.25585  
1.76301  1.8887  
1.33999  2.96946  
1.57571  2.46345  
1.47879  2.6931  
0.675442  3.76499  
0.588318  3.82303  
1.39306  2.87012  
1.49552  2.65589  
1.44501  2.76547  
1.87039  1.41654  
1.83711  1.58116  
0.967112  3.50126  
0.945087  3.52523  
0.988736  3.47701  
1.88083  1.36011  
1.99636  0.241215  
1.05258  3.40123  
1.13363  3.29537  
1.90099  1.24298  
1.5119  2.61852  
0.900151  3.57196  
1.24857  3.12479  
1.94559  0.926672  
1.32204  3.00148  
1.11373  3.32242  
1.01031  3.45211  
1.22977  3.15446  
1.96083  0.787799  
0.853841  3.61716  
1.62182  2.34067  
1.3754  2.90399  
0.922826  3.54874  
1.59124  2.4232  
1.63684  2.29848  
1.89101  1.30244  
1.41048  2.83587  
1.09358  3.34908  
1.91986  1.12098  
1.17264  3.24032  
1.93739  0.993024  
1.46195  2.72961  
1.8012  1.7386  
0.830195  3.63911  
1.21082  3.18366  
1.6662  2.21249  
1.5601  2.50286  
1.84851  1.52713  
1.70897  2.07791  
1.30378  3.03325  
1.6807  2.16819  
1.81348  1.68677  
1.73648  1.98459  
1.60661  2.38228  
0.647238  3.78475  
0.525562  3.85942  
1.07324  3.3753  
1.74983  1.93711  
1.99181  0.361531  
0.805872  3.66091  
1.52811  2.58061  
1.7887  1.78946  
1.8254  1.63453  
0.877118  3.59481  
1.91063  1.18239  
2  8.30381e-07  
1.77596  1.83955  
1.28553  3.06425  
1.92876  1.05812  
0.557233  3.84161  
1.26716  3.0947  
1.97461  0.635351  
1.6949  2.1235  
1.35784  2.93684  
1.85954  1.47256  
1.96799  0.712793  
1.98658  0.462626  
0.195103  3.98092  
0.492162  3.877  
1.95339  0.858563  
1.54419  2.54202  
0.702778  3.74492  
1.98081  0.55279  
0.618176  3.80413  
0.755447  3.70367  
0.129846  3.99156  
0.249394  3.96878  
0.382341  3.92623  
0.130284  3.9915  
0.557233  3.84161  
0.382181  3.92629  
0.195106  3.98092  
0.853735  3.61726  
1.97443  0.637523  
1.39329  2.86966  
1.54422  2.54195  
1.41064  2.83557  
2  3.14335e-07  
0.922838  3.54873  
1.51191  2.6185  
0.675139  3.7652  
1.11371  3.32244  
0.82982  3.63945  
1.76297  1.88884  
0.646955  3.78494  
1.46199  2.72954  
1.98067  0.554819  
1.90076  1.24435  
2.71361e-07  4  
0.900222  3.57189  
1.96069  0.789123  
1.2299  3.15427  
1.94542  0.928114  
1.73642  1.9848  
1.99635  0.241398  
1.56008  2.50293  
0.491862  3.87715  
0.702471  3.74515  
0.988802  3.47694  
0.617984  3.80426  
0.729231  3.72463  
1.6807  2.16819  
1.28572  3.06394  
1.88063  1.3612  
0.780645  3.68271  
1.91029  1.18453  
1.15333  3.26793  
1.19198  3.21196  
1.70897  2.07789  
1.44501  2.76547  
0.588135  3.82314  
1.32221  3.00118  
1.17274  3.24018  
1.6516  2.25585  
1.42789  2.80082  
1.01031  3.45211  
1.35807  2.93642  
1.99177  0.362457  
1.7228  2.0317  
0.877221  3.59471  
1.49548  2.65597  
1.6066  2.3823  
1.57573  2.46339  
1.69495  2.12336  
0.967164  3.5012  
1.21101  3.18336  
1.09356  3.34911  
0.249138  3.96884  
1.89084  1.30344  
1.93714  0.994943  
1.7887  1.78947  
1.66626  2.21232  
1.87011  1.41803  
1.91955  1.1231  
1.24866  3.12464  
1.26724  3.09458  
1.03157  3.42688  
1.37575  2.90332  
1.7498  1.93722  
1.63685  2.29844  
1.84834  1.52795  
0.34137  3.9413  
1.82528  1.63505  
1.83692  1.58206  
1.9678  0.714907  
0.755187  3.70389  
1.30397  3.03292  
1.62186  2.34057  
0.420554  3.91057  
1.47881  2.69305  
1.59125  2.42316  
0.52514  3.85965  
0.29742  3.95552  
1.52817  2.58046  
1.95322  0.860119  
1.07316  3.3754  
1.85939  1.47332  
1.34007  2.96931  
1.92848  1.06013  
1.81337  1.68725  
1.0525  3.40132  
1.98654  0.463209  
0.457138  3.89411  
0.94519  3.52512  
0.805445  3.66129  
1.77596  1.83953  
1.80119  1.73864  
1.13363  3.29537  
1.68069  2.16819  
1.69493  2.12341  
0.922844  3.54872  
0.129978  3.99154  
1.35821  2.93617  
1.945  0.931604  
1.51192  2.61847  
1.76297  1.88884  
0.646658  3.78515  
0.456611  3.89436  
1.90046  1.24619  
2  1.2788e-07  
1.92816  1.06248  
0.82982  3.63945  
1.17286  3.24  
0.805446  3.66129  
1.77597  1.8395  
0.945161  3.52515  
0.420181  3.91073  
0.900162  3.57195  
1.59135  2.42288  
1.23001  3.15409  
0.853707  3.61728  
1.30411  3.03269  
1.11371  3.32244  
1.98648  0.464378  
0.967204  3.50115  
1.13363  3.29537  
1.49545  2.65603  
1.87004  1.41838  
1.7498  1.93722  
1.41079  2.83526  
1.26748  3.09419  
0.524821  3.85983  
1.81324  1.6878  
1.70897  2.07789  
0.728854  3.72493  
1.3223  3.00101  
1.54427  2.54184  
1.39331  2.86962  
0.491416  3.87738  
1.66629  2.21222  
1.98065  0.555012  
0.587852  3.82331  
1.0316  3.42684  
1.7228  2.03171  
1.37588  2.90307  
1.24883  3.12437  
0.877154  3.59477  
1.63687  2.2984  
1.80111  1.73897  
1.01039  3.45202  
1.15331  3.26795  
1.52817  2.58046  
1.0525  3.40132  
0.556798  3.84186  
1.09356  3.34911  
1.62184  2.34062  
0.988919  3.4768  
1.56016  2.50272  
0.249013  3.96888  
0.674784  3.76546  
1.46213  2.72924  
1.83682  1.58251  
1.84824  1.52841  
1.34034  2.96883  
1.21113  3.18318  
1.44515  2.76518  
1.28586  3.0637  
1.99634  0.241939  
1.78871  1.78942  
0.195005  3.98094  
1.57586  2.46306  
1.85928  1.47387  
1.8252  1.63541  
0.702113  3.74542  
0.617689  3.80445  
1.9529  0.862932  
1.91924  1.12523  
1.89053  1.30524  
1.07316  3.3754  
1.8804  1.36249  
0.780399  3.68292  
1.99174  0.363218  
0.297001  3.95565  
1.93671  0.998323  
1.428  2.80058  
0.34101  3.94143  
1.96757  0.717442  
1.60667  2.38211  
1.96039  0.792124  
1.65169  2.2556  
1.97436  0.638507  
1.19206  3.21186  
1.12961e-07  4  
1.91002  1.18632  
0.381676  3.92649  
1.73642  1.9848  
0.754991  3.70405  
1.47889  2.69287  
1.85906  1.47498  
0.491264  3.87745  
0.194946  3.98095  
0.419967  3.91082  
0.129978  3.99154  
0.381676  3.92649  
1.01043  3.45197  
0.456406  3.89445  
0.646668  3.78514  
0.900162  3.57195  
1.46213  2.72924  
0.728725  3.72503  
0.55638  3.8421  
0.524542  3.85998  
1.17282  3.24006  
0.674784  3.76546  
1.7759  1.83976  
1.96746  0.718638  
0.296942  3.95567  
1.7228  2.03171  
0.805165  3.66153  
1.6369  2.29832  
1.93658  0.999313  
0.877096  3.59483  
1.05251  3.40131  
1.11375  3.32238  
1.1922  3.21165  
1.73642  1.9848  
1.76297  1.88885  
1.26756  3.09405  
1.07316  3.3754  
1.30426  3.03243  
1.15332  3.26794  
1.56016  2.50272  
1.3759  2.90303  
1.44515  2.76518  
2  4.08867e-08  
1.24904  3.12403  
1.428  2.80058  
0.967224  3.50113  
1.70897  2.07789  
1.57586  2.46306  
1.34039  2.96875  
1.59137  2.42285  
1.95269  0.864833  
1.91901  1.12676  
1.39347  2.86932  
1.84805  1.52933  
1.89028  1.30668  
1.86977  1.41979  
0.340532  3.94159  
1.09356  3.34911  
1.0316  3.42684  
1.47892  2.6928  
1.21127  3.18297  
0.754752  3.70424  
1.49552  2.65589  
1.98054  0.556623  
1.66629  2.21222  
0.988975  3.47674  
0.829642  3.63961  
0.922851  3.54872  
1.99167  0.364684  
1.62189  2.34048  
1.68074  2.16805  
1.69495  2.12334  
1.801  1.73942  
0.945192  3.52512  
1.90013  1.24821  
1.41083  2.83518  
1.83665  1.58333  
1.88017  1.36378  
1.51196  2.61838  
1.65169  2.2556  
1.82499  1.63637  
1.54427  2.54184  
1.60673  2.38195  
1.28598  3.0635  
1.35824  2.93611  
1.78855  1.79009  
1.5282  2.5804  
1.90973  1.18819  
0.780221  3.68307  
1.23033  3.15359  
1.9742  0.640421  
1.74981  1.93719  
1.81304  1.68865  
1.92801  1.06352  
1.94481  0.933184  
0.58748  3.82354  
1.99629  0.24339  
1.32234  3.00094  
1.13363  3.29537  
1.98638  0.46611  
0.617433  3.80462  
1.96025  0.793565  
0.702113  3.74542  
0.85356  3.61742  
0.248962  3.96889  
4.97554e-08  4  
1.35828  2.93603  
0.340152  3.94172  
0.780199  3.68309  
0.129969  3.99155  
1.3759  2.90303  
1.23028  3.15367  
1.19223  3.2116  
1.09356  3.3491  
0.805053  3.66163  
1.44527  2.76492  
1.99629  0.243664  
0.701886  3.74559  
1.46213  2.72924  
1.01043  3.45197  
0.853447  3.61753  
0.587201  3.82371  
1.68073  2.16809  
2  1.66611e-08  
1.78848  1.79034  
1.8695  1.4212  
1.98038  0.558845  
1.30441  3.03217  
0.945204  3.5251  
1.9446  0.934973  
1.70897  2.07789  
0.381176  3.92668  
1.96732  0.720181  
1.0316  3.42684  
1.77583  1.84001  
0.524379  3.86007  
0.556305  3.84215  
1.89014  1.30748  
1.28614  3.06323  
0.490887  3.87764  
1.54427  2.54184  
0.728693  3.72505  
0.194946  3.98095  
0.754752  3.70424  
1.96013  0.794756  
1.24906  3.124  
0.900123  3.57199  
0.296702  3.95574  
1.3225  3.00066  
1.05252  3.40129  
1.69497  2.12329  
1.95255  0.866103  
1.07316  3.3754  
1.83641  1.58443  
0.419438  3.91105  
1.17289  3.23995  
0.674314  3.76579  
1.512  2.61827  
1.6517  2.25557  
1.49556  2.65578  
1.5759  2.46296  
1.9096  1.18898  
1.59142  2.42272  
1.84716e-08  4  
0.829455  3.63978  
0.646214  3.78545  
1.11376  3.32237  
0.876976  3.59495  
1.15336  3.26788  
1.93632  1.00136  
0.24883  3.96892  
1.6663  2.21218  
1.8799  1.36524  
1.98629  0.467565  
1.13364  3.29536  
1.7228  2.03172  
1.92775  1.06539  
1.82485  1.63699  
1.80085  1.74005  
1.84765  1.53124  
1.76292  1.88903  
0.617238  3.80474  
1.52822  2.58034  
1.90007  1.24857  
1.42813  2.80031  
1.85875  1.47657  
1.56018  2.50267  
1.99163  0.365662  
0.967228  3.50113  
1.63691  2.29828  
1.91873  1.12865  
1.21136  3.18284  
1.97407  0.641997  
1.34046  2.96861  
1.74977  1.93731  
1.73638  1.98493  
0.456113  3.89459  
1.60674  2.38193  
1.39352  2.86922  
1.62192  2.3404  
1.81301  1.68878  
0.988975  3.47674  
1.47892  2.6928  
1.26769  3.09384  
0.922851  3.54872  
1.4109  2.83505  
0.829455  3.63978  
0.523887  3.86033  
1.16014e-08  4  
0.380758  3.92684  
0.296309  3.95586  
1.69495  2.12333  
1.01045  3.45195  
0.248239  3.96907  
1.98622  0.468771  
0.587193  3.82372  
0.989019  3.47669  
1.95991  0.79689  
1.83617  1.58553  
0.900096  3.57202  
1.23029  3.15366  
0.645901  3.78566  
1.4453  2.76485  
1.21138  3.1828  
1.03163  3.4268  
1.37604  2.90276  
1.94439  0.936679  
1.63691  2.29828  
0.945204  3.5251  
1.28629  3.06298  
1.4623  2.72887  
1.77566  1.84068  
1.0732  3.37535  
1.99626  0.244667  
1.13369  3.2953  
1.9275  1.06724  
1.34053  2.96848  
1.05252  3.40129  
1.66631  2.21215  
1.39356  2.86915  
1.30452  3.03198  
1.98031  0.559935  
1.49569  2.65549  
1.26776  3.09372  
1.11376  3.32237  
0.754429  3.7045  
1.97392  0.643845  
0.804987  3.66169  
2  1.13857e-08  
1.42823  2.8001  
1.17293  3.2399  
1.65171  2.25553  
0.780062  3.68321  
1.47911  2.69239  
0.853447  3.61753  
1.35832  2.93597  
1.99156  0.36715  
1.70897  2.07789  
1.93613  1.00283  
1.5759  2.46296  
1.76283  1.88935  
1.95235  0.86796  
1.85851  1.47775  
1.59142  2.42272  
1.60678  2.38182  
1.90937  1.1905  
1.52831  2.58014  
1.68073  2.16809  
1.7228  2.03172  
1.19226  3.21156  
1.81281  1.68962  
1.86923  1.42264  
1.73638  1.98492  
0.967234  3.50112  
1.89986  1.24988  
1.80072  1.74059  
1.09359  3.34906  
1.78839  1.79071  
0.876976  3.59495  
1.96712  0.722352  
1.41099  2.83485  
1.51207  2.61813  
0.701505  3.74587  
1.87972  1.36624  
0.728316  3.72535  
0.617115  3.80482  
0.129969  3.99155  
1.88994  1.30865  
0.19447  3.98105  
0.674046  3.76599  
1.54437  2.54159  
0.922818  3.54875  
1.24915  3.12386  
1.9186  1.12954  
1.56024  2.50252  
0.556126  3.84225  
0.455608  3.89483  
1.15344  3.26777  
1.32264  3.00041  
0.419042  3.91122  
1.62192  2.3404  
0.490357  3.87791  
1.74972  1.9375  
1.82462  1.638  
1.84748  1.53209  
0.340152  3.94172  
0.673889  3.7661  
0.339891  3.94181  
0.853278  3.61769  
0.248175  3.96909  
0.194111  3.98112  
1.88981  1.30941  
1.87966  1.36654  
1.8127  1.69013  
1.44541  2.76462  
1.98618  0.469357  
0.523541  3.86052  
1.01052  3.45187  
1.21157  3.18252  
1.26783  3.09361  
1.60679  2.38178  
1.78828  1.79115  
1.09362  3.34903  
0.779835  3.6834  
1.83617  1.58553  
0.967266  3.50108  
1.63692  2.29825  
0.804818  3.66184  
1.49569  2.65549  
0.922818  3.54875  
1.84747  1.53213  
1.56024  2.50252  
1.74971  1.93753  
1.52837  2.57999  
1.37613  2.90261  
1.95219  0.869358  
1.95987  0.797294  
1.17298  3.23983  
1.13369  3.2953  
1.07321  3.37533  
0.989019  3.47669  
1.23052  3.15329  
1.72277  2.03181  
1.98027  0.560405  
0.876868  3.59505  
0.829273  3.63995  
1.24921  3.12376  
1.99155  0.367305  
1.30455  3.03193  
1.28626  3.06303  
1.68073  2.16809  
0.89999  3.57212  
1.82458  1.63819  
1.46234  2.72879  
1.99625  0.244959  
1.57595  2.46283  
4.33988e-09  4  
1.19238  3.21138  
0.70127  3.74605  
0.586498  3.82414  
0.616551  3.80519  
0.754254  3.70465  
1.62192  2.3404  
1.66631  2.21215  
1.96708  0.72275  
1.15344  3.26777  
1.97391  0.644036  
1.11378  3.32235  
1.73635  1.98505  
1.39373  2.8688  
1.76282  1.88942  
1.80062  1.74098  
1.32264  3.00041  
0.555596  3.84256  
0.419042  3.91122  
1.70897  2.07789  
1.35848  2.93566  
1.51212  2.618  
2  6.48334e-09  
0.455378  3.89494  
1.03165  3.42678  
1.54437  2.54159  
0.296024  3.95594  
1.34065  2.96826  
1.86922  1.42271  
0.380614  3.9269  
1.91852  1.13009  
1.85845  1.47804  
1.94433  0.937223  
1.92743  1.06773  
1.90926  1.1912  
1.41114  2.83457  
0.728143  3.72548  
1.59146  2.4226  
1.05259  3.40121  
0.945207  3.5251  
1.69495  2.12333  
0.645582  3.78588  
1.93603  1.00358  
0.490112  3.87804  
1.89968  1.25092  
1.65171  2.25553  
1.42834  2.79989  
1.77568  1.84062  
1.47911  2.69239  
0.12943  3.99162  
