0.593354  1.72941  1.13136  
0.788197  0.542111  1.75321  
1.50866  0.689346  0.783739  
1.47726  1.18908  0.0100475  
0.72826  0.557848  1.62824  
0.658589  0.529277  1.49823  
0.72075  0.380898  1.38121  
1.34065  1.00946  0.81066  
1.48301  0.743189  0.65137  
1.83398  0.408904  0.0315503  
0.0610794  0.0995133  1.65863  
0.25543  0.189089  1.84899  
0.3309  1.07915  1.77122  
0.34662  0.656752  1.94132  
0.112417  0.00261105  1.75848  
1.34296  1.51485  0.693016  
1.65246  0.466294  0.904593  
0.566097  1.36506  0.907839  
0.85022  0.188559  1.40849  
1.01591  0.154876  1.87343  
1.41339  1.35082  0.361683  
0.509133  0.208199  1.80863  
0.686305  0.11068  1.43007  
0.456597  1.11673  1.52643  
0.497625  0.0429558  1.83945  
1.2104  0.776338  0.738491  
0.546199  1.10496  0.56755  
0.80786  0.408086  1.63827  
1.43041  0.573047  0.999874  
0.224427  0.512345  1.57026  
0.73377  1.46462  0.573384  
0.147448  0.117309  1.72095  
0.0671052  0.111702  1.6061  
0.264096  0.723956  1.79516  
0.140396  0.0693073  1.52304  
0.601631  0.174217  1.67718  
2.00127  0.509401  0.480911  
0.364951  0.346131  1.64538  
0.00730177  0.0321854  1.71367  
0.698982  1.12359  0.909559  
0.332833  0.925436  1.65729  
0.377288  1.62976  0.692112  
0.438363  0.153974  1.68006  
0.854892  1.36438  0.387187  
0.0872288  1.76817  0.261635  
0.617418  1.0659  0.938093  
0.517429  0.0782736  1.63866  
0.619961  1.21501  1.32507  
1.00424  0.215536  1.17735  
0.248226  1.58154  1.22607  
0.260326  0.337286  1.88577  
0.510042  0.956807  2.07829  
1.97044  0.421403  0.352381  
0.881111  0.839532  1.40232  
0.849431  0.719767  1.36817  
1.61967  0.559758  0.711179  
0.379138  1.23884  1.35953  
1.59017  0.401579  0.258576  
1.26235  0.316218  1.38444  
0.196969  0.21227  1.73875  
0.549536  0.406385  1.66395  
1.68815  0.804959  0.897204  
1.54807  0.828458  0.408172  
1.53434  0.716667  0.619906  
0.226154  1.95802  0.021706  
1.41114  1.07276  0.396213  
1.2139  0.929084  1.64867  
0.16132  1.36015  0.762264  
0.990517  0.0548543  1.55071  
0.833527  0.798018  1.19862  
0.572175  1.44264  0.727859  
1.60251  0.666754  0.682921  
1.5449  0.0549922  0.625369  
0.358431  0.491526  1.92951  
0.444395  1.15983  1.4476  
1.14334  0.348179  0.400867  
0.617272  0.667764  1.88002  
0.106178  2.22954  0.242157  
0.0502628  0.389645  1.6527  
1.50537  0.774922  0.239307  
0.231715  0.225393  2.00672  
0.661507  0.126171  1.59269  
0.361296  0.423578  1.34802  
1.96299  0.757259  0.247989  
0.622827  0.172263  1.37616  
0.740789  0.189395  1.7565  
1.11062  0.961483  0.0700268  
0.396388  0.542088  1.52916  
0.878278  0.589858  1.24338  
0.00454341  1.59973  0.741253  
0.685748  0.831189  1.80124  
0.182543  0.703309  1.81856  
1.30551  0.308209  1.29905  
0.297399  1.88182  0.0242347  
1.182  1.06939  0.582546  
0.160432  0.591495  1.63732  
0.761391  1.10508  1.14921  
0.490679  0.385299  1.5297  
0.777787  1.08849  1.31728  
1.55616  0.484283  0.330715  
0.585639  2.75555e-17  0.810572  
0.499556  0.648998  0.5738  
0.440801  0.725864  0.52803  
0.972683  7.66579e-17  0.232138  
0.947418  4.45779e-17  0.319999  
0.601616  0.798786  0  
0.887971  3.2997e-15  0.459899  
0.663714  0.489271  0.565772  
0.425961  0.617768  0.660999  
4.56502e-17  0.745524  0.666479  
0.2905  0.845499  0.448042  
0.811208  0.584757  4.78333e-17  
0.663151  0.627218  0.408447  
0.745113  0.426377  0.512844  
0.619989  0.710352  0.333186  
6.12323e-17  1  0  
0.786031  8.53028e-16  0.618187  
0.539608  0  0.841917  
0.47954  0.432148  0.763734  
0.56125  0.55522  0.613783  
0.441691  0.897167  0  
0.667511  0  0.7446  
0.709775  0  0.704429  
0.361468  0.866985  0.343042  
0.378459  0.925618  8.38682e-17  
5.08447e-17  0.830357  0.557232  
0.920126  4.32938e-17  0.391622  
0.371614  0.795475  0.478668  
0.776803  0.629744  5.30954e-17  
0.431527  0.348719  0.831973  
2.42787e-17  0.396502  0.918034  
5.86564e-17  0.957932  0.286996  
0.854419  0.405819  0.324467  
0.286278  0.765742  0.57592  
0.71268  0.349065  0.608474  
0.253904  0.267041  0.929635  
0.708408  0.536467  0.45865  
0.52571  0.300306  0.795893  
0.881793  0.471636  5.6016e-17  
0.348712  0.306998  0.885524  
4.0146e-17  0.655634  0.755079  
0.821255  3.86417e-17  0.570562  
0.776587  0.295572  0.556372  
0.735887  0.677104  3.58657e-17  
5.70215e-17  0.931232  0.364426  
0.61359  0.593595  0.520723  
0.691929  0.721965  4.51554e-17  
0.982929  0.183983  2.04637e-17  
0.30777  0.951461  4.51554e-17  
0.628965  2.43825e-16  0.777434  
3.43064e-17  0.560266  0.828313  
1.39882e-17  0.228444  0.973557  
0.907129  0.305004  0.289981  
0.223324  0.974744  8.23369e-17  
0.961101  0.276198  5.6016e-17  
0.350227  0.493808  0.795924  
0.589429  0.344613  0.730627  
0.300195  8.43189e-15  0.953878  
0.786029  0.466175  0.406004  
0.497478  0.867477  0  
0.565195  0.680168  0.466826  
5.31136e-17  0.867411  0.497593  
0.672544  0.291822  0.680091  
0.911437  0.411441  5.6016e-17  
0.847659  0.530542  5.0329e-17  
4.83252e-17  0.78921  0.614123  
0.650527  0.759483  5.0329e-17  
0.465455  0.825579  0.319015  
0.28506  0.912001  0.294951  
0.289612  0.658732  0.694404  
0.937759  0.347287  5.6016e-17  
5.51824e-17  0.901196  0.433411  
3.12336e-17  0.510083  0.860125  
2.79001e-17  0.455644  0.890162  
0.818901  0.337398  0.464289  
6.00968e-17  0.981455  0.191695  
0.625642  0.431644  0.649812  
0.871608  0.270008  0.40914  
0.549621  0.835414  3.58657e-17  
0.819313  0.503469  0.274309  
0.435903  2.9393e-17  0.899994  
1.95521e-17  0.319311  0.94765  
1  6.24053e-17  5.0329e-17  
0.34983  0.700503  0.622024  
0.377068  4.96771e-19  0.926186  
0.85395  1.53487e-15  0.520355  
6.68924e-18  6.08659e-17  1  
3.73315e-17  0.60967  0.792655  
0.439622  0.540159  0.717607  
0.505222  0.754959  0.418076  
0.201382  0  0.979513  
0.560711  0.777304  0.285311  
0.490224  0  0.871596  
0.304511  0.583746  0.752671  
0.704498  0.652264  0.279705  
0.299884  0.429988  0.851575  
0.53521  0.487244  0.690031  
0.750028  1.46217e-14  0.661407  
4.29656e-17  0.701681  0.712491  
0.753206  0.571805  0.325146  
0.906248  0.307528  0.290071  
6.12323e-17  1  0  
0.438397  0.53825  0.719788  
0.707847  0.536538  0.459433  
0.672301  0.289583  0.681288  
5.08447e-17  0.830357  0.557232  
0.534449  0.486828  0.690914  
0.360528  0.867226  0.343423  
3.43182e-17  0.560458  0.828183  
0.284926  0.912042  0.294951  
0.62623  0.42968  0.650546  
0.69073  0.723113  4.51554e-17  
0.4282  0.616569  0.660672  
4.83809e-17  0.790121  0.612952  
0.199469  0  0.979904  
0.713179  0.346146  0.609557  
0.78826  0  0.615342  
0.702562  0.654136  0.280199  
0.308051  0.95137  4.51554e-17  
0.856917  5.77821e-17  0.515455  
0.982339  0.187108  2.04637e-17  
0.351541  0.700004  0.621621  
0.297814  3.1978e-18  0.954624  
0.223863  0.974621  8.23369e-17  
0.88068  0.473711  5.30954e-17  
0.441594  0.725612  0.527714  
4.57404e-17  0.746998  0.664826  
0.430563  0.347824  0.832847  
0.774727  0.632296  4.78333e-17  
0.378462  0.925617  8.38682e-17  
0.808575  0.588393  4.51554e-17  
0.505069  0.756094  0.416205  
0.560037  0.778001  0.284735  
0.372773  0.795047  0.478478  
1  6.24053e-17  5.0329e-17  
0.777726  0.296041  0.554529  
0.853876  0.407394  0.323922  
0.539423  0  0.842035  
0.601616  0.798786  0  
0.823553  5.55324e-17  0.567239  
5.51627e-17  0.900875  0.43408  
0.549083  0.835768  0  
0.525585  0.300173  0.796026  
0.346758  0.493621  0.797557  
5.30889e-17  0.867008  0.498294  
0.751554  0.57192  0.328751  
0.628965  2.44504e-17  0.777434  
0.287982  0.765759  0.575048  
0.619463  0.711072  0.332629  
0.664924  0.487244  0.5661  
0.909767  0.41512  2.04637e-17  
0.66769  0  0.744439  
5.09271e-17  3.39975e-17  1  
0.973578  0  0.228356  
0.464678  0.826169  0.318621  
0.348446  0.305033  0.886307  
0.58545  2.75466e-17  0.810709  
0.478529  0.431237  0.764882  
0.589108  0.3431  0.731597  
0.710741  0  0.703454  
0.745018  0.426322  0.513028  
0.661704  0.627183  0.41084  
0.922448  0  0.386121  
0.293943  0.657895  0.693377  
0.497199  0.867636  0  
1.94559e-17  0.31774  0.948178  
6.00955e-17  0.981434  0.191798  
0.734629  0.678469  4.78333e-17  
0.819152  0.50337  0.274972  
0.290408  0.84523  0.448609  
2.41703e-17  0.394732  0.918796  
4.02388e-17  0.657149  0.75376  
0.500382  0.647946  0.574268  
0.30526  0.583936  0.75222  
0.434672  2.931e-17  0.900589  
0.751275  0  0.659989  
0.872454  0.270907  0.406735  
0.61364  0.592748  0.521628  
0.785902  0.465735  0.406753  
0.4901  0  0.871666  
0.563096  0.552687  0.614378  
0.820009  0.335163  0.463951  
0.441275  0.897372  0  
4.30509e-17  0.703075  0.711115  
3.73555e-17  0.610062  0.792354  
5.86564e-17  0.957932  0.286996  
0.948498  0  0.316783  
2.78577e-17  0.454951  0.890517  
0.298384  0.427838  0.853183  
5.70082e-17  0.931015  0.364982  
3.11922e-17  0.509407  0.860526  
1.38662e-17  0.226453  0.974022  
0.960104  0.279642  2.04637e-17  
0.936501  0.350666  2.04637e-17  
0.649548  0.760321  8.23369e-17  
0.252989  0.265389  0.930358  
0.891192  4.19324e-17  0.453626  
0.563682  0.680979  0.467471  
0.375287  0  0.926909  
0.846014  0.533161  4.51554e-17  
0.689385  0.724395  0  
0.618171  0.711918  0.333222  
0.54793  0.836524  0  
0.733148  0.680069  0  
0.90917  0.416425  0  
0.61367  0.592212  0.522201  
0.982271  0.187464  2.04637e-17  
0.936024  0.351936  4.51554e-17  
0.845619  0.533787  0  
0.350565  0.699906  0.622282  
0.441636  0.725552  0.527761  
0.750573  0.573246  0.328678  
0.534396  0.486507  0.691182  
0.778076  0.295669  0.554236  
0.346743  0.491299  0.798996  
0.599371  0.800471  4.51554e-17  
0.58545  2.75466e-17  0.810709  
1.38619e-17  0.226382  0.974039  
3.12141e-17  0.509764  0.860314  
4.57771e-17  0.747597  0.664153  
0.437902  0.537171  0.720895  
0.808757  0.588143  0  
0.66093  0.627564  0.411503  
0.960013  0.279956  2.04637e-17  
0.525158  0.299488  0.796565  
0.429818  0.615412  0.6607  
0.713325  0.345844  0.609557  
0.288797  0.765824  0.574552  
0.745449  0.42538  0.513185  
0.198396  0  0.980122  
0.375287  0  0.926909  
0.372807  0.795125  0.478322  
0.788889  0  0.614536  
3.43571e-17  0.561094  0.827752  
0.66799  0  0.74417  
4.31329e-17  0.704413  0.70979  
0.710832  0  0.703361  
0.857348  0  0.514738  
0.478584  0.430209  0.765427  
0.922619  0  0.385712  
6.12323e-17  1  0  
0.290302  0.845266  0.448609  
5.30889e-17  0.867008  0.498294  
0.496405  0.868091  0  
0.347283  0.305202  0.886705  
2.40988e-17  0.393564  0.919297  
4.0361e-17  0.659146  0.752015  
0.297028  0  0.954869  
0.563073  0.552086  0.614939  
0.90614  0.308226  0.289668  
0.378462  0.925617  8.38682e-17  
0.973675  0  0.22794  
0.785514  0.465889  0.407328  
0.489487  0  0.87201  
0.56021  0.778241  0.283735  
0.853711  0.407316  0.324455  
0.707124  0.53599  0.461184  
0.30366  0.582015  0.754354  
0.297108  0.654257  0.695468  
0.774236  0.632897  0  
0.298416  0.427409  0.853387  
0.563224  0.680856  0.468203  
0.43071  0.345846  0.833594  
1.94166e-17  0.317097  0.948393  
0.751651  0  0.659561  
0.648251  0.761426  8.23369e-17  
3.74482e-17  0.611575  0.791186  
0.224276  0.974526  4.51554e-17  
0.818254  0.504827  0.274972  
5.08524e-17  0.830483  0.557044  
0.628965  2.44504e-17  0.777434  
0.880026  0.474925  0  
0.820141  0.335129  0.463742  
5.51572e-17  0.900785  0.434265  
0.672243  0.289911  0.681206  
0.588861  0.342471  0.73209  
0.252813  0.264041  0.930789  
0.948946  0  0.315438  
2.78038e-17  0.45407  0.890966  
0.360514  0.867194  0.343518  
0.872934  0.269356  0.406735  
0.891184  0  0.453641  
0.434839  0  0.900508  
0.308051  0.95137  4.51554e-17  
0.539202  2.53705e-17  0.842177  
0.62616  0.429355  0.650829  
1  6.24053e-17  5.0329e-17  
5.69968e-17  0.930828  0.365457  
6.009e-17  0.981345  0.192257  
5.86516e-17  0.957853  0.28726  
0.664685  0.486735  0.566819  
0.500985  0.64748  0.574268  
4.70309e-17  3.92109e-17  1  
0.284926  0.912042  0.294951  
0.464678  0.826169  0.318621  
0.702009  0.654541  0.280642  
0.824124  0  0.56641  
0.504994  0.756144  0.416205  
0.440939  0.897537  0  
4.84083e-17  0.790568  0.612374  
0.528574  0.486229  0.695839  
0.844753  0.535156  0  
0.973876  0  0.227078  
0.853525  0.407925  0.324178  
0.313858  0.650158  0.691945  
0.281266  0.586161  0.759806  
0.357192  0.696334  0.622521  
4.84291e-17  0.790907  0.611937  
0.296884  0.425215  0.855016  
0.525001  0.299398  0.796702  
0.37829  0.925687  8.38682e-17  
0.892133  0  0.451773  
0.772467  0.635055  0  
0.43046  0.345062  0.834048  
0.538674  2.53457e-17  0.842515  
0.666554  0.48444  0.56659  
0.817464  0.50583  0.275479  
5.69922e-17  0.930753  0.365649  
0.568179  0.54661  0.615134  
0.474807  0.430911  0.767381  
0.688696  0.72505  0  
0.415529  0.543338  0.729465  
0.503602  0.646026  0.573616  
0.433686  0  0.901064  
0.559269  0.778988  0.283542  
0.36046  0.867062  0.343906  
5.08547e-17  0.830521  0.556988  
0.198251  0  0.980151  
0.589151  0.341726  0.732205  
0.48876  0  0.872418  
0.745256  0.425256  0.513567  
0.751814  0  0.659375  
4.06178e-17  0.663339  0.74832  
0.495999  0.868323  0  
0.373545  0  0.927612  
0.857693  0  0.514163  
4.32842e-17  0.706884  0.707329  
0.959664  0.281149  2.04637e-17  
4.58178e-17  0.748262  0.663403  
0.982271  0.187464  2.04637e-17  
0.585354  2.75421e-17  0.810778  
0.710832  0  0.703361  
0.289508  0.845359  0.448947  
0.949399  0  0.314072  
0.905747  0.308578  0.29052  
0.71325  0.34427  0.610535  
0.617506  0.712468  0.333279  
0.807587  0.589748  0  
5.51572e-17  0.900785  0.434265  
0.625299  0.428765  0.652044  
0.66093  0.627564  0.411503  
0.820343  0.335368  0.463212  
0.672249  0.289898  0.681206  
0.778352  0.295774  0.553793  
0.789046  0  0.614334  
0.647325  0.762214  2.04637e-17  
0.628965  2.44504e-17  0.777434  
0.440586  0.89771  0  
0.562995  0.681045  0.468203  
3.43695e-17  0.561297  0.827615  
0.908465  0.417961  0  
0.504659  0.756368  0.416205  
6.12323e-17  1  0  
0.923438  0  0.383747  
0.292352  0.764604  0.574378  
6.00889e-17  0.981326  0.192351  
0.442698  0.724905  0.527761  
0.224276  0.974526  4.51554e-17  
4.29938e-17  4.35997e-17  1  
0.614119  0.592578  0.521258  
0.296068  0  0.955167  
0.453477  0.601801  0.657416  
0.251594  0.264074  0.93111  
0.935344  0.353739  4.51554e-17  
0.700842  0.655582  0.281126  
0.346293  0.30438  0.887375  
0.46416  0.826332  0.318953  
3.75966e-17  0.614  0.789306  
0.547124  0.837052  0  
1.38619e-17  0.226382  0.974039  
3.1199e-17  0.509518  0.86046  
0.372955  0.795055  0.478322  
0.872934  0.269356  0.406735  
0.785116  0.466558  0.407328  
0.824125  0  0.566407  
5.86389e-17  0.957645  0.287951  
0.706962  0.536204  0.461184  
2.78038e-17  0.45407  0.890966  
0.308051  0.95137  4.51554e-17  
1  6.24053e-17  5.0329e-17  
1.94114e-17  0.317012  0.948422  
0.732109  0.681187  0  
0.87922  0.476416  0  
0.338952  0.492787  0.801419  
0.750043  0.573939  0.328678  
5.30889e-17  0.867008  0.498294  
0.66799  0  0.74417  
2.40899e-17  0.393418  0.91936  
0.284926  0.912042  0.294951  
0.599371  0.800471  4.51554e-17  
0.587566  0.34177  0.733458  
0.853335  0.408839  0.323527  
0.411919  0.544044  0.730985  
0.372949  0.794951  0.478501  
0.789649  0  0.613559  
0.337466  0.491523  0.802822  
0.546831  0.837243  2.04637e-17  
4.84387e-17  0.791064  0.611734  
0.377879  0.925855  4.51554e-17  
4.58413e-17  0.748645  0.662972  
0.908329  0.418255  0  
0.457158  0.599285  0.657164  
0.62879  0  0.777576  
0.923545  0  0.38349  
3.76262e-17  0.614483  0.78893  
1.94075e-17  0.316949  0.948443  
0.598739  0.800944  4.51554e-17  
0.524348  0.30054  0.796702  
0.778858  0.295676  0.553133  
0.61585  0.590658  0.521394  
4.06975e-17  0.664641  0.747163  
0.347178  0.302626  0.887629  
0.892133  0  0.451773  
0.785133  0.466807  0.40701  
5.30945e-17  0.867098  0.498137  
0.58514  0  0.810932  
1.3803e-17  0.225419  0.974262  
0.661016  0.627646  0.41124  
0.905749  0.309476  0.289557  
0.752366  0  0.658746  
0.472593  0.433008  0.767568  
0.360011  0.867249  0.343906  
0.463512  0.826764  0.318774  
0.44016  0.897919  0  
0.820379  0.335383  0.463137  
0.442885  0.724726  0.527849  
0.807259  0.590197  0  
0.707579  0.535389  0.461184  
0.982206  0.187807  2.04637e-17  
0.279987  0.585053  0.761131  
0.316545  0.648854  0.691945  
0.713817  0.343499  0.610307  
0.570329  0.545032  0.614544  
0.291648  0.764656  0.574668  
0.538674  2.53457e-17  0.842515  
0.749961  0.574046  0.328678  
0.672256  0.28988  0.681206  
0.373476  0  0.92764  
0.504646  0.756349  0.416256  
0.873246  0.269452  0.406001  
0.360202  0.695385  0.621848  
0.878879  0.477045  4.51554e-17  
0.81699  0.506787  0.275126  
0.61737  0.712587  0.333279  
3.12056e-17  0.509626  0.860396  
0.251628  0.264116  0.931089  
0.488584  0  0.872517  
0.558744  0.779136  0.28417  
0.745837  0.424241  0.513563  
0.646953  0.762529  2.04637e-17  
0.296215  0.424256  0.855724  
0.949533  0  0.313667  
6.12323e-17  1  0  
0.824784  0  0.565448  
5.51498e-17  0.900665  0.434514  
0.711273  0  0.702916  
0.429603  0.345011  0.834511  
0.959664  0.281149  2.04637e-17  
0.307805  0.95145  4.51554e-17  
0.295864  0  0.95523  
0.858136  0  0.513423  
4.29938e-17  4.35997e-17  1  
0.433641  0  0.901086  
0.666728  0.483585  0.567115  
0.197987  0  0.980205  
0.687865  0.725839  0  
0.224276  0.974526  4.51554e-17  
3.43695e-17  0.561297  0.827615  
0.495721  0.868482  0  
0.563852  0.680993  0.467247  
0.731464  0.68188  2.04637e-17  
0.506302  0.644687  0.572745  
0.772254  0.635314  0  
6.00889e-17  0.981326  0.192351  
0.6253  0.427336  0.652981  
5.86389e-17  0.957645  0.287951  
0.844753  0.535156  0  
2.78038e-17  0.45407  0.890966  
0.700842  0.655582  0.281126  
0.289508  0.845359  0.448947  
5.69882e-17  0.930689  0.365812  
4.33325e-17  0.707674  0.706539  
0.529249  0.484961  0.69621  
2.40818e-17  0.393285  0.919417  
0.66802  0  0.744143  
1  6.24053e-17  5.0329e-17  
0.935344  0.353739  4.51554e-17  
5.08663e-17  0.830709  0.556707  
0.284926  0.912042  0.294951  
0.973876  0  0.227078  
0.197678  0  0.980267  
0.469259  0.43466  0.768678  
0.443562  0.724312  0.527849  
0.843621  0.53694  2.04637e-17  
0.46338  0.826734  0.319045  
0.569372  0.546081  0.614501  
0.622377  0.431132  0.653278  
0.315999  0.648739  0.692302  
0.538572  0  0.842579  
0.711419  0.341628  0.614144  
0.660527  0.299214  0.688605  
0.336355  0.492283  0.802822  
0.581509  0.347426  0.735624  
0.45611  0.600181  0.657074  
0.778118  0.296751  0.553598  
0.276832  0.585943  0.7616  
3.12337e-17  0.510085  0.860124  
0.753465  4.70202e-17  0.657489  
0.666849  0.483394  0.567135  
4.58628e-17  0.748996  0.662575  
0.28456  0.912157  0.294951  
0.289515  0.845356  0.448947  
3.76657e-17  0.615128  0.788427  
0.745329  0.423952  0.514538  
0.949598  0  0.313469  
0.853427  0.408928  0.323172  
0.687049  0.726611  2.04637e-17  
0.616854  0.713047  0.333249  
0.564125  0.680766  0.467247  
0.72993  0.683522  5.0329e-17  
0.586003  0  0.810309  
5.86388e-17  0.957644  0.287954  
4.07263e-17  0.665111  0.746744  
0.973938  0  0.226812  
0.525922  0.487881  0.69669  
0.506696  0.64451  0.572596  
2.78006e-17  0.454018  0.890992  
0.224141  0.974557  4.51554e-17  
0.699503  0.656931  0.281315  
0.523772  0.30021  0.797206  
0.660905  0.627763  0.41124  
0.359167  0.867567  0.343985  
0.597662  0.801748  2.04637e-17  
3.44058e-17  0.561889  0.827212  
0.825045  0  0.565067  
0.295681  0  0.955287  
1.3803e-17  0.225419  0.974262  
0.820476  0.335267  0.463051  
0.923657  0  0.38322  
0.714422  0  0.699715  
0.785133  0.466807  0.40701  
0.789786  4.92868e-17  0.613383  
0.892269  0  0.451504  
0.377525  0.925999  2.04637e-17  
0.557901  0.779898  0.283737  
0.291917  0.764553  0.574668  
4.33652e-17  0.708208  0.706004  
0.873176  0.26968  0.406001  
0.54551  0.838104  2.04637e-17  
0.771172  0.636627  2.04637e-17  
0.346531  0.302795  0.887824  
0.707579  0.535389  0.461184  
0.360492  0.694977  0.622135  
0.935302  0.353852  4.51554e-17  
0.631058  0  0.775736  
5.51498e-17  0.900665  0.434514  
1.93608e-17  0.316186  0.948697  
0.433462  0  0.901172  
0.251464  0.264379  0.931058  
0.307805  0.95145  4.51554e-17  
0.908055  0.41885  4.51554e-17  
0.858136  0  0.513423  
0.645898  0.763424  2.04637e-17  
0.295627  0.424666  0.855724  
0.673591  0  0.739104  
6.12323e-17  1  0  
4.29938e-17  4.35997e-17  1  
0.409715  0.545706  0.730985  
0.504221  0.756512  0.416474  
0.982152  0.18809  2.04637e-17  
0.44016  0.897919  0  
0.878438  0.477857  4.51554e-17  
6.00845e-17  0.981254  0.192717  
0.428202  0.345618  0.83498  
0.372947  0  0.927853  
0.372949  0.794951  0.478501  
0.806263  0.591558  2.04637e-17  
4.84387e-17  0.791064  0.611734  
0.816995  0.506791  0.275103  
0.494782  0.869017  5.0329e-17  
5.30926e-17  0.867069  0.498189  
5.69862e-17  0.930656  0.365896  
0.488584  0  0.872517  
0.749478  0.574677  0.328678  
2.40818e-17  0.393285  0.919417  
0.615732  0.590545  0.521661  
1  6.24053e-17  5.0329e-17  
0.959664  0.281149  2.04637e-17  
5.08663e-17  0.830709  0.556707  
0.905779  0.309388  0.289557  
0.853094  0.409623  0.323172  
0.569284  0.546172  0.614501  
0.892509  0  0.45103  
0.7904  4.93252e-17  0.612591  
0.62106  0.431455  0.654317  
0.346841  0.30244  0.887824  
1.38108e-17  0.225548  0.974232  
0.468954  0.434989  0.768678  
0.409486  0.545878  0.730985  
0.456306  0.600439  0.656702  
0.27727  0.585988  0.761406  
1.93665e-17  0.316279  0.948666  
0.289471  0.845064  0.449526  
0.545238  0.838281  2.04637e-17  
0.462974  0.826962  0.319045  
0.427634  0.346211  0.835025  
0.686857  0.726793  2.04637e-17  
0.525199  0.488121  0.697068  
0.64545  0.763803  2.04637e-17  
0.36023  0.695433  0.621778  
4.07472e-17  0.665452  0.746441  
0.295415  0.424361  0.855949  
0.359046  0.867275  0.344848  
0.959429  0.281951  2.04637e-17  
6.00868e-17  0.981292  0.192527  
0.538932  0  0.842349  
0.816557  0.507497  0.275103  
0.707247  0.535137  0.461985  
3.44331e-17  0.562336  0.826909  
0.749469  0.574693  0.328669  
0.673913  0  0.738811  
0.597125  0.802148  4.51554e-17  
3.76893e-17  0.615513  0.788126  
4.58628e-17  0.748996  0.662575  
3.12269e-17  0.509974  0.86019  
0.923729  0  0.383046  
0.98202  0.188779  2.04637e-17  
0.307383  0.951586  4.51554e-17  
0.745023  0.423779  0.515123  
0.660905  0.627763  0.41124  
0.631335  0  0.77551  
0.251315  0.264222  0.931143  
2.78006e-17  0.454018  0.890992  
5.86388e-17  0.957644  0.287954  
0.295681  0  0.955287  
0.372948  0.794759  0.478819  
2.40669e-17  0.393042  0.919521  
4.3372e-17  0.708318  0.705893  
0.714795  0  0.699334  
0.858371  0  0.51303  
0.494264  0.869312  2.04637e-17  
0.316306  0.64913  0.691795  
0.376977  0.926223  2.04637e-17  
0.699503  0.656931  0.281315  
0.71128  0.341561  0.614343  
0.873293  0.269716  0.405725  
0.506424  0.64487  0.572432  
0.291961  0.764666  0.574496  
0.825257  0  0.564758  
0.439175  0.898402  0  
0.224141  0.974557  4.51554e-17  
0.753316  0  0.657659  
0.666305  0.483  0.568109  
0.820439  0.335635  0.462849  
5.51498e-17  0.900665  0.434514  
0.284575  0.912206  0.294783  
0.557857  0.779929  0.283737  
0.878059  0.478553  4.51554e-17  
0.973891  0  0.227017  
0.564125  0.680766  0.467247  
0.433249  0  0.901274  
0.784869  0.46665  0.4077  
0.843494  0.537139  2.04637e-17  
0.778123  0.296739  0.553598  
0.730254  0.683176  2.04637e-17  
0.50405  0.756626  0.416474  
0.659749  0.300901  0.688615  
0.907875  0.41924  0  
0.935063  0.354482  4.51554e-17  
6.12323e-17  1  0  
0.443617  0.724278  0.527849  
0.580277  0.347386  0.736614  
0.616549  0.713311  0.333249  
0.949598  0  0.313469  
4.84427e-17  0.791129  0.611649  
0.806263  0.591558  2.04637e-17  
4.29938e-17  4.35997e-17  1  
0.770988  0.63685  2.04637e-17  
0.372947  0  0.927853  
5.30926e-17  0.867069  0.498189  
5.69862e-17  0.930656  0.365896  
0.488584  0  0.872517  
0.586259  0  0.810124  
0.52224  0.300299  0.798176  
0.615732  0.590545  0.521661  
1  6.24053e-17  5.0329e-17  
0.335016  0.492582  0.803198  
5.08663e-17  0.830709  0.556707  
0.905779  0.309388  0.289557  
0.197678  0  0.980267  
0.699444  0.656959  0.281395  
0.522451  0.299932  0.798176  
0.853113  0.409819  0.322873  
0.748744  0.575285  0.329287  
0.433195  0  0.9013  
4.58859e-17  0.749374  0.662147  
2.406e-17  0.39293  0.919568  
0.35862  0.867451  0.344848  
0.288884  0.845298  0.449462  
0.858693  0  0.51249  
0.525107  0.48811  0.697145  
0.616506  0.713398  0.333144  
0.892606  0  0.450838  
0.660523  0.628021  0.411459  
0.631879  0  0.775067  
3.12354e-17  0.510114  0.860107  
0.360252  0.695476  0.621716  
0.711275  0.341108  0.6146  
0.715087  0  0.699036  
0.778209  0.296135  0.5538  
0.376899  0.926254  2.04637e-17  
0.468181  0.434597  0.769371  
4.07566e-17  0.665605  0.746304  
0.959429  0.281951  2.04637e-17  
0.923773  0  0.382942  
3.77042e-17  0.615756  0.787937  
0.506488  0.644951  0.572283  
0.488578  0  0.87252  
0.276941  0.586271  0.761308  
0.373025  0.794723  0.478819  
0.334146  0.493072  0.80326  
0.456334  0.600476  0.656649  
0.982089  0.188417  2.04637e-17  
4.3393e-17  0.708662  0.705548  
0.744929  0.423631  0.515381  
0.346947  0.302318  0.887824  
0.504031  0.756639  0.416474  
0.545238  0.838281  2.04637e-17  
0.61553  0.590325  0.522148  
0.295206  0  0.955434  
3.44331e-17  0.562336  0.826909  
0.753564  4.70264e-17  0.657375  
2.78006e-17  0.454018  0.890992  
0.790365  4.9323e-17  0.612636  
0.686857  0.726793  2.04637e-17  
0.674654  0  0.738134  
0.843363  0.537344  2.04637e-17  
1.38108e-17  0.225548  0.974232  
0.58019  0.347334  0.736708  
0.620899  0.431494  0.654445  
0.494264  0.869312  2.04637e-17  
0.316306  0.64913  0.691795  
0.905699  0.309623  0.289557  
0.37255  0  0.928012  
6.00868e-17  0.981292  0.192527  
0.873293  0.269716  0.405725  
4.84595e-17  0.791403  0.611294  
0.539339  0  0.842088  
0.934934  0.354823  4.51554e-17  
0.443654  0.724339  0.527735  
0.224141  0.974557  4.51554e-17  
0.586838  0  0.809705  
0.666305  0.483  0.568109  
0.820439  0.335635  0.462849  
5.51498e-17  0.900665  0.434514  
0.284575  0.912206  0.294783  
0.197525  0  0.980298  
0.64545  0.763803  2.04637e-17  
0.973891  0  0.227017  
0.307193  0.951647  2.04637e-17  
0.439175  0.898402  0  
0.597125  0.802148  4.51554e-17  
0.409486  0.545878  0.730985  
0.825684  5.15271e-17  0.564133  
0.730254  0.683176  2.04637e-17  
0.569023  0.546246  0.614677  
0.659749  0.300901  0.688615  
0.907875  0.41924  0  
1.93659e-17  0.316269  0.94867  
6.12323e-17  1  0  
0.557857  0.779929  0.283737  
0.81642  0.507718  0.275103  
0.806088  0.591795  2.04637e-17  
0.949598  0  0.313469  
0.707247  0.535137  0.461985  
0.291976  0.764706  0.574435  
0.462935  0.826892  0.319282  
0.770988  0.63685  2.04637e-17  
5.86388e-17  0.957644  0.287954  
5.30926e-17  0.867069  0.498189  
5.69862e-17  0.930656  0.365896  
0.251315  0.264222  0.931143  
0.42731  0.346021  0.83527  
0.784608  0.466755  0.408082  
0.878115  0.478449  2.04637e-17  
1  6.24053e-17  5.0329e-17  
4.29938e-17  4.35997e-17  1  
5.08663e-17  0.830709  0.556707  
0.295415  0.424361  0.855949  
0.564149  0.680794  0.467178  
0.790727  4.93456e-17  0.612169  
0.596791  0.802396  4.51554e-17  
0.462529  0.827023  0.319529  
0.748892  0.57511  0.329256  
0.729985  0.683463  2.04637e-17  
0.70697  0.535341  0.462173  
0.616349  0.713533  0.333144  
0.7709  0.636956  2.04637e-17  
0.843244  0.537531  2.04637e-17  
0.806051  0.591846  2.04637e-17  
0.251237  0.264141  0.931187  
0.443763  0.724516  0.527401  
0.905639  0.309602  0.289768  
0.699054  0.657518  0.281056  
0.358616  0.867453  0.344848  
0.544942  0.838474  2.04637e-17  
0.660502  0.628044  0.411459  
1.93623e-17  0.316211  0.948689  
0.427254  0.346072  0.835278  
0.557327  0.780252  0.28389  
0.409445  0.545823  0.731048  
0.877938  0.478774  2.04637e-17  
0.288884  0.845298  0.449462  
0.295382  0.424315  0.855983  
0.853084  0.409805  0.322967  
0.816164  0.508063  0.275223  
0.503564  0.756949  0.416474  
0.858693  0  0.51249  
0.892606  0  0.450838  
4.84627e-17  0.791456  0.611226  
1.38004e-17  0.225378  0.974271  
0.686423  0.727202  2.04637e-17  
0.524903  0.487921  0.697431  
3.77068e-17  0.615799  0.787904  
0.620812  0.431433  0.654567  
0.659839  0.300703  0.688615  
0.522417  0.299913  0.798206  
0.37275  0.794874  0.478783  
4.58891e-17  0.749427  0.662088  
0.934923  0.354851  2.04637e-17  
0.631879  0  0.775067  
0.784407  0.467092  0.408082  
2.78006e-17  0.454018  0.890992  
0.873302  0.269719  0.405703  
0.568826  0.546056  0.615028  
0.959413  0.282006  2.04637e-17  
0.488703  0  0.87245  
0.360252  0.695476  0.621716  
3.44413e-17  0.56247  0.826818  
0.433195  0  0.9013  
0.334146  0.493072  0.80326  
4.07566e-17  0.665605  0.746304  
0.506488  0.644951  0.572283  
0.37255  0  0.928012  
0.580104  0.347478  0.736708  
0.295206  0  0.955434  
0.711071  0.341094  0.614844  
6.00868e-17  0.981292  0.192527  
0.456334  0.600476  0.656649  
0.778168  0.296243  0.5538  
0.224141  0.974557  4.51554e-17  
0.586838  0  0.809705  
0.615546  0.59034  0.522113  
0.666064  0.482826  0.56854  
5.51498e-17  0.900665  0.434514  
0.923799  0  0.382879  
0.31617  0.649197  0.691795  
0.645015  0.76417  2.04637e-17  
0.973891  0  0.227017  
0.277014  0.586335  0.761233  
0.284583  0.912231  0.294699  
4.3393e-17  0.708662  0.705548  
0.563969  0.680943  0.467178  
0.825684  5.15271e-17  0.564133  
0.715104  0  0.699018  
0.539339  0  0.842088  
0.820439  0.335635  0.462849  
0.982089  0.188417  2.04637e-17  
0.376899  0.926254  2.04637e-17  
6.12323e-17  1  0  
2.406e-17  0.39293  0.919568  
0.744929  0.423631  0.515381  
0.494231  0.869331  2.04637e-17  
0.949598  0  0.313469  
3.12354e-17  0.510114  0.860107  
0.291976  0.764706  0.574435  
0.439175  0.898402  0  
0.346724  0.301869  0.888064  
5.86388e-17  0.957644  0.287954  
5.30926e-17  0.867069  0.498189  
5.69862e-17  0.930656  0.365896  
0.753564  4.70264e-17  0.657375  
0.197525  0  0.980298  
0.307193  0.951647  2.04637e-17  
0.907773  0.419461  2.04637e-17  
1  6.24053e-17  5.0329e-17  
4.29938e-17  4.35997e-17  1  
5.08663e-17  0.830709  0.556707  
0.468181  0.434597  0.769371  
0.674654  0  0.738134  
0.557344  0.780275  0.283794  
0.770081  0.637946  2.04637e-17  
0.875101  0.273713  0.399098  
0.524651  0.488192  0.697431  
0.674782  0  0.738017  
0.729568  0.683909  2.04637e-17  
0.825686  5.15272e-17  0.56413  
0.620773  0.431406  0.654621  
0.805441  0.592676  2.04637e-17  
0.854462  0.406924  0.322967  
4.0769e-17  0.665809  0.746123  
0.372491  0.794995  0.478783  
0.666086  0.482796  0.56854  
0.78486  0.46627  0.408151  
0.821092  0.335154  0.462039  
0.923714  0  0.383082  
0.934009  0.357251  2.04637e-17  
3.12476e-17  0.510312  0.859989  
0.456185  0.600589  0.656649  
0.409432  0.545805  0.731069  
0.223422  0.974722  2.04637e-17  
0.911548  0.302029  0.279031  
0.493872  0.869535  2.04637e-17  
0.295382  0.424315  0.855983  
0.778161  0.296263  0.5538  
0.859049  5.36092e-17  0.511893  
0.506469  0.644927  0.572327  
0.904953  0.425511  5.0329e-17  
0.876471  0.481455  2.04637e-17  
0.360279  0.695528  0.621642  
0.596645  0.802505  5.0329e-17  
0.291884  0.764741  0.574435  
0.982074  0.188495  2.04637e-17  
0.358644  0.867521  0.344646  
0.744862  0.423594  0.515508  
0.81574  0.507672  0.277194  
0.973948  0  0.22677  
0.616152  0.713703  0.333144  
0.707081  0.535194  0.462173  
0.544942  0.838474  2.04637e-17  
0.711072  0.341051  0.614867  
4.34025e-17  0.708816  0.705393  
5.08812e-17  0.830953  0.556342  
1.38029e-17  0.225418  0.974262  
0.334052  0.493049  0.803313  
0.427222  0.34611  0.835278  
0.346634  0.301971  0.888064  
0.71519  0  0.69893  
3.44413e-17  0.56247  0.826818  
0.433195  0  0.9013  
0.686027  0.727576  2.04637e-17  
0.631958  0  0.775003  
0.306922  0.951735  2.04637e-17  
0.37255  0  0.928012  
0.580104  0.347478  0.736708  
0.443595  0.724433  0.527655  
4.58891e-17  0.749427  0.662088  
0.28869  0.845365  0.449462  
0.659839  0.300703  0.688615  
0.842683  0.53841  2.04637e-17  
0.488703  0  0.87245  
0.586838  0  0.809705  
0.615546  0.59034  0.522113  
0.748771  0.575267  0.329256  
0.660339  0.628215  0.411459  
3.77069e-17  0.6158  0.787902  
0.31617  0.649197  0.691795  
0.959413  0.282006  2.04637e-17  
0.790727  4.93456e-17  0.612169  
0.277014  0.586335  0.761233  
0.284583  0.912231  0.294699  
0.892606  0  0.450838  
0.563969  0.680943  0.467178  
0.522284  0.299836  0.798322  
2.78006e-17  0.454018  0.890992  
0.539339  0  0.842088  
0.251237  0.264141  0.931187  
0.949907  0  0.312534  
0.376899  0.926254  2.04637e-17  
6.12323e-17  1  0  
2.406e-17  0.39293  0.919568  
0.19752  0  0.980299  
0.568826  0.546056  0.615028  
1.93623e-17  0.316211  0.948689  
0.645015  0.76417  2.04637e-17  
0.295206  0  0.955434  
0.439175  0.898402  0  
6.00868e-17  0.981292  0.192527  
5.86388e-17  0.957644  0.287954  
5.30926e-17  0.867069  0.498189  
5.69862e-17  0.930656  0.365896  
0.753564  4.70264e-17  0.657375  
5.51498e-17  0.900665  0.434514  
0.462529  0.827023  0.319529  
0.699054  0.657518  0.281056  
1  6.24053e-17  5.0329e-17  
4.29938e-17  4.35997e-17  1  
0.503564  0.756949  0.416474  
0.468181  0.434597  0.769371  
4.84653e-17  0.791499  0.61117  
