0.7856  0.440178  0.115119  0.823544  0.688394  0.129925  0.7856  0.440178  0.115119  0.823544  0.688394  0.129925  
0.311165  0.516518  0.642008  0.491035  0.0853253  0.414181  0.311165  0.516518  0.642008  0.491035  0.0853253  0.414181  
0.286007  0.0876902  0.365038  0.480354  0.639471  0.130226  0.286007  0.0876902  0.365038  0.480354  0.639471  0.130226  
0.777181  0.894963  0.81924  0.601784  0.377995  0.894619  0.777181  0.894963  0.81924  0.601784  0.377995  0.894619  
0.197007  0.185595  0.946704  0.776707  0.0319536  0.681618  0.197007  0.185595  0.946704  0.776707  0.0319536  0.681618  
0.809431  0.817554  0.121796  0.92455  0.641098  0.81019  0.809431  0.817554  0.121796  0.92455  0.641098  0.81019  
0.0544753  0.952263  0.326708  0.696483  0.443298  0.412034  0.0544753  0.952263  0.326708  0.696483  0.443298  0.412034  
0.110665  0.729305  0.499724  0.475702  0.209659  0.139194  0.110665  0.729305  0.499724  0.475702  0.209659  0.139194  
0.605928  0.98684  0.0341579  0.425168  0.588623  0.412152  0.605928  0.98684  0.0341579  0.425168  0.588623  0.412152  
0.319787  0.78563  0.597747  0.266491  0.562337  0.629701  0.319787  0.78563  0.597747  0.266491  0.562337  0.629701  
0.948109  0.371768  0.447255  0.0699049  0.296317  0.0883525  0.948109  0.371768  0.447255  0.0699049  0.296317  0.0883525  
0.880095  0.350793  0.0406153  0.206803  0.0472758  0.483913  0.880095  0.350793  0.0406153  0.206803  0.0472758  0.483913  
0.618837  0.157941  0.213218  0.118561  0.633643  0.422877  0.618837  0.157941  0.213218  0.118561  0.633643  0.422877  
0.257755  0.239571  0.409716  0.291913  0.664739  0.998339  0.257755  0.239571  0.409716  0.291913  0.664739  0.998339  
0.704066  0.984526  0.783969  0.301813  0.251017  0.346306  0.704066  0.984526  0.783969  0.301813  0.251017  0.346306  
0.931514  0.199127  0.718073  0.378768  0.269032  0.0143908  0.931514  0.199127  0.718073  0.378768  0.269032  0.0143908  
0.467121  0.149126  0.365183  0.507736  0.35593  0.412459  0.467121  0.149126  0.365183  0.507736  0.35593  0.412459  
0.991649  0.974766  0.5704  0.204867  0.0933273  0.204043  0.991649  0.974766  0.5704  0.204867  0.0933273  0.204043  
0.627744  0.351083  0.443614  0.03746  0.642996  0.108353  0.627744  0.351083  0.443614  0.03746  0.642996  0.108353  
0.0357994  0.347061  0.0928791  0.819769  0.648874  0.343897  0.0357994  0.347061  0.0928791  0.819769  0.648874  0.343897  
0.166075  0.580388  0.543023  0.884148  0.959156  0.812055  0.166075  0.580388  0.543023  0.884148  0.959156  0.812055  
0.898539  0.426277  0.961181  0.263722  0.934013  0.317111  0.898539  0.426277  0.961181  0.263722  0.934013  0.317111  
0.676181  0.925662  0.291877  0.246581  0.130529  0.385205  0.676181  0.925662  0.291877  0.246581  0.130529  0.385205  
0.450624  0.758273  0.736287  0.894237  0.795733  0.379283  0.450624  0.758273  0.736287  0.894237  0.795733  0.379283  
0.00259029  0.831532  0.726344  0.0954694  0.651301  0.375218  0.00259029  0.831532  0.726344  0.0954694  0.651301  0.375218  
0.439366  0.817376  0.955606  0.982389  0.701524  0.914762  0.439366  0.817376  0.955606  0.982389  0.701524  0.914762  
0.794444  0.600063  0.341038  0.755626  0.863785  0.275051  0.794444  0.600063  0.341038  0.755626  0.863785  0.275051  
0.0727363  0.539966  0.200713  0.364614  0.786548  0.331241  0.0727363  0.539966  0.200713  0.364614  0.786548  0.331241  
0.749818  0.237171  0.0895141  0.486105  0.131409  0.885247  0.749818  0.237171  0.0895141  0.486105  0.131409  0.885247  
0.865388  0.133999  0.716779  0.591732  0.229468  0.36808  0.865388  0.133999  0.716779  0.591732  0.229468  0.36808  
0.96695  0.668834  0.185455  0.922556  0.651224  0.886979  0.96695  0.668834  0.185455  0.922556  0.651224  0.886979  
0.837318  0.445668  0.487042  0.178356  0.201294  0.350827  0.837318  0.445668  0.487042  0.178356  0.201294  0.350827  
0.453407  0.27403  0.890793  0.65412  0.638644  0.677341  0.453407  0.27403  0.890793  0.65412  0.638644  0.677341  
0.985361  0.388462  0.914512  0.0748754  0.874567  0.0459207  0.985361  0.388462  0.914512  0.0748754  0.874567  0.0459207  
0.960122  0.739955  0.17992  0.676901  0.331687  0.409388  0.960122  0.739955  0.17992  0.676901  0.331687  0.409388  
0.0449806  0.298638  0.0782226  0.230436  0.221194  0.729446  0.0449806  0.298638  0.0782226  0.230436  0.221194  0.729446  
0.117415  0.0585121  0.175115  0.604457  0.236868  0.376408  0.117415  0.0585121  0.175115  0.604457  0.236868  0.376408  
0.955283  0.690276  0.650438  0.846077  0.344396  0.289082  0.955283  0.690276  0.650438  0.846077  0.344396  0.289082  
0.523417  0.329757  0.677543  0.437929  0.404632  0.55211  0.523417  0.329757  0.677543  0.437929  0.404632  0.55211  
0.48385  0.364754  0.292065  0.66377  0.0416554  0.623752  0.48385  0.364754  0.292065  0.66377  0.0416554  0.623752  
0.0731577  0.086636  0.92239  0.15138  0.317072  0.143583  0.0731577  0.086636  0.92239  0.15138  0.317072  0.143583  
0.880827  0.434487  0.202096  0.0559412  0.0389437  0.438964  0.880827  0.434487  0.202096  0.0559412  0.0389437  0.438964  
0.432349  0.994227  0.12924  0.0827874  0.840304  0.473635  0.432349  0.994227  0.12924  0.0827874  0.840304  0.473635  
0.371869  0.363721  0.803392  0.0494122  0.801651  0.208025  0.371869  0.363721  0.803392  0.0494122  0.801651  0.208025  
0.601522  0.285501  0.572779  0.893587  0.94927  0.614434  0.601522  0.285501  0.572779  0.893587  0.94927  0.614434  
0.517339  0.022428  0.70107  0.439729  0.173808  0.0181424  0.517339  0.022428  0.70107  0.439729  0.173808  0.0181424  
0.583312  0.054635  0.452629  0.785408  0.110576  0.491573  0.583312  0.054635  0.452629  0.785408  0.110576  0.491573  
0.224372  0.542926  0.4858  0.353611  0.625713  0.326104  0.224372  0.542926  0.4858  0.353611  0.625713  0.326104  
0.827247  0.997582  0.689825  0.630639  0.0469941  0.491476  0.827247  0.997582  0.689825  0.630639  0.0469941  0.491476  
0.838664  0.648516  0.776976  0.411443  0.542104  0.726246  0.838664  0.648516  0.776976  0.411443  0.542104  0.726246  
0.0258774  0.0594427  0.748674  0.726948  0.499171  0.922483  0.0258774  0.0594427  0.748674  0.726948  0.499171  0.922483  
0.74509  0.0824835  0.977118  0.19772  0.867891  0.0876939  0.74509  0.0824835  0.977118  0.19772  0.867891  0.0876939  
0.689293  0.0922627  0.630619  0.175093  0.445874  0.256332  0.689293  0.0922627  0.630619  0.175093  0.445874  0.256332  
0.501197  0.273121  0.253914  0.191022  0.90376  0.300908  0.501197  0.273121  0.253914  0.191022  0.90376  0.300908  
0.682497  0.742424  0.949425  0.459474  0.153867  0.491528  0.682497  0.742424  0.949425  0.459474  0.153867  0.491528  
0.18572  0.179744  0.550971  0.934394  0.906692  0.0501422  0.18572  0.179744  0.550971  0.934394  0.906692  0.0501422  
0.856877  0.651782  0.132626  0.833995  0.849502  0.000516782  0.856877  0.651782  0.132626  0.833995  0.849502  0.000516782  
0.921689  0.538794  0.0927795  0.552308  0.713887  0.538654  0.921689  0.538794  0.0927795  0.552308  0.713887  0.538654  
0.80864  0.215084  0.811775  0.0625545  0.406105  0.715535  0.80864  0.215084  0.811775  0.0625545  0.406105  0.715535  
0.363463  0.0886027  0.457958  0.312887  0.548076  0.611825  0.363463  0.0886027  0.457958  0.312887  0.548076  0.611825  
0.804416  0.733796  0.791569  0.355386  0.668191  0.698261  0.804416  0.733796  0.791569  0.355386  0.668191  0.698261  
0.405529  0.525068  0.350044  0.538154  0.359062  0.199545  0.405529  0.525068  0.350044  0.538154  0.359062  0.199545  
0.538671  0.280751  0.73834  0.631451  0.833059  0.452227  0.538671  0.280751  0.73834  0.631451  0.833059  0.452227  
0.170104  0.641699  0.667311  0.981879  0.704254  0.0734162  0.170104  0.641699  0.667311  0.981879  0.704254  0.0734162  
0.697413  0.0677165  0.162019  0.155372  0.380604  0.710095  0.697413  0.0677165  0.162019  0.155372  0.380604  0.710095  
0.767197  0.18502  0.443891  0.558766  0.540406  0.112082  0.767197  0.18502  0.443891  0.558766  0.540406  0.112082  
0.257027  0.945935  0.63715  0.607071  0.484089  0.996212  0.257027  0.945935  0.63715  0.607071  0.484089  0.996212  
0.806616  0.0227599  0.276963  0.544956  0.65421  0.110022  0.806616  0.0227599  0.276963  0.544956  0.65421  0.110022  
0.997183  0.824315  0.751721  0.664494  0.806193  0.455974  0.997183  0.824315  0.751721  0.664494  0.806193  0.455974  
0.73791  0.503607  0.523691  0.899929  0.658978  0.904295  0.73791  0.503607  0.523691  0.899929  0.658978  0.904295  
0.610024  0.426175  0.0893145  0.0539156  0.984941  0.629721  0.610024  0.426175  0.0893145  0.0539156  0.984941  0.629721  
0.165998  0.241968  0.575655  0.803147  0.849038  0.0597441  0.165998  0.241968  0.575655  0.803147  0.849038  0.0597441  
0.799359  0.655654  0.082504  0.0763221  0.20061  0.736714  0.799359  0.655654  0.082504  0.0763221  0.20061  0.736714  
0.186344  0.197794  0.561029  0.938065  0.862287  0.367222  0.186344  0.197794  0.561029  0.938065  0.862287  0.367222  
0.394039  0.600197  0.870829  0.91773  0.500126  0.529807  0.394039  0.600197  0.870829  0.91773  0.500126  0.529807  
0.822025  0.110151  0.955982  0.911339  0.164066  0.940922  0.822025  0.110151  0.955982  0.911339  0.164066  0.940922  
0.54106  0.330064  0.18289  0.116715  0.133211  0.0319285  0.54106  0.330064  0.18289  0.116715  0.133211  0.0319285  
0.176459  0.932571  0.687583  0.258963  0.00889264  0.888193  0.176459  0.932571  0.687583  0.258963  0.00889264  0.888193  
0.995678  0.195236  0.0859868  0.556707  0.133301  0.948274  0.995678  0.195236  0.0859868  0.556707  0.133301  0.948274  
0.923929  0.52734  0.548472  0.794758  0.44507  0.048598  0.923929  0.52734  0.548472  0.794758  0.44507  0.048598  
0.324565  0.267095  0.158749  0.280547  0.178434  0.322815  0.324565  0.267095  0.158749  0.280547  0.178434  0.322815  
0.22147  0.719495  0.652879  0.40436  0.83621  0.78609  0.22147  0.719495  0.652879  0.40436  0.83621  0.78609  
0.436288  0.012669  0.71866  0.123871  0.271632  0.727553  0.436288  0.012669  0.71866  0.123871  0.271632  0.727553  
0.0120647  0.26731  0.922789  0.0980515  0.824017  0.0560904  0.0120647  0.26731  0.922789  0.0980515  0.824017  0.0560904  
0.0463257  0.747946  0.58343  0.594797  0.542704  0.0285005  0.0463257  0.747946  0.58343  0.594797  0.542704  0.0285005  
0.643395  0.86727  0.295595  0.802144  0.147817  0.47403  0.643395  0.86727  0.295595  0.802144  0.147817  0.47403  
0.124958  0.369287  0.193524  0.777837  0.773647  0.0297342  0.124958  0.369287  0.193524  0.777837  0.773647  0.0297342  
0.563927  0.209936  0.0424032  0.282587  0.333807  0.314036  0.563927  0.209936  0.0424032  0.282587  0.333807  0.314036  
0.0101399  0.345872  0.581346  0.932929  0.443923  0.405362  0.0101399  0.345872  0.581346  0.932929  0.443923  0.405362  
0.98902  0.490249  0.153308  0.57245  0.085046  0.696013  0.98902  0.490249  0.153308  0.57245  0.085046  0.696013  
0.60095  0.728441  0.563283  0.896546  0.530585  0.7111  0.60095  0.728441  0.563283  0.896546  0.530585  0.7111  
0.370576  0.655543  0.0803871  0.5641  0.43338  0.854034  0.370576  0.655543  0.0803871  0.5641  0.43338  0.854034  
0.593835  0.997307  0.0639698  0.636238  0.279894  0.397777  0.593835  0.997307  0.0639698  0.636238  0.279894  0.397777  
0.950273  0.290034  0.743648  0.531619  0.222963  0.187571  0.950273  0.290034  0.743648  0.531619  0.222963  0.187571  
0.936981  0.211983  0.67782  0.0902896  0.784433  0.762866  0.936981  0.211983  0.67782  0.0902896  0.784433  0.762866  
0.786302  0.385383  0.491307  0.349585  0.281929  0.021892  0.786302  0.385383  0.491307  0.349585  0.281929  0.021892  
0.0606853  0.652505  0.677435  0.141072  0.216605  0.110816  0.0606853  0.652505  0.677435  0.141072  0.216605  0.110816  
0.995107  0.81044  0.108123  0.0590765  0.446678  0.388017  0.995107  0.81044  0.108123  0.0590765  0.446678  0.388017  
0.456853  0.396951  0.67805  0.200501  0.92857  0.901014  0.456853  0.396951  0.67805  0.200501  0.92857  0.901014  
0.388073  0.865551  0.112996  0.0658928  0.95584  0.897429  0.388073  0.865551  0.112996  0.0658928  0.95584  0.897429  
0.742862  0.993709  0.79248  0.101008  0.00607634  0.918619  0.742862  0.993709  0.79248  0.101008  0.00607634  0.918619  
0.0776365  0.00254336  0.97643  0.0824969  0.907187  0.132611  0.0776365  0.00254336  0.97643  0.0824969  0.907187  0.132611  
1  0.989395  0.1019  0.902024  0.104378  0.999151  1  0.989395  0.1019  0.902024  0.104378  0.999151  
0.999934  0.893476  0.986646  0.106651  0.989586  0.010628  0.999934  0.893476  0.986646  0.106651  0.989586  0.010628  
0.907468  0.208119  0.0393886  0.901819  0.993485  0.999891  0.907468  0.208119  0.0393886  0.901819  0.993485  0.999891  
0.000699266  0.921611  0.801857  0.0999962  0.0979201  0.892913  0.000699266  0.921611  0.801857  0.0999962  0.0979201  0.892913  
0.00336245  0.0882794  0.108034  0.218457  0.944539  0.977343  0.00336245  0.0882794  0.108034  0.218457  0.944539  0.977343  
0.333205  0.0236046  0.25039  0.984162  0.215446  0.0200418  0.333205  0.0236046  0.25039  0.984162  0.215446  0.0200418  
0.254185  0.893406  0.000656051  0.612906  0.902279  0.229161  0.254185  0.893406  0.000656051  0.612906  0.902279  0.229161  
0.0480084  0.207039  0.342128  0.999271  0.163983  0.999658  0.0480084  0.207039  0.342128  0.999271  0.163983  0.999658  
0.0304102  0.190645  0.0514439  0.128216  0.116188  0.183851  0.0304102  0.190645  0.0514439  0.128216  0.116188  0.183851  
5.46328e-05  0.498521  0.8024  0.898813  0.757478  0.771805  5.46328e-05  0.498521  0.8024  0.898813  0.757478  0.771805  
0.946615  0.0865054  0.999274  0.10853  0.999394  0.0107761  0.946615  0.0865054  0.999274  0.10853  0.999394  0.0107761  
0.962563  0.100414  0.86193  0.203208  0.0979738  0.999544  0.962563  0.100414  0.86193  0.203208  0.0979738  0.999544  
0.997727  0.00248324  0.902456  0.998152  0.994636  0.0223845  0.997727  0.00248324  0.902456  0.998152  0.994636  0.0223845  
0.859337  0.999158  0.0336933  0.198509  0.62394  0.880052  0.859337  0.999158  0.0336933  0.198509  0.62394  0.880052  
0.0870918  0.960019  0.000900599  0.0590148  0.964611  0.902389  0.0870918  0.960019  0.000900599  0.0590148  0.964611  0.902389  
1  0.983594  0.186286  0.728156  0.110229  0.0226213  1  0.983594  0.186286  0.728156  0.110229  0.0226213  
0.092289  0.996974  0.901297  0.997868  0.60239  0.00253064  0.092289  0.996974  0.901297  0.997868  0.60239  0.00253064  
0  0.999932  0.801796  0.901869  0.0916272  0.892913  0  0.999932  0.801796  0.901869  0.0916272  0.892913  
1.55022e-05  0.000552339  0.0929782  0.903763  0.198956  0.93814  1.55022e-05  0.000552339  0.0929782  0.903763  0.198956  0.93814  
0.530703  0.500895  0.0998667  0.999483  0.203064  0.800604  0.530703  0.500895  0.0998667  0.999483  0.203064  0.800604  
0.907468  0.208119  0.0995262  0.896595  0.801311  0.999891  0.907468  0.208119  0.0995262  0.896595  0.801311  0.999891  
1.92255e-05  0.900265  0.959397  0.919651  0.728412  0.0641445  1.92255e-05  0.900265  0.959397  0.919651  0.728412  0.0641445  
0.34678  0.302848  0.300107  0.793389  0.999496  0.00125989  0.34678  0.302848  0.300107  0.793389  0.999496  0.00125989  
0.00060014  0.201142  0.296773  0.0962552  0.199842  0.991458  0.00060014  0.201142  0.296773  0.0962552  0.199842  0.991458  
0.0304102  0.201748  0.101832  0.197372  0.0981901  0.195402  0.0304102  0.201748  0.101832  0.197372  0.0981901  0.195402  
0.99747  0.100311  3.87169e-05  0.901041  0.900227  0.20024  0.99747  0.100311  3.87169e-05  0.901041  0.900227  0.20024  
0.999523  0.399384  0.00585086  0.694951  0.199834  0.29874  0.999523  0.399384  0.00585086  0.694951  0.199834  0.29874  
1  0.099825  0.800761  0.785787  0.0979738  0.999894  1  0.099825  0.800761  0.785787  0.0979738  0.999894  
0.0439399  0.00130683  0.19821  0.999271  0.999809  0.999542  0.0439399  0.00130683  0.19821  0.999271  0.999809  0.999542  
0.999957  0.902955  0.895797  0.999517  0.103398  0.595569  0.999957  0.902955  0.895797  0.999517  0.103398  0.595569  
0.685712  0.49396  0.00553887  0.199378  0.706859  0.900263  0.685712  0.49396  0.00553887  0.199378  0.706859  0.900263  
0.225045  0.00256768  0.803705  0.89897  0.500212  0.900959  0.225045  0.00256768  0.803705  0.89897  0.500212  0.900959  
0.998667  0.102461  0.966398  0.0375266  0.948339  0.878846  0.998667  0.102461  0.966398  0.0375266  0.948339  0.878846  
0.00677823  0.296435  0.99946  0.70062  0.299377  0.200181  0.00677823  0.296435  0.99946  0.70062  0.299377  0.200181  
4.27951e-11  0.996937  0.396699  0.499208  0.501132  0.199935  4.27951e-11  0.996937  0.396699  0.499208  0.501132  0.199935  
1  0.989395  0.1019  0.902024  0.51242  0.999151  1  0.989395  0.1019  0.902024  0.51242  0.999151  
0.0164312  0.399384  0.300067  0.598454  0.597574  0.598635  0.0164312  0.399384  0.300067  0.598454  0.597574  0.598635  
0  0.999724  0.801857  0.0999962  0.0979201  0.892913  0  0.999724  0.801857  0.0999962  0.0979201  0.892913  
0.999347  0.102162  0.995892  0.194217  0.900227  0.103444  0.999347  0.102162  0.995892  0.194217  0.900227  0.103444  
1  0.700131  0.901297  0.997868  0.60239  0.00253064  1  0.700131  0.901297  0.997868  0.60239  0.00253064  
0.0013097  0.998869  0.000900599  0.198509  0.606656  0.902389  0.0013097  0.998869  0.000900599  0.198509  0.606656  0.902389  
0.999957  0.00248324  0.902456  0.999517  0.999278  0.595569  0.999957  0.00248324  0.902456  0.999517  0.999278  0.595569  
0.645997  0.195836  0.401338  0.101872  0.501132  0.199935  0.645997  0.195836  0.401338  0.101872  0.501132  0.199935  
0.999983  0.000121709  0.000884399  0.896986  0.0109459  0.209662  0.999983  0.000121709  0.000884399  0.896986  0.0109459  0.209662  
0.000162352  0.899545  0.802943  0.599328  0.900904  0.900235  0.000162352  0.899545  0.802943  0.599328  0.900904  0.900235  
0.98814  0.999514  0.301416  0.19751  0.501132  0.199964  0.98814  0.999514  0.301416  0.19751  0.501132  0.199964  
2.68484e-06  0.498521  0.8024  0.00162961  0.59866  0.604264  2.68484e-06  0.498521  0.8024  0.00162961  0.59866  0.604264  
0.850424  0.902411  0.897799  0.897704  0.800294  0.898204  0.850424  0.902411  0.897799  0.897704  0.800294  0.898204  
1  0.100001  0.797595  0.00340472  0.804625  0.902291  1  0.100001  0.797595  0.00340472  0.804625  0.902291  
0.999956  0.0371692  0.00127801  0.0917641  0.152466  0.00832808  0.999956  0.0371692  0.00127801  0.0917641  0.152466  0.00832808  
0.567559  0.700379  0.997261  0.19961  0.808835  0.103568  0.567559  0.700379  0.997261  0.19961  0.808835  0.103568  
3.39836e-07  0.100443  0.307372  0.202114  0.997649  0.999558  3.39836e-07  0.100443  0.307372  0.202114  0.997649  0.999558  
1  0.0985968  0.302144  0.00184519  0.0936344  0.796945  1  0.0985968  0.302144  0.00184519  0.0936344  0.796945  
0.999934  0.894261  0.000638984  0.0917641  0.989586  0.00832808  0.999934  0.894261  0.000638984  0.0917641  0.989586  0.00832808  
5.3467e-05  0.798538  0.000718284  0.994953  0.80006  0.999392  5.3467e-05  0.798538  0.000718284  0.994953  0.80006  0.999392  
0.998869  0.399384  0.598783  0.600601  0.597574  0.60027  0.998869  0.399384  0.598783  0.600601  0.597574  0.60027  
0.261308  0.20125  0.998967  0.302132  0.988109  0.999293  0.261308  0.20125  0.998967  0.302132  0.988109  0.999293  
0.981144  0.196666  0.998954  0.704524  0.0995103  0.198324  0.981144  0.196666  0.998954  0.704524  0.0995103  0.198324  
0.999966  0.89684  0.00155846  0.700817  0.99941  0.298742  0.999966  0.89684  0.00155846  0.700817  0.99941  0.298742  
6.06459e-06  0.0962023  0.300578  0.0978498  0.999732  0.201299  6.06459e-06  0.0962023  0.300578  0.0978498  0.999732  0.201299  
0.999999  0.142677  0.366929  0.949491  0.207734  0.987868  0.999999  0.142677  0.366929  0.949491  0.207734  0.987868  
0  0.999932  0.802042  0.901869  0.100784  0.892913  0  0.999932  0.802042  0.901869  0.100784  0.892913  
0.973215  0.99835  0.801857  0.0999962  0.700903  0.694234  0.973215  0.99835  0.801857  0.0999962  0.700903  0.694234  
0.949667  0.890223  0.893718  0.896406  0.987787  0.02912  0.949667  0.890223  0.893718  0.896406  0.987787  0.02912  
1.72043e-06  0.0451677  0.917081  0.0075863  0.0078183  0.414709  1.72043e-06  0.0451677  0.917081  0.0075863  0.0078183  0.414709  
0.00112983  0.000552339  0.0929782  0.903763  0.198956  0.0892478  0.00112983  0.000552339  0.0929782  0.903763  0.198956  0.0892478  
0.988327  0.999158  0.00325656  0.198509  0.0995652  0.9033  0.988327  0.999158  0.00325656  0.198509  0.0995652  0.9033  
0.600666  0.201748  0.985612  0.00308846  0.0947548  0.9069  0.600666  0.201748  0.985612  0.00308846  0.0947548  0.9069  
5.63469e-05  0.992155  0.0254147  0.894999  0.100784  0.894758  5.63469e-05  0.992155  0.0254147  0.894999  0.100784  0.894758  
0.999851  0.405498  0.000638984  0.0917641  0.99935  0.00832808  0.999851  0.405498  0.000638984  0.0917641  0.99935  0.00832808  
0.000422679  0.997135  0.900132  0.00231697  0.0147632  0.0131416  0.000422679  0.997135  0.900132  0.00231697  0.0147632  0.0131416  
0.99747  0.0948322  3.87169e-05  0.901041  0.822254  0.20024  0.99747  0.0948322  3.87169e-05  0.901041  0.822254  0.20024  
0.999983  0.00843181  0.000884399  0.897155  0.0109459  0.993883  0.999983  0.00843181  0.000884399  0.897155  0.0109459  0.993883  
0.249147  0.00467282  0.987217  0.302009  0.906016  0.193978  0.249147  0.00467282  0.987217  0.302009  0.906016  0.193978  
0.975632  0.903218  0.990666  0.202951  0.096296  0.0953942  0.975632  0.903218  0.990666  0.202951  0.096296  0.0953942  
0.000409539  0.997135  0.158751  0.00134421  0.990757  0.197151  0.000409539  0.997135  0.158751  0.00134421  0.990757  0.197151  
0.0904951  0.0985968  0.318194  0.00184519  0.0870899  0.985541  0.0904951  0.0985968  0.318194  0.00184519  0.0870899  0.985541  
0.00227972  0.00186155  0.889116  0.983618  0.993443  0.29803  0.00227972  0.00186155  0.889116  0.983618  0.993443  0.29803  
0.973215  0.999979  0.801984  0.904591  0.0470148  0.706109  0.973215  0.999979  0.801984  0.904591  0.0470148  0.706109  
0.000442716  0.890096  0.00679526  0.901403  0.0590929  0.0300118  0.000442716  0.890096  0.00679526  0.901403  0.0590929  0.0300118  
0.31241  0.992155  0.000847702  0.0528483  0.00280993  0.620961  0.31241  0.992155  0.000847702  0.0528483  0.00280993  0.620961  
0.0697603  0.791936  0.153199  0.96595  0.0388224  0.141628  0.0697603  0.791936  0.153199  0.96595  0.0388224  0.141628  
0.0439399  0.0659876  0.246281  0.999271  0.999809  0.999542  0.0439399  0.0659876  0.246281  0.999271  0.999809  0.999542  
4.76327e-05  0.00254336  0.998456  0.00195446  0.0078183  0.414709  4.76327e-05  0.00254336  0.998456  0.00195446  0.0078183  0.414709  
0.952343  0.00292115  0.902456  0.998152  0.039466  0.0220681  0.952343  0.00292115  0.902456  0.998152  0.039466  0.0220681  
0.980764  0.467603  0.00824636  0.101205  0.0220015  0.93499  0.980764  0.467603  0.00824636  0.101205  0.0220015  0.93499  
0.000394278  0.986814  0.927499  0.168389  0.87246  0.98193  0.000394278  0.986814  0.927499  0.168389  0.87246  0.98193  
0.742862  0.993709  0.803474  0.101008  0.00607634  0.915718  0.742862  0.993709  0.803474  0.101008  0.00607634  0.915718  
0.995184  0.993733  0.953958  0.139549  0.0288161  0.0142201  0.995184  0.993733  0.953958  0.139549  0.0288161  0.0142201  
0.00445088  0.0882794  0.192231  0.0248634  0.944558  0.000151961  0.00445088  0.0882794  0.192231  0.0248634  0.944558  0.000151961  
0.969943  0.989395  0.0238881  0.902024  0.874708  0.999151  0.969943  0.989395  0.0238881  0.902024  0.874708  0.999151  
0.973215  0.99835  0.808904  0.0999962  0.700903  0.694234  0.973215  0.99835  0.808904  0.0999962  0.700903  0.694234  
0.000491481  0.00186155  0.904301  0.963377  0.522126  0.258836  0.000491481  0.00186155  0.904301  0.963377  0.522126  0.258836  
5.63469e-05  0.992155  0.0254147  0.0254025  0.00730719  0.620961  5.63469e-05  0.992155  0.0254147  0.0254025  0.00730719  0.620961  
0.000409389  0.997206  0.900132  0.0756589  0.210244  0.103057  0.000409389  0.997206  0.900132  0.0756589  0.210244  0.103057  
5.63469e-05  0.999695  0.0117199  0.894999  0.624336  0.91722  5.63469e-05  0.999695  0.0117199  0.894999  0.624336  0.91722  
0.949111  0.405498  0.000638984  0.0917641  0.99935  0.931342  0.949111  0.405498  0.000638984  0.0917641  0.99935  0.931342  
0.0289814  0.00186155  0.904301  0.0749219  0.993847  0.877309  0.0289814  0.00186155  0.904301  0.0749219  0.993847  0.877309  
0.989856  0.0928433  0.298997  0.587274  0.999992  0.000167301  0.989856  0.0928433  0.298997  0.587274  0.999992  0.000167301  
0.325049  0.785033  0.211658  0.00455936  0.899376  0.497168  0.325049  0.785033  0.211658  0.00455936  0.899376  0.497168  
0  0.997131  0.273665  0.0973297  0.977887  0.985609  0  0.997131  0.273665  0.0973297  0.977887  0.985609  
0.999784  0.20084  0.402653  0.907855  2.20735e-05  0.995564  0.999784  0.20084  0.402653  0.907855  2.20735e-05  0.995564  
0.00487509  0.20137  0.993335  0.900494  0.955997  0.902536  0.00487509  0.20137  0.993335  0.900494  0.955997  0.902536  
0.384825  0.51511  0.90582  0.799636  0.50624  0.992236  0.384825  0.51511  0.90582  0.799636  0.50624  0.992236  
0.909199  0.700131  0.206627  0.103295  0.000448741  0.600085  0.909199  0.700131  0.206627  0.103295  0.000448741  0.600085  
0.366216  0.200055  0.200703  0.900497  0.879889  0.498568  0.366216  0.200055  0.200703  0.900497  0.879889  0.498568  
0.724506  0.200043  0.603818  0.901111  0.508709  4.43662e-05  0.724506  0.200043  0.603818  0.901111  0.508709  4.43662e-05  
0.0186575  0.0991995  0.107168  0.900446  0.39597  0.907325  0.0186575  0.0991995  0.107168  0.900446  0.39597  0.907325  
1  0.672849  0.204023  0.614321  0.102202  0.102083  1  0.672849  0.204023  0.614321  0.102202  0.102083  
0  0.00562827  0.0929192  0.902163  0.895593  0.907325  0  0.00562827  0.0929192  0.902163  0.895593  0.907325  
0.910405  0.10385  0.602125  0.898991  0.0991299  0.504251  0.910405  0.10385  0.602125  0.898991  0.0991299  0.504251  
0.882691  0.899557  0.494894  0.898047  0.601737  0.100516  0.882691  0.899557  0.494894  0.898047  0.601737  0.100516  
0.89347  0.0952886  0.0994758  0.401976  0.901416  0.599767  0.89347  0.0952886  0.0994758  0.401976  0.901416  0.599767  
0.998591  0.700993  0.600308  0.99958  0.998263  0.300798  0.998591  0.700993  0.600308  0.99958  0.998263  0.300798  
0.00168134  0.894202  0.59744  0.898121  0.611195  0.300131  0.00168134  0.894202  0.59744  0.898121  0.611195  0.300131  
0.496043  0.999896  0.805284  0.29721  0.00632834  0.29758  0.496043  0.999896  0.805284  0.29721  0.00632834  0.29758  
0.871024  0.699616  0.603907  0.104172  0.504201  0.000376763  0.871024  0.699616  0.603907  0.104172  0.504201  0.000376763  
0.289995  0.595505  0.398948  0.799636  0.500522  0.999502  0.289995  0.595505  0.398948  0.799636  0.500522  0.999502  
0.000670228  0.501081  0.998497  0.302081  0.898338  0.496997  0.000670228  0.501081  0.998497  0.302081  0.898338  0.496997  
0.162451  0.702004  0.501301  0.306295  3.48046e-05  0.601633  0.162451  0.702004  0.501301  0.306295  3.48046e-05  0.601633  
0.975321  0.099984  0.600641  0.698671  0.399995  0.999699  0.975321  0.099984  0.600641  0.698671  0.399995  0.999699  
0.000193999  0.601138  0.800094  0.698881  0.199635  0.299499  0.000193999  0.601138  0.800094  0.698881  0.199635  0.299499  
3.59862e-17  0.206162  0.999489  0.700708  0.60261  0.600089  3.59862e-17  0.206162  0.999489  0.700708  0.60261  0.600089  
0.999622  0.999281  0.497988  0.602391  0.698296  0.596741  0.999622  0.999281  0.497988  0.602391  0.698296  0.596741  
0.0149808  0.300401  0.398948  0.301886  0.500289  0.998308  0.0149808  0.300401  0.398948  0.301886  0.500289  0.998308  
0.580369  0.700073  0.998998  0.60245  0.500061  0.599875  0.580369  0.700073  0.998998  0.60245  0.500061  0.599875  
0.969692  0.200677  0.5995  0.301541  0.899931  0.300796  0.969692  0.200677  0.5995  0.301541  0.899931  0.300796  
0.365616  0.499633  0.498452  0.205018  0.500086  0.402295  0.365616  0.499633  0.498452  0.205018  0.500086  0.402295  
2.06737e-18  0.703216  0.199032  0.196174  0.694684  0.197633  2.06737e-18  0.703216  0.199032  0.196174  0.694684  0.197633  
1  0.700384  0.202695  0.59989  0.203666  0.599875  1  0.700384  0.202695  0.59989  0.203666  0.599875  
1  0.700384  0.703046  0.59989  0.000489602  0.599875  1  0.700384  0.703046  0.59989  0.000489602  0.599875  
1  0.700384  0.300088  0.0982642  0.500061  0.50052  1  0.700384  0.300088  0.0982642  0.500061  0.50052  
0  0.103948  0.298997  0.604858  0.999924  0.000167301  0  0.103948  0.298997  0.604858  0.999924  0.000167301  
1  0.90422  0.701375  0.503367  0.901119  0.99988  1  0.90422  0.701375  0.503367  0.901119  0.99988  
0.000478597  0.500434  0.501335  0.59995  0.699652  0.0986083  0.000478597  0.500434  0.501335  0.59995  0.699652  0.0986083  
2.35575e-18  0.997857  0.498216  0.600866  0.299152  0.598396  2.35575e-18  0.997857  0.498216  0.600866  0.299152  0.598396  
0.999999  0.991752  0.902535  0.195744  0.500395  0.998506  0.999999  0.991752  0.902535  0.195744  0.500395  0.998506  
0.558311  0.700073  0.194227  0.60245  0.500061  0.599875  0.558311  0.700073  0.194227  0.60245  0.500061  0.599875  
0.256171  0.099984  0.600641  0.698671  0.399995  0.999699  0.256171  0.099984  0.600641  0.698671  0.399995  0.999699  
7.31305e-14  0.502182  0.0994758  0.400465  0.900113  0.599511  7.31305e-14  0.502182  0.0994758  0.400465  0.900113  0.599511  
0.165872  0.200043  0.602161  0.101525  0.501519  4.43662e-05  0.165872  0.200043  0.602161  0.101525  0.501519  4.43662e-05  
0.0356091  0.499633  0.498452  0.600102  0.500086  0.600666  0.0356091  0.499633  0.498452  0.600102  0.500086  0.600666  
0.993748  0.500521  0.602221  0.600066  0.501616  0.599782  0.993748  0.500521  0.602221  0.600066  0.501616  0.599782  
0.971095  0.996365  0.399437  0.195744  0.5  0.998506  0.971095  0.996365  0.399437  0.195744  0.5  0.998506  
6.53227e-09  0.500773  0.105445  0.698773  0.202236  0.598345  6.53227e-09  0.500773  0.105445  0.698773  0.202236  0.598345  
0  0.200043  0.597194  0.898121  0.902045  0.300131  0  0.200043  0.597194  0.898121  0.902045  0.300131  
0.547127  0.197892  0.599233  0.599955  0.999877  0.600934  0.547127  0.197892  0.599233  0.599955  0.999877  0.600934  
0.164424  0.702245  0.699858  2.2569e-05  0.70039  0.60695  0.164424  0.702245  0.699858  2.2569e-05  0.70039  0.60695  
0.63819  0.700081  0.598867  0.599955  0.999966  0.700212  0.63819  0.700081  0.598867  0.599955  0.999966  0.700212  
2.06579e-17  0.000461044  0.507474  0.699273  0.603487  0.59918  2.06579e-17  0.000461044  0.507474  0.699273  0.603487  0.59918  
0.965565  0.49475  0.498064  0.301086  0.500522  0.999445  0.965565  0.49475  0.498064  0.301086  0.500522  0.999445  
0.706446  0.496479  0.805284  0.301794  0.308336  0.30048  0.706446  0.496479  0.805284  0.301794  0.308336  0.30048  
1.31771e-07  0.201215  0.697515  0.299709  0.299567  0.600391  1.31771e-07  0.201215  0.697515  0.299709  0.299567  0.600391  
0.988707  0.500421  0.501335  0.600149  0.699652  0.100704  0.988707  0.500421  0.501335  0.600149  0.699652  0.100704  
6.34127e-09  0.403487  0.999164  0.296639  0.499642  0.0995047  6.34127e-09  0.403487  0.999164  0.296639  0.499642  0.0995047  
5.6378e-18  0.505412  0.998544  0.298912  0.599463  0.903534  5.6378e-18  0.505412  0.998544  0.298912  0.599463  0.903534  
4.92809e-16  0.20137  0.595411  0.900494  0.399959  0.000209468  4.92809e-16  0.20137  0.595411  0.900494  0.399959  0.000209468  
0.295532  0.200043  0.299774  0.60205  0.503906  0.303409  0.295532  0.200043  0.299774  0.60205  0.503906  0.303409  
5.94609e-16  0.200043  0.601236  0.198508  0.899931  0.300796  5.94609e-16  0.200043  0.601236  0.198508  0.899931  0.300796  
0  0.510962  0.0929192  0.89809  0.999965  0.30755  0  0.510962  0.0929192  0.89809  0.999965  0.30755  
0.99883  0.703255  0.99989  0.307838  0.49991  0.599868  0.99883  0.703255  0.99989  0.307838  0.49991  0.599868  
1.00597e-18  0.998956  0.0957895  0.599412  0.297224  0.308422  1.00597e-18  0.998956  0.0957895  0.599412  0.297224  0.308422  
0.418827  0.200951  0.399655  0.300856  2.20735e-05  0.401006  0.418827  0.200951  0.399655  0.300856  2.20735e-05  0.401006  
1.44167e-06  0.699429  0.597749  0.597193  0.999924  0.502339  1.44167e-06  0.699429  0.597749  0.597193  0.999924  0.502339  
6.35827e-06  0.999896  0.805284  0.29721  0.0997679  0.29758  6.35827e-06  0.999896  0.805284  0.29721  0.0997679  0.29758  
0.0751896  0.999896  0.696743  0.299659  0.696521  0.296907  0.0751896  0.999896  0.696743  0.299659  0.696521  0.296907  
0.998962  0.100424  0.299554  0.0993844  0.500599  0.49863  0.998962  0.100424  0.299554  0.0993844  0.500599  0.49863  
1  0.700384  0.703003  0.103295  0.000448741  0.599875  1  0.700384  0.703003  0.103295  0.000448741  0.599875  
0.681935  0.700081  0.598867  0.105236  0.897196  0.700212  0.681935  0.700081  0.598867  0.105236  0.897196  0.700212  
0.578264  0.600393  0.106622  0.303576  0.0997744  0.0978923  0.578264  0.600393  0.106622  0.303576  0.0997744  0.0978923  
0.387122  0.597859  0.198479  0.80139  0.597096  0.0974824  0.387122  0.597859  0.198479  0.80139  0.597096  0.0974824  
0  0.999372  0.303901  0.89932  0.895593  0.904612  0  0.999372  0.303901  0.89932  0.895593  0.904612  
0.402733  0.403487  0.690964  0.601769  0.499642  0.0986131  0.402733  0.403487  0.690964  0.601769  0.499642  0.0986131  
1  0.200951  0.401315  0.298035  2.20735e-05  0.401061  1  0.200951  0.401315  0.298035  2.20735e-05  0.401061  
1.00597e-18  0.998956  0.0979964  0.599412  0.902789  0.308422  1.00597e-18  0.998956  0.0979964  0.599412  0.902789  0.308422  
1.67971e-19  0.802384  0.999732  0.599793  0.999286  0.90305  1.67971e-19  0.802384  0.999732  0.599793  0.999286  0.90305  
0.99883  0.199289  0.99989  0.29828  0.49991  0.599953  0.99883  0.199289  0.99989  0.29828  0.49991  0.599953  
0.599795  0.102318  0.995894  0.297562  0.595818  0.000830156  0.599795  0.102318  0.995894  0.297562  0.595818  0.000830156  
0.000681459  0.601365  0.0957565  0.302784  0.0974549  0.0978923  0.000681459  0.601365  0.0957565  0.302784  0.0974549  0.0978923  
0.436198  0.803945  0.595826  0.697826  0.896358  0.197643  0.436198  0.803945  0.595826  0.697826  0.896358  0.197643  
0.046106  0.699616  0.603889  0.104145  0.504201  0.000376763  0.046106  0.699616  0.603889  0.104145  0.504201  0.000376763  
0.817453  0.499157  0.998497  0.495341  0.899151  0.496997  0.817453  0.499157  0.998497  0.495341  0.899151  0.496997  
1.40623e-15  0.00433112  0.400419  0.897327  0.0991299  0.500878  1.40623e-15  0.00433112  0.400419  0.897327  0.0991299  0.500878  
0.596487  0.102318  0.19904  0.302465  0.595818  0.000830156  0.596487  0.102318  0.19904  0.302465  0.595818  0.000830156  
0.544119  0.999885  0.0994804  0.598256  0.901598  0.601798  0.544119  0.999885  0.0994804  0.598256  0.901598  0.601798  
0.351869  0.594916  0.197261  0.798531  0.10016  0.101091  0.351869  0.594916  0.197261  0.798531  0.10016  0.101091  
0.00903187  0.194078  0.101241  0.192759  0.499854  0.607677  0.00903187  0.194078  0.101241  0.192759  0.499854  0.607677  
0.0847603  0.102113  0.307056  0.402432  0.201561  0.000139978  0.0847603  0.102113  0.307056  0.402432  0.201561  0.000139978  
0.99992  0.205703  0.597096  0.502666  0.901119  0.99988  0.99992  0.205703  0.597096  0.502666  0.901119  0.99988  
0  0.998956  0.603243  0.598425  0.297224  0.000572695  0  0.998956  0.603243  0.598425  0.297224  0.000572695  
0.998962  0.107225  0.299554  0.905824  0.500599  0.49863  0.998962  0.107225  0.299554  0.905824  0.500599  0.49863  
5.62958e-18  0.20137  0.993335  0.900494  0.998908  0.00132666  5.62958e-18  0.20137  0.993335  0.900494  0.998908  0.00132666  
1  0.20084  0.402653  0.30518  2.20735e-05  0.995564  1  0.20084  0.402653  0.30518  2.20735e-05  0.995564  
0  0.00605375  0.211563  0.00455936  0.899376  0.497168  0  0.00605375  0.211563  0.00455936  0.899376  0.497168  
0.994233  0.200043  0.597944  0.101508  0.500613  4.43662e-05  0.994233  0.200043  0.597944  0.101508  0.500613  4.43662e-05  
1.41406e-15  0.206744  0.999241  0.897555  0.0991299  0.398684  1.41406e-15  0.206744  0.999241  0.897555  0.0991299  0.398684  
0.0219548  0.996365  0.399437  0.196017  0.5  0.998506  0.0219548  0.996365  0.399437  0.196017  0.5  0.998506  
0.215332  0.700081  0.600243  0.10521  0.999966  0.0986394  0.215332  0.700081  0.600243  0.10521  0.999966  0.0986394  
0.24867  0.400082  0.599848  0.499743  0.201785  0.701429  0.24867  0.400082  0.599848  0.499743  0.201785  0.701429  
0.974614  0.801167  0.300931  0.79749  0.499711  0.500161  0.974614  0.801167  0.300931  0.79749  0.499711  0.500161  
1  0.599327  0.901981  0.400168  0.0995004  0.500914  1  0.599327  0.901981  0.400168  0.0995004  0.500914  
0  0.801166  0.300914  0.902324  0.301111  0.499774  0  0.801166  0.300914  0.902324  0.301111  0.499774  
1  0.195005  0.49846  0.592779  0.200316  0.500028  1  0.195005  0.49846  0.592779  0.200316  0.500028  
8.5804e-10  0.402869  0.600226  0.102257  0.799765  0.50013  8.5804e-10  0.402869  0.600226  0.102257  0.799765  0.50013  
0.00025298  0.801166  0.498379  0.298692  0.301111  0.302023  0.00025298  0.801166  0.498379  0.298692  0.301111  0.302023  
9.63761e-05  0.200682  0.500392  0.599531  0.197832  0.302506  9.63761e-05  0.200682  0.500392  0.599531  0.197832  0.302506  
4.14657e-09  0.600142  0.600216  0.102257  0.198812  0.498695  4.14657e-09  0.600142  0.600216  0.102257  0.198812  0.498695  
1.0467e-21  0.800149  0.884345  0.499715  0.500069  0.798818  1.0467e-21  0.800149  0.884345  0.499715  0.500069  0.798818  
0.173844  0.400108  0.599453  0.496801  0.802306  0.500169  0.173844  0.400108  0.599453  0.496801  0.802306  0.500169  
0.283112  0.298599  0.30298  0.399811  0.700091  0.499955  0.283112  0.298599  0.30298  0.399811  0.700091  0.499955  
0.929572  0.404349  0.398919  0.197259  0.601326  0.599392  0.929572  0.404349  0.398919  0.197259  0.601326  0.599392  
0.38186  0.699191  0.599859  0.199872  0.499957  0.400323  0.38186  0.699191  0.599859  0.199872  0.499957  0.400323  
0.00036354  0.200603  0.500083  0.295588  0.50072  0.298534  0.00036354  0.200603  0.500083  0.295588  0.50072  0.298534  
0.147281  0.700144  0.500213  0.599884  0.799475  0.500015  0.147281  0.700144  0.500213  0.599884  0.799475  0.500015  
0.775457  0.601897  0.599285  0.801754  0.502007  0.50005  0.775457  0.601897  0.599285  0.801754  0.502007  0.50005  
1  0.595861  0.10139  0.400281  0.402825  0.802959  1  0.595861  0.10139  0.400281  0.402825  0.802959  
2.45034e-22  0.400082  0.599848  0.499743  0.202631  0.701429  2.45034e-22  0.400082  0.599848  0.499743  0.202631  0.701429  
2.34907e-22  0.400097  0.599165  0.500002  0.802461  0.701429  2.34907e-22  0.400097  0.599165  0.500002  0.802461  0.701429  
0.779682  0.600028  0.599469  0.498505  0.200494  0.499901  0.779682  0.600028  0.599469  0.498505  0.200494  0.499901  
0.883276  0.200343  0.50013  0.599502  0.499688  0.500045  0.883276  0.200343  0.50013  0.599502  0.499688  0.500045  
0.862517  0.500206  0.500383  0.499486  0.500028  0.798726  0.862517  0.500206  0.500383  0.499486  0.500028  0.798726  
0.961789  0.600387  0.299821  0.400114  0.299848  0.49996  0.961789  0.600387  0.299821  0.400114  0.299848  0.49996  
0.0010853  0.600152  0.19847  0.602115  0.500108  0.499938  0.0010853  0.600152  0.19847  0.602115  0.500108  0.499938  
0.000628282  0.200174  0.402785  0.399969  0.299774  0.499857  0.000628282  0.200174  0.402785  0.399969  0.299774  0.499857  
0.609023  0.600612  0.298621  0.400217  0.5986  0.499952  0.609023  0.600612  0.298621  0.400217  0.5986  0.499952  
0.0080302  0.500352  0.397223  0.20136  0.50107  0.500271  0.0080302  0.500352  0.397223  0.20136  0.50107  0.500271  
4.73862e-05  0.298599  0.30298  0.399811  0.700091  0.49986  4.73862e-05  0.298599  0.30298  0.399811  0.700091  0.49986  
1  0.4002  0.49846  0.399998  0.200316  0.500139  1  0.4002  0.49846  0.399998  0.200316  0.500139  
0.00035605  0.500153  0.500215  0.499752  0.600604  0.50023  0.00035605  0.500153  0.500215  0.499752  0.600604  0.50023  
1  0.497595  0.500187  0.399462  0.698167  0.302077  1  0.497595  0.500187  0.399462  0.698167  0.302077  
0  0.497856  0.499909  0.799417  0.499814  0.29854  0  0.497856  0.499909  0.799417  0.499814  0.29854  
3.92688e-09  0.60003  0.600079  0.399829  0.200495  0.500013  3.92688e-09  0.60003  0.600079  0.399829  0.200495  0.500013  
1  0.404009  0.398919  0.60255  0.596312  0.499077  1  0.404009  0.398919  0.60255  0.596312  0.499077  
0.570232  0.4032  0.69959  0.49858  0.500149  0.499377  0.570232  0.4032  0.69959  0.49858  0.500149  0.499377  
0.262013  0.500173  0.499645  0.701246  0.499926  0.5001  0.262013  0.500173  0.499645  0.701246  0.499926  0.5001  
0.986357  0.499987  0.799419  0.400162  0.500164  0.500241  0.986357  0.499987  0.799419  0.400162  0.500164  0.500241  
0.261697  0.600146  0.500317  0.202647  0.499879  0.699117  0.261697  0.600146  0.500317  0.202647  0.499879  0.699117  
0.674098  0.499989  0.500033  0.599963  0.499976  0.203119  0.674098  0.499989  0.500033  0.599963  0.499976  0.203119  
0.650919  0.59804  0.499651  0.302916  0.500123  0.499932  0.650919  0.59804  0.499651  0.302916  0.500123  0.499932  
0.250012  0.499987  0.799419  0.400129  0.500163  0.500236  0.250012  0.499987  0.799419  0.400129  0.500163  0.500236  
0  0.49766  0.703712  0.399833  0.901916  0.29879  0  0.49766  0.703712  0.399833  0.901916  0.29879  
1.0467e-21  0.800149  0.500096  0.499715  0.500069  0.497809  1.0467e-21  0.800149  0.500096  0.499715  0.500069  0.497809  
0.414634  0.502099  0.40021  0.399716  0.499952  0.299139  0.414634  0.502099  0.40021  0.399716  0.499952  0.299139  
0.00798232  0.502099  0.40021  0.399716  0.500074  0.299139  0.00798232  0.502099  0.40021  0.399716  0.500074  0.299139  
0  0.600023  0.600625  0.901569  0.500201  0.80071  0  0.600023  0.600625  0.901569  0.500201  0.80071  
1.11767e-05  0.500206  0.499049  0.499877  0.500028  0.798738  1.11767e-05  0.500206  0.499049  0.499877  0.500028  0.798738  
0.0629838  0.601119  0.298621  0.400217  0.5986  0.499952  0.0629838  0.601119  0.298621  0.400217  0.5986  0.499952  
2.34982e-05  0.200154  0.500148  0.599731  0.499974  0.499722  2.34982e-05  0.200154  0.500148  0.599731  0.499974  0.499722  
1  0.500512  0.401618  0.604371  0.499327  0.203921  1  0.500512  0.401618  0.604371  0.499327  0.203921  
0.261308  0.499775  0.500011  0.400141  0.499978  0.500249  0.261308  0.499775  0.500011  0.400141  0.499978  0.500249  
1  0.499775  0.500061  0.399814  0.500165  0.500277  1  0.499775  0.500061  0.399814  0.500165  0.500277  
6.48698e-07  0.600432  0.301593  0.400183  0.299624  0.49996  6.48698e-07  0.600432  0.301593  0.400183  0.299624  0.49996  
0.673331  0.499989  0.500033  0.599963  0.499976  0.500249  0.673331  0.499989  0.500033  0.599963  0.499976  0.500249  
1  0.7993  0.49977  0.400141  0.49953  0.500586  1  0.7993  0.49977  0.400141  0.49953  0.500586  
0.0121934  0.300481  0.698465  0.400097  0.500125  0.500221  0.0121934  0.300481  0.698465  0.400097  0.500125  0.500221  
1  0.603036  0.499735  0.701246  0.500177  0.500236  1  0.603036  0.499735  0.701246  0.500177  0.500236  
0.000223121  0.200355  0.499969  0.498053  0.49982  0.799845  0.000223121  0.200355  0.499969  0.498053  0.49982  0.799845  
0  0.500782  0.7  0.502808  0.49982  0.298534  0  0.500782  0.7  0.502808  0.49982  0.298534  
1  0.599876  0.5002  0.398902  0.698167  0.699117  1  0.599876  0.5002  0.398902  0.698167  0.699117  
0.343147  0.600142  0.600079  0.400161  0.200502  0.499956  0.343147  0.600142  0.600079  0.400161  0.200502  0.499956  
0.866451  0.499902  0.599896  0.499538  0.500106  0.298538  0.866451  0.499902  0.599896  0.499538  0.500106  0.298538  
3.50437e-23  0.399865  0.901209  0.201656  0.499394  0.498966  3.50437e-23  0.399865  0.901209  0.201656  0.499394  0.498966  
0.9998  0.203048  0.500127  0.296533  0.500458  0.502538  0.9998  0.203048  0.500127  0.296533  0.500458  0.502538  
0.435944  0.498733  0.500317  0.399948  0.500199  0.699117  0.435944  0.498733  0.500317  0.399948  0.500199  0.699117  
1  0.499362  0.699588  0.400492  0.499996  0.798408  1  0.499362  0.699588  0.400492  0.499996  0.798408  
1  0.398359  0.800397  0.399779  0.598297  0.200008  1  0.398359  0.800397  0.399779  0.598297  0.200008  
0.46005  0.200344  0.499543  0.400307  0.500174  0.500178  0.46005  0.200344  0.499543  0.400307  0.500174  0.500178  
1  0.599017  0.104577  0.401051  0.699914  0.50038  1  0.599017  0.104577  0.401051  0.699914  0.50038  
0.999996  0.599656  0.19847  0.602115  0.50011  0.499773  0.999996  0.599656  0.19847  0.602115  0.50011  0.499773  
0.0105045  0.598665  0.5002  0.398902  0.698167  0.699117  0.0105045  0.598665  0.5002  0.398902  0.698167  0.699117  
0.171632  0.200344  0.499548  0.400307  0.499823  0.499593  0.171632  0.200344  0.499548  0.400307  0.499823  0.499593  
1  0.804621  0.49977  0.400141  0.49953  0.799793  1  0.804621  0.49977  0.400141  0.49953  0.799793  
0.30316  0.801977  0.500033  0.400141  0.499944  0.499843  0.30316  0.801977  0.500033  0.400141  0.499944  0.499843  
0.619796  0.401048  0.599531  0.500049  0.802306  0.496857  0.619796  0.401048  0.599531  0.500049  0.802306  0.496857  
0.113137  0.699191  0.497263  0.299193  0.500834  0.39905  0.113137  0.699191  0.497263  0.299193  0.500834  0.39905  
0.00497706  0.696417  0.600252  0.801754  0.500052  0.50005  0.00497706  0.696417  0.600252  0.801754  0.500052  0.50005  
1.0467e-21  0.800149  0.500096  0.499715  0.500069  0.798818  1.0467e-21  0.800149  0.500096  0.499715  0.500069  0.798818  
0.894529  0.499998  0.299995  0.400199  0.50024  0.199524  0.894529  0.499998  0.299995  0.400199  0.50024  0.199524  
0.0500191  0.598564  0.499695  0.599731  0.197832  0.302202  0.0500191  0.598564  0.499695  0.599731  0.197832  0.302202  
1  0.502562  0.400193  0.700024  0.405864  0.798775  1  0.502562  0.400193  0.700024  0.405864  0.798775  
1  0.599983  0.499145  0.793648  0.697915  0.699117  1  0.599983  0.499145  0.793648  0.697915  0.699117  
1  0.602276  0.503703  0.400435  0.200316  0.303382  1  0.602276  0.503703  0.400435  0.200316  0.303382  
0  0.801166  0.300914  0.197559  0.301111  0.499717  0  0.801166  0.300914  0.197559  0.301111  0.499717  
0.775457  0.69999  0.599285  0.400045  0.50202  0.69775  0.775457  0.69999  0.599285  0.400045  0.50202  0.69775  
0.159214  0.497696  0.499908  0.600278  0.499977  0.199524  0.159214  0.497696  0.499908  0.600278  0.499977  0.199524  
0.997902  0.400108  0.599531  0.500049  0.802306  0.496857  0.997902  0.400108  0.599531  0.500049  0.802306  0.496857  
0.55669  0.600612  0.802276  0.400217  0.5986  0.499626  0.55669  0.600612  0.802276  0.400217  0.5986  0.499626  
0.189302  0.4002  0.49998  0.400134  0.200316  0.500056  0.189302  0.4002  0.49998  0.400134  0.200316  0.500056  
1  0.599926  0.499773  0.597508  0.100037  0.500236  1  0.599926  0.499773  0.597508  0.100037  0.500236  
3.18848e-05  0.200083  0.500154  0.599841  0.8048  0.500046  3.18848e-05  0.200083  0.500154  0.599841  0.8048  0.500046  
0.845858  0.400082  0.599847  0.499743  0.202631  0.701429  0.845858  0.400082  0.599847  0.499743  0.202631  0.701429  
0.998249  0.699191  0.599989  0.199872  0.499953  0.400323  0.998249  0.699191  0.599989  0.199872  0.499953  0.400323  
0.000135987  0.200975  0.200899  0.599502  0.500774  0.500031  0.000135987  0.200975  0.200899  0.599502  0.500774  0.500031  
0.999977  0.809897  0.300931  0.586321  0.500055  0.300185  0.999977  0.809897  0.300931  0.586321  0.500055  0.300185  
0.00151739  0.400202  0.49846  0.403953  0.200254  0.301151  0.00151739  0.400202  0.49846  0.403953  0.200254  0.301151  
4.3253e-10  0.196024  0.699344  0.799499  0.399989  0.500031  4.3253e-10  0.196024  0.699344  0.799499  0.399989  0.500031  
0.999977  0.801167  0.300931  0.200519  0.500054  0.499637  0.999977  0.801167  0.300931  0.200519  0.500054  0.499637  
1  0.20231  0.599993  0.200531  0.500604  0.799866  1  0.20231  0.599993  0.200531  0.500604  0.799866  
0.437487  0.5  0.5  0.5  0.5  0.5  0.437487  0.5  0.5  0.5  0.5  0.5  
0.483747  0.5  0.5  0.5  0.5  0.5  0.483747  0.5  0.5  0.5  0.5  0.5  
0.591513  0.5  0.5  0.5  0.5  0.5  0.591513  0.5  0.5  0.5  0.5  0.5  
0.155574  0.5  0.5  0.5  0.5  0.5  0.155574  0.5  0.5  0.5  0.5  0.5  
0.405303  0.5  0.5  0.5  0.5  0.5  0.405303  0.5  0.5  0.5  0.5  0.5  
0.542004  0.5  0.5  0.5  0.5  0.5  0.542004  0.5  0.5  0.5  0.5  0.5  
0.826227  0.5  0.5  0.5  0.5  0.5  0.826227  0.5  0.5  0.5  0.5  0.5  
0.124245  0.5  0.5  0.5  0.5  0.5  0.124245  0.5  0.5  0.5  0.5  0.5  
0.296191  0.5  0.5  0.5  0.5  0.5  0.296191  0.5  0.5  0.5  0.5  0.5  
0.51484  0.5  0.5  0.5  0.5  0.5  0.51484  0.5  0.5  0.5  0.5  0.5  
0.656143  0.5  0.5  0.5  0.5  0.5  0.656143  0.5  0.5  0.5  0.5  0.5  
0.103471  0.5  0.5  0.5  0.5  0.5  0.103471  0.5  0.5  0.5  0.5  0.5  
0.703604  0.5  0.5  0.5  0.5  0.5  0.703604  0.5  0.5  0.5  0.5  0.5  
0.288793  0.5  0.5  0.5  0.5  0.5  0.288793  0.5  0.5  0.5  0.5  0.5  
0.797331  0.5  0.5  0.5  0.5  0.5  0.797331  0.5  0.5  0.5  0.5  0.5  
0.765085  0.5  0.5  0.5  0.5  0.5  0.765085  0.5  0.5  0.5  0.5  0.5  
0.147344  0.5  0.5  0.5  0.5  0.5  0.147344  0.5  0.5  0.5  0.5  0.5  
0.687606  0.5  0.5  0.5  0.5  0.5  0.687606  0.5  0.5  0.5  0.5  0.5  
0.749491  0.5  0.5  0.5  0.5  0.5  0.749491  0.5  0.5  0.5  0.5  0.5  
0.964944  0.5  0.5  0.5  0.5  0.5  0.964944  0.5  0.5  0.5  0.5  0.5  
0.735176  0.5  0.5  0.5  0.5  0.5  0.735176  0.5  0.5  0.5  0.5  0.5  
0.208942  0.5  0.5  0.5  0.5  0.5  0.208942  0.5  0.5  0.5  0.5  0.5  
0.078131  0.5  0.5  0.5  0.5  0.5  0.078131  0.5  0.5  0.5  0.5  0.5  
0.95429  0.5  0.5  0.5  0.5  0.5  0.95429  0.5  0.5  0.5  0.5  0.5  
0.554667  0.5  0.5  0.5  0.5  0.5  0.554667  0.5  0.5  0.5  0.5  0.5  
0.620493  0.5  0.5  0.5  0.5  0.5  0.620493  0.5  0.5  0.5  0.5  0.5  
0.772472  0.5  0.5  0.5  0.5  0.5  0.772472  0.5  0.5  0.5  0.5  0.5  
0.88322  0.5  0.5  0.5  0.5  0.5  0.88322  0.5  0.5  0.5  0.5  0.5  
0.170677  0.5  0.5  0.5  0.5  0.5  0.170677  0.5  0.5  0.5  0.5  0.5  
0.272977  0.5  0.5  0.5  0.5  0.5  0.272977  0.5  0.5  0.5  0.5  0.5  
0.580177  0.5  0.5  0.5  0.5  0.5  0.580177  0.5  0.5  0.5  0.5  0.5  
0.047194  0.5  0.5  0.5  0.5  0.5  0.047194  0.5  0.5  0.5  0.5  0.5  
0.42062  0.5  0.5  0.5  0.5  0.5  0.42062  0.5  0.5  0.5  0.5  0.5  
0.678294  0.5  0.5  0.5  0.5  0.5  0.678294  0.5  0.5  0.5  0.5  0.5  
0.468241  0.5  0.5  0.5  0.5  0.5  0.468241  0.5  0.5  0.5  0.5  0.5  
0.64811  0.5  0.5  0.5  0.5  0.5  0.64811  0.5  0.5  0.5  0.5  0.5  
0.609778  0.5  0.5  0.5  0.5  0.5  0.609778  0.5  0.5  0.5  0.5  0.5  
0.45205  0.5  0.5  0.5  0.5  0.5  0.45205  0.5  0.5  0.5  0.5  0.5  
0.18654  0.5  0.5  0.5  0.5  0.5  0.18654  0.5  0.5  0.5  0.5  0.5  
0.0393622  0.5  0.5  0.5  0.5  0.5  0.0393622  0.5  0.5  0.5  0.5  0.5  
0.602523  0.5  0.5  0.5  0.5  0.5  0.602523  0.5  0.5  0.5  0.5  0.5  
0.311707  0.5  0.5  0.5  0.5  0.5  0.311707  0.5  0.5  0.5  0.5  0.5  
0.562516  0.5  0.5  0.5  0.5  0.5  0.562516  0.5  0.5  0.5  0.5  0.5  
0.00848857  0.5  0.5  0.5  0.5  0.5  0.00848857  0.5  0.5  0.5  0.5  0.5  
0.280332  0.5  0.5  0.5  0.5  0.5  0.280332  0.5  0.5  0.5  0.5  0.5  
0.781679  0.5  0.5  0.5  0.5  0.5  0.781679  0.5  0.5  0.5  0.5  0.5  
0.83511  0.5  0.5  0.5  0.5  0.5  0.83511  0.5  0.5  0.5  0.5  0.5  
0.227828  0.5  0.5  0.5  0.5  0.5  0.227828  0.5  0.5  0.5  0.5  0.5  
0.217683  0.5  0.5  0.5  0.5  0.5  0.217683  0.5  0.5  0.5  0.5  0.5  
0.892073  0.5  0.5  0.5  0.5  0.5  0.892073  0.5  0.5  0.5  0.5  0.5  
0.113242  0.5  0.5  0.5  0.5  0.5  0.113242  0.5  0.5  0.5  0.5  0.5  
0.789091  0.5  0.5  0.5  0.5  0.5  0.789091  0.5  0.5  0.5  0.5  0.5  
0.923684  0.5  0.5  0.5  0.5  0.5  0.923684  0.5  0.5  0.5  0.5  0.5  
0.0234465  0.5  0.5  0.5  0.5  0.5  0.0234465  0.5  0.5  0.5  0.5  0.5  
0.639653  0.5  0.5  0.5  0.5  0.5  0.639653  0.5  0.5  0.5  0.5  0.5  
0.32659  0.5  0.5  0.5  0.5  0.5  0.32659  0.5  0.5  0.5  0.5  0.5  
0.671438  0.5  0.5  0.5  0.5  0.5  0.671438  0.5  0.5  0.5  0.5  0.5  
0.428398  0.5  0.5  0.5  0.5  0.5  0.428398  0.5  0.5  0.5  0.5  0.5  
0.523389  0.5  0.5  0.5  0.5  0.5  0.523389  0.5  0.5  0.5  0.5  0.5  
0.858346  0.5  0.5  0.5  0.5  0.5  0.858346  0.5  0.5  0.5  0.5  0.5  
0.843389  0.5  0.5  0.5  0.5  0.5  0.843389  0.5  0.5  0.5  0.5  0.5  
0.627891  0.5  0.5  0.5  0.5  0.5  0.627891  0.5  0.5  0.5  0.5  0.5  
0.333986  0.5  0.5  0.5  0.5  0.5  0.333986  0.5  0.5  0.5  0.5  0.5  
0.500156  0.5  0.5  0.5  0.5  0.5  0.500156  0.5  0.5  0.5  0.5  0.5  
0.712766  0.5  0.5  0.5  0.5  0.5  0.712766  0.5  0.5  0.5  0.5  0.5  
0.0552303  0.5  0.5  0.5  0.5  0.5  0.0552303  0.5  0.5  0.5  0.5  0.5  
0.239262  0.5  0.5  0.5  0.5  0.5  0.239262  0.5  0.5  0.5  0.5  0.5  
0.570535  0.5  0.5  0.5  0.5  0.5  0.570535  0.5  0.5  0.5  0.5  0.5  
0.812773  0.5  0.5  0.5  0.5  0.5  0.812773  0.5  0.5  0.5  0.5  0.5  
0.45964  0.5  0.5  0.5  0.5  0.5  0.45964  0.5  0.5  0.5  0.5  0.5  
0.357811  0.5  0.5  0.5  0.5  0.5  0.357811  0.5  0.5  0.5  0.5  0.5  
0.804923  0.5  0.5  0.5  0.5  0.5  0.804923  0.5  0.5  0.5  0.5  0.5  
0.695269  0.5  0.5  0.5  0.5  0.5  0.695269  0.5  0.5  0.5  0.5  0.5  
0.397655  0.5  0.5  0.5  0.5  0.5  0.397655  0.5  0.5  0.5  0.5  0.5  
0.91602  0.5  0.5  0.5  0.5  0.5  0.91602  0.5  0.5  0.5  0.5  0.5  
0.365831  0.5  0.5  0.5  0.5  0.5  0.365831  0.5  0.5  0.5  0.5  0.5  
0.26477  0.5  0.5  0.5  0.5  0.5  0.26477  0.5  0.5  0.5  0.5  0.5  
0.201853  0.5  0.5  0.5  0.5  0.5  0.201853  0.5  0.5  0.5  0.5  0.5  
0.0159048  0.5  0.5  0.5  0.5  0.5  0.0159048  0.5  0.5  0.5  0.5  0.5  
0.0314135  0.5  0.5  0.5  0.5  0.5  0.0314135  0.5  0.5  0.5  0.5  0.5  
0.90542  0.5  0.5  0.5  0.5  0.5  0.90542  0.5  0.5  0.5  0.5  0.5  
0.349769  0.5  0.5  0.5  0.5  0.5  0.349769  0.5  0.5  0.5  0.5  0.5  
0.531513  0.5  0.5  0.5  0.5  0.5  0.531513  0.5  0.5  0.5  0.5  0.5  
0.389351  0.5  0.5  0.5  0.5  0.5  0.389351  0.5  0.5  0.5  0.5  0.5  
0.0689244  0.5  0.5  0.5  0.5  0.5  0.0689244  0.5  0.5  0.5  0.5  0.5  
0.13557  0.5  0.5  0.5  0.5  0.5  0.13557  0.5  0.5  0.5  0.5  0.5  
0.374317  0.5  0.5  0.5  0.5  0.5  0.374317  0.5  0.5  0.5  0.5  0.5  
0.492075  0.5  0.5  0.5  0.5  0.5  0.492075  0.5  0.5  0.5  0.5  0.5  
0.937841  0.5  0.5  0.5  0.5  0.5  0.937841  0.5  0.5  0.5  0.5  0.5  
0.97834  0.5  0.5  0.5  0.5  0.5  0.97834  0.5  0.5  0.5  0.5  0.5  
0.946289  0.5  0.5  0.5  0.5  0.5  0.946289  0.5  0.5  0.5  0.5  0.5  
0.72685  0.5  0.5  0.5  0.5  0.5  0.72685  0.5  0.5  0.5  0.5  0.5  
0.867659  0.5  0.5  0.5  0.5  0.5  0.867659  0.5  0.5  0.5  0.5  0.5  
2.50557e-13  0.5  0.5  0.5  0.5  0.5  2.50557e-13  0.5  0.5  0.5  0.5  0.5  
0.874762  0.5  0.5  0.5  0.5  0.5  0.874762  0.5  0.5  0.5  0.5  0.5  
0.9858  0.5  0.5  0.5  0.5  0.5  0.9858  0.5  0.5  0.5  0.5  0.5  
0.341815  0.5  0.5  0.5  0.5  0.5  0.341815  0.5  0.5  0.5  0.5  0.5  
0.251808  0.5  0.5  0.5  0.5  0.5  0.251808  0.5  0.5  0.5  0.5  0.5  
1  0.5  0.5  0.5  0.5  0.5  1  0.5  0.5  0.5  0.5  0.5  
0.0932544  0.5  0.5  0.5  0.5  0.5  0.0932544  0.5  0.5  0.5  0.5  0.5  
0.437837  0.5  0.5  0.5  0.5  0.5  0.437837  0.5  0.5  0.5  0.5  0.5  
0.843184  0.5  0.5  0.5  0.5  0.5  0.843184  0.5  0.5  0.5  0.5  0.5  
0.0091286  0.5  0.5  0.5  0.5  0.5  0.0091286  0.5  0.5  0.5  0.5  0.5  
0.742155  0.5  0.5  0.5  0.5  0.5  0.742155  0.5  0.5  0.5  0.5  0.5  
0.352839  0.5  0.5  0.5  0.5  0.5  0.352839  0.5  0.5  0.5  0.5  0.5  
0.613905  0.5  0.5  0.5  0.5  0.5  0.613905  0.5  0.5  0.5  0.5  0.5  
0.643578  0.5  0.5  0.5  0.5  0.5  0.643578  0.5  0.5  0.5  0.5  0.5  
0.0882372  0.5  0.5  0.5  0.5  0.5  0.0882372  0.5  0.5  0.5  0.5  0.5  
0.224155  0.5  0.5  0.5  0.5  0.5  0.224155  0.5  0.5  0.5  0.5  0.5  
0.310526  0.5  0.5  0.5  0.5  0.5  0.310526  0.5  0.5  0.5  0.5  0.5  
0.569926  0.5  0.5  0.5  0.5  0.5  0.569926  0.5  0.5  0.5  0.5  0.5  
0.77359  0.5  0.5  0.5  0.5  0.5  0.77359  0.5  0.5  0.5  0.5  0.5  
0.181818  0.5  0.5  0.5  0.5  0.5  0.181818  0.5  0.5  0.5  0.5  0.5  
0.16134  0.5  0.5  0.5  0.5  0.5  0.16134  0.5  0.5  0.5  0.5  0.5  
0.383787  0.5  0.5  0.5  0.5  0.5  0.383787  0.5  0.5  0.5  0.5  0.5  
0.373495  0.5  0.5  0.5  0.5  0.5  0.373495  0.5  0.5  0.5  0.5  0.5  
0.0559982  0.5  0.5  0.5  0.5  0.5  0.0559982  0.5  0.5  0.5  0.5  0.5  
0.491729  0.5  0.5  0.5  0.5  0.5  0.491729  0.5  0.5  0.5  0.5  0.5  
0.700103  0.5  0.5  0.5  0.5  0.5  0.700103  0.5  0.5  0.5  0.5  0.5  
0.923027  0.5  0.5  0.5  0.5  0.5  0.923027  0.5  0.5  0.5  0.5  0.5  
0.46047  0.5  0.5  0.5  0.5  0.5  0.46047  0.5  0.5  0.5  0.5  0.5  
0.11911  0.5  0.5  0.5  0.5  0.5  0.11911  0.5  0.5  0.5  0.5  0.5  
0.956578  0.5  0.5  0.5  0.5  0.5  0.956578  0.5  0.5  0.5  0.5  0.5  
1  0.5  0.5  0.5  0.5  0.5  1  0.5  0.5  0.5  0.5  0.5  
0.19289  0.5  0.5  0.5  0.5  0.5  0.19289  0.5  0.5  0.5  0.5  0.5  
0.127706  0.5  0.5  0.5  0.5  0.5  0.127706  0.5  0.5  0.5  0.5  0.5  
0.511872  0.5  0.5  0.5  0.5  0.5  0.511872  0.5  0.5  0.5  0.5  0.5  
0.622193  0.5  0.5  0.5  0.5  0.5  0.622193  0.5  0.5  0.5  0.5  0.5  
0.403302  0.5  0.5  0.5  0.5  0.5  0.403302  0.5  0.5  0.5  0.5  0.5  
0.762474  0.5  0.5  0.5  0.5  0.5  0.762474  0.5  0.5  0.5  0.5  0.5  
0.172005  0.5  0.5  0.5  0.5  0.5  0.172005  0.5  0.5  0.5  0.5  0.5  
0.444155  0.5  0.5  0.5  0.5  0.5  0.444155  0.5  0.5  0.5  0.5  0.5  
0.0780047  0.5  0.5  0.5  0.5  0.5  0.0780047  0.5  0.5  0.5  0.5  0.5  
0.710708  0.5  0.5  0.5  0.5  0.5  0.710708  0.5  0.5  0.5  0.5  0.5  
0.548556  0.5  0.5  0.5  0.5  0.5  0.548556  0.5  0.5  0.5  0.5  0.5  
0.721854  0.5  0.5  0.5  0.5  0.5  0.721854  0.5  0.5  0.5  0.5  0.5  
0.800898  0.5  0.5  0.5  0.5  0.5  0.800898  0.5  0.5  0.5  0.5  0.5  
0.47263  0.5  0.5  0.5  0.5  0.5  0.47263  0.5  0.5  0.5  0.5  0.5  
0.109517  0.5  0.5  0.5  0.5  0.5  0.109517  0.5  0.5  0.5  0.5  0.5  
0.412341  0.5  0.5  0.5  0.5  0.5  0.412341  0.5  0.5  0.5  0.5  0.5  
0.558562  0.5  0.5  0.5  0.5  0.5  0.558562  0.5  0.5  0.5  0.5  0.5  
0.300955  0.5  0.5  0.5  0.5  0.5  0.300955  0.5  0.5  0.5  0.5  0.5  
0.284204  0.5  0.5  0.5  0.5  0.5  0.284204  0.5  0.5  0.5  0.5  0.5  
0.331987  0.5  0.5  0.5  0.5  0.5  0.331987  0.5  0.5  0.5  0.5  0.5  
0.202783  0.5  0.5  0.5  0.5  0.5  0.202783  0.5  0.5  0.5  0.5  0.5  
0.423013  0.5  0.5  0.5  0.5  0.5  0.423013  0.5  0.5  0.5  0.5  0.5  
0.946855  0.5  0.5  0.5  0.5  0.5  0.946855  0.5  0.5  0.5  0.5  0.5  
0.785835  0.5  0.5  0.5  0.5  0.5  0.785835  0.5  0.5  0.5  0.5  0.5  
0.863003  0.5  0.5  0.5  0.5  0.5  0.863003  0.5  0.5  0.5  0.5  0.5  
0.3942  0.5  0.5  0.5  0.5  0.5  0.3942  0.5  0.5  0.5  0.5  0.5  
0.654468  0.5  0.5  0.5  0.5  0.5  0.654468  0.5  0.5  0.5  0.5  0.5  
0.666814  0.5  0.5  0.5  0.5  0.5  0.666814  0.5  0.5  0.5  0.5  0.5  
0.499847  0.5  0.5  0.5  0.5  0.5  0.499847  0.5  0.5  0.5  0.5  0.5  
0.874099  0.5  0.5  0.5  0.5  0.5  0.874099  0.5  0.5  0.5  0.5  0.5  
0.67675  0.5  0.5  0.5  0.5  0.5  0.67675  0.5  0.5  0.5  0.5  0.5  
0.520137  0.5  0.5  0.5  0.5  0.5  0.520137  0.5  0.5  0.5  0.5  0.5  
0.140991  0.5  0.5  0.5  0.5  0.5  0.140991  0.5  0.5  0.5  0.5  0.5  
0.343454  0.5  0.5  0.5  0.5  0.5  0.343454  0.5  0.5  0.5  0.5  0.5  
0.453313  0.5  0.5  0.5  0.5  0.5  0.453313  0.5  0.5  0.5  0.5  0.5  
0.975822  0.5  0.5  0.5  0.5  0.5  0.975822  0.5  0.5  0.5  0.5  0.5  
0.686629  0.5  0.5  0.5  0.5  0.5  0.686629  0.5  0.5  0.5  0.5  0.5  
0.254816  0.5  0.5  0.5  0.5  0.5  0.254816  0.5  0.5  0.5  0.5  0.5  
0.88668  0.5  0.5  0.5  0.5  0.5  0.88668  0.5  0.5  0.5  0.5  0.5  
0.483391  0.5  0.5  0.5  0.5  0.5  0.483391  0.5  0.5  0.5  0.5  0.5  
0.149761  0.5  0.5  0.5  0.5  0.5  0.149761  0.5  0.5  0.5  0.5  0.5  
0.264315  0.5  0.5  0.5  0.5  0.5  0.264315  0.5  0.5  0.5  0.5  0.5  
0.580766  0.5  0.5  0.5  0.5  0.5  0.580766  0.5  0.5  0.5  0.5  0.5  
0.0185966  0.5  0.5  0.5  0.5  0.5  0.0185966  0.5  0.5  0.5  0.5  0.5  
0.820132  0.5  0.5  0.5  0.5  0.5  0.820132  0.5  0.5  0.5  0.5  0.5  
0.852716  0.5  0.5  0.5  0.5  0.5  0.852716  0.5  0.5  0.5  0.5  0.5  
0.896512  0.5  0.5  0.5  0.5  0.5  0.896512  0.5  0.5  0.5  0.5  0.5  
0.0364026  0.5  0.5  0.5  0.5  0.5  0.0364026  0.5  0.5  0.5  0.5  0.5  
0.830599  0.5  0.5  0.5  0.5  0.5  0.830599  0.5  0.5  0.5  0.5  0.5  
0.0981214  0.5  0.5  0.5  0.5  0.5  0.0981214  0.5  0.5  0.5  0.5  0.5  
0.809872  0.5  0.5  0.5  0.5  0.5  0.809872  0.5  0.5  0.5  0.5  0.5  
0.293052  0.5  0.5  0.5  0.5  0.5  0.293052  0.5  0.5  0.5  0.5  0.5  
0.931336  0.5  0.5  0.5  0.5  0.5  0.931336  0.5  0.5  0.5  0.5  0.5  
0.213448  0.5  0.5  0.5  0.5  0.5  0.213448  0.5  0.5  0.5  0.5  0.5  
0.965314  0.5  0.5  0.5  0.5  0.5  0.965314  0.5  0.5  0.5  0.5  0.5  
0.245294  0.5  0.5  0.5  0.5  0.5  0.245294  0.5  0.5  0.5  0.5  0.5  
0.731387  0.5  0.5  0.5  0.5  0.5  0.731387  0.5  0.5  0.5  0.5  0.5  
0.938657  0.5  0.5  0.5  0.5  0.5  0.938657  0.5  0.5  0.5  0.5  0.5  
0.914958  0.5  0.5  0.5  0.5  0.5  0.914958  0.5  0.5  0.5  0.5  0.5  
0.32111  0.5  0.5  0.5  0.5  0.5  0.32111  0.5  0.5  0.5  0.5  0.5  
0.274707  0.5  0.5  0.5  0.5  0.5  0.274707  0.5  0.5  0.5  0.5  0.5  
0.0701153  0.5  0.5  0.5  0.5  0.5  0.0701153  0.5  0.5  0.5  0.5  0.5  
0.75254  0.5  0.5  0.5  0.5  0.5  0.75254  0.5  0.5  0.5  0.5  0.5  
0.530342  0.5  0.5  0.5  0.5  0.5  0.530342  0.5  0.5  0.5  0.5  0.5  
0.906206  0.5  0.5  0.5  0.5  0.5  0.906206  0.5  0.5  0.5  0.5  0.5  
0.0281015  0.5  0.5  0.5  0.5  0.5  0.0281015  0.5  0.5  0.5  0.5  0.5  
0.539264  0.5  0.5  0.5  0.5  0.5  0.539264  0.5  0.5  0.5  0.5  0.5  
0.234825  0.5  0.5  0.5  0.5  0.5  0.234825  0.5  0.5  0.5  0.5  0.5  
1.031e-20  0.5  0.5  0.5  0.5  0.5  1.031e-20  0.5  0.5  0.5  0.5  0.5  
0.986168  0.5  0.5  0.5  0.5  0.5  0.986168  0.5  0.5  0.5  0.5  0.5  
0.045292  0.5  0.5  0.5  0.5  0.5  0.045292  0.5  0.5  0.5  0.5  0.5  
0.3656  0.5  0.5  0.5  0.5  0.5  0.3656  0.5  0.5  0.5  0.5  0.5  
0.600635  0.5  0.5  0.5  0.5  0.5  0.600635  0.5  0.5  0.5  0.5  0.5  
0.590721  0.5  0.5  0.5  0.5  0.5  0.590721  0.5  0.5  0.5  0.5  0.5  
0.429329  0.5  0.5  0.5  0.5  0.5  0.429329  0.5  0.5  0.5  0.5  0.5  
0.633178  0.5  0.5  0.5  0.5  0.5  0.633178  0.5  0.5  0.5  0.5  0.5  
0.862916  0.5  0.5  0.5  0.5  0.5  0.862916  0.5  0.5  0.5  0.5  0.5  
0.971307  0.5  0.5  0.5  0.5  0.5  0.971307  0.5  0.5  0.5  0.5  0.5  
0.0378728  0.5  0.5  0.5  0.5  0.5  0.0378728  0.5  0.5  0.5  0.5  0.5  
0.887987  0.5  0.5  0.5  0.5  0.5  0.887987  0.5  0.5  0.5  0.5  0.5  
0.596302  0.5  0.5  0.5  0.5  0.5  0.596302  0.5  0.5  0.5  0.5  0.5  
0.413609  0.5  0.5  0.5  0.5  0.5  0.413609  0.5  0.5  0.5  0.5  0.5  
0.307865  0.5  0.5  0.5  0.5  0.5  0.307865  0.5  0.5  0.5  0.5  0.5  
0.58399  0.5  0.5  0.5  0.5  0.5  0.58399  0.5  0.5  0.5  0.5  0.5  
0.150907  0.5  0.5  0.5  0.5  0.5  0.150907  0.5  0.5  0.5  0.5  0.5  
0.386613  0.5  0.5  0.5  0.5  0.5  0.386613  0.5  0.5  0.5  0.5  0.5  
0.553417  0.5  0.5  0.5  0.5  0.5  0.553417  0.5  0.5  0.5  0.5  0.5  
0.700835  0.5  0.5  0.5  0.5  0.5  0.700835  0.5  0.5  0.5  0.5  0.5  
0.898355  0.5  0.5  0.5  0.5  0.5  0.898355  0.5  0.5  0.5  0.5  0.5  
0.170829  0.5  0.5  0.5  0.5  0.5  0.170829  0.5  0.5  0.5  0.5  0.5  
0.441163  0.5  0.5  0.5  0.5  0.5  0.441163  0.5  0.5  0.5  0.5  0.5  
0.615207  0.5  0.5  0.5  0.5  0.5  0.615207  0.5  0.5  0.5  0.5  0.5  
0.70926  0.5  0.5  0.5  0.5  0.5  0.70926  0.5  0.5  0.5  0.5  0.5  
0.643223  0.5  0.5  0.5  0.5  0.5  0.643223  0.5  0.5  0.5  0.5  0.5  
0.764315  0.5  0.5  0.5  0.5  0.5  0.764315  0.5  0.5  0.5  0.5  0.5  
0.296515  0.5  0.5  0.5  0.5  0.5  0.296515  0.5  0.5  0.5  0.5  0.5  
0.463585  0.5  0.5  0.5  0.5  0.5  0.463585  0.5  0.5  0.5  0.5  0.5  
0.129896  0.5  0.5  0.5  0.5  0.5  0.129896  0.5  0.5  0.5  0.5  0.5  
0.875248  0.5  0.5  0.5  0.5  0.5  0.875248  0.5  0.5  0.5  0.5  0.5  
0.812872  0.5  0.5  0.5  0.5  0.5  0.812872  0.5  0.5  0.5  0.5  0.5  
0.0598733  0.5  0.5  0.5  0.5  0.5  0.0598733  0.5  0.5  0.5  0.5  0.5  
0.451231  0.5  0.5  0.5  0.5  0.5  0.451231  0.5  0.5  0.5  0.5  0.5  
0.511888  0.5  0.5  0.5  0.5  0.5  0.511888  0.5  0.5  0.5  0.5  0.5  
0.606192  0.5  0.5  0.5  0.5  0.5  0.606192  0.5  0.5  0.5  0.5  0.5  
0.542312  0.5  0.5  0.5  0.5  0.5  0.542312  0.5  0.5  0.5  0.5  0.5  
0.794294  0.5  0.5  0.5  0.5  0.5  0.794294  0.5  0.5  0.5  0.5  0.5  
0.927809  0.5  0.5  0.5  0.5  0.5  0.927809  0.5  0.5  0.5  0.5  0.5  
0.329112  0.5  0.5  0.5  0.5  0.5  0.329112  0.5  0.5  0.5  0.5  0.5  
0.23829  0.5  0.5  0.5  0.5  0.5  0.23829  0.5  0.5  0.5  0.5  0.5  
0.673509  0.5  0.5  0.5  0.5  0.5  0.673509  0.5  0.5  0.5  0.5  0.5  
0.48324  0.5  0.5  0.5  0.5  0.5  0.48324  0.5  0.5  0.5  0.5  0.5  
0.0285714  0.5  0.5  0.5  0.5  0.5  0.0285714  0.5  0.5  0.5  0.5  0.5  
0.835565  0.5  0.5  0.5  0.5  0.5  0.835565  0.5  0.5  0.5  0.5  0.5  
0.803473  0.5  0.5  0.5  0.5  0.5  0.803473  0.5  0.5  0.5  0.5  0.5  
0.493148  0.5  0.5  0.5  0.5  0.5  0.493148  0.5  0.5  0.5  0.5  0.5  
0.661504  0.5  0.5  0.5  0.5  0.5  0.661504  0.5  0.5  0.5  0.5  0.5  
0.980739  0.5  0.5  0.5  0.5  0.5  0.980739  0.5  0.5  0.5  0.5  0.5  
0.318722  0.5  0.5  0.5  0.5  0.5  0.318722  0.5  0.5  0.5  0.5  0.5  
0.920486  0.5  0.5  0.5  0.5  0.5  0.920486  0.5  0.5  0.5  0.5  0.5  
0.338735  0.5  0.5  0.5  0.5  0.5  0.338735  0.5  0.5  0.5  0.5  0.5  
1  0.5  0.5  0.5  0.5  0.5  1  0.5  0.5  0.5  0.5  0.5  
0.117893  0.5  0.5  0.5  0.5  0.5  0.117893  0.5  0.5  0.5  0.5  0.5  
0.649425  0.5  0.5  0.5  0.5  0.5  0.649425  0.5  0.5  0.5  0.5  0.5  
0.00752434  0.5  0.5  0.5  0.5  0.5  0.00752434  0.5  0.5  0.5  0.5  0.5  
0.692911  0.5  0.5  0.5  0.5  0.5  0.692911  0.5  0.5  0.5  0.5  0.5  
0.475034  0.5  0.5  0.5  0.5  0.5  0.475034  0.5  0.5  0.5  0.5  0.5  
0.848964  0.5  0.5  0.5  0.5  0.5  0.848964  0.5  0.5  0.5  0.5  0.5  
0.435209  0.5  0.5  0.5  0.5  0.5  0.435209  0.5  0.5  0.5  0.5  0.5  
0.369273  0.5  0.5  0.5  0.5  0.5  0.369273  0.5  0.5  0.5  0.5  0.5  
0.0180424  0.5  0.5  0.5  0.5  0.5  0.0180424  0.5  0.5  0.5  0.5  0.5  
0.52969  0.5  0.5  0.5  0.5  0.5  0.52969  0.5  0.5  0.5  0.5  0.5  
0.633537  0.5  0.5  0.5  0.5  0.5  0.633537  0.5  0.5  0.5  0.5  0.5  
0.745873  0.5  0.5  0.5  0.5  0.5  0.745873  0.5  0.5  0.5  0.5  0.5  
0.142116  0.5  0.5  0.5  0.5  0.5  0.142116  0.5  0.5  0.5  0.5  0.5  
0.990433  0.5  0.5  0.5  0.5  0.5  0.990433  0.5  0.5  0.5  0.5  0.5  
0.198958  0.5  0.5  0.5  0.5  0.5  0.198958  0.5  0.5  0.5  0.5  0.5  
0.267235  0.5  0.5  0.5  0.5  0.5  0.267235  0.5  0.5  0.5  0.5  0.5  
0.276134  0.5  0.5  0.5  0.5  0.5  0.276134  0.5  0.5  0.5  0.5  0.5  
0.108301  0.5  0.5  0.5  0.5  0.5  0.108301  0.5  0.5  0.5  0.5  0.5  
0.573111  0.5  0.5  0.5  0.5  0.5  0.573111  0.5  0.5  0.5  0.5  0.5  
0.736878  0.5  0.5  0.5  0.5  0.5  0.736878  0.5  0.5  0.5  0.5  0.5  
0.209697  0.5  0.5  0.5  0.5  0.5  0.209697  0.5  0.5  0.5  0.5  0.5  
0.249026  0.5  0.5  0.5  0.5  0.5  0.249026  0.5  0.5  0.5  0.5  0.5  
0.35892  0.5  0.5  0.5  0.5  0.5  0.35892  0.5  0.5  0.5  0.5  0.5  
0.0478378  0.5  0.5  0.5  0.5  0.5  0.0478378  0.5  0.5  0.5  0.5  0.5  
0.379352  0.5  0.5  0.5  0.5  0.5  0.379352  0.5  0.5  0.5  0.5  0.5  
0.28796  0.5  0.5  0.5  0.5  0.5  0.28796  0.5  0.5  0.5  0.5  0.5  
0.0976924  0.5  0.5  0.5  0.5  0.5  0.0976924  0.5  0.5  0.5  0.5  0.5  
1.031e-20  0.5  0.5  0.5  0.5  0.5  1.031e-20  0.5  0.5  0.5  0.5  0.5  
0.180828  0.5  0.5  0.5  0.5  0.5  0.180828  0.5  0.5  0.5  0.5  0.5  
0.910734  0.5  0.5  0.5  0.5  0.5  0.910734  0.5  0.5  0.5  0.5  0.5  
0.682391  0.5  0.5  0.5  0.5  0.5  0.682391  0.5  0.5  0.5  0.5  0.5  
0.753885  0.5  0.5  0.5  0.5  0.5  0.753885  0.5  0.5  0.5  0.5  0.5  
0.261692  0.5  0.5  0.5  0.5  0.5  0.261692  0.5  0.5  0.5  0.5  0.5  
0.727232  0.5  0.5  0.5  0.5  0.5  0.727232  0.5  0.5  0.5  0.5  0.5  
0.562829  0.5  0.5  0.5  0.5  0.5  0.562829  0.5  0.5  0.5  0.5  0.5  
0.78605  0.5  0.5  0.5  0.5  0.5  0.78605  0.5  0.5  0.5  0.5  0.5  
0.774064  0.5  0.5  0.5  0.5  0.5  0.774064  0.5  0.5  0.5  0.5  0.5  
0.077087  0.5  0.5  0.5  0.5  0.5  0.077087  0.5  0.5  0.5  0.5  0.5  
0.520003  0.5  0.5  0.5  0.5  0.5  0.520003  0.5  0.5  0.5  0.5  0.5  
0.159571  0.5  0.5  0.5  0.5  0.5  0.159571  0.5  0.5  0.5  0.5  0.5  
0.0868503  0.5  0.5  0.5  0.5  0.5  0.0868503  0.5  0.5  0.5  0.5  0.5  
0.503653  0.5  0.5  0.5  0.5  0.5  0.503653  0.5  0.5  0.5  0.5  0.5  
0.71774  0.5  0.5  0.5  0.5  0.5  0.71774  0.5  0.5  0.5  0.5  0.5  
0.822522  0.5  0.5  0.5  0.5  0.5  0.822522  0.5  0.5  0.5  0.5  0.5  
0.229162  0.5  0.5  0.5  0.5  0.5  0.229162  0.5  0.5  0.5  0.5  0.5  
0.949661  0.5  0.5  0.5  0.5  0.5  0.949661  0.5  0.5  0.5  0.5  0.5  
0.220821  0.5  0.5  0.5  0.5  0.5  0.220821  0.5  0.5  0.5  0.5  0.5  
0.0671871  0.5  0.5  0.5  0.5  0.5  0.0671871  0.5  0.5  0.5  0.5  0.5  
0.401964  0.5  0.5  0.5  0.5  0.5  0.401964  0.5  0.5  0.5  0.5  0.5  
0.424941  0.5  0.5  0.5  0.5  0.5  0.424941  0.5  0.5  0.5  0.5  0.5  
0.961022  0.5  0.5  0.5  0.5  0.5  0.961022  0.5  0.5  0.5  0.5  0.5  
0.34913  0.5  0.5  0.5  0.5  0.5  0.34913  0.5  0.5  0.5  0.5  0.5  
0.938117  0.5  0.5  0.5  0.5  0.5  0.938117  0.5  0.5  0.5  0.5  0.5  
0.190136  0.5  0.5  0.5  0.5  0.5  0.190136  0.5  0.5  0.5  0.5  0.5  
0.623587  0.5  0.5  0.5  0.5  0.5  0.623587  0.5  0.5  0.5  0.5  0.5  
0.114276  0.5  0.5  0.5  0.5  0.5  0.114276  0.5  0.5  0.5  0.5  0.5  
0.583541  0.5  0.5  0.5  0.5  0.5  0.583541  0.5  0.5  0.5  0.5  0.5  
0.234564  0.5  0.5  0.5  0.5  0.5  0.234564  0.5  0.5  0.5  0.5  0.5  
0.646069  0.5  0.5  0.5  0.5  0.5  0.646069  0.5  0.5  0.5  0.5  0.5  
0.63697  0.5  0.5  0.5  0.5  0.5  0.63697  0.5  0.5  0.5  0.5  0.5  
0.546353  0.5  0.5  0.5  0.5  0.5  0.546353  0.5  0.5  0.5  0.5  0.5  
0.856571  0.5  0.5  0.5  0.5  0.5  0.856571  0.5  0.5  0.5  0.5  0.5  
0.254984  0.5  0.5  0.5  0.5  0.5  0.254984  0.5  0.5  0.5  0.5  0.5  
0.404416  0.5  0.5  0.5  0.5  0.5  0.404416  0.5  0.5  0.5  0.5  0.5  
0.0921056  0.5  0.5  0.5  0.5  0.5  0.0921056  0.5  0.5  0.5  0.5  0.5  
0.703497  0.5  0.5  0.5  0.5  0.5  0.703497  0.5  0.5  0.5  0.5  0.5  
0.287134  0.5  0.5  0.5  0.5  0.5  0.287134  0.5  0.5  0.5  0.5  0.5  
0.615984  0.5  0.5  0.5  0.5  0.5  0.615984  0.5  0.5  0.5  0.5  0.5  
0.685001  0.5  0.5  0.5  0.5  0.5  0.685001  0.5  0.5  0.5  0.5  0.5  
0.820305  0.5  0.5  0.5  0.5  0.5  0.820305  0.5  0.5  0.5  0.5  0.5  
1  0.5  0.5  0.5  0.5  0.5  1  0.5  0.5  0.5  0.5  0.5  
0.913397  0.5  0.5  0.5  0.5  0.5  0.913397  0.5  0.5  0.5  0.5  0.5  
0.298288  0.5  0.5  0.5  0.5  0.5  0.298288  0.5  0.5  0.5  0.5  0.5  
0.660692  0.5  0.5  0.5  0.5  0.5  0.660692  0.5  0.5  0.5  0.5  0.5  
0.671415  0.5  0.5  0.5  0.5  0.5  0.671415  0.5  0.5  0.5  0.5  0.5  
0.457554  0.5  0.5  0.5  0.5  0.5  0.457554  0.5  0.5  0.5  0.5  0.5  
0.930069  0.5  0.5  0.5  0.5  0.5  0.930069  0.5  0.5  0.5  0.5  0.5  
0.487057  0.5  0.5  0.5  0.5  0.5  0.487057  0.5  0.5  0.5  0.5  0.5  
0.325947  0.5  0.5  0.5  0.5  0.5  0.325947  0.5  0.5  0.5  0.5  0.5  
0.243398  0.5  0.5  0.5  0.5  0.5  0.243398  0.5  0.5  0.5  0.5  0.5  
0.469523  0.5  0.5  0.5  0.5  0.5  0.469523  0.5  0.5  0.5  0.5  0.5  
0.276236  0.5  0.5  0.5  0.5  0.5  0.276236  0.5  0.5  0.5  0.5  0.5  
0.517299  0.5  0.5  0.5  0.5  0.5  0.517299  0.5  0.5  0.5  0.5  0.5  
0.178902  0.5  0.5  0.5  0.5  0.5  0.178902  0.5  0.5  0.5  0.5  0.5  
0.838234  0.5  0.5  0.5  0.5  0.5  0.838234  0.5  0.5  0.5  0.5  0.5  
0.364266  0.5  0.5  0.5  0.5  0.5  0.364266  0.5  0.5  0.5  0.5  0.5  
0.976737  0.5  0.5  0.5  0.5  0.5  0.976737  0.5  0.5  0.5  0.5  0.5  
0.752456  0.5  0.5  0.5  0.5  0.5  0.752456  0.5  0.5  0.5  0.5  0.5  
0.763596  0.5  0.5  0.5  0.5  0.5  0.763596  0.5  0.5  0.5  0.5  0.5  
1.031e-20  0.5  0.5  0.5  0.5  0.5  1.031e-20  0.5  0.5  0.5  0.5  0.5  
0.102797  0.5  0.5  0.5  0.5  0.5  0.102797  0.5  0.5  0.5  0.5  0.5  
0.922555  0.5  0.5  0.5  0.5  0.5  0.922555  0.5  0.5  0.5  0.5  0.5  
0.12601  0.5  0.5  0.5  0.5  0.5  0.12601  0.5  0.5  0.5  0.5  0.5  
0.0476221  0.5  0.5  0.5  0.5  0.5  0.0476221  0.5  0.5  0.5  0.5  0.5  
0.947309  0.5  0.5  0.5  0.5  0.5  0.947309  0.5  0.5  0.5  0.5  0.5  
0.73354  0.5  0.5  0.5  0.5  0.5  0.73354  0.5  0.5  0.5  0.5  0.5  
0.334125  0.5  0.5  0.5  0.5  0.5  0.334125  0.5  0.5  0.5  0.5  0.5  
0.354538  0.5  0.5  0.5  0.5  0.5  0.354538  0.5  0.5  0.5  0.5  0.5  
0.875077  0.5  0.5  0.5  0.5  0.5  0.875077  0.5  0.5  0.5  0.5  0.5  
0.604302  0.5  0.5  0.5  0.5  0.5  0.604302  0.5  0.5  0.5  0.5  0.5  
0.152599  0.5  0.5  0.5  0.5  0.5  0.152599  0.5  0.5  0.5  0.5  0.5  
0.506799  0.5  0.5  0.5  0.5  0.5  0.506799  0.5  0.5  0.5  0.5  0.5  
0.42559  0.5  0.5  0.5  0.5  0.5  0.42559  0.5  0.5  0.5  0.5  0.5  
0.783388  0.5  0.5  0.5  0.5  0.5  0.783388  0.5  0.5  0.5  0.5  0.5  
0.724388  0.5  0.5  0.5  0.5  0.5  0.724388  0.5  0.5  0.5  0.5  0.5  
0.374208  0.5  0.5  0.5  0.5  0.5  0.374208  0.5  0.5  0.5  0.5  0.5  
0.526827  0.5  0.5  0.5  0.5  0.5  0.526827  0.5  0.5  0.5  0.5  0.5  
0.416837  0.5  0.5  0.5  0.5  0.5  0.416837  0.5  0.5  0.5  0.5  0.5  
0.987612  0.5  0.5  0.5  0.5  0.5  0.987612  0.5  0.5  0.5  0.5  0.5  
0.224208  0.5  0.5  0.5  0.5  0.5  0.224208  0.5  0.5  0.5  0.5  0.5  
0.202813  0.5  0.5  0.5  0.5  0.5  0.202813  0.5  0.5  0.5  0.5  0.5  
0.394502  0.5  0.5  0.5  0.5  0.5  0.394502  0.5  0.5  0.5  0.5  0.5  
0.592992  0.5  0.5  0.5  0.5  0.5  0.592992  0.5  0.5  0.5  0.5  0.5  
0.0370936  0.5  0.5  0.5  0.5  0.5  0.0370936  0.5  0.5  0.5  0.5  0.5  
0.0280335  0.5  0.5  0.5  0.5  0.5  0.0280335  0.5  0.5  0.5  0.5  0.5  
0.343786  0.5  0.5  0.5  0.5  0.5  0.343786  0.5  0.5  0.5  0.5  0.5  
0.939668  0.5  0.5  0.5  0.5  0.5  0.939668  0.5  0.5  0.5  0.5  0.5  
0.497308  0.5  0.5  0.5  0.5  0.5  0.497308  0.5  0.5  0.5  0.5  0.5  
0.828843  0.5  0.5  0.5  0.5  0.5  0.828843  0.5  0.5  0.5  0.5  0.5  
0.810648  0.5  0.5  0.5  0.5  0.5  0.810648  0.5  0.5  0.5  0.5  0.5  
0.5352  0.5  0.5  0.5  0.5  0.5  0.5352  0.5  0.5  0.5  0.5  0.5  
0.956978  0.5  0.5  0.5  0.5  0.5  0.956978  0.5  0.5  0.5  0.5  0.5  
0.307866  0.5  0.5  0.5  0.5  0.5  0.307866  0.5  0.5  0.5  0.5  0.5  
0.073593  0.5  0.5  0.5  0.5  0.5  0.073593  0.5  0.5  0.5  0.5  0.5  
0.625486  0.5  0.5  0.5  0.5  0.5  0.625486  0.5  0.5  0.5  0.5  0.5  
0.0616655  0.5  0.5  0.5  0.5  0.5  0.0616655  0.5  0.5  0.5  0.5  0.5  
0.554529  0.5  0.5  0.5  0.5  0.5  0.554529  0.5  0.5  0.5  0.5  0.5  
0.170347  0.5  0.5  0.5  0.5  0.5  0.170347  0.5  0.5  0.5  0.5  0.5  
0.965952  0.5  0.5  0.5  0.5  0.5  0.965952  0.5  0.5  0.5  0.5  0.5  
0.792498  0.5  0.5  0.5  0.5  0.5  0.792498  0.5  0.5  0.5  0.5  0.5  
0.745917  0.5  0.5  0.5  0.5  0.5  0.745917  0.5  0.5  0.5  0.5  0.5  
0.0095877  0.5  0.5  0.5  0.5  0.5  0.0095877  0.5  0.5  0.5  0.5  0.5  
0.31602  0.5  0.5  0.5  0.5  0.5  0.31602  0.5  0.5  0.5  0.5  0.5  
0.478749  0.5  0.5  0.5  0.5  0.5  0.478749  0.5  0.5  0.5  0.5  0.5  
0.884367  0.5  0.5  0.5  0.5  0.5  0.884367  0.5  0.5  0.5  0.5  0.5  
0.447469  0.5  0.5  0.5  0.5  0.5  0.447469  0.5  0.5  0.5  0.5  0.5  
0.139389  0.5  0.5  0.5  0.5  0.5  0.139389  0.5  0.5  0.5  0.5  0.5  
0.565369  0.5  0.5  0.5  0.5  0.5  0.565369  0.5  0.5  0.5  0.5  0.5  
0.714656  0.5  0.5  0.5  0.5  0.5  0.714656  0.5  0.5  0.5  0.5  0.5  
0.436821  0.5  0.5  0.5  0.5  0.5  0.436821  0.5  0.5  0.5  0.5  0.5  
0.773025  0.5  0.5  0.5  0.5  0.5  0.773025  0.5  0.5  0.5  0.5  0.5  
0.694454  0.5  0.5  0.5  0.5  0.5  0.694454  0.5  0.5  0.5  0.5  0.5  
0.161332  0.5  0.5  0.5  0.5  0.5  0.161332  0.5  0.5  0.5  0.5  0.5  
0.0171675  0.5  0.5  0.5  0.5  0.5  0.0171675  0.5  0.5  0.5  0.5  0.5  
0.893176  0.5  0.5  0.5  0.5  0.5  0.893176  0.5  0.5  0.5  0.5  0.5  
0.383055  0.5  0.5  0.5  0.5  0.5  0.383055  0.5  0.5  0.5  0.5  0.5  
0.188014  0.5  0.5  0.5  0.5  0.5  0.188014  0.5  0.5  0.5  0.5  0.5  
0.0816013  0.5  0.5  0.5  0.5  0.5  0.0816013  0.5  0.5  0.5  0.5  0.5  
0.266249  0.5  0.5  0.5  0.5  0.5  0.266249  0.5  0.5  0.5  0.5  0.5  
0.215412  0.5  0.5  0.5  0.5  0.5  0.215412  0.5  0.5  0.5  0.5  0.5  
0.904927  0.5  0.5  0.5  0.5  0.5  0.904927  0.5  0.5  0.5  0.5  0.5  
0.845587  0.5  0.5  0.5  0.5  0.5  0.845587  0.5  0.5  0.5  0.5  0.5  
0.866103  0.5  0.5  0.5  0.5  0.5  0.866103  0.5  0.5  0.5  0.5  0.5  
0.801095  0.5  0.5  0.5  0.5  0.5  0.801095  0.5  0.5  0.5  0.5  0.5  
0.57374  0.5  0.5  0.5  0.5  0.5  0.57374  0.5  0.5  0.5  0.5  0.5  
0.826468  0.5  0.5  0.5  0.5  0.5  0.826468  0.5  0.5  0.5  0.5  0.5  
0.500553  0.5  0.5  0.5  0.5  0.5  0.500553  0.5  0.5  0.5  0.5  0.5  
0.310313  0.5  0.5  0.5  0.5  0.5  0.310313  0.5  0.5  0.5  0.5  0.5  
0.880411  0.5  0.5  0.5  0.5  0.5  0.880411  0.5  0.5  0.5  0.5  0.5  
0.557421  0.5  0.5  0.5  0.5  0.5  0.557421  0.5  0.5  0.5  0.5  0.5  
0.526536  0.5  0.5  0.5  0.5  0.5  0.526536  0.5  0.5  0.5  0.5  0.5  
0.767851  0.5  0.5  0.5  0.5  0.5  0.767851  0.5  0.5  0.5  0.5  0.5  
0.330523  0.5  0.5  0.5  0.5  0.5  0.330523  0.5  0.5  0.5  0.5  0.5  
1  0.5  0.5  0.5  0.5  0.5  1  0.5  0.5  0.5  0.5  0.5  
0.816775  0.5  0.5  0.5  0.5  0.5  0.816775  0.5  0.5  0.5  0.5  0.5  
0.955096  0.5  0.5  0.5  0.5  0.5  0.955096  0.5  0.5  0.5  0.5  0.5  
0.110787  0.5  0.5  0.5  0.5  0.5  0.110787  0.5  0.5  0.5  0.5  0.5  
0.37971  0.5  0.5  0.5  0.5  0.5  0.37971  0.5  0.5  0.5  0.5  0.5  
0.420487  0.5  0.5  0.5  0.5  0.5  0.420487  0.5  0.5  0.5  0.5  0.5  
0.22675  0.5  0.5  0.5  0.5  0.5  0.22675  0.5  0.5  0.5  0.5  0.5  
0.358094  0.5  0.5  0.5  0.5  0.5  0.358094  0.5  0.5  0.5  0.5  0.5  
0.063982  0.5  0.5  0.5  0.5  0.5  0.063982  0.5  0.5  0.5  0.5  0.5  
0.899405  0.5  0.5  0.5  0.5  0.5  0.899405  0.5  0.5  0.5  0.5  0.5  
0.778466  0.5  0.5  0.5  0.5  0.5  0.778466  0.5  0.5  0.5  0.5  0.5  
0.206756  0.5  0.5  0.5  0.5  0.5  0.206756  0.5  0.5  0.5  0.5  0.5  
0.64047  0.5  0.5  0.5  0.5  0.5  0.64047  0.5  0.5  0.5  0.5  0.5  
0.0912928  0.5  0.5  0.5  0.5  0.5  0.0912928  0.5  0.5  0.5  0.5  0.5  
0.748803  0.5  0.5  0.5  0.5  0.5  0.748803  0.5  0.5  0.5  0.5  0.5  
0.807092  0.5  0.5  0.5  0.5  0.5  0.807092  0.5  0.5  0.5  0.5  0.5  
0.579798  0.5  0.5  0.5  0.5  0.5  0.579798  0.5  0.5  0.5  0.5  0.5  
0.258489  0.5  0.5  0.5  0.5  0.5  0.258489  0.5  0.5  0.5  0.5  0.5  
0.196014  0.5  0.5  0.5  0.5  0.5  0.196014  0.5  0.5  0.5  0.5  0.5  
0.980717  0.5  0.5  0.5  0.5  0.5  0.980717  0.5  0.5  0.5  0.5  0.5  
0.156429  0.5  0.5  0.5  0.5  0.5  0.156429  0.5  0.5  0.5  0.5  0.5  
0.601183  0.5  0.5  0.5  0.5  0.5  0.601183  0.5  0.5  0.5  0.5  0.5  
0.967211  0.5  0.5  0.5  0.5  0.5  0.967211  0.5  0.5  0.5  0.5  0.5  
0.439266  0.5  0.5  0.5  0.5  0.5  0.439266  0.5  0.5  0.5  0.5  0.5  
0.470415  0.5  0.5  0.5  0.5  0.5  0.470415  0.5  0.5  0.5  0.5  0.5  
0.270101  0.5  0.5  0.5  0.5  0.5  0.270101  0.5  0.5  0.5  0.5  0.5  
0.0483578  0.5  0.5  0.5  0.5  0.5  0.0483578  0.5  0.5  0.5  0.5  0.5  
0.186152  0.5  0.5  0.5  0.5  0.5  0.186152  0.5  0.5  0.5  0.5  0.5  
1.031e-20  0.5  0.5  0.5  0.5  0.5  1.031e-20  0.5  0.5  0.5  0.5  0.5  
0.0753307  0.5  0.5  0.5  0.5  0.5  0.0753307  0.5  0.5  0.5  0.5  0.5  
0.834069  0.5  0.5  0.5  0.5  0.5  0.834069  0.5  0.5  0.5  0.5  0.5  
0.611344  0.5  0.5  0.5  0.5  0.5  0.611344  0.5  0.5  0.5  0.5  0.5  
0.922736  0.5  0.5  0.5  0.5  0.5  0.922736  0.5  0.5  0.5  0.5  0.5  
0.788858  0.5  0.5  0.5  0.5  0.5  0.788858  0.5  0.5  0.5  0.5  0.5  
0.944239  0.5  0.5  0.5  0.5  0.5  0.944239  0.5  0.5  0.5  0.5  0.5  
0.43205  0.5  0.5  0.5  0.5  0.5  0.43205  0.5  0.5  0.5  0.5  0.5  
0.843928  0.5  0.5  0.5  0.5  0.5  0.843928  0.5  0.5  0.5  0.5  0.5  
0.0392878  0.5  0.5  0.5  0.5  0.5  0.0392878  0.5  0.5  0.5  0.5  0.5  
0.590793  0.5  0.5  0.5  0.5  0.5  0.590793  0.5  0.5  0.5  0.5  0.5  
0.28068  0.5  0.5  0.5  0.5  0.5  0.28068  0.5  0.5  0.5  0.5  0.5  
0.173013  0.5  0.5  0.5  0.5  0.5  0.173013  0.5  0.5  0.5  0.5  0.5  
0.672918  0.5  0.5  0.5  0.5  0.5  0.672918  0.5  0.5  0.5  0.5  0.5  
0.93322  0.5  0.5  0.5  0.5  0.5  0.93322  0.5  0.5  0.5  0.5  0.5  
0.249278  0.5  0.5  0.5  0.5  0.5  0.249278  0.5  0.5  0.5  0.5  0.5  
0.568719  0.5  0.5  0.5  0.5  0.5  0.568719  0.5  0.5  0.5  0.5  0.5  
0.319646  0.5  0.5  0.5  0.5  0.5  0.319646  0.5  0.5  0.5  0.5  0.5  
0.719623  0.5  0.5  0.5  0.5  0.5  0.719623  0.5  0.5  0.5  0.5  0.5  
0.70845  0.5  0.5  0.5  0.5  0.5  0.70845  0.5  0.5  0.5  0.5  0.5  
0.508428  0.5  0.5  0.5  0.5  0.5  0.508428  0.5  0.5  0.5  0.5  0.5  
0.408933  0.5  0.5  0.5  0.5  0.5  0.408933  0.5  0.5  0.5  0.5  0.5  
0.690282  0.5  0.5  0.5  0.5  0.5  0.690282  0.5  0.5  0.5  0.5  0.5  
0.888785  0.5  0.5  0.5  0.5  0.5  0.888785  0.5  0.5  0.5  0.5  0.5  
0.134025  0.5  0.5  0.5  0.5  0.5  0.134025  0.5  0.5  0.5  0.5  0.5  
0.12301  0.5  0.5  0.5  0.5  0.5  0.12301  0.5  0.5  0.5  0.5  0.5  
0.28967  0.5  0.5  0.5  0.5  0.5  0.28967  0.5  0.5  0.5  0.5  0.5  
0.146809  0.5  0.5  0.5  0.5  0.5  0.146809  0.5  0.5  0.5  0.5  0.5  
0.797777  0.5  0.5  0.5  0.5  0.5  0.797777  0.5  0.5  0.5  0.5  0.5  
0.681012  0.5  0.5  0.5  0.5  0.5  0.681012  0.5  0.5  0.5  0.5  0.5  
0.867888  0.5  0.5  0.5  0.5  0.5  0.867888  0.5  0.5  0.5  0.5  0.5  
0.759945  0.5  0.5  0.5  0.5  0.5  0.759945  0.5  0.5  0.5  0.5  0.5  
0.659889  0.5  0.5  0.5  0.5  0.5  0.659889  0.5  0.5  0.5  0.5  0.5  
0.449609  0.5  0.5  0.5  0.5  0.5  0.449609  0.5  0.5  0.5  0.5  0.5  
0.912959  0.5  0.5  0.5  0.5  0.5  0.912959  0.5  0.5  0.5  0.5  0.5  
0.3398  0.5  0.5  0.5  0.5  0.5  0.3398  0.5  0.5  0.5  0.5  0.5  
0.730823  0.5  0.5  0.5  0.5  0.5  0.730823  0.5  0.5  0.5  0.5  0.5  
0.0840457  0.5  0.5  0.5  0.5  0.5  0.0840457  0.5  0.5  0.5  0.5  0.5  
0.164523  0.5  0.5  0.5  0.5  0.5  0.164523  0.5  0.5  0.5  0.5  0.5  
0.389943  0.5  0.5  0.5  0.5  0.5  0.389943  0.5  0.5  0.5  0.5  0.5  
0.300754  0.5  0.5  0.5  0.5  0.5  0.300754  0.5  0.5  0.5  0.5  0.5  
0.0108139  0.5  0.5  0.5  0.5  0.5  0.0108139  0.5  0.5  0.5  0.5  0.5  
0.398953  0.5  0.5  0.5  0.5  0.5  0.398953  0.5  0.5  0.5  0.5  0.5  
0.0199986  0.5  0.5  0.5  0.5  0.5  0.0199986  0.5  0.5  0.5  0.5  0.5  
0.618823  0.5  0.5  0.5  0.5  0.5  0.618823  0.5  0.5  0.5  0.5  0.5  
0.0567626  0.5  0.5  0.5  0.5  0.5  0.0567626  0.5  0.5  0.5  0.5  0.5  
0.649471  0.5  0.5  0.5  0.5  0.5  0.649471  0.5  0.5  0.5  0.5  0.5  
0.990067  0.5  0.5  0.5  0.5  0.5  0.990067  0.5  0.5  0.5  0.5  0.5  
0.698396  0.5  0.5  0.5  0.5  0.5  0.698396  0.5  0.5  0.5  0.5  0.5  
0.367732  0.5  0.5  0.5  0.5  0.5  0.367732  0.5  0.5  0.5  0.5  0.5  
0.460332  0.5  0.5  0.5  0.5  0.5  0.460332  0.5  0.5  0.5  0.5  0.5  
0.629831  0.5  0.5  0.5  0.5  0.5  0.629831  0.5  0.5  0.5  0.5  0.5  
0.100573  0.5  0.5  0.5  0.5  0.5  0.100573  0.5  0.5  0.5  0.5  0.5  
0.216268  0.5  0.5  0.5  0.5  0.5  0.216268  0.5  0.5  0.5  0.5  0.5  
0.0302054  0.5  0.5  0.5  0.5  0.5  0.0302054  0.5  0.5  0.5  0.5  0.5  
0.480695  0.5  0.5  0.5  0.5  0.5  0.480695  0.5  0.5  0.5  0.5  0.5  
0.490851  0.5  0.5  0.5  0.5  0.5  0.490851  0.5  0.5  0.5  0.5  0.5  
0.349015  0.5  0.5  0.5  0.5  0.5  0.349015  0.5  0.5  0.5  0.5  0.5  
0.739769  0.5  0.5  0.5  0.5  0.5  0.739769  0.5  0.5  0.5  0.5  0.5  
0.854254  0.5  0.5  0.5  0.5  0.5  0.854254  0.5  0.5  0.5  0.5  0.5  
0.53653  0.5  0.5  0.5  0.5  0.5  0.53653  0.5  0.5  0.5  0.5  0.5  
0.547383  0.5  0.5  0.5  0.5  0.5  0.547383  0.5  0.5  0.5  0.5  0.5  
0.238769  0.5  0.5  0.5  0.5  0.5  0.238769  0.5  0.5  0.5  0.5  0.5  
0.518261  0.5  0.5  0.5  0.5  0.5  0.518261  0.5  0.5  0.5  0.5  0.5  
0.625615  0.5  0.5  0.5  0.5  0.5  0.625615  0.5  0.5  0.5  0.5  0.5  
0.418873  0.5  0.5  0.5  0.5  0.5  0.418873  0.5  0.5  0.5  0.5  0.5  
0.0939437  0.5  0.5  0.5  0.5  0.5  0.0939437  0.5  0.5  0.5  0.5  0.5  
0.581817  0.5  0.5  0.5  0.5  0.5  0.581817  0.5  0.5  0.5  0.5  0.5  
0.976699  0.5  0.5  0.5  0.5  0.5  0.976699  0.5  0.5  0.5  0.5  0.5  
0.719938  0.5  0.5  0.5  0.5  0.5  0.719938  0.5  0.5  0.5  0.5  0.5  
0.668348  0.5  0.5  0.5  0.5  0.5  0.668348  0.5  0.5  0.5  0.5  0.5  
0.697157  0.5  0.5  0.5  0.5  0.5  0.697157  0.5  0.5  0.5  0.5  0.5  
0.657909  0.5  0.5  0.5  0.5  0.5  0.657909  0.5  0.5  0.5  0.5  0.5  
0.529553  0.5  0.5  0.5  0.5  0.5  0.529553  0.5  0.5  0.5  0.5  0.5  
0.55945  0.5  0.5  0.5  0.5  0.5  0.55945  0.5  0.5  0.5  0.5  0.5  
0.382095  0.5  0.5  0.5  0.5  0.5  0.382095  0.5  0.5  0.5  0.5  0.5  
0.908473  0.5  0.5  0.5  0.5  0.5  0.908473  0.5  0.5  0.5  0.5  0.5  
0.780279  0.5  0.5  0.5  0.5  0.5  0.780279  0.5  0.5  0.5  0.5  0.5  
0.408071  0.5  0.5  0.5  0.5  0.5  0.408071  0.5  0.5  0.5  0.5  0.5  
0.605164  0.5  0.5  0.5  0.5  0.5  0.605164  0.5  0.5  0.5  0.5  0.5  
0.0373106  0.5  0.5  0.5  0.5  0.5  0.0373106  0.5  0.5  0.5  0.5  0.5  
0.634338  0.5  0.5  0.5  0.5  0.5  0.634338  0.5  0.5  0.5  0.5  0.5  
0.569763  0.5  0.5  0.5  0.5  0.5  0.569763  0.5  0.5  0.5  0.5  0.5  
0.502053  0.5  0.5  0.5  0.5  0.5  0.502053  0.5  0.5  0.5  0.5  0.5  
0.677709  0.5  0.5  0.5  0.5  0.5  0.677709  0.5  0.5  0.5  0.5  0.5  
0.789789  0.5  0.5  0.5  0.5  0.5  0.789789  0.5  0.5  0.5  0.5  0.5  
0.371093  0.5  0.5  0.5  0.5  0.5  0.371093  0.5  0.5  0.5  0.5  0.5  
0.928402  0.5  0.5  0.5  0.5  0.5  0.928402  0.5  0.5  0.5  0.5  0.5  
0.150181  0.5  0.5  0.5  0.5  0.5  0.150181  0.5  0.5  0.5  0.5  0.5  
0.246769  0.5  0.5  0.5  0.5  0.5  0.246769  0.5  0.5  0.5  0.5  0.5  
0.469136  0.5  0.5  0.5  0.5  0.5  0.469136  0.5  0.5  0.5  0.5  0.5  
0.010342  0.5  0.5  0.5  0.5  0.5  0.010342  0.5  0.5  0.5  0.5  0.5  
0.363046  0.5  0.5  0.5  0.5  0.5  0.363046  0.5  0.5  0.5  0.5  0.5  
0.216669  0.5  0.5  0.5  0.5  0.5  0.216669  0.5  0.5  0.5  0.5  0.5  
0.0271068  0.5  0.5  0.5  0.5  0.5  0.0271068  0.5  0.5  0.5  0.5  0.5  
0.730227  0.5  0.5  0.5  0.5  0.5  0.730227  0.5  0.5  0.5  0.5  0.5  
0.394329  0.5  0.5  0.5  0.5  0.5  0.394329  0.5  0.5  0.5  0.5  0.5  
0.857664  0.5  0.5  0.5  0.5  0.5  0.857664  0.5  0.5  0.5  0.5  0.5  
0.947971  0.5  0.5  0.5  0.5  0.5  0.947971  0.5  0.5  0.5  0.5  0.5  
0.326715  0.5  0.5  0.5  0.5  0.5  0.326715  0.5  0.5  0.5  0.5  0.5  
0.830697  0.5  0.5  0.5  0.5  0.5  0.830697  0.5  0.5  0.5  0.5  0.5  
0.170438  0.5  0.5  0.5  0.5  0.5  0.170438  0.5  0.5  0.5  0.5  0.5  
0.018555  0.5  0.5  0.5  0.5  0.5  0.018555  0.5  0.5  0.5  0.5  0.5  
0.989342  0.5  0.5  0.5  0.5  0.5  0.989342  0.5  0.5  0.5  0.5  0.5  
0.938673  0.5  0.5  0.5  0.5  0.5  0.938673  0.5  0.5  0.5  0.5  0.5  
0.128934  0.5  0.5  0.5  0.5  0.5  0.128934  0.5  0.5  0.5  0.5  0.5  
0.0472833  0.5  0.5  0.5  0.5  0.5  0.0472833  0.5  0.5  0.5  0.5  0.5  
0.642452  0.5  0.5  0.5  0.5  0.5  0.642452  0.5  0.5  0.5  0.5  0.5  
0.0600292  0.5  0.5  0.5  0.5  0.5  0.0600292  0.5  0.5  0.5  0.5  0.5  
0.306035  0.5  0.5  0.5  0.5  0.5  0.306035  0.5  0.5  0.5  0.5  0.5  
0.179057  0.5  0.5  0.5  0.5  0.5  0.179057  0.5  0.5  0.5  0.5  0.5  
0.257045  0.5  0.5  0.5  0.5  0.5  0.257045  0.5  0.5  0.5  0.5  0.5  
0.841068  0.5  0.5  0.5  0.5  0.5  0.841068  0.5  0.5  0.5  0.5  0.5  
0.345794  0.5  0.5  0.5  0.5  0.5  0.345794  0.5  0.5  0.5  0.5  0.5  
0.188239  0.5  0.5  0.5  0.5  0.5  0.188239  0.5  0.5  0.5  0.5  0.5  
0.649894  0.5  0.5  0.5  0.5  0.5  0.649894  0.5  0.5  0.5  0.5  0.5  
0.769618  0.5  0.5  0.5  0.5  0.5  0.769618  0.5  0.5  0.5  0.5  0.5  
0.849036  0.5  0.5  0.5  0.5  0.5  0.849036  0.5  0.5  0.5  0.5  0.5  
0.519779  0.5  0.5  0.5  0.5  0.5  0.519779  0.5  0.5  0.5  0.5  0.5  
0.75918  0.5  0.5  0.5  0.5  0.5  0.75918  0.5  0.5  0.5  0.5  0.5  
1  0.5  0.5  0.5  0.5  0.5  1  0.5  0.5  0.5  0.5  0.5  
0.206086  0.5  0.5  0.5  0.5  0.5  0.206086  0.5  0.5  0.5  0.5  0.5  
0.962434  0.5  0.5  0.5  0.5  0.5  0.962434  0.5  0.5  0.5  0.5  0.5  
0.480134  0.5  0.5  0.5  0.5  0.5  0.480134  0.5  0.5  0.5  0.5  0.5  
0.265588  0.5  0.5  0.5  0.5  0.5  0.265588  0.5  0.5  0.5  0.5  0.5  
0.105844  0.5  0.5  0.5  0.5  0.5  0.105844  0.5  0.5  0.5  0.5  0.5  
0.616645  0.5  0.5  0.5  0.5  0.5  0.616645  0.5  0.5  0.5  0.5  0.5  
0.955683  0.5  0.5  0.5  0.5  0.5  0.955683  0.5  0.5  0.5  0.5  0.5  
0.490853  0.5  0.5  0.5  0.5  0.5  0.490853  0.5  0.5  0.5  0.5  0.5  
0.820295  0.5  0.5  0.5  0.5  0.5  0.820295  0.5  0.5  0.5  0.5  0.5  
0.0806308  0.5  0.5  0.5  0.5  0.5  0.0806308  0.5  0.5  0.5  0.5  0.5  
1.031e-20  0.5  0.5  0.5  0.5  0.5  1.031e-20  0.5  0.5  0.5  0.5  0.5  
0.223178  0.5  0.5  0.5  0.5  0.5  0.223178  0.5  0.5  0.5  0.5  0.5  
0.918937  0.5  0.5  0.5  0.5  0.5  0.918937  0.5  0.5  0.5  0.5  0.5  
0.897446  0.5  0.5  0.5  0.5  0.5  0.897446  0.5  0.5  0.5  0.5  0.5  
0.877362  0.5  0.5  0.5  0.5  0.5  0.877362  0.5  0.5  0.5  0.5  0.5  
0.438138  0.5  0.5  0.5  0.5  0.5  0.438138  0.5  0.5  0.5  0.5  0.5  
0.810216  0.5  0.5  0.5  0.5  0.5  0.810216  0.5  0.5  0.5  0.5  0.5  
0.315987  0.5  0.5  0.5  0.5  0.5  0.315987  0.5  0.5  0.5  0.5  0.5  
0.286038  0.5  0.5  0.5  0.5  0.5  0.286038  0.5  0.5  0.5  0.5  0.5  
0.885895  0.5  0.5  0.5  0.5  0.5  0.885895  0.5  0.5  0.5  0.5  0.5  
0.0697764  0.5  0.5  0.5  0.5  0.5  0.0697764  0.5  0.5  0.5  0.5  0.5  
0.141381  0.5  0.5  0.5  0.5  0.5  0.141381  0.5  0.5  0.5  0.5  0.5  
0.159419  0.5  0.5  0.5  0.5  0.5  0.159419  0.5  0.5  0.5  0.5  0.5  
0.738324  0.5  0.5  0.5  0.5  0.5  0.738324  0.5  0.5  0.5  0.5  0.5  
0.511095  0.5  0.5  0.5  0.5  0.5  0.511095  0.5  0.5  0.5  0.5  0.5  
0.274583  0.5  0.5  0.5  0.5  0.5  0.274583  0.5  0.5  0.5  0.5  0.5  
0.449063  0.5  0.5  0.5  0.5  0.5  0.449063  0.5  0.5  0.5  0.5  0.5  
0.458443  0.5  0.5  0.5  0.5  0.5  0.458443  0.5  0.5  0.5  0.5  0.5  
0.748191  0.5  0.5  0.5  0.5  0.5  0.748191  0.5  0.5  0.5  0.5  0.5  
0.428812  0.5  0.5  0.5  0.5  0.5  0.428812  0.5  0.5  0.5  0.5  0.5  
0.234431  0.5  0.5  0.5  0.5  0.5  0.234431  0.5  0.5  0.5  0.5  0.5  
0.294541  0.5  0.5  0.5  0.5  0.5  0.294541  0.5  0.5  0.5  0.5  0.5  
0.798907  0.5  0.5  0.5  0.5  0.5  0.798907  0.5  0.5  0.5  0.5  0.5  
0.593099  0.5  0.5  0.5  0.5  0.5  0.593099  0.5  0.5  0.5  0.5  0.5  
0.53859  0.5  0.5  0.5  0.5  0.5  0.53859  0.5  0.5  0.5  0.5  0.5  
0.116276  0.5  0.5  0.5  0.5  0.5  0.116276  0.5  0.5  0.5  0.5  0.5  
0.868198  0.5  0.5  0.5  0.5  0.5  0.868198  0.5  0.5  0.5  0.5  0.5  
0.7095  0.5  0.5  0.5  0.5  0.5  0.7095  0.5  0.5  0.5  0.5  0.5  
0.354577  0.5  0.5  0.5  0.5  0.5  0.354577  0.5  0.5  0.5  0.5  0.5  
0.197173  0.5  0.5  0.5  0.5  0.5  0.197173  0.5  0.5  0.5  0.5  0.5  
0.335759  0.5  0.5  0.5  0.5  0.5  0.335759  0.5  0.5  0.5  0.5  0.5  
0.68737  0.5  0.5  0.5  0.5  0.5  0.68737  0.5  0.5  0.5  0.5  0.5  
0.548379  0.5  0.5  0.5  0.5  0.5  0.548379  0.5  0.5  0.5  0.5  0.5  
0.792091  0.5  0.5  0.5  0.5  0.5  0.792091  0.5  0.5  0.5  0.5  0.5  
0.84797  0.5  0.5  0.5  0.5  0.5  0.84797  0.5  0.5  0.5  0.5  0.5  
0.810491  0.5  0.5  0.5  0.5  0.5  0.810491  0.5  0.5  0.5  0.5  0.5  
0.783671  0.5  0.5  0.5  0.5  0.5  0.783671  0.5  0.5  0.5  0.5  0.5  
0.222811  0.5  0.5  0.5  0.5  0.5  0.222811  0.5  0.5  0.5  0.5  0.5  
0.230523  0.5  0.5  0.5  0.5  0.5  0.230523  0.5  0.5  0.5  0.5  0.5  
0.801433  0.5  0.5  0.5  0.5  0.5  0.801433  0.5  0.5  0.5  0.5  0.5  
0.383099  0.5  0.5  0.5  0.5  0.5  0.383099  0.5  0.5  0.5  0.5  0.5  
0.0564539  0.5  0.5  0.5  0.5  0.5  0.0564539  0.5  0.5  0.5  0.5  0.5  
0.914446  0.5  0.5  0.5  0.5  0.5  0.914446  0.5  0.5  0.5  0.5  0.5  
0.44223  0.5  0.5  0.5  0.5  0.5  0.44223  0.5  0.5  0.5  0.5  0.5  
0.253805  0.5  0.5  0.5  0.5  0.5  0.253805  0.5  0.5  0.5  0.5  0.5  
0.354843  0.5  0.5  0.5  0.5  0.5  0.354843  0.5  0.5  0.5  0.5  0.5  
0.720429  0.5  0.5  0.5  0.5  0.5  0.720429  0.5  0.5  0.5  0.5  0.5  
0.0264112  0.5  0.5  0.5  0.5  0.5  0.0264112  0.5  0.5  0.5  0.5  0.5  
0.344327  0.5  0.5  0.5  0.5  0.5  0.344327  0.5  0.5  0.5  0.5  0.5  
0.197007  0.5  0.5  0.5  0.5  0.5  0.197007  0.5  0.5  0.5  0.5  0.5  
0.893153  0.5  0.5  0.5  0.5  0.5  0.893153  0.5  0.5  0.5  0.5  0.5  
0.589341  0.5  0.5  0.5  0.5  0.5  0.589341  0.5  0.5  0.5  0.5  0.5  
0.767171  0.5  0.5  0.5  0.5  0.5  0.767171  0.5  0.5  0.5  0.5  0.5  
0.83261  0.5  0.5  0.5  0.5  0.5  0.83261  0.5  0.5  0.5  0.5  0.5  
0.116041  0.5  0.5  0.5  0.5  0.5  0.116041  0.5  0.5  0.5  0.5  0.5  
0.243799  0.5  0.5  0.5  0.5  0.5  0.243799  0.5  0.5  0.5  0.5  0.5  
0.660763  0.5  0.5  0.5  0.5  0.5  0.660763  0.5  0.5  0.5  0.5  0.5  
0.495295  0.5  0.5  0.5  0.5  0.5  0.495295  0.5  0.5  0.5  0.5  0.5  
0.0464853  0.5  0.5  0.5  0.5  0.5  0.0464853  0.5  0.5  0.5  0.5  0.5  
0.0857048  0.5  0.5  0.5  0.5  0.5  0.0857048  0.5  0.5  0.5  0.5  0.5  
0.738576  0.5  0.5  0.5  0.5  0.5  0.738576  0.5  0.5  0.5  0.5  0.5  
0.936965  0.5  0.5  0.5  0.5  0.5  0.936965  0.5  0.5  0.5  0.5  0.5  
0.713559  0.5  0.5  0.5  0.5  0.5  0.713559  0.5  0.5  0.5  0.5  0.5  
0.106901  0.5  0.5  0.5  0.5  0.5  0.106901  0.5  0.5  0.5  0.5  0.5  
0.175443  0.5  0.5  0.5  0.5  0.5  0.175443  0.5  0.5  0.5  0.5  0.5  
0.210954  0.5  0.5  0.5  0.5  0.5  0.210954  0.5  0.5  0.5  0.5  0.5  
0.671323  0.5  0.5  0.5  0.5  0.5  0.671323  0.5  0.5  0.5  0.5  0.5  
0.453561  0.5  0.5  0.5  0.5  0.5  0.453561  0.5  0.5  0.5  0.5  0.5  
0.392339  0.5  0.5  0.5  0.5  0.5  0.392339  0.5  0.5  0.5  0.5  0.5  
0.635232  0.5  0.5  0.5  0.5  0.5  0.635232  0.5  0.5  0.5  0.5  0.5  
0.682994  0.5  0.5  0.5  0.5  0.5  0.682994  0.5  0.5  0.5  0.5  0.5  
0.596816  0.5  0.5  0.5  0.5  0.5  0.596816  0.5  0.5  0.5  0.5  0.5  
0.706702  0.5  0.5  0.5  0.5  0.5  0.706702  0.5  0.5  0.5  0.5  0.5  
0.870718  0.5  0.5  0.5  0.5  0.5  0.870718  0.5  0.5  0.5  0.5  0.5  
0.0121909  0.5  0.5  0.5  0.5  0.5  0.0121909  0.5  0.5  0.5  0.5  0.5  
1  0.5  0.5  0.5  0.5  0.5  1  0.5  0.5  0.5  0.5  0.5  
0.582076  0.5  0.5  0.5  0.5  0.5  0.582076  0.5  0.5  0.5  0.5  0.5  
0.408743  0.5  0.5  0.5  0.5  0.5  0.408743  0.5  0.5  0.5  0.5  0.5  
0.375892  0.5  0.5  0.5  0.5  0.5  0.375892  0.5  0.5  0.5  0.5  0.5  
0.989074  0.5  0.5  0.5  0.5  0.5  0.989074  0.5  0.5  0.5  0.5  0.5  
0.0655948  0.5  0.5  0.5  0.5  0.5  0.0655948  0.5  0.5  0.5  0.5  0.5  
0.83976  0.5  0.5  0.5  0.5  0.5  0.83976  0.5  0.5  0.5  0.5  0.5  
0.486374  0.5  0.5  0.5  0.5  0.5  0.486374  0.5  0.5  0.5  0.5  0.5  
0.156348  0.5  0.5  0.5  0.5  0.5  0.156348  0.5  0.5  0.5  0.5  0.5  
0.41967  0.5  0.5  0.5  0.5  0.5  0.41967  0.5  0.5  0.5  0.5  0.5  
0.0961451  0.5  0.5  0.5  0.5  0.5  0.0961451  0.5  0.5  0.5  0.5  0.5  
0.366038  0.5  0.5  0.5  0.5  0.5  0.366038  0.5  0.5  0.5  0.5  0.5  
0.758076  0.5  0.5  0.5  0.5  0.5  0.758076  0.5  0.5  0.5  0.5  0.5  
0.624466  0.5  0.5  0.5  0.5  0.5  0.624466  0.5  0.5  0.5  0.5  0.5  
0.0373466  0.5  0.5  0.5  0.5  0.5  0.0373466  0.5  0.5  0.5  0.5  0.5  
0.126595  0.5  0.5  0.5  0.5  0.5  0.126595  0.5  0.5  0.5  0.5  0.5  
1.031e-20  0.5  0.5  0.5  0.5  0.5  1.031e-20  0.5  0.5  0.5  0.5  0.5  
0.729492  0.5  0.5  0.5  0.5  0.5  0.729492  0.5  0.5  0.5  0.5  0.5  
0.528233  0.5  0.5  0.5  0.5  0.5  0.528233  0.5  0.5  0.5  0.5  0.5  
0.0772468  0.5  0.5  0.5  0.5  0.5  0.0772468  0.5  0.5  0.5  0.5  0.5  
0.881962  0.5  0.5  0.5  0.5  0.5  0.881962  0.5  0.5  0.5  0.5  0.5  
0.695301  0.5  0.5  0.5  0.5  0.5  0.695301  0.5  0.5  0.5  0.5  0.5  
0.400675  0.5  0.5  0.5  0.5  0.5  0.400675  0.5  0.5  0.5  0.5  0.5  
0.821539  0.5  0.5  0.5  0.5  0.5  0.821539  0.5  0.5  0.5  0.5  0.5  
0.274807  0.5  0.5  0.5  0.5  0.5  0.274807  0.5  0.5  0.5  0.5  0.5  
0.284032  0.5  0.5  0.5  0.5  0.5  0.284032  0.5  0.5  0.5  0.5  0.5  
0.166274  0.5  0.5  0.5  0.5  0.5  0.166274  0.5  0.5  0.5  0.5  0.5  
0.749101  0.5  0.5  0.5  0.5  0.5  0.749101  0.5  0.5  0.5  0.5  0.5  
0.515036  0.5  0.5  0.5  0.5  0.5  0.515036  0.5  0.5  0.5  0.5  0.5  
0.574502  0.5  0.5  0.5  0.5  0.5  0.574502  0.5  0.5  0.5  0.5  0.5  
0.978161  0.5  0.5  0.5  0.5  0.5  0.978161  0.5  0.5  0.5  0.5  0.5  
0.964295  0.5  0.5  0.5  0.5  0.5  0.964295  0.5  0.5  0.5  0.5  0.5  
0.65086  0.5  0.5  0.5  0.5  0.5  0.65086  0.5  0.5  0.5  0.5  0.5  
0.134961  0.5  0.5  0.5  0.5  0.5  0.134961  0.5  0.5  0.5  0.5  0.5  
0.949758  0.5  0.5  0.5  0.5  0.5  0.949758  0.5  0.5  0.5  0.5  0.5  
0.616923  0.5  0.5  0.5  0.5  0.5  0.616923  0.5  0.5  0.5  0.5  0.5  
0.555539  0.5  0.5  0.5  0.5  0.5  0.555539  0.5  0.5  0.5  0.5  0.5  
0.606776  0.5  0.5  0.5  0.5  0.5  0.606776  0.5  0.5  0.5  0.5  0.5  
0.56565  0.5  0.5  0.5  0.5  0.5  0.56565  0.5  0.5  0.5  0.5  0.5  
0.293368  0.5  0.5  0.5  0.5  0.5  0.293368  0.5  0.5  0.5  0.5  0.5  
0.538369  0.5  0.5  0.5  0.5  0.5  0.538369  0.5  0.5  0.5  0.5  0.5  
0.465437  0.5  0.5  0.5  0.5  0.5  0.465437  0.5  0.5  0.5  0.5  0.5  
0.6433  0.5  0.5  0.5  0.5  0.5  0.6433  0.5  0.5  0.5  0.5  0.5  
0.924999  0.5  0.5  0.5  0.5  0.5  0.924999  0.5  0.5  0.5  0.5  0.5  
0.146263  0.5  0.5  0.5  0.5  0.5  0.146263  0.5  0.5  0.5  0.5  0.5  
0.184813  0.5  0.5  0.5  0.5  0.5  0.184813  0.5  0.5  0.5  0.5  0.5  
0.303284  0.5  0.5  0.5  0.5  0.5  0.303284  0.5  0.5  0.5  0.5  0.5  
0.313376  0.5  0.5  0.5  0.5  0.5  0.313376  0.5  0.5  0.5  0.5  0.5  
0.545956  0.5  0.5  0.5  0.5  0.5  0.545956  0.5  0.5  0.5  0.5  0.5  
0.861397  0.5  0.5  0.5  0.5  0.5  0.861397  0.5  0.5  0.5  0.5  0.5  
0.323544  0.5  0.5  0.5  0.5  0.5  0.323544  0.5  0.5  0.5  0.5  0.5  
0.902624  0.5  0.5  0.5  0.5  0.5  0.902624  0.5  0.5  0.5  0.5  0.5  
0.333008  0.5  0.5  0.5  0.5  0.5  0.333008  0.5  0.5  0.5  0.5  0.5  
0.505239  0.5  0.5  0.5  0.5  0.5  0.505239  0.5  0.5  0.5  0.5  0.5  
0.265667  0.5  0.5  0.5  0.5  0.5  0.265667  0.5  0.5  0.5  0.5  0.5  
0.475892  0.5  0.5  0.5  0.5  0.5  0.475892  0.5  0.5  0.5  0.5  0.5  
0.430367  0.5  0.5  0.5  0.5  0.5  0.430367  0.5  0.5  0.5  0.5  0.5  
0.775432  0.5  0.5  0.5  0.5  0.5  0.775432  0.5  0.5  0.5  0.5  0.5  
