0.263183  0.736316  0.000501501  
0.437631  0.161452  5.42129  
0.664715  0.287332  0.0479532  
1.90468  0.803907  2.50133  
0.685302  0.16194  0.152758  
0.153717  0.547829  0.298454  
0.475639  0.507169  0.0171927  
0.534167  1.90569  1.83958  
2.07614  0.370682  3.07285  
0.724735  0.0216374  0.253628  
0.0182924  0.00823613  6.31787  
0.120559  1.17897  4.0892  
0.0657493  0.138376  6.00227  
1.3309  0.838874  4.21532  
0.0424133  0.365489  5.35271  
0.134954  0.634264  0.230783  
0.635977  0.0874244  0.276599  
2.30291  0.401028  2.63307  
0.195283  0.682062  0.122655  
1.03955  0.927019  2.87783  
0.218088  0.509565  0.272347  
0.010347  1.65256  3.01916  
1.70202  0.191942  1.97735  
0.752408  0.20338  0.044212  
0.566589  0.276708  0.156703  
0.415733  0.417523  0.166744  
0.958382  1.50302  3.01567  
1.50875  0.805513  2.77464  
1.13873  0.0244074  4.24396  
0.042623  1.6942  4.24128  
0.124375  0.808963  0.0666624  
0.420631  0.543797  0.0355717  
1.88112  0.144592  1.23816  
1.2602  0.372516  3.14785  
1.38366  0.561272  4.58202  
0.246324  0.427977  0.325699  
0.798368  1.36371  2.77947  
1.8534  0.808044  2.02371  
0.97659  0.023384  2.63755e-05  
0.88284  1.4594  3.01427  
1.01578  0.903312  2.5006  
0.108109  0.577568  0.314322  
0.369086  1.76327  3.00951  
0.773381  1.69374  2.37807  
0.51586  0.201358  0.282782  
0.899674  1.08366  4.10603  
0.620598  0.357576  0.0218259  
0.302189  2.20408  1.52104  
0.352512  0.41918  0.228308  
1.44784  0.827717  1.82733  
0.359252  2.19095  1.52942  
0.854149  1.63067  1.76045  
2.1985  0.222869  2.6004  
0.845358  0.063259  5.16092  
1.46219  0.809372  1.48871  
0.449657  1.7166  1.29031  
0.29425  0.519199  0.186551  
0.375603  0.397426  0.226971  
1.2148  1.06985  1.31266  
1.10198  1.452  2.76394  
2.13202  0.196005  1.97099  
0.157153  0.644836  4.45169  
1.661  0.949986  1.78909  
0.01125  0.0159942  5.47284  
0.194489  0.537768  0.267743  
1.83426  0.559903  2.28073  
0.502402  0.0630669  4.54242  
0.493339  1.94523  1.46268  
0.542424  0.357511  0.100065  
1.62137  0.865064  2.84939  
1.27081  1.28376  1.62983  
0.79013  0.083725  5.25953  
0.314527  0.363601  0.321872  
0.103221  0.0334184  6.28551  
1.20963  0.273715  3.81046  
0.140295  0.16366  6.28865  
0.323937  0.430605  0.245458  
0.72332  0.215716  5.87263  
0.878603  1.12922  1.60263  
0.675799  1.72199  2.08515  
0.351867  0.0211856  6.57174  
0.0308193  0.0048422  5.78306  
1.96142  0.613144  1.96209  
1.25943  0.110634  5.36566  
0.126111  0.672701  5.81046  
0.410006  0.557636  0.0323584  
0.0259163  0.923944  0.0501393  
0.895394  0.801507  4.10029  
0.393896  0.294282  0.311822  
1.20979  1.13241  1.31757  
0.816796  0.545649  4.1454  
0.0992241  1.36819  4.94209  
0.0278615  2.30137  3.08216  
0.00888763  0.00801248  6.14821  
0.569722  0.100125  0.330152  
1.04376  0.985513  1.50595  
1.29014  1.16403  2.95903  
0.557979  0.240258  0.201763  
0.789653  0.146163  0.0641842  
0.15287  0.766529  0.0806003  
2.37856e-21  5.95372e-20  2.43954  
0.000900777  0.976006  0.0230928  
0.0329359  0.892012  0.0750526  
0.035257  0.0119774  7.42779  
0.999966  2.74782e-10  3.4191e-05  
0.521534  0.361891  0.116575  
5.45337e-07  5.13132e-05  2.98754  
1.33004e-07  7.48751e-09  7.49191  
3.21855e-07  0.999999  8.25188e-07  
0.0205518  0.559127  3.5995  
0.00010638  1.53929e-05  7.01528  
0.48418  0.226072  0.289748  
0.0332787  0.816019  0.150702  
1.03186e-23  3.12106e-20  1.23013  
0.915976  0.0719467  0.0120774  
0.898268  0.101404  0.000327823  
1.3168e-13  2.79188  1.59082  
0.000122437  0.0240325  2.56816  
0.102622  0.861102  0.036276  
0.460413  0.0263711  7.33877  
0.102622  0.861102  0.036276  
0.915976  0.0719467  0.0120774  
3.21718e-20  1.10933e-19  5.63845  
0.10271  0.577161  0.320129  
0.836562  0.0103654  0.153072  
0.482938  0.185024  0.332038  
0.0323828  0.767679  0.199938  
3.63077e-13  0.745517  0.254483  
1.88188e-19  7.54132e-21  7.71193  
4.1381e-33  8.77363e-20  3.45689  
0.753453  0.0127127  0.233834  
0.297729  0.702197  7.42984e-05  
0.0317367  0.00424893  7.16085  
0.999966  2.74782e-10  3.4191e-05  
0.000114712  0.0225163  2.40613  
0.675224  0.248105  0.0766713  
0.71716  0.135046  0.147793  
0.856192  0.143807  1.17678e-06  
0.0217323  0.890547  0.0877208  
3.24873e-33  6.88799e-20  2.71393  
0.0339003  0.633008  0.333091  
0.0690737  0.598888  0.332038  
0.220187  0.612635  0.167178  
0.24063  0.086711  6.24345  
0.521534  0.361891  0.116575  
0.672261  0.0498931  0.277846  
1.41292e-19  4.79992e-20  7.45825  
3.21855e-07  0.999999  8.25188e-07  
0.213599  0.511055  0.275346  
0.210041  0.731308  0.058651  
1.02558e-23  3.10204e-20  1.22264  
0.383141  0.517707  0.0991522  
0.6923  6.79575e-06  0.307693  
0.307152  0.360743  0.332106  
0.633241  0.295671  0.0710873  
1.58887e-19  2.10003e-20  7.08772  
0.723347  0.276265  0.000387649  
0.603206  0.087206  0.309588  
0.174051  0.825841  0.000108363  
0.806157  0.0853239  0.108519  
0.408915  0.586793  0.00429229  
0.407134  0.275568  0.317298  
0.018355  0.499363  3.21476  
0.106073  0.76497  0.128957  
0.698732  0.274684  0.0265837  
0.00088781  0.961957  0.0371557  
0.552555  0.137857  0.309588  
0.138415  0.794554  0.0670307  
0.0518538  0.0198155  7.61989  
0.0909343  0.601372  0.307693  
0.00133569  0.492949  3.6341  
0.881552  0.0933037  0.0251439  
0.176769  0.786955  0.036276  
0.00704831  0.00101145  6.74763  
1.44311e-19  3.96979e-21  5.84239  
0.0529525  1.51292  3.91203  
1.35081e-24  4.77764e-20  1.88249  
3.34629e-07  3.14868e-05  1.83321  
1.31814e-13  2.79472  1.51423  
1.47853e-19  4.1087e-20  7.44442  
0.000656503  0.681554  0.317789  
9.9263e-30  9.88022e-20  3.8929  
1.28127e-19  4.76843e-20  6.92712  
9.472e-21  7.91434e-20  3.49153  
1.02034  0.048501  6.55584  
1.61926e-19  1.93984e-20  7.14436  
5.34204e-07  5.02656e-05  2.92654  
8.432e-11  9.88488e-10  4.22431  
1.17511e-20  9.72714e-20  4.29559  
0.0471745  6.90034e-05  6.67761  
1.10042e-22  8.13673e-20  3.21028  
0.000142377  0.00654762  3.30063  
4.01852e-07  6.95015e-06  4.33447  
0.000182865  0.0313298  3.35044  
0.266703  0.550763  5.65858  
1.33004e-07  7.48751e-09  7.49191  
2.53909e-09  1.40407e-10  7.62942  
1.46195  0.0409986  5.21202  
0.000142377  0.00654762  3.30063  
0.531665  0.0304522  7.29454  
0.622204  0.0705253  0.307271  
0.105146  0.796489  0.0983651  
0.758505  0.155084  0.0864101  
0.467062  0.325082  0.207856  
0.103521  0.868005  0.0284736  
0.857656  0.0775042  0.0648395  
0.0596417  0.693864  0.246494  
0.578265  0.0888388  0.332896  
0.358604  0.42265  0.218745  
0.282221  0.713068  0.00471063  
0.0143925  0.962393  0.0232143  
0.173743  0.691644  0.134614  
0.122608  0.545488  0.331905  
0.196392  0.557201  0.246407  
0.0138612  0.803813  0.182325  
0.965738  0.00317861  0.0310833  
0.0834519  0.698094  0.218454  
0.639252  0.347646  0.0131016  
0.751231  0.00217476  0.246594  
0.812277  0.187723  0  
0.636763  0.0359345  0.327303  
0.241761  0.653884  0.104355  
0.491963  0.312265  0.195772  
0.0261782  0.64109  0.332731  
0.269526  0.659851  0.0706234  
0.666476  0.150988  0.182536  
0.114221  0.615317  0.270462  
0.509542  0.158554  0.331905  
0.758505  0.155084  0.0864101  
0.196016  0.471898  0.332085  
0.112214  0.887732  5.41996e-05  
0.83364  0.140338  0.0260225  
0.514847  0.480442  0.00471063  
0.271563  0.435873  0.292564  
0.304722  0.558831  0.136447  
0.0330631  0.879651  0.0872855  
0.555181  0.201024  0.243795  
0.66981  1.20768e-06  0.330189  
0.669588  0.330412  0  
4.41005e-11  0.798716  0.201284  
0.33306  0.334131  0.332809  
0.401127  0.598851  2.1875e-05  
0.837943  0.000481963  0.161575  
5.44442e-28  2.53816e-20  1.00006  
0.222997  0.53391  0.243093  
0.742043  0.241145  0.0168117  
0.616605  0.123389  0.260007  
0.574524  0.0927476  0.332729  
0.373349  0.398393  0.228258  
1.02624e-14  0.999999  5.44592e-07  
0.448642  0.219519  0.33184  
0.43599  0.230691  0.333319  
0.998329  0.000690494  0.000980556  
0.234487  0.765491  2.14504e-05  
0.266613  0.401301  0.332085  
0.11876  0.746395  0.134845  
0.1317  0.53504  0.33326  
0.909988  0.0758274  0.0141846  
1.85826e-05  0.666774  0.333208  
0.824116  0.0951999  0.0806837  
0.464775  0.42694  0.108285  
0.144688  0.699204  0.156109  
0.112534  0.561239  0.326227  
0.343551  0.461221  0.195228  
0.307065  0.68584  0.00709476  
0.218075  0.450021  0.331905  
0.918276  3.51855e-07  0.081724  
0.0554963  0.714796  0.229708  
0.55686  0.377147  0.0659935  
0.606732  0.0687716  0.324496  
0.65942  0.206869  0.133712  
0.360794  0.582428  0.0567779  
0.612259  0.299266  0.0884749  
0.134567  0.831328  0.0341046  
0.176338  0.500303  0.32336  
0.558853  0.109307  0.33184  
0.187644  0.605047  0.207309  
0.0183376  0.766531  0.215132  
0.451622  0.511136  0.0372421  
0.674955  0.082134  0.242911  
0.764331  0.144928  0.0907412  
0.598183  0.401817  0  
0.00086835  0.941316  0.0578154  
0.123131  0.633513  0.243357  
0.444216  0.341264  0.21452  
0.0808592  0.829603  0.0895383  
0.600295  0.231361  0.168344  
0.21815  0.720464  0.0613855  
0.411382  0.465261  0.123357  
0.271122  0.467944  0.260934  
0.575749  0.0924112  0.33184  
0.885771  0.049389  0.0648395  
0.0672022  0.802542  0.130256  
0.685425  0.271281  0.0432935  
0.526296  0.184792  0.288912  
0.222087  0.616032  0.161881  
0.105146  0.796489  0.0983651  
0.082139  0.917807  5.41996e-05  
0.269526  0.659851  0.0706234  
0.900834  0.0957193  0.00344644  
0.328169  0.561548  0.110283  
0.624214  0.295823  0.0799631  
0.394318  0.581532  0.0241498  
0.838225  0.155598  0.00617686  
0.0111243  0.655693  0.333183  
0.140888  0.594869  0.264243  
0.662323  0.01241  0.325267  
0.742691  0.257306  2.72267e-06  
0.510582  0.202265  0.287153  
0.0180503  0.827036  0.154914  
0.189464  0.732402  0.0781336  
0.211922  0.536258  0.25182  
0.317016  0.383052  0.299931  
0.184598  0.482071  0.333332  
0.605379  0.13882  0.255801  
0.618691  0.254063  0.127246  
0.472484  0.314432  0.213084  
0.240026  0.426642  0.333332  
0.135614  0.837356  0.0270304  
0.497806  0.399663  0.102531  
0.093585  0.609225  0.29719  
0.113503  0.787153  0.0993439  
0.337505  0.329162  0.333333  
0.442065  0.224603  0.333332  
0.264866  0.624851  0.110283  
0.490365  0.264354  0.24528  
0.600972  0.195922  0.203106  
0.259116  0.407552  0.333332  
0.642889  0.321373  0.0357382  
0.464439  0.476821  0.05874  
0.153346  0.846633  2.04914e-05  
0.071976  0.752132  0.175892  
0.305214  0.694698  8.71491e-05  
0.884466  1.14516e-05  0.115523  
0.342324  0.471845  0.185831  
0.224777  0.686401  0.0888224  
0.541995  0.12482  0.333185  
5.42965e-28  2.53816e-20  1.00006  
0.515324  0.34532  0.139356  
0.00196097  0.677023  0.321016  
5.96745e-16  1  2.21045e-13  
0.688491  0.14138  0.170129  
0.636265  0.0305521  0.333183  
3.1745e-11  0.871776  0.128224  
0.0696088  0.597206  0.333185  
0.137984  0.52883  0.333185  
0.302008  0.364918  0.333074  
0.411465  0.384491  0.204044  
0.168296  0.76813  0.0635741  
0.999973  2.46608e-05  2.17196e-06  
0.672501  0.260959  0.0665396  
0.18115  0.551363  0.267487  
0.668174  0.000310098  0.331516  
0.413279  0.586563  0.000157481  
0.593873  0.406127  2.21045e-13  
0.489445  0.177222  0.333333  
0.897997  0.101366  0.000637698  
0.744199  1.20676e-10  0.255801  
0.238497  0.439869  0.321634  
0.200437  0.46623  0.333333  
0.817805  0.181663  0.000532042  
0.369785  0.296882  0.333333  
0.513821  0.154262  0.331916  
0.399592  0.267237  0.333171  
0.0177511  0.648922  0.333326  
0.152848  0.6783  0.168853  
0.703274  0.29664  8.59404e-05  
0.0459408  0.920478  0.0335809  
0.81404  0.021  0.16496  
0.351569  0.648413  1.74576e-05  
0.171585  0.495083  0.333332  
0.00576468  0.786056  0.208179  
0.333234  0.540124  0.126642  
0.798871  0.135758  0.0653717  
0.625974  0.0406932  0.333333  
0.585598  0.305176  0.109226  
0.642656  0.0915406  0.265803  
0.119894  0.65363  0.226476  
0.72874  0.180249  0.0910119  
0.487269  0.506587  0.00614448  
0.427291  0.303768  0.268942  
0.0452747  0.621392  0.333333  
0.523154  0.422835  0.0540115  
0.283872  0.468684  0.247444  
0.0736797  0.817095  0.109226  
0.370809  0.361644  0.267546  
0.261501  0.736251  0.00224875  
0.261305  0.567001  0.171695  
0.418297  0.440839  0.140864  
0.0336951  0.710504  0.255801  
0.927076  3.23423e-05  0.0728918  
0.55729  0.176703  0.266008  
0.420837  0.245837  0.333326  
0.399056  0.529806  0.0711374  
0.544782  0.268557  0.186661  
0.194415  0.61376  0.191825  
0.777779  0.213344  0.00887728  
0.662516  0.215603  0.121881  
0.318785  0.348024  0.33319  
0.944116  0.0558814  2.17196e-06  
0.418596  0.248078  0.333327  
0.155793  0.639013  0.205195  
0.808611  0.0532078  0.138181  
0.388694  0.277973  0.333333  
0.467796  0.485794  0.0464097  
0.348746  0.407167  0.244088  
0.155455  0.556559  0.287987  
0.498036  0.168632  0.333332  
0.349334  0.317341  0.333325  
0.42184  0.463285  0.114875  
0.622642  0.0440253  0.333333  
0.0818664  0.6759  0.242234  
0.948923  0.0390364  0.0120405  
0.509233  0.335721  0.155046  
0.248582  0.695805  0.0556128  
0.0514149  0.615572  0.333013  
0.602252  0.368369  0.0293783  
0.173524  0.802346  0.0241299  
0.17114  0.707755  0.121105  
0.710933  0.0896087  0.199458  
0.459029  0.274549  0.266422  
0.119977  0.880008  1.52168e-05  
0.622247  0.234813  0.14294  
0.00025632  0.748613  0.25113  
0.033201  0.634017  0.332782  
0.194419  0.651955  0.153626  
6.06028e-12  1  6.66134e-16  
0.545619  0.452687  0.00169489  
0.146286  0.520381  0.333332  
0.000231707  0.676729  0.32304  
0.833452  0.164853  0.00169489  
0.264036  0.402631  0.333333  
0.104268  0.5624  0.333332  
0.477499  0.189169  0.333333  
0.22198  0.777978  4.27356e-05  
0.784587  0.000170137  0.215243  
0.0212997  0.827416  0.151284  
0.341439  0.504528  0.154034  
0.665493  0.001179  0.333328  
0.581099  0.154761  0.26414  
0.88142  0.0230265  0.0955536  
0.208988  0.50927  0.281741  
0.669821  0.152799  0.177379  
5.40702e-28  2.53815e-20  1.00005  
0.193119  0.473868  0.333013  
0.091982  0.574685  0.333333  
0.550854  0.210801  0.238346  
0.611404  0.0552628  0.333333  
0.388858  0.607555  0.00358666  
0.375203  0.291464  0.333333  
0.404683  0.261984  0.333333  
0.814276  0.107461  0.0782631  
3.42547e-11  0.79415  0.20585  
0.505472  0.272976  0.221552  
1  1.11022e-16  1.11022e-16  
0.245225  0.551754  0.203021  
0.319766  0.392081  0.288153  
0.727707  0.194072  0.0782211  
0.599437  0.313094  0.0874684  
0.298685  0.700634  0.000680637  
0.162269  0.758041  0.0796898  
0.645364  0.354636  1.11022e-16  
0.535985  0.13069  0.333325  
0.476161  0.442915  0.0809239  
0.108301  0.639553  0.252146  
0.0831135  0.825352  0.0915347  
0.298506  0.666797  0.0346976  
0.742908  0.256913  0.000178334  
0.511873  0.395725  0.0924023  
0.424418  0.38819  0.187392  
0.585032  0.0816528  0.333315  
0.00127767  0.916472  0.0822506  
0.432272  0.234395  0.333333  
0.220408  0.446276  0.333316  
0.173534  0.49314  0.333327  
0.5618  0.308362  0.129837  
0.735369  8.16423e-17  0.264631  
0.308507  0.35816  0.333333  
0.777617  0.0959778  0.126406  
0.654822  0.103061  0.242117  
0.454246  0.545751  3.09702e-06  
0.33933  0.327337  0.333333  
0.088448  0.741533  0.170019  
0.0678635  0.59882  0.333316  
0.510421  0.156246  0.333333  
0.905695  0.0642021  0.0301031  
0.560908  0.106184  0.332908  
0.328775  0.563021  0.108204  
0.394877  0.352005  0.253118  
0.648076  0.0185977  0.333326  
0.84771  0.00150182  0.150789  
0.301885  0.473182  0.224933  
0.26134  0.631375  0.107286  
0.285554  0.381113  0.333333  
0.243672  0.422995  0.333333  
0.73154  0.224484  0.0439753  
0.415579  0.513218  0.071203  
0.676698  0.264423  0.0588784  
0.0453665  0.908224  0.0464097  
0.188376  0.588958  0.222667  
0.385735  0.538028  0.0762372  
0.136537  0.863135  0.000328192  
0.343823  0.444663  0.211514  
0.383673  0.283002  0.333324  
5.40701e-28  2.53815e-20  1.00005  
0.786035  8.72674e-17  0.213965  
0.746126  8.28366e-17  0.253874  
0.290646  0.595721  0.113633  
0.707146  0.101762  0.191093  
0.00113169  0.835829  0.16304  
0.0632729  0.771481  0.165246  
0.811502  0.1178  0.0706977  
0.719206  0.232104  0.04869  
0.969731  1.07662e-16  0.0302687  
0.456781  0.379446  0.163773  
0.773796  0.0798722  0.146331  
0.369808  0.476824  0.153368  
0.853247  0.0736772  0.0730757  
0.0278872  0.700717  0.271396  
0.0579518  0.877495  0.0645534  
0.326422  0.648467  0.0251104  
0.107486  0.821816  0.0706977  
0.228762  0.607457  0.16378  
0.718114  0.281696  0.000190483  
0.513573  0.290654  0.195773  
0.341141  0.409578  0.249281  
8.95429e-11  0.67576  0.32424  
0.0896011  0.703135  0.207264  
0.25741  0.409265  0.333325  
0.515831  0.150841  0.333328  
0.666668  7.4015e-17  0.333332  
0.196032  0.470637  0.333332  
0.337509  0.329164  0.333327  
0.153983  0.633078  0.212939  
0.279631  0.460293  0.260076  
0.609716  0.158887  0.231397  
0.566894  0.433106  1.11022e-16  
0.690717  0.17645  0.132833  
0.620878  0.0457959  0.333326  
0.589581  0.340889  0.0695303  
0.00029417  0.782743  0.216963  
0.228915  0.488571  0.282514  
0.124363  0.542312  0.333325  
0.567404  0.0992695  0.333326  
0.231709  0.434959  0.333332  
0.48864  0.486556  0.0248038  
0.284588  0.382092  0.333319  
0.657543  0.2703  0.0721572  
0.219651  0.73121  0.0491388  
0.165041  0.501633  0.333325  
0.165104  0.754884  0.0800124  
0.303869  0.362812  0.333319  
0.382496  0.341732  0.275772  
0.314319  0.684855  0.000826119  
0.544466  0.122208  0.333326  
0.212621  0.786488  0.000890526  
0.48892  0.177754  0.333325  
0.816428  0.183564  8.59539e-06  
0.399266  0.267406  0.333327  
0.644497  0.0221749  0.333328  
0.899787  0.0889352  0.011278  
0.757141  0.179947  0.0629126  
0.450034  0.446314  0.103652  
9.04899e-12  0.899008  0.100992  
0.557272  0.322209  0.120519  
0.0187927  0.647882  0.333325  
0.470323  0.258281  0.271396  
0.639787  0.22185  0.138363  
0.0080117  0.948163  0.0438256  
0.57943  0.247878  0.172693  
0.306732  0.538046  0.155223  
0.641576  0.092326  0.266098  
0.428121  0.238554  0.333325  
0.0859136  0.580761  0.333325  
0.105263  0.561412  0.333325  
0.281196  0.63944  0.0793642  
0.323414  0.343261  0.333325  
0.178429  0.488239  0.333332  
0.155295  0.572722  0.271983  
0.141844  0.52483  0.333325  
0.645734  0.354179  8.71211e-05  
0.0925952  0.624679  0.282726  
0.239813  0.53526  0.224927  
0.445857  0.304746  0.249397  
1.40552e-09  1  0  
0.2135  0.453181  0.333319  
0.901478  0.00623518  0.092287  
0.445379  0.221296  0.333325  
0.0470739  0.619601  0.333325  
0.467509  0.199163  0.333327  
0.0700981  0.596574  0.333328  
0.360999  0.305674  0.333327  
0.435179  0.564821  1.11022e-16  
0.849852  9.43526e-17  0.150148  
0.537833  0.398889  0.0632777  
0.545919  0.207009  0.247072  
1  1.11022e-16  1.11022e-16  
0.594474  0.0721987  0.333328  
0.164638  0.684382  0.15098  
0.0696503  0.930296  5.39867e-05  
0.0859275  0.580739  0.333333  
0.588558  0.345604  0.065838  
0.126929  0.539738  0.333333  
0.49741  0.169257  0.333333  
0.56504  0.101627  0.333333  
0.410909  0.507741  0.0813502  
0.591765  0.408235  7.99361e-15  
0.548074  0.193669  0.258257  
0.0222541  0.644413  0.333333  
0.245494  0.532667  0.221839  
0.804968  4.74826e-06  0.195027  
0.598305  0.233175  0.16852  
0.373318  0.293349  0.333333  
0.0441483  0.622518  0.333333  
0.92743  0.0725348  3.56725e-05  
0.849077  0.14215  0.00877294  
0.135681  0.759524  0.104795  
0.666667  7.40149e-17  0.333333  
2.71051e-20  1  0  
0.150425  0.516242  0.333333  
0.326217  0.34045  0.333333  
0.452523  0.214143  0.333333  
0.372825  0.42685  0.200324  
0.606231  0.111981  0.281788  
0.308885  0.357782  0.333333  
0.676893  0.199374  0.123733  
0.854461  0.0184378  0.127101  
0.0656242  0.601042  0.333333  
0.720104  0.00241756  0.277478  
0.487935  0.400092  0.111973  
0.344529  0.525161  0.13031  
0.858781  0.0748023  0.0664169  
0.320059  0.489769  0.190173  
0.703966  0.12531  0.170724  
0.148206  0.610031  0.241763  
0.190847  0.647409  0.161744  
0.28529  0.451806  0.262904  
0.545383  0.264444  0.190173  
1.62994e-06  0.922368  0.0776307  
0.497447  0.342936  0.159617  
0.477091  0.189576  0.333333  
0.616878  0.049789  0.333333  
0.349308  0.317359  0.333333  
0.336136  0.585296  0.0785678  
0.727901  0.272096  2.43496e-06  
0.390218  0.276449  0.333333  
0.780387  0.086324  0.133289  
0.0606484  0.805116  0.134236  
0.0797219  0.851613  0.0686648  
0.125075  0.874925  3.33513e-09  
0.933583  1.03649e-16  0.0664169  
0.0944085  0.693484  0.212108  
1  1.11022e-16  1.11022e-16  
0.243199  0.423468  0.333333  
0.1729  0.493766  0.333333  
0.105837  0.560829  0.333333  
0.623155  0.165932  0.210914  
0.0538899  0.941624  0.00448574  
0.640867  0.0257996  0.333333  
0.161587  0.799558  0.0388552  
0.417167  0.431702  0.15113  
0.665935  0.0893908  0.244674  
0.576958  0.299309  0.123733  
0.408588  0.258079  0.333333  
0.730256  0.214662  0.0550821  
0.409263  0.582593  0.00814441  
0.473086  0.473103  0.0538109  
0.426298  0.349551  0.224151  
0.537262  0.430225  0.032513  
2.01576e-20  0.743683  0.256317  
0.657824  0.275759  0.0664169  
0.26561  0.401056  0.333333  
0.26824  0.672715  0.0590459  
0.593502  0.0731646  0.333333  
0.220504  0.446163  0.333333  
0.214816  0.695094  0.0900897  
0.34631  0.396493  0.257197  
0.745491  0.0544536  0.200056  
0.546109  0.120557  0.333333  
0.652609  0.347391  1.11022e-16  
0.277128  0.593011  0.129861  
0.521513  0.145154  0.333333  
0.289542  0.377124  0.333333  
0.489862  0.510138  4.06974e-12  
1.73734e-09  0.667257  0.332743  
0.762907  0.146012  0.0910814  
0.461765  0.257798  0.280437  
5.40701e-28  2.53815e-20  1.00005  
0.229538  0.770462  1.35787e-08  
0.292371  0.694707  0.0129218  
0.184362  0.535876  0.279762  
0.114969  0.725413  0.159617  
7.93948e-12  0.842655  0.157345  
0.363684  0.636309  7.75606e-06  
0.480573  0.295491  0.223936  
0.801372  0.196062  0.00256528  
0.044125  0.677277  0.278598  
0.196865  0.469802  0.333333  
0.430603  0.236063  0.333333  
0.0257613  0.766402  0.207837  
0  1  0  
0.427051  0.239616  0.333333  
0.602476  0.397374  0.00014998  
0.59741  0.245952  0.156637  
0.171515  0.750454  0.0780309  
0.174846  0.491821  0.333333  
0.713183  0.28603  0.000787813  
0.601094  0.138553  0.260353  
0.826891  0.160964  0.0121441  
0.728252  0.0125034  0.259244  
0.335604  0.604972  0.0594234  
0.736563  0.188303  0.0751341  
0.0687714  0.597895  0.333333  
0.373566  0.340093  0.286341  
0.912889  3.3231e-12  0.0871113  
0.549657  0.220259  0.230084  
0.782501  0.000329867  0.217169  
0.46435  0.535649  9.94004e-07  
0.832629  0.0387466  0.128625  
0.0474321  0.619235  0.333333  
0.39903  0.541546  0.0594234  
0.526801  0.314229  0.15897  
4.95663e-08  0.666667  0.333333  
0.131888  0.534779  0.333333  
0.652754  0.303943  0.0433027  
0.467905  0.198761  0.333333  
0.282907  0.383759  0.333333  
0.405579  0.261087  0.333333  
0.0415615  0.940106  0.0183324  
0.220187  0.44648  0.333333  
0.197564  0.469103  0.333333  
0.00408571  0.723995  0.271919  
0.194046  0.651545  0.15441  
0.713097  0.132276  0.154628  
0.92258  0.0551699  0.0222499  
0.0918007  0.730521  0.177679  
0.247582  0.564686  0.187732  
0.625533  0.175922  0.198546  
0.540692  0.459156  0.000152719  
0.662552  0.00411485  0.333333  
0.0705894  0.691111  0.2383  
0.497893  0.232647  0.26946  
0.513969  0.152698  0.333333  
0.104528  0.626012  0.26946  
0.316126  0.680348  0.00352563  
0.197072  0.802928  1.17114e-08  
0.382798  0.283869  0.333333  
0.341316  0.325351  0.333333  
0  0.792762  0.207238  
0.622299  0.0443676  0.333333  
0.125706  0.874105  0.000189416  
0.4848  0.347277  0.167924  
0.642692  0.023975  0.333333  
0.38869  0.611252  5.84737e-05  
0.68229  4.43651e-07  0.317709  
0.152875  0.513792  0.333333  
0.774995  0.225005  6.83092e-09  
0.0300032  0.824232  0.145765  
0.388702  0.492458  0.11884  
0.361994  0.304672  0.333333  
0  0.905924  0.0940759  
0.579006  0.0876602  0.333333  
0.579038  0.343592  0.0773704  
0.329784  0.417813  0.252403  
0.32357  0.343096  0.333333  
0.242811  0.423856  0.333333  
0.461664  0.297191  0.241144  
0.55495  0.111717  0.333333  
0.304123  0.362544  0.333333  
0.17584  0.613587  0.210574  
0.750464  0.0648467  0.18469  
0.263202  0.403465  0.333333  
0.695433  0.0830884  0.221478  
0.802876  0.111383  0.0857416  
0.634564  0.268162  0.0972744  
0.261129  0.738871  1.17114e-08  
0.113167  0.784177  0.102656  
0.318858  0.549337  0.131805  
0.602886  0.0637808  0.333333  
0.534366  0.1323  0.333333  
0.45193  0.214737  0.333333  
0.260919  0.626748  0.112333  
0.680589  0.200464  0.118947  
0.417143  0.379765  0.203092  
0.30692  0.505348  0.187732  
0.0889242  0.577742  0.333333  
0.248081  0.696568  0.0553509  
0.175472  0.56279  0.261739  
0.474697  0.469602  0.0557004  
0.0238836  0.642783  0.333333  
0.241895  0.483092  0.275013  
0.885017  0.114983  0  
0.370092  0.44594  0.183968  
5.40701e-28  2.53815e-20  1.00005  
1  0  0  
0.538095  0.384535  0.0773704  
0.49223  0.174437  0.333333  
0.456976  0.423628  0.119395  
0.0804632  0.849652  0.0698851  
0.110481  0.556186  0.333333  
0.561135  0.105532  0.333333  
0.370502  0.296164  0.333333  
0.790418  2.63262e-15  0.209582  
0.829867  0.138485  0.0316478  
0.393038  0.273628  0.333333  
0.624538  0.362196  0.013266  
0.521658  0.256039  0.222304  
0.118518  0.672442  0.20904  
0.304622  0.362045  0.333333  
5.40701e-28  2.53815e-20  1.00005  
0.093964  0.838094  0.0679417  
0.519976  0.40238  0.0776448  
0.723815  0.0191373  0.257047  
0.205286  0.653592  0.141122  
0.367537  0.625877  0.00658603  
0.682752  0.117925  0.199323  
0.0481887  0.618478  0.333333  
0.90557  6.93715e-15  0.0944305  
0.132297  0.753198  0.114505  
0.397182  0.539804  0.0630141  
0.312577  0.599992  0.0874311  
0.604615  0.0620516  0.333333  
0.659067  0.261472  0.0794612  
0.278317  0.674478  0.0472051  
0.938605  0.0427142  0.0186805  
0.498019  0.168648  0.333333  
0.351609  0.315058  0.333333  
0.0411074  0.813516  0.145377  
0.283949  0.555663  0.160389  
1  0  0  
0.470301  0.529698  9.70427e-07  
0.20867  0.753834  0.0374956  
0.348587  0.505167  0.146246  
0.171276  0.560609  0.268115  
0.692198  0.166832  0.14097  
0.610605  0.147248  0.242147  
0.0930523  0.632929  0.274018  
0.797346  0.200686  0.00196852  
0.233218  0.433448  0.333333  
0.642205  0.0244619  0.333333  
0.412748  0.585992  0.0012604  
0.0393501  0.689595  0.271055  
0.023875  0.642792  0.333333  
0.654563  0.0671778  0.27826  
0.0836527  0.730283  0.186064  
0.184493  0.482174  0.333333  
0.55805  0.282236  0.159714  
0.527365  0.458587  0.0140486  
0.0075794  0.937344  0.055077  
0.115295  0.551371  0.333333  
3.77664e-17  0.666667  0.333333  
0.0685447  0.598122  0.333333  
0.666667  2.19824e-14  0.333333  
0.853452  0.0682886  0.0782598  
0.455561  0.379779  0.16466  
0.435143  0.231524  0.333333  
0.736823  0.246413  0.0167638  
0.733814  0.176862  0.0893243  
0.160039  0.506627  0.333333  
0.207401  0.593048  0.199551  
0.421678  0.451584  0.126738  
0.322972  0.441713  0.235315  
0.775366  0.126509  0.0981255  
0.436602  0.324165  0.239233  
0.618073  0.197269  0.184658  
0.3867  0.410392  0.202908  
0.0700212  0.91638  0.0135985  
0.590943  0.409057  0  
4.65119e-12  0.87933  0.12067  
0  1  0  
0.292106  0.707894  0  
0.414741  0.251925  0.333333  
0.893017  0.106983  2.22045e-16  
0.196967  0.803033  0  
0.257987  0.40868  0.333333  
0.625665  0.0410021  0.333333  
0.264925  0.465963  0.269112  
0.328743  0.337923  0.333333  
0.137988  0.528679  0.333333  
0.0919643  0.574702  0.333333  
0.359069  0.353578  0.287353  
0.248146  0.533354  0.2185  
0.540198  0.126469  0.333333  
0  0.768794  0.231206  
0.455766  0.210901  0.333333  
0.142671  0.857329  3.33067e-16  
0.182274  0.724253  0.0934727  
0.835913  0.0186282  0.145459  
0.476663  0.190003  0.333333  
0.209624  0.457043  0.333333  
0.518602  0.148065  0.333333  
0.690231  0.309769  8.97898e-09  
0.596609  0.316512  0.0868787  
0.285061  0.381606  0.333333  
0.552693  0.186072  0.261234  
0.453867  0.48241  0.0637224  
0.582692  0.0839746  0.333333  
0.513307  0.356244  0.130449  
0.466914  0.245908  0.287178  
0.759567  0.0692986  0.171134  
0.649774  0.0699069  0.280319  
0.7373  0.165119  0.0975805  
0.664798  0.199771  0.135431  
0.146863  0.738832  0.114305  
0.19354  0.80646  7.35047e-07  
0.11507  0.619576  0.265354  
0.548611  0.118056  0.333333  
0.421982  0.313891  0.264127  
0.371507  0.377419  0.251075  
0.503132  0.163535  0.333333  
0.0132802  0.726236  0.260484  
0.081445  0.585222  0.333333  
0.17572  0.490947  0.333333  
0.568784  0.0978827  0.333333  
0.154297  0.51237  0.333333  
0.375432  0.291235  0.333333  
0.854834  0.0543544  0.0908114  
0.291285  0.375381  0.333333  
0.198777  0.46789  0.333333  
5.40701e-28  2.53815e-20  1.00005  
0.257143  0.594583  0.148273  
0.214093  0.594711  0.191196  
0.627157  0.314159  0.0586837  
0.106478  0.560189  0.333333  
0.330618  0.336049  0.333333  
0.309903  0.356764  0.333333  
0.343201  0.588914  0.0678851  
0.00803672  0.838617  0.153346  
0.526594  0.140073  0.333333  
0.442623  0.557376  7.61622e-07  
0.652043  0.255494  0.0924621  
0.115174  0.688993  0.195833  
0.15058  0.83414  0.01528  
0.587039  0.0796273  0.333333  
0.385645  0.513485  0.10087  
0.455016  0.489294  0.0556892  
0.233288  0.498407  0.268306  
0.607418  0.0592486  0.333333  
0.427079  0.425152  0.147769  
0.647584  0.019083  0.333333  
0.258359  0.741641  7.35047e-07  
0.174057  0.647549  0.178394  
9.43206e-14  0.893903  0.106097  
0.446335  0.220332  0.333333  
0.66738  0.330792  0.00182817  
0.943864  0.000374702  0.055761  
0.221367  0.697071  0.0815613  
0.757655  0.214332  0.0280137  
0.345335  0.468437  0.186228  
0.687471  0.132001  0.180528  
0.798849  0.000247259  0.200904  
0.388069  0.611931  0  
0.30245  0.42696  0.27059  
0.666669  3.84047e-11  0.333331  
0.0915254  0.815274  0.0932006  
0.0591332  0.607533  0.333333  
0.0392033  0.627463  0.333333  
0.502374  0.23929  0.258337  
0.820967  0.127586  0.0514471  
0.468122  0.198545  0.333333  
0.568954  0.431043  3.0818e-06  
0.134569  0.532098  0.333333  
0.461142  0.351645  0.187213  
0.219489  0.447178  0.333333  
0  0.785788  0.214212  
0.270158  0.396509  0.333333  
0.092312  0.907688  0  
0.517362  0.284282  0.198356  
0.616092  0.147868  0.23604  
0.741381  0  0.258619  
0.824818  0.175181  1.88903e-06  
0.509992  0.388895  0.101113  
0.06967  0.672771  0.257559  
0.726892  0.273108  0  
0.0708469  0.755196  0.173957  
0.909044  0.0909558  6.91041e-10  
0.318481  0.554771  0.126748  
0.593072  0.375453  0.0314746  
0.595536  0.223607  0.180856  
0.353266  0.313401  0.333333  
0.019606  0.647061  0.333333  
0.483475  0.183191  0.333333  
0.563911  0.303332  0.132758  
0.430251  0.236415  0.333333  
0.51699  0.466427  0.0165828  
0.397974  0.268693  0.333333  
0.245426  0.421241  0.333333  
0.626838  0.0398291  0.333333  
0.881459  0.000173092  0.118368  
0.270633  0.517889  0.211479  
0.321061  0.677371  0.00156831  
0.774371  0.0782976  0.147332  
0.165377  0.575368  0.259254  
1  0  0  
0  1  0  
1.39512e-10  0.667803  0.332197  
0.717371  0.062057  0.220572  
0.559542  0.178747  0.261711  
0.0158794  0.928002  0.0561185  
0.276346  0.659173  0.0644806  
0.679983  0.320014  2.36678e-06  
0.0886054  0.578061  0.333333  
0.145646  0.521021  0.333333  
0.0673586  0.932641  0  
0.0600573  0.697032  0.242911  
0.638808  0.267221  0.0939709  
0.766141  0  0.233859  
5.40701e-28  2.53815e-20  1.00005  
0.503744  0.275143  0.221113  
0.242813  0.423853  0.333333  
0.564809  0.101857  0.333333  
0.204695  0.65376  0.141545  
0.389285  0.610711  4.17291e-06  
0.0243253  0.642355  0.333319  
0.325631  0.65119  0.0231789  
0.613308  0.386691  1.22222e-06  
0.207611  0.459056  0.333333  
0.183956  0.737469  0.0785745  
0.428612  0.461705  0.109682  
0.612559  0.124204  0.263237  
0.783453  0.0939183  0.122629  
0.320354  0.346312  0.333333  
0.124002  0.875998  0  
0.873104  0.126896  0  
0.596716  0.239457  0.163827  
0.262098  0.666851  0.0710513  
0.298962  0.367709  0.33333  
0.253977  0.412689  0.333333  
0.590402  0.349992  0.059606  
0.0473279  0.619353  0.333319  
0.933395  0  0.0666054  
0.222089  0.444578  0.333333  
0.594308  0.0723591  0.333333  
0.547292  0.316087  0.136621  
0.782248  0.217724  2.78415e-05  
0.0947063  0.617864  0.28743  
0.564958  0.185444  0.249597  
0.509377  0.15729  0.333333  
0.230797  0.49362  0.275583  
0.429493  0.570501  5.93387e-06  
0.427888  0.238778  0.333333  
0.763455  0.167583  0.0689613  
0.698926  0.193301  0.107773  
0.718325  0.0788271  0.202847  
0.723112  0.263649  0.0132388  
0.154164  0.660066  0.18577  
0  0.666679  0.333321  
0.126582  0.540085  0.333333  
0.16818  0.498487  0.333333  
0.284829  0.715171  1.5741e-07  
0.61807  0.0485963  0.333333  
0.449432  0.217234  0.333333  
0.00281125  0.817041  0.180147  
0.666667  0  0.333333  
0.425394  0.355532  0.219074  
0.274344  0.532099  0.193556  
0.48719  0.499571  0.0132388  
0.344603  0.385318  0.270079  
0.681817  0.156794  0.16139  
0.19028  0.80972  0  
0.338846  0.502631  0.158524  
0.077805  0.740758  0.181437  
0.462063  0.256393  0.281545  
0.115646  0.75236  0.131995  
0.642052  0.0246147  0.333333  
6.98429e-07  0.743084  0.256915  
0.392821  0.430486  0.176693  
1  0  0  
0.862246  0.0232473  0.114507  
0.297626  0.577254  0.12512  
0.856798  0.0906469  0.0525546  
0  1  0  
0.641143  0.150824  0.208033  
0.189303  0.477364  0.333333  
0.10415  0.82075  0.0750999  
0.471155  0.195512  0.333333  
0.167346  0.575645  0.257009  
0  0.915196  0.0848044  
0.276519  0.390147  0.333333  
0.343755  0.322911  0.333333  
0.365978  0.300688  0.333333  
0.0677068  0.59896  0.333333  
0.384533  0.282133  0.333333  
0.527178  0.139489  0.333333  
0.364706  0.553205  0.0820894  
0.681454  0.029329  0.289217  
0.310779  0.452699  0.236522  
0.556394  0.443606  7.25775e-09  
0.0357518  0.841155  0.123093  
0.925118  0.0692987  0.00558285  
0.491103  0.175564  0.333333  
0.405095  0.315843  0.279061  
0.406815  0.259851  0.333333  
0.822749  0  0.177251  
0.206558  0.773064  0.0203779  
0.223677  0.596176  0.180147  
0.546787  0.119879  0.333333  
0.107833  0.558833  0.333333  
0.473417  0.368997  0.157586  
0.512977  0.412505  0.0745183  
