1.57328  2.40819  1.4529  
1.46957  1.719  1.84331  
1.21485  2.59817  1.67069  
0.637529  0.802712  5.74663  
0.90522  1.63115  3.36917  
1.38459  2.45893  1.55142  
1.12495  1.10749  4.59342  
0.856395  1.14273  4.77367  
1.19891  1.32615  3.10199  
0.97457  1.33228  4.02293  
1.05903  1.09217  4.3654  
1.15795  2.43505  1.49357  
1.11652  1.06093  3.72396  
0.715606  0.804307  6.19095  
1.47168  2.17633  1.80258  
1.19392  1.70318  2.92887  
1.12946  1.82767  3.55897  
1.04978  1.30178  4.13318  
1.08418  1.29039  3.49579  
1.01546  1.42066  3.90087  
1.21031  1.6208  3.24013  
1.11142  1.40503  3.50648  
0.700466  0.88187  5.58637  
1.22598  2.04424  2.35385  
1.29712  1.85798  2.76925  
0.91492  0.891924  4.85327  
1.01352  1.55187  3.99956  
0.594812  0.885365  5.52916  
0.866597  0.939441  5.44034  
1.41386  1.52651  2.37206  
1.28374  1.61731  2.90546  
1.34443  2.49738  0.915309  
0.889272  1.6494  3.56094  
0.806077  1.36417  4.1509  
0.913131  1.13151  4.84824  
0.812352  0.979298  5.31626  
0.624047  0.839636  5.28092  
1.09851  1.44766  3.09306  
0.944724  1.27109  4.67939  
0.812557  0.940539  5.14772  
0.862322  0.988344  5.11401  
0.864882  1.72373  3.98726  
0.984455  1.78751  3.36063  
0.876834  1.94823  4.37522  
1.54932  1.25556  2.8982  
0.816133  0.955396  4.66302  
0.919677  1.99202  3.30614  
1.09103  1.2166  3.75577  
1.16328  2.17025  2.84052  
1.65735  1.5768  2.35731  
0.832976  1.21294  4.64175  
1.19073  1.6081  2.95624  
1.0908  1.27124  3.75661  
0.995183  1.29463  4.04545  
0.914752  0.88077  4.68621  
1.11231  1.54097  3.20056  
1.41368  2.06319  2.07512  
0.835883  1.58058  4.29647  
0.924349  1.76722  3.10592  
0.974495  1.58014  3.3704  
1.44935  2.4557  1.40705  
1.09804  1.79152  2.34731  
0.76354  0.980884  5.32283  
1.02847  1.33319  4.27504  
0.899982  1.66528  3.65498  
0.624323  0.8409  5.53862  
1.01916  1.76918  2.6577  
1.09079  1.31005  4.24562  
0.912517  0.912094  4.90242  
0.767495  0.734488  5.61848  
1.15027  2.75532  1.64406  
1.31985  1.57541  3.27497  
1.20739  1.77801  2.94556  
0.764146  1.4549  4.44667  
1.26442  1.94516  2.34912  
0.905884  1.03402  4.15381  
1.2457  1.38066  3.06252  
0.748518  0.981202  5.23733  
1.47916  1.99381  1.94417  
1.16921  1.25974  3.49286  
1.07967  1.51715  3.93447  
1.17806  1.30585  3.94543  
0.909043  1.29521  4.43621  
0.889309  0.965747  4.46915  
1.16599  1.65708  2.84439  
1.0212  1.58456  3.13128  
1.22214  2.09126  2.42694  
1.04074  1.77824  2.99156  
0.922808  2.23316  3.29627  
0.946066  1.54779  3.55387  
0.96114  1.27004  4.16805  
1.28394  1.80923  2.63328  
1.475  2.10648  1.91661  
0.772318  1.03917  4.86705  
1.35158  1.82699  2.31838  
1.22517  2.9767  1.79102  
0.840386  0.892019  5.44089  
0.923779  1.04602  4.69024  
0.912713  1.64215  3.78599  
0.78681  1.07101  4.85645  
0.955708  2.29899  1.60338  
1.30349  2.31121  0.967156  
2.25977  1.168  1.65343  
1.78903  1.14173  2.45573  
1.52472  2.4347  1.12255  
1.53165  2.36074  1.13351  
1.19219  1.65635  3.8444  
1.50166  2.45082  1.2193  
0.844055  2.09014  3.26624  
1.26678  2.24072  1.96364  
1.71153  2.714  0.851759  
0.82178  1.61611  3.94953  
1.59583  2.2358  1.03348  
1.27219  1.75753  2.85628  
1.55362  2.51136  0.691026  
0.824629  1.16455  4.61917  
1.35597  2.13338  1.65629  
1.24994  2.2574  1.8985  
0.642397  0.647844  5.67724  
2.9337  1.02622  1.01351  
1.78304  2.75852  0.823838  
1.67782  1.2911  1.76336  
1.07608  1.61608  3.17667  
0.954296  2.98614  0.85669  
0.511628  1.06368  4.50314  
0.803853  1.28608  3.6227  
0.892565  1.61752  2.38402  
1.51852  2.36137  0.57543  
0.862289  2.48417  1.63207  
2.46789  1.23716  0.886108  
1.34933  1.81309  1.53739  
1.52499  1.0683  3.08963  
0.581324  1.34492  3.88867  
1.0766  1.59454  1.08663  
1.80438  1.41478  1.094  
1.80297  1.1478  2.4048  
0.473872  0.94396  4.82008  
1.00577  2.37081  1.39562  
2.09242  1.37202  0.889678  
0.950398  1.55782  2.70128  
0.898648  2.57343  1.25232  
0.649324  1.00435  4.09582  
0.711304  1.78601  3.19662  
1  2.51894  0.17298  
2.33882  1.3306  0.669432  
1.20208  0.928037  4.03249  
0.32545  0.392162  5.79943  
0.633444  0.641488  5.66194  
1.69485  1.65257  0.347427  
0.903833  0.953327  3.49744  
1.30124  1.99198  0.598954  
2.25977  1.168  1.65343  
0.544451  1.20116  4.21039  
1.48804  2.24804  0.423986  
0.892033  1.40451  2.74387  
0.955708  2.29899  1.60338  
2.17561  1.114  2.15441  
1.48531  2.09938  0.971725  
1.76277  1.56837  0.699216  
0.685284  1.16343  3.17446  
0.744006  0.925971  5.29997  
0.591969  0.686026  4.44736  
0.433588  0.594844  5.28451  
0.802273  2.12753  1.91623  
1.43559  1.23096  2.21435  
1.01902  1.12144  2.78498  
0.607985  0.617729  5.00719  
1.3157  0.966971  3.82531  
0.629145  1.5219  3.39348  
1.09113  2.58644  1.62937  
1.1099  1.05167  3.29831  
2.00387  1.19578  1.88554  
2.27345  1.26609  1.0966  
1.78257  1.3385  1.53641  
2.35726  1.22589  1.1861  
1.15667  1.5857  2.70517  
1.37159  1.01967  3.42724  
1.6067  1.07522  3.0262  
0.967191  3.12669  0.787444  
1.16742  2.116  0.891256  
1.39136  1.27833  2.55282  
1.26915  2.2049  0.820078  
1.62644  1.94569  0.981973  
0.889385  1.22389  3.45617  
0.571996  1.221  4.37713  
1.29915  3.0674  0.580444  
1.0599  3.41111  0.67776  
0.87969  2.15448  3.41507  
0.934307  0.77059  5.14097  
1.2956  2.30135  0.958607  
0.692417  1.74187  2.81182  
1.49369  2.5356  0.550129  
0.504542  0.725086  5.07942  
0.786211  1.11835  4.38299  
1.22283  1.95905  1.97151  
1.26239  2.10064  1.55201  
1.73425  2.34037  0.845482  
0.762868  1.99844  3.36255  
0.72777  0.881042  5.5414  
1.24263  1.86544  2.66836  
1.79686  1.20993  2.05491  
1.54101  1.18097  2.40362  
1.5506  1.10282  2.85005  
1.94744  1.36773  1.11341  
2.27374  1.19199  1.48748  
2.39246  1.25124  0.952599  
1.91058  1.20964  1.9257  
2.35574  1.11887  1.79036  
1.89023  1.24673  1.75338  
2.29859  1.34827  0.660192  
2.26154  1.29849  0.954377  
1.92272  1.47998  0.684711  
1.64958  1.1982  2.24158  
2.00534  1.41682  0.824984  
2.41593  1.29204  0.707966  
2.25089  1.16355  1.69609  
0.719188  1.81683  2.50805  
0.999998  2.85468  0.284913  
0.916291  0.95698  3.49034  
1.34671  1.83041  0.822982  
2.4282  1.11394  1.68435  
2.06059  1.4697  0.530314  
2.18969  1.12325  2.06433  
1.97216  1.1139  2.44948  
0.918624  2.58231  0.98441  
1.80226  1.13558  2.48101  
2.56196  1.21902  0.78099  
0.839427  1.55379  2.53637  
2.63722  1.17917  0.830692  
1.9409  1.26288  1.60931  
1.2693  1.21666  2.34468  
2.77905  1.11048  0.889525  
1.85853  1.57074  0.429265  
1.16012  2.0918  0.137353  
0.762112  0.898206  3.67944  
2.18989  1.34244  0.868708  
0.654446  1.25693  2.79006  
1.65592  1.28892  1.79146  
0.895732  1.63297  1.89499  
0.457545  0.767018  4.02089  
0.745649  1.83575  2.10508  
1.62228  1.51017  0.927642  
2.45347  1.14203  1.44164  
0.261207  0.357945  5.59879  
0.79809  0.990681  3.23851  
2.604  1.198  0.802018  
2.03445  1.27612  1.41789  
2.91018  1.03977  0.988949  
1.01832  1.54383  1.2699  
1.52601  1.73699  0.263014  
0.826994  2.0357  1.43781  
1.6818  1.65365  0.365931  
2.36366  1.31817  0.681829  
1.68168  1.25607  1.92292  
1.89614  1.41633  0.978696  
0.419874  0.499438  5.05616  
2.04853  1.36152  0.999888  
1.49846  1.32588  1.76409  
2.2091  1.39545  0.60455  
1.0249  1.30324  2.06339  
0.980144  2.49108  0.32865  
2.34384  1.17086  1.48301  
2.66581  1.01867  1.83084  
1.36002  1.42683  1.46136  
1.7233  1.42818  1.13227  
2.71447  1.13254  0.916221  
0.973009  1.15062  2.64436  
2.24227  1.05866  2.48701  
1.20194  1.3444  1.85582  
1.74783  1.52446  0.746418  
1.86353  1.20213  2.0213  
2.0263  1.06497  2.78177  
2.24403  1.26423  1.15198  
1.45233  1.47773  1.20514  
2.63356  1.12433  1.15503  
1.94848  1.52576  0.474249  
0.899212  2.57134  1.21448  
1.09988  1.08007  2.97831  
2.46666  1.26667  0.733328  
2.15092  1.20124  1.63987  
1.51935  1.61372  0.897737  
1.50043  1.2518  2.08067  
2.09069  1.03952  2.95572  
1.60244  1.38369  1.43287  
1.69838  1.1698  2.36026  
1.83031  1.58484  0.41517  
1.83555  1.36193  1.27894  
1.2802  1.12085  2.79485  
2.27219  1.07409  2.2918  
2.1144  1.4428  0.557209  
2.25888  1.37056  0.629462  
1.71973  1.32129  1.58474  
2.16702  1.24641  1.36962  
2.45839  1.22016  0.986195  
1.97406  1.15867  2.14635  
1.85206  1.33138  1.39405  
2.01272  1.49364  0.50636  
1.38757  1.17444  2.50795  
1.73929  1.2494  1.9022  
1.89123  1.10027  2.64232  
2.50385  1.12208  1.46113  
2.08801  1.20797  1.69804  
2.04945  1.37405  0.943632  
2.40202  1.12956  1.6264  
1.88989  1.47958  0.729755  
1.71718  1.43421  1.11526  
2.59246  1.10472  1.37434  
2.20635  1.3968  0.603275  
1.55921  1.53416  0.905617  
1.52491  1.36624  1.57492  
1.24261  1.29094  2.0445  
1.92279  1.53858  0.461518  
1.99865  1.33059  1.21127  
2.02731  1.48632  0.513753  
1.80716  1.13896  2.45475  
2.49531  1.20479  0.993899  
2.06189  1.09251  2.49366  
1.63297  1.38794  1.38692  
1.63584  1.11807  2.71474  
1.74975  1.27691  1.75849  
1.81324  1.39035  1.18451  
0.480693  0.908698  3.42512  
1.30496  1.21357  2.3475  
2.51528  1.24235  0.757686  
0.732751  0.975639  3.25964  
2.76884  1.04108  1.36945  
1.98524  1.28053  1.46394  
0.679804  1.61863  2.52484  
2.16183  1.4187  0.582856  
2.18249  1.05921  2.59277  
0.993279  1.39231  1.77017  
1.45797  1.58523  0.82621  
0.941768  1.14582  2.6588  
2.64506  1.00167  2.04823  
2.46868  1.10859  1.62658  
1.14811  1.54581  1.19365  
0.81042  2.01665  1.60187  
0.323861  0.465415  4.88556  
1.09638  2.08308  0.0931576  
0.687355  1.0388  2.98229  
1.1804  1.91011  0.0903064  
2.08075  1.34956  1.00606  
0.126741  0.212822  5.57808  
1.75623  1.18527  2.22363  
2.34861  1.3257  0.674305  
0.721012  1.29378  2.12934  
1.93669  1.16928  2.12704  
1.39933  1.79946  0.202395  
0.323046  0.570516  4.37697  
1.7527  1.62367  0.376374  
0.983492  2.10503  0.177185  
2.07028  1.46484  0.535237  
2.1462  1.18691  1.72981  
0.902336  1.69691  1.05968  
2.23329  1.30501  0.970952  
0.475602  0.701327  4.11484  
1.97363  1.51316  0.486939  
0.556837  1.13873  2.83861  
1.67395  1.49199  0.941543  
2.69178  1.15411  0.845889  
1.2604  1.39754  1.63715  
1.5552  1.7224  0.277608  
1.6883  1.24857  1.95367  
0.216425  0.374422  5.11258  
2.9579  1.02105  0.978951  
1.57873  1.48077  1.08207  
0.544178  0.785294  3.85438  
1.34522  1.42864  1.46627  
2.3274  1.07294  2.19135  
0.790687  1.01678  3.12677  
1.9261  1.24818  1.70241  
1.79329  1.60338  0.396786  
2.32882  1.22317  1.21637  
0.618957  1.27875  2.76525  
0.955688  2.72589  0.676405  
1.35522  1.71923  0.489995  
2.02477  1.12352  2.31278  
1.58098  1.33018  1.67603  
1.87733  1.56132  0.438729  
2.46254  1.00066  2.60353  
1.65664  1.6717  0.32834  
0.871396  1.07947  2.90792  
2.5889  1.13357  1.20069  
1.88038  1.30668  1.47304  
2.25392  1.37304  0.626974  
1.2639  1.31882  1.92608  
2.75874  1.10806  0.95436  
1.4634  1.44908  1.3065  
2.43852  1.28074  0.719263  
2.2562  1.12781  1.91719  
1.24396  1.17908  2.52501  
2.58557  1.06333  1.68059  
1.86691  1.43992  0.915874  
2.17966  1.25792  1.29028  
1.79213  1.34566  1.39988  
1.89874  1.22089  1.87888  
1.03863  1.98421  0.879268  
2.42406  1.18035  1.27304  
1.73927  1.52487  0.745133  
1.40917  1.26283  2.08459  
2.47352  1.14968  1.35551  
1.8599  1.43556  0.942349  
1.57916  1.2617  1.98052  
1.74823  1.16625  2.33983  
1.3134  1.67982  0.653536  
1.44421  1.39412  1.52383  
2.21547  1.13004  1.97367  
1.15861  1.75645  0.55614  
1.06975  1.64497  0.937283  
1.7938  1.2776  1.70965  
1.46253  1.5478  0.961576  
2.15001  1.27874  1.23611  
1.2967  1.33595  1.84295  
2.173  1.41398  0.586668  
1.62747  1.20765  2.2087  
1.53156  1.73333  0.268688  
0.988435  1.4166  1.68605  
1.76347  1.50448  0.792188  
1.09591  1.57508  1.13354  
0.754043  1.50403  1.53265  
0.404028  0.798789  3.63222  
2.44951  1.27526  0.724774  
1.93175  1.53413  0.465874  
1.65195  1.48099  1.00507  
0.881088  1.74129  0.811641  
0.0727979  0.136441  5.64153  
0.138272  0.263759  5.25945  
2.69722  1.00105  1.8985  
2.33773  1.12429  1.7888  
0.429093  0.843581  3.49558  
1.19283  1.63162  0.892537  
1.00336  2.02924  0.0119876  
0.352006  0.686761  4.06583  
2.34112  1.32969  0.670646  
0.455195  0.892323  3.36828  
1.0496  1.97447  0.0268492  
1.32266  1.83861  0.161558  
0.272046  0.537942  4.42227  
2.99379  1.00311  0.996901  
0.0450936  0.0795415  5.80588  
0.712509  1.42347  1.76197  
0.80451  1.58742  1.25409  
0.603294  1.19402  2.4367  
0.375646  0.741069  3.83949  
2.71084  1.12628  0.96163  
1.23529  1.88326  0.117983  
2.48289  1.09429  1.69472  
0.558115  1.07341  2.79165  
0.224153  0.436559  4.71997  
2.25063  1.37468  0.625318  
1.45491  1.7727  0.227508  
2.64134  1.17937  0.82069  
1.76344  1.61868  0.381864  
0.501063  0.969065  3.10835  
0.0960552  0.174713  5.52538  
2.46669  1.04004  2.1658  
1.58574  1.70715  0.292881  
1.98407  1.35007  1.14194  
0.858647  1.71075  1.13476  
0.316197  0.624582  4.17766  
0.905701  1.81072  0.615294  
2.64286  1.07028  1.48787  
0.656882  1.31026  2.10987  
1.8466  1.33288  1.39375  
0.250366  0.41391  5.15918  
1.14114  1.69537  0.736194  
0.0229791  0.0320944  5.95984  
1.62339  1.29728  1.78203  
2.01816  1.2424  1.61184  
0.475415  0.931631  3.23813  
0.58294  1.15355  2.58668  
2.81033  1.09483  0.905176  
0.29972  0.580644  4.31553  
0.953565  1.8819  0.408335  
2.11573  1.44214  0.557869  
2.214  1.29695  1.0416  
1.4388  1.36608  1.63728  
1.82435  1.21294  2.00456  
2.32351  1.21416  1.27491  
0.816682  1.26111  2.22974  
0.771961  1.55527  1.40119  
1.29423  1.45259  1.41315  
1.54309  1.58139  0.756429  
0.804387  1.36266  1.90192  
2.00416  1.1109  2.43155  
1.30397  1.72606  0.513653  
1.31837  1.51959  1.16463  
2.02144  1.48928  0.510731  
1.97587  1.15541  2.16498  
1.68481  1.6593  0.342982  
1.26661  1.28648  2.05271  
0.971014  2.09874  0.238398  
2.52953  1.16024  1.1721  
2.36967  1.01749  2.64674  
2.54173  1.22914  0.770865  
1.86004  1.56998  0.430024  
1.71268  1.40251  1.24728  
2.1894  1.19048  1.63968  
1.97064  1.40965  0.90418  
2.26117  1.07282  2.32386  
0.926731  1.85519  0.447293  
0.229716  0.457407  4.63075  
0.475925  0.949596  3.15225  
0.912135  1.81947  0.540424  
0.278878  0.556515  4.33183  
0.239823  0.478672  4.56529  
0.142139  0.283258  5.15235  
2.7365  1.04113  1.45668  
0.0547419  0.108553  5.67747  
0.0971788  0.193392  5.42226  
1.78086  1.24746  1.87057  
0.682722  1.36086  1.91761  
2.30479  1.06334  2.3199  
2.47304  1.15536  1.31972  
0.30292  0.604376  4.18843  
2.61388  1.19306  0.806938  
0.325863  0.650435  4.04985  
0.0108584  0.0208795  5.94054  
2.71395  1.14302  0.856976  
0.448853  0.895997  3.31294  
1.61808  1.54606  0.80324  
2.29811  1.2449  1.15705  
0.0200171  0.0392404  5.88515  
0.56689  1.13074  2.60863  
2.81147  1.09426  0.905778  
0.197494  0.393733  4.82084  
0.771556  1.5397  1.38061  
1.02136  1.98959  0.0107817  
2.14378  1.19387  1.6932  
0.171047  0.340826  4.97988  
0.722975  1.44492  1.66826  
1.99363  1.15341  2.15432  
0.51448  1.02742  2.91879  
0.406203  0.810588  3.56934  
0.186497  0.371093  4.88999  
0.490279  0.978643  3.06484  
0.541247  1.08039  2.75948  
1.28877  1.85562  0.144385  
2.33445  1.33278  0.667224  
0.634388  1.26664  2.2002  
0.0414916  0.0822066  5.75589  
0.9464  1.89396  0.326461  
0.503958  1.00546  2.98489  
0.290997  0.580871  4.25856  
1.73188  1.63406  0.365953  
1.88552  1.55745  0.442837  
0.37658  0.75107  3.74837  
1.42876  1.78562  0.214381  
0.352457  0.702903  3.89299  
0.796218  1.58718  1.23797  
2.51565  1.24219  0.757828  
2.40702  1.10765  1.76386  
1.97874  1.51063  0.489386  
0.364632  0.727336  3.8195  
0.827518  1.64957  1.05013  
0.386122  0.770123  3.69116  
1.8935  1.43581  0.898412  
0.0672419  0.133276  5.60367  
0.0323372  0.0639793  5.81043  
0.462331  0.922807  3.23242  
1.98525  1.29197  1.40848  
2.4245  1.28774  0.712306  
1.57164  1.37367  1.50119  
1.37737  1.5027  1.17736  
0.591095  1.17906  2.46354  
1.71049  1.39959  1.26118  
0.123372  0.245701  5.26521  
2.51036  1.02525  2.19471  
0.316144  0.630532  4.11004  
0.0886545  0.176412  5.47307  
2.21472  1.39263  0.607396  
0.0782299  0.155294  5.53728  
1.15188  1.92404  0.0759819  
0.248172  0.495453  4.51483  
0.885779  1.76855  0.693815  
0.00278436  0.00419547  5.99288  
0.340641  0.679585  3.96266  
2.05937  1.47034  0.529696  
0.26265  0.524055  4.42932  
0.656621  1.31  2.07011  
1.56338  1.71832  0.281692  
2.66614  1.00074  1.99438  
2.99952  1.00024  0.999762  
0.433233  0.863021  3.41407  
0.742456  1.48388  1.55139  
0.974973  1.94505  0.16404  
1.31552  1.68412  0.632448  
0.156811  0.312612  5.06413  
2.06148  1.35072  1.02897  
0.396161  0.789939  3.6318  
0.700602  1.39795  1.80662  
1.4477  1.58113  0.849  
0.86297  1.71958  0.840034  
0.107957  0.214843  5.358  
0.214644  0.428455  4.71592  
0.530055  1.05755  2.82838  
0.613302  1.22266  2.33257  
1.69249  1.29472  1.73139  
0.132201  0.263437  5.21175  
0.417391  0.832927  3.50228  
0.0564612  0.112726  5.66241  
0.470674  0.940858  3.17764  
2.86267  1.06867  0.931334  
1.00034  1.99992  0.000200255  
0.576151  1.15166  2.54512  
2.59754  1.00065  2.20046  
1.4238  1.5032  1.13803  
2.48386  1.25807  0.74193  
1.21566  1.89249  0.107937  
1.38844  1.64797  0.683379  
2.01138  1.13146  2.27568  
0.796122  1.59147  1.22799  
1.69696  1.28091  1.79391  
1.52108  1.34515  1.66222  
0.707518  1.41451  1.75643  
0.82187  1.64333  1.07022  
0.527105  1.05385  2.83867  
2.56842  1.09952  1.46457  
0.194491  0.388718  4.83429  
0.44573  0.891064  3.32702  
0.5103  1.02026  2.93943  
0.394131  0.787838  3.63699  
0.169952  0.339687  4.98134  
2.31784  1.19997  1.37764  
0.962922  1.9254  0.224285  
1.53798  1.73101  0.268992  
0.927198  1.85384  0.438474  
1.65192  1.67613  0.326655  
0.0215304  0.0428702  5.87207  
0.727223  1.4541  1.63795  
0.774842  1.54922  1.35242  
2.59205  1.20398  0.796023  
1.85882  1.35412  1.2902  
0.459583  0.918695  3.24416  
0.0686376  0.137121  5.58907  
0.670224  1.33981  1.98058  
2.72371  1.13827  0.861898  
0.542836  1.08511  2.74482  
1.32902  1.8357  0.164578  
2.3242  1.3379  0.662099  
0.234329  0.468398  4.59516  
0.257487  0.514618  4.45658  
0.0944132  0.188651  5.43449  
1.81981  1.43245  1.00409  
0.180335  0.360458  4.91927  
2.36069  1.07398  2.11354  
1.75662  1.62229  0.378513  
0.898633  1.79673  0.609785  
1.50261  1.42069  1.37502  
0.559119  1.11795  2.64654  
2.24903  1.14719  1.80217  
0.431055  0.861252  3.41669  
0.0447929  0.089408  5.73234  
0.284365  0.568366  4.29532  
2.19913  1.40044  0.599564  
0.846589  1.69262  0.922033  
1.85359  1.57321  0.426793  
0.00018346  0.00018346  6.00018  
1.86566  1.20284  2.01497  
0.366295  0.731959  3.80459  
0.150684  0.30105  5.09747  
1.43491  1.78255  0.217454  
2.74387  1.01974  1.60158  
0.629595  1.25882  2.22371  
0.0812892  0.162376  5.51341  
0.407602  0.814857  3.55567  
2.13904  1.29446  1.17341  
0.594648  1.18853  2.43451  
0.418839  0.837317  3.48825  
0.297274  0.594113  4.21813  
0.270333  0.54045  4.37919  
2.03158  1.24541  1.57741  
1.55765  1.54539  0.866955  
0.877784  1.75493  0.735051  
2.9994  1.0003  0.999703  
0.0325705  0.0649706  5.80566  
0.2447  0.489135  4.53294  
0.0107227  0.0212963  5.93667  
0.379228  0.758173  3.72576  
1.10585  1.94707  0.0529261  
0.494866  0.988672  3.03511  
0.330143  0.660062  4.02029  
0.343798  0.687213  3.93867  
0.12684  0.253465  5.24008  
0.352983  0.705577  3.88357  
0.48102  0.961733  3.11515  
0.649311  1.29802  2.10608  
2.07899  1.46115  0.539711  
0.748835  1.49713  1.50867  
0.115993  0.2318  5.30503  
0.688198  1.37554  1.87345  
0.221517  0.442752  4.67214  
1.92869  1.53608  0.464487  
0.136991  0.273692  5.1796  
0.320056  0.639716  4.08123  
0.611737  1.22324  2.33073  
0.308866  0.617345  4.14836  
0.160247  0.32028  5.03957  
0.105663  0.211145  5.367  
0.208818  0.417382  4.74826  
0.406702  0.813145  3.56073  
0.0923643  0.184644  5.44628  
0.86877  1.73731  0.788129  
0.925322  1.85034  0.448963  
1.42756  1.78622  0.213778  
0.306085  0.612076  4.16388  
0.372308  0.744128  3.76803  
0.235007  0.46985  4.59068  
0.471614  0.942965  3.17124  
2.33406  1.33297  0.667028  
1.00012  1.99995  6.2811e-05  
1.93062  1.53362  0.469321  
0.0118144  0.0235749  5.92948  
1.8653  1.27141  1.65926  
2.14092  1.43068  0.57086  
0.171481  0.342861  4.9716  
0.0776596  0.155252  5.53443  
2.23262  1.38418  0.61648  
2.63196  1.00008  2.10327  
0.272506  0.544908  4.36541  
1.23954  1.69456  0.663603  
0.659581  1.319  2.04304  
0.445636  0.891068  3.32692  
0.0399326  0.0797723  5.76099  
1.2926  1.54101  1.11091  
0.197877  0.395018  4.81623  
0.260519  0.520912  4.43743  
0.896069  1.79186  0.624414  
0.675334  1.35001  1.94997  
0.558452  1.11673  2.64987  
0.105731  0.211372  5.3661  
2.11116  1.1923  1.75253  
2.70621  1.14689  0.853108  
1.34371  1.47551  1.30216  
1.52242  1.73879  0.26121  
0.384264  0.768378  3.69501  
0.614184  1.22813  2.31564  
0.488724  0.977277  3.06824  
0.14443  0.288789  5.13379  
2.44881  1.27559  0.724406  
0.320605  0.641074  4.07691  
0.541877  1.08359  2.74929  
1.68672  1.24405  1.98965  
1.71306  1.64334  0.356968  
0.247905  0.495699  4.51308  
0.157465  0.31484  5.05565  
2.8448  1.0776  0.922402  
1.69646  1.48036  0.959316  
2.57641  1.21253  0.788464  
2.23677  1.1105  2.07346  
2.40961  1.15863  1.42895  
0.742439  1.48465  1.54607  
2.00285  1.32607  1.22417  
0.208654  0.417212  4.74852  
1.82797  1.17207  2.23085  
0.957424  1.91463  0.256127  
0.717728  1.4347  1.69588  
0.696515  1.39275  1.82176  
0.18517  0.37025  4.8894  
1.41746  1.60365  0.800693  
0.645818  1.29134  2.12599  
1.12275  1.93862  0.0613761  
0.348469  0.696316  3.91161  
0.0248821  0.0497067  5.85108  
0.220607  0.441119  4.67681  
0.284515  0.568929  4.29333  
1.52448  1.39104  1.47192  
0.457978  0.915778  3.25275  
2.26527  1.24933  1.1915  
0.843052  1.68582  0.942529  
0.507272  1.01441  2.95683  
1.32463  1.83769  0.162314  
2.52549  1.05375  1.90319  
0.0638954  0.127724  5.61703  
1.58521  1.31716  1.72662  
0.580758  1.1613  2.51617  
1.62036  1.68982  0.310181  
0.419413  0.83869  3.48401  
0.62652  1.25287  2.24142  
0.361101  0.72207  3.83392  
0.432703  0.865168  3.40468  
0.292369  0.584632  4.24625  
0.817148  1.63401  1.09796  
2.99886  1.00057  0.999431  
0.132304  0.264526  5.2066  
1.22076  1.88962  0.110382  
0.7944  1.5885  1.23452  
0.59586  1.19154  2.42541  
2.04052  1.47974  0.520261  
2.36802  1.03732  2.42856  
4.58868e-05  4.58868e-05  6.00005  
2.75655  1.02922  1.49154  
0.118589  0.237087  5.28894  
0.76557  1.53041  1.4087  
0.334341  0.668567  3.99441  
0.523438  1.04674  2.85983  
0.395089  0.790066  3.62988  
1.80919  1.41428  1.09035  
0.0540879  0.108098  5.67595  
1.8248  1.5876  0.4124  
0.234014  0.467977  4.59617  
0.169816  0.339593  4.98133  
0.59334  1.18661  2.44021  
0.156801  0.313556  5.05942  
0.0615068  0.12298  5.63118  
0.766405  1.53274  1.40184  
0.843121  1.68622  0.941445  
0.31077  0.621493  4.13559  
1.38566  1.48421  1.23578  
0.144595  0.289154  5.13263  
2.37902  1.07069  2.10158  
0.272982  0.54588  4.36246  
0.895685  1.79126  0.626311  
2.46414  1.26793  0.732072  
0.78916  1.57821  1.26552  
0.259798  0.519544  4.44145  
0.681755  1.36345  1.90974  
0.0364843  0.0729416  5.78128  
2.56673  1.21666  0.783376  
0.64478  1.28951  2.13155  
2.22214  1.38893  0.611069  
0.108998  0.217957  5.34624  
1.7246  1.29481  1.69986  
0.336595  0.673113  3.98083  
0.363919  0.727782  3.81673  
1.31636  1.84182  0.15818  
1.21194  1.89403  0.105972  
0.0856596  0.171281  5.48626  
2.67293  1.16353  0.836467  
0.21979  0.43954  4.6815  
2.77832  1.11084  0.889162  
0.627397  1.25474  2.23585  
2.61745e-05  2.61745e-05  6.00003  
0.472628  0.944848  3.16611  
1.51183  1.7441  0.25592  
0.815781  1.63149  1.10559  
0.924877  1.84963  0.45122  
0.247251  0.494462  4.51669  
2.10606  1.44697  0.553031  
0.0971391  0.194234  5.41741  
2.19795  1.13565  1.96574  
1.00004  2  3.00756e-05  
2.34019  1.32991  0.670094  
1.83364  1.41408  1.06203  
2.89148  1.05426  0.945742  
2.22845  1.27016  1.14845  
0.460718  0.921326  3.23621  
0.740468  1.48088  1.55742  
0.498385  0.996353  3.01158  
1.10643  1.94678  0.0532162  
0.544822  1.08955  2.73136  
2.55724  1.09261  1.53746  
0.484372  0.968654  3.09408  
0.323373  0.646117  4.06311  
0.208646  0.417251  4.74836  
1.4749  1.59006  0.793196  
0.120746  0.241456  5.27574  
2.04781  1.23481  1.6102  
2.99868  1.00015  1.00292  
0.561328  1.12257  2.63231  
0.722067  1.44408  1.66783  
0.702543  1.40495  1.78536  
0.530306  1.06054  2.81844  
2.75311  1.00473  1.69958  
2.32921  1.17593  1.48034  
1.41155  1.79423  0.205776  
1.785  1.60788  0.39278  
0.132691  0.26534  5.20407  
0.182323  0.364614  4.90625  
0.424779  0.849492  3.45156  
0.376049  0.752041  3.74394  
1.95909  1.32781  1.27548  
1.88417  1.55792  0.442083  
0.0727593  0.145491  5.56363  
0.0237394  0.0474523  5.85775  
0.61038  1.22071  2.33795  
0.663305  1.32612  2.02196  
0.448242  0.896447  3.31073  
0.286221  0.572391  4.28291  
0.195445  0.390852  4.82755  
0.414831  0.829604  3.51128  
1.54015  1.37919  1.50593  
0.438546  0.877002  3.36906  
1.30719  1.67038  0.682359  
0.402369  0.804676  3.58605  
0.0119743  0.0239224  5.92833  
1.9892  1.5054  0.494598  
1.91852  1.18153  2.07578  
0.576164  1.15227  2.54326  
1.60845  1.69584  0.304244  
0.515174  1.03028  2.90923  
2.55331  1.00413  2.29377  
1.60914  1.51855  0.915623  
0.0499724  0.0999085  5.70039  
0.868379  1.73673  0.789905  
1.69768  1.65116  0.348842  
0.350414  0.700778  3.89773  
0.95805  1.91598  0.252161  
0.29888  0.597718  4.20694  
0.389791  0.77952  3.66152  
0.249005  0.497973  4.50614  
0.434365  0.868679  3.39401  
1.35596  1.6734  0.648527  
0.0233561  0.0466942  5.85998  
0.930662  1.86125  0.416249  
1.69977  1.48547  0.936366  
2.17214  1.41393  0.586068  
0.765198  1.53031  1.40909  
0.175477  0.350921  4.94733  
0.704129  1.4082  1.77544  
2.60818  1.19591  0.804089  
0.878188  1.75628  0.731159  
0.805766  1.61149  1.16557  
2.87196  1.06402  0.935981  
0.139466  0.278904  5.16335  
1.41655  1.79173  0.208281  
1.95309  1.52346  0.476544  
0.163514  0.327002  5.01905  
0.556958  1.1132  2.66069  
0.284335  0.568642  4.29414  
1.45174  1.37944  1.57537  
2.1797  1.28373  1.16692  
0.200301  0.400574  4.79833  
2.26995  1.36503  0.634974  
0.386415  0.772774  3.68173  
0.495659  0.991021  3.0271  
0.363085  0.726035  3.82204  
1.09669  1.95165  0.0483496  
0.574877  1.1497  2.55094  
0.187699  0.375363  4.87398  
2.06947  1.46526  0.53474  
0.261092  0.522145  4.43363  
1.84633  1.18799  2.11954  
1.85771  1.57051  0.431145  
1.31213  1.84394  0.156066  
2.37452  1.31274  0.687259  
0.460184  0.920302  3.23913  
0.225934  0.451839  4.64453  
0.212847  0.425663  4.72306  
2.38508  1.17532  1.37803  
2.49271  1.25365  0.746354  
0.297638  0.59524  4.21432  
0.608285  1.21651  2.35052  
0.444967  0.889894  3.33036  
2.73441  1.0002  1.79495  
2.20341  1.14113  1.92012  
1.45602  1.57803  0.851375  
0.0744494  0.14887  5.55347  
0.352129  0.700858  3.90075  
0.783446  1.56683  1.29953  
2.99909  1.00044  0.999654  
1.489  1.45075  1.27318  
0.310287  0.620536  4.13844  
0.509877  1.01965  2.94111  
2.31142  1.07166  2.23457  
0.334876  0.669713  3.99092  
1.52437  1.73781  0.262186  
0.0600734  0.120125  5.63969  
0.524088  1.04813  2.85565  
0.0360767  0.0721305  5.7837  
0.626409  1.25276  2.24174  
2.07496  1.22867  1.60387  
0.274123  0.548157  4.35564  
0.401168  0.802269  3.59324  
0.0123072  0.024597  5.92628  
1.80606  1.33192  1.44494  
0.826112  1.65217  1.04353  
1.94392  1.38776  1.03148  
0.745148  1.49024  1.52931  
0.374907  0.749769  3.75075  
2.54919  1.08862  1.58395  
0.664308  1.32856  2.01435  
1.74686  1.62655  0.37349  
0.237823  0.475612  4.57322  
0.114572  0.228463  5.31658  
0.541214  1.08231  2.75313  
1.63358  1.68321  0.316793  
0.484006  0.967942  3.09621  
0.151158  0.30229  5.09319  
0.0990362  0.198046  5.40593  
0.0870929  0.174162  5.47758  
0.0475405  0.0950606  5.71489  
2.73527  1.13236  0.867637  
0.412496  0.824944  3.52521  
2.51868  1.00939  2.33582  
0.4245  0.84895  3.45319  
1.00003  2  2.09913e-05  
0.128128  0.256218  5.23143  
1.20002  1.89997  0.100072  
1.72636  1.2745  1.79311  
0.900342  1.80062  0.59818  
0.323034  0.645978  4.06217  
0.588224  1.17627  2.47129  
0.848853  1.69729  0.908116  
0.647019  1.29399  2.11807  
2.19795e-05  2.19795e-05  6.00002  
0.471824  0.943595  3.16925  
0.725312  1.45058  1.64829  
0.963357  1.92666  0.220059  
0.683788  1.36753  1.89744  
0.588738  1.17743  2.46774  
2.00356  1.49832  0.501811  
0.419235  0.838434  3.48472  
0.431605  0.862707  3.41216  
1.88859  1.55578  0.44432  
2.62076  1.18962  0.810381  
1.70351  1.64825  0.351768  
1.35842  1.82083  0.179224  
0.868763  1.73747  0.787609  
0.629544  1.25905  2.22287  
2.86457  1.06734  0.934643  
0.775171  1.55029  1.34915  
0.201009  0.401994  4.79406  
0.214023  0.427737  4.71731  
1.68818  1.23928  1.99945  
0.18641  0.372798  4.88165  
1.51436  1.56192  0.851866  
0.729572  1.4591  1.62272  
2.47431  1.14936  1.35322  
1.62902  1.39003  1.38223  
0.137446  0.274867  5.17546  
0.162619  0.325214  5.0244  
0.84625  1.69243  0.922693  
0.10204  0.204052  5.38791  
1.13903  1.93052  0.0695385  
0.50482  1.0096  2.97123  
0.0744369  0.148857  5.55348  
1.4747  1.76265  0.237348  
2.59479  1.08177  1.52426  
0.14922  0.298405  5.10486  
2.19755  1.248  1.31211  
1.49282  1.3425  1.6926  
1.64664  1.46472  1.07423  
0.798243  1.59645  1.21067  
2.0303  1.3475  1.0887  
0.270467  0.540908  4.37731  
0.0590578  0.118096  5.64577  
0.757011  1.51394  1.45817  
2.36335  1.31832  0.681684  
0.536797  1.07354  2.77941  
1.5788  1.71061  0.289414  
0.236366  0.4727  4.58195  
2.57518  1.00037  2.27042  
0.479155  0.958264  3.12523  
1.25428  1.8729  0.127157  
2.29891  1.16515  1.60053  
0.258301  0.51657  4.45034  
0.123108  0.246195  5.26146  
0.610162  1.22028  2.3392  
1.4434e-05  1.4434e-05  6.00001  
0.284169  0.568305  4.29513  
2.11554  1.13356  2.11379  
0.0115867  0.0231587  5.93058  
0.3489  0.697766  3.90674  
1.24941  1.47916  1.35863  
0.334981  0.669934  3.99024  
2.99962  1.00019  0.999812  
0.707606  1.41517  1.75453  
0.927469  1.85487  0.435357  
1.90293  1.43678  0.882262  
0.407081  0.814129  3.55766  
2.35163  1.0672  2.18893  
0.447042  0.894045  3.3179  
0.360124  0.720204  3.83942  
2.1339  1.43312  0.566974  
0.11382  0.227613  5.31722  
0.902625  1.80519  0.584419  
0.175156  0.35029  4.94917  
0.381474  0.762892  3.71136  
1.30968  1.6637  0.702503  
0.246406  0.492787  4.52168  
1.82884  1.29553  1.58563  
2.75423  1.01062  1.64647  
0.369554  0.739079  3.7828  
0.0234309  0.0468465  5.85952  
0.467268  0.934494  3.19654  
0.821423  1.64279  1.07164  
2.25996  1.37002  0.629979  
0.088075  0.17613  5.47167  
2.48218  1.25891  0.741092  
0.457051  0.91405  3.25788  
0.225144  0.450257  4.64928  
1.78404  1.60812  0.39207  
0.688387  1.37673  1.86983  
0.310284  0.620535  4.13845  
2.74378  1.12811  0.87189  
0.666935  1.33382  1.99855  
0.647365  1.29468  2.116  
0.321727  0.643415  4.0698  
0.517008  1.03396  2.89815  
0.569607  1.13915  2.58255  
2.04962  1.20998  1.74238  
0.39496  0.789865  3.63044  
0.295892  0.591756  4.22476  
0.0480182  0.0960129  5.71204  
0.553247  1.10644  2.68071  
0.0358859  0.0717526  5.78481  
1.00003  1.99999  1.54906e-05  
0.962995  1.92591  0.222354  
0.492125  0.984217  3.04738  
