15.7449  23.192  23.976  
18.7016  12.5133  11.7174  
15.5867  7.66427  13.191  
13.5616  13.2139  16.0856  
7.40608  11.8775  11.5554  
13.1356  33.7954  25.8001  
9.71104  14.4662  9.93988  
14.0642  20.7098  15.8262  
10.428  17.9466  13.5549  
16.2669  7.68995  14.5346  
15.1497  7.94644  13.4842  
23.3116  16.6528  22.8285  
28.7272  26.4327  26.4259  
23.5633  10.9659  10.3825  
16.3359  16.9796  19.6806  
29.3199  36.4345  32.6731  
16.594  12.8122  28.3044  
14.1147  12.3892  14.4785  
21.661  14.0829  14.0477  
18.8655  14.1713  12.4806  
21.5013  12.4024  23.4884  
28.0001  20.3831  32.3951  
12.3499  12.3155  10.2701  
20.7351  11.8481  11.6048  
21.1131  41.6531  37.8936  
21.1054  24.6931  30.6033  
7.11365  7.71777  18.9366  
16.6248  10.149  13.7465  
19.7959  28.0732  16.4543  
12.3698  9.51485  17.1613  
15.9594  14.516  16.7155  
13.3068  23.5865  15.549  
7.53177  15.9454  12.0314  
18.7511  9.37568  12.0096  
8.00356  9.09277  25.908  
6.68226  14.2522  11.3199  
14.9891  10.1704  15.7421  
22.0387  26.1511  26.1815  
29.7731  13.5412  38.1119  
23.4386  24.0146  31.1246  
14.389  18.7347  32.2165  
20.1439  18.17  9.04338  
12.7687  9.47938  21.999  
12.2472  10.6257  16.4083  
18.2234  29.3713  21.189  
24.2761  17.9555  28.3975  
12.8981  6.64412  32.5949  
18.5255  29.6606  21.8435  
33.2902  26.2394  29.4076  
9.19318  17.7677  13.7646  
15.1782  16.7734  18.6286  
28.3555  44.8885  34.6807  
31.2158  27.7072  20.6126  
24.0075  41.0039  30.3099  
20.8957  17.7251  13.4187  
20.5411  35.7105  14.4747  
9.13068  11.4292  14.2492  
16.7387  18.5874  21.7203  
16.9712  23.7664  9.7101  
13.0018  9.13512  8.4599  
19.6052  23.8156  40.4621  
10.308  39.593  28.5866  
19.9607  24.5604  26.9641  
31.3251  17.4396  20.5857  
26.6062  37.7625  16.1411  
15.5121  15.6752  17.91  
13.3484  23.5926  20.7066  
56.0696  37.7567  49.1932  
25.8531  20.2153  21.0449  
18.1384  13.7909  13.3376  
10.2528  12.3152  8.47657  
15.2717  15.7193  21.0114  
12.7751  11.4829  10.3835  
18.4772  14.505  14.9864  
25.0413  26.7854  29.1989  
11.199  20.3688  17.6572  
13.6417  14.1264  13.6276  
21.0272  22.3633  14.6818  
11.0106  15.441  10.6862  
29.8761  32.8104  17.4555  
25.8842  25.4083  31.0508  
25.241  22.3169  21.0166  
21.3996  17.3193  20.8028  
10.1413  12.2349  14.2583  
12.0675  19.0698  19.7034  
33.6344  28.1403  27.2833  
19.5336  24.3545  17.4066  
22.9636  16.4682  12.2218  
12.386  39.6113  30.6484  
11.9534  11.9632  12.171  
26.1006  13.5304  15.3322  
17.475  11.9417  12.8385  
16.7221  12.9438  10.6913  
15.8286  9.04112  13.3319  
19.2279  36.3998  28.9082  
15.8023  32.0145  20.8201  
11.5214  9.65857  15.9474  
7.44196  21.9144  18.8407  
7.8126  12.48  14.1729  
11.6598  18.4197  16.1821  
19.1624  26.5709  12.2992  
13.6974  15.1326  11.5446  
15.9142  17.5122  11.186  
15.2466  14.9332  11.2155  
15.5979  10.3667  19.2763  
11.3044  12.0101  16.3324  
14.0101  5.5489  21.9615  
17.4878  10.0537  12.9059  
15.9559  15.179  14.2682  
11.4338  13.3913  14.2867  
16.938  9.93733  11.0238  
26.4182  26.2573  3.27417  
16.4487  21.7124  14.5218  
12.1696  16.3764  14.6643  
13.5187  19.5226  15.0947  
25.5317  18.2834  28.0253  
28.8353  20.2583  18.9294  
12.2043  15.2378  29.1351  
29.8716  32.3037  8.4643  
15.0527  15.0539  8.87532  
11.3265  17.6032  12.0354  
8.19185  11.0033  18.4931  
10.5027  15.4986  15.8237  
5.59986  19.2573  17.4425  
2.41584  5.83908  14.8377  
12.3023  18.7164  10.4024  
19.2503  10.884  8.00795  
9.36553  20.798  11.0969  
13.5187  19.52  15.0947  
17.5748  7.31605  10.3102  
34.3562  52.8255  34.7329  
16.5831  8.21497  12.2263  
17.4007  38.7914  7.08625  
23.6048  7.83184  7.6171  
20.5839  22.621  12.8576  
14.4933  8.76923  8.76234  
10.6785  11.9821  4.62549  
5.69438  11.9932  12.3743  
14.065  6.10665  7.20287  
0.519098  0.78745  1.55141  
13.8492  8.72309  14.2456  
16.938  9.93733  10.9656  
18.0693  29.949  1.99378  
14.8166  18.5753  16.0996  
11.9181  14.1538  11.0792  
12.6092  18.7164  10.4024  
14.2845  4.46148  11.0104  
11.4338  13.3913  14.2867  
8.54623  7.61375  14.7219  
10.8716  8.83398  17.7708  
21.7834  19.2327  12.384  
3.39398  1.19802  0.411621  
25.6358  23.9162  27.7994  
20.1447  34.2837  14.2515  
26.4687  25.8916  2.85507  
1.00855  0.900834  0.93073  
16.0877  15.3178  35.2568  
13.5105  8.64171  8.17626  
16.0687  1.98835  9.86052  
2.70468  28.0598  9.34748  
20.053  18.6987  17.5271  
9.18515  7.34384  10.7524  
5.02367  10.1972  6.46883  
20.0815  12.2201  15.1267  
13.5872  3.15186  13.3159  
5.42458  36.4944  17.727  
6.61297  7.54153  12.2158  
8.82428  11.0033  18.4931  
21.0539  12.3317  8.69596  
14.6101  11.6854  26.5362  
13.6974  15.1326  11.3679  
13.4393  32.7422  23.1317  
17.2398  12.2094  20.2457  
15.9559  14.4865  14.2682  
14.5557  17.8007  12.1982  
11.2287  9.46547  21.8372  
21.7834  18.9554  12.0635  
15.1534  12.5852  18.2641  
19.1624  26.5709  12.1355  
23.3675  7.78548  7.59292  
15.8592  11.871  18.3131  
17.2531  17.2529  21.992  
17.2429  22.5895  23.1251  
17.1122  11.2708  24.5876  
18.8395  9.18076  15.8351  
26.5637  21.8934  23.2136  
21.8732  16.5646  32.2302  
42.029  22.5274  22.1866  
16.0877  15.3178  35.2568  
15.4072  11.691  26.5918  
19.2177  13.2788  17.3207  
13.527  36.243  8.60182  
17.3648  37.1344  24.6973  
27.5503  20.7844  16.2057  
15.4266  12.4383  11.0235  
18.1392  21.0589  15.066  
14.5273  17.8007  12.8069  
13.4393  32.7422  23.6812  
18.715  12.8344  16.7675  
17.4893  22.5895  23.1251  
13.6061  8.44881  15.4977  
18.1096  7.91288  10.6668  
9.05658  11.1613  16.0268  
11.3986  8.87569  10.6539  
13.617  6.97608  18.9167  
7.14263  26.5173  9.82389  
10.076  10.0889  10.3742  
11.1638  5.74785  20.0261  
6.85698  23.8027  10.8159  
8.25543  9.66062  11.6808  
17.7304  6.68653  13.8665  
7.87084  13.8948  10.3857  
6.54676  8.54135  18.4745  
14.8725  7.66981  10.1556  
14.6698  5.60718  17.8034  
7.95556  10.4208  10.9536  
9.59841  14.296  8.45639  
11.6987  20.3518  5.3538  
11.21  8.26591  9.08465  
6.26066  11.4162  12.2506  
3.8454  6.73666  10.9536  
0.245843  0.310643  1.09587  
10.1508  7.27526  4.6226  
1.97042  16.6114  9.01469  
8.10273  9.54362  14.49  
11.9837  11.7328  2.43519  
16.0344  4.33711  3.4843  
7.9124  7.84597  9.8644  
2.29409  8.41204  12.2227  
4.62025  10.4839  6.65426  
0.696117  0.916419  0.0274355  
7.7785  2.92042  9.79377  
20.9023  2.91405  5.63994  
4.49165  4.42243  12.1794  
13.7528  11.0221  4.30845  
7.82939  10.9504  2.98871  
1.3657  4.9814  15.3389  
8.09468  5.77031  4.53427  
6.30198  6.99632  14.8933  
7.08682  6.51059  6.20428  
3.12763  5.49199  10.6485  
1.47674  19.2021  4.73315  
1.83279  3.87723  16.7072  
5.60017  2.88933  14.2594  
6.03686  2.86737  0.054852  
0.455052  6.96464  5.42322  
11.6888  3.25581  13.7024  
9.54619  13.6875  4.98399  
14.284  6.97352  2.93563  
2.10033  7.67268  2.36007  
5.73973  0.905822  4.42437  
3.01983  13.7901  5.29252  
7.74161  16.8522  1.16148  
8.96063  6.73436  5.44945  
3.74101  3.13759  5.54284  
7.04101  3.66896  9.39691  
3.85313  10.3364  16.4015  
0.683546  0.456573  0.683693  
1.42229  13.1729  6.19263  
9.83352  3.60816  3.04882  
8.11291  10.796  1.92332  
0.492284  1.56122  1.65271  
1.21913  11.0386  12.1246  
19.3384  9.84441  3.3396  
19.9644  2.3725  9.82877  
2.83335  11.3009  9.56968  
10.8866  5.78539  7.02949  
6.16518  6.37391  9.18012  
12.3285  9.17802  5.53933  
10.693  2.97279  15.4596  
3.13217  7.31065  12.2646  
8.28775  10.8387  3.86959  
13.3093  5.00685  11.8603  
8.90635  3.66232  9.06741  
6.44102  10.1548  13.5131  
6.05679  4.33092  10.8489  
3.72129  10.0232  9.65762  
5.86942  9.09418  8.4708  
7.57158  5.96094  9.03081  
5.57918  2.3005  7.37463  
10.663  6.47763  8.55619  
6.28388  10.3354  8.63868  
9.55022  5.30683  10.5107  
3.19433  17.184  8.96743  
10.5059  13.8946  4.50025  
5.66205  7.35858  12.3603  
4.55162  9.3372  13.1495  
9.94709  6.92044  8.79551  
6.33549  3.62066  18.5163  
20.9815  12.8238  2.98137  
12.4382  7.50304  7.63015  
7.43582  6.77556  11.417  
9.13434  17.126  6.22869  
11.1336  4.75465  11.9771  
7.67219  8.83871  8.95143  
7.35761  6.63371  13.6313  
14.5009  8.59991  7.08793  
9.80681  19.783  4.57227  
10.3462  8.22856  8.51553  
8.14386  7.54211  10.3246  
6.1585  4.97755  4.50744  
7.43806  2.50854  3.9366  
9.70251  0.799346  9.7926  
2.18358  4.83837  8.67519  
3.5193  9.39477  2.95552  
11.4339  4.21325  2.30844  
1.4311  6.83265  4.72091  
3.02597  4.30132  5.59671  
5.01771  15.895  1.50403  
5.33177  1.3279  8.58423  
7.37384  2.81844  3.60413  
4.50866  7.62883  3.04468  
2.32756  5.7549  4.56241  
2.28759  8.64672  3.49591  
13.9255  0.635034  7.90873  
6.70295  1.057  5.94445  
4.87074  5.13873  3.87005  
5.46473  10.1604  1.64227  
8.71071  3.93931  2.53119  
0.685966  4.10462  11.4734  
0.904503  6.67303  2.02665  
3.93466  0.389768  6.97063  
0.750712  1.78344  6.22119  
0.253336  5.05117  10.6843  
3.34574  1.66271  2.38945  
4.55964  1.18004  2.54796  
0.371228  2.8193  8.47643  
3.08109  3.75219  1.15819  
3.97528  1.58011  8.68204  
2.39516  8.62142  0.219249  
1.66946  1.25855  5.23063  
2.4391  0.588307  10.8226  
2.40622  1.72537  2.17458  
0.401915  6.04893  4.73926  
7.31329  2.20766  4.02298  
1.71678  12.0781  0.0262959  
8.86044  1.45229  1.81547  
4.96154  4.48033  0.0601742  
9.39805  0.812465  1.18269  
0.932635  0.409833  3.12023  
3.93393  0.311777  8.07524  
0.175288  0.226694  2.34071  
0.351467  1.64705  0.924986  
4.70508  3.19288  0.268602  
0.155624  4.78403  4.40477  
0.531184  0.91486  0.0258204  
0.346427  9.67977  2.62023  
5.52205  7.22364  0.521259  
0.127617  3.63388  7.04491  
0.00215825  0.441803  1.20123  
0.616953  4.50401  1.56559  
2.19267  5.1569  4.36724  
0.787906  10.3441  0.168728  
0.135954  0.311475  1.0016  
12.2168  14.244  0.440081  
0.386438  4.28574  6.37237  
1.98163  0.180535  0.00147546  
10.4479  0.685997  3.35336  
0.124402  6.40291  7.00872  
0.55256  6.62623  5.09632  
0.0180948  6.7427  8.59433  
7.15556  1.84319  0.421564  
3.65767  3.72151  4.39416  
6.88997  3.59134  0.479533  
0.431649  0.563459  10.8095  
4.748  1.70584  1.53484  
7.09282  0.491112  3.67179  
0.198003  6.03531  6.01936  
13.7261  1.12598  1.60146  
3.08817  10.2232  0.301414  
5.68632  1.79509  6.04577  
0.857709  0.860138  11.5381  
4.31741  1.98942  2.61228  
5.42136  5.53301  1.80888  
0.171894  7.18011  5.20348  
0.405582  4.02973  8.58813  
1.5769  11.9706  1.20252  
10.9244  1.9583  1.3122  
4.06998  0.673421  5.21579  
0.665122  3.06238  8.73556  
1.14398  11.2806  1.59976  
3.22685  1.04474  7.73891  
1.65863  4.55212  4.55693  
3.69262  8.58753  1.26059  
0.770592  5.33687  5.14522  
2.28032  0.719414  9.56984  
4.30137  0.870377  4.71401  
2.47168  6.08413  4.0417  
11.2377  1.27893  3.15653  
0.733082  0.456137  0.632948  
0.790308  4.8398  8.05596  
0.277803  5.8353  7.92801  
5.30783  1.38882  3.56916  
3.71169  5.6815  4.18426  
0.193395  6.68428  11.8383  
0.9708  10.6582  2.08831  
11.2064  5.1022  1.22683  
6.75411  0.810357  7.36306  
2.33366  3.03168  6.83837  
7.52264  15.0245  0.719915  
3.56273  1.14829  0.591352  
7.23794  0.580496  0.227058  
1.00842  6.60653  0.593669  
0.0361137  4.16934  1.95445  
8.9876  0.00896452  0.515102  
0.411706  0.37397  4.73122  
3.0879  4.58882  0.0210057  
3.43446  0.837649  0.776775  
0.367762  7.43694  0.999138  
1.58638  0.00212195  6.03624  
9.39883  0.104832  0.169368  
1.08278  3.63873  0.47486  
0.0715943  2.3753  1.9909  
1.78152  5.07454  0.086193  
1.48974  0.0717402  4.32943  
0.0138674  5.75795  1.42027  
0.153231  0.372062  6.09301  
5.78824  0.0964414  0.388078  
1.27473  3.05836  0.361263  
1.01938  3.28893  0.158968  
3.06318  0.000232979  1.19171  
1.28538  0.00210772  3.79637  
3.98516  0.249885  0.135494  
5.65065  0.0117737  0.146817  
0.021995  0.122082  1.30671  
3.05993  0.00126442  1.3982  
0.190913  4.22127  0.942122  
0.412273  7.54857  0.0280785  
2.88661  0.00140366  1.29195  
0.392083  0.010469  3.24302  
3.02819  0.000732655  1.9852  
0.55244  9.57248  0.0292619  
4.1159  0.00103805  0.59999  
0.137412  3.89678  0.941161  
1.22597  0.836084  0.377083  
0.411515  10.4342  0.034103  
3.87596  0.00155108  0.49317  
4.85584  0.000818622  0.216732  
3.13492  0.00807705  1.65547  
0.41181  4.11163  0.0803146  
5.59492  0.000997974  0.0894164  
1.55253  1.33706  0.00627498  
1.33675  0.0661269  0.000382136  
0.412427  4.55146  0.0262198  
6.36344  0.0153882  0.0119002  
4.78665  0.000774921  0.897789  
1.07274  0.00276271  0.837069  
0.415945  0.920576  0.0276544  
0.000315493  0.0601528  1.05035  
1.53907  1.76433  0.40608  
2.7824  0.650188  0.775327  
0.135749  0.310271  0.941822  
3.06704  0.00833508  0.0548254  
0.0102859  2.79384  1.16052  
1.00431  0.000978575  1.5419  
4.20091  0.00255151  1.95588  
0.426351  4.33557  0.0255066  
5.14223  0.00109059  1.43882  
0.231581  0.698263  0.864053  
0.672827  0.456102  0.584017  
0.832358  0.00574995  2.23845  
0.00196204  1.409  2.58447  
2.37006  0.0183379  1.0679  
7.91303  0.021317  0.046051  
6.75713  0.000425935  1.19888  
4.38577  0.000643596  1.42441  
5.13196  0.00139119  0.985605  
0.586486  1.74142  0.970525  
2.64822  0.0160441  1.05439  
0.787569  4.1902  0.648949  
1.28807  1.40994  0.110757  
0.470495  2.16819  1.2212  
1.09287  0.00904582  3.79086  
3.71382  0.757256  0.115613  
2.01231  1.13709  0.526776  
4.39434  0.0116882  0.548565  
0.000903955  3.54143  3.35092  
4.41096  1.0453  0.0270776  
0.994694  2.66285  0.502547  
1.70454  0.00796449  3.0175  
4.16063  0.0011795  1.35089  
6.20694  0.28212  0.0757468  
6.24338  0.00357569  0.677474  
1.06382  3.30377  0.115771  
1.12433  2.31357  0.305413  
0.708202  2.45797  0.912997  
2.18188  0.0332342  1.90588  
3.35176  0.00267279  2.33713  
1.48253  0.00165853  4.13721  
2.40933  0.00757513  2.94878  
8.15862  0.00807032  0.231096  
0.148984  9.46189  1.14774  
0.801077  3.97323  0.800129  
3.30026  0.501373  1.01323  
4.76341  0.00334095  1.04287  
4.60142  0.00245335  1.25449  
0.765862  0.389009  1.46622  
3.23033  1.73525  0.0258363  
0.0615888  3.87851  1.16272  
4.32874  0.0101373  1.38507  
0.00255117  1.0818  1.00093  
0.626219  0.00175923  0.784101  
0.191734  8.32669e-06  1.0039  
0.122228  0.533966  0.99372  
0.13582  0.31051  0.941283  
0.968681  0.00377263  0.2585  
0.00143205  0.559887  1.00236  
0.774263  0.00485331  0.638163  
0.409327  1.80375  0.0781722  
0.411995  0.912244  0.0263802  
0.987047  0.118117  0.167355  
0.00376387  2.44887e-05  1.11995  
0.177339  0.000179756  0.985724  
0.672564  0.456031  0.583095  
0.478969  1.01915  0.0257125  
0.000206625  0.00218915  1.04971  
1.00146  0.0846633  0.000296493  
0.176278  0.59516  0.863546  
0.508709  0.00944148  0.863984  
0.913333  0.00322059  0.415815  
0.971655  0.128734  0.240609  
0.238215  0.0184018  0.972786  
0.101681  0.355587  0.995642  
0.925288  0.0630294  0.384508  
0.00689087  0.00858769  1.00122  
0.984377  0.00476134  0.189062  
0.790699  0.0224232  0.616922  
0.801759  0.00334817  0.604531  
1.0626  0.0114269  0.000332029  
0.993629  0.0035518  0.11515  
0.490314  0.00603424  0.873572  
0.887992  0.00328735  0.466842  
0.855635  0.0930521  0.520009  
0.412175  1.57847  0.0253625  
0.000380048  0.85893  1.00575  
0.538655  0.00850675  0.845252  
0.631129  0.0257178  0.779546  
0.468686  0.00447385  0.885216  
0.826799  0.00667008  0.568026  
1.00451  0.00140892  0.00284448  
1.09952  0.138648  0.000187204  
0.333313  0.000945947  0.945698  
0.642845  0.00912842  0.76815  
0.13537  1.29385  0.94396  
0.963517  0.00584683  0.27593  
0.198578  0.00880678  0.981095  
0.904855  0.0197749  0.437636  
0.709968  0.0628864  0.708817  
0.093391  0.0143392  0.996782  
0.0485759  0.00240942  0.999928  
0.659266  0.0490139  0.757367  
0.585614  0.0115851  0.814235  
0.56492  0.000305223  0.830504  
0.939649  0.00654595  0.345566  
0.666705  0.00681544  0.747329  
0.581807  0.0108514  0.817916  
0.895484  0.0032736  0.450689  
0.958913  0.012914  0.288852  
0.700665  0.00632162  0.717533  
0.68477  0.00175928  0.734205  
0.95355  0.0488721  0.306149  
0.409795  1.49948  0.0271147  
0.846051  0.002442  0.537797  
0.41932  0.0072135  0.913312  
0.99592  0.000430185  0.188704  
0.350252  0.000954065  0.939595  
0.834083  0.00654765  0.55802  
0.114689  0.0134992  0.994778  
1.11876  4.55115e-07  0.0320768  
0.599206  0.00684898  0.802401  
0.946986  0.0466134  0.326075  
0.915303  0.00279595  0.408362  
0.933292  0.00147251  0.367432  
0.76295  0.00159095  0.650291  
0.525067  0.00775296  0.853446  
0.793524  8.3405e-05  0.672772  
1.16254  1.25572e-05  0.002429  
0.613764  0.00275373  0.794071  
1.00053  0.0733919  0.0191177  
0.998524  0.0706257  0.0747617  
0.558604  0.0401267  0.83148  
0.815692  0.0406143  0.582904  
0.723056  0.0182141  0.695325  
0.270897  0.0179266  0.963985  
0.841675  0.151497  0.544842  
0.868068  0.0883724  0.499115  
0.736441  0.0046719  0.681394  
0.391265  0.00618982  0.923353  
0.454803  0.00604129  0.892282  
0.874622  0.0022823  0.488067  
0.0574465  0.377004  0.998984  
0.978853  0.0433326  0.213388  
0.371774  0.00183044  0.93183  
0.306167  0.0156397  0.9549  
0.879089  0.113619  0.47935  
0.00335219  0.00205459  1.00795  
0.409384  1.14473  0.0854163  
0.0766231  0.371935  0.997732  
0.751159  0.00697137  0.662207  
0.43292  0.00643396  0.904724  
0.602276  7.59461e-06  0.798289  
0.806635  6.71707e-06  0.591051  
0.587979  2.50472e-05  0.80888  
0.91419  1.2444e-05  0.405286  
0.94629  1.75293e-05  0.323323  
0.176269  0.531136  0.863417  
0.521819  2.60689e-05  0.853057  
0.284295  5.07879e-06  0.958738  
0.631103  6.95302e-06  0.7757  
0.657798  1.08033e-05  0.753198  
0.923982  2.23335e-05  0.382439  
0.667401  3.71779e-06  0.7447  
0.847318  7.617e-06  0.531088  
0.0738383  2.53329e-05  0.997272  
0.941491  1.38568e-05  0.337041  
0.543282  0.00238642  0.839551  
0.983582  1.91817e-05  0.180485  
0.936043  0.0111272  0.351889  
0.127305  1.27006e-05  0.991865  
0.776247  4.66829e-06  0.630431  
0.993926  9.71651e-06  0.110057  
0.348934  4.30979e-05  0.937148  
0.971372  2.31216e-06  0.237569  
0.580887  7.14663e-06  0.813985  
0.975506  9.222e-05  0.219977  
0.640168  2.05554e-05  0.768236  
0.411993  1.04853e-05  0.911188  
0.0348719  6.61611e-07  0.999396  
0.427309  2.99869e-05  0.904107  
0.998368  1.17741e-06  0.0571541  
0.919339  4.07922e-05  0.393468  
0.535049  2.1593e-05  0.844824  
0.41164  1.29821  0.0253565  
0.878775  7.43572e-06  0.477238  
0.829094  2.51362e-05  0.559112  
0.794473  5.1126e-05  0.607302  
0.704127  7.96234e-07  0.710077  
0.902521  2.9504e-05  0.430647  
0.257322  1.49292e-05  0.966328  
0.380458  3.74855e-06  0.9248  
0.896503  2.07155e-06  0.443043  
0.757869  3.06023e-06  0.652408  
0.0909843  1.1935e-05  0.995853  
0.836113  1.23406e-05  0.548558  
0.82335  1.12413e-05  0.567537  
0.198405  2.5772e-05  0.980121  
0.979438  7.03544e-06  0.201748  
0.692146  1.62286e-05  0.721759  
0.365039  1.36706e-05  0.930993  
0.228073  7.35525e-06  0.973645  
0.890262  2.29007e-05  0.455451  
0.169322  9.0993e-06  0.985562  
0.510987  8.52818e-05  0.85959  
0.571872  1.84169e-06  0.820349  
0.748546  3.06021e-06  0.663084  
0.884105  7.43491e-06  0.46729  
0.738048  6.08006e-06  0.674749  
1  3.33305e-05  2.00146e-07  
0.6222  3.12841e-06  0.782873  
0.785218  6.21152e-06  0.619221  
0.95112  5.44414e-06  0.308823  
0.715691  5.35726e-06  0.698419  
0.307578  4.19585e-06  0.951524  
0.853413  1.21594e-05  0.521237  
1.19518e-07  6.15638e-06  1.00001  
0.859083  3.74128e-05  0.511838  
0.64815  6.95449e-06  0.761514  
0.817214  1.11715e-05  0.576337  
0.102577  5.43554e-06  0.994725  
0.478928  1.69593e-05  0.877855  
0.966887  3.40581e-05  0.255212  
0.908701  1.473e-05  0.417449  
0.766927  1.39117e-06  0.641736  
0.460278  7.89252e-06  0.887776  
0.554875  3.65122e-05  0.831937  
0.672549  0.456036  0.583094  
0.176878  0.529592  0.863229  
0.990509  9.53689e-06  0.137448  
0.49539  1.58811e-05  0.868672  
0.865813  1.12546e-06  0.50037  
0.872557  8.51936e-06  0.488519  
0.987173  3.31155e-05  0.159658  
0.59215  1.58331e-05  0.805829  
0.930459  0.00237504  0.366397  
0.564452  1.23318e-05  0.825467  
0.114573  2.16811e-05  0.993416  
0.612264  8.90729e-06  0.790655  
0.135735  0.310282  0.941072  
0.996378  1.19838e-06  0.085047  
0.72695  1.31595e-06  0.686693  
0.443967  5.73735e-06  0.896045  
0.395676  0.00125203  0.918391  
0.955841  1.03325e-05  0.293886  
0.0568637  1.31198e-05  0.998383  
0.679856  6.73287e-06  0.733348  
0.33008  5.55326e-06  0.943955  
0.408819  0.969142  0.0284619  
0.961903  1.93315e-05  0.273393  
0.411918  0.911137  0.0255937  
0.841724  1.01809e-05  0.539909  
0.571962  1.89639e-07  0.82028  
0.411693  1.02874  0.0253181  
0.436804  2.04155e-07  0.899557  
0.7348  1.04238e-07  0.678284  
0.750069  3.86209e-08  0.66136  
0.13545  0.310282  0.941066  
0.90732  6.1792e-08  0.42044  
0.925072  1.08967e-07  0.379793  
0.425926  5.8486e-08  0.904758  
0.891087  1.57543e-07  0.453832  
0.795704  5.37472e-08  0.605685  
0.944643  1.0947e-08  0.328101  
0.452561  5.29616e-07  0.891733  
0.366801  7.61943e-08  0.930299  
0.70545  2.59909e-08  0.708759  
0.915535  5.03646e-08  0.402239  
0.976519  1.55676e-08  0.215433  
0.401046  3.23285e-07  0.916058  
0.317546  4.34335e-08  0.948243  
0.176389  0.53037  0.863255  
0.235615  6.81935e-08  0.971846  
0.80666  4.55487e-08  0.591016  
0.176201  0.65337  0.862997  
0.980408  1.02485e-07  0.196978  
0.716745  3.84591e-08  0.697335  
0.911676  1.03616e-05  0.41091  
0.98715  8.68623e-08  0.159798  
0.0413873  3.99725e-08  0.999143  
0.057524  4.12126e-08  0.998344  
0.29603  5.18951e-08  0.955179  
0.852445  3.57666e-08  0.522817  
0.822359  3.9709e-08  0.568969  
0.724629  1.55851e-08  0.689139  
0.949546  8.13997e-08  0.313629  
0.35031  1.21398e-07  0.936634  
0.934978  3.46429e-07  0.354706  
0.482911  5.08939e-08  0.875669  
0.411874  0.911151  0.0254656  
0.0771503  2.31845e-08  0.997019  
0.78522  8.44724e-08  0.619217  
0.87827  1.65127e-07  0.478165  
0.532371  2.06949e-08  0.846511  
0.828929  2.46317e-08  0.559354  
0.963622  1.87281e-07  0.267268  
5.86709e-09  2.16438e-07  1  
0.871424  7.47238e-08  0.490531  
0.681373  9.46152e-08  0.731937  
0.885077  8.71631e-08  0.465444  
0.865281  1.82496e-07  0.501286  
0.984004  6.53245e-07  0.178148  
0.415109  8.58329e-08  0.909772  
0.97245  3.67574e-07  0.23311  
0.763579  1.31047e-07  0.645714  
0.992916  1.66517e-08  0.118818  
0.837191  4.51755e-08  0.54691  
0.920215  2.48418e-08  0.391414  
0.968107  2.67857e-08  0.250538  
0.497227  9.06408e-08  0.86762  
0.52218  1.012e-07  0.852835  
0.954302  3.45015e-08  0.298845  
0.169337  7.08279e-08  0.985558  
0.643494  8.81111e-08  0.765451  
0.858813  3.21387e-07  0.51229  
0.627945  1.9492e-07  0.778258  
0.903257  6.56725e-08  0.4291  
0.845421  2.88058e-07  0.534101  
0.0893173  1.40262e-07  0.996003  
0.959157  2.7526e-07  0.282874  
0.383878  6.19443e-08  0.923384  
0.897195  6.67338e-08  0.441635  
0.126763  1.57015e-07  0.991933  
0.560446  1.08479e-07  0.828191  
0.408598  0.969497  0.0266517  
0.467961  5.42187e-08  0.883749  
0.203603  1.00231e-07  0.979054  
0.609344  1.57062e-07  0.792906  
0.59949  1.10503e-07  0.800382  
0.115891  7.6219e-08  0.993262  
0.589872  1.66735e-07  0.807497  
0.619256  4.44877e-08  0.785189  
0.693489  1.74956e-08  0.720467  
0.660839  3.41355e-07  0.750527  
0.58012  6.5158e-08  0.814531  
0.541656  6.45973e-08  0.8406  
0.267106  5.57392e-08  0.963667  
0.995473  5.74934e-08  0.0950496  
0.668496  3.64213e-08  0.743716  
0.672547  0.456036  0.583094  
0.774233  8.01798e-08  0.632901  
0.102558  1.57017e-07  0.994727  
0.512441  1.89173e-08  0.858722  
0.652448  1.05638e-07  0.757833  
0.636435  5.37612e-08  0.771331  
0.816975  1.08205e-08  0.576673  
0.551578  2.27928e-07  0.834123  
0.99776  1.92845e-08  0.0668935  
0.939873  3.45013e-08  0.341524  
1  1.25733e-07  3.91167e-09  
0.990177  2.30261e-07  0.139817  
0.930103  3.85311e-08  0.3673  
0.890628  1.14235e-09  0.454733  
0.467287  2.56303e-09  0.884106  
0.758401  5.78549e-07  0.651788  
0.932175  3.518e-09  0.362007  
0.913821  1.30149e-09  0.406117  
0.825061  1.15956e-09  0.565043  
0.739113  1.58207e-09  0.673581  
0.978179  1.32065e-09  0.207762  
0.901851  9.12881e-10  0.432047  
0.942121  1.37828e-09  0.335272  
0.0903318  1.72451e-09  0.995912  
0.313502  1.23225e-09  0.949587  
0.859766  8.58851e-10  0.510688  
0.4336  3.96112e-10  0.901105  
0.411971  0.911003  0.0254924  
0.53308  1.30666e-09  0.846065  
0.0534853  6.0768e-10  0.998569  
0.26038  8.28005e-10  0.965506  
1.38058e-11  2.48191e-09  1  
0.817654  9.08274e-10  0.575711  
0.947243  0.00149847  0.320515  
0.450711  1.94475e-09  0.89267  
0.641617  4.23217e-10  0.767025  
0.398826  7.46765e-10  0.917027  
0.998206  0.0157824  0.0598678  
0.407914  0.968806  0.027677  
0.562589  2.64919e-09  0.826737  
0.497601  1.58111e-09  0.867406  
0.99222  2.02282e-09  0.124496  
0.719139  6.16358e-08  0.694866  
0.705731  1.08345e-09  0.70848  
0.615908  1.04263e-06  0.787818  
0.672544  0.456028  0.583088  
0.950283  0.000318898  0.311386  
0.116889  7.22176e-10  0.993145  
1  1.19271e-09  1.84423e-11  
0.0353108  4.5859e-09  0.999376  
0.7877  9.43862e-10  0.616059  
0.379349  5.16706e-10  0.925254  
0.553182  1.50807e-10  0.83306  
0.97117  0.000635976  0.238388  
0.650681  5.43193e-09  0.759351  
0.188564  0.474879  0.863765  
0.658686  8.59645e-10  0.752418  
0.988592  1.29686e-08  0.15062  
0.980141  5.45704e-10  0.1983  
0.359956  6.33624e-10  0.932969  
0.287325  3.53922e-07  0.957833  
0.807667  3.14402e-05  0.589639  
0.161617  6.0312e-09  0.986854  
0.871778  1.14608e-09  0.489901  
0.512267  6.36937e-10  0.858826  
0.74854  5.42359e-10  0.66309  
0.523189  5.40325e-10  0.852217  
0.543262  1.2857e-09  0.839563  
0.995364  1.5648e-09  0.0961778  
0.920136  9.1455e-10  0.391598  
0.0668979  3.91994e-09  0.99776  
0.571701  6.23427e-10  0.820462  
0.177195  0.499171  0.862888  
0.196631  2.56338e-09  0.980478  
0.418052  1.02035e-09  0.908423  
0.101669  4.34828e-08  0.994818  
0.975267  1.03692e-09  0.221028  
0.866144  1.62517e-08  0.499794  
0.624577  4.54744e-09  0.780963  
0.854162  4.38896e-10  0.520008  
0.908146  1.44166e-09  0.418653  
0.411682  1.02236  0.025312  
0.966925  1.65159e-09  0.255061  
0.581271  4.69482e-10  0.81371  
0.954403  2.13858e-10  0.298523  
0.879335  1.31777e-09  0.476203  
0.135443  0.310282  0.941066  
0.959234  1.36964e-09  0.282613  
0.339991  5.7767e-10  0.940429  
0.884547  3.41756e-09  0.466452  
0.776711  1.20178e-09  0.629857  
0.603895  6.65254e-09  0.797064  
0.798845  7.18893e-10  0.601537  
0.131332  2.11282e-09  0.991338  
0.594089  1.84178e-09  0.804399  
0.483923  8.23226e-10  0.87511  
0.232143  1.47498e-09  0.972682  
0.938218  1.57148e-09  0.346045  
0.838999  5.75262e-10  0.544132  
0.926131  0.00346307  0.377202  
0.984665  1.47326e-09  0.174457  
0.846277  3.28213e-09  0.532744  
0.408063  0.920173  0.0263989  
0.832009  2.05673e-09  0.554761  
0.176066  0.53166  0.863249  
0.691718  6.92245e-10  0.722168  
0.896037  3.35576e-09  0.443979  
0.63308  5.55987e-10  0.774087  
0.729836  9.15832e-06  0.683623  
0.680053  5.86671e-09  0.733163  
0.667664  2.22779e-10  0.744463  
0.963354  1.51818e-09  0.268235  
0.768316  3.1441e-05  0.640071  
0.657108  1.21162e-10  0.753796  
0.832966  1.37289e-11  0.553325  
0.573589  2.75782e-11  0.819143  
0.771161  3.1563e-11  0.63664  
0.709637  3.67758e-11  0.704568  
0.865058  3.75866e-11  0.501671  
0.10057  1.32615e-09  0.99493  
0.562245  9.16244e-07  0.826971  
0.254674  5.11755e-11  0.967027  
0.949122  9.77598e-11  0.314907  
0.918288  2.3796e-11  0.395912  
0.0873267  2.79134e-11  0.99618  
0.72079  1.15437e-11  0.693154  
0.584242  2.19801e-11  0.811579  
0.698038  1.91545e-10  0.716061  
0.742388  3.67041e-11  0.66997  
0.898744  5.12899e-11  0.438473  
0.330095  6.81391e-12  0.943948  
0.958929  9.42259e-06  0.283646  
0.593011  3.39071e-11  0.805194  
0.0391009  4.12121e-11  0.999235  
0.820546  8.97424e-11  0.57158  
0.973253  7.36674e-11  0.229736  
0.672541  0.456018  0.583073  
0.622169  3.42207e-11  0.782883  
0.908945  2.56517e-11  0.416916  
0.666051  2.37229e-11  0.745906  
0.0729455  6.45986e-11  0.997336  
0.731855  3.44106e-11  0.68146  
0.510699  4.15104e-11  0.85976  
0.99151  1.55108e-11  0.130028  
0.135433  0.310282  0.941053  
0.752423  3.94712e-12  0.65868  
0.995795  1.1786e-11  0.0916123  
0.788667  6.54487e-11  0.614821  
0.87276  4.58717e-11  0.48815  
0.779625  2.70205e-11  0.626246  
0.687077  1.6807e-11  0.726584  
0.161038  2.58557e-11  0.986948  
0.639656  6.33821e-11  0.768662  
0.675238  2.99905e-10  0.7376  
0.532023  2.43879e-11  0.84673  
0.417878  3.96414e-12  0.908503  
0.953541  2.98744e-10  0.301262  
0.630945  8.19685e-12  0.775827  
0.603582  1.11583e-11  0.797301  
0.308182  3.18415e-11  0.951327  
0.984478  4.45281e-12  0.175508  
0.928846  1.29652e-11  0.370466  
0.762413  2.50744e-11  0.647091  
0.648591  1.09515e-11  0.761137  
0.987905  1.06941e-10  0.155063  
0.113014  2.49953e-11  0.993593  
0.851636  2.18929e-11  0.524134  
0.9234  2.28775e-11  0.38384  
0.195036  1.44918e-11  0.980796  
0.857802  4.10297e-11  0.513981  
0.886064  1.2168e-11  0.463562  
0.432604  2.25626e-09  0.901584  
0.939333  7.31444e-11  0.343007  
0.998135  1.61625e-10  0.0610497  
0.370313  2.22863e-11  0.928907  
0.82672  2.21104e-10  0.562614  
0.521796  6.26848e-11  0.85307  
0.55253  3.40315e-10  0.833493  
0.61328  4.83289e-11  0.789866  
0.176151  0.476472  0.862808  
0.968503  1.29906e-11  0.249002  
0.796204  5.83704e-11  0.605028  
1  4.07698e-11  9.52083e-13  
9.17624e-13  1.61616e-11  1  
0.447174  8.39689e-12  0.894447  
0.22543  1.44918e-11  0.974259  
0.0297988  4.12121e-11  0.999556  
0.386975  2.62161e-11  0.92209  
0.287508  1.16541e-10  0.957778  
0.479192  9.01262e-12  0.87771  
0.805951  7.68465e-11  0.591983  
0.914651  1.56854e-11  0.404245  
0.981125  1.2637e-11  0.193374  
0.411965  0.910983  0.0253476  
0.46324  1.66136e-11  0.886233  
0.977104  9.4226e-06  0.212761  
0.944476  2.86552e-11  0.32858  
0.0569648  1.26033e-11  0.998376  
0.879299  4.08557e-11  0.47627  
0.40263  2.42444e-11  0.915363  
0.492162  8.14358e-11  0.870504  
0.124971  2.2072e-11  0.99216  
0.839466  3.22856e-11  0.543412  
0.90375  1.30652e-11  0.42806  
0.351727  8.06856e-11  0.936103  
0.542009  1.417e-11  0.840373  
0.934238  6.58176e-11  0.35665  
0.963566  4.3587e-11  0.26747  
0.845929  1.56898e-11  0.533296  
0.40748  0.915526  0.0260199  
0.892516  1.7709e-11  0.451016  
0.411646  1.02093  0.0252912  
0.814611  3.56431e-11  0.580008  
0.465459  3.16231e-12  0.885069  
0.672538  0.456018  0.583039  
0.398412  6.53675e-13  0.917207  
0.993097  4.5792e-12  0.117294  
0.747161  4.89571e-10  0.664643  
0.0737444  7.70766e-13  0.997277  
0.938477  1.73165e-08  0.345342  
0.51168  5.56172e-13  0.859176  
0.881206  1.3505e-12  0.472732  
0.0949955  2.46901e-12  0.995478  
0.911661  1.11765e-12  0.410942  
0.984297  1.18473e-13  0.176518  
0.548978  1.14047e-12  0.835837  
0.870382  1.3505e-12  0.492378  
0.618924  1.9627e-12  0.785451  
0.714362  1.84667e-12  0.699776  
0.303474  2.77556e-13  0.95284  
0.896963  4.67387e-11  0.442106  
0.583474  1.86029e-12  0.812132  
0.498707  4.18194e-12  0.866771  
0.53924  9.14824e-13  0.842152  
0.159673  3.14884e-13  0.98717  
0.798966  1.12776e-12  0.601376  
0.778079  1.52471e-13  0.628166  
0.963376  1.18811e-12  0.268155  
0.523448  2.37834e-13  0.852058  
0.570304  3.00429e-12  0.821434  
0.76719  7.44232e-12  0.64142  
0.191008  3.20424e-10  0.981588  
2.52263e-14  4.87659e-13  1  
0.864844  3.03134e-09  0.502041  
0.0559485  2.64746e-12  0.998434  
0.221273  1.27682e-10  0.975212  
0.349718  1.75243e-13  0.936855  
0.563146  3.00429e-12  0.826357  
0.917126  2.65025e-12  0.398597  
0.411946  0.910983  0.0253184  
0.113218  6.8448e-12  0.99357  
0.953305  4.64982e-08  0.302009  
0.639377  8.08242e-14  0.768893  
0.79  3.54683e-09  0.613107  
0.41619  7.21201e-13  0.909278  
0.990689  3.04621e-13  0.136146  
0.135433  0.310282  0.941053  
0.805773  4.16082e-11  0.592225  
0.933007  1.53408e-13  0.359858  
0.666479  3.69768e-12  0.745524  
0.987917  3.67343e-12  0.154983  
0.875745  1.0048e-11  0.482775  
0.901195  4.67387e-11  0.433414  
0.838818  1.26985e-13  0.544412  
0.407041  1.02245  0.0349602  
0.124831  3.35427e-11  0.992178  
0.383671  5.63115e-09  0.92347  
0.450151  6.94654e-13  0.892952  
0.327355  3.48215e-13  0.944901  
0.611019  2.03442e-13  0.791616  
0.893689  3.50979e-13  0.448687  
0.967862  2.43336e-13  0.251484  
0.852043  2.42103e-13  0.523471  
0.176108  0.474618  0.8628  
0.906231  1.16227e-11  0.422782  
0.858708  1.07536e-12  0.512465  
0.727484  1.6682e-12  0.686124  
0.736708  8.76518e-09  0.676211  
0.948767  9.36782e-14  0.315978  
0.248323  2.83563e-12  0.968677  
0.554471  3.37528e-12  0.832203  
0.657129  4.53641e-08  0.753778  
0.998183  2.19232e-13  0.0602599  
0.980359  2.00963e-12  0.197219  
0.64831  2.43249e-09  0.761376  
0.959  4.64982e-08  0.283405  
0.482636  2.50047e-13  0.875821  
0.678963  4.10388e-13  0.734172  
0.62576  1.45089e-12  0.780015  
0.927723  8.80037e-14  0.373269  
0.601606  9.91997e-13  0.798793  
0.592412  8.05553e-13  0.805635  
0.688585  4.10511e-13  0.725156  
1  5.33721e-13  1.33893e-14  
0.365727  1.19781e-13  0.930722  
0.975934  9.14848e-13  0.218064  
0.972327  3.27671e-12  0.233624  
0.699606  1.05841e-13  0.714529  
0.824569  1.13712e-13  0.565761  
0.756294  8.99671e-10  0.654231  
0.633113  4.80029e-05  0.77406  
0.0384515  1.29637e-12  0.99926  
0.434937  2.55267e-09  0.900461  
0.845747  2.61643e-13  0.533585  
0.943601  4.73276e-13  0.331086  
0.995591  1.73195e-13  0.0937971  
0.888687  2.82668e-12  0.458515  
0.922568  1.55111e-13  0.385835  
0.532995  1.10379e-09  0.846118  
0.817185  2.42103e-13  0.576375  
0.277194  1.634e-13  0.960814  
0.831925  1.38605e-13  0.554887  
0.407459  0.913253  0.0257252  
