0.94394  0.569599  
1.062  0.385653  
1.00709  0.540467  
0.547896  1.07913  
0.771244  0.819777  
0.99773  0.550017  
0.993943  0.499017  
0.315114  1.14459  
0.73157  0.879265  
0.739263  0.815229  
0.514729  1.05121  
0.627829  0.915671  
0.411054  1.10169  
1.11846  0.307178  
0.568305  1.00573  
1.06201  0.374894  
0.188019  1.17127  
0.751325  0.860561  
0.190808  1.15864  
0.443254  1.13108  
0.877919  0.62976  
0.628969  0.963692  
1.00798  0.421302  
0.877216  0.592152  
0.680784  0.889989  
0.365621  1.12893  
0.718568  0.842112  
0.79023  0.795641  
0.315899  1.18338  
1.02304  0.453127  
0.473114  1.07166  
0.681845  0.842252  
0.830861  0.778296  
0.786054  0.760179  
0.448209  1.0807  
1.05053  0.321298  
0.656263  0.945097  
0.41952  1.10252  
0.703563  0.846885  
1.05725  0.373843  
0.581237  1.03729  
0.649972  0.933023  
0.235627  1.16442  
0.240391  1.17675  
0.869379  0.70287  
1.1191  0.27226  
0.247862  1.16531  
0.418493  1.13475  
0.856406  0.657349  
0.313474  1.12872  
0.809449  0.812257  
0.20983  1.17923  
0.938829  0.689233  
0.528626  1.04731  
0.6257  0.963004  
1.0032  0.458288  
0.490896  1.08061  
1.1732  0.203603  
0.378853  1.13088  
0.281863  1.11753  
0.544627  1.01691  
0.214446  1.17135  
0.411206  1.03679  
0.847974  0.685129  
0.41764  1.12825  
0.693102  0.898654  
0.926667  0.52397  
0.874885  0.71182  
1.12685  0.325516  
0.358636  1.13574  
0.448504  1.03593  
0.907962  0.642555  
0.395974  1.09145  
0.520983  1.05838  
0.472165  1.08903  
1.0088  0.470277  
0.880435  0.573215  
0.153907  1.15301  
0.955436  0.584139  
0.365202  1.11513  
0.631011  0.932593  
0.255202  1.1639  
0.620794  0.917957  
0.312151  1.17842  
0.969413  0.599853  
0.881955  0.672923  
0.764396  0.797299  
0.60332  0.943625  
1.04002  0.473954  
0.59541  1.00891  
0.5838  0.995044  
0.915124  0.60208  
0.504983  1.06765  
0.412699  1.12525  
1.08274  0.30895  
1.07566  0.331536  
0.866098  0.76051  
1.01745  0.46766  
0.867084  0.709267  
0.96058  0.494875  
0.906669  0.326849  
0.537895  0.791219  
0.848495  0.396807  
0.464357  0.874264  
0.800004  0.482257  
0.618542  0.73332  
0.491918  0.831713  
0.305861  0.970789  
0.653523  0.67085  
0.950226  0.229212  
0.409437  0.906189  
0.743648  0.551188  
0.975634  0.174263  
0.568026  0.760138  
0.912027  0.300748  
0.817656  0.427935  
0.691892  0.595841  
0.0605549  1.02797  
0.338007  0.949557  
0.853118  0.38256  
0.481247  0.840497  
0.981435  0.137476  
0.436302  0.873307  
0.248231  0.991037  
0.854462  0.356884  
0.960095  0.184008  
0.887057  0.298642  
0.590894  0.723716  
0.893255  0.295967  
0.922068  0.221417  
0.222048  0.998897  
0.472796  0.838039  
0.73453  0.532581  
0.274378  0.975611  
0.37719  0.923091  
1.01723  0.0999639  
0.446801  0.860522  
0.846097  0.373798  
0.788015  0.467566  
0.517643  0.78934  
0.214133  1.00814  
0.488641  0.81109  
0.302683  0.955787  
0.353385  0.915532  
0.866203  0.330144  
0.565744  0.737497  
0.432805  0.883849  
0.960905  0.174618  
0.0825541  1.0264  
0.894678  0.278408  
0.560523  0.764065  
0.691259  0.571481  
1.02844  0.0381787  
0.76276  0.499729  
0.745963  0.514712  
1.02194  0.027895  
1.0666  0.0288499  
0.645789  0.656046  
0.92482  0.214368  
0.608488  0.696908  
0.0238738  1.02703  
0.250191  0.987512  
0.992828  0.0909657  
0.671933  0.617336  
0.761078  0.503666  
0.41087  0.881848  
0.63037  0.675199  
0.809243  0.41652  
0.349188  0.93197  
0.98862  0.13266  
0.315428  0.942606  
0.966901  0.15338  
0.587716  0.745127  
0.404081  0.893836  
0.527506  0.785734  
1.01416  0.0733225  
0.677869  0.6072  
0.729339  0.560431  
0.841126  0.389239  
0.802663  0.45025  
0.510626  0.800164  
0.52224  0.794806  
0.582174  0.729454  
0.604711  0.71638  
0.459425  0.858739  
0.884492  0.322418  
0.623801  0.694612  
0.78682  0.487228  
0.576285  0.73525  
0.481747  0.836207  
0.0314718  1.03256  
0.703857  0.578961  
0.87714  0.343416  
0.805034  0.451647  
0.964596  0.20068  
0.640099  0.67856  
0.278868  0.979673  
0.930897  0.25655  
0.993857  0.116419  
0.758515  0.518144  
0.728368  0.555208  
0.250602  0.978915  
0.786384  0.471772  
0.0558489  1.02419  
0.988598  0.132443  
0.920492  0.245535  
0.634843  0.669234  
0.375888  0.922915  
0.84824  0.370137  
0.214518  0.999047  
0.564498  0.750551  
0.753785  0.515976  
0.446724  0.860522  
0.96367  0.170227  
0.0238748  1.05389  
0.615411  0.701738  
1.08328  0.0278788  
0.813068  0.423566  
0.303522  0.956679  
0.894657  0.278121  
1.01013  0.0663152  
0.844447  0.360643  
0.976793  0.137229  
0.65818  0.63686  
0.614204  0.688515  
0.960896  0.168698  
0.762924  0.494217  
0.948778  0.189743  
0.802531  0.450175  
0.728018  0.539689  
1.02182  0.0276659  
0.879114  0.307668  
0.565584  0.736678  
0.547049  0.765652  
0.507356  0.788828  
0.866203  0.330103  
0.78441  0.462994  
0.487397  0.810787  
0.691244  0.57095  
0.834058  0.402343  
0.655651  0.650101  
0.723879  0.562127  
0.671923  0.617336  
0.74584  0.514679  
0.982551  0.113885  
0.837693  0.37916  
0.410854  0.881636  
0.0454448  1.02406  
0.562494  0.745286  
0.0238738  1.02696  
0.809221  0.416156  
0.353295  0.915431  
0.847215  0.352571  
0.403812  0.900793  
0.472405  0.838037  
0.585731  0.709483  
1.0222  0.0266219  
0.444519  0.85817  
0.892625  0.273708  
0.246827  0.976644  
0.21125  0.992713  
0.398158  0.910179  
0.992615  0.0907519  
0.314904  0.942427  
0.541265  0.768661  
0.29238  0.970279  
0.633279  0.660218  
0.92482  0.214349  
0.966901  0.153265  
0.43036  0.872226  
0.919433  0.222833  
0.757244  0.503927  
0.866413  0.336946  
0.302448  0.955584  
0.403865  0.888236  
0.691949  0.587298  
0.55785  0.745951  
0.774637  0.478067  
0.804687  0.433217  
0.478897  0.827143  
0.607963  0.696389  
0.733791  0.5335  
0.886531  0.298603  
0.891424  0.290217  
0.645789  0.655771  
0.0311124  1.03244  
0.527112  0.785575  
0.34895  0.931884  
0.630149  0.67536  
0.243616  0.980619  
0.581876  0.729337  
0.670482  0.620713  
0.274449  0.975432  
0.959779  0.172094  
0.572721  0.735033  
0.44051  0.871143  
0.510625  0.795257  
0.959735  0.184019  
1.02554  0.0371937  
0.491296  0.811454  
0.859917  0.341407  
0.415997  0.875396  
0.69118  0.570875  
0.0231975  1.0273  
1.02182  0.0276422  
0.992553  0.0906822  
0.033696  1.02378  
0.836308  0.386107  
0.979665  0.132222  
0.804696  0.429092  
0.573256  0.734866  
0.430162  0.872226  
0.733791  0.533495  
0.463602  0.850067  
0.274448  0.975432  
0.773349  0.489715  
0.652268  0.63945  
0.627947  0.675748  
0.465719  0.841912  
0.799722  0.440206  
0.757249  0.500697  
0.605718  0.69452  
0.314904  0.942236  
1.00923  0.0685893  
0.830208  0.390402  
0.562446  0.739368  
0.875653  0.314042  
0.992574  0.0874924  
0.79237  0.450257  
0.993939  0.0834844  
0.924812  0.214222  
0.444519  0.858157  
0.0338911  1.0222  
0.353295  0.915371  
0.398123  0.896543  
0.66606  0.618525  
0.541643  0.76213  
0.955014  0.168684  
0.504926  0.789848  
0.20581  0.990318  
0.847215  0.352495  
0.658559  0.637593  
0.982551  0.113751  
0.485735  0.807783  
0.632866  0.666813  
0.557832  0.745791  
0.690687  0.569739  
0.243203  0.976637  
0.289238  0.953614  
1.01708  0.0264102  
0.021702  1.02701  
0.585637  0.709473  
0.0204652  1.04329  
0.409901  0.882498  
0.809205  0.416099  
0.801755  0.431442  
0.778382  0.472127  
0.413226  0.875367  
0.645789  0.655694  
0.735851  0.519805  
0.534194  0.771904  
0.633279  0.660196  
0.892572  0.273449  
0.66213  0.631647  
0.919325  0.222692  
0.753794  0.507419  
0.945041  0.186301  
0.348908  0.931871  
0.97482  0.134667  
0.680051  0.607504  
0.727532  0.539314  
0.861578  0.336081  
0.887882  0.284681  
0.627949  0.670152  
0.966889  0.153112  
0.403772  0.888215  
0.837443  0.378959  
0.764226  0.493333  
0.507356  0.788767  
0.478825  0.826982  
1.0168  0.0347101  
0.78698  0.462588  
0.614104  0.688469  
0.721117  0.557187  
0.565575  0.736368  
0.392859  0.900424  
0.745831  0.514637  
0.866203  0.329962  
0.856628  0.341019  
0.879114  0.307592  
0.844391  0.359724  
1.00073  0.0771308  
0.581876  0.729274  
0.435394  0.869632  
0.950408  0.182253  
0.647988  0.649627  
0.4724  0.838027  
0.670482  0.615253  
0.527079  0.785558  
0.410855  0.878963  
0.887882  0.284646  
0.866203  0.32995  
0.804696  0.429092  
1.01669  0.034304  
0.435179  0.865257  
0.289237  0.953571  
0.761166  0.49634  
0.562446  0.739338  
0.733791  0.533471  
0.652268  0.63925  
0.348908  0.931817  
0.662972  0.628188  
0.5729  0.734866  
0.786966  0.462558  
0.955014  0.168653  
0.753696  0.506693  
0.0236315  1.02243  
0.844338  0.355491  
0.39281  0.898894  
0.627927  0.669593  
0.97808  0.130257  
0.950356  0.182177  
0.944732  0.18604  
0.809205  0.416099  
0.289881  0.952495  
0.764019  0.490715  
0.87603  0.312608  
0.727532  0.539314  
0.605718  0.694359  
0.0337024  1.02109  
0.881938  0.302022  
0.205752  0.990251  
0.815941  0.409182  
0.564015  0.736461  
0.504917  0.788721  
1.0486  0.0223913  
0.993703  0.0791328  
0.62545  0.673166  
0.778846  0.468575  
0.314904  0.942233  
0.665791  0.614332  
0.0199227  1.02818  
0.892572  0.273438  
0.837728  0.361654  
0.353262  0.913692  
0.485732  0.807783  
0.858382  0.334573  
0.176011  0.998698  
0.69015  0.568918  
0.982551  0.113751  
0.656038  0.632884  
0.540422  0.760997  
0.74116  0.510963  
0.462712  0.839857  
0.924812  0.21418  
0.457462  0.847162  
0.585612  0.709473  
0.260076  0.966602  
0.0215121  1.02413  
0.633328  0.657843  
0.888038  0.281243  
0.79938  0.430293  
0.956129  0.165934  
0.83435  0.378879  
0.409909  0.875132  
1.01689  0.0263755  
0.444519  0.858157  
0.647449  0.642071  
0.483496  0.814614  
0.379934  0.904251  
0.919309  0.222678  
0.97482  0.134667  
0.243078  0.976637  
0.829195  0.39162  
0.789351  0.454589  
0.437763  0.86313  
1.00574  0.0675313  
0.735603  0.51979  
0.867189  0.322383  
0.478822  0.826954  
0.396227  0.896594  
0.534194  0.771904  
0.340926  0.934832  
0.84717  0.352487  
0.553626  0.755435  
0.966847  0.153112  
0.430046  0.868418  
0.581872  0.729184  
0.557832  0.745787  
0.757229  0.499531  
0.679515  0.607504  
0.767538  0.484579  
0.614095  0.688469  
0.403772  0.888215  
0.992534  0.0832685  
0.72176  0.555802  
1.00009  0.0747308  
0.774587  0.478111  
0.465758  0.838027  
0.527061  0.785558  
0.656058  0.630118  
0.919309  0.222678  
0.720638  0.55825  
0.0187064  1.03159  
0.409909  0.875095  
0.625124  0.670572  
0.77883  0.467153  
0.966806  0.153112  
0.0218176  1.02135  
0.504916  0.788703  
0.735564  0.51979  
0.809205  0.416099  
0.847023  0.352487  
0.955007  0.168611  
0.444533  0.858134  
0.647449  0.642071  
0.92479  0.214173  
0.682414  0.585532  
0.725797  0.537032  
0.397935  0.895609  
0.837612  0.361843  
0.789351  0.454589  
0.585612  0.709473  
0.753696  0.506686  
0.867189  0.32225  
0.982548  0.11375  
0.834315  0.373434  
0.825035  0.400494  
0.815941  0.406652  
0.289209  0.952407  
0.614006  0.688469  
0.553358  0.755552  
0.451421  0.851704  
0.633279  0.657582  
0.78519  0.463174  
0.844338  0.355488  
0.74116  0.510949  
0.762026  0.492891  
0.37941  0.904251  
0.175789  0.998226  
0.959713  0.16292  
0.950455  0.182082  
1.01666  0.0244204  
0.314904  0.942228  
0.690136  0.568918  
0.993703  0.0790295  
0.881938  0.302022  
0.892572  0.273401  
0.459693  0.840587  
0.771642  0.479431  
0.151761  1.01408  
0.243078  0.976637  
1.03396  0.022197  
0.467965  0.835105  
0.956128  0.165761  
0.665735  0.614327  
1.00004  0.0747145  
0.527061  0.785558  
0.532069  0.772409  
0.0336558  1.02095  
0.605718  0.694321  
0.353262  0.913692  
0.992534  0.0832685  
0.88788  0.281022  
0.830846  0.388788  
0.757229  0.499442  
0.456423  0.847665  
0.481354  0.809234  
0.97482  0.134667  
0.914542  0.269851  
0.878294  0.306464  
0.581845  0.729143  
0.828542  0.392688  
0.478822  0.826923  
0.564008  0.736373  
0.482713  0.807771  
0.79938  0.430271  
0.72422  0.551453  
0.557832  0.745787  
0.67928  0.607507  
1.00557  0.0675314  
0.429992  0.868418  
0.978442  0.129587  
0.796442  0.446039  
0.340831  0.928224  
0.793414  0.450912  
0.87629  0.311378  
0.942266  0.193919  
0.57295  0.734809  
0.767306  0.484623  
0.652268  0.638514  
0.540401  0.760995  
0.403772  0.888215  
0.260076  0.966312  
0.858429  0.334378  
0.437752  0.863006  
0.389453  0.898956  
0.535876  0.770001  
0.205643  0.990251  
0.944732  0.18604  
1.00963  0.0606645  
0.858429  0.334378  
0.950436  0.182082  
0.205631  0.990145  
0.912638  0.259288  
1.00557  0.0675314  
0.87802  0.306291  
0.478779  0.82688  
0.993703  0.079026  
0.403748  0.888215  
0.564008  0.736373  
0.799378  0.430271  
0.340824  0.928224  
0.243025  0.976637  
0.92479  0.214159  
0.992534  0.0832403  
0.844338  0.355392  
0.978664  0.128874  
0.690125  0.568918  
0.757229  0.499438  
0.532019  0.772166  
0.919309  0.222678  
0.77322  0.476952  
0.787029  0.458178  
0.44457  0.85808  
0.682069  0.58523  
0.881938  0.302  
0.399395  0.891138  
0.753696  0.506686  
0.837612  0.361786  
0.504916  0.788703  
0.834315  0.370087  
0.314905  0.942215  
0.982548  0.113735  
0.909454  0.262538  
0.725921  0.536761  
0.151602  1.01402  
0.379382  0.90234  
0.450661  0.851581  
0.944729  0.18604  
0.647449  0.641631  
0.553358  0.755476  
0.429961  0.867544  
0.175774  0.998207  
0.767257  0.484623  
1.01664  0.0243878  
0.481277  0.809241  
0.959713  0.162621  
0.625124  0.670477  
0.633279  0.657582  
0.437593  0.862984  
0.887868  0.280979  
0.942266  0.193546  
0.389453  0.898877  
0.581845  0.729143  
0.955007  0.168611  
0.0175436  1.03153  
0.673447  0.60697  
0.557832  0.745787  
0.668316  0.611336  
0.0343711  1.02092  
0.791073  0.452082  
0.260076  0.966175  
1.00004  0.0747145  
0.641927  0.649945  
0.966806  0.153112  
0.892569  0.273401  
0.528876  0.776149  
0.459378  0.840462  
0.467827  0.835002  
0.64397  0.646423  
0.614006  0.68841  
0.289209  0.952407  
0.847023  0.352468  
0.605718  0.694321  
0.585612  0.709473  
0.90432  0.268418  
0.809205  0.416054  
0.595159  0.700786  
0.718217  0.560373  
0.827534  0.388785  
0.822279  0.393421  
0.021781  1.02129  
0.77881  0.464052  
1.03373  0.0221256  
0.665735  0.614327  
0.974798  0.134667  
0.72193  0.553021  
0.74113  0.510949  
0.795496  0.446216  
0.815805  0.406676  
0.65597  0.629957  
0.735527  0.51979  
0.482699  0.807771  
0.409909  0.875095  
0.867189  0.322229  
0.353259  0.913692  
0.540401  0.760938  
0.874794  0.312391  
0.761584  0.492168  
0.72193  0.553021  
0.260113  0.966137  
0.861589  0.331208  
0.912638  0.259288  
0.610401  0.688482  
0.77881  0.464052  
1.03372  0.020916  
0.809205  0.41605  
0.837612  0.361771  
0.878104  0.303104  
0.243025  0.976637  
0.919282  0.222678  
0.340824  0.928224  
0.564008  0.736366  
0.761584  0.492141  
1.01025  0.0568811  
0.289209  0.952376  
0.944715  0.18604  
0.527408  0.77894  
0.815805  0.406676  
0.540401  0.760938  
0.73552  0.51979  
0.92479  0.214152  
0.482675  0.807772  
0.874752  0.312391  
0.90432  0.268418  
0.799359  0.430271  
0.847023  0.352468  
0.389368  0.898844  
0.681953  0.585229  
0.647449  0.641576  
0.665735  0.614327  
0.767236  0.482916  
0.757229  0.499438  
0.787953  0.454299  
0.993703  0.0790116  
0.955007  0.168599  
0.668141  0.611332  
0.148008  1.0109  
0.605718  0.694321  
0.773203  0.476724  
0.673137  0.606671  
0.0217711  1.02129  
0.718217  0.558013  
0.625124  0.670477  
0.982545  0.113683  
0.481236  0.809202  
0.892569  0.27339  
0.966806  0.153112  
0.942253  0.193473  
0.65597  0.629943  
0.314905  0.942213  
0.532019  0.772166  
0.504916  0.788666  
0.887868  0.280979  
0.725849  0.536762  
0.978664  0.128874  
0.633279  0.657563  
0.429961  0.867544  
0.437576  0.862984  
0.791123  0.446248  
0.858429  0.334378  
0.959713  0.162616  
0.581845  0.729143  
0.741068  0.510949  
0.844338  0.355392  
1.00411  0.0676313  
0.409909  0.875095  
1.01664  0.0243847  
0.44457  0.858076  
0.0338255  1.02091  
0.867189  0.322198  
0.205629  0.990091  
0.909062  0.262955  
0.46775  0.835002  
0.885407  0.29663  
0.553358  0.755476  
0.585612  0.709473  
0.39913  0.891293  
0.450661  0.851581  
0.822178  0.39313  
0.950436  0.182082  
0.753696  0.506613  
0.478723  0.82684  
1.00004  0.0747145  
0.641911  0.647668  
0.992528  0.0832516  
0.690062  0.568918  
0.834315  0.369724  
0.175758  0.998162  
0.786844  0.456846  
0.595159  0.700509  
0.353259  0.913676  
0.827534  0.388785  
0.379382  0.90234  
0.459378  0.840426  
0.403748  0.888215  
0.0175082  1.03152  
0.974798  0.134667  
0.557832  0.745785  
0.525116  0.776411  
0.884711  0.297001  
0.595159  0.70046  
0.162718  1.00731  
0.243025  0.976637  
0.791031  0.445929  
0.478713  0.82684  
0.532019  0.77211  
0.90432  0.268401  
0.690001  0.568918  
1.00372  0.0675646  
0.942253  0.193459  
0.205629  0.990064  
0.350412  0.915277  
0.672999  0.606612  
1.01663  0.02437  
0.581845  0.729143  
0.148008  1.01083  
0.761584  0.492141  
0.610401  0.688396  
0.35326  0.913675  
0.554621  0.754242  
0.959713  0.162616  
0.564008  0.736339  
0.641911  0.64753  
0.919282  0.222678  
0.955007  0.168599  
0.625124  0.670459  
0.77881  0.463997  
0.874669  0.312539  
0.633279  0.6575  
1.03384  0.0208441  
0.504916  0.788666  
0.892569  0.273388  
0.450661  0.851581  
0.0338713  1.02087  
0.681953  0.585218  
0.437576  0.862984  
0.834315  0.369659  
0.540392  0.760924  
0.389368  0.898844  
0.713325  0.553727  
0.403748  0.888215  
0.407242  0.877832  
0.312847  0.945175  
0.585612  0.709473  
0.847023  0.352464  
0.665735  0.614327  
0.767236  0.482916  
0.815805  0.406648  
0.647449  0.64157  
1.0101  0.0567983  
0.858429  0.334378  
0.0156922  1.03081  
0.459378  0.840426  
0.289208  0.952375  
0.9748  0.13024  
0.757229  0.499435  
1.00004  0.0713844  
0.0217711  1.02129  
0.46775  0.834012  
0.867189  0.322188  
0.668007  0.611332  
0.409909  0.875069  
0.725849  0.536734  
0.623439  0.675192  
0.786844  0.455946  
0.827658  0.383952  
0.741042  0.510949  
0.856816  0.338855  
0.809205  0.41605  
0.773203  0.476724  
0.605718  0.694308  
0.73552  0.51979  
0.175758  0.998149  
0.944715  0.18604  
0.982545  0.113683  
0.837612  0.361762  
0.338322  0.928224  
0.558088  0.741497  
0.822178  0.393058  
0.844338  0.355382  
0.878063  0.302828  
0.966806  0.153112  
0.887868  0.280979  
0.753696  0.506602  
0.314912  0.942206  
0.396839  0.892923  
0.92479  0.214108  
0.992524  0.0790043  
0.950644  0.180194  
0.379375  0.90234  
0.260002  0.966136  
0.799337  0.430292  
0.481215  0.80779  
0.861001  0.330706  
0.907728  0.24953  
0.65597  0.629943  
0.429961  0.867544  
0.44457  0.858076  
0.647449  0.641543  
0.332192  0.928213  
0.243025  0.976637  
0.311916  0.943739  
0.761583  0.492141  
0.021741  1.02129  
0.622974  0.67429  
0.992518  0.079002  
0.809205  0.41605  
0.884695  0.297001  
0.735516  0.51979  
0.77881  0.463911  
0.595159  0.70046  
0.950487  0.179343  
0.966806  0.153104  
0.982545  0.113683  
0.944715  0.18604  
0.44457  0.858076  
0.531275  0.77211  
0.854606  0.342696  
0.289208  0.952375  
0.633279  0.6575  
0.610396  0.688396  
0.919282  0.222678  
0.553503  0.755294  
0.757229  0.499435  
1.00378  0.0674209  
0.478713  0.826838  
0.71331  0.553684  
0.585612  0.709473  
0.887868  0.280979  
0.834302  0.369658  
0.353269  0.913645  
0.557848  0.741497  
0.822178  0.393058  
0.867189  0.32217  
0.709721  0.554604  
0.90432  0.268401  
0.847023  0.352464  
0.892551  0.273388  
0.65597  0.629943  
0.837572  0.361762  
0.564008  0.73633  
0.314912  0.942206  
0.409893  0.875056  
0.681953  0.585218  
0.581815  0.729143  
0.12641  1.01935  
0.379348  0.902327  
0.874661  0.312525  
0.260002  0.966136  
0.786844  0.455917  
0.396615  0.89291  
0.767236  0.482916  
1.03377  0.0208382  
0.844338  0.355368  
0.0336993  1.02084  
0.175758  0.998137  
0.525009  0.776419  
0.503125  0.788666  
1.01663  0.02437  
0.942253  0.193416  
1.0101  0.0567983  
0.690001  0.568914  
0.350255  0.914363  
0.205629  0.990064  
0.625124  0.670453  
0.907728  0.24947  
0.861001  0.330706  
0.450661  0.851581  
0.798029  0.430292  
0.815805  0.406648  
0.481215  0.80779  
0.540389  0.760922  
0.46775  0.833977  
0.974798  0.130187  
0.605718  0.694308  
0.672986  0.606507  
0.406531  0.878535  
0.437576  0.862984  
0.389368  0.898844  
0.92479  0.214108  
0.665735  0.614327  
0.955007  0.168588  
0.877968  0.302828  
0.773203  0.476724  
0.0156701  1.03043  
0.827658  0.383952  
0.754032  0.503656  
0.741042  0.510949  
0.429961  0.867544  
0.641911  0.64753  
0.162578  1.00724  
0.791031  0.445929  
0.856739  0.338674  
1.00004  0.0713333  
0.725849  0.536703  
0.959713  0.162579  
0.147989  1.0108  
0.459378  0.840361  
0.791013  0.445929  
0.557848  0.741469  
0.46775  0.833957  
0.406451  0.8774  
0.409893  0.875056  
0.955007  0.168588  
0.581815  0.729142  
0.450661  0.851581  
1.01663  0.0243659  
0.205629  0.990048  
0.815805  0.406648  
0.92479  0.214108  
0.314912  0.942206  
0.709604  0.554309  
0.126392  1.01935  
0.605718  0.694298  
0.884695  0.297001  
1.0101  0.0567857  
0.353259  0.913645  
0.966806  0.153104  
0.798029  0.430292  
0.904073  0.262716  
0.641911  0.647519  
0.162578  1.00724  
0.481215  0.80779  
0.437576  0.862984  
0.311245  0.944084  
0.625124  0.670416  
0.854178  0.343435  
0.647449  0.641543  
0.0217332  1.02129  
0.429961  0.867544  
1.00378  0.0673744  
0.867189  0.32217  
0.379348  0.902327  
0.992518  0.079002  
0.861001  0.330706  
0.761598  0.492105  
0.622926  0.67429  
0.289208  0.952374  
0.847023  0.352447  
0.402876  0.888749  
1.02542  0.0208394  
0.350255  0.9143  
0.773203  0.476724  
0.809205  0.41605  
0.540389  0.760879  
0.65597  0.629943  
0.89251  0.273388  
0.147989  1.0108  
0.44457  0.858076  
0.844338  0.355368  
0.959713  0.162579  
0.478713  0.826829  
0.665735  0.614327  
0.585608  0.709473  
0.90769  0.249409  
0.887868  0.280979  
0.525009  0.776382  
0.45935  0.840361  
0.553306  0.755531  
0.672986  0.606507  
0.982545  0.113675  
0.777283  0.463858  
0.85674  0.337465  
0.610387  0.688396  
0.0336969  1.02084  
0.633279  0.657449  
0.681932  0.585218  
0.531275  0.77211  
0.0156677  1.03039  
0.175714  0.998123  
0.950487  0.179334  
0.941344  0.186492  
0.901722  0.267396  
0.786844  0.455917  
0.689979  0.56891  
0.564008  0.73633  
0.919282  0.222678  
0.243022  0.976629  
0.725849  0.536703  
0.999943  0.0713333  
0.767236  0.482916  
0.834302  0.369658  
0.877968  0.302808  
0.874672  0.312477  
0.757229  0.499434  
0.502762  0.788666  
0.75403  0.5032  
0.396615  0.89291  
0.974798  0.13011  
0.827658  0.383903  
0.331985  0.92819  
0.822178  0.393054  
0.389368  0.898844  
0.837572  0.361762  
0.260002  0.966136  
0.735516  0.51979  
0.741042  0.510949  
0.595159  0.700446  
