1.24065  0.341916  9.75031  
3.20225  5.2808  7.72602  
7.06176  4.46768  5.0997  
1.99495  7.81587  6.18318  
1.99567  4.88186  9.00625  
1.18576  4.01316  9.42807  
4.53265  7.24609  5.60807  
2.16519  3.75412  9.04801  
6.10808  7.22248  3.97997  
6.94284  1.2504  6.91014  
1.12054  10.2076  1.63183  
1.66453  0.395714  9.51616  
6.26562  4.92027  6.35034  
1.75241  1.01615  10.0393  
8.74868  3.69099  3.67459  
0.0809769  0.0734353  10.0936  
10.0053  1.08348  0.88851  
3.1053  7.75764  5.50524  
2.48181  7.59765  5.97455  
8.69508  1.09411  5.40929  
4.64347  5.72499  6.33313  
3.27912  8.33444  4.29353  
7.11715  7.05066  0.233141  
1.10825  7.59215  6.36732  
5.87932  7.99752  1.77082  
5.00344  5.85057  6.62962  
0.618795  0.583656  10.1535  
5.4296  5.1751  6.93314  
0.791317  3.49624  9.41921  
9.62971  2.47094  1.40166  
8.45406  4.6897  2.4978  
6.50918  1.99612  7.27747  
2.46109  5.62601  8.64173  
1.42031  6.32183  7.35522  
0.98611  5.01574  8.09508  
0.524141  0.0569056  9.97672  
5.28205  6.77378  4.8512  
2.31031  5.2451  8.3838  
10.1175  1.86807  0.710098  
9.04832  3.54437  0.406576  
4.30184  5.89414  7.29263  
2.10342  1.57881  9.76963  
1.25457  0.608588  10.2699  
6.06802  1.98254  7.68997  
8.08918  6.36777  2.00814  
0.973603  1.05607  9.99365  
7.75807  6.12438  3.01566  
9.48121  4.00885  0.14456  
2.13703  6.03711  7.94264  
3.12201  5.15749  8.46036  
8.08742  5.29292  3.01828  
4.34598  5.70625  6.1438  
4.03887  3.00166  8.98301  
3.6516  2.99661  8.73448  
7.76952  3.35284  5.15318  
9.25336  2.65393  1.85326  
9.47112  2.51695  0.72625  
0.382787  2.85066  10.2309  
0.824594  4.16222  9.60134  
7.82987  5.5709  3.29311  
2.56467  0.630574  10.0725  
4.86347  9.03165  2.01615  
7.88002  4.19085  4.4636  
1.30648  2.30016  9.86497  
7.84236  6.26632  0.953036  
0.297396  2.74165  10.1935  
8.10094  4.41024  3.98641  
5.03342  2.18759  8.78408  
5.13958  2.70032  8.62197  
0.896359  1.63115  9.76903  
1.92781  4.32232  8.51868  
4.90435  1.60412  9.0439  
1.67493  9.89306  2.82982  
4.13066  8.08451  3.8182  
5.38341  5.85003  6.15093  
8.84044  3.07859  3.54679  
1.04392  1.13104  9.85209  
3.52693  2.65529  8.72806  
2.81356  1.8699  9.49619  
9.01518  2.40949  0.493908  
3.19351  7.53188  6.06727  
0.199219  1.19152  10.0231  
6.24815  7.46259  1.11415  
2.88238  6.60565  7.09865  
0.405981  0.30197  10.1148  
8.88958  2.32301  4.23777  
7.30632  4.37963  5.56794  
3.71769  7.54041  5.35419  
2.17534  4.07136  9.38748  
1.78522  5.02591  8.39172  
1.66754  9.22552  2.6639  
2.90743  6.86462  6.39832  
9.71111  2.60731  1.58839  
2.67106  9.6695  0.679102  
2.70735  9.94973  1.02525  
2.81694  3.43822  8.9943  
2.42983  1.00971  9.95442  
5.55362  1.73477  8.05463  
5.59099  6.55534  5.15803  
5.43918  0.945628  8.18802  
1.71802e-13  2.12742e-14  6.42862  
8.69027  0.84083  2.37505  
1.13836  8.41811  1.74467  
0.016711  0.0513492  6.27653  
6.0988e-17  6.15698e-16  10.1043  
5.41488e-16  8.06348e-17  8.94068  
4.54498e-16  8.26199e-17  7.54416  
0.726673  8.34521  3.40504  
4.09708  7.55759  2.1349  
8.0038e-17  3.66454e-16  6.12573  
1.11836  8.57028  1.57843  
0.722845  7.44238  4.18885  
7.51074  2.48939  1.28548  
8.62742  0.824637  0.5964  
1.25594  7.5947  1.64934  
6.37125  3.44516  2.65282  
7.87543  1.67339  0.104528  
0.796071  8.14483  0.0128178  
2.47788e-16  2.86826e-16  6.19012  
3.76663e-16  9.88289e-17  6.35958  
4.51999e-16  5.34228e-17  7.43308  
0.783559  6.57664  0.00547951  
0.679297  5.9368  3.51025  
0.783738  6.85135  0  
0.674653  3.39086  2.03096  
0.000749839  0.00375755  5.77727  
0.780928  8.60636  0.807094  
0.722333  5.99078  2.5357  
4.80706e-17  2.12764e-16  3.56228  
2.93434  6.06864  0.417483  
2.06407e-16  6.66785e-17  3.54241  
6.96518  0.783758  2.40847e-19  
2.18585e-07  4.12e-08  4.26365  
0.773219  6.62139  1.09767  
0.779808  3.71549  0  
4.80017e-17  4.50655e-16  7.40138  
7.32969  0.786751  0  
7.18442  1.04774  3.0455  
4.82139e-17  1.67712e-16  2.84988  
0.742017  7.88283  2.73101  
4.46627e-17  4.36101e-17  1.01944  
3.49442  0.691001  1.86985  
6.41057  0.783474  0.0594497  
3.60296e-16  4.79517e-17  5.93596  
0.817255  4.95804  0.00711018  
4.57668  4.82952  3.09874  
2.28899e-16  5.4519e-17  3.84277  
4.57672  1.25488  1.48034  
2.91308  0.787577  0  
4.34377  1.18304  0  
7.57159  0.783505  0.273258  
0.761707  5.67595  1.36591  
5.22899  0.758304  1.3506  
0.776575  5.87597  0.982119  
7.33542  0.692344  3.92023  
0.745936  5.54629  1.78985  
0.782309  9.19357  0.684139  
5.69265  0.754277  1.6034  
2.8828  0.759711  0.637547  
4.77015  0.782172  3.76924e-05  
0.776993  8.56116  2.56605  
3.15277e-16  4.95759e-17  5.21213  
0.774765  6.33244  0.959453  
8.16179  0.727457  3.30393  
0.752714  5.71983  1.65735  
0.709874  0.726785  0  
0.767299  6.04729  1.25197  
7.04881  0.722306  2.99457  
1.72642e-16  2.30646e-16  4.70506  
0.722637  7.05229  2.98687  
6.7833  0.752531  1.98819  
5.5524  1.46562  1.46104  
0.775189  8.1329  1.25046  
0.783144  5.94633  0.0322283  
3.59839e-16  7.61432e-17  6.00674  
0.765541  8.43257  1.88878  
0.782672  9.51741  0.657149  
6.45598  0.783507  0.0541415  
9.39071  1.12667  0.146133  
5.24282e-17  3.44703e-16  5.69417  
0.773557  8.87704  1.51922  
9.29022  1.38261  0.0189939  
8.94219  0.752212  2.65638  
3.567e-16  9.71002e-17  6.03733  
3.97087e-16  4.84798e-17  6.53307  
0.789349  7.10847  7.93333e-06  
8.19252  0.930058  0.151521  
3.08773e-16  1.65696e-16  5.72283  
4.84806e-17  3.03835e-16  5.02478  
4.80335e-17  5.61432e-16  9.20238  
6.5073  1.63098  0  
5.6603  0.763183  1.49867  
0.82896  6.54942  1.07252  
6.16544  5.43102  1.99599e-05  
7.93513  0.731963  3.06662  
0.651461  7.37817  5.23574  
7.10357  1.44342  0.463711  
0.776943  8.84147  1.26985  
7.70315  0.765747  3.2219  
0.781308  9.08885  0.936288  
5.16846  0.854599  0.433267  
1.01952  5.07357  0.0533712  
0.326166  0.918806  2.86247  
4.82003e-17  2.98767e-16  4.94233  
4.88818e-17  2.55472e-16  4.24786  
0.794907  5.20237  0  
6.43331  0.762643  1.52828  
0.73534  5.13871  1.9094  
1.14455  4.26521  0.0073826  
0.779076  5.57651  0.556992  
5.30751  0.778007  0.585551  
2.01772  4.15524  0.0131382  
0.753942  3.73712  1.90966  
0.813172  4.26878  0.0151558  
5.40318  0.769026  1.03696  
0.74627  4.58813  1.69567  
4.31691  0.929126  0.267286  
3.46651  0.79407  1.9728  
3.87579  0.718536  1.68684  
0.677695  3.50127  2.03906  
2.93507  1.04343  0  
2.57879  0.669125  1.58527  
0.959117  1.8608  0.264234  
6.06503e-17  1.06149e-16  1.99656  
6.67635e-05  0.000124662  2.02842  
2.93411  0.827702  1.30176e-20  
0.999093  3.54515  7.18255e-12  
0.757032  3.77364  0.961078  
2.0682e-16  4.76963e-17  3.46629  
4.7688e-17  1.81552e-16  3.06554  
3.04237  0.777271  0  
4.71907  0.781003  0.353507  
0.654796  2.49778  1.64825  
0.733967  2.80029  1.056  
1.28459e-16  6.29685e-17  2.33638  
0.778675  1.83525  0.426192  
3.96833  0.960327  0.00208793  
4.35154e-17  4.40011e-17  1.01065  
2.00893  3.42965  2.06844e-05  
1.90824  0.769554  0.00880848  
0.678985  1.67974  0.947472  
2.93365  0.702205  1.4408  
5.83722e-17  1.10875e-16  2.04633  
2.74874  0.728375  1.05227  
0.752141  4.25797  1.21779  
1.82095  0.698867  0.888327  
3.35559  0.723063  1.38264  
3.66117  1.53892  6.40077e-19  
2.76766  0.680201  2.07295  
0.781365  4.39153  2.57625e-17  
0.720502  0.709917  0  
0.771458  2.27274  0.017134  
1.8281  0.87093  0  
2.52938  1.52679  0.595666  
2.4828  0.814025  3.42389e-05  
0.875186  0.55232  1.70864  
2.88754  0.776398  0.000231184  
0.69057  1.65092  0.853026  
0.777464  1.92757  0  
0.0441604  0.0137777  3.70034  
3.34641  0.778848  0.00601947  
0.757456  1.93173  0.334676  
2.83453  0.755756  0.69627  
2.91148  0.703243  1.75295  
2.39433e-16  4.77944e-17  3.98738  
5.09657  0.768716  0.979307  
0.781115  4.25819  0  
1.82566  1.76839  1.89131  
3.80624  0.780106  0  
0.734531  3.70068  1.35373  
0.68699  3.09564  1.70875  
3.55749  0.714431  1.59322  
2.90235  0.991829  0.825469  
4.22437  0.761935  1.0295  
0.791876  2.42609  0.00502496  
0.765291  3.88036  0.790961  
3.57479  1.07631  0  
3.92746  0.770512  0.651517  
3.4785  0.779062  4.31903e-12  
1.52543e-08  5.33137e-08  3.11446  
0.777941  4.60529  0.462015  
4.34911  0.776703  0.482253  
4.40133  0.774351  0.605821  
0.759968  4.60025  1.12807  
0.775811  4.87296  0.631545  
2.40152  3.31924  0.00226834  
0.780006  5.02961  0.390987  
0.815648  4.23822  0  
3.78532  0.778208  0.265253  
6.13907e-17  2.11297e-16  3.59345  
2.23729e-16  4.77566e-17  3.73609  
4.80353e-17  2.44795e-16  4.07404  
2.51577e-16  5.24641e-17  4.19695  
4.7928e-17  3.32805e-16  5.49119  
0.667189  2.09579  1.28722  
0.112185  0.34485  2.52527  
0.931056  3.58161  0.0381659  
0.811104  3.3498  0.425082  
1.37911  3.24591  0.984975  
2.31727  0.552024  2.38549  
0.782845  5.52793  0  
0.931668  4.42145  0.00112826  
0.783032  4.63249  0  
0.0473827  0.171055  2.90139  
3.73583  0.757825  0.932395  
0.611105  2.23804  1.81644  
3.09921  1.97173  1.16263  
0.864358  4.45347  3.87296e-20  
3.54233  1.63926  0  
3.30926  0.692384  1.75217  
3.47818  1.50604  0.151618  
4.26267  0.770481  0.725894  
1.85767  2.2711  0  
1.27516  3.6268  0.0294399  
4.39488  0.949877  3.69917e-21  
0.631512  2.33137  1.72661  
3.36496  0.745278  1.05153  
0.194326  0.0672569  2.39208  
3.68191  1.1256  0.0979909  
0.780694  4.01276  0.0225665  
7.07831e-17  1.64407e-16  2.92324  
1.5113  1.80908  0  
1.47066  1.77121  1.60216  
8.17073e-17  9.36671e-17  2.02991  
1.68449e-16  4.8102e-17  2.86095  
0.779653  3.40439  0  
0.777364  3.05812  0.000451273  
1.78065  0.749469  0.392628  
0.7425  1.91633  0.540601  
1.33176  1.45008  0  
1.15991  0.96922  1.24203  
4.8206  0.786502  4.16985e-20  
1.70808  0.723949  0.630154  
0.40951  0.458517  0.884746  
2.97186  0.779524  2.62296e-20  
2.4021  1.38746  0.878005  
1.21564  0.496824  1.55762  
1.03658e-16  5.60738e-17  1.92468  
1.77788  0.764012  6.10838e-10  
4.69772e-17  1.1956e-16  2.09789  
1.58967  1.11534  1.31679e-09  
4.36502e-17  4.37594e-17  1.0094  
0.420188  0.999322  1.64875  
4.88141e-17  1.22861e-16  2.15904  
1.49689  1.27105  0.000252428  
0.845695  2.89248  0.0280097  
0.766698  1.9291  0.0338865  
4.11453  0.794573  0  
0.367621  0.396903  1.9981  
0.77965  3.66098  3.19554e-20  
0.567508  1.35725  1.32994  
0.824186  1.79126  0  
1.81748  1.39396  1.1438  
0.724659  1.71194  0.627557  
2.89299  1.31297  0  
0.712177  0.714348  0  
1.35516e-16  5.3667e-17  2.38037  
0.517432  0.503233  0.731276  
5.58807  0.838078  0.165498  
1.58779  0.670429  0.945425  
1.09517  1.64918  0.0025345  
4.36271  0.841878  0  
0.637453  1.51163  1.08718  
1.6975  1.0077  0.114835  
0.752728  2.90176  0.772531  
2.69627  0.77529  0.000301309  
3.57248  0.768021  0.635291  
0.777534  3.12441  0.0525583  
4.58695  0.830918  0  
0.186145  0.267456  1.97162  
1.41491  2.30233  1.16236  
0.505012  1.37093  1.67886  
2.46689  1.15757  1.1927  
0.747413  2.69746  0.78109  
0.301264  0.43585  1.86856  
2.47595  0.682306  1.3911  
0.919967  2.95751  0  
2.64795  0.725944  1.03768  
2.35459  0.643357  1.64702  
2.47441  1.52832  0  
1.29094  2.69971  4.607e-05  
1.34273  2.24327  1.28801  
2.75687  0.752828  0.716518  
2.29827  0.618661  1.80457  
0.780417  3.93655  0  
0.732986  3.6685  1.37384  
2.64069  0.715578  1.15041  
2.13638  1.0219  1.78559  
2.41828  0.771031  1.56736  
0.773291  4.28172  0.624921  
0.810039  2.90538  0.585299  
1.217  2.8581  0.188053  
1.77504  1.67661  1.5558  
0.795059  3.77695  0.0264778  
0.777262  3.79362  0.354613  
2.3121  1.69506  1.13165  
1.81909e-16  4.93428e-17  3.07815  
1.65316e-16  6.56755e-17  2.90506  
2.40675e-16  4.84885e-17  4.00949  
1.98114  2.15316  0  
0.885837  2.57302  0.000294073  
0.690009  0.483505  1.83462  
1.67236  0.970299  5.53577e-10  
0.707717  2.96983  1.39662  
1.4159  1.40277  0.0143727  
0.762736  2.73561  0.526972  
0.715805  2.43614  1.11848  
1.69327  0.934971  0.0972442  
2.54723  0.728209  0.96952  
0.799774  2.61529  0  
1.60854  0.96271  0.688454  
0.74549  2.59947  0.771425  
1.18237  1.59143  0.0269932  
2.44602  0.709253  1.12185  
1.39645  1.34441  0.175804  
0.719121  2.47625  1.03591  
0.868144  1.46645  1.00533  
0.862859  1.7271  0.589756  
0.770071  0.464741  1.72076  
0.775729  2.73275  1.12218e-12  
0.417986  0.9264  1.64264  
0.375297  0.776503  1.73204  
1.06365  1.56587  0.00129752  
0.52192  1.09691  1.47065  
0.712301  1.61504  0.677774  
1.68998  0.706593  0.760213  
1.76154  0.768422  0  
1.63059  0.718619  0.636123  
1.0136  0.509359  1.51887  
0.562708  0.687809  1.71918  
0.113453  0.25525  1.86369  
7.76398e-17  8.64458e-17  1.89758  
1.04093  0.706714  1.38151  
1.55698  0.685191  0.834496  
0.694127  1.58602  0.791985  
0.399212  0.910108  1.62004  
0.433658  0.425108  0.81309  
1.43697  0.996712  0.735182  
0.762824  1.7216  6.27301e-13  
1.37972  0.5849  1.26887  
1.5817  1.06477  0.0128831  
1.04271  1.05448  1.30885  
1.56127  0.690722  0.821743  
0.497922  0.500251  0.716565  
1.26355  1.17096  0.791764  
8.63795e-17  7.64024e-17  1.88332  
0.619051  0.625866  0.489037  
0.753402  0.347659  1.70576  
0.0887517  0.0878805  0.999232  
1.48109  1.21819  0.592541  
1.43326  0.598935  1.23773  
2.68609  0.76082  0.550389  
0.973075  1.37904  0.800823  
0.755827  1.83362  0.318986  
0.597442  1.34956  1.17185  
1.00759  1.4152  0.717065  
0.337325  0.342456  0.888282  
4.34881e-17  4.3635e-17  1.00609  
0.96023  1.72995  2.84374e-08  
0.709436  0.715917  0  
1.45026e-16  4.78421e-17  2.494  
0.535113  1.21453  1.34914  
0.796903  1.43858  0.939715  
0.338216  0.404728  1.80331  
2.78293e-05  3.23567e-05  1.89044  
0.239042  0.237317  0.955981  
0.67308  1.61966  0.948907  
0.532103  0.531592  0.672465  
5.20303e-17  1.03459e-16  1.89124  
0.67136  0.666996  0.343155  
1.54527  0.762089  0  
1.1678  1.25019  0.00127719  
0.856788  1.1191  1.27745  
1.25545  0.73458  1.19835  
0.731903  0.305861  1.82457  
0.743406  1.50058  0.900675  
0.489105  0.750583  1.65552  
0.754284  0.999391  1.43699  
1.00191  1.28051  0.921147  
1.24251  1.11562  0.879669  
0.982394  1.37341  0.957209  
0.969472  1.62676  0  
1.41589  0.811103  0.982265  
1.06047  1.42562  0.549854  
0.232059  0.179433  1.87103  
0.931343  1.51946  0.630304  
0.960561  0.523715  1.57956  
1.13013  1.20085  0.952973  
1.40257  0.945632  0.866076  
0.95101  1.68306  5.53491e-10  
4.67453e-17  1.06473e-16  1.89904  
0.663316  0.315057  1.84936  
7.51322e-17  9.00354e-17  1.91509  
1.21608  0.953376  1.06845  
1.53221  1.25384  9.61664e-09  
0.980229  1.37312  1.04133  
0.782433  2.31029  0  
0.741062  1.66086  0.441085  
0.779668  3.52395  0  
6.63193e-17  1.00809e-16  1.97066  
0.364501  0.365253  0.85814  
0.169917  0.170272  0.972009  
0.317307  0.317949  0.894963  
0.676839  0.678235  0.290926  
0.179009  0.179261  0.968641  
0.667998  0.669318  0.329111  
0.19289  0.192885  0.963379  
0.303375  0.303843  0.904544  
0.705792  0.707354  0.0658585  
0.588418  0.589495  0.55581  
0.261642  0.262185  0.93031  
0.289794  0.290423  0.913479  
0.341052  0.341746  0.877246  
0.552934  0.553942  0.62447  
0.699577  0.700911  0.14809  
0.582344  0.58346  0.568367  
0.516874  0.517935  0.68354  
0.310854  0.311534  0.899556  
0.0917083  0.0918778  0.992793  
0.0574049  0.0574762  0.998018  
0.689289  0.690477  0.225067  
0.276343  0.276739  0.92183  
0.324377  0.325024  0.889846  
0.395759  0.39659  0.829929  
0.373988  0.374752  0.849905  
0.248935  0.248916  0.937434  
0.202594  0.202902  0.959343  
0.105053  0.105268  0.990231  
0.400544  0.401267  0.825216  
0.63435  0.635693  0.442938  
0.52921  0.530298  0.664344  
0.215994  0.216313  0.953414  
0.234237  0.234583  0.944747  
0.567978  0.569143  0.596853  
0.132076  0.132042  0.983736  
0.704226  0.705631  0.0939856  
0.283406  0.283988  0.917442  
0.691707  0.692912  0.209872  
0.330016  0.330615  0.885567  
0.686495  0.687724  0.240966  
0.697143  0.698132  0.170659  
0.68238  0.683692  0.263485  
0.6944  0.695921  0.190514  
0.606903  0.607956  0.5144  
0.504525  0.505306  0.701797  
0.67072  0.672291  0.318032  
0.468708  0.46945  0.750017  
0.678947  0.680195  0.280872  
0.66105  0.662081  0.356693  
0.42147  0.42228  0.80406  
0.641636  0.642894  0.421373  
0.412577  0.413397  0.813288  
0.351249  0.351927  0.869077  
0.664362  0.665763  0.343627  
0.437343  0.438234  0.786975  
0.558613  0.55977  0.614252  
0.702206  0.703562  0.120251  
0.54934  0.550466  0.630849  
0.647866  0.649283  0.401856  
0.622656  0.623954  0.475015  
0.620227  0.621276  0.481539  
0.486989  0.48795  0.726147  
0.592729  0.593864  0.546525  
0.143278  0.143504  0.980512  
0.336602  0.337239  0.880772  
0.268225  0.26866  0.926362  
0.62698  0.628126  0.463481  
0.602554  0.603605  0.52471  
0.653822  0.655097  0.38196  
0.52192  0.522995  0.675809  
0.450531  0.451201  0.771944  
0.45785  0.458677  0.763165  
0.154833  0.155157  0.977062  
0.707339  0.708832  0  
0.493664  0.49463  0.717099  
0.384501  0.384558  0.840854  
0.0755329  0.0756784  0.995561  
0.544711  0.545649  0.638833  
0.123471  0.123721  0.985963  
0.355502  0.356198  0.865593  
0.637967  0.639202  0.432374  
0.511403  0.512257  0.691948  
0.0372523  0.0373241  0.999897  
0.575631  0.576926  0.581994  
0.389217  0.389936  0.836106  
0.463428  0.46401  0.756563  
0.613502  0.614544  0.498516  
0.562674  0.563939  0.606863  
0.599362  0.600405  0.531991  
0.673524  0.674553  0.306384  
0.65706  0.658195  0.371271  
4.33132e-17  4.34173e-17  1.00156  
0.431267  0.432104  0.793694  
0.499865  0.500794  0.708325  
0.477975  0.478752  0.738166  
0.442087  0.443019  0.781656  
0.408909  0.409518  0.817055  
0.537393  0.53826  0.65118  
0.224493  0.224922  0.949623  
0.629989  0.631252  0.455199  
0.28481  0.284864  0.915412  
0.685368  0.685503  0.246184  
0.22141  0.221451  0.94983  
0.651765  0.65189  0.387923  
0.345921  0.345984  0.872283  
4.3299e-17  4.33074e-17  1.00012  
0.587177  0.587288  0.557277  
0.32995  0.330012  0.884571  
0.202077  0.202116  0.958416  
0.666337  0.666458  0.334754  
0.465542  0.465631  0.752798  
0.275619  0.275675  0.921031  
0.432513  0.432596  0.791226  
0.497351  0.497452  0.710944  
0.676844  0.676969  0.289532  
0.113979  0.114001  0.987046  
0.362214  0.362288  0.858962  
0.662915  0.663033  0.348077  
0.293908  0.293963  0.90964  
0.0401409  0.0401484  0.998506  
0.401321  0.4014  0.823451  
0.524341  0.524431  0.671013  
0.18517  0.185205  0.965224  
0.69403  0.694158  0.191576  
0.311365  0.311425  0.897952  
0.128194  0.128219  0.983551  
0.703334  0.703473  0.103442  
0.460063  0.460148  0.759501  
0.509509  0.50961  0.693506  
0.49175  0.491845  0.718691  
0.240254  0.240301  0.940627  
0.566512  0.566612  0.59853  
0.592518  0.592638  0.545859  
0.518488  0.51859  0.680064  
0.439225  0.439311  0.783796  
0.267006  0.267056  0.926087  
0.60704  0.607152  0.512935  
0.503056  0.503153  0.702865  
0.682514  0.682647  0.261564  
0.691649  0.691778  0.20809  
0.707127  0.707278  0  
0.699147  0.699291  0.149825  
0.156446  0.156477  0.975341  
0.447173  0.447264  0.774759  
0.635029  0.635142  0.439952  
0.515388  0.515488  0.684759  
0.53286  0.532966  0.657466  
0.377306  0.377382  0.845859  
0.527623  0.527725  0.665859  
0.560742  0.56085  0.609311  
0.321473  0.321534  0.890794  
0.417182  0.417262  0.807525  
0.385645  0.385716  0.838293  
0.630602  0.630719  0.452517  
0.5821  0.582212  0.567834  
0.670213  0.670335  0.318899  
0.39336  0.393436  0.831097  
0.612824  0.612946  0.498995  
0.640406  0.640525  0.424082  
0.621224  0.62134  0.477761  
0.549356  0.549465  0.629721  
0.212093  0.212133  0.954075  
0.538474  0.538582  0.648253  
0.473581  0.473667  0.742693  
0.673779  0.673906  0.303503  
0.543439  0.543545  0.639906  
0.248224  0.248272  0.936481  
0.453147  0.453239  0.767784  
0.0773999  0.0774155  0.994119  
0.302618  0.302676  0.903912  
0.485603  0.485699  0.727007  
0.696744  0.696877  0.170747  
0.258708  0.258759  0.930787  
0.701302  0.701436  0.128092  
0.555165  0.555273  0.619445  
0.688546  0.688683  0.227757  
0.192887  0.192924  0.962195  
0.656869  0.656989  0.370301  
0.679652  0.679775  0.276062  
0.0607899  0.0608015  0.996419  
0.424925  0.425007  0.799408  
0.409471  0.409554  0.815387  
0.576669  0.57678  0.578811  
0.17034  0.170375  0.970678  
0.649025  0.649149  0.39701  
0.598135  0.598253  0.533461  
0.354761  0.354832  0.865156  
0.369296  0.369366  0.852895  
0.572115  0.572238  0.587794  
0.479467  0.479561  0.735107  
0.645675  0.64579  0.40778  
0.141786  0.141813  0.979806  
0.602796  0.602907  0.522852  
0.0924969  0.0925131  0.991519  
0.705558  0.705696  0.0665702  
0.625819  0.625936  0.46561  
0.659927  0.660045  0.359257  
0.338228  0.338291  0.878295  
0.231147  0.231193  0.945186  
0.616704  0.616823  0.489338  
0.545019  0.545036  0.637127  
0.0875375  0.0875405  0.992329  
0.268675  0.268684  0.925022  
0.295397  0.295406  0.908581  
0.206569  0.206576  0.9564  
4.3298e-17  4.32994e-17  1.00002  
0.699547  0.699572  0.14587  
0.688297  0.688321  0.229141  
0.685089  0.685112  0.247628  
0.391936  0.391949  0.83235  
0.44468  0.444696  0.777528  
0.556658  0.556678  0.616674  
0.691503  0.691525  0.208949  
0.24231  0.242317  0.939474  
0.22581  0.225818  0.947662  
0.595383  0.595403  0.539498  
0.614956  0.614976  0.493636  
0.642583  0.642605  0.417359  
0.425244  0.42526  0.79898  
0.0653666  0.0653688  0.99574  
0.624269  0.62429  0.469673  
0.701561  0.701586  0.125036  
0.496988  0.497006  0.711361  
0.464227  0.464243  0.754331  
0.628375  0.628396  0.458595  
0.532796  0.532814  0.657482  
0.561184  0.561203  0.608415  
0.65969  0.659712  0.360045  
0.664089  0.664111  0.343488  
0.678228  0.678253  0.28289  
0.113441  0.113445  0.987068  
0.646804  0.646826  0.40411  
0.48492  0.484936  0.727826  
0.30478  0.304791  0.902361  
0.671663  0.671684  0.31265  
0.128141  0.128145  0.983465  
0.478901  0.478916  0.735756  
0.174295  0.174301  0.969167  
0.337857  0.337868  0.878487  
0.586406  0.586423  0.558815  
0.372039  0.372051  0.850415  
0.233293  0.233302  0.94403  
0.539563  0.53958  0.646349  
0.633275  0.633297  0.444906  
0.397938  0.397951  0.826634  
0.432641  0.432656  0.790996  
0.164245  0.16425  0.97267  
0.70711  0.707134  0  
0.504099  0.504116  0.70128  
0.651637  0.651659  0.388269  
0.321237  0.321248  0.89087  
0.490428  0.490444  0.720408  
0.154983  0.154988  0.975706  
0.38521  0.385223  0.838605  
0.637903  0.637925  0.431481  
0.194583  0.19459  0.961413  
0.703984  0.704009  0.0939316  
0.667704  0.667728  0.329176  
0.358032  0.358044  0.862357  
0.365125  0.365137  0.856388  
0.674952  0.674975  0.298146  
0.21592  0.215928  0.952261  
0.329332  0.329343  0.884939  
0.418166  0.418181  0.806416  
0.251188  0.251196  0.934798  
0.655615  0.655637  0.374637  
0.457476  0.457491  0.762536  
0.705711  0.705736  0.0628795  
0.619948  0.619969  0.480984  
0.472593  0.472608  0.743868  
0.517817  0.517833  0.680997  
0.581184  0.581204  0.569623  
0.344838  0.344849  0.873046  
0.600564  0.600581  0.527886  
0.525599  0.525616  0.668967  
0.450532  0.450546  0.770758  
0.550677  0.550696  0.627323  
0.0984239  0.0984274  0.990288  
0.694281  0.694303  0.189628  
0.575774  0.575793  0.580509  
0.277076  0.277085  0.920052  
0.0436624  0.0436636  0.998111  
0.378574  0.378587  0.844628  
0.591648  0.591669  0.547653  
0.564892  0.564912  0.601512  
0.411262  0.411277  0.813487  
0.404417  0.40443  0.820321  
0.351318  0.35133  0.867864  
0.697034  0.697058  0.168215  
0.6097  0.60972  0.506508  
0.313146  0.313156  0.896615  
0.51148  0.511498  0.690509  
0.681721  0.681745  0.265568  
0.142514  0.142519  0.979501  
0.605159  0.60518  0.517284  
0.285736  0.285745  0.914739  
0.184433  0.184439  0.965407  
0.438322  0.438337  0.784714  
0.570698  0.570718  0.590448  
0.26042  0.260429  0.929732  
0.0953319  0.0953326  0.990875  
0.121004  0.121004  0.985253  
0.201702  0.201704  0.958457  
0.705674  0.705679  0.0636415  
0.684319  0.684324  0.251826  
0.279496  0.279498  0.91857  
0.288092  0.288094  0.913243  
0.213573  0.213575  0.9533  
0.657114  0.657118  0.369331  
0.0638221  0.0638225  0.995923  
0.641426  0.64143  0.420891  
0.411128  0.411131  0.813605  
0.707107  0.707112  0  
0.63751  0.637515  0.432625  
0.568981  0.568985  0.593739  
0.701481  0.701486  0.125897  
0.688344  0.688349  0.22884  
0.174291  0.174292  0.969151  
0.652766  0.65277  0.384442  
0.538596  0.5386  0.647945  
0.389407  0.38941  0.834704  
0.600503  0.600507  0.528012  
0.142467  0.142468  0.979497  
0.584826  0.58483  0.562104  
0.396679  0.396681  0.827828  
0.270964  0.270966  0.923669  
0.0810022  0.0810027  0.993421  
0.335837  0.335839  0.880019  
0.0418042  0.0418045  0.998255  
0.188011  0.188012  0.964008  
0.703751  0.703756  0.0973219  
0.153146  0.153147  0.976269  
0.497411  0.497414  0.710753  
0.425408  0.425411  0.798788  
0.590252  0.590256  0.550643  
0.350422  0.350425  0.868571  
0.491334  0.491337  0.719158  
0.404132  0.404134  0.820586  
0.633198  0.633203  0.445111  
0.223846  0.223848  0.948574  
0.343044  0.343047  0.874442  
0.548728  0.548731  0.630715  
0.466398  0.466401  0.751632  
0.381664  0.381667  0.841826  
0.672296  0.6723  0.309902  
0.320567  0.320569  0.891337  
0.559253  0.559257  0.611945  
0.679976  0.67998  0.27435  
0.628221  0.628225  0.459  
0.564567  0.564571  0.602107  
0.649321  0.649325  0.395939  
0.446924  0.446927  0.774935  
0.526241  0.526244  0.667941  
0.66122  0.661224  0.35437  
0.50941  0.509412  0.693548  
0.485193  0.485197  0.727448  
0.613955  0.613959  0.496106  
0.669068  0.669073  0.323571  
0.479149  0.479152  0.735417  
0.645274  0.645279  0.408956  
0.313949  0.313952  0.896035  
0.253902  0.253904  0.933314  
0.43268  0.432683  0.790937  
0.109037  0.109038  0.988044  
0.162805  0.162806  0.973138  
0.32806  0.328063  0.885867  
0.365686  0.365688  0.855894  
0.595119  0.595123  0.540066  
0.699274  0.699279  0.148436  
0.234075  0.234077  0.943624  
0.244654  0.244655  0.938241  
0.5328  0.532804  0.657459  
0.26287  0.262872  0.928336  
0.131717  0.131718  0.982502  
0.574084  0.574088  0.583831  
0.579427  0.579431  0.573178  
0.691503  0.691508  0.208922  
0.37393  0.373933  0.84874  
0.697073  0.697078  0.167869  
0.675455  0.675459  0.295844  
0.62352  0.623524  0.471645  
0.296953  0.296955  0.907549  
4.32978e-17  4.32981e-17  1  
0.358016  0.358018  0.862355  
0.472779  0.472782  0.743617  
0.664991  0.664996  0.339964  
0.605927  0.605931  0.515469  
0.553352  0.553356  0.622581  
0.303301  0.303303  0.903341  
0.515004  0.515008  0.685235  
0.453383  0.453387  0.767394  
0.460009  0.460012  0.759466  
0.520917  0.520921  0.676236  
0.609771  0.609775  0.506323  
0.418669  0.418672  0.805878  
0.618745  0.61875  0.484058  
0.543449  0.543452  0.639791  
0.503564  0.503568  0.702034  
0.694556  0.694561  0.187578  
0.43949  0.439493  0.783391  
0.158663  0.158663  0.974502  
0.587415  0.587416  0.556676  
0.34229  0.342291  0.875029  
0.414985  0.414986  0.809676  
0.68069  0.680691  0.270782  
0.508592  0.508593  0.694744  
0.334181  0.334182  0.881276  
0.180424  0.180425  0.9669  
0.374076  0.374076  0.848608  
0.544309  0.544309  0.638324  
0.614145  0.614146  0.495634  
0.582409  0.58241  0.567099  
0.395038  0.395039  0.829392  
0.695798  0.695799  0.178135  
0.689705  0.689706  0.220485  
0.445052  0.445053  0.777083  
0.247414  0.247414  0.93679  
0.226494  0.226494  0.947314  
0.0840238  0.0840239  0.992916  
0.605979  0.60598  0.515343  
0.552269  0.55227  0.624499  
0.198734  0.198734  0.959693  
0.654043  0.654044  0.380075  
0.216831  0.216832  0.951825  
0.514004  0.514004  0.686733  
0.0989793  0.0989794  0.990156  
4.32978e-17  4.32979e-17  1  
0.459193  0.459193  0.760451  
0.439089  0.43909  0.783838  
0.495807  0.495808  0.712988  
0.562799  0.5628  0.605405  
0.408321  0.408321  0.816425  
0.686675  0.686676  0.238654  
0.632284  0.632285  0.4477  
0.479204  0.479205  0.735342  
0.0666471  0.0666472  0.995549  
0.358604  0.358605  0.861863  
0.703819  0.70382  0.0963264  
0.650328  0.650329  0.392617  
0.558383  0.558383  0.61353  
0.236584  0.236584  0.942368  
0.707107  0.707108  0  
0.309164  0.309164  0.899354  
0.70563  0.705631  0.0645945  
0.432124  0.432125  0.791542  
0.65774  0.657741  0.367093  
0.63735  0.637351  0.433095  
0.609042  0.609043  0.508071  
0.122863  0.122863  0.98479  
0.641909  0.64191  0.419411  
0.576971  0.576972  0.578108  
0.325695  0.325696  0.887607  
0.62802  0.62802  0.459547  
0.320517  0.320517  0.891369  
0.537273  0.537273  0.650137  
0.520225  0.520226  0.677299  
0.261106  0.261107  0.929327  
0.485146  0.485147  0.727508  
0.366426  0.366427  0.855257  
0.618791  0.618792  0.483938  
0.466013  0.466013  0.752107  
0.190429  0.190429  0.963055  
0.674157  0.674158  0.301706  
0.269336  0.269337  0.924617  
0.683738  0.683738  0.254964  
0.276122  0.276123  0.920606  
0.692929  0.69293  0.199247  
0.701826  0.701827  0.121983  
0.381291  0.381292  0.842161  
0.452529  0.45253  0.768398  
0.596975  0.596975  0.535951  
0.502468  0.502469  0.7036  
0.424881  0.424882  0.799345  
0.401622  0.401622  0.823044  
0.525813  0.525814  0.668612  
0.0453373  0.0453374  0.997943  
0.300692  0.300692  0.90508  
0.572205  0.572205  0.587507  
0.670495  0.670495  0.317608  
0.698869  0.69887  0.152202  
0.666719  0.66672  0.333124  
0.567559  0.56756  0.596452  
0.4902  0.490201  0.720701  
0.133896  0.133896  0.981909  
0.677889  0.67789  0.28449  
0.59193  0.591931  0.547027  
0.601097  0.601098  0.526656  
0.283727  0.283727  0.915969  
0.646377  0.646378  0.405457  
0.170484  0.170484  0.970501  
0.531387  0.531388  0.659739  
0.350572  0.350572  0.868447  
0.111043  0.111043  0.987593  
0.146827  0.146827  0.978205  
0.662888  0.662889  0.34808  
0.388329  0.38833  0.835704  
0.623528  0.623529  0.47162  
0.472508  0.472509  0.743958  
0.207885  0.207886  0.955808  
0.292406  0.292407  0.910494  
0.221079  0.221079  0.949868  
0.506936  0.506936  0.69716  
0.418265  0.418266  0.806293  
0.112587  0.112587  0.987243  
0.317051  0.317051  0.893844  
0.573999  0.573999  0.583996  
0.255291  0.255291  0.932552  
0.671158  0.671158  0.314792  
0.707107  0.707107  0  
0.305722  0.305722  0.901703  
0.0448169  0.0448169  0.99799  
0.550926  0.550926  0.626867  
0.651143  0.651144  0.389903  
0.494483  0.494483  0.714824  
0.667657  0.667657  0.329346  
0.488842  0.488842  0.722543  
0.596439  0.59644  0.537141  
0.678064  0.678064  0.283653  
0.567526  0.567526  0.596515  
0.349168  0.349168  0.869577  
0.704017  0.704017  0.0933831  
0.689631  0.689631  0.220949  
0.101113  0.101113  0.989724  
0.265712  0.265712  0.926712  
0.698297  0.698297  0.157365  
0.246913  0.246913  0.937053  
0.512074  0.512074  0.689609  
0.201361  0.201361  0.958597  
0.609595  0.609595  0.506742  
0.517571  0.517571  0.681352  
0.674551  0.674552  0.299935  
0.235967  0.235967  0.942677  
4.32978e-17  4.32978e-17  1  
0.637343  0.637343  0.433115  
0.357908  0.357908  0.862441  
0.591728  0.591728  0.547463  
0.341266  0.341266  0.875828  
0.184066  0.184066  0.965526  
0.131325  0.131325  0.982602  
0.41065  0.41065  0.814084  
0.587026  0.587026  0.557495  
0.192997  0.192997  0.962032  
0.695762  0.695762  0.17841  
0.483  0.483  0.730358  
0.684157  0.684157  0.252704  
0.555867  0.555867  0.618081  
0.618634  0.618634  0.48434  
0.46498  0.46498  0.753384  
0.646835  0.646835  0.403993  
0.681422  0.681423  0.267071  
0.605501  0.605501  0.516465  
0.369319  0.369319  0.852765  
0.623636  0.623636  0.471335  
0.296888  0.296888  0.907588  
0.540337  0.540337  0.645037  
0.627894  0.627894  0.45989  
0.660038  0.660038  0.358747  
0.534366  0.534366  0.654909  
0.403389  0.40339  0.821313  
0.470843  0.470843  0.746066  
0.381446  0.381446  0.84202  
0.437827  0.437827  0.785249  
0.395946  0.395946  0.828526  
0.63236  0.63236  0.447485  
0.172613  0.172613  0.969747  
0.458019  0.458019  0.761865  
0.613744  0.613744  0.496625  
0.692688  0.692688  0.200916  
0.153844  0.153844  0.976045  
0.0661187  0.0661187  0.995619  
0.545968  0.545968  0.635483  
0.210795  0.210795  0.954532  
0.700916  0.700917  0.132032  
0.272267  0.272267  0.922899  
0.64214  0.64214  0.418704  
0.522837  0.522837  0.673263  
0.444609  0.444609  0.77759  
0.143102  0.143102  0.979308  
0.561736  0.561736  0.607376  
0.375786  0.375786  0.847095  
0.500259  0.500259  0.706741  
0.582253  0.582254  0.567417  
0.163606  0.163606  0.972865  
0.326217  0.326217  0.887223  
0.664134  0.664134  0.343295  
0.0834706  0.0834706  0.993008  
0.600976  0.600976  0.526931  
0.655603  0.655603  0.374659  
0.52892  0.52892  0.663693  
0.452039  0.452039  0.768974  
0.38877  0.388771  0.835294  
0.686789  0.686789  0.237996  
0.334201  0.334201  0.88126  
0.476507  0.476507  0.738839  
0.288481  0.288481  0.912994  
0.423529  0.423529  0.800778  
0.57746  0.577461  0.57713  
0.28032  0.28032  0.918064  
0.706038  0.706038  0.0549593  
0.430232  0.430232  0.7936  
