1.46023  2.54976  5.39391  
1.23719  0.974914  6.60483  
2.42525  1.16045  2.58003  
1.29386  2.98544  5.11918  
1.12176  3.86912  3.87851  
1.96429  3.72007  2.16967  
1.97668  2.71828  3.87065  
1.66214  3.42946  4.08552  
1.91155  2.14462  4.6148  
1.84156  3.16955  3.62093  
1.55034  1.92869  5.53404  
1.89022  2.4581  4.7428  
2.00518  1.09362  5.26348  
1.94807  1.7955  4.89579  
0.949533  3.86025  4.42576  
2.2297  2.69286  2.78532  
2.01864  2.59381  3.86241  
1.93375  2.47134  4.16368  
1.75084  2.49248  4.962  
2.21545  1.95832  4.43676  
2.11539  2.45554  3.27954  
1.89751  2.18036  4.95454  
1.84747  1.8121  4.59717  
1.39344  3.05883  4.63342  
1.11685  0.965028  6.50794  
1.02384  3.54586  4.49323  
2.47762  1.91647  2.39301  
2.37216  2.48799  2.90244  
1.78788  2.09079  5.02018  
1.88038  1.80918  5.12539  
1.93303  2.49639  4.51607  
1.63645  3.07114  4.82099  
0.949765  0.797887  6.55735  
1.28026  2.44133  5.57147  
2.1436  2.50337  4.01702  
0.828004  4.34521  1.79471  
2.2183  3.14782  1.95953  
1.87505  3.43804  2.89665  
1.3775  4.41419  1.95703  
1.60383  0.949548  5.89154  
1.62405  3.87397  2.64583  
1.23168  1.42781  6.39169  
1.50395  3.65657  3.4807  
1.43364  1.60542  5.96579  
1.19184  3.82394  4.09675  
2.19678  3.07229  2.06436  
2.47108  2.10716  2.32804  
1.32136  2.47172  5.62953  
2.10707  3.59804  0.955971  
2.32239  1.97594  3.20969  
1.75273  2.98409  4.78317  
1.4384  2.42216  5.6102  
1.50751  2.86089  5.08424  
1.45998  1.61483  5.88469  
1.92382  2.83693  4.34288  
0.993328  1.32096  6.55446  
1.63157  2.04129  5.57933  
2.63382  1.67047  1.46291  
2.03721  2.48396  4.19559  
2.25285  1.08103  4.63638  
1.62724  3.3394  4.69025  
1.1903  3.26226  5.08178  
0.617159  1.01193  6.55278  
1.79876  2.7898  4.09004  
1.66658  1.76348  5.46599  
1.87167  1.66329  5.19158  
1.40213  1.31271  6.06364  
2.02034  1.53521  4.45168  
1.65775  2.9666  4.38577  
0.798159  2.17325  6.25494  
1.40884  3.01239  5.13493  
2.26742  2.74698  2.07292  
2.36065  1.49136  3.69624  
1.08859  1.49775  6.54946  
1.31091  1.56594  5.86726  
0.764989  2.05604  6.37236  
2.32612  2.54659  1.32445  
1.16623  2.49824  5.53235  
1.89576  3.29375  2.97413  
2.24752  2.40348  3.89016  
1.26218  2.1541  5.76891  
2.17558  2.88169  2.34744  
1.31143  1.87389  5.86563  
1.79701  1.84164  5.52082  
1.57193  0.984664  5.67049  
1.84209  2.87902  4.06718  
1.94794  2.71926  4.21849  
1.88748  3.0578  3.91577  
1.88576  3.37376  3.0429  
1.69341  3.18918  3.8274  
2.25201  2.8398  3.44836  
2.34173  2.32518  2.92267  
1.14613  2.95959  5.65929  
0.690159  1.21769  6.53317  
0.865458  3.50093  4.52251  
1.06264  3.25714  5.2336  
2.04581  3.19394  2.85399  
2.6157  1.69198  1.36942  
1.51664  3.14196  4.65327  
0.675999  1.22632  6.40085  
0.565695  3.42225  3.02841  
1.22278  0.981786  4.87727  
0.87048  3.0882  3.34645  
0.999242  1.67127  4.87534  
0.919186  2.1651  4.5323  
0.543249  1.07345  5.73438  
0.380225  2.37919  4.91073  
0.267336  1.83421  5.49522  
0.465415  3.56774  2.80536  
1.6364  1.75877  2.92454  
0.582469  3.76126  1.98396  
1.34486  1.97855  3.7516  
1.52424  1.90137  3.22238  
0.825269  3.30038  2.85182  
0.629309  1.91188  5.18182  
0.789526  0.681962  5.66044  
1.38795  2.86993  1.86779  
1.46949  2.41295  2.62267  
0.525829  0.632262  5.86243  
0.706156  3.6015  2.20107  
0.0808468  3.4073  3.41292  
1.67293  0.0719807  3.66818  
0.831299  1.72428  5.06497  
0.667778  0.0754432  5.80626  
0.9058  1.0906  5.32148  
0.0768576  3.26329  3.69723  
1.47827  2.89493  0.064872  
1.28057  3.27306  0.0793641  
0.0666009  1.42243  5.71141  
1.52998  2.55511  1.86525  
1.72335  1.45979  2.71971  
0.978251  3.17882  2.70906  
0.0712449  3.82542  2.14166  
1.96133  1.38328  0.0718742  
1.66409  2.51649  0.0785095  
1.34506  0.0645396  4.67348  
0.941459  0.0710136  5.47295  
1.94645  0.0749286  2.19077  
1.58974  0.0809338  4.01813  
0.867161  2.68898  3.93507  
0.673307  3.88722  0.102643  
0.823489  3.68495  1.42225  
1.54776  2.07135  2.8706  
1.28009  1.45802  4.38048  
1.0683  1.8578  4.51655  
0.0615197  0.0615193  6.06152  
2.02616  0.980058  0.0777197  
0.0803411  2.53261  4.81657  
1.4612  1.5631  3.7357  
0.0654669  2.97111  4.18903  
2.07383  0.0738302  0.0738302  
1.2043  3.06391  2.15589  
0.0674303  4.06742  0.0674232  
0.688102  1.25844  5.50792  
1.5075  1.64077  3.62178  
1.38096  3.08806  0.977293  
1.7745  0.0677498  3.19556  
1.15985  0.075667  5.11759  
1.35452  2.67855  2.51845  
0.459853  1.74329  5.42292  
0.742423  3.85478  0.0803234  
1.04354  3.57657  0.0758963  
0.079262  2.05061  5.29685  
1.8286  1.96306  0.067446  
1.21735  2.33779  3.60295  
1.85854  1.33961  2.00169  
0.0741218  3.51203  3.12084  
0.729251  2.33822  4.62513  
0.757212  3.49466  2.39691  
1.04411  1.30871  4.98197  
1.88249  0.0742435  2.63784  
1.74981  1.85902  1.94791  
1.11101  3.37205  1.45085  
2.01494  0.126923  1.56182  
1.07428  2.8366  3.27006  
1.48651  0.0980739  4.38041  
0.118199  3.68566  2.6671  
1.89412  1.76231  0.0856548  
0.143309  2.7501  4.53485  
0.0819302  3.9607  1.52369  
0.0832598  3.13374  3.96414  
0.741216  3.12045  3.44699  
0.172132  2.27108  5.07175  
1.12887  2.12153  4.12288  
0.119614  1.05093  5.89112  
1.61295  1.35774  3.34485  
1.72445  2.34867  0.312493  
1.42584  2.19925  3.14164  
0.547184  3.35325  3.17789  
1.04081  0.0736927  5.32556  
0.901648  2.40975  4.2692  
1.3109  1.78724  4.04242  
0.88594  1.96585  4.77429  
1.22439  1.16268  4.7141  
1.23558  2.75229  2.88325  
0.658056  2.66515  4.32156  
1.63971  2.34202  1.90108  
1.83584  0.0790186  2.94646  
1.46722  0.793965  4.25951  
1.09303  2.50854  3.71883  
1.04327  3.57407  0.0745712  
0.147157  1.25222  5.8116  
1.31675  1.05053  4.54165  
0.492877  2.24464  4.95849  
1.82724  0.0713191  2.9437  
1.47108  1.80774  3.48411  
1.19981  2.88615  2.75376  
0.683048  2.91041  3.9017  
1.32413  2.50348  3.03594  
1.53966  1.28611  3.74254  
1.01102  2.5541  3.85197  
0.952537  1.15648  5.21202  
0.568763  1.18521  5.64568  
0.577208  3.5648  2.59049  
1.34071  2.95532  1.78424  
1.76145  1.10087  2.90388  
0.636918  1.62292  5.34227  
1.19693  1.24467  4.71991  
1.06731  2.87252  3.19875  
0.0792377  3.38513  3.4571  
0.659289  2.62107  4.35594  
0.859265  2.67546  3.9676  
2.03793  0.870573  0.0776222  
1.72952  1.58851  2.50827  
1.1573  0.0719791  5.11169  
1.42912  1.54538  3.84969  
1.64176  1.00971  3.45416  
0.662668  0.0737208  5.80768  
0.580984  3.95206  0.0797292  
1.90685  1.67327  0.0737168  
0.0752055  3.25469  3.70931  
1.97164  1.31073  0.070244  
0.834515  3.4336  2.35775  
0.95176  3.5083  1.69115  
1.67341  2.4684  0.0720475  
1.47837  0.0803516  4.37103  
1.28568  3.2589  0.0750139  
0.0752001  2.55922  4.77795  
1.3466  0.0634493  4.6658  
1.35427  2.69116  2.47895  
1.48694  2.87447  0.0638707  
2.07339  0.0733866  0.0733866  
1.94809  0.0713199  2.14491  
1.54039  2.00239  2.89663  
0.935088  0.0678337  5.47439  
0.0604344  0.0604342  6.06043  
1.5824  0.0708129  3.99967  
0.826288  1.72231  5.04889  
0.0651167  2.97169  4.18719  
1.86965  0.0702089  2.689  
0.614523  3.83977  1.34368  
0.970202  3.09093  2.94111  
0.0655078  4.0655  0.0655007  
1.77504  0.0669948  3.1884  
1.21709  2.34181  3.59611  
1.12443  3.36024  1.39683  
0.0659103  2.05959  5.26753  
1.39492  2.21167  3.2182  
0.125061  1.46286  5.69839  
0.0770559  2.31928  5.04545  
1.01574  3.59506  0.0702522  
1.68751  0.0794896  3.64718  
1.82898  1.94921  0.0648171  
0.0708562  3.49757  3.15157  
1.07028  1.8638  4.49941  
0.0701975  3.81986  2.15947  
1.21848  3.0528  2.08868  
0.708185  2.35014  4.62517  
1.58767  2.70151  0.0779578  
0.109337  3.6718  2.69518  
1.6082  2.29322  1.97778  
1.76093  2.22205  0.0738372  
2.01953  0.0744271  1.45593  
1.26168  0.0737101  4.89646  
0.939466  3.68467  0.076343  
0.780032  3.00165  3.53293  
1.26852  1.61804  4.27544  
0.142538  1.77275  5.49315  
0.730681  3.64408  1.92557  
0.115367  1.0074  5.90481  
1.051  1.33874  4.9467  
0.139464  2.78176  4.48148  
0.0783563  3.93687  1.65146  
1.16043  2.64299  3.30845  
0.761024  1.26691  5.41944  
1.00396  2.2718  4.21645  
1.8508  1.37335  1.97784  
1.39606  3.09324  0.0804676  
0.807025  0.073506  5.6554  
0.662948  3.34232  3.0737  
1.05865  0.0746101  5.2981  
0.0738023  3.12388  3.95558  
1.48073  2.53262  2.26034  
1.69212  1.95979  2.15064  
0.486595  0.105329  5.93489  
1.58199  1.64884  3.23967  
1.05014  3.24411  2.27553  
1.40794  1.17593  4.22333  
0.748386  2.0895  4.86072  
1.31792  2.0066  3.76456  
0.873952  3.13238  3.30805  
1.04775  0.0743363  5.31573  
1.58339  1.63981  3.23582  
1.88761  0.843128  2.33691  
0.714746  1.03927  5.57126  
0.598153  2.41557  4.68853  
1.41804  2.93374  1.26114  
1.30852  2.52555  3.04824  
1.5403  1.30026  3.72841  
0.608982  3.0076  3.82844  
0.94183  3.52043  1.6587  
1.16794  1.47745  4.63953  
0.68849  3.78264  1.36096  
0.927563  1.28182  5.18658  
0.0790151  3.39629  3.43167  
0.564475  3.57714  2.57133  
1.75279  1.13734  2.88954  
1.46307  1.8351  3.4759  
0.54531  1.21099  5.64938  
1.92847  1.08698  1.72902  
0.586813  1.95194  5.15127  
1.16509  2.14353  4.11764  
1.58203  0.0704463  3.9993  
0.828792  3.44881  2.3593  
1.4064  1.61814  3.85443  
1.37183  2.67448  2.4304  
0.0728337  3.28346  3.65148  
1.00754  0.0679277  5.36455  
1.62237  0.943666  3.56783  
0.843461  2.82022  3.73582  
1.2637  1.62897  4.27806  
0.739624  3.85027  0.0765184  
1.49848  2.51357  2.19794  
1.97088  1.31236  0.0698235  
0.74622  1.34433  5.39028  
1.23592  0.941829  4.7778  
1.15843  0.0706214  5.1055  
1.06817  1.86748  4.49909  
1.01719  3.34984  2.04592  
1.55677  1.92855  2.92205  
0.657715  0.0668972  5.79912  
1.08004  3.10853  2.50904  
0.820498  1.73117  5.0474  
1.47635  0.0629214  4.30793  
2.07298  0.0729766  0.0729766  
1.03874  3.56844  0.0695193  
0.0648695  4.06487  0.0648695  
1.67474  2.4639  0.071786  
0.0646278  2.9712  4.1867  
0.101202  1.75875  5.51663  
0.0602178  0.0602178  6.06022  
0.0699286  3.818  2.16563  
0.0649805  2.14749  5.18768  
1.72796  1.58405  2.5151  
0.899055  3.72449  0.0775243  
1.82887  1.94818  0.0645179  
1.77471  0.0661423  3.185  
0.0743685  2.55661  4.77932  
0.0670123  3.49545  3.15532  
1.21636  2.34082  3.59851  
1.10811  2.66748  3.42483  
1.94738  0.0700977  2.13947  
1.28306  3.26079  0.0741812  
1.48657  2.87391  0.063434  
0.0683617  1.41381  5.71869  
1.869  0.0695026  2.68795  
0.784184  2.4537  4.39521  
0.108505  3.67094  2.6946  
1.61192  2.29019  1.95573  
2.01723  0.0730426  1.48061  
0.0767739  2.7614  4.52467  
0.0768219  3.95963  1.51846  
0.965068  2.97541  3.21051  
0.814339  0.072861  5.64528  
1.90678  1.6709  0.0732406  
1.17474  3.41587  0.0749461  
1.32816  3.01859  1.53103  
1.38667  2.20378  3.2553  
1.76078  2.21878  0.0729345  
1.0114  2.37957  4.06572  
0.118892  0.982659  5.91601  
0.680856  3.18514  3.38124  
1.84844  1.36474  2.00385  
1.58599  2.70233  0.0770331  
0.716921  2.15699  4.81237  
1.19385  2.77875  2.93394  
0.695966  3.64236  1.98009  
0.538869  3.97141  0.0787217  
1.68714  0.0784015  3.64316  
1.04636  1.35073  4.94634  
0.072821  3.12749  3.94644  
2.0308  0.913657  0.0752251  
1.40616  1.15923  4.23559  
0.0762933  2.33996  5.02307  
1.70878  2.03316  1.84942  
1.67317  1.36538  3.11278  
0.733992  3.33499  2.93706  
0.480435  0.0741759  5.94909  
0.66413  2.69746  4.24364  
1.31081  2.00452  3.78308  
1.46296  1.79992  3.51143  
0.856993  2.33185  4.42316  
1.51602  0.90988  3.97997  
0.471931  0.912387  5.80676  
0.0842217  0.704226  5.9838  
1.01548  1.6962  4.74954  
1.68381  1.40509  3.02957  
1.39099  2.19659  3.24954  
0.904257  3.15511  2.98457  
0.560275  1.73979  5.31771  
1.42241  2.84452  1.64883  
1.05425  3.55838  0.0732659  
0.957512  1.10731  5.22068  
0.565125  3.78305  1.70633  
1.95218  1.2048  1.13943  
1.70377  2.10474  1.68469  
1.2652  3.29152  0.500624  
1.06352  2.55682  3.70936  
0.51743  2.90059  4.05909  
0.514137  3.97866  0.0758768  
0.0673776  1.81448  5.4648  
0.833138  1.59105  5.11204  
1.42185  2.61449  2.26789  
1.71704  1.68931  2.37444  
0.709139  1.37008  5.41934  
0.682386  3.0724  3.54242  
0.645141  3.8963  0.0670418  
0.845528  2.68495  3.93514  
1.15261  3.43165  0.0692921  
0.0647204  4.06472  0.0647204  
0.847884  3.40321  2.37385  
1.48981  0.0629054  4.26713  
0.0651522  2.49345  4.83302  
1.06825  3.02943  2.72307  
0.072655  3.01365  4.13943  
0.968773  2.00182  4.56494  
0.0879389  3.83551  2.06138  
1.03784  0.0666253  5.31169  
1.65758  0.0637909  3.6866  
0.0657579  1.46608  5.68607  
1.52172  2.05293  2.89844  
0.0645311  2.81645  4.4189  
0.0656501  2.29641  5.04595  
1.82734  0.061056  2.87462  
1.92994  1.5161  0.0659963  
0.522298  0.0732427  5.92005  
1.34267  3.13776  0.0632678  
1.97115  0.0632547  1.85998  
0.0601567  0.0601567  6.06016  
0.0649847  2.13004  5.20356  
2.07292  0.0729154  0.0729154  
1.28289  0.0658396  4.827  
1.18591  1.82913  4.29983  
1.77259  2.145  0.0644338  
1.36381  1.69589  3.91605  
1.6856  2.45213  0.0765205  
0.0722939  3.24384  3.72851  
0.0665518  3.54174  3.03667  
0.0680169  3.19298  3.81317  
0.937908  3.67246  0.0693481  
1.21467  2.42623  3.43901  
0.726295  0.0666873  5.73098  
1.59985  1.35965  3.38753  
1.0917  2.16057  4.14519  
1.88704  1.31174  1.64677  
1.47617  2.93081  0.0755144  
1.22673  1.45052  4.51584  
2.00963  1.08715  0.0747521  
1.4779  1.50319  3.71657  
0.0875388  1.02664  5.89994  
0.108634  3.70112  2.59885  
1.74726  0.0711327  3.2926  
1.07567  1.36475  4.88951  
0.898664  0.0727338  5.53722  
1.58069  2.69696  0.0717127  
1.26993  2.67738  2.81826  
1.17104  0.0704607  5.08029  
1.11033  3.25808  1.86153  
1.00957  2.86561  3.25897  
0.695681  2.31703  4.67754  
0.07668  3.96779  1.4671  
1.38887  0.145273  4.57119  
1.61632  2.34532  1.74811  
0.752011  3.74385  1.19272  
1.58245  0.111112  3.95557  
0.653278  3.30318  3.11156  
1.89565  0.509209  2.39827  
1.31745  2.15181  3.51831  
0.989034  3.5057  1.31809  
1.83678  1.8761  1.03502  
0.739288  2.53632  4.31678  
2.02884  0.0733806  1.33261  
1.29805  2.94962  2.08248  
1.79957  1.47404  2.17388  
0.594404  3.55236  2.5407  
0.676202  2.00422  5.00339  
1.6273  1.87656  2.68318  
1.40445  1.26481  4.14578  
0.367531  2.64135  4.56891  
0.59681  1.14982  5.63816  
1.77389  0.0603003  3.15424  
1.82218  1.95221  0.0600944  
0.0605885  3.45711  3.22887  
0.982481  2.03797  4.48297  
0.0606152  1.20446  5.80988  
1.0167  3.31959  2.02551  
1.2089  2.33142  3.59971  
0.568027  2.5594  4.4961  
0.0604682  1.53316  5.63873  
0.702057  2.07014  4.87737  
0.902403  0.0599229  5.50153  
0.0606814  2.05988  5.25702  
1.75255  1.55757  2.3436  
0.0607338  1.78403  5.47486  
0.0645243  4.06452  0.0645243  
0.0613044  3.55073  2.99407  
1.37755  2.61182  2.46473  
2.01756  0.880978  0.0601242  
1.29173  2.76533  2.49908  
1.00468  3.58776  0.061017  
0.0607803  2.44549  4.87703  
1.37039  1.59787  3.96306  
1.74719  2.2087  0.0601853  
1.16802  0.0609935  5.05791  
0.0609289  2.62458  4.66574  
1.17806  3.12134  1.97795  
0.910175  3.18358  2.81036  
0.0609571  3.0939  3.97026  
0.892774  1.56506  5.02751  
0.595406  1.86742  5.17194  
0.0611642  2.87484  4.32375  
1.4507  2.03027  3.20755  
0.581124  2.9705  3.86937  
1.67869  2.04647  1.94685  
1.08437  1.381  4.81895  
1.1317  3.43937  0.0609972  
0.950737  3.49813  1.58888  
0.781259  2.69738  4.02128  
1.81999  1.02747  2.51303  
0.66883  3.87048  0.0601975  
0.0605872  3.96013  1.39443  
0.0606673  0.836204  5.9467  
0.519294  3.95386  0.0605184  
1.35359  2.86811  1.86009  
0.616105  1.15203  5.58629  
0.0618099  2.25463  5.07923  
1.98253  0.0632413  1.75057  
0.631926  3.16001  3.44607  
0.76001  3.26611  2.99839  
1.06965  2.27888  4.03007  
1.57247  2.67817  0.060522  
1.65606  2.47271  0.0606892  
1.72631  0.0599398  3.37791  
1.59453  1.3583  3.39506  
0.0599184  0.0599184  6.05992  
1.17252  1.8543  4.26136  
1.12388  2.65999  3.31924  
0.0604802  3.8138  2.13388  
0.682135  3.57843  2.22405  
0.0607528  3.73179  2.44161  
1.7102  1.17961  3.00719  
1.93074  1.47519  0.0600813  
1.20706  1.30157  4.6154  
1.29495  0.061361  4.78411  
0.549163  3.78611  1.67961  
1.4094  0.0601674  4.48919  
1.50737  0.0599554  4.20058  
0.0638373  3.2836  3.61276  
1.58576  1.87288  2.82739  
1.04341  0.0603687  5.28556  
1.25812  3.26409  0.0605341  
1.87938  1.72157  0.0600795  
1.30935  2.04301  3.68805  
1.51909  2.54195  1.79512  
1.57045  0.103391  3.99312  
0.839118  2.40365  4.32911  
0.965131  1.15028  5.15601  
1.4727  2.89188  0.0601418  
1.48421  1.46255  3.71424  
2.02483  0.0600469  1.18098  
1.6447  0.0599641  3.72023  
1.38636  3.05565  0.0609191  
0.530557  0.0600941  5.89173  
0.800013  3.41199  2.4711  
1.87563  1.25134  1.85867  
2.06094  0.0611058  0.0609392  
1.54407  2.31616  2.25483  
0.801742  3.75568  0.683691  
1.3293  1.17375  4.38898  
1.94146  0.0600605  2.09547  
1.3427  2.39111  3.05939  
0.0611843  3.64949  2.70968  
0.697415  1.40565  5.37737  
1.86471  0.0699857  2.6504  
0.736066  0.0605235  5.70783  
1.79071  1.78544  1.61336  
0.900708  3.68978  0.060176  
0.890668  2.84153  3.58468  
1.0392  2.96726  2.95092  
1.97801  1.19724  0.0604779  
0.0600163  3.87134  1.88099  
1.57565  0.0599271  3.97443  
1.52392  2.35275  2.27198  
1.10754  2.228  4.01067  
0.826428  0.0609649  5.60411  
1.00128  3.58916  0.0599315  
0.994623  1.94186  4.55231  
1.84358  1.87111  0.0602623  
1.78796  2.07385  0.0599448  
0.646313  2.08561  4.93222  
0.855273  1.72374  4.9744  
1.62442  1.83329  2.68744  
1.25061  2.35454  3.44678  
2.02229  0.0600684  1.2207  
1.50414  0.0598682  4.21035  
1.29692  1.38686  4.33656  
0.480256  3.9707  0.0600123  
0.0600534  4.06005  0.0600454  
1.3238  2.58325  2.7623  
1.49285  2.85118  0.0601698  
0.0601267  1.48767  5.66501  
0.685869  0.0607821  5.76019  
0.731248  3.27847  3.01091  
1.26716  0.310964  4.83171  
1.79818  0.0598837  3.02718  
0.769547  3.3946  2.6029  
1.88974  1.10101  1.91134  
0.060016  3.76123  2.33534  
1.95974  1.30987  0.0599004  
1.13263  2.8009  3.01668  
1.433  2.2066  3.00378  
1.34634  2.77225  2.19742  
2.06  0.0599976  0.0599976  
1.22824  3.04692  1.96948  
0.0601752  1.76948  5.48472  
0.0606906  3.6645  2.66414  
1.40298  1.47113  3.97588  
0.891239  3.69802  0.0599315  
1.73448  1.80719  2.03816  
1.12609  1.39079  4.72888  
0.505945  0.0604923  5.90978  
1.21912  3.31955  0.0599299  
0.997083  3.13987  2.65998  
0.940209  2.94865  3.27308  
0.0600675  2.21909  5.11099  
0.728122  1.14108  5.47882  
1.71776  1.24671  2.9081  
0.0601451  3.54438  3.00716  
1.7208  2.28844  0.0599448  
0.0600424  2.38878  4.93839  
0.727152  2.25223  4.66757  
0.953053  0.0600981  5.42873  
0.944586  1.20834  5.15779  
0.0602742  3.39751  3.36805  
1.07172  3.29767  1.90358  
1.23741  1.73242  4.21036  
0.0723298  1.22866  5.79847  
0.684424  2.58301  4.32235  
0.06022  2.61163  4.68115  
0.681881  3.08873  3.50667  
0.0602156  3.10991  3.94256  
1.67192  0.0598449  3.61104  
1.50104  2.61868  1.68993  
0.769212  3.79988  0.0598971  
1.74259  0.0617174  3.3036  
1.34478  0.0600074  4.65787  
0.654949  1.62292  5.28803  
1.4677  1.82157  3.40607  
1.63239  2.1878  1.94898  
1.86616  0.0600148  2.63615  
1.84739  1.54733  1.59837  
0.874533  3.49193  1.94971  
0.636502  3.89019  0.0599867  
0.0599721  2.00573  5.30225  
1.18002  0.0599413  5.03064  
0.700486  2.84114  3.92511  
1.02403  2.62834  3.63739  
1.5772  2.66726  0.0621767  
0.0650045  2.79098  4.45595  
1.10121  3.47501  0.0599169  
1.905  1.60404  0.0600072  
0.0601917  3.24572  3.68896  
0.630501  3.69451  1.8909  
1.59961  1.48298  3.23953  
1.41953  2.99363  0.059971  
0.0598161  0.0598161  6.05982  
2.00667  0.976538  0.0599256  
0.0603293  0.873366  5.93508  
0.906416  2.40232  4.2132  
1.64012  2.51132  0.0597751  
1.96874  0.0598167  1.84986  
1.5444  1.12985  3.75311  
1.05758  0.06143  5.26422  
1.91764  0.060168  2.28366  
1.4315  0.0599664  4.42659  
1.8116  1.09266  2.50744  
0.0599724  2.96594  4.18298  
1.31678  3.17157  0.0600062  
1.29984  2.03237  3.73053  
0.0597896  3.98028  1.25015  
0.0596556  0.0596556  6.05966  
2.03072  0.0598336  1.07994  
1.312  1.75089  3.99099  
2.05983  0.0598336  0.0598336  
1.30647  2.08541  3.64313  
0.789273  0.0599725  5.64682  
0.955695  3.1309  2.80905  
1.59426  2.39949  1.64128  
0.0630622  3.6423  2.74176  
0.671989  3.31608  3.02508  
0.0617353  3.94377  1.50811  
0.891541  2.95003  3.37719  
0.0613663  2.93848  4.22599  
0.637183  3.10854  3.53929  
1.97137  1.23573  0.0597554  
1.2533  2.49819  3.19172  
1.07949  3.50276  0.0606683  
1.59082  1.81309  2.88806  
1.15792  0.059924  5.07487  
1.0561  3.22599  2.2001  
1.69618  0.0600171  3.51  
1.24401  1.19135  4.60805  
1.78501  2.08341  0.059822  
1.72367  2.29223  0.129496  
0.931055  2.03745  4.57321  
1.13835  2.80343  2.9969  
1.4861  1.44661  3.72113  
1.33862  3.13623  0.108845  
0.844433  2.46998  4.23071  
1.88991  0.059854  2.48017  
1.61458  0.0605091  3.83725  
1.30538  2.75324  2.4581  
1.36123  0.0610096  4.61617  
1.27372  0.0602738  4.82886  
1.36964  1.27367  4.21555  
0.0614153  3.03591  4.06901  
1.22317  3.00851  2.12406  
1.98648  0.0599061  1.67069  
0.788428  3.78471  0.0596931  
1.83689  0.0604058  2.81294  
1.45731  1.88084  3.3846  
0.915509  0.0597905  5.48286  
1.69217  1.17307  3.10439  
1.70113  2.05937  1.72546  
0.73676  3.45002  2.52115  
1.68089  1.86694  2.30354  
1.42107  2.99071  0.0599494  
0.0598175  3.74618  2.38879  
1.01709  2.64123  3.63574  
0.0599462  2.25371  5.07709  
0.0604949  3.85071  1.97806  
1.53116  0.0598881  4.12402  
0.0600634  2.01454  5.29505  
1.90896  1.13771  1.67793  
1.53518  2.16168  2.60374  
0.0599718  0.84405  5.94339  
0.0599352  1.50071  5.6572  
0.712027  2.11746  4.84915  
1.44898  0.0624151  4.3802  
0.64473  3.88486  0.0597699  
0.0609692  1.21074  5.80671  
0.4594  3.97922  0.0598496  
1.1681  1.83583  4.2849  
0.655357  0.0599712  5.78793  
0.658279  2.38579  4.59903  
1.19226  3.35668  0.0597568  
0.0599273  1.7642  5.48807  
1.93966  0.0598185  2.10812  
1.47558  2.88554  0.0599494  
0.646119  3.67799  1.91837  
1.07161  1.36075  4.85539  
1.4387  2.6225  2.09013  
0.0599311  3.24242  3.69469  
0.49683  0.0599359  5.91502  
1.91281  1.56514  0.0598336  
1.84909  1.84689  0.0597985  
1.54597  2.73684  0.0598825  
1.09354  2.26558  3.99163  
0.707328  2.82098  3.94229  
1.62716  2.54442  0.0597904  
2.01535  0.897862  0.0597409  
1.75077  1.34516  2.63262  
0.719744  1.46724  5.31577  
0.632634  1.18399  5.55574  
0.0604287  2.62086  4.66983  
1.58419  1.2453  3.52214  
1.78038  0.059985  3.11898  
0.0598571  3.5171  3.07756  
0.0603213  2.78416  4.45424  
1.0406  0.0598752  5.28898  
1.82953  1.47249  1.88444  
0.0601105  2.44897  4.8726  
0.873338  3.54736  1.70568  
0.940298  3.65119  0.0597427  
0.96874  1.067  5.18843  
0.0599311  3.38404  3.39732  
1.39633  2.35463  2.90862  
0.828985  1.6672  5.04724  
1.28011  3.22896  0.0598177  
0.0599168  4.05992  0.0599168  
0.96159  3.62981  0.0740131  
2.05978  0.0597801  0.0597801  
1.16816  1.32258  4.6927  
0.677196  2.92707  3.81971  
1.70017  1.99147  1.90046  
1.72462  1.27292  2.84441  
1.57716  1.98332  2.70826  
1.43783  0.0628627  4.42007  
1.52885  0.0600043  4.13214  
1.63224  2.53134  0.0597289  
0.895349  1.83836  4.81406  
1.847  0.0684572  2.76077  
0.86294  3.54758  1.7539  
0.0597477  1.14697  5.83385  
1.33615  2.86258  1.98913  
0.841887  3.74143  0.0598772  
0.573445  3.73262  1.87266  
0.716458  0.0624197  5.72741  
1.5568  2.71267  0.0599007  
0.792628  2.22087  4.60627  
0.678109  3.46843  2.5958  
0.977462  3.09828  2.82549  
0.0596793  3.61883  2.79792  
0.0616611  1.48117  5.66837  
1.24823  2.37051  3.42096  
0.610725  1.92029  5.11084  
1.50378  1.6229  3.48768  
0.0598526  0.785577  5.96025  
0.752972  3.0446  3.4885  
1.46496  1.3907  3.86278  
0.634823  2.56259  4.41537  
0.0597106  2.2643  5.06616  
1.4155  2.08555  3.26164  
1.96849  0.0596556  1.85047  
0.959094  3.30694  2.30088  
0.0597421  2.79851  4.43274  
0.703388  3.84694  0.0597433  
0.83835  0.0597993  5.58653  
1.6648  1.74561  2.59938  
0.0601793  2.04144  5.27201  
0.0597151  2.57962  4.7194  
0.0597494  3.5038  3.11125  
0.0597366  2.94819  4.21038  
1.84286  1.87141  0.0597546  
1.76214  0.0597118  3.20862  
1.77246  2.1256  0.0598171  
1.28982  0.059806  4.79093  
0.0596958  3.96303  1.37078  
1.3045  1.35344  4.34432  
1.62139  1.22616  3.3747  
0.0596609  4.05966  0.0596609  
0.939963  0.0597298  5.44737  
1.92037  0.0597585  2.2603  
1.01587  1.36562  4.95254  
1.03731  0.0597587  5.2942  
0.741709  1.44486  5.3047  
1.04165  2.79567  3.30426  
0.533701  3.94572  0.0827977  
1.29737  2.57042  2.90328  
0.958094  2.63438  3.778  
1.12735  0.0616206  5.13875  
0.0603731  3.75661  2.35201  
0.0597421  3.23986  3.69917  
0.589559  1.31616  5.53017  
0.0596492  2.42563  4.8975  
1.33491  1.91086  3.76076  
0.0599615  1.77792  5.4784  
1.96686  1.26427  0.0597059  
1.49186  2.85446  0.0605804  
1.16846  3.38917  0.0598799  
0.05961  0.05961  6.05961  
1.68338  0.0597113  3.56302  
1.22767  1.78896  4.20235  
1.25333  3.26953  0.0598268  
1.78611  1.61302  2.01587  
0.0598844  3.37752  3.41174  
1.21015  3.09268  1.90772  
1.44164  2.41881  2.57001  
1.20379  0.0597066  4.98104  
0.782195  2.66745  4.06377  
1.59512  2.37991  1.7223  
1.60632  0.0628925  3.87859  
1.0837  3.49577  0.0597556  
0.0597041  3.88249  1.82583  
1.15996  2.9263  2.63545  
1.90448  1.60503  0.0597546  
1.33052  3.14879  0.0598492  
1.87273  1.25506  1.85196  
1.46616  2.61467  1.93394  
2.01151  0.0596837  1.3687  
0.523612  0.0597943  5.89621  
1.70956  2.32236  0.0601395  
1.03606  1.95777  4.45568  
1.41583  3.00101  0.0601588  
1.15659  2.23842  3.8704  
0.0597421  3.10028  3.95833  
1.36713  0.0598442  4.60067  
0.704704  3.25896  3.09768  
2.01696  0.882313  0.0597076  
0.954288  2.34622  4.19589  
0.977434  3.05968  2.92121  
1.04004  1.80929  4.58413  
0.0596347  4.05963  0.0596347  
0.664984  1.15096  5.54063  
0.0596671  3.48935  3.14737  
0.72955  2.06747  4.86282  
1.77944  1.32434  2.46941  
0.0643757  3.91152  1.70638  
0.0596884  3.6027  2.84463  
2.00589  0.981211  0.0597059  
1.6889  0.0602477  3.5427  
0.0597066  2.0217  5.28836  
0.974815  3.61639  0.0597024  
0.941429  2.28467  4.29982  
1.5298  1.97906  2.93373  
1.14377  1.27137  4.76344  
1.60965  2.58756  0.0596734  
1.45582  2.92393  0.059729  
0.641496  3.41911  2.8129  
1.52389  2.78455  0.0597162  
1.94015  0.0601269  2.10664  
1.30947  2.43903  3.09579  
1.25699  1.47899  4.36961  
1.9579  1.31923  0.0596443  
1.14723  1.98863  4.1818  
1.08048  3.49971  0.0598128  
0.818055  3.76099  0.0596965  
0.739361  2.62724  4.18469  
1.51381  1.65066  3.41767  
1.12458  2.65519  3.32296  
1.61976  1.29869  3.32406  
0.641148  0.0611696  5.80062  
1.87638  0.0600495  2.57145  
0.689475  3.85628  0.0597377  
0.64783  2.34484  4.65804  
1.77242  2.12528  0.0597152  
0.0609073  3.37039  3.43085  
0.710915  3.18465  3.25619  
0.541202  3.72281  1.99855  
1.88319  1.22254  1.81112  
2.05966  0.0596589  0.0596589  
1.03567  0.0603556  5.29678  
1.7613  0.0603574  3.21276  
1.45252  0.0600438  4.36679  
1.47461  1.36398  3.82224  
1.5309  0.0600102  4.12546  
1.28562  3.21997  0.0596282  
0.986725  1.16023  5.11443  
1.17915  2.83294  2.78877  
1.39645  1.99294  3.45239  
1.64738  2.23903  1.68224  
1.14037  0.0627899  5.10827  
0.889324  2.84865  3.56719  
0.0597583  2.25736  5.07311  
1.35521  0.059677  4.63071  
1.39691  2.72378  2.06945  
0.897305  3.29344  2.54529  
1.36004  1.6189  3.97458  
1.62718  0.0596751  3.78612  
0.723451  3.56436  2.16153  
1.66567  1.59708  2.79312  
1.2505  0.0634547  4.88017  
0.63759  1.85459  5.13521  
1.81916  0.0600246  2.9124  
0.749277  1.45524  5.28838  
0.0596936  1.57513  5.61242  
0.0597426  2.6394  4.64526  
1.80182  1.63812  1.82095  
0.939221  0.059708  5.44833  
0.971583  3.43109  1.77562  
1.11576  3.25741  1.7841  
1.54988  2.45742  1.82125  
0.0599538  1.29259  5.76796  
0.620357  2.97816  3.80516  
0.0597261  2.95384  4.20149  
1.18537  3.36613  0.0598225  
0.0596702  3.22308  3.7317  
0.0597289  2.75544  4.49252  
1.98481  0.0599217  1.68829  
0.509468  3.95716  0.0596447  
1.8374  1.89208  0.0596129  
1.20748  2.22275  3.75009  
0.929064  1.67424  4.89004  
1.70814  1.92882  1.98479  
1.45037  2.32057  2.72277  
0.0746863  0.96534  5.90458  
1.38904  3.04808  0.0596364  
1.896  1.64516  0.0597965  
0.0595768  0.0595768  6.05958  
0.0596804  1.78352  5.47391  
0.0596965  2.48139  4.83511  
0.0596844  3.75167  2.36854  
2.02599  0.0596974  1.15658  
0.059679  3.0684  4.01343  
0.0606462  3.99142  1.16465  
0.806241  0.0596601  5.62595  
0.420092  0.0599525  5.96188  
1.68617  2.38714  0.0596231  
1.24953  3.00201  2.00385  
1.02327  2.46343  3.89165  
1.62189  2.25113  1.87723  
1.33133  3.14793  0.060028  
0.632773  3.8937  0.060782  
1.15051  0.0596938  5.08872  
1.77374  2.12058  0.0596583  
1.51301  2.80838  0.0599396  
0.0596156  3.52803  3.04838  
0.0598221  1.78827  5.47069  
1.30112  2.50126  3.01786  
1.06285  3.1839  2.29327  
0.0606414  1.25081  5.78889  
0.627912  3.50082  2.66483  
1.04154  2.54932  3.71723  
1.93372  0.0596243  2.15486  
1.34749  1.76911  3.86771  
0.961319  3.45717  1.71719  
0.640999  0.0596909  5.80066  
1.23775  3.29254  0.0598528  
1.13161  2.68184  3.25433  
1.51946  1.96537  3.00137  
1.88464  1.27253  1.70775  
1.24534  0.0597629  4.89184  
1.95932  1.31071  0.0596608  
0.905495  3.68446  0.0597493  
0.0665227  1.98985  5.31491  
2.0596  0.0595983  0.0595999  
1.87729  0.0596413  2.56269  
1.30304  0.0597639  4.75952  
0.0595715  0.0595715  6.05957  
1.08694  2.24088  4.03452  
1.47973  2.44227  2.31351  
1.84348  1.86897  0.0610975  
1.81734  0.0599988  2.92375  
1.19975  2.87809  2.62381  
1.36041  2.25282  3.22167  
1.79977  1.5961  1.91581  
0.0596073  2.52827  4.7806  
1.66925  2.43723  0.0605868  
1.39838  2.7382  1.9909  
1.0478  1.78423  4.60203  
1.23859  1.65039  4.27917  
0.0597573  2.9043  4.27807  
0.560203  3.79821  1.57593  
1.71312  2.31113  0.0600429  
0.658908  1.90275  5.07589  
1.4301  1.29928  4.01499  
0.650908  2.24687  4.75993  
0.765875  1.42154  5.28863  
1.46413  0.0598181  4.33178  
2.0081  0.962694  0.0597258  
1.53036  1.31336  3.69213  
1.69311  0.0607357  3.52634  
0.0598023  3.6411  2.73224  
0.819606  3.33376  2.64588  
0.0595965  4.0596  0.0595965  
1.59616  2.62104  0.0598913  
0.953104  1.20228  5.14695  
1.30429  1.12764  4.47516  
0.678255  2.53248  4.39574  
0.989185  3.02683  2.96121  
0.0599121  2.72109  4.5388  
1.60447  1.45703  3.24272  
1.13746  3.42934  0.0612863  
1.68358  1.91008  2.20065  
0.455636  3.98056  0.0597203  
0.725158  2.9579  3.68258  
0.590655  1.22771  5.57297  
0.695852  3.62428  2.0133  
1.75079  0.0597293  3.2633  
1.26427  3.02837  1.82338  
0.0598602  3.74523  2.392  
1.61854  0.0597256  3.81872  
0.930408  0.0596065  5.46103  
1.38235  0.059643  4.56008  
0.0598427  1.59173  5.60237  
2.01919  0.0596265  1.26012  
0.907264  2.19145  4.45866  
0.0596718  2.20047  5.12802  
0.059875  3.87016  1.88525  
1.72662  1.36435  2.73629  
1.03568  3.55099  0.0597944  
0.0596886  3.07188  4.00737  
0.896939  1.6722  4.94726  
0.0603797  3.37559  3.4175  
1.05294  0.059689  5.26748  
1.11128  1.37706  4.7708  
0.785872  3.79035  0.0617429  
0.0616005  3.97064  1.33383  
1.54348  0.0931542  4.08563  
1.9095  1.58056  0.0598814  
0.707815  3.22037  3.18077  
0.0596079  0.892142  5.92821  
0.839121  2.67871  3.94684  
0.445841  0.0595873  5.94663  
1.27422  2.10703  3.71512  
1.41893  2.99379  0.0598818  
0.0665256  3.23257  3.71394  
1.98068  0.0596241  1.72876  
0.0607772  2.36281  4.9674  
0.796176  0.0602052  5.63807  
