0.818652 2.37052
0.806973 2.41083
0.839517 2.32239
0.81286 2.38936
0.825108 2.35226
0.795133 2.46071
0.800924 2.43522
0.189958 3.62464
0.783508 2.5178
0.215988 3.59094
0.772057 2.5811
0.178811 3.64355
0.749235 2.72481
0.76651 2.61404
0.789038 2.48969
0.76088 2.64885
0.777559 2.54986
0.755133 2.68571
0.154007 3.69308
0.20131 3.60802
0.142934 3.71769
0.111716 3.79122
0.763707 2.6312
0.659726 3.3834
0.671532 3.29769
0.843929 2.31635
0.0202691 3.97588
0.803908 2.4229
0.828723 2.34334
0.643998 3.49255
0.727409 2.87854
0.210039 3.59723
0.758024 2.66701
0.714145 2.97685
0.040273 3.94481
0.195601 3.61603
0.0879245 3.84727
0.148484 3.70521
0.0501015 3.92711
0.707614 3.02603
0.0999509 3.81921
0.0565837 3.91465
0.734126 2.82994
0.78076 2.53238
0.648743 3.46033
0.740548 2.78447
0.679593 3.23782
0.687089 3.18148
0.700703 3.07836
0.126082 3.75695
0.13174 3.74359
0.173285 3.65377
0.0661739 3.89518
0.22523 3.58299
0.857924 2.30709
0.663812 3.35405
0.000168333 3.99983
0.815693 2.37986
0.67519 3.27063
0.769292 2.59734
0.694105 3.12839
0.0724786 3.88177
0.640288 3.51726
0.792303 2.4739
0.184368 3.63382
0.73737 2.80684
0.720948 2.92611
0.690261 3.15751
0.251412 3.57319
0.656554 3.40593
0.159519 3.68132
0.137357 3.73049
0.117506 3.77738
0.752204 2.70497
0.798003 2.44783
0.697084 3.1058
0.234771 3.57718
0.774811 2.56528
0.786265 2.50357
0.809598 2.40098
0.821775 2.36132
0.83543 2.3293
0.730807 2.85384
0.667742 3.32549
0.0303197 3.96113
0.0939729 3.83326
0.0817979 3.86121
0.105866 3.80518
0.165021 3.66998
0.636438 3.54244
0.682987 3.21237
0.746725 2.74181
0.0101486 3.98888
0.717282 2.95338
0.704209 3.05179
0.850064 2.31042
0.723923 2.90411
0.710924 3.00106
0.652162 3.43671
0.743665 2.7628
