0.793561 0.60849
0.71274 0.701428
0.695706 0.718327
0.277342 0.960771
0.737504 0.675343
0.669432 0.742873
0.761239 0.648471
0.642404 0.766366
0.406631 0.913592
0.912168 0.409817
0.346887 0.937907
0.425796 0.904819
0.936752 0.349995
0.445071 0.895495
0.222762 0.974873
0.974873 0.222762
0.893889 0.448289
0.464427 0.885611
0.883919 0.46764
0.301134 0.953582
0.952627 0.304141
0.176432 0.984313
0.984313 0.176433
0.993331 0.115294
0.567471 0.823393
0.903303 0.429003
0.624007 0.781419
0.786319 0.617821
0.387588 0.921833
0.776456 0.630171
0.506425 0.862284
0.860384 0.509646
0.678291 0.734794
0.821188 0.570658
0.435422 0.900227
0.4741 0.880471
0.265613 0.96408
0.35621 0.934406
0.990484 0.13763
0.916398 0.400268
0.840461 0.541872
0.96408 0.265613
0.995822 0.0913156
0.538662 0.842522
0.0913065 0.995823
0.948682 0.316231
0.898666 0.438634
0.87872 0.477338
9.30367e-05 1
0.933211 0.359329
1 8.65538e-05
0.75345 0.657505
0.704274 0.709929
0.522555 0.852606
0.397086 0.917781
0.798317 0.602237
0.907809 0.419385
0.313203 0.949686
0.208881 0.977941
0.636299 0.771442
0.13763 0.990484
0.869749 0.493494
0.729372 0.684117
0.956371 0.292155
0.651489 0.758658
0.416197 0.909274
0.977941 0.20888
0.920496 0.390753
0.595961 0.803014
0.971547 0.236848
0.115295 0.993331
0.23684 0.971549
0.809943 0.586509
0.88898 0.457945
0.454706 0.890642
0.289181 0.957274
0.925752 0.378131
0.941278 0.337633
0.374981 0.927033
0.334557 0.942376
0.850618 0.525784
0.663492 0.748184
0.192499 0.981297
0.742869 0.669436
0.689939 0.723868
0.959917 0.280285
0.718326 0.695706
0.766369 0.642401
0.611609 0.79116
0.490261 0.871576
0.583348 0.812223
0.829909 0.557898
0.554696 0.832053
0.99811 0.0614536
0.0614402 0.998111
0.981298 0.192496
0.158074 0.987427
0.987427 0.158074
0.25113 0.967953
0.967953 0.25113
