0.328422 0.944531
0.701428 0.712741
0.718328 0.695705
0.742873 0.669433
0.648468 0.761242
0.766367 0.642403
0.913598 0.406619
0.409815 0.912169
0.937903 0.346897
0.904819 0.425797
0.429002 0.903304
0.349997 0.936751
0.895498 0.445066
0.222759 0.974874
0.448286 0.89389
0.885623 0.464404
0.467639 0.88392
0.953583 0.30113
0.304138 0.952628
0.675353 0.737495
0.981838 0.189722
0.995825 0.0912842
0.091304 0.995823
0.657506 0.75345
0.871582 0.49025
0.176435 0.984312
0.781417 0.624009
0.630164 0.776462
0.734803 0.67828
8.51695e-05 1
0.570663 0.821184
0.748184 0.663491
0.359328 0.933211
0.917779 0.397092
0.90023 0.435415
0.823392 0.567473
0.438633 0.898666
0.236842 0.971548
0.964879 0.262696
0.862285 0.506424
0.852601 0.522562
0.974876 0.22275
0.265607 0.964081
0.684129 0.729361
0.990477 0.137677
0.509654 0.86038
0.137632 0.990483
0.158082 0.987426
0.419382 0.90781
0.316228 0.948683
0.602241 0.798314
0.880471 0.4741
0.909276 0.416194
0.541872 0.840461
0.832053 0.554695
0.477326 0.878726
0.949686 0.313204
0.557885 0.829918
0.803012 0.595962
0.842522 0.538662
0.890633 0.454723
0.934404 0.356215
0.709929 0.704273
0.208881 0.977941
0.978524 0.206134
0.642403 0.766367
1 8.10873e-05
0.40027 0.916397
0.758659 0.651487
0.984777 0.173825
0.971547 0.236848
0.967953 0.251133
0.58651 0.809942
0.292154 0.956371
0.061443 0.998111
0.695704 0.718328
0.957275 0.28918
0.457953 0.888976
0.378125 0.925755
0.337636 0.941277
0.927032 0.374981
0.942375 0.334558
0.525787 0.850616
0.669436 0.742869
0.993044 0.11774
0.723856 0.689951
0.99811 0.061449
0.771441 0.6363
0.493492 0.869751
0.617821 0.786319
0.960777 0.277322
0.791164 0.611604
0.812225 0.583344
0.390757 0.920494
0.115298 0.993331
0.251105 0.96796
0.1925 0.981297
0.280264 0.959923
0.921832 0.38759
0.987849 0.155419
