0.392283 0.588315 0.707107
0.5883 0.392305 0.707107
0.861967 0.506965 0.000138068
0.528271 0.470031 0.707107
0.731919 0.0482813 0.679679
0.329534 0.667336 0.667885
0.361638 0.879438 0.309528
0.801676 0.267221 0.534704
0.667166 0.331861 0.666902
0.688292 0.509829 0.516069
0.666676 0.666676 0.333295
0.733535 0.507995 0.451516
0.257206 0.87435 0.41153
0.497915 0.775669 0.387838
0.5 0.5 0.707107
0.902747 0.351437 0.248072
0.731975 0.679586 0.048738
0.670821 0.223604 0.707107
0.755288 0.000130079 0.655393
0.651226 0.474072 0.592588
0.231663 0.972796 0.000121407
0.223604 0.670821 0.707107
0.866548 0.379088 0.324633
0.343511 0.744445 0.572539
0.957811 0.287398 0.000123187
9.333e-05 0.911917 0.410375
0.755665 0.654958 0.000140927
0.47334 0.651806 0.592535
0.728473 0.484247 0.484596
0.701705 0.584123 0.407933
0.798639 0.50072 0.333848
0.617044 0.771651 0.154306
8.93734e-05 0.874187 0.485589
0.551866 0.674198 0.490817
0.732536 0.281404 0.619841
0.773956 0.63324 0.000141866
0.000110358 0.953588 0.301116
0.857511 0.000132901 0.514465
0.707107 0.000141336 0.707107
9.98939e-05 1 0.000100008
0.341404 0.939917 0.00012781
0.447859 0.894104 0.000132983
0.514465 0.68604 0.514465
6.09988e-17 5.34235e-18 1
0.445375 0.572646 0.688271
1 9.99933e-05 0.000100008
0.980669 0.000117263 0.195673
0.389568 0.83453 0.38961
0.521438 0.853289 0.000141044
0.557597 0.43484 0.707107
0.000136624 0.799995 0.600006
0.529863 0.529863 0.662186
0.779874 0.0480452 0.62409
0.894411 0.00013392 0.447246
0.599878 0.800091 0.000140414
0.363719 0.60639 0.707107
0.463265 0.755497 0.46326
0.90303 0.249592 0.34963
0.956688 0.00011333 0.291114
0.554867 0.831939 0.000134801
0.982332 0.187145 0.000117867
0.000141407 0.707107 0.707107
0.813741 0.000141814 0.581228
0.388206 0.921573 0.000128548
0.707107 0.707107 0.000141432
0.835262 0.389999 0.387605
0.924693 0.000128555 0.380714
0.596604 0.596605 0.536774
0.913843 0.406068 0.000132111
0.751546 0.404439 0.521159
0.572604 0.744384 0.343536
0.883802 0.467862 0.000136948
0.841155 0.540794 0.000133026
0.000134892 0.752561 0.658523
0.000138598 0.83206 0.554685
0.000114749 0.980567 0.196185
0.294853 0.923503 0.245367
0.732797 0.620118 0.280111
0.292601 0.643727 0.707107
0.643818 0.292402 0.707107
0.49468 0.824457 0.274886
0.271677 0.708578 0.651236
0.469886 0.5284 0.707107
0.606427 0.363656 0.707107
0.838763 0.264174 0.476119
0.583823 0.701111 0.409383
0.806401 0.591369 0.000138187
0.939793 0.000121003 0.341744
0.000110281 0.939765 0.341821
0.287461 0.957792 0.000124232
0.939805 0.341711 0.000127283
0.324122 0.810787 0.487411
0.778233 0.444506 0.443586
0.672807 0.739818 0.000143265
0.000107993 0.894412 0.447243
0.677394 0.394443 0.620929
0.411318 0.874512 0.256995
0.152109 0.988364 0.000113988
0.628849 0.628849 0.457272
0.942623 0.23599 0.236158
