0.890966 0.0640728
0.891055 0.0640167
0.891158 0.0639773
0.890993 0.0640525
0.891029 0.0640311
0.890978 0.064064
0.891108 0.0639897
0.890933 0.0640973
0.890956 0.0640798
0.891064 0.0640124
0.890264 0.0651251
0.891037 0.0640277
0.891064 0.0640126
0.891169 0.0639721
0.891173 0.0639717
0.891013 0.064041
0.303959 0.476019
0.891031 0.0640302
0.891005 0.0640458
0.891209 0.0639534
0.185358 0.612905
0.890975 0.0640641
0.891455 0.0639245
0.887163 0.0697913
0.166042 0.634331
0.632724 0.208048
0.632722 0.212464
0.41698 0.474689
0.640085 0.204469
0.301894 0.477172
0.0714738 0.774278
0.633139 0.206067
0.298265 0.482163
0.89087 0.0641613
0.632854 0.206472
0.302136 0.476831
0.0737392 0.763128
0.632724 0.209188
0.635613 0.204547
0.887919 0.0667869
0.30355 0.476039
0.300524 0.47859
0.0722718 0.764164
0.167089 0.613194
0.887158 0.0712366
0.305046 0.475195
0.166044 0.614981
0.634437 0.205216
0.299157 0.47994
0.306963 0.47469
0.166195 0.613957
0.891108 0.0639897
0.891059 0.0640152
0.891016 0.0640395
0.00483067 0.94473
0.891075 0.064008
0.892542 0.0635015
0.887196 0.0685727
0.297891 0.482939
0.0714802 0.772695
0.640087 0.204429
0.889682 0.0651887
0.88808 0.06661
0.16814 0.612905
0.891153 0.0639799
0.0723067 0.764082
0.0755135 0.762894
0.00583583 0.943667
0.072303 0.764089
0.890986 0.0640571
0.891055 0.0640164
0.166197 0.613957
0.890791 0.0642725
0.891079 0.0640045
0.166213 0.613957
0.302139 0.476831
0.89085 0.0641799
0.890933 0.0640982
0.891045 0.0640228
0.632725 0.207786
0.891166 0.0639734
0.166213 0.613957
0.8911 0.0639943
0.890889 0.0641331
0.891048 0.0640208
0.891172 0.0639718
0.890838 0.0641985
0.891096 0.0639992
0.891121 0.0639848
0.89099 0.0640567
0.0736375 0.763149
0.890957 0.0640775
0.89099 0.0640565
0.891455 0.0639256
0.889682 0.0651887
0.891175 0.0639668
0.891195 0.0639661
0.891093 0.064002
0.891067 0.0640109
0.891007 0.0640446
