1.10908 3.54325
0.629478 3.94992
1.90247 1.80869
1.9818 1.42331
1.60764 2.71267
0.873643 3.77989
1.5591 2.82083
1.99621 1.33842
1.50707 2.92848
1.93575 1.66064
1.86621 1.95402
0.68185 3.91935
1.96736 1.50269
1.75689 2.32143
0.577346 3.97732
0.916707 3.7423
0.959424 3.70259
2.0497 0.94416
0.440273 4.03529
1.95136 1.58504
0.299574 4.07434
1.38586 3.15097
1.65753 2.59271
1.2796 3.31851
1.88501 1.88051
1.68098 2.53287
1.12516 3.52414
1.59185 2.74872
2.06664 0.769565
1.83991 2.05097
1.01022 3.65214
0.734299 3.88558
1.97556 1.45828
0.830287 3.81534
0.398286 4.04908
2.02361 1.15627
2.08568 0.486419
1.33736 3.23033
2.07655 0.641045
1.91189 1.76841
1.87712 1.91181
1.89515 1.83927
2.09301 0.28645
1.43873 3.05843
0.158491 4.09326
1.76841 2.28668
1.80434 2.17277
0.760542 3.86747
1.48898 2.96408
0.708075 3.90286
2.00282 1.29724
0.934085 3.72643
0.655655 3.93503
1.82099 2.11699
1.09286 3.56212
0.474205 4.02281
2.05516 0.892159
0.508379 4.00902
0.847663 3.80141
1.63806 2.64066
2.03057 1.10432
1.54218 2.8567
1.94368 1.62276
0.542733 3.99386
1.21945 3.40354
1.15711 3.48494
1.72477 2.41445
2.04365 0.998032
2.01716 1.20211
0.804169 3.83555
1.18853 3.44475
1.05177 3.60813
0.890909 3.7651
1.96047 1.53885
0.60338 3.96402
1.85771 1.98604
1.74511 2.35622
1.98921 1.38046
1.92742 1.69921
1.51891 2.90467
1.70332 2.47362
1.57018 2.7968
0.976403 3.68613
1.30877 3.27482
1.61793 2.68869
1.2498 3.36148
2.08973 0.392366
1.41263 3.10494
1.46419 3.01144
1.78681 2.22943
1.36527 3.1853
2.0812 0.568725
0.348517 4.06307
2.03698 1.05387
2.06128 0.829484
2.07177 0.706452
0.243538 4.08426
2.01024 1.24911
1.03517 3.62604
1.07648 3.58077
