0.453633  2.08545  5.56291  
1.07367  1.73967  5.57796  
0.970495  1.03271  6.21611  
0.658334  1.90611  5.74375  
1.10683  3.01725  4.39197  
0.488973  2.1595  5.66171  
0.712089  3.46145  3.67536  
1.08734  2.61832  4.64736  
1.01526  1.3074  5.96615  
0.746772  1.35036  6.00668  
1.09862  2.1791  5.53496  
0.902942  2.00405  5.50311  
0.946723  2.44334  5.21793  
0.67905  1.54656  6.16839  
0.884174  2.79667  5.02703  
0.501442  1.94249  5.62153  
0.949632  1.37197  5.88853  
1.28807  2.00222  4.98998  
0.742053  1.96978  5.76465  
1.09818  1.38427  5.80165  
0.600581  2.63875  5.22704  
0.730915  3.55853  3.46143  
1.52028  2.81212  3.9089  
1.21093  2.24653  5.23655  
0.437239  0.476308  6.27505  
1.1778  2.36427  5.12538  
0.572493  0.754881  6.24629  
0.833984  1.54774  5.84238  
1.04209  1.89207  5.90258  
0.773699  1.73678  5.95531  
0.498538  0.702441  6.3465  
0.759  1.73169  5.83876  
0.466254  1.19482  6.26867  
0.775323  3.48217  3.63656  
0.65089  2.00708  5.70541  
1.56336  1.78438  4.78229  
1.18445  2.67913  4.34427  
0.691886  1.33385  6.01437  
1.35366  2.24987  4.86371  
1.21535  2.72534  4.96122  
0.727076  1.20684  6.19987  
0.848543  1.70024  6.00581  
0.744096  1.22458  6.02716  
1.04264  3.29138  3.92055  
0.766071  1.53093  5.90834  
0.982673  1.48784  5.90019  
0.637489  1.48255  5.98812  
0.556078  2.50293  5.54691  
1.41547  3.01944  3.81447  
1.16064  2.72761  4.3901  
1.13312  2.56953  4.61602  
0.408902  1.21829  6.08428  
0.419713  0.881986  6.24016  
0.779372  2.30223  5.33595  
0.481827  1.24307  6.14737  
0.98733  1.53978  5.73961  
0.902072  2.60882  5.15664  
1.18059  2.76364  4.40773  
0.76578  1.13902  5.98512  
0.61989  3.70569  3.65564  
0.52007  1.37598  6.03381  
1.44012  3.56841  1.26997  
0.605239  0.721166  6.14899  
0.905398  4.23463  1.5589  
1.22511  1.62962  5.66741  
1.54962  2.28173  4.37128  
0.813063  1.52384  5.90412  
0.826046  2.26447  5.21984  
0.747003  3.52022  3.79066  
0.664677  3.99175  2.64093  
0.68978  1.58427  6.0013  
0.710006  3.15055  4.47002  
1.77047  1.6368  4.20307  
0.33304  1.1587  6.15768  
0.869627  1.68354  6.01976  
0.766407  1.59431  6.00519  
0.792676  1.60148  5.84469  
1.59895  2.32829  3.94535  
1.14273  2.27911  4.93348  
1.02836  1.83689  5.56334  
0.624689  3.38652  4.11567  
0.573385  2.59412  5.31934  
0.650882  0.857426  6.30631  
0.693019  2.81531  5.14871  
1.73329  1.52348  4.28363  
0.550387  3.29877  4.20519  
1.47103  2.64522  4.44482  
0.631956  2.15221  5.52686  
1.38998  1.66988  5.0789  
0.545369  2.30638  5.64486  
1.11815  2.95325  4.57864  
0.735649  2.62949  5.20293  
0.430087  1.56357  5.96516  
1.17628  2.51383  5.10829  
0.430588  1.48084  6.07604  
0.573634  1.70027  6.01108  
1.25117  3.01895  3.68359  
1.31804  1.52298  5.42226  
1.12521  1.95242  5.1422  
1.35653  3.74705  1.92878  
1.13112  0.0066858  4.96859  
0.491682  3.88818  0.00727659  
0.608925  1.19656  5.4582  
1.89298  0.00959111  2.02809  
0.622974  0.00620266  5.71377  
1.60711  2.11366  1.70717  
0.679952  3.77426  0.00729048  
0.00815536  2.58702  4.59399  
1.63182  2.33653  0.00625776  
0.0111994  1.66907  5.47056  
1.50254  0.00735552  3.99231  
0.00923106  3.50917  2.91347  
0.0112302  3.84406  1.72649  
1.55596  2.53076  0.00508121  
0.919928  0.00727164  5.34614  
1.22121  0.00755415  4.77647  
1.69998  0.00770753  3.20526  
0.0120961  3.93414  1.16059  
1.22589  2.05933  3.64017  
1.00467  2.34363  3.88137  
0.909392  3.09672  2.73425  
1.30033  3.05295  0.00509329  
1.3073  1.59732  3.9001  
1.21033  3.19572  0.00449882  
0.777519  0.00718707  5.54427  
1.36782  1.10494  4.10871  
0.576744  2.82482  3.92686  
1.19307  2.69753  2.66269  
1.93494  1.0698  0.00685009  
0.00887011  1.05614  5.79831  
1.77223  0.00802787  2.8344  
2.01822  0.0182223  0.0182779  
0.00980957  3.74385  2.16014  
0.868131  1.32271  5.05882  
1.89143  1.33877  0.0057582  
1.63811  0.00842133  3.48639  
0.978623  2.86506  3.03263  
0.00976693  2.38892  4.83246  
1.06952  1.1614  4.79598  
1.98167  0.63853  0.0067753  
0.808598  3.51205  1.61326  
1.4988  2.34566  1.91422  
1.83195  1.63676  0.0057582  
1.717  1.73577  1.7075  
1.38423  2.90028  0.00450855  
0.00749745  0.617549  5.93701  
1.27564  2.35702  3.0369  
0.6337  2.29081  4.57307  
1.12308  2.51374  3.26689  
0.0115771  4.00798  0.00798411  
0.00880649  3.11635  3.78559  
0.00865398  3.25747  3.50769  
0.999312  1.6739  4.58065  
1.10902  2.96045  2.32627  
1.43255  2.19382  2.63684  
1.8639  0.921365  1.74462  
1.47036  2.72809  0.0052532  
1.57177  0.00827912  3.74986  
1.65975  1.54087  2.51586  
0.893119  2.67007  3.63001  
1.3516  2.61521  2.10714  
1.59394  1.25603  3.18104  
1.78197  1.3322  1.92259  
1.3116  0.00847623  4.56006  
1.76985  1.8929  0.00628391  
0.0113376  1.91345  5.28827  
0.0153355  0.0293467  6.01493  
0.778327  3.36909  2.29245  
0.562098  2.00971  4.93821  
1.72456  1.07283  2.68512  
1.10903  3.34055  0.0050933  
0.652661  1.57511  5.19635  
0.707253  3.01029  3.41039  
0.8201  1.86696  4.77174  
0.973024  3.25102  1.97207  
1.70087  2.13166  0.0064913  
1.82761  0.00819635  2.49951  
1.03176  0.00727178  5.16031  
1.20475  1.30835  4.40903  
1.40333  1.88285  3.27257  
0.00871055  1.38906  5.6383  
0.00768112  2.77383  4.34092  
1.96107  0.0106878  1.33835  
0.849229  3.63404  0.00650034  
0.543538  3.45738  2.59637  
0.014226  3.41281  3.17775  
1.12462  1.88415  4.1165  
0.658087  3.23017  2.9993  
0.996828  3.47782  0.00468949  
0.00923742  3.63066  2.55637  
0.443055  0.00620265  5.86132  
1.47946  1.42712  3.52989  
0.574931  3.65484  1.81478  
0.00948455  2.15452  5.07331  
0.896066  2.14561  4.34451  
0.00754693  2.95913  4.05611  
1.26395  2.85499  1.88179  
1.56287  1.79428  2.66933  
0.707472  2.53731  4.16789  
1.41829  0.00860759  4.26458  
0.679244  3.76719  0.00287059  
1.70865  0.00150607  3.12737  
1.95989  0.00206278  1.22769  
1.57238  2.0423  2.1125  
0.777255  0.00241294  5.53383  
0.994687  3.47568  0.00254837  
1.22988  0.00176806  4.73734  
0.895812  0.0019407  5.36934  
0.683991  2.99611  3.42975  
1.05236  1.16573  4.80573  
0.997947  1.67515  4.5626  
0.00163511  2.74569  4.36662  
0.761413  3.37571  2.30049  
0.568952  2.83129  3.90128  
1.20083  3.20507  0.00252726  
1.20919  2.11087  3.59664  
1.51555  1.73651  2.94497  
1.10421  3.016  2.16792  
1.74177  1.16157  2.41058  
1.12194  0.00138679  4.97122  
1.63885  1.49266  2.63514  
1.90715  0.00242152  1.83224  
1.45555  2.7481  0.00154973  
1.54557  2.54537  0.00195364  
1.28858  2.33714  2.99169  
1.49716  2.41404  1.69344  
0.877846  2.12837  4.35953  
0.847478  3.62869  0.00287059  
1.01276  0.00201741  5.17942  
1.18284  2.68556  2.70737  
1.31906  0.00127591  4.51471  
1.58405  1.17809  3.22979  
0.790604  1.862  4.7644  
1.87912  1.38336  0.0021428  
0.00555225  3.94852  1.01311  
2.01072  0.0107158  0.0107158  
1.37966  1.92806  3.27067  
1.10082  2.49248  3.35498  
1.19853  1.33472  4.3851  
0.00380477  1.92906  5.26273  
0.979586  3.25588  1.8991  
1.67396  1.82885  1.83396  
0.00660084  4.003  0.00300777  
1.45398  1.3244  3.63141  
0.611214  1.6184  5.19728  
0.0038317  3.67348  2.3906  
1.56166  0.00171754  3.75661  
0.00155547  2.38236  4.8227  
0.431393  0.00355097  5.86466  
0.00494877  1.41771  5.61681  
1.9945  0.389714  0.00382531  
0.865344  2.68038  3.63574  
1.35135  1.14494  4.08813  
1.4125  0.00181639  4.25501  
0.00408117  3.40562  3.16043  
1.82339  1.65408  0.00195322  
0.00577865  0.0133575  6.00557  
0.00333201  1.11799  5.76462  
1.85716  1.07766  1.57094  
1.43755  2.19577  2.57561  
0.650245  1.15969  5.41297  
1.11274  1.86773  4.13814  
0.544956  3.47812  2.49606  
0.487656  3.88415  0.00324986  
0.00347713  3.77539  1.99956  
1.28175  3.07701  0.00241118  
1.69337  2.13634  0.00190642  
1.29604  1.63339  3.8816  
1.847  0.00256339  2.32258  
1.49032  0.00183045  4.00926  
0.876971  3.11708  2.7211  
0.0050207  1.68066  5.45214  
1.75885  1.91399  0.00210245  
1.93784  1.01483  0.002895  
0.00295245  3.2734  3.45724  
1.26324  2.84465  1.88814  
0.00306623  3.85986  1.59283  
1.77741  1.41948  1.77976  
0.55552  1.99489  4.94471  
0.568669  3.65694  1.76425  
1.62407  2.342  0.00199978  
1.36716  2.92399  0.00156381  
0.618998  0.00341833  5.71215  
0.794327  3.52139  1.60585  
0.701698  2.53154  4.16211  
0.00433683  3.54884  2.78445  
0.627313  3.23884  3.01812  
0.00206199  2.92112  4.10334  
1.78086  0.0020965  2.74508  
0.00443268  0.743903  5.90065  
0.996234  2.3107  3.89619  
0.00152321  2.17318  5.0399  
0.86927  1.31011  5.05496  
0.00294718  3.114  3.774  
1.09889  3.34781  0.00246212  
1.36232  2.57394  2.1356  
1.6345  0.0021683  3.46908  
0.00161979  2.56368  4.60881  
0.982929  2.84508  3.0402  
0.638454  2.29661  4.54331  
0.765137  3.3675  2.30124  
0.686384  2.99078  3.42811  
1.97406  0.665231  0.00176673  
0.652393  1.14628  5.41034  
0.901377  0.00116121  5.35901  
1.20538  3.19444  0.00101144  
1.09311  2.52024  3.32088  
1.12596  0.00113971  4.9623  
1.67108  1.82567  1.84937  
1.7699  1.45792  1.75417  
1.44618  1.34758  3.62942  
0.624715  2.32322  4.52234  
1.73496  1.15333  2.4549  
1.9585  0.00102276  1.23174  
0.442363  0.00265039  5.85584  
1.4093  0.000621395  4.25981  
0.00119859  2.74264  4.37029  
0.978785  3.49018  0.000908602  
0.868  1.2994  5.04702  
0.974306  2.36471  3.86142  
1.09797  3.34611  0.00120398  
1.36164  1.08981  4.08725  
1.69334  2.13321  0.00113539  
1.26404  2.84856  1.85224  
1.88214  1.3599  0.00107349  
0.00120081  2.5669  4.60383  
1.19943  2.13219  3.58954  
0.00174277  0.718183  5.90434  
0.886505  2.15149  4.30652  
1.29508  3.05088  0.00102347  
0.00229048  3.5441  2.78996  
0.829237  3.64165  0.000870582  
0.00113613  2.38085  4.82339  
1.85602  1.07628  1.56285  
0.766551  0.00116736  5.54442  
0.550863  2.02484  4.91405  
0.00171616  3.76799  2.02164  
0.608155  1.59582  5.20285  
1.58292  1.17696  3.22866  
0.858536  2.68607  3.63441  
1.32116  0.000677613  4.507  
0.796147  3.52027  1.5777  
1.81816  1.67257  0.00113623  
1.01301  0.00101279  5.17622  
0.683507  2.54276  4.16657  
0.539521  3.47587  2.50231  
1.50918  1.72947  2.97186  
0.00121976  3.26875  3.46126  
1.50007  0.000696272  3.97144  
0.967639  2.86042  3.03786  
0.00315636  0.00644239  6.00292  
1.57192  2.04183  2.11203  
0.00159019  3.8586  1.59019  
0.00208026  3.66622  2.40822  
0.487257  3.8821  0.00174778  
0.00201086  1.0914  5.77437  
1.18311  2.69623  2.67395  
0.990898  3.25301  1.84021  
1.53954  2.55623  0.000865408  
1.43809  2.18637  2.58537  
0.00146364  4.00115  0.00114546  
1.284  2.35095  2.97122  
0.875763  3.11278  2.71843  
0.613385  0.00179764  5.71438  
1.49465  2.41271  1.69522  
1.10738  1.89159  4.11695  
1.36623  2.55708  2.137  
1.56869  0.000740747  3.72551  
1.10278  3.02295  2.137  
1.23153  0.00106527  4.73113  
0.0011301  1.91241  5.27166  
1.84549  0.00105355  2.32107  
0.569636  2.82711  3.89926  
0.00112095  2.16249  5.04944  
1.62763  2.3288  0.00113539  
1.28375  1.66105  3.87898  
0.792212  1.85752  4.76297  
1.90836  0.00118516  1.80786  
0.610156  3.22497  3.05233  
0.564644  3.65724  1.76189  
1.93418  1.03255  0.0017289  
1.63411  1.47447  2.67104  
0.999544  1.65999  4.56644  
1.75629  1.91949  0.00126927  
0.00120785  3.11337  3.7698  
0.00244648  3.93918  1.06345  
1.4554  2.7464  0.000898419  
1.78154  0.000912492  2.73298  
1.64111  0.000571  3.43243  
1.19893  1.33344  4.3732  
1.37137  1.91669  3.31324  
2.00342  0.00342123  0.00342123  
1.06145  1.13464  4.79823  
0.66805  3.7717  0.000845221  
0.00150658  2.92973  4.08832  
0.00287309  1.66404  5.45948  
0.00159951  3.40462  3.15358  
1.37846  2.9008  0.00090352  
1.71352  0.000933677  3.09987  
0.00219749  1.3919  5.62727  
1.95053  0.000706149  1.33625  
0.609629  3.22444  3.0518  
0.999053  1.6595  4.56595  
1.45089  1.34759  3.60689  
0.865519  1.30328  5.04628  
1.4551  2.74617  0.000629531  
0.000812844  3.93399  1.0914  
0.00120482  1.40781  5.61746  
0.972823  3.49599  0.000507213  
1.4925  2.40974  1.71185  
0.000974764  2.37446  4.83013  
1.32001  0.000464832  4.50927  
0.609312  0.000426653  5.71561  
0.620702  2.30544  4.54397  
1.62316  2.33995  0.000790842  
0.000975148  2.74884  4.36056  
1.37484  2.90672  0.000582036  
1.87624  1.38971  0.000698762  
0.552921  3.66287  1.75971  
0.872944  3.11925  2.70479  
0.00119861  1.66814  5.455  
0.99862  3.25552  1.7899  
1.38046  1.87363  3.31484  
1.90159  0.000706149  1.86612  
1.01269  0.000448693  5.17522  
1.81774  1.67249  0.000778047  
0.563864  2.82892  3.8977  
0.000979286  3.85103  1.62731  
0.897056  0.000426653  5.36368  
1.73619  1.13892  2.45391  
0.773454  3.36041  2.29144  
0.00114435  0.719071  5.90334  
0.759027  0.000509913  5.55225  
0.55313  3.46632  2.50169  
0.787881  3.52778  1.56724  
1.36132  2.56928  2.12185  
1.10147  3.02  2.14918  
0.668321  3.77103  0.000562116  
1.19314  3.21213  0.000758669  
0.00232476  0.0034542  6.00232  
1.56737  0.000412901  3.72893  
0.0012217  3.53164  2.8213  
1.06241  1.13123  4.79674  
1.10313  1.91416  4.10249  
0.789325  1.83513  4.78556  
0.82865  3.64143  0.000480237  
0.98107  2.34672  3.86961  
1.28331  2.35065  2.9667  
1.67175  1.82038  1.84876  
1.69146  2.13791  0.000830576  
0.000967557  4.00079  0.000791648  
1.85573  1.07599  1.56255  
0.6041  1.5934  5.19944  
0.687552  2.99359  3.40722  
0.85151  2.69332  3.63367  
1.22765  0.000407874  4.73801  
1.71068  0.000423957  3.11091  
1.19661  1.3394  4.37268  
0.000874117  2.93642  4.07629  
2.00264  0.00264112  0.00264112  
0.984486  2.85278  3.00123  
1.78123  0.000594638  2.73266  
0.429992  0.00051206  5.86054  
1.58007  1.15283  3.25128  
0.876361  2.12054  4.35909  
1.77531  1.43233  1.75044  
0.000950179  2.15524  5.05615  
1.6416  0.000483183  3.42986  
1.53926  2.55594  0.000582036  
1.56921  2.03842  2.13436  
1.41349  0.000470853  4.2467  
0.00124325  1.11142  5.76487  
0.001088  2.56912  4.60091  
1.12318  0.00032027  4.96546  
1.92748  1.07463  0.000888096  
1.19745  2.13574  3.58927  
0.00124437  3.75128  2.08803  
0.00138935  3.4004  3.16309  
1.09352  2.52226  3.3115  
0.480332  3.88382  0.000597193  
0.0011179  3.11216  3.77174  
1.9702  0.699073  0.000897577  
0.00127213  3.64924  2.46178  
0.542005  2.01685  4.92895  
0.683757  2.54025  4.16549  
1.75704  1.9145  0.000790842  
1.5105  1.73104  2.96048  
1.28745  1.67333  3.85293  
0.00094925  1.91102  5.27239  
1.63402  1.47286  2.67067  
1.43459  2.18261  2.60924  
1.08849  3.35715  0.00063318  
1.26345  2.86374  1.79111  
1.18406  2.71017  2.62419  
1.49688  0.000504967  3.98143  
1.35289  1.12998  4.0868  
0.000923917  3.26478  3.46875  
0.65264  1.14306  5.40952  
1.84523  0.000794816  2.32081  
1.28296  3.07042  0.000697164  
1.19434  2.13261  3.60094  
0.998544  1.65885  4.5661  
1.36444  1.91895  3.31458  
1.06115  1.13527  4.7966  
0.858898  2.68289  3.63322  
0.701763  2.52817  4.15008  
0.877787  3.11936  2.68318  
0.863586  1.30593  5.04654  
1.7719  1.44287  1.75713  
1.69216  2.13401  0.000429734  
0.967453  3.50175  0.000416173  
0.785261  1.84057  4.78501  
1.43412  2.18431  2.60761  
1.37413  2.90773  0.0004669  
1.81821  1.66895  0.000502264  
0.642967  1.12873  5.42501  
1.4935  0.000298462  3.99195  
0.549883  3.46754  2.50118  
1.8761  1.38966  0.000572345  
1.73372  1.14766  2.45303  
0.000739604  2.56622  4.60397  
1.19639  1.33918  4.37246  
0.000767848  3.26036  3.47773  
0.540872  2.01554  4.92773  
1.18432  2.70642  2.63045  
1.64029  0.000338146  3.43475  
1.83855  0.00045957  2.36539  
1.45503  2.7461  0.000556615  
0.000623315  3.92433  1.16542  
1.28329  1.66802  3.86893  
0.668205  3.77091  0.000446377  
0.000688295  4.00056  0.000558022  
1.10144  3.02027  2.14665  
1.22786  0.000248281  4.73699  
0.620375  2.30389  4.54305  
1.31434  0.000244539  4.52333  
1.9704  0.696162  0.000850194  
1.63426  1.47065  2.67046  
1.09138  2.52292  3.31402  
0.000751158  2.74827  4.36101  
1.28305  2.35064  2.96401  
0.000753858  2.93006  4.08598  
0.988097  2.32761  3.87801  
0.570643  2.83598  3.87224  
1.94901  0.000478369  1.35283  
1.40808  0.000340416  4.26233  
0.000636914  1.11915  5.76115  
1.3628  2.57217  2.10435  
0.000750192  3.52946  2.82599  
1.85125  1.10541  1.56243  
1.51026  1.7307  2.96023  
0.000629254  1.40178  5.6203  
0.000684504  1.65375  5.46411  
0.825403  3.64428  0.000425811  
1.77472  0.00031142  2.76859  
0.899644  0.000301916  5.35947  
1.92735  1.07284  0.000550313  
0.603626  1.59344  5.19917  
0.000793465  3.1052  3.78387  
0.761863  0.000237165  5.54815  
1.5403  2.55264  0.000351694  
1.08419  3.36215  0.000386905  
0.881889  2.12209  4.3458  
1.1033  1.89614  4.12073  
1.5694  2.03887  2.12495  
0.978934  2.85687  3.0068  
1.56712  0.000346985  3.72955  
0.693492  2.993  3.3966  
0.993513  3.26336  1.78178  
0.76798  3.36512  2.29128  
1.198  3.20422  0.000487086  
1.44623  1.36257  3.61012  
1.35254  1.12963  4.08646  
1.49522  2.39993  1.72069  
0.787698  3.5276  1.56706  
0.000676596  1.90876  5.27373  
1.28947  3.05887  0.000466763  
0.000769237  2.14428  5.06619  
1.2617  2.85984  1.81545  
0.000732541  3.75541  2.06882  
2.00155  0.0015492  0.0015492  
1.67387  1.79892  1.87688  
1.7106  0.000338146  3.11083  
0.00076938  2.37298  4.83133  
1.75485  1.92077  0.000408975  
1.12603  0.000305197  4.95961  
0.00168112  0.00281056  6.00168  
0.000812354  3.3973  3.16923  
1.01298  0.000271749  5.17423  
0.000660066  3.84988  1.63144  
1.58002  1.15278  3.25123  
0.480245  3.88373  0.000510481  
0.000792474  0.749387  5.89439  
0.554729  3.66515  1.74234  
0.440055  0.000415824  5.85366  
1.6219  2.342  0.00040806  
0.000796067  3.64689  2.4676  
0.613947  0.000303042  5.7109  
1.89789  0.000483183  1.89746  
0.609444  3.22292  3.05086  
0.000449899  1.67366  5.45018  
0.531196  2.007  4.94252  
0.859393  1.31268  5.04891  
0.788572  1.82659  4.78622  
0.899082  0.000177521  5.36  
0.820554  3.64829  0.000234659  
1.27959  1.67573  3.86804  
0.000401953  3.75255  2.07918  
0.54682  3.46255  2.52172  
1.85103  1.08269  1.59362  
1.12297  0.000217691  4.96558  
0.000459199  2.15282  5.0576  
1.40542  0.000223245  4.26976  
1.19403  3.20952  0.000243436  
1.10092  3.01976  2.14613  
1.45549  2.74415  0.000241486  
1.54023  2.55257  0.000275086  
2.00085  0.000854132  0.000854132  
1.77467  0.000262501  2.76855  
1.70886  0.000246628  3.11884  
1.49121  0.000283896  3.99958  
0.562318  3.66035  1.74222  
0.693627  2.53663  4.14984  
0.000617056  2.74275  4.3683  
1.92746  1.07041  0.000354579  
0.693302  2.99281  3.39641  
0.575325  2.83198  3.87212  
1.73357  1.14752  2.45288  
1.44954  1.3523  3.60571  
1.19621  1.339  4.37229  
1.57224  2.0286  2.12458  
1.75439  1.92215  0.000348716  
0.000586152  2.37561  4.82804  
0.993474  3.26333  1.78166  
0.766626  0.000203304  5.54217  
0.981879  2.33237  3.8854  
1.0601  1.1302  4.80073  
1.08412  3.36209  0.000320711  
0.000430465  1.41714  5.6114  
0.000691617  0.749302  5.8943  
0.000649245  0.00122336  6.00065  
1.8375  0.000278663  2.37126  
0.978546  2.85616  3.00812  
1.9496  0.000278663  1.34243  
1.35247  1.12956  4.08639  
0.000679829  2.92999  4.08591  
1.26019  2.8625  1.81545  
1.22725  0.000223245  4.73834  
0.000724197  3.52345  2.84239  
0.000517866  3.10449  3.7848  
0.991163  1.64665  4.59007  
1.63935  0.000246628  3.43826  
0.643621  1.12691  5.42491  
0.858629  2.68262  3.63295  
0.476406  3.88554  0.000452237  
1.10318  1.89603  4.12062  
1.67371  1.79923  1.87683  
1.49494  2.39964  1.72041  
0.621272  2.29724  4.5472  
0.00050671  1.12701  5.75757  
1.37489  2.90566  0.000243436  
0.880246  2.11841  4.35205  
0.000614184  3.64726  2.46559  
0.967272  3.50157  0.000234659  
0.789453  3.52248  1.57604  
1.87548  1.39162  0.000354579  
1.43375  2.18394  2.60724  
1.57971  1.15247  3.25092  
0.000450373  3.25008  3.49878  
0.000678541  3.38943  3.18771  
1.68974  2.14147  0.000377857  
0.610527  3.22183  3.0507  
1.50952  1.72989  2.96312  
0.664964  3.77309  0.000383606  
1.28029  2.35592  2.96378  
1.81615  1.6771  0.000348716  
0.000570418  4.00044  0.000440146  
0.767186  3.36219  2.30212  
0.878352  3.1186  2.68312  
0.00045162  1.91  5.27246  
0.446031  0.000365263  5.84951  
0.000493224  3.93737  1.06063  
1.89695  0.000278663  1.90391  
0.614828  0.000303042  5.71005  
1.28831  3.06031  0.000269568  
0.00062306  3.84907  1.6355  
0.000634053  2.56963  4.59913  
1.09032  2.52537  3.31286  
1.18427  2.70638  2.6304  
1.56351  0.000332088  3.74309  
1.31432  0.000223245  4.52331  
1.36523  1.92009  3.30963  
1.36252  2.57189  2.10407  
1.77201  1.44137  1.75696  
1.63375  1.47014  2.66995  
1.0119  0.000218415  5.17598  
1.97002  0.698838  0.00071519  
1.62229  2.34081  0.000377857  
0.603513  1.59333  5.19906  
1.19029  2.14246  3.59891  
0.858324  2.68232  3.63264  
1.62299  2.3383  0.000228292  
1.08402  3.36199  0.000217429  
0.000652885  0.758159  5.8917  
0.00039789  1.91512  5.26818  
1.18254  2.70671  2.63528  
0.000363289  2.15432  5.05598  
1.92104  1.11535  0.000314191  
0.992948  3.26394  1.78164  
0.978339  2.85596  3.00791  
0.602146  1.59453  5.19871  
1.40542  0.000223221  4.26976  
0.000393256  0.000968765  6.00039  
1.56572  0.000154788  3.73392  
1.44924  1.352  3.60541  
0.546303  3.46203  2.52121  
1.57137  2.02752  2.13122  
0.000300673  3.92908  1.1269  
1.28118  1.67149  3.86692  
1.25991  2.86221  1.81516  
0.824222  3.64496  0.000225931  
1.8563  1.04098  1.60061  
1.58077  1.15323  3.24528  
1.1898  1.32884  4.39403  
1.77586  1.43858  1.72507  
1.19002  2.14219  3.59864  
0.621011  2.29698  4.54694  
0.000315639  3.74984  2.0897  
0.530745  2.00655  4.94207  
1.4577  2.73943  0.000232212  
0.771838  3.3602  2.28988  
0.610338  3.22164  3.05051  
0.000316227  3.84459  1.65762  
1.8388  0.000208854  2.3616  
1.77556  0.000154788  2.76266  
1.08928  2.52659  3.31329  
0.000342419  3.52453  2.83822  
0.899081  0.000176615  5.36  
1.28076  2.35683  2.95989  
0.693074  2.99258  3.39618  
0.000332614  3.64479  2.47289  
0.768895  0.000126851  5.53917  
1.67462  1.8002  1.86645  
1.09986  3.02287  2.13923  
1.36507  1.91994  3.30948  
1.73352  1.14747  2.45283  
1.22743  0.000125475  4.73758  
1.35229  1.1301  4.08633  
1.87347  1.40199  0.00028549  
1.28824  3.06024  0.00019862  
0.00029896  3.39377  3.17648  
0.47431  3.88616  0.000184837  
1.54158  2.54916  0.000236489  
0.618843  0.000270263  5.70608  
1.70884  0.000222795  3.11881  
0.000332949  1.67467  5.44929  
1.4912  0.000274107  3.99957  
1.36107  2.57502  2.10287  
1.64053  0.000154788  3.43272  
2.00039  0.000392522  0.000392522  
0.879263  3.12203  2.67096  
0.976353  2.3415  3.88535  
1.37435  2.90659  0.000219062  
0.643583  1.12687  5.42487  
0.694323  2.5355  4.14967  
1.43356  2.18375  2.60705  
1.00696  0.000112353  5.18434  
0.660544  3.77586  0.000184837  
1.09934  1.89346  4.13248  
1.96705  0.727753  0.000392382  
0.000418105  2.92906  4.08706  
1.31582  0.000182999  4.51925  
0.990388  1.64833  4.58999  
0.000317967  1.42401  5.60733  
1.49495  2.39971  1.71925  
1.19401  3.2095  0.000223274  
1.89852  0.000230633  1.8893  
0.000540039  4.00041  0.000409767  
0.574985  2.83041  3.87504  
0.780459  1.83192  4.7936  
0.562326  3.65632  1.75706  
1.1201  0.000193768  4.97133  
1.05993  1.12829  4.8002  
0.000405996  3.10137  3.79023  
0.000518335  2.74793  4.36074  
1.63365  1.47003  2.66985  
0.000487609  2.37551  4.82794  
1.50939  1.72976  2.963  
0.000545305  2.56935  4.59928  
0.000424463  3.25006  3.49876  
1.94953  0.000211436  1.34236  
0.880195  2.11836  4.352  
0.0003074  1.14121  5.75101  
0.447441  0.00028248  5.8484  
0.78966  3.52341  1.57034  
1.75439  1.92215  0.000343956  
0.859391  1.31268  5.04891  
1.69046  2.13866  0.000255181  
0.967254  3.50155  0.000216748  
1.81612  1.67707  0.000324116  
0.785631  3.52693  1.5703  
1.01319  3.4306e-05  5.1732  
1.49333  9.2213e-05  3.99161  
1.9491  0.000149984  1.34706  
1.18242  2.70659  2.63516  
0.573406  2.82286  3.88929  
0.000268659  3.10124  3.7901  
1.0583  1.12388  4.80526  
0.000232978  2.93084  4.08372  
0.768848  7.99407e-05  5.53912  
0.664355  3.77307  0.000117785  
0.474244  3.8861  0.000118322  
1.43344  2.18363  2.60693  
1.28054  2.35662  2.95967  
0.645276  1.12592  5.423  
0.00012881  3.84271  1.6668  
0.555476  3.65453  1.78448  
1.36369  1.92338  3.30936  
1.62458  2.33359  0.000149262  
1.35193  1.12974  4.08597  
0.000205866  3.25098  3.49618  
1.08617  3.35905  0.000147236  
0.879184  3.12197  2.67077  
1.50925  1.72962  2.96286  
0.000380798  1.91511  5.26816  
1.91851  1.13217  0.000261564  
1.49526  2.39862  1.71922  
0.903139  3.4306e-05  5.3535  
1.85392  1.03906  1.62736  
0.546287  3.46202  2.52119  
1.6431  0.000118234  3.42147  
0.693981  2.53435  4.15105  
0.000128609  3.64236  2.48039  
0.000223176  1.68456  5.44223  
0.858271  2.68747  3.62409  
0.779517  1.83336  4.79354  
0.000229409  2.1599  5.05036  
0.978144  2.85576  3.00771  
0.696773  2.99349  3.38734  
0.000392772  2.37717  4.8259  
1.09976  3.02277  2.13912  
1.89825  0.000151383  1.89089  
0.000250584  3.39046  3.18426  
1.31869  3.54457e-05  4.51117  
0.824954  3.6441  0.000118047  
0.447386  0.000228297  5.84834  
0.531614  2.01023  4.93745  
0.994174  3.26632  1.76546  
1.45596  2.74289  0.000158669  
0.000569429  0.760208  5.89105  
1.40925  7.61998e-05  4.25777  
1.5712  2.0278  2.13116  
1.83899  0.000128858  2.35962  
1.44917  1.35194  3.60534  
0.000432419  2.56905  4.5994  
0.000194148  1.43021  5.60358  
2.00029  0.000292754  0.000292754  
0.000196151  3.92843  1.13167  
1.19064  1.32567  4.39399  
1.12319  3.54457e-05  4.96458  
0.000194378  3.52295  2.84221  
0.879688  2.11911  4.35196  
0.765831  3.36546  2.29053  
1.77405  1.43229  1.75277  
0.620873  2.29685  4.5468  
1.22961  3.54457e-05  4.73218  
1.56564  9.2264e-05  3.73394  
1.28738  3.06162  0.000175768  
0.990309  1.64825  4.58991  
1.18821  2.13909  3.60714  
0.610283  3.22159  3.05046  
0.860757  1.30899  5.04888  
0.00019775  1.13794  5.75233  
1.26169  2.85902  1.81514  
1.87022  1.41891  0.000238494  
1.75356  1.92428  0.000155038  
1.19401  3.2095  0.000223274  
0.618767  0.000232514  5.70608  
0.000200483  3.74981  2.08967  
0.000487066  4.00036  0.000356794  
1.09928  1.8934  4.13242  
1.58215  1.15419  3.23755  
1.63364  1.47003  2.66984  
1.54348  2.54439  0.00018586  
1.81378  1.6863  0.000153641  
0.000359075  0.00093509  6.00036  
1.27995  1.67512  3.86689  
1.77831  0.000125908  2.74652  
1.37535  2.90465  0.000197775  
1.08916  2.52647  3.31317  
1.6746  1.80019  1.86643  
0.974652  2.34578  3.88304  
1.36106  2.57501  2.10287  
0.602121  1.59451  5.19869  
0.000423876  2.74669  4.36227  
1.96584  0.739157  0.000261564  
1.71305  0.000118234  3.09732  
1.69087  2.13695  0.000151651  
1.73437  1.14802  2.4466  
0.969277  3.49917  0.000147236  
1.54341  2.54426  9.79291e-05  
0.645267  1.12591  5.42299  
1.28025  2.3562  2.96062  
1.19261  3.21134  0.000125968  
1.35073  1.13525  4.08595  
0.695056  2.52953  4.15588  
1.09891  1.89398  4.13266  
1.18913  2.13681  3.60707  
1.46021  2.73353  5.89962e-05  
1.08844  2.52723  3.31299  
0.000153536  1.14698  5.74822  
0.966378  3.50224  8.34294e-05  
0.978073  2.33996  3.883  
1.56499  9.01925e-05  3.73636  
0.8796  2.11903  4.35188  
1.62434  2.33401  8.32635e-05  
1.09952  3.02253  2.13888  
1.43418  2.18476  2.60105  
1.50963  1.73005  2.9605  
1.49689  2.39396  1.71905  
1.05995  1.11695  4.80511  
0.825665  3.64342  0.000102091  
0.000183059  1.69476  5.43503  
1.28684  3.06228  8.08193e-05  
1.23057  1.94357e-05  4.72989  
0.772109  3.4018e-05  5.53493  
0.000224157  2.1608  5.04948  
0.613228  3.21998  3.04895  
1.18962  1.32813  4.39373  
1.63051  1.47466  2.68024  
0.858249  2.68745  3.62407  
0.599956  1.59751  5.19859  
0.858099  1.30497  5.05519  
1.4933  6.56108e-05  3.99157  
0.000162178  3.25205  3.4938  
0.000153389  2.74451  4.36514  
0.00016515  1.92508  5.25964  
1.68908  2.14222  5.85146e-05  
0.620857  2.29683  4.54678  
1.83898  0.000115289  2.35961  
0.000241823  0.000818215  6.00024  
0.000180281  2.92787  4.08837  
0.66453  3.77293  0.000110321  
0.000164539  3.3884  3.18897  
7.68421e-05  3.52172  2.84534  
0.000523286  0.766554  5.8892  
1.77405  1.43228  1.75277  
1.91838  1.1316  7.03213e-05  
0.994558  3.26665  1.75852  
0.533763  2.01858  4.92748  
1.36369  1.92337  3.30935  
1.96277  0.770302  0.000185577  
1.81418  1.68405  5.85146e-05  
0.573257  2.82271  3.88914  
0.545929  3.45991  2.5282  
0.618034  0.000214804  5.70676  
1.26168  2.85901  1.81514  
0.695932  2.98988  3.39602  
1.89713  0.000141295  1.90088  
8.99357e-05  3.64233  2.48035  
1.94797  0.000142294  1.36163  
1.37626  2.90265  0.000104504  
0.447728  0.000167215  5.848  
0.879133  3.12192  2.67072  
0.78016  1.83493  4.7911  
1.08615  3.35904  0.000131479  
0.978606  2.85715  3.00328  
0.000133433  3.92838  1.13149  
1.27989  1.67506  3.86682  
1.12611  2.02702e-05  4.95857  
0.765794  3.36545  2.2905  
0.000128715  3.7477  2.09781  
0.785586  3.52689  1.57025  
1.77933  8.70131e-05  2.74027  
1.75349  1.92421  8.32635e-05  
1.71111  8.70131e-05  3.1068  
1.58377  1.14125  3.23975  
1.36173  2.57355  2.10285  
1.7343  1.14684  2.4483  
0.902675  2.59995e-05  5.35418  
0.555955  3.65854  1.76324  
0.000420952  4.00029  0.00029068  
1.8686  1.42646  7.69023e-05  
1.67409  1.79964  1.87164  
1.85406  1.03911  1.62481  
2.00017  0.000171194  0.000171194  
1.64023  6.18886e-05  3.43351  
1.31867  1.56962e-05  4.51115  
0.000396338  2.56578  4.60342  
0.00012881  3.84271  1.6668  
1.44917  1.35193  3.60534  
1.18233  2.7065  2.63507  
1.57111  2.02935  2.12838  
0.47424  3.88609  0.000114826  
1.40922  7.48624e-05  4.25788  
0.990309  1.64825  4.58991  
0.000159683  3.10801  3.77728  
0.00038046  2.37716  4.82589  
1.01319  3.4306e-05  5.1732  
0.000157246  1.42804  5.60479  
1.73284  1.16406  2.43471  
1.85461  1.03508  1.6248  
1.62419  2.33419  2.23596e-05  
1.08871  2.52793  3.31067  
0.555859  3.65844  1.76314  
0.00016577  1.1459  5.74869  
1.43413  2.18471  2.60099  
0.858212  2.68741  3.62404  
0.598305  1.59316  5.20323  
0.782646  3.52979  1.5681  
1.37492  2.90493  1.18045e-05  
1.35007  1.13466  4.08725  
1.4933  6.0918e-05  3.99157  
6.75025e-05  3.63787  2.49491  
7.57227e-05  1.92504  5.2596  
0.546607  3.45938  2.52814  
0.622425  1.63213e-05  5.70207  
0.000135815  3.38837  3.18894  
0.862326  1.28947  5.05638  
1.75464  1.91972  1.87013e-05  
0.000132002  2.93007  4.08468  
1.28019  2.35614  2.96056  
1.12611  1.32843e-05  4.95856  
5.01145e-05  3.74692  2.10055  
0.000201773  0.763258  5.88999  
0.000144452  2.16066  5.04952  
1.18698  2.14118  3.60694  
0.452918  1.63782e-05  5.84415  
2.00007  6.60664e-05  6.60664e-05  
0.820158  3.64825  2.82696e-05  
5.81064e-05  2.74445  4.36508  
1.63401  1.45124  2.68942  
1.90035  2.09226e-05  1.87049  
7.44013e-05  0.000650932  6.00007  
0.991068  3.27087  1.75852  
1.01318  2.22112e-05  5.17319  
0.990302  1.64825  4.5899  
1.40865  1.83368e-05  4.25934  
1.58219  1.14418  3.24424  
0.883118  2.11294  4.35179  
1.27765  1.67038  3.87706  
1.91979  1.12167  3.39781e-05  
0.978556  2.8571  3.00323  
1.67302  1.8035  1.87162  
1.28653  3.06263  1.91958e-05  
0.879017  3.1218  2.6706  
1.94831  9.14331e-05  1.35656  
0.000138918  2.56522  4.60394  
1.8144  1.68286  1.14801e-05  
8.29397e-05  1.43046  5.60333  
1.36171  2.57353  2.10284  
1.96517  0.743449  1.97869e-05  
1.09811  1.89163  4.1361  
0.000149538  2.37388  4.82931  
1.77891  1.68314e-05  2.74228  
0.901416  1.16384e-05  5.35606  
1.69147  2.1345  2.14346e-05  
0.695928  2.98988  3.39602  
0.613228  3.21998  3.04895  
4.42204e-05  3.93388  1.08677  
0.977945  2.33983  3.88287  
1.09949  3.0225  2.13885  
0.643307  1.13029  5.42297  
0.963798  3.50495  2.21021e-05  
0.783544  1.81425  4.80305  
0.616415  2.3023  4.54558  
1.07834  3.36883  1.73891e-05  
1.31701  1.56962e-05  4.51552  
1.50964  1.72961  2.96041  
0.000130422  3.10419  3.78426  
1.45012  1.3545  3.59976  
0.472869  3.88668  6.30888e-05  
1.71178  1.68314e-05  3.10306  
1.56302  3.17727e-05  3.74341  
0.000127552  3.25202  3.49377  
8.62752e-05  1.6849  5.44188  
1.46007  2.73367  1.04484e-05  
1.63988  1.80632e-05  3.43478  
0.694964  2.52944  4.15579  
0.568527  2.82633  3.88939  
0.000401816  4.00027  0.000271544  
1.05902  1.12023  4.80506  
1.83986  1.75572e-05  2.35266  
1.36283  1.92216  3.3141  
1.19024  3.21459  1.93197e-05  
1.87071  1.41495  2.07232e-05  
0.539974  2.02032  4.91954  
1.26131  2.85822  1.81975  
1.19012  1.32986  4.39133  
1.49676  2.39411  1.71899  
0.658388  3.77707  1.3799e-05  
1.54336  2.5442  4.31587e-05  
0.765719  3.36537  2.29043  
6.78139e-05  3.51635  2.8602  
6.59949e-05  3.84328  1.66343  
1.774  1.43223  1.75272  
1.18233  2.7065  2.63507  
0.7677  1.95723e-05  5.54042  
1.23057  1.49049e-05  4.72989  
1.5711  2.02935  2.12837  
