3.35756  2.38508  4.53548  
4.04444  2.03663  4.46791  
3.85725  3.44693  3.18588  
4.19724  6.0952  6.80234  
5.71505  5.16784  4.2557  
2.5621  2.80967  3.07249  
6.61182  5.15557  7.34163  
3.37939  3.38096  3.50658  
4.91382  7.61271  7.1651  
5.20804  3.97048  4.74549  
5.94672  5.99561  3.26156  
4.27632  3.91123  7.87042  
6.07179  4.18625  2.88461  
7.2267  5.19879  3.32044  
3.46908  2.38328  3.45541  
3.33193  3.22424  4.00377  
7.73333  2.76291  7.20861  
5.49885  7.27037  3.62024  
2.84311  3.15218  2.37115  
2.68546  3.47269  4.50389  
3.11341  8.55083  4.09929  
3.82426  2.87752  3.99426  
5.58907  7.67113  3.60277  
9.70573  11.7331  5.44985  
4.04863  5.15392  3.6765  
2.17738  4.27394  3.75544  
6.02706  6.55764  6.55439  
3.55316  2.35384  2.51341  
3.71668  3.15162  4.80228  
4.10698  5.45582  4.3985  
1.85193  3.16438  2.90713  
3.46315  4.21701  2.6488  
3.61015  1.79127  4.92649  
3.50546  1.39178  4.17958  
4.23196  2.78096  3.17147  
3.98412  1.934  2.22562  
3.09779  4.31499  3.03982  
5.74013  4.12975  9.62977  
5.47792  4.41335  6.43416  
3.50886  3.86909  3.19852  
2.04231  2.99176  3.71051  
3.92125  3.05149  4.19195  
4.00999  1.12532  3.57858  
3.78343  7.49199  4.93285  
7.0427  9.79719  9.9333  
5.00731  8.09815  3.11126  
3.5504  7.08078  2.68072  
2.25825  2.66368  1.18911  
6.00638  5.33715  6.82509  
9.24479  4.41204  4.94131  
4.18732  6.29648  4.73946  
7.86366  2.10726  7.4495  
3.5813  1.87514  2.27676  
5.55489  7.37838  6.75242  
2.48871  2.09604  2.88766  
6.36669  5.43629  6.24297  
3.1823  2.44221  2.08967  
3.58038  1.80155  2.46752  
3.44483  3.42604  3.88749  
4.22678  2.43186  5.3401  
4.02392  2.85542  2.49081  
3.77977  7.0339  7.07808  
9.20491  4.81849  5.75193  
2.46018  3.76575  5.39828  
3.52914  4.09496  4.95104  
4.21628  2.39844  3.61718  
1.9651  2.82551  5.56883  
4.60988  4.03884  2.57018  
5.65041  13.2204  7.62903  
8.94919  4.95532  4.62725  
5.72964  2.61255  3.14662  
5.26037  5.31856  5.78613  
4.61507  1.96615  3.66382  
2.07464  1.75285  3.4584  
8.9576  4.28051  9.30456  
4.22373  3.81886  5.08607  
3.48496  1.684  3.74927  
3.94166  1.76641  2.95072  
3.54943  1.78994  4.79727  
4.34706  3.55326  4.45655  
5.93597  6.0914  5.71846  
4.06382  4.05166  3.97668  
2.8687  5.92417  4.64982  
3.75105  4.90664  6.60358  
1.14646  7.81479  3.36837  
4.14659  5.71264  6.75302  
4.75052  3.68533  2.42819  
2.92016  2.61838  3.53655  
5.6389  2.94668  3.00346  
4.8237  6.14971  4.02831  
3.58808  6.38149  4.46615  
5.34867  1.67752  2.01438  
2.3098  2.93373  3.27236  
4.07638  5.33016  4.31492  
3.55849  2.9676  6.50098  
5.03658  3.26989  3.24544  
5.60464  5.10119  7.62278  
7.42503  3.29008  4.39459  
5.65635  3.33775  5.30504  
2.40985  4.29674  4.05263  
0.432907  0.902027  0.0237499  
0.456622  0.890534  0.0334344  
0.323348  0.958191  0.000620334  
0.60662  0.795759  0.00418323  
0.96072  6.0584e-05  0.277583  
0.0039185  1.00247  0.0627169  
0.910311  0.414638  0.000149785  
0.0018598  1.01594  0.0673059  
0.133862  1.00375  0.00362131  
0.0925693  0.997077  0.0459918  
0.709976  0.704901  0.00109291  
0.274038  0.962102  0.0287673  
1.00006  9.73559e-05  9.61776e-06  
0.569538  0.8223  0.0193531  
0.70105  0.714335  0.00076807  
0.0140061  1.02499  0.0184659  
0.835296  0.55011  5.17981e-05  
0.134516  5.18161e-05  0.991029  
0.225626  0.974732  0.0374838  
0.76186  0.000230486  0.647841  
0.00435676  1.1017  0.0347162  
0.634575  6.50924e-05  0.772895  
0.871816  8.58479e-05  0.489896  
0.66806  0.744917  0.000154068  
0.7066  0.000153292  0.707657  
0.79454  4.7877e-05  0.607251  
0.527333  0.850859  0.0196503  
0.548188  6.24812e-05  0.836376  
0.0901918  1.07398  0.00869693  
0.132229  0.993064  0.032029  
0.306689  0.954862  0.0191779  
0.889945  8.07436e-05  0.456131  
0.838556  0.000221542  0.544867  
0.193609  0.982506  0.0419874  
0.94794  9.8189e-05  0.318567  
0.934744  0.000151692  0.355355  
0.598391  0.000243971  0.80123  
0.506299  0.862659  0.0256549  
0.082482  6.43475e-06  0.99662  
0.849319  0.52765  0.0226646  
0.340245  0.940865  0.0172782  
0.776921  0.000119623  0.629622  
0.404112  0.000308988  0.914727  
0.231904  6.32563e-05  0.972744  
0.894121  0.447645  0.0223816  
0.489319  3.32377e-05  0.872136  
0.720926  0.000182617  0.693042  
0.666179  2.08527e-05  0.745809  
0.204137  5.99947e-05  0.978949  
0.468281  4.94057e-05  0.883638  
0.725538  0.688452  0.000511998  
0.853977  8.09313e-05  0.520341  
0.361158  0.000236657  0.932528  
0.286931  7.93793e-05  0.957966  
0.246471  0.969397  0.0339213  
0.580672  8.04308e-05  0.81417  
0.690227  0.000174192  0.723631  
0.483389  0.875745  0.0316685  
0.531114  0.859582  0.000116881  
0.413642  0.910552  0.035585  
0.336664  0.000131356  0.941638  
9.8207e-06  7.6844e-05  1.00056  
0.25976  0.000291203  0.965687  
0.169408  0.000106544  0.985618  
0.768301  0.64028  0.000251502  
0.821798  0.569874  0.0234207  
0.879807  0.475604  0.0164744  
0.37022  0.930358  0.0154123  
0.313517  0.000162388  0.949598  
0.865201  0.501971  0.000154693  
0.806178  0.591567  0.0209276  
0.425661  0.000201229  0.904899  
0.906806  4.06281e-05  0.421582  
0.509731  0.000182297  0.860354  
0.975293  0.000107842  0.221057  
0.168896  0.993084  0.00237141  
0.921072  0.000653174  0.389432  
0.627714  0.77945  0.00269504  
0.748293  7.22276e-05  0.663422  
0.734486  0.000328396  0.678672  
0.447544  0.000161227  0.894292  
0.966209  0.25821  2.95846e-05  
0.982519  0.188296  0.000223332  
0.528235  1.2922e-05  0.849158  
0.395091  0.920189  0.0396809  
0.616417  2.34569e-05  0.787466  
0.823313  4.28933e-05  0.567629  
0.686363  0.728976  0.00134971  
0.563971  0.00010156  0.825838  
0.383572  2.39134e-05  0.923539  
0.650572  3.03792e-05  0.759466  
0.809553  8.18363e-05  0.587103  
0.787864  0.616518  8.30341e-05  
0.748862  0.662796  0.00166533  
0.546605  0.837297  0.0262078  
0.921891  0.350564  0.168194  
0.943959  0.330891  8.74074e-05  
0.989876  1.88573e-05  0.14259  
0.646741  0.763318  0.000271463  
0.58708  0.810017  0.0237359  
0.884286  0.424123  0.197628  
0.530248  0.848022  3.94006e-06  
0.627215  0.778904  0.000505573  
0.768174  0.640266  3.74646e-05  
0.90448  0.427167  0.000232495  
4.34324e-06  8.13939e-06  1.00002  
0.19339  0.980906  0.0226063  
0.865845  0.500414  4.03179e-05  
0.31268  5.90395e-06  0.94986  
0.60622  0.795425  7.35576e-05  
0.0857692  1.60831e-06  0.996316  
0.9822  0.187946  4.96199e-05  
0.665686  0.746306  9.81681e-05  
0.0745095  0.996947  0.028049  
0.292737  0.956143  0.0216909  
0.934953  8.93134e-06  0.35478  
0.633046  4.94436e-06  0.774116  
0.481241  0.876405  0.0208714  
0.565021  1.0502e-05  0.825079  
0.989053  4.92338e-07  0.147573  
0.934514  0.298223  0.197689  
0.809122  2.74083e-05  0.587643  
0.432344  0.901586  0.0182658  
0.839066  1.04921e-05  0.544035  
0.64628  0.763138  3.34237e-05  
0.316806  0.948717  3.41633e-05  
0.706468  2.16888e-06  0.707747  
0.272916  0.961873  0.0203986  
0.111091  0.99395  2.65498e-05  
0.975248  3.2244e-06  0.221117  
0.907213  4.32655e-06  0.420675  
0.247487  0.968684  0.0223276  
0.721  1.0513e-05  0.692937  
1.00001  2.45025e-06  4.90589e-07  
0.469054  3.85219e-06  0.883171  
0.786749  0.617377  1.69271e-05  
0.508783  4.29406e-06  0.860896  
0.517828  0.856205  0.000582528  
0.455189  0.890169  0.0209025  
0.383213  7.63422e-06  0.923661  
0.36078  4.83881e-06  0.932653  
0.168321  1.42586e-05  0.985733  
0.36742  0.930009  0.0141355  
0.803894  0.594676  0.0147265  
0.897806  0.395043  0.196076  
0.287072  5.4376e-06  0.957912  
0.677959  6.15769e-06  0.735101  
0.748846  0.662773  4.9685e-05  
0.707995  0.706275  0.000104386  
0.648327  8.26426e-06  0.761364  
0.135102  0.990654  0.0244375  
0.835231  0.549953  2.51957e-05  
0.616876  1.16302e-05  0.787062  
0.546938  1.35374e-05  0.837176  
0.964951  0.262693  3.80506e-05  
0.728867  0.684696  9.53937e-05  
0.943843  0.330487  3.84299e-05  
0.687272  0.726529  0.000247271  
0.405331  1.19748e-05  0.914172  
0.566559  0.823943  0.018815  
0.337393  1.93463e-06  0.941365  
0.867263  3.59147e-06  0.497853  
0.600246  1.3928e-06  0.799818  
0.447204  6.80305e-07  0.894437  
0.167146  0.986045  0.000260431  
0.496515  0.868389  0.0234492  
0.961617  3.4318e-06  0.274401  
0.893579  2.09823e-05  0.448909  
0.489226  9.2167e-06  0.872158  
0.824297  1.91442e-06  0.566162  
0.735793  2.28481e-06  0.677209  
0.881277  0.472786  0.00902493  
0.586039  0.810077  0.0201327  
0.582771  7.10656e-06  0.812639  
0.130831  1.06032e-06  0.991406  
0.260696  2.40133e-06  0.965422  
0.692295  1.42437e-06  0.721616  
0.794005  4.67423e-06  0.607912  
5.38455e-05  1.00009  4.51525e-05  
0.528056  1.76259e-06  0.849211  
0.779492  2.61367e-05  0.626414  
0.853264  1.45363e-06  0.521485  
0.201589  6.75758e-06  0.979471  
0.819739  0.572435  0.0219377  
0.662951  5.49943e-06  0.748665  
0.948206  6.28794e-07  0.317673  
0.915803  0.35833  0.182322  
0.849654  0.526979  0.0215794  
0.54624  0.837259  0.0258321  
0.232203  1.61042e-06  0.972668  
0.764674  3.78107e-06  0.644419  
0.921534  3.7558e-06  0.388301  
0.750158  4.29817e-06  0.661261  
0.924477  0.382113  0.000234811  
0.392208  0.91997  0.00789517  
0.340975  0.940097  0.0105278  
0.412375  0.910802  0.0214838  
0.879575  2.8669e-06  0.475763  
0.426473  1.2636e-05  0.904503  
0.223903  0.974405  0.0223901  
0.946283  0.323494  2.76661e-05  
0.86971  0.442225  0.22206  
0.982199  0.187889  1.04054e-05  
0.788061  0.574022  0.227923  
0.961815  9.41115e-07  0.273704  
0.737662  0.653928  0.234984  
0.514531  0.857681  0.000103748  
0.125979  0.991813  0.0241775  
0.770315  0.59872  0.231827  
0.631618  4.13197e-06  0.77528  
0.851722  0.472609  0.230123  
0.801992  0.5989  0.0108214  
1  1.20571e-06  1.0417e-07  
0.706468  8.07757e-07  0.707746  
0.294174  0.955569  0.0200634  
0.904217  0.427267  6.89167e-05  
0.928929  0.287289  0.236174  
0.496398  0.867902  0.0233795  
0.833143  0.502247  0.239612  
0.918123  9.93202e-07  0.396297  
0.48885  4.09389e-07  0.872368  
0.215362  0.976344  0.0225137  
0.770529  0.637476  0.000232692  
9.10548e-06  1.00003  8.87247e-06  
0.0869904  7.55696e-07  0.996209  
0.582629  8.58705e-07  0.812738  
0.468272  2.42213e-05  0.883585  
0.667115  0.744979  3.74633e-05  
0.975318  1.72774e-06  0.220807  
0.599493  3.59571e-06  0.80038  
0.82392  6.03803e-07  0.566707  
0.750968  0.626086  0.239331  
0.447739  4.07329e-06  0.894165  
0.721127  1.74816e-06  0.692803  
0.508782  6.93583e-07  0.860896  
0.566541  0.823851  0.0186839  
0.201588  8.33708e-06  0.979471  
0.677515  2.64562e-06  0.735509  
0.412346  0.910793  0.0214163  
0.881472  0.47245  0.000192671  
0.391321  0.920364  0.00517968  
0.367222  0.930038  0.0140871  
0.806113  0.537894  0.255801  
0.271055  0.962381  0.0203409  
0.166872  0.98602  5.5247e-05  
0.426869  2.07141e-06  0.904314  
0.647207  0.762339  3.0623e-05  
0.433621  0.900982  0.017297  
0.246418  0.968925  0.0222084  
0.287161  2.08705e-06  0.957882  
0.316681  0.948554  1.8316e-05  
0.405329  2.33386e-07  0.914171  
0.886258  1.13997e-06  0.463192  
0.870848  8.24324e-07  0.491552  
0.912732  0.356104  0.201654  
0.924848  0.380454  5.3294e-05  
0.312678  1.10135e-06  0.949859  
0.779491  4.34034e-07  0.626413  
0.260696  3.2258e-07  0.965421  
0.647364  1.42105e-07  0.762182  
0.455175  0.890168  0.0208641  
0.989052  5.86007e-08  0.147571  
0.687258  0.726454  1.83125e-05  
0.16832  2.72572e-07  0.985732  
0.765035  1.17284e-06  0.64399  
0.615702  6.17486e-07  0.787979  
0.546983  2.70965e-06  0.837144  
0.853416  5.09393e-05  0.521231  
0.735867  2.61736e-07  0.677126  
0.626924  0.779101  9.60845e-05  
0.232202  5.67653e-07  0.972668  
0.337017  6.14247e-07  0.941499  
0.861646  0.507697  1.71118e-05  
0.692294  4.73812e-07  0.721616  
0.56502  9.8529e-07  0.825077  
0.530236  0.847886  2.22458e-06  
0.528056  1.16252e-07  0.84921  
0.838233  1.18165e-06  0.545313  
0.750554  1.36526e-06  0.660809  
0.0749936  0.996905  0.0241586  
0.965145  0.261824  9.89639e-06  
0.383212  4.16885e-06  0.923661  
0.948448  6.56976e-07  0.316933  
0.475531  0.879499  0.0208635  
0.60617  0.795352  2.12577e-05  
0.835229  0.549918  1.00457e-05  
0.130829  1.53482e-07  0.991406  
0.933753  0.000226422  0.357919  
0.79436  7.97708e-07  0.607448  
0.662764  3.32852e-06  0.748829  
0.708477  0.705771  2.5178e-06  
0.885282  0.39724  0.247171  
0.728847  0.684693  1.21335e-05  
0.360316  3.62584e-07  0.932831  
0.343182  0.939226  0.0103258  
0.901614  6.57316e-07  0.432542  
0.546221  0.837244  0.0261282  
3.66723e-06  5.86283e-06  1.00002  
0.809121  2.34836e-06  0.587642  
0.586016  0.810062  0.0201172  
0.623711  0.781702  4.79281e-05  
0.902984  0.429767  3.51361e-05  
0.709681  5.47907e-07  0.704523  
0.858334  0.513387  6.31016e-05  
0.232201  3.41502e-07  0.972668  
0.391401  0.92042  0.0022441  
0.211091  0.977257  0.023082  
0.756589  0.596079  0.272357  
0.574828  0.77941  0.264046  
0.544995  0.840632  0.0014744  
0.337017  3.12216e-07  0.941499  
0.875022  0.399549  0.275556  
0.924228  0.280139  0.261075  
0.517697  0.825688  0.269671  
0.840154  8.06494e-08  0.542349  
0.383212  5.47658e-07  0.92366  
0.886258  6.10761e-08  0.463192  
0.830208  0.501136  0.245921  
0.447984  1.45072e-07  0.894041  
0.733949  0.62649  0.273558  
0.692568  0.678935  0.245436  
0.271031  0.96237  0.0203876  
0.924841  0.380424  9.78041e-06  
0.631256  1.30723e-07  0.775574  
0.0749738  0.996898  0.0241545  
0.56462  3.35017e-08  0.825351  
0.824832  8.9434e-08  0.565377  
0.664128  0.707144  0.24348  
0.804515  0.532849  0.263016  
0.8024  0.597087  0.0047152  
0.989052  2.60503e-08  0.147571  
0.907504  0.354443  0.227379  
0.745331  1.06286e-07  0.666694  
0.917262  1.40573e-07  0.398286  
0.831246  0.556078  7.29688e-05  
1  7.52892e-08  1.29316e-08  
0.405293  1.03146e-07  0.914187  
0.778115  9.66858e-07  0.628122  
0.527704  2.14351e-07  0.849429  
0.762858  2.74583e-07  0.646567  
0.58604  0.810082  0.0192344  
0.730811  0.682615  7.37955e-06  
0.694107  2.59122e-07  0.719872  
0.72139  0.643386  0.275885  
0.513437  0.85815  4.0616e-05  
0.581949  4.83647e-08  0.813226  
0.635934  0.729444  0.255876  
0.809446  2.69307e-07  0.587195  
0.856125  0.462429  0.231219  
0.961831  1.96214e-07  0.273643  
0.16832  1.52812e-07  0.985732  
0.546433  5.14973e-08  0.837503  
0.360599  3.12216e-07  0.932721  
0.201587  2.35878e-07  0.979471  
0.901644  1.01908e-07  0.432479  
0.12584  0.991764  0.0241907  
0.544935  0.800393  0.262517  
0.61537  1.33895e-07  0.788239  
0.287161  2.34748e-07  0.957882  
0.696621  0.717595  0.000138691  
0.767143  0.641527  0.00027882  
0.881403  0.47244  2.90124e-05  
0.342574  0.939439  0.0102864  
0.975318  2.05213e-07  0.220807  
0.172312  0.98507  4.51673e-05  
0.131489  8.6511e-09  0.991318  
0.0869398  8.86988e-08  0.996214  
0.508481  3.58295e-07  0.861073  
0.933229  1.78644e-07  0.359282  
0.66188  0.749736  4.40448e-05  
0.243537  0.969673  0.0221793  
0.79436  1.3376e-07  0.607448  
0.854744  2.79975e-07  0.51905  
0.982195  0.187888  8.29269e-06  
0.947946  1.13736e-07  0.318432  
0.598715  1.37975e-08  0.800963  
0.965102  0.261945  6.88068e-06  
0.496378  0.867811  0.0233701  
0.646883  1.73806e-07  0.762589  
0.294164  0.955558  0.019982  
0.662405  6.54194e-07  0.749146  
0.319396  0.947658  1.29854e-05  
0.946262  0.323476  1.53118e-05  
0.48885  1.0962e-07  0.872368  
0.870301  2.42193e-07  0.49252  
0.367219  0.930035  0.0140558  
0.727784  1.83326e-07  0.685807  
0.433605  0.900949  0.0173127  
0.60867  0.752024  0.254645  
2.6539e-06  4.77135e-06  1.00001  
0.67853  1.36555e-07  0.734573  
0.260347  3.17029e-07  0.965515  
4.88932e-06  1.00002  3.22306e-06  
0.312678  1.10437e-07  0.949859  
0.426823  3.3486e-07  0.904335  
0.468596  1.4436e-07  0.883413  
0.412327  0.910791  0.0213967  
0.78114  0.561916  0.274132  
0.475499  0.879483  0.020855  
0.455174  0.890164  0.0208643  
0.287161  6.2758e-08  0.957882  
0.767845  0.640662  4.46892e-06  
0.542664  0.797582  0.265522  
0.677391  5.25601e-08  0.735623  
0.853471  0.462299  0.243873  
0.0034748  0.985939  0.265786  
0.831198  0.556054  1.6867e-05  
0.867707  0.395635  0.302292  
0.601493  0.756747  0.258756  
0.640745  2.51695e-07  0.767754  
0.0619112  0.970135  0.282762  
0.426967  1.10109e-08  0.904267  
0.923558  0.276478  0.266273  
0.901706  2.34716e-07  0.432351  
0.946259  0.323475  1.38475e-05  
0.918022  3.05848e-08  0.39653  
0.117118  0.959586  0.263282  
0.971078  7.55971e-09  0.238763  
0.339556  0.904939  0.257096  
0.110447  0.00109799  0.993991  
0.405293  1.48574e-07  0.914187  
0.30549  0.916561  0.261921  
0.172312  0.985057  4.92043e-06  
0.507407  0.86176  4.48336e-05  
0.654822  0.700248  0.297583  
0.48885  2.08349e-08  0.872368  
0.803451  0.53086  0.270274  
0.67783  0.673839  0.298078  
0.925164  0.379605  3.25377e-06  
0.744803  3.96573e-08  0.667284  
0.370905  0.89095  0.263544  
0.809458  2.1767e-08  0.587178  
0.170734  0.951043  0.27482  
0.905919  0.353368  0.233912  
0.583632  1.16977e-07  0.812018  
0.622001  6.22306e-08  0.783017  
0.508668  0.820862  0.261128  
0.886258  4.82815e-08  0.463192  
0.527703  1.26592e-07  0.849429  
0.840153  1.04721e-08  0.542349  
0.312678  2.71907e-08  0.949859  
0.273044  0.927519  0.258965  
0.333708  0.942878  0.000152558  
0.508343  2.12313e-07  0.861155  
0.201411  1.20809e-07  0.979507  
0.398741  0.917158  9.76832e-05  
0.824832  1.37324e-07  0.565377  
0.383212  1.4897e-07  0.92366  
0.881385  0.472444  2.40571e-06  
0.585632  0.810425  0.0186661  
0.936593  2.75754e-05  0.350431  
0.360599  2.40944e-08  0.932721  
0.982195  0.187878  4.40037e-06  
0.231715  3.11754e-07  0.972784  
0.264921  0.964126  0.0202279  
0.829207  0.497361  0.257458  
0.602452  5.39843e-08  0.798155  
0.212741  0.943635  0.257525  
0.548653  0.836096  4.74455e-05  
0.337053  9.34549e-08  0.941486  
0.73092  0.624658  0.275505  
0.240892  0.935611  0.269269  
0.0261673  0.97997  0.263197  
0.777573  6.65717e-08  0.628792  
0.575304  0.777693  0.253727  
0.260347  1.78163e-08  0.965515  
0.623697  0.781694  1.27801e-05  
0.630065  0.733911  0.257497  
0.85504  2.15876e-07  0.518562  
0.447984  1.22531e-07  0.894041  
0.468596  1.59291e-07  0.883413  
2.6539e-06  2.28633e-06  1.00001  
0.77933  0.561814  0.278201  
0.564599  1.59656e-08  0.825365  
0.407031  0.875309  0.261975  
0.546433  4.40545e-08  0.837503  
0.728104  4.25777e-08  0.685467  
0.954528  4.61214e-07  0.298121  
0.793622  4.38189e-08  0.608411  
1  2.05349e-08  5.23025e-09  
0.871215  2.35056e-07  0.490901  
0.659933  3.00524e-08  0.751325  
0.987082  4.98349e-07  0.160219  
0.76163  5.65188e-09  0.648013  
0.696543  0.717569  3.54358e-05  
0.799165  0.601265  0.000131188  
0.731702  0.681648  3.31251e-05  
0.455195  0.890202  0.0198728  
0.711975  1.9365e-07  0.702205  
0.902961  0.429752  4.87801e-05  
0.706203  0.646845  0.288617  
0.475321  0.841449  0.257716  
0.751592  0.592108  0.293483  
0.66115  0.750275  2.02218e-05  
0.694922  5.90864e-08  0.719085  
1.82694e-06  1  1.55339e-06  
0.440434  0.858919  0.262242  
0.16832  1.14576e-07  0.985732  
0.965093  0.261943  4.12295e-06  
0.85808  0.513628  7.22695e-05  
0.798789  4.42404e-07  0.601616  
0.628363  0.71966  0.29617  
0.870706  5.43752e-09  0.491803  
0.817414  1.96402e-08  0.57605  
0.769682  0.562027  0.317666  
0.651323  0.695632  0.304308  
0.640796  4.46038e-09  0.767711  
0.501121  0.824846  0.262966  
8.1305e-05  0.965879  0.259237  
1  6.5504e-09  2.20594e-09  
0.275759  0.92621  0.257682  
0.76276  6.8297e-07  0.646703  
0.133457  3.97043e-08  0.991055  
0.262358  0.964819  0.0199791  
0.405293  9.01464e-08  0.914187  
0.886567  3.13147e-08  0.462601  
0.524721  0.809131  0.265114  
0.728104  8.27507e-09  0.685467  
0.337053  3.58946e-08  0.941486  
0.544787  0.794061  0.27161  
0.779903  1.7688e-08  0.6259  
0.918444  6.55132e-09  0.395552  
0.406758  0.874615  0.264172  
0.659467  2.14328e-08  0.751734  
0.584384  2.16274e-07  0.811478  
0.581287  0.756931  0.300543  
0.731929  0.62339  0.275424  
0.426967  6.13768e-09  0.904267  
0.360599  2.55722e-08  0.932721  
0.560145  0.775036  0.30112  
0.982195  0.187876  4.02766e-06  
0.548647  0.836077  5.11087e-06  
0.207433  0.943551  0.258616  
0.240164  0.93432  0.264313  
0.454571  0.890508  0.0198448  
0.468596  4.87379e-09  0.883413  
0.964885  0.262692  1.8441e-06  
0.807824  0.479907  0.353507  
0.971078  5.26165e-09  0.238763  
0.904006  0.352683  0.242099  
0.164112  0.951392  0.261995  
0.694333  6.08984e-08  0.719654  
0.902099  0.431569  1.9991e-05  
0.622001  1.77776e-09  0.783017  
0.801659  0.529642  0.277691  
0.748663  0.589844  0.304616  
0.67971  0.666441  0.30988  
0.855052  6.97184e-09  0.518542  
0.661139  0.750273  6.92125e-06  
0.260284  1.506e-08  0.965532  
0.697322  0.716774  3.86336e-05  
0.383212  8.98613e-09  0.92366  
0.902087  3.92372e-08  0.431555  
0.339406  0.904608  0.258064  
0.312678  7.90432e-09  0.949859  
0.202546  7.61503e-09  0.979273  
0.623691  0.781688  3.22441e-06  
0.937254  2.66476e-08  0.348648  
0.837005  0.434648  0.333664  
0.176734  0.984284  3.31509e-05  
0.831176  0.556031  1.31163e-05  
0.676552  1.50486e-08  0.736395  
0.106791  0.959169  0.262249  
0.92388  0.27027  0.271256  
0.858052  0.513613  3.92987e-05  
1.40429e-06  1.00001  1.39271e-06  
0.372305  0.889615  0.266959  
0.308236  0.915555  0.258559  
0.475233  0.841394  0.257456  
0.603214  4.7917e-09  0.797579  
0.333559  0.942785  7.07073e-05  
0.925254  0.379383  3.76527e-06  
0.987082  6.13991e-09  0.160219  
0.946247  0.323456  8.50729e-06  
0.603733  0.738934  0.300185  
0.881377  0.472426  1.9266e-06  
0.707386  0.640902  0.299518  
0.868298  0.383466  0.315297  
0.565831  6.45177e-08  0.824521  
0.546916  5.81603e-09  0.837187  
0.287156  3.20163e-08  0.957884  
0.447984  5.94063e-08  0.894041  
0.767238  0.641398  5.60641e-06  
0.170901  1.43685e-07  0.985288  
0.711838  3.79681e-09  0.702344  
0.837787  1.34834e-08  0.545997  
0.585612  0.810399  0.0185781  
0.954528  3.00191e-09  0.298121  
0.502035  0.8649  3.01692e-05  
0.527875  8.02828e-08  0.849322  
0.744765  1.37573e-08  0.667327  
0.0881682  2.64325e-09  0.996106  
0.508343  2.46245e-08  0.861155  
2.6539e-06  2.28633e-06  1  
0.48885  7.51278e-08  0.872368  
0.440439  0.85788  0.264926  
0.231715  3.953e-08  0.972784  
0.7317  0.681648  8.75609e-06  
0.799152  0.601202  5.33389e-05  
0.39864  0.917127  6.92288e-06  
0.287156  1.8219e-09  0.957884  
4.60135e-07  1  8.83974e-07  
0.750633  0.547913  0.370411  
0.901521  0.432789  1.07519e-05  
0.578831  0.75658  0.305448  
0.676888  3.6227e-09  0.736086  
0.925081  0.265979  0.271298  
0.8062  0.526527  0.270778  
0.488172  0.818185  0.304806  
0.346263  0.899424  0.269698  
0.705895  0.639508  0.305335  
0.675572  0.664056  0.323174  
0.133457  1.64712e-09  0.991055  
0.548637  0.836072  3.64262e-06  
0.566074  1.6067e-08  0.824354  
0.176714  0.984274  8.36874e-06  
0.798431  0.602129  1.18179e-05  
0.93742  4.05693e-09  0.3482  
0.83546  0.430187  0.34263  
0.650147  0.694612  0.308533  
0.0889684  3.64992e-10  0.996034  
0.92515  0.379613  2.33554e-06  
0.405293  1.47418e-09  0.914187  
0.163285  0.950984  0.26375  
0.76884  0.51201  0.389198  
0.54923  0.778546  0.304317  
0.260284  2.20117e-09  0.965532  
0.527726  1.10258e-08  0.849415  
0.488424  1.01434e-09  0.872606  
0.276108  0.925533  0.260204  
0.39863  0.917123  2.96614e-06  
0.782387  1.39971e-09  0.622792  
0.383212  1.42429e-10  0.92366  
0.424501  0.852966  0.309648  
0.503112  0.864251  2.95648e-05  
0.426967  5.91061e-09  0.904267  
0.711253  5.13322e-09  0.702936  
0.170809  3.99321e-10  0.985304  
0.750863  0.602167  0.276134  
0.603431  4.21463e-09  0.797416  
0.360553  1.59051e-09  0.932739  
1  3.54373e-09  2.62919e-10  
0.658989  1.42465e-09  0.752153  
0.312678  6.34408e-09  0.949859  
0.640486  4.37644e-09  0.76797  
0.207041  0.943183  0.261703  
0.463209  0.83151  0.31387  
0.73261  0.680673  1.18818e-05  
0.818811  4.68966e-09  0.574063  
0.80036  5.61225e-09  0.599519  
0.262349  0.964811  0.0193781  
0.71991  0.586976  0.381085  
0.905715  0.348188  0.242059  
0.468406  1.07531e-09  0.883514  
0.763419  5.50762e-09  0.645904  
0.853548  1.71006e-09  0.521015  
0.946247  0.323454  1.19834e-06  
0.801978  0.470533  0.373456  
0.546916  2.3273e-09  0.837187  
0.370571  0.88869  0.273428  
0.0986012  0.9595  0.265674  
0.830232  0.557453  1.87265e-05  
0.964885  0.262692  1.67726e-06  
0.6941  2.22867e-09  0.719879  
0.447984  5.8337e-09  0.894041  
0.886425  3.94917e-09  0.462872  
0.401955  0.876641  0.264823  
0.308196  0.91545  0.258892  
0.766675  0.642042  6.10211e-06  
0.2326  3.77221e-09  0.972573  
0.87023  9.00255e-10  0.492645  
0.728291  3.37097e-09  0.685268  
0.836351  1.08518e-09  0.548194  
0.584875  7.06331e-09  0.811124  
0.203162  1.56405e-09  0.979145  
0.868302  0.379606  0.319587  
0.661144  0.750266  6.68751e-06  
0.333529  0.942747  1.05873e-05  
0.585632  0.810381  0.018307  
0.627915  0.71902  0.298517  
0.622024  5.73405e-09  0.782998  
0.858039  0.513612  1.26056e-05  
0.918444  4.26535e-09  0.395552  
0.60423  0.737372  0.302542  
0.971078  1.96334e-10  0.238763  
4.36788e-05  0.965857  0.259129  
0.881032  0.473068  1.9683e-06  
0.508343  5.39542e-09  0.861155  
0.623689  0.781685  1.49035e-06  
0.745305  7.65506e-10  0.666724  
0.981914  0.189353  6.39297e-06  
0.337012  3.66765e-09  0.9415  
0.239989  0.934188  0.264085  
0.45258  0.891522  0.0198355  
0.954859  1.40984e-09  0.297059  
0.987082  6.80453e-10  0.160219  
3.44002e-07  1.42704e-06  1  
0.697337  0.716752  4.99946e-06  
0.517329  0.799874  0.306579  
0.902087  1.11112e-08  0.431555  
0.523176  0.758289  0.409445  
0.767893  0.490993  0.419313  
0.556435  0.733739  0.399101  
0.871793  0.369205  0.322772  
0.674455  0.662826  0.325669  
0.0965831  0.958989  0.266785  
0.377248  0.87316  0.308994  
0.68469  0.615186  0.393165  
0.91921  7.86485e-10  0.393768  
0.497353  0.781061  0.414631  
0.608351  0.733896  0.302534  
0.697475  0.716615  4.41951e-06  
0.452419  0.891593  0.019831  
0.456812  0.801432  0.412888  
0.43153  0.821753  0.45208  
0.8387  0.419764  0.347624  
0.199269  0.930224  0.320711  
0.33411  0.942541  8.82075e-06  
0.33135  0.889345  0.318682  
0.807049  0.452822  0.381542  
0.710702  0.572672  0.418204  
0.262323  0.964798  0.0193586  
0.586984  0.704821  0.401507  
0.711253  1.56272e-09  0.702936  
0.803125  0.530849  0.270713  
0.603431  1.16338e-09  0.797416  
0.766674  0.642042  4.13413e-06  
0.880266  0.474508  5.15374e-06  
0.764114  1.65564e-10  0.645082  
0.901091  0.433693  1.397e-05  
0.987093  1.49617e-09  0.160146  
0.62472  0.677425  0.390532  
0.508357  2.72207e-09  0.861146  
0.39956  0.916716  3.47389e-06  
2.20243e-07  1.35526e-06  1  
0.964883  0.262689  1.41559e-06  
0.650305  0.644044  0.40646  
0.818362  1.46577e-09  0.574704  
0.501333  0.865274  5.85351e-06  
0.80036  3.46474e-10  0.599519  
0.902453  8.63827e-10  0.430787  
0.260429  2.13035e-09  0.965493  
0.798698  0.601745  9.22065e-06  
0.448258  9.71629e-10  0.893904  
0.937407  6.79416e-10  0.348236  
0.517094  0.799813  0.305066  
0.946247  0.323454  4.68401e-07  
0.981912  0.18935  6.39297e-06  
0.925743  0.263613  0.271204  
0.870247  1.61468e-10  0.492616  
2.23123e-06  0.965851  0.259118  
0.488562  1.03073e-09  0.872529  
0.743107  0.61006  0.275284  
0.748168  0.546573  0.376597  
0.468686  2.95285e-10  0.883365  
0.170137  2.2306e-09  0.98542  
0.621749  3.62662e-10  0.783217  
0.545769  0.837973  2.49991e-05  
0.287156  2.20576e-09  0.957884  
0.360491  2.79985e-09  0.932763  
0.623689  0.781678  9.42184e-07  
0.426967  1.04169e-09  0.904267  
0.746302  1.38087e-09  0.665607  
0.285516  0.905157  0.317087  
0.731092  0.682292  3.43862e-06  
0.69432  1.56528e-09  0.719666  
0.661142  0.750265  4.44956e-06  
0.411852  0.853808  0.322852  
1  2.7882e-10  1.75282e-10  
0.0889684  2.3374e-10  0.996034  
0.924809  0.380443  2.60651e-06  
0.728954  3.05821e-09  0.684563  
0.202805  3.82156e-09  0.979219  
0.133457  5.89885e-10  0.991055  
0.85803  0.513612  6.48567e-06  
0.676888  9.11064e-09  0.736086  
0.658989  2.13386e-09  0.752153  
0.337012  2.18519e-09  0.9415  
0.971103  4.93693e-10  0.238661  
0.584546  2.95588e-09  0.81136  
0.852901  1.45997e-09  0.522073  
0.830228  0.557433  4.37228e-06  
0.312357  1.12605e-09  0.949965  
0.954859  2.21726e-10  0.297059  
0.171309  0.938303  0.326235  
0.176715  0.984269  4.62479e-06  
0.383212  7.56998e-11  0.92366  
0.546916  7.59795e-10  0.837187  
0.23473  0.920887  0.316574  
0.405293  6.54276e-10  0.914187  
0.640486  3.90761e-10  0.76797  
0.886425  1.22599e-09  0.462872  
0.782387  2.39263e-09  0.622792  
2.49037e-07  1  8.34299e-07  
0.585672  0.810428  0.0171514  
0.2326  1.04975e-08  0.972573  
0.905537  0.34759  0.243388  
0.527863  2.33792e-09  0.84933  
0.566074  1.19331e-09  0.824354  
0.834871  4.97774e-10  0.550445  
0.647129  0.632936  0.428144  
0.520708  0.751973  0.405393  
0.413862  0.817631  0.403045  
0.694301  4.48194e-10  0.719685  
0.840565  0.412935  0.351088  
0.00789636  0.948634  0.320744  
0.2619  0.878284  0.402408  
0.603431  1.23843e-09  0.797416  
0.151393  0.908449  0.405464  
0.703926  0.561734  0.440847  
0.111647  0.941468  0.31876  
0.435184  7.27179e-10  0.900341  
0.584388  0.703955  0.404133  
0.385736  8.35962e-10  0.922609  
0.743104  0.610008  0.275237  
0.213107  0.892323  0.400534  
0.1741  3.52007e-06  0.984735  
0.246969  0.918349  0.318273  
0.390836  0.863315  0.321122  
0.458106  1.9675e-10  0.888898  
0.45242  0.891592  0.0196768  
0.981911  0.189349  4.47005e-06  
0.545763  0.837959  1.12184e-05  
0.585652  0.810396  0.0171537  
0.545449  2.25391e-09  0.838144  
0.267765  0.963332  0.0194493  
0.697472  0.716615  3.36472e-06  
0.302657  0.865565  0.401151  
0.73109  0.682289  3.00208e-06  
0.964882  0.262689  9.6353e-07  
0.987093  3.57841e-10  0.160146  
0.602347  0.738761  0.302515  
0.765071  1.33632e-10  0.643946  
0.851952  4.30966e-10  0.52362  
0.90654  0.344971  0.243395  
0.746716  6.36669e-10  0.665144  
0.803104  0.530846  0.270671  
0.658626  5.54823e-06  0.75247  
0.177828  0.984065  4.03172e-06  
0.338382  0.852435  0.401148  
0.676393  8.09564e-10  0.736541  
0.613192  0.672592  0.415172  
0.282374  3.28181e-09  0.959304  
0.807047  0.443374  0.391102  
0.410062  7.13957e-10  0.912058  
0.309486  7.43188e-10  0.950904  
0.376732  0.836979  0.397957  
0.886093  2.65705e-10  0.463507  
0.800347  7.69737e-11  0.599537  
0.524884  3.51687e-07  0.851174  
0.761751  0.480307  0.435534  
0.669232  0.668071  0.325783  
0.829952  0.557845  4.81328e-06  
0.78278  4.85134e-10  0.622299  
0.554267  0.729698  0.401189  
0.925236  0.263467  0.273073  
0.954859  1.24538e-10  0.297059  
0.766674  0.642041  3.02323e-06  
0.834784  3.85322e-10  0.550578  
0.479959  5.5906e-10  0.877291  
0.924799  0.380464  8.55189e-07  
0.902816  7.04039e-10  0.430026  
0.919241  2.20428e-10  0.393695  
0.937806  2.3112e-10  0.347159  
0.623689  0.781678  9.42184e-07  
0.584546  1.42071e-09  0.81136  
0.90108  0.433681  1.12513e-06  
0.514783  0.801319  0.304977  
0.50133  0.865269  4.59729e-06  
2.20243e-07  6.37591e-07  1  
0.798695  0.601745  3.97593e-06  
0.484547  0.775706  0.407934  
0.971183  3.49124e-10  0.238333  
0.133457  8.75002e-10  0.991055  
0.729774  8.60641e-10  0.683688  
0.748898  0.545362  0.376584  
0.208345  1.95149e-09  0.978064  
0.336693  2.20893e-10  0.941615  
0.661141  0.750265  3.17092e-06  
0.50241  1.01287e-09  0.86463  
0.683367  0.61099  0.400979  
0.872908  0.366195  0.32262  
0.711876  2.2692e-10  0.702305  
0.858026  0.513612  3.89768e-06  
0.946246  0.323454  3.43672e-07  
0.450301  0.799975  0.397824  
0.622265  9.78036e-11  0.782807  
0.0889684  1.4121e-10  0.996034  
0.640486  3.09194e-10  0.76797  
0.817927  7.43647e-09  0.575323  
0.246322  7.97724e-08  0.969188  
0.564449  3.28942e-10  0.825468  
1  1.24746e-10  6.65017e-11  
2.23123e-06  0.965849  0.259118  
0.398071  0.917367  9.30517e-06  
0.362518  6.39967e-10  0.931977  
0.880353  0.474342  2.96691e-06  
0.334107  0.94254  8.4658e-06  
1.12667e-07  1  6.36102e-07  
0.868872  1.46241e-09  0.495037  
0.919241  1.26346e-10  0.393695  
0.252933  0.877155  0.412503  
0.987221  2.24213e-11  0.159356  
0.584546  6.26e-11  0.81136  
0.750457  0.543316  0.376395  
0.33628  2.70011e-10  0.941762  
0.8178  1.2076e-10  0.575503  
0.633938  0.634555  0.443772  
0.251518  0.914532  0.317254  
0.575635  0.706508  0.414538  
0.834784  2.15821e-10  0.550578  
0.925228  0.263457  0.273056  
0.750391  0.467311  0.47248  
0.554047  0.729366  0.401604  
0.481102  0.774084  0.413826  
0.658538  2.55043e-11  0.752547  
0.20304  0.893369  0.401046  
0.946246  0.323454  3.43672e-07  
0.602125  0.66837  0.448286  
0.278813  4.83111e-10  0.960345  
0.139012  0.000112014  0.990291  
0.621956  1.49004e-11  0.783052  
0.502957  1.25056e-10  0.864311  
0.964881  0.262689  5.97518e-07  
0.176423  1.28617e-10  0.984314  
0.338964  0.847222  0.41119  
0.390306  0.86302  0.320882  
0.545758  0.837954  8.76846e-06  
0.000161984  0.94743  0.320227  
0.386856  8.65885e-11  0.92214  
0.735354  0.619554  0.275375  
0.971441  1.76526e-10  0.237281  
0.398069  0.917366  9.29608e-06  
0.58569  0.810439  0.0153831  
0.449909  0.799256  0.398976  
0.12882  0.90548  0.405045  
0.000114908  0.916747  0.403006  
0.518082  0.751416  0.409408  
0.247363  2.81875e-10  0.968923  
0.799988  6.14865e-11  0.600016  
0.858026  0.513612  2.21853e-06  
0.714862  0.531312  0.457054  
0.301354  0.864068  0.403684  
0.334107  0.94254  3.95229e-06  
0.600696  0.740282  0.302024  
0.78278  1.85685e-10  0.622299  
0.411044  1.52553e-10  0.911616  
0.670768  0.666389  0.325642  
0.376475  0.835871  0.400282  
0.45242  0.891591  0.0196765  
0.868872  1.32094e-10  0.495037  
0.880352  0.474339  2.75284e-06  
0.981911  0.189349  4.16849e-06  
0.900945  0.433943  1.28931e-06  
0.808062  0.432714  0.400075  
0.623689  0.781678  8.82753e-07  
0.711876  1.0816e-10  0.702305  
0.480819  2.5945e-10  0.87682  
0.676387  2.40817e-10  0.736546  
0.95516  3.53227e-10  0.29609  
0.565145  2.29183e-10  0.824992  
0.694116  6.78164e-11  0.719863  
0.212891  4.03142e-10  0.977076  
0.308605  1.4311e-10  0.95119  
0.924798  0.380464  3.4205e-07  
0.0934687  7.22202e-11  0.995622  
0.766279  0.642516  3.67842e-06  
0.434302  6.71439e-11  0.900767  
0.512027  0.803129  0.304963  
0.902816  1.34763e-10  0.430026  
0.545449  1.41168e-10  0.838144  
0.803959  0.52954  0.270669  
0.765073  5.00885e-11  0.643943  
0.362281  2.63157e-11  0.932069  
0.746713  5.56466e-11  0.665146  
0.267714  0.963325  0.019352  
0.669385  0.580661  0.465191  
0.640257  1.28317e-10  0.768161  
0.874652  0.361985  0.322593  
0.177828  0.984065  3.15004e-06  
0.603431  3.1191e-10  0.797416  
0.524567  1.08512e-10  0.851369  
0.937817  7.96024e-11  0.347129  
0.852055  2.80292e-11  0.523452  
0.729774  2.41608e-10  0.683688  
0.501329  0.865269  6.47247e-07  
0.798693  0.601745  2.27519e-06  
1  1.05413e-10  1.95446e-11  
1.96443e-07  6.37591e-07  1  
0.457899  2.40375e-10  0.889004  
2.20323e-06  0.965848  0.259115  
0.410646  0.816355  0.406579  
0.88612  2.65483e-11  0.463456  
0.73109  0.682285  1.19527e-06  
0.844899  0.402291  0.353093  
0.829952  0.557844  4.76899e-06  
0.661141  0.750265  3.17092e-06  
0.906539  0.344945  0.24339  
1.12667e-07  1  6.36102e-07  
0.697472  0.716614  1.39693e-06  
