1.31946  0.877944  0.418776  
1.51971  0.929207  1.12213  
1.84542  1.01291  0.211757  
0.370239  0.358593  1.8181  
1.36351  1.05978  0.0784896  
0.0453179  0.0541146  1.63875  
0.596094  1.02286  1.59458  
1.40325  1.04145  0.739807  
0.0545991  0.0646436  2.51343  
0.0782881  0.109691  1.58609  
1.31035  0.688342  0.693791  
0.754703  0.446703  1.39626  
0.939962  1.61547  1.22679  
0.666484  0.370676  2.14109  
1.20279  1.39427  0.870113  
0.712626  0.516179  1.33192  
0.976118  0.659624  1.58426  
0.778095  1.27904  0.0364482  
0.35957  0.297764  1.33616  
0.801172  0.887586  1.26608  
0.373679  0.655436  1.76452  
0.170242  0.138099  2.07334  
0.381459  0.335103  1.81586  
1.24777  1.3235  0.399938  
1.31651  0.932474  1.32179  
1.02592  0.774097  1.52057  
0.322281  0.458182  1.69926  
0.89915  0.537623  1.13988  
1.13033  0.652705  1.3816  
1.35721  0.774524  0.972008  
0.820852  1.19922  0.930239  
0.83418  0.806617  1.16423  
0.937916  0.986965  1.23239  
0.936872  0.789906  1.76321  
0.40107  0.267713  1.80444  
1.08429  1.69702  0.0802173  
0.988933  0.699726  1.46861  
1.02983  1.0561  1.56891  
0.882982  1.40141  0.730774  
0.715811  0.631296  1.55658  
0.783972  1.41492  0.273744  
0.171677  0.113248  1.56325  
0.80347  0.708733  1.10958  
1.54488  1.02835  0.354254  
0.285493  0.304321  1.42689  
1.52329  1.02202  0.123174  
0.22313  0.276506  1.53647  
0.934002  0.854541  0.875526  
0.285758  0.363895  1.51372  
1.40504  0.992323  0.0510477  
0.224281  0.158654  1.87043  
1.14482  1.0229  0.624842  
0.241042  0.338554  1.57698  
0.656722  0.815626  1.22423  
0.196724  0.264508  1.54933  
1.1646  1.3764  0.4384  
0.6217  1.38968  1.09894  
0.469636  0.797246  1.57737  
1.47835  1.24694  0.556054  
1.05858  0.853489  0.192282  
0.395548  0.363768  1.40731  
0.716542  0.978519  1.23768  
0.464477  0.555728  1.48523  
0.0666099  0.0932171  1.71997  
0.226607  0.319964  2.11842  
0.436571  0.470702  1.70148  
0.163855  0.270073  1.62258  
0.449864  0.546931  1.6932  
1.19023  1.06221  0.178785  
1.12376  0.611128  0.960146  
0.910662  0.748953  0.533967  
1.57067  1.59969  0.886055  
0.996954  1.10351  1.65131  
1.2342  1.08367  0.619063  
0.206022  0.176282  1.89464  
1.69686  1.19258  0.649835  
0.086197  0.0788162  1.47134  
0.89105  1.36978  0.223676  
1.1114  1.05369  0.91718  
1.14845  1.2165  0.798628  
0.561737  0.73803  1.50296  
1.18157  0.723967  0.475906  
1.04031  1.59184  0.527353  
0.535044  0.321356  1.54309  
0.144902  0.0801034  1.6557  
0.579756  0.942319  1.7268  
0.783508  1.58843  0.648703  
0.421133  0.278054  1.80948  
0.817242  0.632398  1.29625  
0.390294  0.349905  1.55656  
0.934328  1.04126  0.357855  
1.19476  0.706524  1.41696  
0.141135  0.356788  2.06602  
0.468909  0.527702  1.6127  
1.00912  1.68782  0.782263  
1.39206  0.713722  1.14382  
1.53778  1.3152  0.178172  
1.21178  0.620556  1.12852  
1.05636  0.831349  1.32685  
1.13091  1.07105  0.84499  
0.264043  0.123623  2.354  
0.232385  0.114018  1.95894  
0.190178  0.0866997  2.22307  
0.927942  1.26007  0.584214  
0.497636  1.14773  1.47669  
1.87479  0.691098  1.14244  
0.937302  0.619651  1.89345  
1.28976  1.54921  0.0126336  
1.52408e-11  6.73911e-12  1.93934  
0.769247  0.390177  1.6967  
0.953531  1.91037  0.149641  
0.290579  0.744134  2.08385  
1.21453  0.884363  1.38523  
1.05503  1.78776  0.99833  
0.815221  0.380059  1.57919  
0.825925  0.638783  1.54265  
0.18291  0.324696  1.85658  
0.00111863  0.000754196  1.90536  
0.537102  0.918695  1.34718  
0.597751  0.47654  1.88233  
1.33465  1.55637  0.611626  
0.284797  0.553615  2.10936  
0.0016789  0.000828113  2.01275  
0.553695  1.00272  2.01108  
1.58911  1.25665  0.0137298  
0.0790239  0.139773  2.16346  
1.4443  1.45734  0.280473  
0.615091  1.02086  1.60794  
0.910236  1.75887  0.0178522  
1.3807  0.682009  1.09369  
0.99719  0.498532  1.53207  
1.71575  1.20618  0.024466  
0.000154887  7.92555e-05  2.02958  
0.000590832  0.00143287  2.15935  
0.687833  0.344224  1.77361  
0.000271845  0.00013534  2.01955  
1.34666  1.07077  0.52596  
0.7007  0.952272  1.93278  
0.864308  1.55707  0.0655603  
0.112467  0.193603  2.02111  
0.28895  0.669303  1.86962  
1.52876e-11  6.74107e-12  1.94442  
0.778922  0.35759  1.73862  
0.558329  0.288065  1.89552  
1.29426  0.580898  1.21869  
0.62357  1.28981  1.06734  
0.159158  0.124062  2.20394  
0.784442  2.41124  0.100886  
0.329085  0.768742  1.76933  
0.000652886  0.000335024  1.91846  
0.659584  1.451  0.923092  
1.50606  0.757408  1.03425e-05  
1.81062  0.897324  0.0804013  
1.08018  0.67486  0.604201  
1.15319  0.646216  0.787074  
0.54578  1.15376  1.27642  
1.72625  0.850153  0.772591  
6.17535e-05  6.17535e-05  1  
3.12423e-12  1.23644e-12  2.16597  
0.7329  0.882097  4.01384e-07  
0.275873  0.635614  1.89463  
0.00146186  0.000645134  1.95189  
0.946882  1.53191  5.65811e-05  
1.55845  1.22658  0.0508042  
1.413  0.69887  0.662458  
0.953426  1.81199  0.542063  
0.487776  1.09631  1.54977  
1.55071  0.758099  0.0635442  
1.84926  0.813078  0.320597  
0.00030979  0.000141199  2.26415  
1.52949  1.2389  0.622282  
0.729596  1.18638  1.54466  
0.959899  0.524167  1.74572  
0.46329  1.21527  1.77708  
0.466842  0.197689  1.95613  
1.37998  0.51266  1.73775  
0.764411  0.580985  1.86397  
1.12888  0.482714  1.60649  
0.198065  0.0858151  2.31675  
0.944846  1.10035  1.59513  
0.286606  0.705917  2.00626  
2.03174  0.696035  1.22794  
1.49394  1.71949  1.20896  
0.629033  0.700044  1.94053  
0.0473637  0.11541  2.08114  
1.74247  0.845446  0.989623  
0.07186  0.0332328  2.19039  
1.93182  0.894986  1.13  
1.17159  0.768862  1.94197  
0.289951  0.518012  2.04045  
0.268006  0.124384  2.3856  
0.768064  1.68913  0.0738275  
0.266534  0.444795  2.06307  
1.79716  0.890838  0.331339  
0.493131  0.872493  1.78391  
0.00584707  0.00405812  2.07599  
0.817975  1.22816  1.21405  
0.0888689  0.204198  1.97819  
0.257435  0.16388  2.0121  
1.49405  1.19754  0.0129764  
0.173788  0.153137  1.67385  
1.1979  1.15694  3.63761e-05  
1.29163  0.805246  3.32497e-12  
1.26779  1.11714  0.0120831  
1.45422  1.08999  7.73773e-20  
0.0579919  0.0612331  1.7646  
0.224458  0.254341  1.64075  
2.18329e-05  1.67718e-05  1.63129  
3.12596e-06  5.16564e-06  1.73086  
4.08717e-05  2.19047e-05  1.67391  
2.16933e-05  1.67041e-05  1.62229  
0.0659289  0.0408763  1.59838  
0.430409  0.31634  1.54199  
0.839469  0.847952  1.33841  
0.0326657  0.0580392  1.59157  
0.426297  0.413765  1.51663  
0.384515  0.742904  1.47836  
0.120461  0.191578  1.56264  
0.664102  1.24753  1.31536  
1.20367  0.808609  1.20134  
3.05687e-05  5.27962e-05  1.6167  
5.03431e-17  8.33633e-17  1.59042  
1.06969e-05  6.86735e-06  1.42246  
0.747112  1.22223  2.56769e-17  
6.36386e-17  8.12702e-17  1.68574  
1.44955  0.755656  2.85358e-18  
0.697966  0.525545  0.863886  
4.79024e-17  8.23114e-17  1.55531  
0.690364  1.10835  0.55328  
0.752355  1.24807  1.8614e-19  
0.811937  1.50381  0.798607  
1.37229  0.757338  6.00609e-19  
4.87234e-17  8.12482e-17  1.54718  
7.24708e-17  4.63354e-17  1.40477  
1.31469  0.751728  7.09272e-19  
1.28722  0.763232  8.09179e-18  
1.49914  1.04381  0.0164104  
6.65879e-17  7.96464e-17  1.69542  
0.98046  1.30674  6.95559e-20  
1.32524  0.786604  6.56149e-20  
1.01168  0.656828  0.642146  
6.72235e-17  7.8627e-17  1.68941  
0.650799  0.97743  0.640393  
3.78434e-05  2.42028e-05  1.40167  
0.391853  0.647494  1.27898  
6.17535e-05  6.17535e-05  1  
1.10901  1.27601  5.03858e-19  
1.24637  1.14215  1.60262e-12  
0.707107  0.707107  6.26504e-05  
0.767021  1.24276  1.47532e-06  
0.623247  0.928156  0.724058  
0.324523  0.206909  1.35474  
7.84682e-17  4.71996e-17  1.49545  
1.17795  1.21583  1.71017e-06  
0.896353  0.616546  0.789581  
0.802657  0.510405  1.0179  
0.6045  0.393734  1.26951  
0.712242  1.3004  0.614145  
1.11372  1.26319  7.17011e-20  
0.762688  1.22139  0.308572  
1.2659  1.1095  1.07503e-18  
6.40116e-17  8.03956e-17  1.6783  
1.30059  0.796327  1.9479e-19  
0.257903  0.430828  1.37122  
1.33087  0.761899  7.18213e-19  
0.550735  1.00382  1.07774  
0.625986  1.22625  0.941635  
0.723673  1.25423  0.400956  
0.986218  0.783747  0.856585  
1.08233  1.02506  0.699473  
1.19078  0.975449  0.554042  
0.697432  0.808056  0.996912  
0.690923  1.08468  0.521047  
0.920549  0.948696  0.837352  
0.541627  0.731248  0.849027  
1.20124  1.13727  0.316118  
0.546522  0.761137  1.22358  
1.33212  0.794322  6.60348e-20  
1.05445  1.09945  0.703969  
1.50375  1.00914  2.29229e-05  
4.93882e-17  8.16406e-17  1.55828  
2.75151e-07  1.94041e-07  1.57068  
3.469e-05  2.13699e-05  1.47076  
1.51091  0.76098  0.0301794  
1.22248  1.21461  9.04275e-07  
1.27518  1.27938  9.47858e-07  
0.762322  0.893208  1.09674  
0.468308  0.90878  1.29602  
0.922935  0.64495  1.21577  
1.21334  1.14784  0.319186  
0.954342  0.576898  0.993879  
0.809122  0.728671  1.10115  
0.30911  0.494714  1.39974  
0.019306  0.0117245  1.46559  
0.764761  0.620659  1.30165  
0.691497  0.632123  1.34072  
1.20592  1.18973  2.04153e-05  
1.42668  1.23306  0.0872392  
2.15041e-05  1.39528e-05  1.51888  
1.56445e-07  2.83608e-07  1.55958  
0.634935  0.452437  1.00396  
1.05276  0.779221  0.000568572  
0.621268  0.4495  1.08091  
0.280827  0.390941  1.16552  
0.791615  1.24148  0.0806875  
0.00228239  0.00156863  1.30554  
0.226282  0.296911  1.2496  
0.749676  0.86399  0.674281  
0.173192  0.242276  1.2635  
0.52239  0.843034  1.0106  
0.650938  0.932174  0.765851  
0.738058  1.09024  0.0919116  
0.000837869  0.00112277  1.31709  
1.11697  0.681675  0.644246  
0.824249  0.963578  8.63467e-05  
0.00166009  0.00221598  1.30524  
0.765625  0.641914  0.803227  
0.647667  0.932343  0.620264  
0.808257  0.88236  0.384837  
0.533074  0.56998  0.922964  
1.05773  0.738014  0.00042721  
0.264837  0.263214  1.06853  
2.30323e-16  2.91377e-16  1.31114  
0.732148  0.952255  7.33029e-05  
5.71442e-17  5.21958e-17  1.26394  
0.00129426  0.00116165  1.25392  
0.265865  0.264189  1.07259  
0.641627  0.927298  0.641936  
0.802594  0.62767  0.848603  
0.960633  0.771157  3.43919e-08  
0.62259  0.924877  0.719685  
0.938208  0.780017  2.61078e-05  
0.727232  0.892264  7.0246e-05  
0.866765  0.605787  0.751917  
7.76426e-15  7.74189e-15  1.16804  
0.949106  0.648037  0.639144  
0.670954  0.961968  0.536163  
0.693463  0.97502  0.427089  
0.962702  0.764608  5.61317e-07  
4.57868e-17  6.66882e-17  1.32109  
0.567739  0.824825  0.836503  
0.828524  0.566509  0.844092  
0.74526  0.902654  1.41124e-09  
6.97846e-15  6.5915e-15  1.22553  
0.540849  0.435148  0.978495  
0.0514845  0.0514846  0.997348  
1.02535  0.703707  0.398431  
0.639878  0.639348  0.427606  
0.700256  0.975395  0.386411  
0.441068  0.435035  0.858489  
0.707107  0.707107  0.000137183  
0.569694  0.823352  0.825368  
0.573033  0.828218  0.818234  
0.548097  0.789462  0.866765  
5.97585e-05  5.97585e-05  1  
1.00071  0.780422  8.64166e-05  
1.10813  0.681734  0.602423  
0.577211  0.577213  0.577631  
0.436037  0.634436  1.05432  
0.695453  0.974701  0.41528  
0.698578  0.974253  0.398343  
0.559467  0.807263  0.846418  
0.500293  0.594378  1.00616  
0.586178  0.847107  0.788855  
0.560204  0.807473  0.843152  
0.4394  0.603838  1.01575  
0.706282  1.22171  0.503727  
1.01984  0.693044  0.461638  
0.712295  0.975251  0.302745  
0.605787  0.558294  0.822852  
0.746511  0.681808  0.643037  
1.11422  0.685558  0.586316  
0.711831  0.514085  0.901005  
0.996615  0.73335  0.0430652  
0.70519  1.03579  0.395356  
0.867267  0.782568  0.408715  
0.220848  0.312549  1.21839  
0.709002  1.29136  0.525864  
0.281406  0.233629  1.22429  
0.659246  0.697314  0.743525  
0.688084  1.00327  0.477448  
0.624226  0.772038  0.853492  
0.767709  0.844777  0.498081  
0.755972  0.941395  4.6323e-07  
0.367225  0.492194  1.06035  
1.00203  0.689911  0.477455  
0.571148  0.511441  0.941722  
0.904445  0.905773  0.216727  
0.94329  0.910074  0.0580461  
0.206101  0.268309  1.24797  
0.880992  0.620574  0.744703  
0.899822  0.76828  0.422345  
0.67622  0.906625  0.676309  
0.336917  0.231451  1.23924  
0.69779  0.961477  0.593651  
0.788917  0.857348  0.425948  
0.690082  0.528421  0.921284  
0.702523  1.08889  0.446882  
0.804896  0.652138  0.79348  
0.812368  0.645125  0.783577  
0.524397  0.491207  0.896524  
0.511242  0.59272  0.85947  
0.909424  0.700192  0.343437  
0.722234  0.588491  0.710965  
0.644808  0.497191  0.880762  
0.823542  0.678109  0.460221  
0.56496  0.694304  0.723032  
0.710136  0.916643  0.346965  
0.512675  0.624646  0.811379  
0.847963  0.704655  0.303742  
0.620445  0.536055  0.736608  
0.464812  0.394422  0.935088  
0.34064  0.306684  1.06278  
0.701118  0.662651  0.622253  
0.636942  0.69222  0.584472  
0.730279  0.755263  1.81905e-08  
0.00182246  0.00171332  1.0703  
0.751757  0.824662  0  
0.803128  0.74267  5.77967e-08  
6.09178e-05  6.76433e-05  1.07714  
6.34804e-05  6.52443e-05  1.07714  
0.728501  0.75156  4.41025e-09  
0.000239275  0.000240431  1.07022  
0.711175  0.741432  1.66239e-08  
0.555607  0.537518  0.71937  
0.636279  0.621165  0.573554  
2.74343e-05  2.61763e-05  1.0765  
0.805796  0.717882  3.62746e-07  
0.576835  0.616841  0.648293  
0.693448  0.786058  0.313655  
0.630666  0.650439  0.548443  
0.574474  0.560137  0.681598  
0.71016  0.767056  0.114272  
0.413375  0.409279  0.867773  
0.0247621  0.0247705  0.999832  
0.266271  0.273404  0.966256  
0.73861  0.621736  0.594521  
0.139361  0.139318  0.980927  
0.599  0.669849  0.594812  
0.253029  0.241909  0.970558  
0.731806  0.59817  0.648299  
0.524903  0.591335  0.739033  
0.294465  0.294466  0.909167  
0.400346  0.322977  1.03633  
0.408122  0.408122  0.816623  
0.577341  0.577341  0.57737  
0.136006  0.146443  1.04329  
0.611567  0.645736  0.561378  
0.549489  0.528985  0.685213  
0.666689  0.666689  0.333245  
0.718907  0.694812  0.226268  
5.97585e-05  5.97585e-05  1  
0.207462  0.219148  1.03776  
0.61245  0.573136  0.659577  
0.737356  0.724761  0.200191  
0.707107  0.707107  0.000137183  
0.719256  0.738844  0  
0.478189  0.480586  0.744415  
0.759806  0.730573  0.162011  
0.623896  0.623892  0.470666  
0.653625  0.657928  0.385123  
0.705687  0.708694  0.359294  
0.367063  0.353541  0.888754  
0.64588  0.636092  0.56915  
0.58211  0.628599  0.617641  
0.560416  0.598194  0.649046  
0.698023  0.765699  0.239617  
6.72934e-05  6.10638e-05  1.07523  
0.90044  0.726449  3.8888e-07  
0.505378  0.552805  0.752044  
0.0357574  0.035535  1.04697  
0.270008  0.279689  0.973026  
0.262232  0.248956  1.00251  
0.768216  0.696632  0.252875  
0.686421  0.687011  0.485173  
0.587531  0.534647  0.707526  
0.217628  0.20571  1.02982  
0.552583  0.488459  0.797784  
0.719843  0.823649  5.77967e-08  
0.687409  0.67828  0.4274  
0.000229563  0.000249944  1.07074  
0.720515  0.65825  0.446056  
0.657487  0.737813  0.485394  
0.427799  0.390823  0.888822  
0.756767  0.738791  0.0339382  
0.667374  0.579988  0.67475  
0.701991  0.908322  0.343505  
0.517548  0.514358  0.778102  
0.790088  0.689762  0.313834  
0.552479  0.535522  0.720216  
0.44353  0.445402  0.856104  
0.401698  0.402044  0.92504  
0.67754  0.70981  0.438424  
0.730296  0.687204  0.276667  
0.774206  0.739489  3.59866e-07  
0.708967  0.707911  0.333368  
0.653901  0.673248  0.537025  
0.290881  0.279379  0.997228  
0.736831  0.730106  0.252936  
0.762695  0.715987  0.241928  
0.0826856  0.0826856  0.99314  
0.644866  0.644866  0.410239  
0.658151  0.658151  0.365616  
0.678285  0.678285  0.282592  
0.694338  0.694338  0.189178  
0.389426  0.389426  0.834683  
0.171218  0.171218  0.970242  
0.691737  0.691737  0.207361  
0.59658  0.59658  0.536828  
0.181237  0.181237  0.966595  
0.704937  0.704937  0.0782707  
0.271501  0.271501  0.923349  
0.130978  0.130978  0.982695  
0.0369873  0.0369873  0.998631  
0.246644  0.246644  0.937194  
0.698544  0.698544  0.155149  
0.553386  0.553386  0.622517  
0.43187  0.43187  0.791819  
0.0621873  0.0621873  0.996125  
0.337777  0.337777  0.878529  
0.254453  0.254453  0.93301  
0.150301  0.150301  0.977149  
0.659736  0.659736  0.359857  
0.211863  0.211863  0.954059  
0.468261  0.468261  0.749309  
0.696316  0.696316  0.174037  
0.666672  0.666672  0.333312  
0.502531  0.502531  0.70351  
0.609227  0.609227  0.507627  
0.680422  0.680422  0.272123  
0.624731  0.624731  0.468424  
0.162199  0.162199  0.973336  
0.436852  0.436852  0.786333  
0.264885  0.264885  0.927185  
0.650945  0.650945  0.390565  
0.366499  0.366499  0.855194  
0.545449  0.545449  0.636374  
0.331289  0.331289  0.883456  
0.523167  0.523167  0.67275  
0.700144  0.700144  0.139992  
0.604707  0.604707  0.518323  
0.703528  0.703528  0.100481  
0.549981  0.549981  0.628524  
0.30151  0.30151  0.904535  
0.539124  0.539124  0.647062  
0.23569  0.23569  0.942815  
0.40825  0.40825  0.816494  
0.577345  0.577345  0.577361  
0.514486  0.514486  0.686009  
0.12309  0.12309  0.984732  
0.506981  0.506981  0.697095  
0.382353  0.382353  0.841197  
0.707107  0.707107  0.000137183  
7.78573e-05  7.78573e-05  1  
0.529812  0.529812  0.662268  
0.485064  0.485064  0.727617  
0.192449  0.192449  0.962251  
0.0764122  0.0764122  0.994144  
0.201659  0.201659  0.958471  
0.348149  0.348149  0.870393  
0.688247  0.688247  0.229418  
0.646764  0.646764  0.404217  
0.639603  0.639603  0.4264  
0.61546  0.61546  0.49236  
0.457474  0.457474  0.762519  
0.315795  0.315795  0.894733  
0.249532  0.249532  0.935664  
0.444473  0.444473  0.777745  
0.139778  0.139778  0.980267  
0.0989931  0.0989931  0.990152  
0.633726  0.633726  0.443601  
0.693109  0.693109  0.197987  
0.428393  0.428393  0.795587  
0.276219  0.276219  0.920547  
0.555999  0.555999  0.617843  
0.676718  0.676718  0.290011  
0.598668  0.598668  0.532159  
0.176084  0.176084  0.968498  
0.702258  0.702258  0.116905  
0.0453324  0.0453324  0.997943  
0.705886  0.705886  0.0587429  
0.376274  0.376274  0.846661  
0.68483  0.68483  0.249032  
0.358976  0.358976  0.861553  
0.49746  0.49746  0.71068  
0.655632  0.655632  0.374556  
0.464208  0.464208  0.754335  
0.619593  0.619593  0.481881  
0.386498  0.386498  0.8374  
0.472982  0.472982  0.743354  
0.44995  0.44995  0.771421  
0.109722  0.109722  0.987888  
0.282126  0.282126  0.916957  
0.323401  0.323401  0.889282  
0.631166  0.631166  0.450842  
0.219293  0.219293  0.950695  
0.534961  0.534961  0.653937  
0.674583  0.674583  0.299795  
0.0900837  0.0900837  0.991852  
0.601307  0.601307  0.526174  
0.0827536  0.0827536  0.993128  
0.644834  0.644834  0.410341  
0.658146  0.658146  0.365633  
0.678281  0.678281  0.282612  
0.694314  0.694314  0.189356  
0.171218  0.171218  0.970242  
0.389489  0.389489  0.834624  
0.691715  0.691715  0.20751  
0.181237  0.181237  0.966595  
0.596552  0.596552  0.53689  
0.704935  0.704935  0.0783229  
0.271555  0.271555  0.923318  
0.131024  0.131024  0.982683  
0.0356288  0.0356288  0.99873  
0.246629  0.246629  0.937203  
0.698536  0.698536  0.155225  
0.431879  0.431879  0.791809  
0.0622552  0.0622552  0.996117  
0.33787  0.33787  0.878458  
0.254453  0.254453  0.93301  
0.150326  0.150326  0.977141  
0.659736  0.659736  0.359857  
0.211994  0.211994  0.954  
0.556023  0.556023  0.6178  
0.696312  0.696312  0.17407  
0.50252  0.50252  0.703526  
0.514493  0.514493  0.685999  
0.604707  0.604707  0.518323  
0.076465  0.076465  0.994136  
0.24952  0.24952  0.93567  
0.468294  0.468294  0.749267  
0.331295  0.331295  0.883452  
0.680414  0.680414  0.272164  
0.539164  0.539164  0.646996  
0.162216  0.162216  0.97333  
0.436848  0.436848  0.786338  
0.264905  0.264905  0.927174  
0.70014  0.70014  0.140026  
0.549973  0.549973  0.628538  
0.553372  0.553372  0.622543  
0.650945  0.650945  0.390567  
0.192449  0.192449  0.962251  
0.705883  0.705883  0.0588093  
0.529812  0.529812  0.662268  
0.235701  0.235701  0.94281  
0.30151  0.30151  0.904535  
0.40825  0.40825  0.816494  
0.577349  0.577349  0.577352  
0.38237  0.38237  0.841182  
0.12309  0.12309  0.984732  
0.707107  0.707107  0.000137183  
0.485069  0.485069  0.72761  
0.36651  0.36651  0.855185  
0.666667  0.666667  0.33333  
0.50698  0.50698  0.697096  
0.523209  0.523209  0.672685  
0.624696  0.624696  0.468519  
0.703527  0.703527  0.1005  
7.78573e-05  7.78573e-05  1  
0.457492  0.457492  0.762497  
0.348156  0.348156  0.870387  
0.688248  0.688248  0.229414  
0.615458  0.615458  0.492364  
0.315791  0.315791  0.894736  
0.376289  0.376289  0.846648  
0.639602  0.639602  0.426402  
0.282138  0.282138  0.91695  
0.444443  0.444443  0.777779  
0.140016  0.140016  0.9802  
0.0990128  0.0990128  0.990148  
0.276168  0.276168  0.920577  
0.633725  0.633725  0.443605  
0.534994  0.534994  0.653882  
0.428393  0.428393  0.795587  
0.676718  0.676718  0.290011  
0.598672  0.598672  0.53215  
0.176085  0.176085  0.968498  
0.0453519  0.0453519  0.997941  
0.60921  0.60921  0.507667  
0.646764  0.646764  0.404217  
0.693104  0.693104  0.198027  
0.545461  0.545461  0.636353  
0.68483  0.68483  0.249032  
0.35898  0.35898  0.861549  
0.497468  0.497468  0.710669  
0.65561  0.65561  0.374633  
0.619587  0.619587  0.481895  
0.386498  0.386498  0.8374  
0.473014  0.473014  0.743314  
0.449973  0.449973  0.771394  
0.601319  0.601319  0.526147  
0.109762  0.109762  0.987879  
0.464208  0.464208  0.754335  
0.323377  0.323377  0.8893  
0.219378  0.219378  0.950656  
0.631173  0.631173  0.450824  
0.201773  0.201773  0.958423  
0.702248  0.702248  0.11703  
0.674578  0.674578  0.299815  
0.0901583  0.0901583  0.991838  
0.0827536  0.0827536  0.993128  
0.644834  0.644834  0.410341  
0.658146  0.658146  0.365633  
0.678281  0.678281  0.282612  
0.694314  0.694314  0.189357  
0.171218  0.171218  0.970242  
0.389489  0.389489  0.834624  
0.691715  0.691715  0.20751  
0.181237  0.181237  0.966595  
0.596551  0.596551  0.536894  
0.704935  0.704935  0.0783229  
0.271563  0.271563  0.923313  
0.131024  0.131024  0.982683  
0.0356675  0.0356675  0.998727  
0.246629  0.246629  0.937202  
0.698536  0.698536  0.155225  
0.553372  0.553372  0.622543  
0.431886  0.431886  0.791802  
0.0622552  0.0622552  0.996117  
0.33787  0.33787  0.878458  
0.254453  0.254453  0.93301  
0.150326  0.150326  0.977141  
0.38236  0.38236  0.841191  
0.523206  0.523206  0.672689  
0.50252  0.50252  0.703526  
0.604707  0.604707  0.518323  
0.0764702  0.0764702  0.994135  
0.331295  0.331295  0.883452  
0.624696  0.624696  0.468519  
0.16222  0.16222  0.973329  
0.366509  0.366509  0.855185  
0.436851  0.436851  0.786335  
0.70014  0.70014  0.140026  
0.264905  0.264905  0.927174  
0.705883  0.705883  0.0588138  
0.549973  0.549973  0.628538  
0.219378  0.219378  0.950656  
0.514496  0.514496  0.685994  
0.468294  0.468294  0.749267  
0.666667  0.666667  0.33333  
0.249513  0.249513  0.935674  
0.684832  0.684832  0.249021  
0.696312  0.696312  0.17407  
0.577352  0.577352  0.577347  
0.650945  0.650945  0.390567  
0.192449  0.192449  0.962251  
0.457492  0.457492  0.762497  
0.348156  0.348156  0.870388  
0.598672  0.598672  0.53215  
0.680414  0.680414  0.272164  
0.30151  0.30151  0.904535  
0.539164  0.539164  0.646996  
0.211994  0.211994  0.954  
0.449976  0.449976  0.771391  
0.707107  0.707107  0.000137183  
0.659736  0.659736  0.359857  
0.48507  0.48507  0.727608  
9.67886e-05  9.67886e-05  1  
0.639602  0.639602  0.426402  
0.235702  0.235702  0.942809  
0.529812  0.529812  0.662268  
0.688248  0.688248  0.229414  
0.615458  0.615458  0.492364  
0.40825  0.40825  0.816494  
0.12309  0.12309  0.984732  
0.315791  0.315791  0.894736  
0.703527  0.703527  0.1005  
0.444444  0.444444  0.777778  
0.676716  0.676716  0.29002  
0.140016  0.140016  0.9802  
0.534994  0.534994  0.653882  
0.0990128  0.0990128  0.990148  
0.633725  0.633725  0.443605  
0.545454  0.545454  0.636365  
0.428393  0.428393  0.795587  
0.276168  0.276168  0.920577  
0.556021  0.556021  0.617803  
0.176091  0.176091  0.968496  
0.693104  0.693104  0.198027  
0.702247  0.702247  0.117039  
0.045352  0.045352  0.997941  
0.609208  0.609208  0.507671  
0.631169  0.631169  0.450833  
0.376289  0.376289  0.846648  
0.646764  0.646764  0.404217  
0.358979  0.358979  0.86155  
0.497468  0.497468  0.710669  
0.65561  0.65561  0.374633  
0.50698  0.50698  0.697096  
0.619587  0.619587  0.481895  
0.386495  0.386495  0.837403  
0.473014  0.473014  0.743314  
0.109762  0.109762  0.987879  
0.464208  0.464208  0.754335  
0.282138  0.282138  0.91695  
0.32338  0.32338  0.889298  
0.201773  0.201773  0.958423  
0.674579  0.674579  0.29981  
0.601319  0.601319  0.526147  
0.0901583  0.0901583  0.991838  
0.0827585  0.0827585  0.993127  
0.644832  0.644832  0.410347  
0.658146  0.658146  0.365633  
0.678281  0.678281  0.282615  
0.694314  0.694314  0.189357  
0.171218  0.171218  0.970242  
0.389489  0.389489  0.834624  
0.691715  0.691715  0.20751  
0.181237  0.181237  0.966595  
0.59655  0.59655  0.536895  
0.704935  0.704935  0.0783229  
0.271562  0.271562  0.923314  
0.131024  0.131024  0.982683  
0.0356675  0.0356675  0.998727  
0.246629  0.246629  0.937202  
0.698536  0.698536  0.155227  
0.553372  0.553372  0.622543  
0.431886  0.431886  0.791801  
0.0622552  0.0622552  0.996117  
0.33787  0.33787  0.878458  
0.254456  0.254456  0.933008  
0.150326  0.150326  0.977141  
0.659736  0.659736  0.359857  
0.468293  0.468293  0.749268  
0.539164  0.539164  0.646996  
0.502519  0.502519  0.703527  
0.30151  0.30151  0.904535  
0.696311  0.696311  0.174071  
0.666667  0.666667  0.333334  
0.140028  0.140028  0.980196  
0.331295  0.331295  0.883452  
0.201773  0.201773  0.958423  
0.38236  0.38236  0.841191  
0.624696  0.624696  0.468519  
0.693103  0.693103  0.198029  
0.264905  0.264905  0.927174  
0.650945  0.650945  0.390567  
0.211994  0.211994  0.954  
0.457492  0.457492  0.762497  
0.366509  0.366509  0.855185  
0.70014  0.70014  0.140026  
0.348156  0.348156  0.870388  
0.549973  0.549973  0.628538  
0.514496  0.514496  0.685994  
0.0764702  0.0764702  0.994135  
0.631169  0.631169  0.450833  
0.529813  0.529813  0.662267  
0.615458  0.615458  0.492364  
0.408247  0.408247  0.816498  
0.577352  0.577352  0.577347  
0.48507  0.48507  0.727608  
0.707107  0.707107  0.000137183  
0.162221  0.162221  0.973329  
9.67886e-05  9.67886e-05  1  
0.680414  0.680414  0.272166  
0.473018  0.473018  0.743309  
0.604708  0.604708  0.518321  
0.556021  0.556021  0.617803  
0.192449  0.192449  0.962251  
0.676716  0.676716  0.29002  
0.639602  0.639602  0.426402  
0.688248  0.688248  0.229414  
0.436851  0.436851  0.786335  
0.235702  0.235702  0.942809  
0.523206  0.523206  0.672689  
0.12309  0.12309  0.984732  
0.601319  0.601319  0.526148  
0.31579  0.31579  0.894736  
0.376289  0.376289  0.846648  
0.703527  0.703527  0.100501  
0.444444  0.444444  0.777778  
0.0990128  0.0990128  0.990148  
0.633725  0.633725  0.443605  
0.449978  0.449978  0.771388  
0.428393  0.428393  0.795587  
0.497468  0.497468  0.710669  
0.276172  0.276172  0.920575  
0.249513  0.249513  0.935674  
0.59867  0.59867  0.532154  
0.176089  0.176089  0.968497  
0.045354  0.045354  0.997941  
0.609208  0.609208  0.507671  
0.646764  0.646764  0.404217  
0.545454  0.545454  0.636365  
0.684832  0.684832  0.249021  
0.358979  0.358979  0.86155  
0.705883  0.705883  0.0588138  
0.65561  0.65561  0.374633  
0.506979  0.506979  0.697097  
0.619587  0.619587  0.481895  
0.386495  0.386495  0.837403  
0.109762  0.109762  0.987879  
0.464208  0.464208  0.754335  
0.282138  0.282138  0.91695  
0.674579  0.674579  0.29981  
0.32338  0.32338  0.889298  
0.534994  0.534994  0.653882  
0.219381  0.219381  0.950654  
0.702247  0.702247  0.117039  
0.0901659  0.0901659  0.991837  
0.0827589  0.0827589  0.993127  
0.644832  0.644832  0.410347  
0.658146  0.658146  0.365633  
0.694314  0.694314  0.189357  
0.171219  0.171219  0.970241  
0.389489  0.389489  0.834624  
0.691715  0.691715  0.20751  
0.181237  0.181237  0.966595  
0.59655  0.59655  0.536895  
0.704935  0.704935  0.0783229  
0.271562  0.271562  0.923314  
0.131024  0.131024  0.982683  
0.0356675  0.0356675  0.998727  
0.246629  0.246629  0.937202  
0.698536  0.698536  0.155229  
0.553372  0.553372  0.622543  
0.43189  0.43189  0.791797  
0.0622552  0.0622552  0.996117  
0.33787  0.33787  0.878458  
0.254456  0.254456  0.933008  
0.150329  0.150329  0.97714  
0.468293  0.468293  0.749268  
0.604708  0.604708  0.518321  
0.301511  0.301511  0.904534  
0.0764702  0.0764702  0.994135  
0.331295  0.331295  0.883452  
0.67828  0.67828  0.282616  
0.502519  0.502519  0.703527  
0.436851  0.436851  0.786335  
0.264905  0.264905  0.927174  
0.38236  0.38236  0.841191  
0.211999  0.211999  0.953998  
0.624696  0.624696  0.468519  
0.549973  0.549973  0.628538  
0.366508  0.366508  0.855186  
0.70014  0.70014  0.140026  
0.514496  0.514496  0.685994  
0.650945  0.650945  0.390567  
0.680414  0.680414  0.272166  
0.529813  0.529813  0.662267  
0.65561  0.65561  0.374634  
0.539164  0.539164  0.646996  
0.408247  0.408247  0.816498  
0.639602  0.639602  0.426402  
0.162221  0.162221  0.973329  
9.67886e-05  9.67886e-05  1  
0.696311  0.696311  0.174071  
0.666667  0.666667  0.333334  
0.707107  0.707107  0.000137183  
0.485071  0.485071  0.727607  
0.457492  0.457492  0.762497  
0.192449  0.192449  0.962251  
0.348156  0.348156  0.870388  
0.201773  0.201773  0.958423  
0.688248  0.688248  0.229414  
0.577351  0.577351  0.577348  
0.609208  0.609208  0.507671  
0.235702  0.235702  0.942809  
0.0901664  0.0901664  0.991837  
0.615458  0.615458  0.492364  
0.659736  0.659736  0.359857  
0.631169  0.631169  0.450835  
0.12309  0.12309  0.984732  
0.32338  0.32338  0.889298  
0.31579  0.31579  0.894736  
0.703527  0.703527  0.100501  
0.176089  0.176089  0.968497  
0.473016  0.473016  0.743311  
0.444444  0.444444  0.777778  
0.140027  0.140027  0.980196  
0.464207  0.464207  0.754336  
0.0990128  0.0990128  0.990148  
0.633725  0.633725  0.443605  
0.428393  0.428393  0.795587  
0.276172  0.276172  0.920575  
0.249513  0.249513  0.935674  
0.556021  0.556021  0.617803  
0.676716  0.676716  0.29002  
0.59867  0.59867  0.532154  
0.045354  0.045354  0.997941  
0.376289  0.376289  0.846649  
0.523206  0.523206  0.672689  
0.646762  0.646762  0.404225  
0.693103  0.693103  0.198029  
0.545454  0.545454  0.636365  
0.68483  0.68483  0.249028  
0.358979  0.358979  0.86155  
0.497468  0.497468  0.710669  
0.705882  0.705882  0.0588229  
0.506979  0.506979  0.697097  
0.619587  0.619587  0.481895  
0.386495  0.386495  0.837403  
0.449978  0.449978  0.771388  
0.109764  0.109764  0.987878  
0.282138  0.282138  0.91695  
0.534994  0.534994  0.653882  
0.219381  0.219381  0.950654  
0.702247  0.702247  0.117039  
0.674579  0.674579  0.299813  
0.601317  0.601317  0.526151  
0.0827589  0.0827589  0.993127  
0.644832  0.644832  0.410347  
0.658146  0.658146  0.365633  
0.67828  0.67828  0.282616  
0.694314  0.694314  0.189357  
0.171219  0.171219  0.970241  
0.389489  0.389489  0.834624  
0.691715  0.691715  0.20751  
0.181236  0.181236  0.966596  
0.59655  0.59655  0.536895  
0.704935  0.704935  0.0783229  
0.271562  0.271562  0.923314  
0.131024  0.131024  0.982683  
0.0356675  0.0356675  0.998727  
0.246631  0.246631  0.937201  
0.698536  0.698536  0.155229  
0.553372  0.553372  0.622543  
0.43189  0.43189  0.791797  
0.0622552  0.0622552  0.996117  
0.337868  0.337868  0.878459  
0.254456  0.254456  0.933008  
0.150329  0.150329  0.97714  
0.539164  0.539164  0.646996  
0.485071  0.485071  0.727607  
0.211999  0.211999  0.953998  
0.219381  0.219381  0.950654  
0.38236  0.38236  0.841191  
0.331295  0.331295  0.883452  
0.502519  0.502519  0.703527  
0.604708  0.604708  0.518321  
0.0764702  0.0764702  0.994135  
0.577351  0.577351  0.577348  
0.680414  0.680414  0.272166  
0.624696  0.624696  0.468519  
0.348156  0.348156  0.870388  
0.436851  0.436851  0.786335  
0.264905  0.264905  0.927174  
0.650945  0.650945  0.390567  
0.70014  0.70014  0.140026  
0.444444  0.444444  0.777778  
0.514496  0.514496  0.685994  
0.666667  0.666667  0.333334  
0.601317  0.601317  0.526151  
0.301511  0.301511  0.904534  
0.109764  0.109764  0.987878  
0.408247  0.408247  0.816498  
0.619586  0.619586  0.481899  
0.366508  0.366508  0.855186  
0.639602  0.639602  0.426402  
0.659736  0.659736  0.359857  
0.376288  0.376288  0.846649  
0.162221  0.162221  0.973329  
9.67886e-05  9.67886e-05  1  
0.468293  0.468293  0.749269  
0.707107  0.707107  0.000140183  
0.688247  0.688247  0.229414  
0.192449  0.192449  0.962251  
0.529813  0.529813  0.662267  
0.59867  0.59867  0.532154  
0.235702  0.235702  0.942809  
0.615458  0.615458  0.492364  
0.696311  0.696311  0.174071  
0.549973  0.549973  0.628538  
0.386495  0.386495  0.837403  
0.457494  0.457494  0.762495  
0.12309  0.12309  0.984732  
0.31579  0.31579  0.894736  
0.703526  0.703526  0.100504  
0.140027  0.140027  0.980196  
0.0990128  0.0990128  0.990148  
0.633723  0.633723  0.443609  
0.045354  0.045354  0.997941  
0.428393  0.428393  0.795587  
0.276172  0.276172  0.920575  
0.249513  0.249513  0.935674  
0.676716  0.676716  0.29002  
0.556021  0.556021  0.617803  
0.17609  0.17609  0.968496  
0.609208  0.609208  0.507671  
0.523205  0.523205  0.672691  
0.646762  0.646762  0.404225  
0.693103  0.693103  0.198029  
0.545454  0.545454  0.636365  
0.68483  0.68483  0.249028  
0.358979  0.358979  0.86155  
0.497468  0.497468  0.710669  
0.705882  0.705882  0.0588229  
0.65561  0.65561  0.374634  
0.506979  0.506979  0.697097  
0.473016  0.473016  0.743311  
0.449978  0.449978  0.771388  
0.464207  0.464207  0.754336  
0.282138  0.282138  0.91695  
0.32338  0.32338  0.889298  
0.631169  0.631169  0.450835  
0.201773  0.201773  0.958423  
0.534994  0.534994  0.653882  
0.702247  0.702247  0.117039  
0.674579  0.674579  0.299813  
0.0901664  0.0901664  0.991837  
