0.623446  1.42124  1.23818  
1.11368  0.234719  1.30186  
0.129851  0.165269  1.79213  
0.117998  1.02905  1.06133  
0.220452  0.510187  1.60065  
0.771314  0.119633  1.74542  
1.52199  0.212957  0.633659  
1.33124  0.248971  0.791069  
0.628404  1.19816  0.453421  
1.05882  0.173952  1.64231  
0.431119  0.69175  1.29067  
0.71723  1.23332  0.753163  
0.195899  0.00310763  1.65114  
0.276818  0.28692  2.01433  
0.691724  0.352783  1.96364  
0.14458  1.44079  0.592835  
1.32439  1.46608  0.371023  
0.234466  0.218236  1.56676  
0.0622269  0.319292  1.69109  
0.0222325  0.027123  1.8931  
0.194654  0.960164  1.67326  
0.324606  1.49736  1.50556  
1.77764  0.60984  0.854784  
0.0296905  0.512422  1.6338  
0.762722  1.13586  0.128238  
0.234061  0.116421  1.43473  
0.219587  0.316553  1.58526  
1.60906  0.339356  0.761219  
1.2925  0.532171  1.41587  
1.36732  1.02246  0.463082  
1.28032  1.0168  0.15347  
0.0551605  0.320872  1.87921  
0.000464205  1.04556  1.88543  
1.0708  0.8048  0.0357726  
0.258741  0.127406  1.6894  
0.770347  0.410854  1.5696  
0.705881  1.38068  0.313446  
0.171838  0.246943  2.14744  
0.912755  1.15612  0.644457  
0.943071  0.67354  1.33844  
0.0675121  0.0128477  1.9136  
0.102147  0.220119  1.72872  
0.938107  0.938464  0.630589  
0.659846  0.995802  0.86568  
0.960359  1.06682  1.25677  
1.48432  1.25057  0.407727  
0.12019  0.401263  1.7923  
0.381488  1.03157  1.66391  
0.806803  0.0321322  1.58913  
1.16468  0.290689  1.6289  
0.379193  0.814147  1.41602  
0.134366  0.472962  1.73407  
0.750478  0.90407  1.41655  
0.762691  1.00844  1.71531  
0.0218775  1.34162  1.21377  
0.773415  0.0310537  1.74646  
1.27784  1.16129  0.116294  
0.293823  1.75198  0.927873  
0.236529  0.251956  1.62373  
0.476837  0.994251  1.19424  
0.0304009  1.47468  0.11119  
1.55379  0.774244  0.044085  
1.0611  0.826481  1.2194  
0.0895751  0.250509  2.33736  
0.344912  1.86787  0.819383  
2.10451  0.723358  0.586438  
0.299203  0.331847  1.87718  
0.415392  1.5652  0.100806  
1.82661  0.0223902  0.146089  
0.573559  0.154083  1.53533  
1.11098  0.361861  0.0653301  
0.0216933  0.0109135  1.60138  
0.0344874  0.00350965  1.90169  
0.51924  0.110727  1.32864  
1.33142  0.652059  1.40778  
2.12088  0.34953  0.476335  
0.761941  0.822345  1.03526  
0.97658  0.594129  2.03446  
1.29745  0.495613  0.821178  
0.26516  0.840874  1.69539  
0.611583  1.07938  1.53153  
1.85322  0.812531  0.237321  
0.234043  0.407878  1.81309  
0.638079  0.955895  1.33157  
0.661527  1.51125  0.574559  
0.279485  1.58532  0.647696  
2.0062  0.103262  0.215494  
1.11506  1.46982  1.21878  
0.112521  1.09912  1.18687  
0.376865  1.2482  0.757697  
0.0442133  0.0265456  1.90097  
0.648667  1.13507  0.615104  
0.495251  0.566448  1.98627  
0.119901  1.45447  0.511929  
1.3968  0.481032  0.509711  
1.89783  0.223068  0.38949  
0.802121  0.718779  1.11274  
0.114912  0.597957  1.69682  
0.0978871  0.548881  1.53449  
0.961942  1.55974  0.22359  
0.00201005  0.234264  1.75591  
1.82395  0.582598  1.2445  
0.0963238  1.62932  0.592279  
1.89263  0.57684  1.286  
1.22903  0.386748  1.22055  
0.185266  0.00389617  1.7277  
0.214806  0.0114064  1.90425  
0.0193631  1.07237  1.55308  
1.59421  0.485887  0.604781  
1.3704  0.396768  1.44876  
1.78075  0.542742  0.755489  
1.27062  0.399834  1.26185  
0.930474  1.70586  0.198956  
1.64711  0.526033  0.627445  
0.440833  0.965984  1.50961  
1.94551  0.0412052  0.311324  
0.056348  1.93485  0.209236  
1.58466  0.503022  0.913426  
0.0314844  1.10195  1.59631  
0.0818533  0.0150706  1.54066  
0.0949973  1.41475  1.64892  
0.0822517  0.0132415  1.54217  
0.0414577  0.081819  1.81781  
1.79814  0.539369  1.22016  
1.09369  1.65742  0.143406  
0.0406554  0.0802356  1.78263  
0.0851868  1.98244  0.049064  
0.0529152  1.81698  0.087565  
1.02793  0.117326  1.50635  
1.71959  0.33744  0.808193  
0.174687  0.0036737  1.89331  
0.544632  1.11001  1.63607  
1.8385  0.560341  1.08935  
1.61944  0.455809  0.610496  
1.74271  0.25451  0.825077  
0.00208978  0.243556  1.70639  
1.71154  0.521648  1.16295  
0.942739  1.81657  0.0138172  
0.682669  1.98539  0.0390638  
1.30641  0.378241  1.49374  
0.0506753  1.74007  0.802849  
0.025675  1.73138  0.982731  
0.0945157  1.40758  1.64056  
0.08253  0.0132863  1.54739  
1.57599  0.425317  0.936055  
1.68382  1.25429  0.0843029  
0.498007  1.66959  0.610702  
0.0208542  1.84649  0.0217627  
0.558437  1.10931  1.6206  
0.0821001  0.0132171  1.53933  
1.77561  0.541175  1.20649  
1.54027  0.0544476  1.28498  
0.00135953  0.0475836  1.96669  
0.27278  0.0736158  1.52117  
0.042263  1.45121  1.54939  
1.09369  1.65742  0.143406  
0.343737  0.956451  1.59644  
0.05634  1.93458  0.209206  
8.68242e-06  2.32321e-05  2.00137  
1.62285  0.43867  0.181717  
0.27278  0.0736158  1.52117  
1.77087  0.0940351  0.191074  
0.547503  1.08759  1.58887  
0.0417011  1.43697  1.43167  
1.83566  6.89224e-05  0.000152083  
0.00385784  2.16618  0.125262  
1.91774  0.584493  1.19435  
0.372233  0.0424859  1.7967  
0.0513944  1.76476  0.0850485  
0.241024  0.38678  1.64082  
0.0543276  1.86548  0.0899023  
0.113767  0.018315  1.95439  
2.02682  0.107626  0.0849503  
1.77481  0.532369  1.20433  
0.442982  1.30678  1.42488  
0.45097  0.023947  1.77242  
0.524498  1.7584  0.643188  
0.352405  0.980568  1.58953  
0.600059  1.19199  1.74139  
0.0536792  1.84321  0.301207  
0.372233  0.0424859  1.7967  
0.600059  1.19199  1.74139  
0.600059  1.19199  1.74139  
1.79201  0.184482  0.104173  
0.48202  0.0235461  1.89404  
0.590361  1.17273  1.71325  
0.581871  1.15586  1.68861  
0.577349  0.577441  0.577261  
0.0998715  1.9232  0.638955  
0.372448  0.87873  1.82569  
1.85352  0.564919  1.15435  
0.0172816  2.01411  0.683047  
1.53929  0.445666  1.05762  
2.12836  0.113018  0.0892061  
0.90011  1.61209  0.75633  
0.369125  0.000106109  2.21834  
2.1349  0.263252  0.17916  
1.50277  0.435091  1.58869  
0.0506075  1.1258  1.46804  
0.0114822  1.67582  0.0451798  
1.01843  1.46859  0.460641  
0.631193  0.768606  1.69364  
2.70832e-07  1.4122e-06  1.64642  
1.53283e-06  3.1452e-07  1.79164  
0.974097  0.269245  0.980892  
1.29812  0.379071  0.983356  
1.08067  1.1883  0.0058169  
1.4545e-06  2.98448e-07  1.70009  
1.05578  0.858041  1.08518  
1.79225e-07  1.34121e-06  1.54933  
0.810563  0.195006  1.73874  
0.784033  0.0310251  1.16667  
4.8816e-06  9.16093e-08  1.76718  
5.11268e-06  9.59458e-08  1.85083  
1.04428  0.0289717  1.43085  
5.76408e-06  2.31274e-07  2.08796  
5.76408e-06  2.31274e-07  2.08796  
1.03435  0.0286962  1.41724  
4.56658e-06  1.83227e-07  1.65418  
1.03367  1.38747  1.18563  
1.01995e-06  1.0161e-06  1.64845  
1.33573  1.29329  0.763685  
1.37844  1.38087  0.64795  
1.01462  0.824592  1.10461  
1.85594e-10  1.11739  0.914189  
0.0361409  1.64749  0.0276177  
1.24861  0.98024  0.0939597  
1.40118e-06  7.46848e-07  1.59004  
1.1073  0.0163812  0.941278  
4.87912e-06  9.15627e-08  1.76628  
7.51289e-07  1.2049e-06  1.42195  
1.33706  1.29457  0.623652  
4.87213e-06  9.14315e-08  1.76375  
0.07976  1.39146  0.0134144  
0.997625  1.21394  0.362338  
0.577298  0.577391  0.577362  
1.26367  0.848148  0.014648  
1.09791  0.173739  1.04214  
1.97365e-10  1.18826  0.972173  
5.6679e-06  2.27415e-07  2.05312  
0.707645  1.15837  1.14443  
0.961688  1.17021  0.349286  
1.28924  1.67664e-05  3.35922e-06  
1.38549  0.0011621  0.113861  
1.21841  1.1797  0.568312  
1.00427  1.22203  0.354374  
0.0817628  0.0839249  1.38499  
6.5954e-06  1.29057  1.03649e-06  
1.16392  0.0185845  1.18029  
0.64057  0.780025  1.7188  
1.06673  1.19731  0.100533  
1.03416  0.0286909  1.41698  
1.26217  0.990885  0.0949801  
0.178441  1.47091  0.915955  
1.85524e-10  1.11697  0.913847  
0.283173  0.00056581  2.01508  
1.52007  0.383708  0.0202802  
1.93989  0.0330428  0.013262  
0.0108983  1.06805  1.02548  
0.00511317  1.22745  0.758465  
6.57742e-17  9.11866e-20  1.07418  
0.952392  1.1589  0.34591  
0.262504  1.3021  0.972765  
1.21661  0.461371  0.931792  
0.970408  1.18083  0.352453  
0.988861  1.16159  1.04536  
1.01333  1.23305  0.368042  
1.23766  0.361417  1.05488  
0.0307177  0.0374051  1.51887  
1.26323  0.991718  0.0950599  
1.0739  0.0563995  1.26305  
1.08498e-07  4.66139e-06  1.68762  
1.37092  0.0702343  1.08045  
1.26323  0.991718  0.0950599  
3.69558e-06  3.17025e-06  1.76233  
1.28395  1.24315  0.59888  
1.05014  1.42872  0.457027  
1.02652  0.028479  1.40651  
0.0379937  1.30975  0.947388  
0.171632  1.24731  1.07994  
1.51544  0.0012711  0.12454  
0.0517933  1.89138  0.0753538  
1.40668e-06  7.49778e-07  1.59628  
0.10115  1.59174  0.129316  
0.0382517  1.45776  1.10688  
0.175729  1.27708  1.10571  
1.03209  0.0286336  1.41415  
1.4394  1.39366  0.671388  
0.607708  1.47678  1.22381  
0.0333864  0.0373105  1.57114  
0.0229527  0.252958  1.704  
1.51546  0.00127112  0.124542  
5.21363e-06  2.09188e-07  1.88856  
4.86497e-06  9.12972e-08  1.76116  
0.239458  0.000478463  1.704  
1.53751  0.00128962  0.126354  
4.87213e-06  9.14315e-08  1.76375  
1.10529  0.0163515  0.939569  
0.114403  1.91353  0.0763437  
1.59991  0.328285  0.193034  
0.0374876  0.465725  1.12785  
1.37741  0.135206  3.56943e-14  
1.72044  2.67762e-10  2.37989e-06  
0.0114251  1.68393  1.64442e-15  
1.26845  0.406016  5.09415e-16  
1.03932  1.61755e-10  1.00864  
0.14172  0.466658  1.23971  
1.49345  2.32434e-10  2.0659e-06  
9.42457e-18  9.48842e-17  1.5572  
1.03201  0.859088  3.06695e-12  
0.0613948  1.75636  6.34787e-16  
0.861237  3.14565e-14  0.98985  
1.10408  0.919082  3.28113e-12  
0.0108066  1.59276  1.35154e-15  
1.7058  2.65483e-10  1.8181e-06  
1.43201  2.22872e-10  1.79389e-06  
1.49097  2.32048e-10  2.06246e-06  
1.65052  0.0362297  1.61215e-15  
1.31244  2.7139e-10  0.000147401  
0.00952022  1.31268  4.131e-13  
0.891638  0.149415  1.03814  
0.381856  1.26338  7.62128e-19  
7.0325e-19  8.05456e-17  1.31546  
0.844024  1.19112  1.05238e-15  
0.959794  0.743077  0.462967  
0.764637  1.34665e-10  1.11909  
0.530997  1.13501  1.17236e-14  
0.317335  1.216  1.16441e-14  
7.25649e-17  1.28271e-19  1.18508  
0.408862  1.47876  0.0435023  
1.31639  0.395669  2.44653e-15  
0.0389038  1.36994  3.53452e-14  
0.879335  0.349326  0.824436  
0.765058  1.34739e-10  1.11971  
1.25922e-17  7.89162e-17  1.3051  
0.126924  0.902436  0.730676  
1.29593  2.37526e-11  0.13531  
0.0114849  1.31541  4.2449e-14  
1.3275  0.156416  1.08635e-13  
1.31245  2.71392e-10  0.000147403  
1.00001  7.0639e-05  3.59793e-07  
0.00930169  1.37096  1.18119e-15  
0.682036  0.992965  1.25508e-14  
1.17629  0.562353  1.20802e-14  
6.93126e-08  2.53981e-07  1  
0.577298  0.577391  0.577362  
6.82655e-17  4.11339e-17  1.30161  
0.000395958  0.89564  0.737883  
0.48964  0.99051  0.680106  
0.0269116  1.33261  0.512734  
1.33662  2.08026e-10  1.6744e-06  
0.542844  3.83457e-05  0.84049  
1.02078  0.849742  3.03359e-12  
6.12325e-17  1  8.9619e-05  
6.91483e-17  1.6264e-17  1.16009  
0.889092  0.773256  0.0591816  
0.850339  0.397477  0.833552  
1.02043  0.849445  3.03253e-12  
0.346023  0.837149  0.879108  
1.32613  4.6207e-10  8.34594e-05  
1.33819  0.0712361  7.36928e-13  
0.857205  0.865677  0.49814  
1.38505  0.20288  1.45844e-14  
0.963055  0.237106  0.70134  
5.61645e-17  4.74996e-17  1.20128  
0.267189  0.952238  0.69936  
0.34712  0.727767  0.944804  
1.21742  0.465016  2.17263e-17  
1.46238  0.0210631  0.00451946  
1.36462  0.12467  9.93904e-17  
8.78508e-18  7.91827e-17  1.30109  
0.853253  3.11649e-14  0.980674  
3.86837e-17  7.22501e-17  1.33842  
0.791096  0.791222  0.791183  
0.0333563  1.142  0.551681  
0.0100711  1.48435  1.44953e-15  
7.84344e-17  1.38646e-19  1.28093  
0.683969  0.995778  1.25863e-14  
0.0274272  0.643357  1.02479  
0.853822  3.11857e-14  0.981327  
0.13402  1.34928  0.00100771  
0.474007  1.66815  0.0491714  
1.15499  0.21458  0.470631  
0.383218  0.0711962  1.19868  
1.01207  0.650933  0.575792  
1.31415  2.71743e-10  0.000147593  
0.28287  0.535729  1.46258  
0.11089  0.379909  1.21708  
0.866774  0.260527  0.95254  
1.14063  0.759108  0.320719  
0.0599733  0.492342  1.19724  
0.631738  1.1799  0.0094848  
1.02544  0.853614  3.04741e-12  
1.43201  2.22872e-10  1.9809e-06  
1.71464  0.0376372  1.67478e-15  
0.747974  1.41659  2.21596e-06  
0.0611677  1.74987  6.32439e-16  
8.18142e-18  8.23685e-17  1.3518  
1.25935e-17  7.89243e-17  1.30524  
0.885843  0.148444  1.0314  
0.899551  0.743512  1.73911e-18  
0.887017  0.648152  1.63476e-16  
0.887817  0.648737  1.63623e-16  
0.40393  0.341409  0.932839  
0.403869  0.341357  0.932698  
1.18777  0.0883916  4.06652e-16  
0.900313  0.601544  0.535011  
0.842625  0.169196  0.685536  
0.859004  0.737209  1.68684e-18  
0.40383  0.341325  0.932609  
1.04549  0.347594  3.76163e-16  
0.0537446  0.88373  0.698441  
1.03355  0.0169235  0.424907  
0.46942  0.775331  0.532443  
0.751652  0.0398731  0.777664  
0.566873  0.38215  0.898788  
0.914242  0.488103  1.4346e-13  
1.19065  0  4.43085e-05  
6.61908e-17  1.08098  9.68759e-05  
0.000241654  0.0300437  1.03526  
0.251083  0.236033  0.95934  
1.12054  0.000245957  3.86797e-15  
0.0132363  0.959323  0.433912  
5.15929e-17  3.29784e-17  1  
0.820769  0.0636988  0.695389  
0.0211217  0.583916  0.880815  
0.677747  0.386955  0.69789  
0.511102  0.00467813  0.915403  
0.78756  0.526208  0.468008  
0.145556  0.626305  0.825971  
0.168069  0.814077  0.655749  
0.509951  0.358197  0.846493  
0.964713  0.0646674  0.355959  
0.434704  0.182398  0.881919  
1.04015  0.208858  9.41931e-16  
0.884712  0.578092  0.0161999  
0.469413  0.775319  0.532435  
0.603628  0.774183  0.368996  
0.28712  1.03919  1.00614e-14  
0.0189151  0.920312  0.509032  
0.95958  0.401788  0.0944197  
0.650614  0.852939  0.00770336  
0.484152  0.60862  0.735346  
2.10604e-17  5.74966e-17  1  
0.456852  0.779057  0.565137  
1  0  8.96188e-05  
0.308442  0.28891  0.936713  
0.323658  0.0113636  0.964959  
0.239075  0.454417  0.8582  
0.70099  0.0278293  0.712628  
0.0577173  0.871484  0.614757  
0.577298  0.577391  0.577362  
6.12323e-17  1  8.96188e-05  
0.871272  0.692599  0.218215  
0.690454  0.723257  0.0131335  
0.914212  0.488087  1.43456e-13  
0.554049  0.900717  0.0753312  
0.146951  1.06222  3.75935e-12  
0.264136  0.884245  0.386193  
0.465655  0.422447  0.836034  
0.279319  0  1.15743  
1.07273  0.356652  3.85966e-16  
0.846096  0.26673  0.494283  
0.00845809  1.09015  8.60093e-17  
0.904917  0.0201245  0.531725  
0.00221727  0.728891  0.684626  
0.403442  0.94117  0.0441539  
0.0293306  1.0784  1.51573e-18  
0.978519  0.275736  0.238937  
0.719828  0.804114  2.79836e-17  
0.806433  0.165073  0.680676  
0.0396814  0.979936  0.390555  
0.0379223  0.936494  0.506081  
1.01353  0.45854  1.53635e-11  
0.365164  0.624321  0.788882  
0.460927  0.977783  9.68759e-05  
0.905955  0.395067  0.371496  
1.16535  0  3.05484e-05  
0.403829  0.341324  0.932607  
3.99711e-17  5.53684e-17  1.11524  
0.817624  0.545273  0.294746  
0.000118157  0.969416  0.465972  
0.0397942  0.655974  0.84419  
0.885268  0.646874  1.63153e-16  
1.70325e-06  0.509947  0.951094  
0.0310676  0.341118  0.939512  
0.231058  0.716368  0.777664  
0.6628  0.850074  0.405167  
0.766492  0.636886  0.425333  
0.858882  0.737104  1.6866e-18  
0.851481  0.752767  2.95566e-13  
0.377743  0.733796  0.682464  
0.728347  0.017975  0.794659  
0.60091  0.490077  0.73278  
1.1868e-17  6.74374e-17  1.11826  
1.04499  0.347427  3.75982e-16  
0.110137  0.571513  0.874286  
0.00534597  0.521287  0.928352  
1.15101  0.0856561  3.94067e-16  
0.906346  0.00445657  0.52705  
0.0366803  0.959083  0.280737  
0.159065  0.95943  0.232791  
0.940409  0.339354  0.0216878  
0.0392968  0.171508  0.984399  
0.921089  0.160963  0.354523  
0.957956  0.176142  0.226484  
0.599931  0.789556  0.129169  
0.173946  0.981955  0.0742049  
0.955499  0.0416621  0.292036  
0.0108386  0.352002  0.935937  
0.65129  0.370788  0.66207  
0.020531  0.739166  0.673211  
0.402449  0.89634  0.186034  
0.868875  0.460994  0.180391  
0.117289  0.920031  0.37388  
0.988838  0.0472596  0.141304  
0.0909555  0.977338  0.191146  
0.734504  0.653533  0.182753  
0.846563  0.143408  0.512606  
0.0516595  0.878113  0.475657  
0.424245  0.222862  0.877695  
0.421872  0.0289356  0.906194  
0.638758  0.376429  0.671036  
0.317735  0.691  0.649279  
0.954055  0.298757  0.0228856  
0.0038883  0.728884  0.684626  
0.628599  0.0243569  0.777348  
0.0569768  0.87076  0.488396  
0.393972  0.495957  0.77383  
0.643406  0.644415  0.413228  
0.820183  0.562567  0.104012  
0.250311  0.485876  0.837418  
0.749429  0.658649  0.0673685  
0.326635  0.903755  0.276654  
0.608489  0.793463  0.0125229  
0.119652  0.937881  0.325671  
0.0371515  0.971403  0.234511  
0.550157  0.0268283  0.83463  
0.728869  0.124498  0.673238  
0.00294925  0.673216  0.73944  
0.522018  0.502809  0.688971  
0.0946706  0.448941  0.888532  
0.700989  0.0278432  0.712628  
0.435683  0.727053  0.530636  
1  0  8.96188e-05  
0.845944  0.247397  0.472413  
0.480143  0.801513  0.356427  
0.577354  0.577334  0.577362  
0.933496  0.0857304  0.34819  
2.75412e-06  9.64246e-05  1  
6.12323e-17  1  8.96188e-05  
0.161519  0.396009  0.903929  
0.416026  0.399169  0.81706  
0.668224  0.699721  0.252719  
0.51418  0.857576  0.0135222  
0.0308799  0.304263  0.952088  
0.883182  0.46868  0.0181391  
0.0899888  0.813286  0.574863  
0.316481  0.0747478  0.945649  
0.435435  0.0458353  0.899052  
0.865874  0.0337724  0.499121  
0.759999  0.0665677  0.646507  
0.690732  0.722982  0.0136436  
0.0654799  0.538533  0.840056  
0.339552  0.939455  0.0461329  
0.752319  0.494  0.435867  
0.842427  0.444763  0.304141  
0.57746  0.733601  0.358287  
0.543795  0.646023  0.535669  
0.376796  0.807805  0.453294  
0.211976  0.587989  0.780599  
0.526293  0.330668  0.783373  
0.645702  0.22313  0.730261  
0.516866  0.173675  0.838264  
0.322048  0.321919  0.890311  
0.409469  0.911228  0.044697  
0.164434  0.769185  0.617507  
0.241515  0.824766  0.511303  
0.607972  0.467292  0.641879  
0.193282  0.88751  0.418291  
0.717024  0.477285  0.508011  
0.10384  0.210916  0.971973  
0.972326  0.0423958  0.229751  
0.2658  0.910772  0.315982  
0.840206  0.541999  0.0170763  
0.808155  0.332542  0.486108  
0.92215  0.303323  0.24007  
0.304304  0.662867  0.68411  
0.133768  0.643949  0.753283  
0.223391  0.974704  0.00701275  
0.788789  0.544478  0.285228  
0.503805  0.550945  0.665312  
0.916135  0.390673  0.0898414  
0.464115  0.81606  0.344448  
0.51439  0.831041  0.211598  
0.192043  0.0148894  0.981274  
0.981052  0.191606  0.0287192  
0.251351  0.294426  0.922028  
0.738305  0.245379  0.628247  
0.895427  0.294545  0.333848  
0.0366979  0.959035  0.280902  
0.159065  0.95943  0.232791  
0.0399418  0.17149  0.984376  
0.940321  0.339537  0.0225968  
0.921057  0.161144  0.354523  
0.957934  0.176138  0.22658  
0.599931  0.789556  0.129169  
0.173986  0.981947  0.0742225  
0.955514  0.0416628  0.291989  
0.651171  0.37128  0.661912  
0.0175354  0.739303  0.673144  
0.402955  0.896139  0.185907  
0.868835  0.461064  0.180403  
0.117682  0.919935  0.373993  
0.988772  0.0472737  0.14176  
0.0909459  0.977235  0.191678  
0.734518  0.653498  0.182823  
0.84649  0.143474  0.512708  
0.190658  0.129173  0.973121  
0.0551421  0.87779  0.475861  
0.0952809  0.449182  0.888345  
0.42484  0.223187  0.877325  
0.250805  0.485786  0.837322  
0.543539  0.646351  0.535532  
0.0903797  0.813332  0.574737  
0.0977148  0.399568  0.911481  
0.933552  0.0857356  0.348038  
0.820202  0.562516  0.104141  
0.628574  0.0249927  0.777348  
0.690726  0.722975  0.0142973  
0.119968  0.937825  0.325717  
0.638758  0.376429  0.671036  
0.317767  0.691069  0.64919  
0.550252  0.0268329  0.834567  
0.521927  0.502721  0.689104  
0.759978  0.0668026  0.646507  
0.954054  0.298757  0.0229227  
0.480244  0.801421  0.356497  
0.752324  0.493989  0.435871  
6.87065e-05  9.4725e-05  1  
0.435797  0.727093  0.530488  
0.00388813  0.728852  0.68466  
0.86591  0.0340981  0.499036  
0.700986  0.0279296  0.712628  
1  5.14017e-05  8.96188e-05  
0.57735  0.577339  0.577362  
0.643487  0.644335  0.413228  
0.608452  0.793492  0.012526  
0.883179  0.468679  0.0183122  
6.12323e-17  1  8.96188e-05  
0.0304493  0.33995  0.93995  
0.435434  0.0459258  0.899048  
0.529573  0.329275  0.781748  
0.516908  0.17369  0.838235  
0.00359389  0.673213  0.73944  
0.242234  0.0153926  0.970096  
0.749513  0.658477  0.0681007  
0.22339  0.9747  0.00752314  
0.0569768  0.87076  0.488396  
0.0655175  0.538508  0.840069  
0.788725  0.544557  0.285254  
0.51405  0.857652  0.0136127  
0.339672  0.93941  0.0461709  
0.577427  0.733627  0.358287  
0.845963  0.247403  0.472375  
0.376823  0.807863  0.453168  
0.242206  0.824536  0.511348  
0.214356  0.587617  0.780229  
0.252665  0.294374  0.921686  
0.645516  0.223513  0.730309  
0.266158  0.910552  0.316314  
0.393969  0.496028  0.773786  
0.103737  0.212785  0.971577  
0.409728  0.911108  0.0447689  
0.164509  0.769169  0.617507  
0.607629  0.468213  0.641532  
0.193963  0.887381  0.41825  
0.842299  0.444902  0.304294  
0.717015  0.477299  0.508011  
0.0371601  0.971115  0.235699  
0.972279  0.0424497  0.229939  
0.808981  0.332051  0.485068  
0.316468  0.0780161  0.945389  
0.840173  0.542038  0.0174657  
0.922134  0.3034  0.240035  
0.416058  0.399073  0.81709  
0.304684  0.662874  0.683934  
0.1357  0.643866  0.753008  
0.728767  0.12466  0.673319  
0.503716  0.551151  0.665209  
0.3267  0.903731  0.276654  
0.916041  0.390814  0.0901877  
0.464063  0.816052  0.344536  
0.66827  0.699563  0.253035  
0.322219  0.32188  0.890263  
0.514366  0.831002  0.21181  
0.981052  0.191606  0.0287192  
0.738327  0.245665  0.62811  
0.895407  0.294569  0.333881  
0.422088  0.044481  0.905463  
0.0366976  0.959027  0.280929  
0.159112  0.959405  0.232865  
0.940321  0.339537  0.0225983  
0.0407624  0.171556  0.984331  
0.921031  0.161158  0.354585  
0.95793  0.176186  0.226559  
0.599931  0.789556  0.129169  
0.173986  0.981947  0.0742225  
0.955514  0.0416628  0.291989  
0.0249938  0.739205  0.673017  
0.868835  0.461064  0.180403  
0.651151  0.371316  0.661912  
0.117681  0.91993  0.374005  
0.988767  0.0472734  0.141795  
0.0909442  0.977217  0.191769  
0.734518  0.653498  0.182823  
0.846479  0.143541  0.512708  
0.190658  0.129173  0.973121  
0.0554995  0.877766  0.475864  
0.0953117  0.449327  0.888269  
0.424834  0.223584  0.877226  
0.628572  0.0250412  0.777348  
0.317767  0.691069  0.64919  
0.250828  0.48583  0.83729  
0.0903797  0.813332  0.574737  
0.636868  0.377196  0.6724  
0.242326  0.824501  0.511348  
0.981051  0.191606  0.028742  
0.608452  0.793492  0.012526  
0.820202  0.562516  0.104141  
0.422088  0.044481  0.905463  
0.416037  0.399053  0.817111  
0.607656  0.468142  0.641559  
0.749547  0.658439  0.0681007  
0.119968  0.93782  0.325734  
0.516916  0.173692  0.838229  
0.933549  0.085769  0.348038  
0.550275  0.026916  0.834549  
0.57735  0.577339  0.577362  
0.521877  0.50282  0.68907  
0.00395208  0.728852  0.68466  
0.954053  0.298756  0.0229614  
0.242228  0.0153922  0.970097  
0.480154  0.801475  0.356497  
9.67948e-05  9.57383e-05  1  
0.435782  0.727069  0.530532  
0.759975  0.0668384  0.646507  
1  5.14017e-05  8.96188e-05  
0.70101  0.0279306  0.712605  
0.738305  0.245731  0.62811  
0.0570324  0.870724  0.488453  
0.543701  0.646254  0.535486  
0.0301241  0.339979  0.93995  
0.690726  0.722975  0.0142973  
0.883178  0.468678  0.0183626  
0.136478  0.643702  0.753008  
7.55148e-05  1  8.96188e-05  
0.435408  0.0459246  0.899061  
0.51405  0.857652  0.0136127  
0.322553  0.321885  0.89014  
0.86591  0.0340981  0.499036  
0.00361216  0.673213  0.73944  
0.0655175  0.538508  0.840069  
0.752324  0.493989  0.435871  
0.402951  0.896131  0.185955  
0.376825  0.807862  0.453168  
0.339648  0.939419  0.0461709  
0.316444  0.0800562  0.945227  
0.577427  0.733627  0.358287  
0.845955  0.24743  0.472375  
0.728763  0.124688  0.673319  
0.213772  0.587836  0.780224  
0.529658  0.329214  0.781717  
0.252665  0.294374  0.921686  
0.645516  0.223513  0.730309  
0.393958  0.496015  0.7738  
0.643503  0.644351  0.413177  
0.0980024  0.399472  0.911492  
0.409728  0.911107  0.0447966  
0.164509  0.769169  0.617507  
0.194245  0.887353  0.41818  
0.788714  0.544571  0.285259  
0.842269  0.444886  0.304399  
0.716976  0.477273  0.50809  
0.0371601  0.971115  0.235699  
0.103737  0.212785  0.971577  
0.972279  0.0424497  0.229939  
0.808907  0.33202  0.485213  
0.840178  0.542029  0.0174657  
0.922134  0.3034  0.240035  
0.304684  0.662874  0.683934  
0.22339  0.9747  0.0075835  
0.503721  0.551156  0.665201  
0.326746  0.903726  0.276617  
0.916027  0.390847  0.0901877  
0.464062  0.81605  0.344542  
0.66827  0.699563  0.253035  
0.514393  0.830985  0.21181  
0.895406  0.294569  0.333881  
0.266037  0.910588  0.316314  
0.0366977  0.95903  0.280917  
0.159112  0.959405  0.232865  
0.940321  0.339536  0.0226292  
0.0407667  0.171574  0.984327  
0.921031  0.161158  0.354585  
0.957929  0.176186  0.226562  
0.599931  0.789556  0.129169  
0.955514  0.0416628  0.291989  
0.173986  0.981947  0.0742225  
0.402951  0.896131  0.185955  
0.0247719  0.739212  0.673017  
0.868835  0.461064  0.180404  
0.651151  0.371316  0.661912  
0.117684  0.919923  0.374021  
0.988767  0.0472734  0.141795  
0.0909442  0.977217  0.191769  
0.734518  0.653498  0.182823  
0.846478  0.143547  0.512708  
0.190658  0.129173  0.973121  
0.0555614  0.877762  0.475864  
0.0953119  0.449328  0.888268  
0.424834  0.223584  0.877226  
0.317779  0.691063  0.64919  
0.636869  0.377196  0.6724  
0.251017  0.485806  0.837247  
0.521877  0.50282  0.68907  
0.628572  0.0250412  0.777348  
0.0903834  0.813316  0.574759  
0.514048  0.857653  0.0136127  
0.643344  0.64451  0.413177  
0.416037  0.399053  0.817111  
0.0570324  0.870724  0.488453  
0.608436  0.793503  0.0125878  
0.933513  0.0857657  0.348136  
0.820202  0.562516  0.104141  
0.00361216  0.673213  0.73944  
0.749547  0.658439  0.0681007  
0.422088  0.044481  0.905463  
0.119967  0.937814  0.32575  
0.0655175  0.538508  0.840069  
0.759975  0.0668411  0.646507  
0.607656  0.468142  0.641559  
0.972273  0.0424237  0.229967  
0.242228  0.0153922  0.970097  
0.24232  0.824478  0.511388  
0.00395208  0.728852  0.68466  
1  9.70721e-05  8.96188e-05  
9.67948e-05  9.57383e-05  1  
0.577343  0.577346  0.577362  
0.954053  0.298756  0.0229614  
0.86591  0.0341086  0.499036  
7.55148e-05  1  8.96188e-05  
0.690726  0.722975  0.0142973  
0.70101  0.0279306  0.712605  
0.577427  0.733627  0.358287  
0.883178  0.468678  0.0183626  
0.550275  0.026916  0.834549  
0.435409  0.0459247  0.89906  
0.435782  0.727069  0.530532  
0.480154  0.801475  0.356497  
0.339648  0.939419  0.0461709  
0.752324  0.493989  0.435871  
0.0310816  0.33995  0.93993  
0.543715  0.646242  0.535486  
0.164509  0.769169  0.617507  
0.845955  0.24743  0.472375  
0.376825  0.807862  0.453168  
0.214118  0.587711  0.780224  
0.326746  0.903726  0.276617  
0.52954  0.329794  0.781552  
0.252665  0.294374  0.921686  
0.645516  0.223513  0.730309  
0.514393  0.830985  0.21181  
0.516932  0.173913  0.838174  
0.393963  0.496021  0.773794  
0.0979811  0.399386  0.911532  
0.409728  0.911107  0.0447966  
0.194245  0.887357  0.418171  
0.842269  0.444886  0.304399  
0.322583  0.321916  0.890118  
0.716976  0.477273  0.50809  
0.0371601  0.971115  0.235699  
0.728756  0.12468  0.673327  
0.103737  0.212785  0.971577  
0.808884  0.332011  0.485259  
0.788687  0.54461  0.285259  
0.316433  0.0800986  0.945227  
0.135945  0.643814  0.753008  
0.840178  0.542029  0.0174657  
0.922132  0.303406  0.240035  
0.304684  0.662874  0.683934  
0.738305  0.245731  0.62811  
0.22339  0.974699  0.00765821  
0.503723  0.551159  0.665197  
0.916026  0.390847  0.0901938  
0.981051  0.191606  0.0287536  
0.464069  0.816046  0.344542  
0.66827  0.699563  0.253035  
0.895405  0.294569  0.333886  
0.266037  0.910591  0.316304  
0.0366986  0.959055  0.280834  
0.159112  0.959405  0.232865  
0.0407667  0.171574  0.984327  
0.921023  0.16118  0.354594  
0.957922  0.176222  0.226562  
0.599939  0.78955  0.129169  
0.95551  0.0416626  0.292  
0.173985  0.981945  0.0742473  
0.402951  0.896131  0.185955  
0.0248264  0.739211  0.673017  
0.868832  0.46107  0.180404  
0.651147  0.371313  0.661917  
0.117684  0.919923  0.374021  
0.988767  0.0472734  0.141795  
0.0909442  0.977217  0.191769  
0.734503  0.653485  0.18293  
0.846478  0.143547  0.512708  
0.0555614  0.877762  0.475864  
0.0953119  0.449328  0.888268  
0.424834  0.223584  0.877226  
0.422088  0.044481  0.905463  
0.317779  0.691063  0.64919  
0.251347  0.485674  0.837225  
0.263347  0.0807895  0.961312  
0.32257  0.321946  0.890112  
0.643367  0.644487  0.413177  
0.607662  0.468134  0.641559  
0.933522  0.0858062  0.3481  
0.608436  0.793503  0.0125878  
0.636873  0.377199  0.672395  
0.820202  0.562516  0.104141  
9.46301e-05  9.78784e-05  1  
0.00361216  0.673213  0.73944  
0.577427  0.733627  0.358287  
0.119967  0.937814  0.32575  
0.628572  0.0250412  0.777348  
0.550275  0.026916  0.834549  
0.70101  0.0279306  0.712605  
0.759973  0.0668575  0.646507  
0.954053  0.298756  0.0229614  
0.480154  0.801475  0.356497  
0.435782  0.727069  0.530532  
0.865902  0.0341083  0.499049  
0.57735  0.577352  0.577349  
0.435409  0.0459247  0.89906  
0.940321  0.339536  0.0226292  
0.416037  0.399053  0.817111  
0.728756  0.12468  0.673327  
1  9.70721e-05  8.96188e-05  
0.339648  0.939419  0.0461709  
0.031065  0.339951  0.93993  
7.55148e-05  1  8.96188e-05  
0.0655175  0.538508  0.840069  
0.690726  0.722975  0.0142973  
0.00395208  0.728852  0.68466  
0.752324  0.493989  0.435871  
0.5219  0.502843  0.689035  
0.842269  0.444886  0.304399  
0.883169  0.468695  0.0183626  
0.645516  0.223513  0.730309  
0.749547  0.658439  0.0681007  
0.0570324  0.870724  0.488453  
0.0903904  0.813317  0.574757  
0.514048  0.857653  0.0136127  
0.788686  0.544609  0.285264  
0.543715  0.646242  0.535486  
0.845955  0.24743  0.472375  
0.376825  0.807862  0.453168  
0.214228  0.587768  0.780151  
0.66827  0.699563  0.253035  
0.52954  0.329794  0.781552  
0.516932  0.173913  0.838174  
0.840178  0.542029  0.0174657  
0.25263  0.294404  0.921686  
0.393963  0.496021  0.773794  
0.0979633  0.39939  0.911532  
0.409728  0.911107  0.0447966  
0.164509  0.769171  0.617506  
0.24232  0.824478  0.511388  
0.194245  0.887357  0.418171  
0.716976  0.477273  0.50809  
0.0371655  0.971115  0.235699  
0.103737  0.212785  0.971577  
0.972273  0.0424237  0.229967  
0.808884  0.332011  0.485259  
0.922132  0.303406  0.240035  
0.464072  0.816044  0.344542  
0.304684  0.662874  0.683934  
0.136132  0.643812  0.752977  
0.22339  0.974699  0.00765821  
0.326745  0.903723  0.276626  
0.503731  0.551158  0.665192  
0.916026  0.390847  0.090195  
0.514391  0.830984  0.211819  
0.192171  0.0106958  0.981303  
0.981046  0.191629  0.0287536  
0.316433  0.0800986  0.945227  
0.738314  0.245733  0.628099  
0.895403  0.294568  0.333892  
0.266131  0.910572  0.316281  
0.0366986  0.959055  0.280834  
0.159112  0.959405  0.232865  
0.940321  0.339536  0.0226292  
0.0407667  0.171574  0.984327  
0.921023  0.16118  0.354594  
0.957922  0.176222  0.226562  
0.599939  0.78955  0.129169  
0.173985  0.981945  0.0742479  
0.955508  0.0417128  0.292  
0.402951  0.896131  0.185955  
0.0248264  0.739211  0.673017  
0.868819  0.461094  0.180404  
0.651147  0.371313  0.661917  
0.117684  0.919923  0.374021  
0.988766  0.0472734  0.141796  
0.090955  0.977215  0.191776  
0.734503  0.653485  0.18293  
0.846476  0.143547  0.512712  
0.0555611  0.877758  0.475872  
0.0952084  0.449355  0.888265  
0.424835  0.223584  0.877226  
0.422088  0.044481  0.905463  
0.636873  0.377199  0.672395  
0.550275  0.026916  0.834549  
0.317779  0.691063  0.64919  
0.214229  0.58777  0.780149  
0.263498  0.0813415  0.961225  
0.0903904  0.813317  0.574757  
0.643382  0.644502  0.41313  
0.416037  0.399053  0.817111  
0.933522  0.0858097  0.3481  
0.608436  0.793503  0.0125878  
0.820202  0.562516  0.104141  
0.759973  0.0668575  0.646507  
0.00395208  0.728852  0.68466  
0.435782  0.727069  0.530532  
0.954053  0.298756  0.0229614  
0.339648  0.939419  0.0461709  
0.521927  0.502815  0.689035  
0.480159  0.801472  0.356497  
0.503732  0.551158  0.665191  
0.749547  0.658439  0.0681007  
0.57735  0.577352  0.577349  
0.119967  0.937814  0.32575  
0.409727  0.911107  0.0448039  
9.6321e-05  9.62149e-05  1  
0.464072  0.816044  0.344542  
0.628572  0.0250412  0.777348  
0.435409  0.0459247  0.89906  
0.194245  0.887357  0.418171  
0.00362094  0.673213  0.73944  
0.514048  0.857653  0.0136127  
9.72671e-05  1  8.96188e-05  
0.690726  0.722975  0.0142973  
1  9.70721e-05  8.96188e-05  
0.865902  0.0341083  0.499049  
0.883165  0.468704  0.0183626  
0.840178  0.542029  0.0174779  
0.0570324  0.870724  0.488453  
0.252648  0.294425  0.921674  
0.701009  0.027955  0.712605  
0.0655175  0.538508  0.840069  
0.251337  0.485751  0.837183  
0.752324  0.493989  0.435871  
0.0310206  0.339955  0.93993  
0.577427  0.733627  0.358287  
0.543706  0.646259  0.535475  
0.393963  0.496021  0.773794  
0.845955  0.24743  0.472375  
0.376825  0.807862  0.453168  
0.52954  0.329794  0.781552  
0.645538  0.223543  0.73028  
0.516932  0.173913  0.838174  
0.514392  0.830984  0.211819  
0.0979133  0.399426  0.911522  
0.164509  0.769171  0.617506  
0.242251  0.824498  0.511388  
0.842269  0.444886  0.304399  
0.716976  0.477273  0.50809  
0.607662  0.468134  0.641559  
0.22339  0.974699  0.00765821  
0.0371655  0.971115  0.235701  
0.103734  0.212812  0.971571  
0.972273  0.0424237  0.229967  
0.136294  0.643778  0.752977  
0.808884  0.332011  0.485259  
0.922132  0.303406  0.240035  
0.304684  0.662874  0.683934  
0.728756  0.12468  0.673327  
0.788686  0.544609  0.285264  
0.326744  0.903726  0.276618  
0.916026  0.390847  0.090195  
0.32257  0.321946  0.890112  
0.668272  0.699561  0.253035  
0.192176  0.0153969  0.98124  
0.981046  0.191629  0.0287536  
0.738306  0.245756  0.628099  
0.316427  0.0800971  0.945229  
0.895392  0.294599  0.333892  
0.266131  0.910572  0.316281  
