1.20791  1.3804  6.45028  
1.02873  0.973039  6.57418  
0.60078  2.64726  5.6482  
1.24842  2.25116  5.99775  
1.74572  2.01807  4.91683  
1.31112  3.08663  5.55551  
1.72087  1.78282  5.2619  
1.73211  2.243  4.73188  
2.28423  2.75738  2.18456  
1.85232  3.28116  3.31795  
0.370376  1.34727  6.15179  
1.92558  1.30687  5.73064  
1.94177  2.1081  5.32701  
0.741606  1.03401  6.62121  
1.99274  3.43777  3.45409  
1.73294  1.78186  4.23619  
1.89061  2.09756  4.40603  
2.34503  1.30047  3.39846  
1.96066  2.15659  4.28942  
2.22846  2.87375  3.79986  
1.8335  1.82647  4.61313  
0.978725  0.998461  6.84445  
2.23807  3.16896  1.46798  
2.29568  2.82267  3.59825  
0.613794  0.925176  6.58561  
2.04584  1.62275  4.72264  
2.13229  1.919  4.33379  
2.22182  3.09082  3.8908  
1.02989  3.28389  5.05158  
1.02349  3.19865  5.60876  
1.07434  2.94697  5.77516  
1.36938  3.82191  4.51357  
2.21974  2.92463  3.36798  
0.624677  0.999041  6.5655  
1.09136  0.914016  6.77082  
1.3186  2.06549  6.07353  
1.10782  3.76874  4.7753  
0.886777  1.48148  6.25428  
1.47732  3.95118  3.61618  
1.74292  3.41462  3.65152  
1.35024  3.00476  5.13777  
1.33981  2.29377  5.84457  
0.809525  1.1746  6.75882  
1.13608  2.72103  5.77776  
1.83164  2.10871  5.176  
1.38072  3.35078  5.37536  
1.12523  1.57277  6.78772  
1.40205  1.51689  6.61845  
1.91708  2.23917  4.55432  
1.09584  3.16802  4.94038  
2.21447  2.66263  3.69776  
2.30572  2.06395  4.47878  
2.13958  3.00092  3.6666  
2.73437  2.26283  1.2358  
2.29651  2.14685  4.27271  
0.975887  4.85344  1.34817  
0.85383  1.05758  6.84011  
0.431925  0.453518  6.33465  
1.21447  3.12922  5.67719  
2.78146  1.08276  1.53467  
1.59384  2.29366  5.27269  
2.10109  3.13225  2.88817  
2.21818  2.37177  3.10472  
0.545175  0.753625  6.53094  
1.2159  2.21519  6.27089  
1.50287  1.01663  6.05581  
1.98034  2.5477  4.39768  
1.69022  3.745  3.28647  
2.10754  1.81752  5.08666  
2.34688  2.10462  3.92227  
2.02082  2.81649  4.7973  
1.61954  1.80525  6.1496  
1.60017  3.2761  4.08025  
0.762268  0.898049  6.68153  
1.92915  3.29981  3.07391  
0.886826  2.32552  6.42108  
2.02658  2.42994  4.04548  
1.13172  1.95763  6.6061  
2.31134  2.64375  4.20269  
1.63447  1.35014  6.17302  
2.22699  1.91128  5.16976  
0.895732  2.40544  6.35376  
1.18791  2.83656  4.97144  
0.838378  1.51764  6.71161  
1.03891  1.29019  6.59437  
1.22653  2.20567  5.2408  
0.629172  0.622064  6.50878  
1.61975  1.7771  5.55754  
1.19686  3.48374  4.65897  
1.19253  2.41851  4.49845  
0.852625  2.69766  5.6003  
0.704254  0.781929  6.62292  
1.82279  3.85567  3.0893  
2.07993  1.55171  5.61349  
2.01619  2.16582  5.48804  
1.55778  3.25472  5.10165  
1.73879  1.78098  5.8007  
2.63772  1.96364  1.1681  
1.87704  2.07029  5.2269  
2.14798  2.59892  3.40194  
0.646616  0.992295  6.54527  
1.0418  0.820383  6.14511  
2.20481  2.55282  4.45998  
1.3239  2.427  5.78746  
1.27112  0.509379  5.6762  
1.07808  1.29793  6.4624  
0.533951  0.695522  6.46101  
0.279086  0.238211  6.17051  
0.679447  1.66346  6.44224  
0.948697  2.63606  6.0325  
2.41088  3.05527  2.75968  
1.76014  2.32275  5.21845  
2.06871  1.4931  5.17756  
0.968023  4.46483  3.12088  
2.25039  2.27485  2.98358  
2.57726  0.852651  3.05338  
0.940651  4.79967  1.45897  
1.21819  4.07056  1.42396  
0.263785  0.223225  6.15525  
2.88703  1.11885  1.24319  
1.92973  1.3555  2.15059  
0.666202  1.48392  5.5943  
1.64502  1.52786  3.23846  
0.765978  3.41493  2.8836  
1.9392  1.68538  0.26022  
1.09944  3.49836  1.37091  
0.475394  2.60483  5.32361  
1.0646  2.69589  3.75039  
0.74743  0.13245  5.77087  
0.919543  2.0389  4.78917  
1.75289  0.22186  3.64118  
0.16828  2.00105  5.39912  
0.727519  3.88636  0.499345  
0.227707  3.94205  1.7925  
0.183215  0.21309  6.08811  
1.20855  2.2131  3.93996  
0.309998  2.85684  4.45066  
1.27373  3.32002  0.555052  
0.197248  3.476  3.33008  
1.40887  0.418155  4.59931  
0.118897  0.986954  5.9442  
0.452299  1.96428  5.81901  
0.986351  0.732773  5.4169  
1.46868  3.00262  0.360095  
1.7832  3.66023  0.8634  
0.196494  0.154106  6.08772  
1.86302  0.224447  2.89903  
0.200309  4.08882  0.253125  
0.217848  0.419609  6.20252  
1.19824  2.66243  4.31022  
0.437137  2.98853  4.1113  
1.96658  3.52994  2.1538  
1.28057  1.40163  4.55215  
0.72743  3.04995  3.71275  
2.0386  0.145385  0.270423  
0.598651  2.12921  4.95475  
1.55634  0.390951  4.25699  
1.3224  2.72408  2.72304  
1.92519  2.73666  4.68434  
0.190213  3.67241  2.77042  
0.476368  4.00403  2.85945  
1.07354  3.3917  2.27938  
0.666531  1.3785  5.70339  
0.464488  0.210661  6.00571  
0.312893  4.17382  0.801194  
0.555655  2.82168  5.00315  
2.57317  1.46342  2.21326  
0.345148  2.81757  4.90714  
0.428933  1.92364  5.92782  
1.93733  2.19839  4.70007  
0.431948  3.23262  4.29246  
2.57851  0.872365  1.06239  
1.17126  2.44862  4.76598  
1.11977  3.97624  0.676511  
1.35852  1.89446  4.54466  
2.26647  1.22599  1.54079  
0.261243  0.22289  6.15299  
0.50014  4.31245  0.500882  
2.34257  0.619919  1.46614  
2.52616  1.60362  0.765455  
1.72021  2.95113  2.18768  
1.83079  1.95351  1.28162  
0.419862  3.11698  4.65574  
1.65702  2.59478  0.422735  
1.97742  1.69917  3.4414  
1.29647  1.83797  5.37262  
1.73793  0.65284  4.97389  
0.703793  2.41815  5.90697  
1.24307  2.70296  5.25204  
2.13513  0.663594  4.28391  
2.18378  1.30201  2.71865  
1.82082  2.32587  0.576649  
1.45641  3.38826  3.54792  
1.59516  1.68685  5.92318  
0.914796  2.07425  5.94292  
1.86503  2.92574  4.9988  
1.59741  3.95687  3.00611  
2.49094  2.67606  1.3177  
0.871076  3.69239  1.32381  
1.00667  3.25775  5.37922  
1.97759  1.99824  2.23426  
1.63054  2.60448  3.25648  
0.606109  2.44502  4.87823  
0.486882  4.30901  1.47637  
2.39767  1.14563  1.65714  
0.625357  4.36382  0.650748  
0.241743  0.23087  6.13776  
2.15552  1.60189  1.74248  
0.764735  1.08318  5.81617  
0.166116  0.270446  6.09494  
0.287793  3.57125  3.41617  
1.29454  3.07365  3.25913  
1.46035  1.82109  4.7107  
0.214136  1.46853  5.85887  
1.80532  1.49125  3.10092  
0.328159  3.75791  2.616  
0.94176  1.91509  5.51693  
0.548627  2.81517  4.59522  
0.942741  2.72477  4.59281  
1.07313  1.54146  5.12936  
1.53555  2.42737  3.74414  
1.55887  1.94427  3.16364  
0.623145  1.45906  5.52043  
0.519826  2.39304  4.85788  
0.757957  3.38917  2.88766  
1.7695  1.93885  1.88652  
1.9279  1.05528  2.1012  
0.694882  3.90471  0.489799  
0.682807  3.06221  3.72905  
0.89799  3.74071  0.764976  
1.02303  2.69783  3.72773  
1.30087  2.75436  2.7492  
0.953712  0.732682  5.43787  
1.70798  0.220706  3.65546  
1.24855  3.34754  0.604739  
0.189278  3.67258  2.76607  
1.93014  1.69816  0.364886  
1.18621  2.23189  3.97148  
1.32612  0.160494  4.82401  
1.77974  2.23338  0.575165  
0.1999  4.08841  0.252368  
0.100718  0.304297  6.08702  
1.99959  1.31676  0.373272  
2.03768  0.144368  0.257656  
1.40092  2.96524  0.248354  
0.298005  3.91804  1.7776  
0.167661  0.247487  6.0874  
1.85609  0.236225  2.93532  
1.02858  3.35983  2.25685  
0.56808  2.13891  4.97888  
0.65901  0.133288  5.8567  
0.402458  2.99864  4.12402  
0.836686  3.69707  1.46837  
1.86483  1.93665  0.587932  
1.96315  1.31651  1.53308  
0.178046  1.993  5.37446  
1.52784  0.388848  4.26791  
0.37405  2.82868  4.40388  
1.08567  2.46668  4.7766  
1.63753  2.64303  0.423019  
1.54442  2.54618  2.02786  
0.190513  0.181998  6.08703  
1.65558  1.5058  3.19719  
0.182218  3.3977  3.47213  
1.46098  1.44747  4.08223  
0.885585  2.05759  4.7929  
1.38146  2.71284  2.70997  
1.46161  0.722084  4.40561  
0.427194  0.589456  5.987  
1.06911  3.51678  1.40728  
1.82391  1.05084  2.81336  
0.291009  1.03707  5.89842  
1.57269  2.72505  1.33302  
1.95677  0.518986  2.34719  
1.85759  1.8255  1.36139  
1.73247  1.88187  2.41591  
1.05479  0.707232  5.30712  
1.86769  1.44654  2.12569  
1.68088  0.902048  3.57022  
1.84045  0.64201  3.09743  
0.996931  3.05049  3.96669  
0.209604  3.83493  2.25747  
0.224011  4.05577  1.14654  
1.44888  2.05971  4.67961  
0.214665  4.06315  0.983129  
1.25841  0.636581  5.1182  
0.22308  0.153685  6.11151  
1.62932  1.90751  3.91406  
0.532117  3.24715  4.06502  
1.15628  3.19565  3.50004  
0.902654  2.77706  4.78286  
1.30554  2.23613  3.77948  
0.387961  1.9185  5.38629  
1.20507  3.48405  1.47817  
0.638359  3.43834  3.38801  
0.505346  1.23349  5.84391  
0.231451  1.22675  5.99084  
1.34863  3.41828  0.411351  
1.01523  0.463326  5.45051  
0.527489  3.61105  3.15652  
1.6986  1.74239  2.90375  
1.77146  2.40432  1.65306  
1.79574  1.81109  2.29853  
1.2311  0.585731  5.14612  
1.33847  3.15335  2.17862  
1.70513  1.55365  2.90488  
1.64216  2.40643  1.68444  
0.833699  3.67916  1.89569  
0.251136  1.15805  5.98489  
0.242584  1.13235  5.98816  
1.5516  2.07916  3.58991  
0.220572  2.22655  5.30722  
1.19416  0.350831  5.22785  
1.0356  2.42516  4.1208  
1.13258  1.16735  5.12399  
0.417044  3.48468  3.44022  
0.188969  3.53903  3.13935  
0.288696  1.5055  5.68755  
1.60634  0.221823  4.16819  
1.55438  0.27087  4.24041  
0.183314  1.2271  5.93514  
1.71806  1.86684  2.39154  
1.54772  2.53689  2.01771  
1.55562  1.93681  3.15325  
1.01851  2.70329  3.726  
1.18732  2.23471  3.98078  
0.765305  3.383  2.8813  
0.684366  3.05691  3.72382  
1.23601  3.33831  1.14227  
1.86488  0.289817  2.87653  
0.693261  3.90689  0.4911  
1.65449  1.50927  3.19947  
0.39049  2.94638  4.05343  
1.30734  2.74506  2.73862  
1.46939  0.402528  4.43202  
0.293052  3.91536  1.77433  
1.4174  2.521  3.85775  
1.39259  2.95533  0.237965  
0.199862  4.08627  0.34751  
0.395421  0.587886  5.98241  
0.836608  3.69954  1.46982  
1.11503  1.80978  4.5838  
0.181371  3.38147  3.50629  
0.93845  1.08826  5.33035  
1.99956  1.31735  0.374715  
0.422641  4.03878  0.363964  
1.90552  0.37548  2.08605  
1.4467  1.43513  4.04119  
1.06322  3.50372  1.3963  
2.00347  0.329248  1.86093  
1.6551  0.211609  3.50039  
1.24912  1.43994  4.5642  
0.199897  4.08841  0.252325  
0.565426  2.13266  4.96912  
1.04964  0.656284  5.31548  
2.03592  0.142647  0.261865  
1.52679  0.348804  4.26882  
0.642297  0.359107  5.74753  
1.63856  2.63201  0.408477  
0.979303  0.126618  5.34529  
0.189003  3.67257  2.76497  
2.06825  0.742438  0.252491  
1.27053  1.46616  4.25727  
1.0211  3.34071  2.24489  
1.81715  1.8965  0.442693  
1.753  2.05602  1.75575  
0.375986  2.82621  4.40034  
0.60568  1.47016  5.53379  
0.834314  3.61789  1.88502  
1.54628  0.704876  4.13472  
0.884372  2.05708  4.79269  
1.56762  2.71287  1.24647  
0.899399  3.73958  0.75817  
0.732531  3.88201  0.431017  
1.24826  3.35187  0.589987  
0.543613  2.38554  4.82786  
1.77625  2.24037  0.569247  
0.145289  0.133617  6.04064  
0.287395  1.03834  5.89927  
1.96362  1.28482  1.29975  
1.95372  1.7131  0.344847  
0.282711  3.81231  2.24398  
1.80956  1.1388  2.77653  
0.684947  3.85975  1.12741  
0.182041  1.99226  5.37556  
1.85897  1.43635  2.10855  
1.82383  0.452292  3.06562  
0.199247  4.0007  1.35977  
0.53874  3.84413  1.74413  
1.345  2.70726  2.70186  
1.86667  1.82942  1.33354  
0.446267  3.63256  2.7353  
0.0788291  1.68023  5.48936  
1.92231  1.70606  0.610677  
0.199584  4.07423  0.625286  
1.94388  1.29824  1.54179  
0.393712  4.00861  0.968004  
0.283563  4.06147  0.654544  
1.37487  0.423321  5.02192  
1.10301  3.32524  3.19173  
1.80295  0.81916  2.60393  
1.87293  0.687435  2.01429  
0.29583  0.29881  5.96241  
0.722286  2.96123  3.54326  
0.598589  1.6091  5.27251  
1.67947  1.62646  2.65852  
0.54719  2.2629  4.88306  
0.98498  0.914286  5.24331  
1.7632  1.19447  2.38503  
1.633  1.11385  3.16179  
0.652329  3.25365  3.29095  
1.16197  2.46129  3.44796  
0.972199  0.0768399  5.31385  
0.890252  3.62363  1.2725  
1.86207  1.24484  1.44664  
1.89588  1.29097  0.845433  
1.99127  0.198257  0.914366  
1.78606  0.206278  2.84797  
1.93369  0.800226  1.24673  
1.5558  2.50642  0.754052  
1.20889  2.61206  2.84708  
1.73853  0.507611  2.9566  
0.640594  3.79968  0.401462  
0.717054  3.29607  2.78249  
0.354705  2.91506  4.00636  
1.16575  3.20171  1.13451  
0.64065  2.97174  3.62072  
1.72888  1.084  2.69756  
1.19011  1.38926  4.46301  
1.45134  0.353492  4.13551  
1.63973  1.79474  2.30916  
0.522914  2.09134  4.90125  
1.78368  1.79583  0.833358  
1.28957  2.56084  2.58111  
1.91887  0.11213  1.78001  
1.12296  2.15806  3.84656  
0.101728  0.134602  6.00732  
1.85002  0.543555  2.23399  
0.229967  3.82388  1.71224  
1.70251  2.15673  0.178381  
1.64257  0.188688  3.55663  
0.77953  3.51213  1.81052  
1.56256  1.45141  3.08481  
1.55517  2.54151  0.365935  
0.486204  3.75917  1.68787  
0.180178  1.93536  5.26738  
1.81877  1.04789  2.00138  
1.37306  2.95172  0.21358  
0.041517  1.28259  5.69263  
0.956478  2.60896  3.60375  
2.00676  0.115369  0.252123  
0.632208  3.74924  1.05954  
0.799196  3.6853  0.187768  
1.01988  3.44127  0.579495  
0.39925  3.52414  2.64396  
0.110949  0.111097  6.00909  
1.2679  0.0850272  4.65992  
2.04432  0.230934  0.207772  
0.992003  0.677035  5.15579  
1.83527  1.63507  0.568622  
0.111786  3.9988  0.194835  
0.957173  3.23005  2.15995  
1.91178  1.23029  0.1815  
1.32873  2.83163  1.74514  
0.129427  3.57981  2.68481  
1.18221  3.24553  0.537174  
0.122109  3.39724  3.2447  
1.76341  0.173012  2.88303  
0.895629  0.683516  5.29076  
1.94765  0.960368  0.551519  
0.332396  2.76143  4.31117  
0.661315  0.32855  5.66476  
0.911272  0.382086  5.35287  
0.573121  1.41335  5.39959  
1.37698  1.37031  3.92611  
1.67047  1.985  1.79562  
1.46718  2.43321  1.93609  
0.83236  1.99558  4.68242  
1.47899  1.86228  3.04746  
1.97983  0.588438  0.433325  
1.38606  0.659165  4.26412  
1.77786  1.77348  1.13494  
0.505006  2.32822  4.73195  
1.0032  3.40255  1.33601  
1.48103  2.59639  1.25634  
0.247517  0.995108  5.79609  
1.96442  0.289808  1.32125  
1.60238  0.852841  3.44039  
1.87184  1.22999  1.22624  
0.377264  0.545615  5.85004  
0.874031  1.10821  5.16554  
0.243475  3.71621  2.16935  
1.23898  0.0920324  4.78207  
0.156263  3.92397  1.29887  
1.77647  1.37149  2.02779  
0.376214  3.90822  0.930086  
1.34363  2.97601  0.650674  
1.99118  0.65446  0.212925  
1.67139  2.12167  1.1794  
0.842741  3.62971  0.702093  
1.97614  0.618621  0.434773  
1.96544  0.650647  0.668714  
1.94212  0.571932  1.23926  
1.7686  0.314574  2.80703  
1.84876  1.22991  1.45792  
1.89618  0.327374  1.90367  
1.55029  2.49411  0.781995  
0.239598  3.95763  0.608609  
0.870759  3.6158  0.187684  
0.371636  3.88967  0.923109  
1.87895  1.29725  0.825443  
1.89158  0.628761  1.76186  
1.99582  0.37251  0.196725  
1.76193  1.84002  0.820739  
1.60964  0.170243  3.58349  
0.836668  3.61315  0.714133  
0.62928  3.73977  1.06126  
1.99126  0.084157  0.765809  
1.83531  0.635969  2.22468  
1.15998  3.18555  1.13355  
1.83367  1.60852  0.319008  
1.81996  1.03848  2.00117  
0.638026  3.78903  0.441069  
0.252016  3.81725  1.71092  
1.68051  1.83382  1.80491  
1.17598  3.2296  0.547334  
0.634474  2.95254  3.60598  
0.89404  0.679281  5.29731  
0.56669  1.40048  5.37146  
1.33481  2.95144  0.76702  
0.988494  0.653974  5.15061  
1.56941  1.43053  3.07636  
1.9642  0.0842539  1.24695  
1.37004  2.92308  0.267202  
1.93092  1.02164  0.559889  
1.25478  0.0712014  4.68865  
1.46973  1.84213  3.02689  
0.158335  3.89881  1.30176  
0.351071  2.90512  4.00684  
2.00719  0.0278107  0.175899  
0.954598  2.59774  3.59994  
0.709085  3.26789  2.77881  
0.870331  1.10234  5.15996  
0.109868  3.99798  0.184625  
1.72478  0.571325  2.94237  
1.76395  0.17966  2.85105  
1.86679  1.21965  1.23013  
0.178172  1.92174  5.24827  
0.810055  3.66299  0.182247  
1.4492  0.33273  4.12998  
0.128577  3.37453  3.22754  
1.76771  1.9092  0.196582  
1.91771  0.0833003  1.76298  
1.01667  3.4331  0.576916  
0.95562  3.2249  2.1558  
1.55612  2.51892  0.37224  
0.0888283  0.143367  5.99854  
1.62926  0.162484  3.51232  
1.68098  2.18653  0.193914  
0.0373876  1.23017  5.71624  
0.137123  3.57515  2.68327  
1.11545  2.13757  3.84062  
1.22591  2.64965  2.64014  
0.101423  0.0979291  5.99889  
0.519357  2.08245  4.89721  
0.332434  2.73781  4.28424  
1.90638  1.23453  0.187659  
1.17982  1.35319  4.42453  
0.816386  1.96703  4.63333  
1.83722  0.0795325  2.41429  
0.659665  0.321754  5.65589  
1.1827  0.0672861  4.85435  
1.3729  1.36635  3.9188  
1.46275  2.42959  1.92861  
0.497117  2.30203  4.69774  
1.9766  0.654328  0.193255  
1.71457  1.06886  2.67584  
1.37964  0.673914  4.25035  
1.31649  2.80634  1.72652  
0.774813  3.49629  1.80321  
1.47853  2.58805  1.24984  
1.34398  2.97164  0.304514  
0.241829  0.98621  5.78206  
1.86372  0.0803221  2.24042  
1.78768  1.7764  0.706938  
1.28163  2.56736  2.56729  
1.6623  2.10542  1.18484  
1.62858  1.77701  2.29459  
0.377196  0.537305  5.84949  
0.245432  3.71429  2.16892  
0.372196  3.93046  0.30615  
1.76962  1.35977  2.0177  
1.59454  0.837155  3.43171  
0.483705  3.72643  1.67405  
0.993505  3.36894  1.31771  
1.20292  2.60008  2.83655  
0.399093  3.51247  2.63875  
1.6497  1.95376  1.7759  
1.91848  0.788821  1.30216  
1.7538  1.75339  1.2793  
0.674157  3.76978  0.249843  
1.88693  1.30263  0.673409  
1.90786  0.638352  1.62867  
1.85785  1.23676  1.32038  
0.373054  3.90388  0.778841  
1.92923  0.79446  1.15827  
1.98738  0.185287  0.771605  
1.85446  0.0681208  2.29364  
1.55471  2.5014  0.635488  
1.91214  0.324756  1.77095  
1.33908  2.96079  0.623035  
1.85466  0.597277  2.10011  
0.630818  3.75681  0.917315  
1.16463  3.19858  0.991018  
1.66984  2.11498  1.04096  
1.76269  1.75997  1.13909  
1.67452  2.19599  0.371613  
1.00017  3.39185  1.1738  
1.66137  1.96914  1.6334  
1.97406  0.995253  0.0601906  
0.488902  3.7504  1.53615  
0.252992  3.83886  1.5578  
1.96748  0.0843078  1.16911  
1.95367  0.574699  1.09721  
0.639591  3.79752  0.299602  
0.715478  3.30038  2.65794  
1.47202  0.349125  4.0584  
1.17801  3.23519  0.403941  
1.8772  1.22617  1.07438  
0.181743  1.96393  5.21338  
1.61878  0.842568  3.33426  
1.29603  2.60091  2.45063  
0.642191  3.00009  3.51716  
1.48657  1.8654  2.91439  
1.78076  1.79146  0.678016  
1.58799  1.44376  2.96363  
1.2386  2.67671  2.51424  
1.00795  0.675985  5.10261  
1.96093  0.835623  0.204915  
0.968203  2.63317  3.49947  
1.98467  0.583994  0.175682  
1.01719  3.44338  0.434365  
0.038963  1.2821  5.69085  
0.0109422  0.0119766  6.01005  
1.98766  0.874304  0.0644177  
1.68277  0.183208  3.26421  
0.507998  2.34702  4.63903  
0.130454  3.61694  2.5655  
2.00362  0.155061  0.163133  
1.36959  2.94154  0.0521847  
1.69648  2.13572  0.244944  
1.79509  0.327189  2.64751  
1.20009  1.39236  4.35214  
0.158461  3.91948  1.16023  
1.90584  1.24827  0.177485  
1.28353  0.0871859  4.62003  
1.55518  2.52992  0.222843  
1.83391  1.04578  1.85932  
1.83567  0.0844182  2.42441  
2.00452  0.0943719  0.162762  
0.911244  0.702826  5.25307  
0.394169  3.55505  2.52134  
0.529536  2.12482  4.84647  
0.112258  4.00077  0.164742  
0.795561  3.66546  0.459349  
0.580795  1.43014  5.35583  
0.675459  0.331977  5.64294  
0.965672  3.25523  2.01935  
0.338084  2.78535  4.20588  
2.00365  0.805318  0.113729  
1.38975  1.38302  3.81778  
1.87751  0.0767773  2.11974  
1.20659  0.0832529  4.80256  
0.114557  3.41845  3.11992  
1.40587  0.678341  4.18135  
1.47435  2.44957  1.79472  
0.245779  1.0096  5.76771  
0.11012  3.99582  0.282539  
1.93488  1.02364  0.405097  
1.83713  1.61139  0.175717  
1.92942  0.173328  1.63013  
0.778458  3.52741  1.67312  
0.840594  3.62692  0.557437  
1.32594  2.82654  1.59504  
1.21695  2.62979  2.71271  
1.74511  0.584757  2.826  
1.48925  2.60114  1.09284  
0.384742  0.555037  5.84309  
1.69223  1.84628  1.67011  
1.35383  2.99023  0.0553229  
1.1358  2.17249  3.76113  
1.73585  1.07654  2.5603  
0.888451  1.12692  5.12557  
0.83738  2.00354  4.57423  
1.63187  0.164383  3.49042  
1.64413  1.79397  2.16468  
0.246156  3.74145  2.02756  
1.77865  1.36594  1.87761  
0.356179  2.95109  3.92706  
0.359032  3.94173  0.173938  
2.00424  0.0909523  0.176068  
1.9518  0.575097  1.09531  
1.88296  1.29906  0.690371  
0.644332  2.99592  3.50828  
1.33856  2.95994  0.62491  
1.76614  1.84462  0.675163  
1.5534  2.49869  0.648387  
0.373369  3.90436  0.777971  
1.85772  1.23686  1.32177  
1.67401  2.19624  0.366007  
1.9867  0.18511  0.77257  
1.76125  1.76088  1.1369  
1.90366  0.637497  1.62191  
0.6323  3.75403  0.92233  
1.1644  3.19799  0.989113  
1.92897  0.794652  1.16196  
1.66099  1.96882  1.63406  
0.15977  3.91925  1.15608  
1.85435  0.0808411  2.29357  
0.580004  1.4309  5.3402  
1.78225  1.78206  0.678212  
1.1776  3.2345  0.409506  
0.180321  1.96364  5.21132  
1.90906  0.329734  1.76694  
0.647293  2.98038  3.52441  
1.12836  2.1774  3.7553  
0.528983  2.12465  4.84492  
1.83651  1.61058  0.17209  
0.999208  3.38898  1.18719  
1.7975  0.298678  2.64431  
0.715565  3.30015  2.65665  
0.967481  2.63088  3.49529  
0.0388357  1.28642  5.68829  
0.136847  3.61429  2.56282  
1.47434  0.349582  4.05074  
0.384784  0.555099  5.84305  
0.253245  3.83586  1.57082  
1.98203  0.624708  0.167083  
1.36881  2.94075  0.0509281  
0.778847  3.52134  1.66537  
2.02505  0.145477  0.0562964  
1.852  0.636139  2.09574  
1.95171  1.17604  0.0523864  
0.836607  2.00231  4.56855  
1.89903  0.0816705  1.93691  
1.20665  0.0818389  4.80261  
0.111152  3.99966  0.163738  
0.129777  3.4166  3.11708  
2.00335  0.156162  0.162904  
1.66975  2.11482  1.04252  
0.63888  3.79394  0.299526  
0.0108375  0.0117499  6.01005  
0.838955  3.62054  0.565563  
0.933422  0.0822927  5.31928  
1.06042  3.42912  0.0327306  
1.23773  2.67572  2.5206  
2.01232  0.0638421  0.214113  
1.58635  1.44755  2.96518  
1.25739  1.45757  4.16287  
1.7606  1.91817  0.253052  
1.68551  0.110238  3.25967  
0.337154  2.78416  4.20578  
1.6179  0.836834  3.33153  
2.0248  0.145192  0.0877222  
1.55676  2.52069  0.222366  
1.96748  0.084413  1.16911  
1.92929  0.174365  1.62632  
1.69172  1.84623  1.66345  
0.888954  1.11499  5.11993  
0.675452  0.332487  5.64264  
1.48601  1.86463  2.91022  
1.00744  0.674932  5.09941  
1.21625  2.62845  2.71838  
1.87598  1.22576  1.0861  
1.38888  1.38267  3.81542  
1.69165  2.14225  0.356222  
0.507564  2.34667  4.63737  
1.20006  1.39187  4.35128  
1.32401  2.82258  1.59198  
1.47447  2.44928  1.79472  
1.63159  0.177792  3.49095  
1.40461  0.68797  4.17678  
1.93488  1.02253  0.412785  
1.83267  1.04633  1.86354  
0.248453  1.00998  5.76491  
0.962869  3.24786  2.02306  
1.48429  2.59846  1.09932  
1.96507  0.338588  1.0831  
1.73292  1.0804  2.55475  
1.29627  2.59771  2.44643  
0.109817  3.99476  0.306354  
1.8961  1.29965  0.250312  
1.64216  1.79196  2.16692  
1.77733  1.3673  1.87677  
1.74514  0.584291  2.82523  
0.247031  3.73959  2.03439  
0.373809  3.93661  0.170988  
1.34874  2.98297  0.152386  
0.489479  3.75046  1.53512  
0.401564  3.55029  2.51663  
1.99558  0.372016  0.241735  
0.243602  3.96325  0.45743  
1.55434  2.49855  0.64739  
1.98882  0.699715  0.0534441  
1.76606  1.84457  0.675684  
1.95006  0.573767  1.09057  
1.85765  1.22293  1.32011  
0.373266  3.90446  0.776458  
1.33718  2.95682  0.623626  
1.67421  2.19658  0.370013  
1.88262  1.29992  0.688736  
1.90892  0.328889  1.76549  
1.85449  0.0806925  2.29168  
1.76115  1.76162  1.13628  
1.16495  3.19815  0.988958  
1.90354  0.637457  1.62187  
1.66943  2.11458  1.04081  
1.85167  0.64213  2.09428  
1.92896  0.794705  1.16196  
0.962738  3.2481  2.02183  
1.55907  1.49166  3.05242  
1.17765  3.23495  0.408116  
1.83631  1.6116  0.175036  
0.911372  0.698289  5.24891  
0.253128  3.83589  1.57082  
1.20026  1.39159  4.35061  
1.73315  1.07984  2.55373  
1.93073  0.083949  1.62796  
1.47433  0.349666  4.05074  
0.967522  2.63133  3.49445  
1.04486  3.44047  0.0449616  
0.130265  3.41748  3.11648  
0.638926  3.79421  0.298083  
1.23931  2.66981  2.50977  
0.0388224  1.2865  5.68822  
0.110899  3.99941  0.163326  
1.21512  2.62635  2.71057  
0.179853  1.96384  5.21055  
0.248949  1.01006  5.76442  
0.838669  3.62032  0.546132  
1.36645  2.9468  0.046874  
1.69213  1.8466  1.65875  
2.0156  0.12463  0.0588444  
0.52942  2.125  4.84426  
2.01494  0.123602  0.109843  
0.0108375  0.0117499  6.01005  
1.98678  0.185956  0.772478  
0.715829  3.30041  2.65547  
1.94946  1.17378  0.0495644  
1.65158  0.163386  3.39968  
1.66108  1.96841  1.63707  
0.336562  2.78395  4.20501  
1.20685  0.0824721  4.80203  
1.34767  2.98189  0.152888  
1.34546  0.0920962  4.45848  
1.55651  2.52066  0.2225  
0.580121  1.43088  5.3399  
1.78893  0.0946098  2.71881  
1.76022  1.92027  0.246909  
2.00288  0.0839056  0.287612  
0.507143  2.34467  4.63194  
1.83262  1.04622  1.86352  
1.64233  1.7925  2.16628  
0.138114  3.61411  2.56205  
1.87456  1.22452  1.078  
0.64709  2.9805  3.52202  
0.159955  3.91925  1.15764  
0.778676  3.52082  1.66691  
1.29532  2.59729  2.44411  
0.37623  3.93577  0.165283  
0.836756  2.00216  4.56793  
1.32416  2.82206  1.59122  
0.675535  0.33156  5.64181  
0.632319  3.75417  0.920239  
1.38878  1.383  3.81496  
1.90375  1.24381  0.245951  
1.69132  2.1423  0.370367  
0.888835  1.12073  5.11775  
1.47271  2.44643  1.78531  
1.97147  0.0845104  1.10546  
1.40467  0.688717  4.17584  
1.63225  0.178411  3.48964  
1.48632  1.86418  2.90952  
1.97884  0.621573  0.204514  
0.246906  3.73944  2.03514  
1.78179  1.78147  0.681108  
0.999127  3.38908  1.18642  
1.48386  2.59765  1.10491  
1.00734  0.678962  5.09749  
0.384784  0.555099  5.84305  
1.58838  1.44304  2.96196  
1.93461  1.0228  0.411273  
0.109797  3.99474  0.306414  
1.77728  1.36807  1.87603  
1.87682  0.081241  2.12322  
1.61671  0.851139  3.32766  
0.489795  3.75062  1.53382  
1.12758  2.17913  3.75514  
1.74492  0.589999  2.82344  
0.403215  3.54944  2.51483  
1.76603  1.84454  0.673517  
1.33709  2.95663  0.623707  
1.95029  0.570996  1.09348  
1.88239  1.29977  0.688598  
1.85621  1.23134  1.31954  
1.90892  0.328881  1.76548  
1.98669  0.185862  0.772383  
1.85449  0.0806925  2.29168  
1.67421  2.19658  0.370021  
1.76122  1.76079  1.12766  
0.63171  3.7527  0.920441  
1.90353  0.637376  1.62179  
1.16495  3.19815  0.988963  
1.85123  0.643602  2.09379  
1.92896  0.794705  1.16196  
1.6694  2.11454  1.0408  
1.94536  1.1697  0.048193  
1.66086  1.96818  1.63683  
1.93458  1.02267  0.411052  
1.69083  1.84523  1.66419  
0.891589  3.60438  0.0367114  
0.638896  3.79416  0.298189  
1.19982  1.39301  4.34901  
2.01193  0.124853  0.0532087  
0.179744  1.96386  5.21039  
0.999113  3.38905  1.18646  
0.642775  2.99545  3.50632  
2.00275  0.0841224  0.295914  
1.87397  1.22435  1.08465  
1.78142  1.7812  0.680708  
0.248962  1.01016  5.76437  
0.967517  2.63132  3.49444  
0.765104  3.5321  1.67285  
1.23643  2.67244  2.51479  
0.0388707  1.28851  5.6872  
1.12758  2.17913  3.75514  
0.109785  3.99473  0.306331  
1.9305  0.0814629  1.62895  
0.386121  0.554749  5.83587  
1.55646  2.5206  0.222661  
1.47446  0.349696  4.05031  
0.888633  1.12447  5.11657  
1.83473  0.0776827  2.42889  
1.58665  1.44821  2.96285  
0.138108  3.61448  2.56078  
1.34731  2.97872  0.153249  
0.121311  4.01096  0.064337  
2.01148  0.120145  0.0890177  
1.97771  0.622872  0.27265  
1.68262  0.16338  3.25949  
0.253087  3.83628  1.56847  
0.357382  2.95261  3.92156  
1.69435  2.13505  0.239101  
1.61647  0.850597  3.32707  
0.529214  2.12481  4.84382  
0.373495  3.90389  0.773766  
0.507084  2.34417  4.63101  
1.17765  3.23494  0.40816  
0.911131  0.702165  5.24733  
1.28162  0.0879715  4.62377  
0.159547  3.91883  1.15734  
1.4047  0.688663  4.17555  
1.8767  0.081386  2.12265  
1.99852  0.492122  0.0421581  
1.66262  2.32223  0.0441391  
0.580177  1.43077  5.33948  
0.71577  3.30035  2.65541  
1.20686  0.0820068  4.80169  
1.83249  1.04617  1.86338  
1.96248  0.80333  0.203802  
0.836628  2.00286  4.56729  
1.32413  2.82203  1.59118  
0.0108375  0.0117499  6.01005  
0.337335  2.78436  4.20444  
0.675502  0.332969  5.64166  
1.63144  0.147102  3.4883  
1.48629  1.86422  2.90958  
1.38816  1.38093  3.81115  
0.131062  3.41677  3.11584  
1.64232  1.7921  2.1658  
1.36558  2.94591  0.0542711  
1.79404  0.316146  2.64371  
1.47209  2.44541  1.79088  
0.962519  3.24786  2.02169  
1.83638  1.6112  0.176105  
1.48379  2.59751  1.10474  
0.838486  3.61928  0.564054  
1.00721  0.679578  5.0968  
0.376136  3.93485  0.171151  
2.01134  0.120023  0.116067  
1.73275  1.08027  2.55246  
1.29492  2.59487  2.44243  
1.97125  0.0826636  1.10473  
1.77727  1.36829  1.87582  
0.246906  3.73944  2.03514  
1.74473  0.590537  2.82312  
0.489729  3.75055  1.53373  
0.403202  3.54943  2.51482  
1.90158  1.262  0.164739  
1.21491  2.62588  2.71155  
0.120051  4.0089  0.0752993  
1.85587  1.23295  1.32118  
0.241084  3.96412  0.455986  
1.78242  0.337838  2.70186  
1.90854  0.330078  1.76698  
1.67286  2.19559  0.370214  
1.8539  0.0780562  2.29419  
1.98529  0.183363  0.772969  
0.629686  3.75426  0.917464  
1.16312  3.20175  0.982819  
1.63034  0.164275  3.49164  
1.76526  1.84649  0.676506  
1.92618  0.792515  1.16208  
0.835643  3.62227  0.561392  
1.66724  2.1152  1.03953  
1.90334  0.638292  1.62277  
1.90247  1.282  0.238027  
1.88225  1.30058  0.689651  
1.65834  1.97046  1.63832  
0.249315  3.83738  1.56744  
1.83224  1.04759  1.86354  
0.636293  3.79411  0.295353  
1.17591  3.2375  0.408085  
1.79924  0.0784809  2.65687  
1.93037  0.0836631  1.63077  
1.23592  2.67283  2.51555  
0.996318  3.38812  1.18133  
1.83596  1.61311  0.176114  
0.960823  3.24878  2.02074  
1.00532  0.681549  5.10037  
0.641314  2.99363  3.50469  
0.672954  0.330133  5.64258  
1.01722  3.44069  0.431433  
0.812349  3.68273  0.0311581  
1.69425  1.8609  1.64438  
1.55579  2.52215  0.224669  
1.76056  1.76152  1.13704  
0.527371  2.12767  4.84909  
1.38683  1.38227  3.8148  
0.134287  3.61524  2.56222  
1.36529  2.94565  0.0572551  
1.79049  1.8756  0.0396595  
2.00954  0.146114  0.0533126  
0.120055  4.00905  0.0446365  
0.0594105  4.00263  0.165638  
1.27792  0.0879316  4.63296  
0.713277  3.30162  2.65646  
0.909076  0.701388  5.25084  
0.154761  3.91941  1.15769  
0.964868  2.63245  3.49596  
0.0108375  0.0117499  6.01005  
1.40339  0.688685  4.17968  
0.0315138  2.82246  4.26455  
1.93054  1.23176  0.0359328  
1.65008  0.162375  3.40218  
2.00274  0.0858984  0.295244  
1.85086  0.645531  2.09573  
1.69114  2.15235  0.243704  
1.48308  2.59852  1.10683  
2.01058  0.119229  0.0856915  
1.58644  1.44898  2.96326  
1.47235  0.330651  4.0512  
0.179654  1.96381  5.21028  
1.19822  1.39262  4.35282  
0.8346  2.00395  4.57068  
1.61551  0.853381  3.32983  
1.06126  2.23538  3.84494  
1.48513  1.86671  2.91252  
0.113781  3.41863  3.11751  
0.24571  1.01045  5.76631  
1.20522  0.0830749  4.80484  
0.504592  2.3447  4.63197  
1.47102  2.4481  1.79189  
0.030247  2.66833  4.48214  
1.64145  1.7943  2.16837  
1.74411  0.590791  2.82642  
1.96181  0.809187  0.195603  
1.29304  2.59693  2.44439  
0.577905  1.42761  5.34434  
1.21313  2.62798  2.71556  
0.777275  3.52237  1.6669  
1.93451  1.02269  0.411168  
1.87355  1.22584  1.08686  
0.334321  2.78636  4.20749  
1.73265  1.08002  2.55251  
0.183758  1.48871  5.55337  
1.87621  0.0807399  2.12509  
1.32289  2.82495  1.59276  
0.383828  0.554512  5.83687  
0.886403  1.12577  5.11915  
2.01041  0.119102  0.121184  
1.34614  2.98011  0.148346  
1.12758  2.17913  3.75514  
0.37373  3.93576  0.171485  
1.97119  0.0826611  1.10576  
1.77672  1.36951  1.87888  
0.24295  3.74035  2.03508  
0.484457  3.75282  1.5346  
0.401726  3.54943  2.51481  
1.9773  0.623972  0.289928  
