2.02314  2.75047  
1.22126  3.76315  
1.57142  3.41187  
2.00807  2.65425  
1.05396  4.17795  
1.66744  3.74763  
1.22984  3.90643  
1.07874  4.27019  
0.920927  4.13554  
0.916337  4.17919  
0.747543  4.25684  
1.94358  2.72017  
1.33209  3.90705  
1.54375  3.83179  
1.62059  3.25713  
1.47013  3.6654  
1.10187  4.18836  
0.985576  4.07877  
1.71086  3.24379  
1.17675  4.00045  
0.938361  4.18218  
0.821365  4.20172  
1.26478  4.11225  
1.27215  3.81586  
1.77005  3.35823  
1.48124  3.50183  
1.5268  3.56723  
1.23629  3.77906  
1.20012  3.91455  
1.96065  2.90214  
1.57313  3.77927  
1.49251  3.73508  
1.62658  3.52234  
1.56952  3.7095  
1.26816  3.95564  
1.39174  3.82108  
1.53972  3.61486  
1.08826  4.3792  
1.14647  3.97163  
1.12096  4.20986  
1.38228  3.53452  
1.36717  4.01688  
1.75396  3.13644  
1.71914  3.34319  
1.5825  3.51971  
1.47018  3.6404  
1.71984  3.3877  
0.836656  4.11313  
1.05518  4.11114  
0.869816  4.27283  
1.75849  3.43076  
1.05292  4.04018  
0.950233  4.21054  
1.42237  3.64115  
1.5051  3.92891  
1.50119  3.67563  
1.08565  4.02442  
1.37134  3.80828  
1.81905  3.08249  
1.40912  3.68679  
1.6255  3.37375  
1.03696  4.15718  
1.11676  4.04566  
1.54504  3.4269  
1.74025  3.21753  
1.7553  3.38702  
1.42431  3.39062  
1.10634  3.82629  
1.90949  3.08995  
2.05037  2.4386  
1.88096  3.14617  
2.0608  2.35483  
1.32414  3.86807  
2.07292  2.78997  
1.06205  4.09146  
1.41443  3.8874  
1.51686  3.80487  
1.19523  4.11435  
1.70268  3.35366  
1.40403  3.64981  
1.08606  3.80991  
1.15196  4.16572  
1.01011  4.14698  
0.991933  4.17719  
1.34472  3.73566  
1.25129  4.0562  
1.47699  3.61678  
1.77102  3.27856  
1.74039  3.24327  
1.03996  4.15166  
1.09568  4.05055  
1.15526  4.10204  
1.16945  3.9915  
0.764735  4.28269  
1.71102  3.31996  
1.01508  4.10102  
1.43579  3.89161  
1.50526  3.34504  
0.881269  4.26629  
1.42878  3.95187  
0.995898  4.09724  
1.17235  4.00038  
1.17857  3.98279  
1.33222  3.86041  
1.86704  2.72233  
1.30457  3.82294  
1.34283  3.97407  
1.37517  3.70522  
1.20678  3.92581  
1.32663  3.87211  
1.91056  3.25701  
1.39524  3.77574  
1.71865  3.21885  
0.909896  4.19938  
1.697  3.33973  
1.1463  3.7769  
1.81654  2.98505  
1.19893  4.0197  
1.21486  3.94662  
1.34106  3.86925  
1.48701  3.69929  
1.89598  2.93113  
1.20219  4.00641  
1.68222  3.30397  
1.10717  3.8823  
1.26756  3.8823  
1.80048  2.85099  
1.8962  2.84211  
1.79492  3.02185  
0.901691  4.13689  
1.71171  3.28306  
1.04761  3.99612  
2.00056  0.000559885  
1.24771  3.96675  
1.81747  2.97386  
0.758199  4.25828  
1.55512  3.46076  
1.49687  3.62218  
0.989405  4.04114  
1.38124  3.8744  
1.35858  3.74679  
1.04382  3.89058  
1.80623  2.4183  
2.00832  2.28727  
0.523134  4.38539  
1.18877  3.9639  
0.894939  4.02587  
1.93995  2.32147  
1.11478  3.88991  
1.48375  3.05941  
1.34719  3.7354  
1.93545  2.16842  
1.74069  2.94206  
0.17938  4.14134  
1.67344  3.21346  
1.28048  3.83281  
2.17313  2.1306  
1.7001  3.02415  
1.69338  3.20745  
2.05339  2.55658  
1.05625  4.00477  
1.55594  3.46159  
1.71535  3.21555  
1.36481  3.86988  
1.39403  3.8991  
1.49843  3.62374  
1.99594  3.04944  
1.76849  3.18489  
1.48886  3.70114  
1.40224  3.8609  
1.31133  3.99675  
1.61255  3.44846  
1.94225  2.15419  
1.25399  4.08529  
1.37311  3.74489  
1.53912  3.65825  
1.24195  4.11922  
1.38124  3.8744  
1.7813  3.19771  
1.84216  3.2804  
1.71923  3.21943  
1.71588  3.21608  
1.72648  3.22668  
1.76767  3.18407  
1.12819  4.12773  
1.57375  3.51218  
2.06101  2.56  
1.30913  3.8275  
1.54176  3.53569  
1.60324  3.5376  
1.50959  3.69359  
1.24915  3.98454  
1.28008  3.6614  
1.58231  3.55068  
1.30258  3.92667  
1.26457  3.85785  
1.07649  3.99807  
1.42205  3.66951  
1.19713  3.96177  
1.71906  3.28174  
2.01128  1.95804  
0.960692  3.91779  
1.50081  3.34711  
1.2371  3.75267  
0.989668  3.94114  
1.98587  1.77408  
1.78422  2.44123  
1.98028  1.7685  
1.26239  3.75162  
1.54695  3.2429  
1.93753  2.29229  
1.07156  3.7798  
1.92894  2.16828  
1.76072  3.18827  
0.955986  4.00563  
0.90508  4.0005  
1.39756  3.34791  
1.39563  3.6833  
1.17263  3.95046  
1.79032  2.8476  
1.47894  3.42467  
0.808557  3.88384  
1.306  3.50498  
1.99208  1.87556  
1.75408  2.56684  
1.67744  3.06462  
1.2083  3.57011  
1.45239  3.16251  
1.66804  2.78176  
1.74877  2.73004  
1.96748  1.9287  
1.42555  3.25727  
0.807157  3.99371  
1.98896  1.87122  
0.902647  3.97961  
1.79385  2.40581  
1.39937  3.48113  
2.03306  2.09939  
1.2045  3.37076  
1.88446  2.12443  
1.06257  3.77279  
0.584122  4.21383  
2.04125  2.10759  
0.954256  3.65169  
2.08661  0.20372  
1.80753  2.23505  
2.00017  0.000301585  
0.626561  4.06582  
0.7002  3.97579  
1.9082  1.93343  
1.43013  2.83143  
1.88334  2.1233  
0.579225  4.20893  
1.41926  3.39452  
1.7906  2.41288  
0.0508137  4.04416  
0.679007  4.25525  
1.66096  2.5379  
1.76265  2.68765  
1.72281  2.48139  
1.15082  3.61791  
2.04141  2.00226  
0.907721  3.83378  
1.33153  3.3057  
1.6174  2.80505  
0.899975  3.82603  
1.60943  3.11284  
1.62405  3.08683  
1.86402  2.48231  
1.90282  2.31658  
1.65456  2.9024  
2.05994  1.84815  
0.911569  3.83238  
0.804008  4.04637  
2.04098  2.00183  
0.896638  3.9736  
1.71443  2.77766  
0.903447  3.98041  
1.92857  2.264  
1.99208  1.87556  
0.636724  4.15324  
1.46935  3.27776  
1.99378  1.87726  
1.87066  2.62867  
1.93658  2.47392  
1.77316  2.58592  
1.26658  3.57989  
1.28256  3.54174  
0.70722  4.06785  
1.86613  2.48442  
1.22069  3.66941  
0.901289  3.97826  
1.86725  2.18762  
1.60982  3.25998  
0.987663  3.89264  
1.94418  2.48152  
1.08214  3.92856  
1.2618  3.63956  
1.77667  2.58944  
2.048  2.00886  
0.928329  3.59271  
1.97674  1.49175  
0.767341  3.84378  
1.38667  3.25183  
2.08098  0.0811098  
0.829768  3.86958  
1.74975  2.43281  
2.06768  0.968969  
1.41533  3.03728  
0.868513  3.80522  
1.36689  3.18882  
1.60346  2.79975  
1.41533  3.18784  
1.44474  3.17833  
1.04604  3.82108  
1.36412  3.16395  
1.08722  3.69218  
0.798953  3.83876  
2.09133  0.0914539  
0.912492  3.84413  
1.29654  3.30082  
0.333253  4.09466  
0.615113  3.9203  
1.92751  1.63015  
1.68047  2.36353  
0.00235932  4.00046  
0.84602  3.76742  
1.8506  1.56472  
1.33958  3.14407  
0.997422  3.59006  
1.16668  3.41654  
0.52611  3.98966  
1.54687  2.73823  
0.909483  3.69435  
0.713958  3.7904  
1.14508  3.43694  
0.888086  3.71681  
1.60261  2.73635  
1.40108  2.96003  
2.00008  0.000212682  
0.925424  3.67872  
1.57091  2.63332  
1.93466  1.04077  
1.35861  3.08088  
1.38744  3.14133  
1.01664  3.46793  
0.934397  3.77043  
1.44273  2.7706  
1.58996  2.61722  
1.60957  2.37903  
0.949071  3.71149  
0.853862  3.72175  
1.69939  2.11118  
1.1693  3.31803  
0.95171  3.61609  
1.78196  1.81681  
1.25653  3.15611  
1.95563  0.844299  
0.54318  3.93699  
1.48749  2.86256  
1.28806  3.32614  
1.86068  1.75869  
0.720786  3.91191  
1.04152  3.57798  
2.00146  1.01957  
0.979101  3.65641  
1.62019  2.55407  
1.69766  2.66192  
1.29292  3.24345  
2.04244  0.769227  
0.812056  3.81611  
1.80226  2.03014  
1.93632  1.46571  
0.596802  3.98541  
1.70633  2.40723  
1.20691  3.39591  
1.90434  1.2229  
1.41955  3.02557  
1.2543  3.35114  
1.35921  3.15903  
0.86519  3.77042  
1.15407  3.51937  
1.60081  2.73455  
1.98527  1.3612  
1.24144  3.36584  
0.904211  3.74024  
1.83576  1.96227  
1.83485  1.97268  
1.95624  1.44645  
0.96762  3.68237  
1.48605  2.94792  
1.36793  3.01124  
1.38735  3.15871  
0.798929  3.83874  
1.44041  3.00838  
0.852696  3.78433  
2.0515  1.11297  
0.734711  3.96348  
1.44573  3.0137  
1.83959  1.97742  
1.76677  2.03327  
0.99492  3.5235  
1.59289  2.45437  
1.19766  3.21921  
0.224325  4.03926  
1.86676  1.6207  
1.52876  2.61097  
1.22556  3.19038  
1.67936  2.17233  
0.691318  3.76913  
1.0114  3.47337  
0.969915  3.51172  
0.959766  3.5228  
1.32767  2.99814  
1.37013  2.91432  
1.17769  3.26099  
1.32586  3.01903  
1.86903  1.52669  
1.21252  3.1973  
1.72895  2.0435  
1.09251  3.37064  
0.544399  3.86523  
1.3756  2.9036  
0.828858  3.6602  
1.40924  2.83833  
1.76627  1.87649  
1.47184  2.70851  
1.30559  3.03014  
1.87749  1.37845  
1.81014  1.70105  
0.690738  3.77366  
1.19135  3.2129  
1.0661  3.38433  
0.328009  3.95394  
1.65328  2.25093  
0.561111  3.83935  
1.64429  2.29602  
1.2684  3.09267  
1.73237  1.99888  
1.98274  0.524404  
1.93016  1.04782  
0.935397  3.53555  
1.10966  3.32786  
0.656963  3.77804  
1.97279  0.657604  
1.78153  1.81788  
1.34109  2.96747  
0.705584  3.75409  
1.44102  2.77378  
1.55748  2.50939  
2  5.22836e-05  
1.84671  1.5358  
1.15037  3.27209  
1.60744  2.38003  
0.271059  3.97762  
1.02423  3.43567  
0.000762112  4  
0.481631  3.90794  
1.90295  1.23088  
1.23055  3.15324  
1.95926  0.803268  
0.420064  3.91078  
0.844255  3.62615  
1.39447  2.88334  
1.69502  2.12313  
0.750641  3.70758  
1.50135  2.64268  
1.52973  2.57677  
1.75093  1.93314  
1.25168  3.14668  
0.980055  3.48683  
1.58175  2.44792  
1.71441  2.0599  
0.890343  3.58178  
1.35609  2.96497  
1.63176  2.3129  
1.94779  0.908003  
1.83536  1.58929  
1.67723  2.17889  
0.514771  3.87518  
0.835167  3.65646  
1.91803  1.13344  
1.16891  3.27106  
0.798268  3.6796  
0.23497  3.98514  
1.79582  1.76073  
0.607945  3.81958  
1.82435  1.6392  
0.373426  3.94701  
0.807645  3.67156  
0.392271  3.9438  
1.73277  1.99752  
1.28809  3.05996  
1.43587  2.80105  
0.817288  3.66818  
1.18351  3.24767  
0.482362  3.89155  
1.59511  2.41319  
1.22691  3.18133  
1.50684  2.63585  
0.420162  3.91074  
1.65342  2.2505  
1.99997  0.0232099  
0.0205769  3.99979  
1.99946  0.0932861  
1.9978  0.187641  
1.99969  0.0705702  
1.9956  0.265201  
1.99367  0.317956  
1.99714  0.213991  
1.99127  0.373406  
1.99914  0.117013  
0.062479  3.99805  
1.98663  0.461682  
1.98057  0.556259  
1.98985  0.402565  
1.97562  0.622687  
1.99468  0.291426  
1.96979  0.69265  
1.98476  0.492915  
1.96303  0.765549  
1.50139  2.6426  
1.26851  3.0925  
1.3757  2.90342  
1.40898  2.83885  
0.935542  3.5354  
1.30544  3.03041  
0.46709  3.88938  
1.80991  1.70203  
0.281682  3.96013  
0.656506  3.77836  
1.19123  3.21307  
1.99983  0.0514734  
1.65341  2.25055  
1.88659  1.3278  
1.73247  1.99856  
1.9883  0.432028  
1.98274  0.524374  
1.93008  1.04843  
1.15096  3.27126  
1.87744  1.3787  
1.94117  0.962996  
1.10966  3.32786  
1.02425  3.43565  
0.420176  3.91073  
0.844213  3.62619  
1.99833  0.163269  
1.55681  2.51105  
1.44102  2.77378  
1.90293  1.23103  
1.78153  1.81788  
0.000764701  4  
1.60743  2.38006  
1.97282  0.657219  
1.84672  1.53573  
1.23044  3.15342  
1.52971  2.57681  
1.95926  0.803273  
0.750925  3.70735  
1.69502  2.12313  
0.561638  3.83904  
1.47182  2.70831  
1.34117  2.96734  
1.86789  1.42966  
1.06733  3.38278  
1.85759  1.48237  
1.74974  1.93743  
1.58273  2.44537  
1.92395  1.09257  
0.980016  3.48687  
1.94618  0.921687  
0.890184  3.58194  
1.95521  0.841839  
1.99251  0.34591  
1.63098  2.31508  
0.514286  3.86549  
0.797842  3.66794  
1.67476  2.1865  
1.82291  1.64558  
1.9174  1.13771  
1.71424  2.06047  
0.703717  3.74421  
0.191936  3.98154  
0.609023  3.81003  
0.373558  3.92961  
1.7661  1.87713  
1.79612  1.75948  
1.83519  1.59007  
1.96654  0.728612  
1.99641  0.239493  
2  5.59167e-05  
1.93582  1.0052  
0.23648  3.97194  
0.327395  3.94604  
1.89496  1.27924  
1.95086  0.881225  
1.97817  0.5894  
0.148062  3.98902  
1.91046  1.18345  
0.10488  3.9945  
1.65342  2.25052  
1.99994  0.0310169  
1.99983  0.0523353  
0.0208838  3.99978  
1.99942  0.0961986  
1.99874  0.141957  
1.99775  0.189689  
1.9956  0.26526  
1.99365  0.318451  
1.99713  0.21434  
1.99124  0.374015  
1.99912  0.118829  
0.0625184  3.99805  
1.9866  0.4622  
1.98055  0.55651  
1.98984  0.402756  
1.97559  0.623052  
1.99468  0.291552  
1.96979  0.692662  
1.98476  0.492935  
1.96303  0.765569  
1.50139  2.6426  
1.94118  0.962979  
1.47182  2.70831  
1.30544  3.03041  
0.281682  3.96013  
1.87744  1.37872  
1.37569  2.90343  
1.19123  3.21307  
1.65341  2.25054  
0.1481  3.98902  
0.561638  3.83904  
0.000764701  4  
1.40898  2.83885  
1.98274  0.524365  
0.373577  3.9296  
1.93008  1.04842  
1.85759  1.48236  
0.935542  3.5354  
1.26851  3.09249  
1.10966  3.32785  
1.02424  3.43565  
1.15096  3.27127  
1.89496  1.27925  
0.75094  3.70734  
1.95926  0.803273  
1.34117  2.96734  
1.78153  1.81788  
0.191997  3.98153  
1.44102  2.77377  
1.73247  1.99856  
1.96653  0.728701  
2  0.000193131  
1.80991  1.70204  
1.60743  2.38006  
1.90293  1.23103  
1.55681  2.51105  
1.23044  3.15343  
0.844213  3.62619  
1.69501  2.12315  
0.420176  3.91073  
0.656498  3.77837  
1.84672  1.53575  
1.92395  1.09258  
1.52971  2.57682  
1.99966  0.0739518  
1.98829  0.432141  
1.0674  3.38269  
1.74973  1.93745  
1.58273  2.44539  
0.980259  3.4866  
1.94618  0.921699  
0.890159  3.58196  
0.514286  3.86549  
1.99251  0.345938  
1.63099  2.31507  
1.9728  0.657445  
0.797731  3.66804  
1.67476  2.1865  
1.82291  1.64559  
1.91739  1.13774  
0.703815  3.74414  
1.88648  1.32844  
1.71424  2.06047  
0.609074  3.81  
1.76607  1.87722  
1.79613  1.75946  
0.46709  3.88938  
1.83517  1.59015  
1.86783  1.43  
1.99641  0.23951  
1.93582  1.00522  
0.327395  3.94604  
1.95085  0.881292  
0.236542  3.97193  
1.97817  0.5894  
1.9104  1.18387  
1.9552  0.84185  
0.104932  3.99449  
1.99829  0.165547  
0.420162  3.91074  
1.99994  0.0310755  
1.99983  0.0523353  
0.0208846  3.99978  
1.99942  0.0961986  
1.99874  0.141957  
1.99775  0.189692  
1.99966  0.0740442  
1.9956  0.26526  
1.99365  0.318451  
1.99713  0.21434  
1.99124  0.374035  
1.99912  0.11883  
0.0625184  3.99805  
1.9866  0.4622  
1.98055  0.55652  
1.98984  0.402756  
1.97559  0.623053  
1.99468  0.291557  
1.96979  0.692662  
1.98476  0.492935  
1.96303  0.765569  
1.26851  3.09249  
1.30544  3.0304  
1.10966  3.32785  
0.281682  3.96013  
1.87744  1.37872  
0.467099  3.88938  
1.80991  1.70204  
1.86782  1.43002  
1.65341  2.25053  
0.890164  3.58196  
1.47182  2.70831  
0.561638  3.83904  
0.420176  3.91073  
1.37569  2.90343  
1.98274  0.524365  
1.15096  3.27127  
0.75094  3.70734  
1.79613  1.75947  
1.93008  1.04842  
1.19123  3.21307  
1.88648  1.32845  
1.95926  0.803274  
1.40898  2.83885  
0.656498  3.77837  
1.69501  2.12315  
1.90293  1.23105  
1.60743  2.38006  
1.78153  1.81788  
1.52971  2.57682  
2  0.000199889  
1.55681  2.51105  
1.02425  3.43565  
1.23044  3.15343  
1.44102  2.77377  
1.73247  1.99856  
1.99829  0.165569  
0.93555  3.53539  
1.0674  3.38269  
0.00077373  4  
0.844213  3.62619  
1.84672  1.53575  
1.50139  2.6426  
1.34117  2.96734  
0.148108  3.98902  
1.74973  1.93745  
1.58271  2.44543  
0.980268  3.48659  
0.236543  3.97193  
1.94618  0.921699  
1.99251  0.345938  
1.63099  2.31507  
1.91039  1.18389  
1.9728  0.657445  
0.514286  3.86549  
1.76607  1.87722  
0.797764  3.66801  
1.67475  2.18653  
1.82291  1.64559  
1.91739  1.13774  
0.703818  3.74414  
1.93582  1.00522  
1.71424  2.06047  
0.192  3.98153  
1.85759  1.48236  
0.609074  3.81  
0.373577  3.9296  
1.83517  1.59016  
1.96653  0.728709  
1.99641  0.23951  
1.98829  0.432149  
0.327395  3.94604  
1.89496  1.27925  
1.95085  0.881321  
1.97817  0.5894  
1.92394  1.09259  
1.94118  0.962989  
1.9552  0.841855  
0.104932  3.99449  
1.99999  0.0102395  
1.99994  0.0310778  
1.99983  0.0523375  
0.0208846  3.99978  
1.99874  0.14196  
1.99775  0.189694  
1.99966  0.0740442  
1.9956  0.26526  
1.99365  0.318451  
1.99713  0.21434  
1.99124  0.374035  
1.99912  0.118838  
0.0625211  3.99805  
1.9866  0.462204  
1.98055  0.55652  
1.98984  0.40277  
1.97559  0.623053  
1.99468  0.291557  
1.96978  0.69267  
1.98476  0.492935  
1.96303  0.765569  
1.40898  2.83886  
1.26851  3.09249  
1.91739  1.13774  
1.47182  2.70831  
1.55681  2.51105  
1.37569  2.90343  
1.30544  3.0304  
0.281693  3.96013  
1.87744  1.37872  
0.420167  3.91073  
1.80991  1.70204  
1.50139  2.6426  
1.15096  3.27127  
1.67474  2.18653  
1.65341  2.25053  
0.980268  3.48659  
0.561639  3.83904  
1.99829  0.165571  
1.98274  0.524365  
1.93008  1.04842  
1.93582  1.00522  
0.935543  3.5354  
1.71424  2.06048  
1.10966  3.32785  
1.02425  3.43565  
0.656498  3.77837  
2  0.000199889  
1.73247  1.99856  
1.23044  3.15343  
1.44102  2.77378  
0.000774749  4  
1.84672  1.53575  
1.34117  2.96734  
1.94118  0.962989  
1.19123  3.21307  
1.78153  1.81788  
0.192  3.98153  
1.95926  0.803279  
0.467099  3.88938  
0.75094  3.70734  
1.99942  0.0961988  
1.60743  2.38006  
1.90293  1.23105  
0.84421  3.62619  
1.69501  2.12315  
1.85759  1.48237  
1.52971  2.57682  
1.95085  0.881322  
1.0674  3.38269  
1.97817  0.5894  
1.74973  1.93746  
1.58271  2.44543  
1.94618  0.921699  
0.890164  3.58196  
1.99251  0.345938  
1.63099  2.31507  
1.9728  0.657472  
0.514286  3.86549  
0.797764  3.66801  
1.82291  1.64559  
0.703818  3.74414  
0.609074  3.81  
0.236543  3.97193  
0.373577  3.9296  
1.76608  1.8772  
1.88648  1.32847  
1.79613  1.75947  
1.83517  1.59016  
1.96653  0.728713  
1.86782  1.43002  
1.99641  0.23951  
1.98829  0.432154  
0.327396  3.94604  
1.91039  1.18389  
1.89496  1.27925  
0.14811  3.98902  
1.92394  1.09259  
1.9552  0.841855  
0.104932  3.99449  
0.656498  3.77837  
1.99994  0.0310805  
1.99983  0.0523375  
0.0208846  3.99978  
1.99942  0.0962042  
1.99874  0.14196  
1.99775  0.189694  
1.99966  0.0740454  
1.9956  0.26526  
1.99365  0.318451  
1.99713  0.21434  
1.99124  0.374037  
1.99912  0.118838  
0.0625211  3.99805  
1.9866  0.462204  
1.98055  0.55652  
1.98984  0.40277  
1.97559  0.623053  
1.99468  0.291561  
1.96978  0.692688  
1.98476  0.492935  
1.96303  0.765569  
1.15096  3.27127  
1.50138  2.64261  
0.000774749  4  
1.40898  2.83886  
1.80991  1.70204  
1.47182  2.70831  
1.19123  3.21307  
0.561639  3.83904  
0.281693  3.96013  
0.148116  3.98902  
1.65341  2.25053  
0.75094  3.70734  
1.26851  3.09249  
0.84421  3.62619  
1.73247  1.99856  
1.89496  1.27925  
1.98274  0.524365  
1.55681  2.51105  
0.980268  3.48659  
1.93008  1.04842  
1.0674  3.38269  
0.935546  3.53539  
1.10966  3.32785  
1.02425  3.43565  
1.95926  0.80328  
1.44102  2.77378  
1.69501  2.12315  
1.78153  1.81788  
2  0.000199889  
0.327396  3.94604  
1.23044  3.15343  
0.609074  3.81  
1.90293  1.23105  
1.76607  1.87721  
0.420167  3.91073  
1.60743  2.38006  
1.87744  1.37873  
1.37569  2.90343  
1.52971  2.57682  
1.84672  1.53575  
1.98829  0.432154  
1.30544  3.0304  
0.373578  3.9296  
0.236544  3.97192  
0.6565  3.77836  
1.34117  2.96734  
1.74973  1.93746  
0.467099  3.88938  
1.58271  2.44543  
1.88648  1.32847  
1.94618  0.921697  
0.890164  3.58196  
1.99251  0.345938  
1.63099  2.31507  
1.93581  1.00523  
1.9728  0.657473  
0.514286  3.86549  
0.797764  3.66801  
1.67474  2.18653  
1.82291  1.64559  
1.91739  1.13774  
0.104943  3.99449  
0.703818  3.74414  
1.71424  2.06048  
0.192  3.98153  
1.85759  1.48237  
1.79613  1.75947  
1.83517  1.59016  
1.96653  0.728713  
1.86782  1.43002  
1.99641  0.23951  
1.95085  0.881322  
1.97817  0.589408  
1.91039  1.18389  
1.92394  1.09259  
1.94118  0.962989  
1.9552  0.841855  
1.99829  0.165573  
0.656498  3.77837  
1.99994  0.0310805  
1.99983  0.0523402  
0.0208846  3.99978  
1.99942  0.0962042  
1.99874  0.14196  
1.99775  0.189694  
1.99966  0.0740468  
1.9956  0.26526  
1.99365  0.318451  
1.99713  0.21434  
1.99124  0.374037  
1.99912  0.118841  
0.0625211  3.99805  
1.9866  0.462204  
1.98055  0.55652  
1.98984  0.40277  
1.97559  0.623053  
1.99468  0.291561  
1.96978  0.692688  
1.98476  0.492935  
1.96303  0.765569  
1.15096  3.27127  
1.37569  2.90343  
0.327396  3.94604  
1.47182  2.70831  
1.58271  2.44543  
1.55681  2.51105  
1.34117  2.96734  
1.30544  3.0304  
0.561639  3.83904  
0.281696  3.96012  
1.69501  2.12315  
1.80991  1.70204  
0.980268  3.48659  
1.19123  3.21307  
1.50138  2.64261  
0.75094  3.70734  
1.98274  0.524365  
1.93008  1.04842  
1.65341  2.25053  
0.935546  3.53539  
1.9728  0.657473  
1.87744  1.37873  
0.6565  3.77836  
1.79613  1.75947  
1.44102  2.77378  
1.60743  2.38006  
2  0.000199889  
1.40898  2.83886  
1.23044  3.15343  
1.02425  3.43565  
1.94618  0.921697  
1.26851  3.09249  
1.84672  1.53575  
1.78153  1.81787  
1.74973  1.93746  
1.10966  3.32785  
1.90293  1.23105  
1.73247  1.99856  
0.000774749  4  
1.95926  0.80328  
0.84421  3.62619  
1.52971  2.57682  
0.420172  3.91073  
1.0674  3.38269  
0.890164  3.58196  
1.99251  0.345938  
1.91039  1.18389  
1.63099  2.31507  
0.514286  3.86549  
0.797764  3.66801  
1.67474  2.18653  
1.82291  1.64559  
1.85759  1.48237  
1.91739  1.13774  
0.703819  3.74414  
0.609074  3.81  
1.71424  2.06048  
1.99641  0.239516  
0.192  3.98153  
0.373578  3.9296  
1.93581  1.00523  
1.76607  1.87721  
1.88648  1.32847  
0.467099  3.88938  
1.83517  1.59016  
1.96653  0.728714  
0.104944  3.99449  
1.86782  1.43002  
1.98829  0.432154  
1.89496  1.27925  
1.95085  0.881322  
1.97817  0.589408  
0.148116  3.98902  
0.236544  3.97192  
1.92394  1.09259  
1.94118  0.962992  
1.9552  0.841857  
1.99829  0.165573  
