3.06495  1.2977  
2.97773  1.65892  
1.4771  3.34251  
2.55581  1.74456  
4.03485  0.876182  
1.75268  2.62073  
1.49471  3.19715  
4.43853  0.627303  
4.81947  0.489981  
2.85135  2.14647  
0.0295594  0.828072  
1.21218  3.16035  
3.31377  1.27163  
1.99532  2.02802  
0.103443  0.678375  
1.44063  2.99935  
4.65398  0.798394  
0.0315806  0.822291  
4.89608  0.511607  
1.48597  2.81572  
5.62999  0.0944619  
0.0583232  0.758498  
1.87333  2.34031  
1.88694  2.33413  
5.10523  0.433176  
1.3895  3.12476  
0.00541261  0.92643  
0.0231474  0.847857  
2.01049  2.96148  
1.63923  2.73169  
2.96779  1.78588  
4.80005  0.833932  
2.4602  2.18571  
3.55854  1.01  
1.85572  2.44585  
0.104128  0.677312  
3.43493  1.1133  
2.62839  2.09051  
4.82318  0.263958  
2.008  2.40371  
4.99035  0.117354  
2.25494  1.86641  
5.33331  0.169157  
2.96072  1.64527  
4.69526  0.722751  
1.98222  2.59461  
2.11773  2.36566  
0.114259  0.661978  
3.31927  1.27759  
4.89369  0.540928  
4.58555  0.598558  
0.0852699  0.70799  
2.80301  1.63233  
5.99023  0.0342079  
0.0102292  0.89886  
3.35002  1.41535  
3.57554  1.41219  
4.66412  0.567992  
0.0682172  0.738816  
1.86359  2.44523  
3.44911  0.943889  
3.18224  1.37162  
0.192254  0.561532  
3.58911  1.15932  
2.09884  2.32746  
4.64969  0.624003  
0.0381929  0.80457  
4.06149  0.599861  
0.15791  0.602621  
5.17082  0.313442  
2.37793  2.15274  
1.79966  2.48297  
2.62287  1.95572  
0.142726  0.62221  
2.65603  2.25661  
1.47542  2.54769  
3.60437  1.24683  
0.0318569  0.821515  
1.78846  2.66625  
3.51276  1.06742  
5.23561  0.387551  
3.5077  0.847154  
5.69983  0.126991  
2.34331  2.03213  
5.01526  0.35468  
0.0582459  0.758658  
2.61977  1.80154  
5.57437  0.204734  
4.73169  0.319788  
4.63797  0.778725  
1.20229  3.12397  
2.67537  2.11338  
0.148654  0.614443  
3.49962  1.31566  
2.20433  2.18994  
2.99338  1.87996  
3.51496  1.49251  
0.136202  0.630945  
5.30435  0.0705285  
1.51253  3.08011  
