1.44333  1.98804  5.45603  
1.69731  3.13541  3.71852  
0.504709  1.41289  6.27418  
1.84985  1.44688  4.7405  
1.71864  2.85894  3.44105  
0.48856  0.533115  6.48818  
0.499502  0.802609  6.47959  
1.32081  3.16926  4.19779  
1.14621  1.71839  6.1028  
2.02153  1.83519  3.9099  
0.766538  2.88036  5.12845  
2.29166  1.44898  2.63273  
0.875881  2.08928  5.90531  
1.40668  2.24692  5.30224  
1.15156  3.45771  3.82106  
1.0174  0.860239  6.513  
1.74924  1.81306  4.72482  
1.90966  1.06261  4.63031  
0.683512  0.68295  6.46933  
0.767598  3.71176  3.94684  
0.780647  1.32722  6.42402  
0.548241  0.548252  6.54824  
0.893214  1.95918  5.95476  
1.45293  3.87455  2.09065  
1.78542  2.7607  3.99063  
1.50098  3.75578  1.47753  
0.815615  1.27268  6.56222  
1.46954  1.30127  5.57511  
0.514835  0.956259  6.4677  
0.585967  0.585967  6.58597  
1.28252  2.49379  5.14475  
1.32181  2.77367  4.95767  
1.89727  2.13989  3.72471  
1.46137  2.48695  4.83518  
0.839629  0.941528  6.18908  
2.17678  2.1276  3.32427  
1.99129  2.06125  3.88531  
1.58413  2.27527  5.20246  
0.599393  1.44598  6.34414  
0.499209  3.06221  5.01522  
0.539567  0.552565  6.5263  
1.56672  2.46739  4.74278  
1.66826  3.01263  3.8084  
0.455314  0.455413  6.4553  
1.1256  1.67409  5.69295  
0.731441  0.956829  6.4987  
1.39081  2.31589  5.5307  
0.42159  0.702572  6.39844  
0.542252  0.601361  6.53547  
1.65641  1.76158  4.76942  
1.037  2.80976  5.05574  
1.60199  3.80235  1.5651  
1.1814  2.13322  5.43606  
0.981338  0.980094  6.08244  
0.894456  1.22192  6.30852  
0.489472  3.01269  5.145  
2.2139  2.5729  1.75015  
1.70087  2.74403  4.18388  
0.853507  2.4648  5.80174  
1.79537  2.60617  2.38282  
0.488524  1.99938  5.89514  
1.54061  3.78274  2.57191  
2.09353  0.837674  4.55238  
1.53982  2.99167  3.87223  
1.59605  2.26411  4.77637  
0.835411  1.18439  6.04371  
0.564358  1.16874  6.41802  
2.04866  2.6792  2.48643  
1.18079  2.85386  4.4555  
0.591808  0.684485  6.57988  
0.540398  0.692974  6.53537  
1.91148  1.80713  3.82476  
1.49013  1.99083  5.09974  
2.02557  2.27071  4.09825  
1.67927  1.77526  4.41065  
0.728856  1.45641  6.26562  
0.4913  0.520591  6.46299  
0.824393  2.59831  5.60622  
0.468651  1.90524  6.06065  
0.512343  1.95175  6.03843  
1.19806  3.87411  3.12245  
0.504917  3.01473  5.17683  
1.92559  2.00651  3.45795  
0.572762  1.56583  6.30976  
0.882831  1.10519  6.11318  
1.52849  2.5856  4.8185  
0.581842  1.05017  6.54057  
0.507436  0.507521  6.50744  
0.568998  1.42599  6.39571  
0.960591  2.02295  6.10965  
1.85892  1.74756  3.85773  
0.498874  0.548534  6.46646  
0.60177  0.616781  6.60162  
1.50915  2.9766  4.24456  
1.63585  1.48016  5.22479  
1.49778  1.96496  5.04549  
1.54129  2.34427  4.70497  
1.00369  3.06695  4.75541  
1.54908  2.84916  4.30259  
1.51864  2.3588  4.75017  
0.665529  0.952293  6.46979  
1.59537  2.33948  4.97978  
0.540892  0.699422  6.36694  
0.803783  1.59485  6.20011  
1.45757  2.9298  4.63372  
1.8236  1.91459  4.69808  
0.98025  1.95361  6.05771  
0.838765  3.36706  4.55804  
1.32828  2.11093  5.63546  
0.824716  0.859629  6.32356  
1.21032  3.99645  2.85841  
2.00446  3.15791  2.45537  
1.15786  1.34645  6.01084  
1.65216  3.65119  1.75959  
2.1305  3.31538  1.73918  
1.42491  3.14173  3.94162  
0.805483  4.5194  0.867314  
0.684362  2.46356  5.84187  
0.749724  1.44259  6.11758  
1.39923  2.90728  4.147  
1.53032  3.22566  3.02846  
1.91764  2.67485  2.75432  
1.61188  1.83299  4.7126  
1.72371  3.49004  0.58862  
1.26826  0.915812  5.97287  
1.27326  3.27522  3.69209  
1.56426  2.65228  3.16307  
0.622159  1.96363  5.92278  
2.35982  1.21182  2.58617  
0.780051  3.66341  3.89961  
1.16933  2.16117  5.31825  
1.12996  2.84276  4.49745  
1.53386  2.3222  4.42007  
1.23873  2.71664  4.75183  
1.21692  3.34034  3.76514  
1.09212  2.49973  5.00542  
0.451209  4.25517  2.29883  
1.16766  3.90515  2.24951  
1.33417  3.98568  1.67197  
0.797298  2.17501  5.46026  
0.952754  2.78452  4.91596  
1.59252  1.44532  5.4301  
0.470406  2.84533  5.29015  
0.344341  2.88992  4.9702  
1.07546  3.42112  3.93646  
0.512863  4.14383  0.492734  
1.24126  3.1563  3.98852  
1.42176  2.873  3.58926  
1.46295  0.492009  5.08522  
0.393625  0.393625  6.39362  
1.84397  2.68085  4.06775  
1.60046  3.26005  2.12941  
0.553538  3.72751  4.205  
2.09184  0.181183  0.342862  
1.80929  2.96792  0.420383  
1.00928  1.40596  5.59651  
1.84703  1.80842  3.90673  
0.429526  3.11148  4.42047  
0.272129  0.219949  6.20976  
0.93425  2.13589  5.8166  
1.52245  2.81515  4.48806  
0.431802  0.431869  6.43177  
1.59381  3.54427  0.990975  
1.76087  0.474444  4.50785  
2.01797  2.77385  2.27566  
0.442614  3.92507  3.37058  
0.999023  3.62184  4.3301  
0.433885  2.27646  5.70689  
0.511672  3.99525  3.46049  
2.05873  0.711605  4.10855  
1.28817  1.7267  4.87529  
0.515229  2.61853  5.61878  
0.942122  3.78289  2.98895  
0.544928  2.82677  5.46266  
1.76386  3.30285  0.78677  
1.33273  3.71137  2.97041  
0.504106  4.09443  2.986  
1.5127  4.00508  1.00631  
1.54721  2.29997  5.08929  
2.06448  2.69504  2.14872  
1.98454  1.04475  4.38164  
1.13829  1.13375  6.00881  
1.63709  1.51715  5.0756  
2.0612  1.69002  3.69658  
0.961998  2.59603  5.24116  
1.54384  2.49235  4.33662  
1.85161  2.43493  3.80492  
1.29077  1.24055  5.83251  
1.37467  3.61526  3.36238  
0.803134  2.73798  5.33872  
0.937037  3.72724  3.74945  
0.572649  2.05157  6.14748  
2.02847  1.30447  4.35265  
1.16957  2.48048  5.15697  
1.41096  3.98471  1.75189  
0.840035  4.428  1.09833  
1.84712  3.53249  1.04997  
0.979846  1.76598  6.00483  
0.508802  3.43958  4.59125  
1.9339  1.23718  4.50975  
1.0045  1.73702  5.26202  
1.23588  0.358283  5.32038  
0.332438  2.08721  5.72389  
0.644285  4.13443  1.70658  
1.74491  2.77521  2.06131  
0.384262  0.281993  6.21651  
1.65495  0.485435  4.29052  
0.798271  2.76445  4.53639  
0.726992  1.06984  5.75535  
0.266137  2.21673  5.42027  
1.00206  1.24282  5.50671  
0.642196  0.900986  5.92699  
0.762101  0.933567  5.75605  
0.812787  2.31487  4.9402  
1.06932  3.20899  3.31936  
0.985955  2.75707  4.23435  
0.280013  1.97833  5.44094  
1.07118  3.78056  0.603776  
1.54545  2.09003  3.24821  
0.849469  3.49721  2.95083  
0.855437  3.77573  1.62959  
1.23429  0.237545  5.25171  
0.657854  0.768508  5.76921  
1.20761  1.2908  4.76609  
1.52508  1.50794  3.94797  
1.13039  2.76417  3.38498  
0.913855  2.31612  4.58106  
0.760243  2.32312  4.97176  
0.703035  2.07279  5.3624  
0.167467  1.52703  5.75279  
1.38047  2.61622  3.18348  
0.323504  2.67415  4.78291  
1.35631  3.42795  0.739889  
0.508695  3.81137  2.37916  
1.68561  1.98393  2.59349  
1.62539  0.211954  4.01834  
1.47575  2.68091  3.09455  
1.46522  2.97777  2.10461  
0.755578  1.04099  5.75909  
0.138296  3.46001  3.45789  
0.0826339  2.84355  4.31343  
1.80085  0.199099  3.26934  
0.533542  3.84148  2.2479  
1.03012  0.213816  5.55627  
1.28074  3.59791  0.492979  
1.24808  0.757796  5.16455  
0.672803  2.7273  4.5749  
0.872535  3.26261  3.07763  
0.708007  3.56629  2.96484  
0.986407  0.238381  5.79637  
1.58961  2.64479  0.112461  
1.42369  0.10291  4.48429  
1.35416  1.78704  4.53964  
0.856102  2.74677  4.33505  
0.0792212  0.0378417  6.03198  
2.03321  0.0696637  0.0868448  
0.10557  4.04257  0.0572696  
1.41659  3.3092  1.57553  
0.966835  2.97907  3.4672  
1.07882  3.31455  2.21285  
1.51099  2.81163  0.0833993  
0.760641  1.52241  5.19856  
1.23856  2.25171  3.75846  
0.131433  2.24909  5.16972  
1.91987  1.92647  0.317335  
1.42576  2.53516  2.87198  
1.0809  3.96345  0.616076  
1.78501  2.49776  0.856658  
0.855437  3.98273  0.435582  
0.932218  3.56753  2.13033  
1.16325  1.97648  4.24026  
0.214698  3.23317  4.10239  
1.86659  1.19003  3.04958  
1.08349  0.505198  5.49168  
0.539321  3.62029  3.06132  
1.83678  2.15684  1.78987  
1.42169  2.95707  2.40591  
1.20032  2.37045  3.98015  
0.777257  0.224273  5.90653  
1.66239  1.42894  3.74583  
1.07329  1.1738  5.23001  
1.04553  1.98732  4.77941  
0.602275  3.04194  4.14136  
0.831131  1.27132  5.54601  
1.39939  1.76119  4.20697  
0.58006  1.58701  5.62291  
0.269657  3.10634  4.26159  
1.07453  2.76097  3.66729  
1.64373  2.45417  2.55881  
1.4471  2.19582  3.55025  
0.815367  3.27393  3.61875  
0.170254  3.44074  3.51642  
1.69135  1.87289  3.23241  
0.591455  3.35678  3.88623  
0.489551  2.08438  5.33284  
1.20433  1.81519  4.67293  
0.560027  1.3307  5.85851  
0.77955  0.505602  5.85822  
0.931475  1.19295  5.53169  
0.710272  1.75053  5.43685  
0.714379  1.4165  5.28282  
0.124564  2.60498  4.64787  
0.529381  1.17549  5.63207  
1.2004  0.986161  4.73802  
1.42549  2.35536  2.65113  
1.54093  2.46813  1.48805  
1.45089  0.0437022  4.29486  
0.509537  3.84516  1.31793  
0.754157  2.14807  4.67132  
1.16174  2.67092  3.03619  
1.02199  3.3766  1.63301  
0.710662  2.56624  4.25109  
1.7091  1.71999  2.15136  
1.77487  0.28756  3.00572  
0.371735  1.81864  5.35203  
1.30357  2.87324  1.92177  
1.50574  2.38532  2.19331  
1.27556  1.88472  3.84288  
1.23521  3.21254  0.0311771  
0.0513693  3.33757  3.46465  
1.91401  1.17651  1.03144  
0.0561792  1.4216  5.67786  
0.790739  2.27264  4.38051  
1.35574  2.61811  2.10968  
0.740786  1.51996  5.10227  
1.65243  2.05545  1.47002  
1.26538  1.44503  4.14817  
0.0137293  3.82131  1.81531  
1.57098  0.0618143  3.89984  
0.586275  3.89077  0.0540938  
0.0490871  2.4897  4.79249  
0.907108  1.48021  5.0082  
0.668777  3.0531  3.4873  
1.15237  0.0762853  5.01611  
0.057713  3.02227  4.03625  
1.3725  0.00827264  4.38434  
1.29435  3.08623  1.11867  
0.0111537  4.00423  0.0155337  
0.00682165  2.83082  4.25258  
0.941185  3.08967  2.58697  
0.0133141  0.0056421  6.00246  
1.22031  1.15322  4.56257  
2.00381  0.00839205  0.00964113  
1.44864  1.24618  3.72613  
0.0080353  3.51485  2.88646  
1.83811  0.020027  2.41112  
1.10874  3.34267  0.0191845  
1.03532  2.88455  2.98802  
0.806942  3.42259  2.06229  
1.34953  2.01321  3.42427  
0.837  2.621  3.80604  
0.00561858  1.9911  5.21119  
1.70669  0.00695823  3.14611  
0.88463  1.7213  4.74491  
1.49909  1.72547  3.03543  
1.16207  2.91758  2.44915  
0.0374012  3.19889  3.70929  
0.900502  0.0557356  5.44828  
0.96046  3.58979  0.0533827  
0.053656  3.70635  2.46865  
1.17022  2.33645  3.39491  
1.57383  0.894016  3.49076  
0.65005  0.657087  5.60389  
1.26194  2.47955  3.08948  
1.41272  2.93206  0.0392785  
1.82039  1.6899  0.0118669  
0.753756  3.76519  0.0728315  
1.64746  1.64506  2.49632  
0.536342  0.0775097  5.86161  
0.961418  0.874962  5.11945  
1.84462  1.54011  1.39686  
1.94172  0.104737  1.88259  
0.0457899  1.68758  5.51493  
1.57872  2.46981  0.00719092  
1.95942  1.1924  0.283338  
1.06689  2  4.26079  
0.504415  3.6153  2.38776  
1.77713  2.00032  0.0722252  
0.615777  3.48961  2.61008  
0.535971  3.32524  3.10744  
1.27616  0.221377  4.76295  
0.68868  0.0622509  5.7254  
0.0882648  2.29033  5.00931  
0.333455  2.59034  4.55161  
1.47187  2.23215  2.64927  
0.111126  0.988302  5.86972  
1.50908  2.76347  0.0507431  
1.7924  1.34339  2.24379  
1.1139  2.18081  3.91532  
0.971633  0.0499304  5.3529  
1.46093  0.724394  4.10886  
0.47501  2.16943  4.94842  
1.88248  0.876627  1.92906  
0.422716  0.782441  5.81266  
0.865024  3.00145  3.16419  
0.557007  2.77179  4.12456  
1.13102  1.69075  4.38488  
0.651623  3.72469  1.63287  
0.741939  1.11563  5.41773  
0.82143  2.47108  4.09837  
0.00113547  2.35649  4.8505  
1.30703  2.57312  2.39721  
1.8932  1.29177  0.0004147  
0.000603781  3.3751  3.22141  
1.43562  0.0357752  4.17854  
0.56991  2.9228  3.72352  
1.54086  2.21057  1.91088  
0.439703  3.90267  0.000927476  
1.08703  2.57466  3.23454  
0.612918  1.45496  5.28331  
1.24021  0.000466702  4.70833  
0.000634481  4.00044  0.00102411  
0.542521  3.34905  2.85284  
0.565772  2.66635  4.14022  
0.000434645  1.69254  5.43699  
1.64953  1.13696  2.94404  
0.657984  0.00038878  5.66663  
0.839838  0.00049629  5.44648  
1.71873  0.000416003  3.07009  
0.846468  3.12471  2.75628  
0.671483  2.16355  4.6286  
1.09114  1.90573  4.14244  
0.462421  3.76867  1.48456  
0.762385  3.30226  2.4996  
1.14018  2.25364  3.58907  
0.00149544  0.000452607  6.00041  
0.795947  1.09915  5.25307  
1.72767  1.74492  1.51582  
1.80009  0.00162885  2.61677  
0.735889  2.35281  4.32236  
0.979183  2.88702  2.9382  
0.000745851  3.73181  2.162  
1.4341  2.39097  2.15869  
0.991988  1.16205  4.91178  
0.996614  3.18676  2.05563  
0.861825  2.54136  3.87243  
1.52501  0.000398903  3.88354  
1.8774  0.000447297  2.07193  
1.23038  2.81218  2.14578  
1.54059  1.26026  3.32839  
0.576383  1.01235  5.54204  
1.86019  0.978531  1.6476  
0.000617105  1.93945  5.24848  
0.881893  1.99872  4.47699  
1.36161  0.000367494  4.39607  
1.67638  2.1831  0.00077113  
1.37792  2.70335  1.57502  
0.9418  1.64481  4.68749  
0.995175  0.00032285  5.20529  
0.963032  3.50639  0.000509136  
1.31921  1.54645  3.86878  
0.714193  3.53117  1.83642  
0.639891  3.79023  0.000961753  
0.441987  0.000295307  5.85212  
0.000368368  1.15148  5.74647  
1.22534  1.9904  3.71909  
1.64697  1.95908  1.72334  
1.67921  1.53523  2.31077  
1.50299  2.63992  0.000936538  
1.286  1.04187  4.32807  
2.00026  0.000311007  0.000977788  
0.0009139  3.88251  1.44648  
1.20575  3.19215  0.000453677  
1.66206  0.000477168  3.33931  
1.46017  1.08967  3.76315  
1.40556  2.84647  0.00952364  
0.000525108  3.23291  3.53456  
1.52268  1.70536  2.94728  
1.08341  3.36293  0.000721152  
1.1282  3.04558  1.92335  
0.000434632  2.14407  5.06582  
0.0172075  0.765085  5.89044  
0.879327  3.43375  1.58861  
1.39412  1.81557  3.33246  
0.00046291  2.98378  3.9968  
0.652979  1.72334  5.04878  
0.838893  2.79671  3.47586  
1.95159  0.876532  0.000287533  
1.78803  1.25116  1.92795  
0.000585506  3.57212  2.70161  
1.2427  2.41386  3.00178  
0.000483337  3.09774  3.79706  
1.42438  2.09051  2.8185  
1.12147  0.000365228  4.96888  
1.08914  1.4423  4.54464  
1.82135  1.65408  0.000398644  
0.00062577  1.39956  5.62155  
0.971867  2.27889  3.97833  
1.59341  2.41869  0.000819072  
1.5936  0.000944245  3.62986  
1.76152  0.943227  2.4693  
1.60578  1.72202  2.48068  
0.682778  3.03603  3.3284  
1.3215  3.00314  0.000369709  
0.566271  3.49623  2.37405  
1.94539  0.000406719  1.39706  
1.75294  1.92755  0.00160179  
0.820447  3.64849  0.00477188  
0.000451394  2.53086  4.64694  
0.000483374  2.7592  4.34466  
1.42679  0.00525888  4.21138  
1.20592  3.19227  0.000606797  
1.10323  2.18687  3.78767  
0.900771  3.15844  2.5045  
0.00061353  3.65773  2.43104  
1.43154  1.2222  3.77218  
1.17767  0.00059328  4.85082  
1.70382  0.00378651  3.15529  
0.323206  3.95001  0.0019938  
1.0853  3.36126  0.000760668  
1.19968  1.36511  4.34559  
0.000242509  3.8822  1.44698  
0.576568  3.45207  2.49942  
0.666076  3.27636  2.81768  
0.855472  2.97402  3.09077  
2.00018  0.000233692  0.000300508  
0.865513  3.48385  1.45048  
0.769352  0.000945057  5.54039  
1.35199  0.000769181  4.42397  
1.59848  2.40571  0.0134957  
1.87954  0.000750831  2.0572  
0.933738  0.0023262  5.31174  
1.10129  2.80972  2.72165  
1.81777  1.13231  1.88689  
1.3479  2.95844  0.00129801  
0.68569  2.19364  4.58384  
0.00018946  4.00017  0.000211882  
1.5142  2.61496  0.00067628  
0.000694498  3.34106  3.30113  
0.724299  2.69055  3.88201  
0.581676  2.03722  4.86519  
0.000345575  1.19867  5.72476  
1.01717  0.180453  5.16193  
0.000933201  2.27821  4.93362  
1.40079  1.95023  3.16289  
0.937349  3.32693  1.79955  
1.7145  1.68052  1.79251  
1.86707  1.44035  0.00115103  
1.15164  3.04024  1.8208  
1.92077  1.11787  0.00055825  
1.65001  0.000452663  3.39294  
0.00961742  3.17328  3.65436  
1.00729  1.87526  4.36886  
0.904055  1.2232  5.03343  
1.74958  1.06042  2.43904  
0.759504  2.37834  4.25452  
1.49234  2.3474  1.89419  
0.697128  3.75008  0.000568052  
1.15542  2.3991  3.3499  
0.000583085  3.08057  3.82883  
1.5429  1.94161  2.47162  
1.1657  2.58979  2.95107  
1.10477  0.000694258  5.00353  
1.53203  0.00119231  3.86193  
1.00045  1.38549  4.76768  
1.33271  2.19249  3.04222  
1.77744  0.00167713  2.76139  
0.942342  2.50817  3.74052  
0.000136329  0.809913  5.87589  
1.13671  1.7123  4.22055  
0.00568738  2.93097  4.08425  
0.000471182  1.83192  5.33455  
1.56111  1.43799  3.07563  
1.27985  3.07565  0.121664  
1.28757  2.79926  1.87228  
1.4374  2.78327  0.000811539  
1.64698  1.3746  2.72586  
0.000300794  2.05007  5.15261  
0.591388  1.37699  5.34989  
0.000343848  2.45983  4.73208  
1.29551  1.81448  3.67855  
0.00172065  2.61626  4.54246  
0.922524  3.55047  0.000723953  
1.93778  0.000664333  1.4922  
0.000931302  3.51088  2.87847  
1.47053  1.48117  3.41246  
1.41439  2.18743  2.69462  
1.64678  2.27116  0.000917682  
0.672848  1.5919  5.12528  
0.804165  3.66382  0.000880981  
0.00021111  1.54964  5.53177  
1.25639  0.0384597  4.68689  
0.00118008  0.000206629  6.00016  
1.96216  0.782157  0.00085214  
1.79348  1.77185  0.000495371  
0.540413  3.67837  1.71668  
0.80117  1.85519  4.7439  
0.63334  0.00913759  5.69407  
1.36618  1.075  4.08292  
0.749804  2.8988  3.47283  
1.70917  2.09421  0.00411212  
0.520354  0.00114047  5.79536  
0.559812  3.84056  0.000384657  
0.627535  3.53395  2.0931  
1.83191  0.00276142  2.41444  
0.000563228  2.74926  4.35949  
0.000681606  3.78006  1.9657  
1.59268  0.00990166  3.63699  
0.67182  0.975972  5.46176  
1.35428  2.55818  2.18827  
1.48089  2.44858  1.67091  
0.00104016  3.13966  3.7192  
0.000544992  0.000113038  6.00011  
1.28825  1.98827  3.49179  
0.000561889  3.79008  1.92112  
0.692802  0.0543823  5.62883  
0.792702  1.17544  5.22221  
1.78109  0.977943  2.32727  
0.692716  3.54746  1.83831  
1.29114  3.05567  0.000386845  
0.825991  0.000772573  5.46613  
1.53142  0.995339  3.5729  
1.75527  1.53036  1.73671  
0.531274  1.32871  5.4321  
0.000951335  3.71043  2.24577  
1.56969  2.48131  0.00365957  
0.715799  3.73577  0.000472027  
1.11233  0.010771  5.01447  
1.14096  2.2875  3.54068  
1.88783  1.32745  0.00479746  
1.35011  2.4729  2.42782  
1.19172  3.2133  0.0225134  
1.71439  0.00908884  3.09805  
0.823268  3.42953  1.8592  
1.67154  1.7577  2.00789  
0.614478  3.29899  2.88313  
1.48457  1.70076  3.11051  
0.753236  2.81339  3.62187  
0.00214084  3.91169  1.26264  
0.58559  0.00148167  5.73949  
1.77118  1.86497  0.00211863  
1.91438  0.00120402  1.74929  
0.91553  2.50399  3.78955  
0.000338642  3.26896  3.45881  
1.63884  2.29959  0.00183232  
1.32117  1.58212  3.8301  
1.2868  0.00020067  4.59376  
1.95577  0.00580138  1.26059  
1.25139  2.76415  2.17784  
1.63858  0.00171158  3.4492  
0.699022  1.62949  5.06954  
0.930872  0.000773302  5.31241  
0.000781789  0.863881  5.8592  
1.1126  2.91751  2.39493  
1.36178  2.93099  0.000551715  
1.42172  1.0897  3.89571  
0.00089595  2.02999  5.17091  
0.955454  2.94019  2.89106  
1.24591  1.2569  4.30114  
1.85031  1.07933  1.61683  
1.02563  3.16045  2.03043  
0.000419324  2.714  4.4082  
0.000129524  4.00011  0.000151491  
0.000591251  1.23301  5.70858  
0.581216  3.8289  0.000995497  
2.00009  0.000150283  0.00019804  
1.09513  1.18197  4.69899  
1.76908  0.00185861  2.80791  
0.000861239  3.6224  2.54826  
1.95256  0.916538  0.00902487  
1.38962  0.00043842  4.31608  
0.498668  3.50634  2.47309  
0.898418  3.21528  2.35152  
0.00217767  1.85705  5.31752  
1.12806  1.87669  4.08357  
1.20797  0.00803665  4.80808  
1.54925  1.92354  2.47574  
1.83644  0.00195461  2.38909  
0.00155087  3.02131  3.93428  
1.2157  2.38882  3.14939  
1.49305  0.0115257  4.02282  
0.405345  3.91855  0.00144108  
0.00130725  2.29127  4.91961  
0.8715  1.84081  4.64731  
0.00161944  3.37676  3.22071  
1.71269  2.06651  0.000619413  
0.918259  1.40155  4.90031  
0.00118571  2.56426  4.60756  
0.00685349  1.57271  5.52736  
0.944474  3.52829  0.00388645  
0.442305  0.00809392  5.85192  
1.47741  2.24096  2.26909  
0.650747  1.95068  4.86164  
1.42402  2.09658  2.82479  
1.03991  0.0190601  5.1271  
0.860323  2.28041  4.20238  
0.741485  3.02881  3.23227  
1.08977  3.35752  0.00374909  
1.83376  1.59926  0.000511177  
1.00171  1.81605  4.4233  
0.815877  3.65519  0.0731284  
0.671448  2.64275  4.04576  
1.06714  2.67061  3.12039  
1.58547  0.000223181  3.65828  
0.00527299  2.8686  4.19371  
0.00060834  3.50353  2.89734  
1.65148  1.25248  2.81953  
0.001693  2.42931  4.76902  
1.46048  2.73377  0.000725013  
0.698974  2.25752  4.49319  
0.348417  3.94052  0.00128089  
0.894298  3.17385  2.48295  
0.652894  3.65199  1.47988  
1.60477  1.21976  3.095  
1.68497  1.78686  1.84611  
1.75057  1.39127  2.02732  
0.840915  0.00118576  5.44639  
0.945019  2.10798  4.24066  
0.000144026  0.000110371  6.00011  
1.36196  2.93035  0.000439597  
0.099975  3.21585  3.55914  
0.000597426  3.81199  1.8212  
0.736814  1.94208  4.7579  
0.709836  2.75765  3.82606  
0.0064673  2.80294  4.28348  
1.94178  0.983012  0.00770151  
0.426689  1.83807  5.18217  
1.98077  0.00187088  0.868522  
0.987465  3.27704  1.7609  
0.000117122  4.0001  0.000139078  
1.75192  0.000819007  2.89781  
2.00008  0.000137699  0.00013105  
0.71149  2.9823  3.39579  
1.17836  2.6323  2.81704  
1.33224  2.21753  3.01462  
0.63722  3.3669  2.62565  
0.971626  2.85037  3.04309  
1.11108  2.92872  2.36702  
1.80625  1.72629  0.0019084  
0.384679  0.0224354  5.88886  
0.675396  1.15668  5.38893  
0.00105017  1.48905  5.57043  
1.19702  0.000680071  4.80828  
0.605046  3.5759  1.99421  
0.00303597  1.20616  5.72307  
0.00251958  1.68213  5.44792  
0.000841367  2.30495  4.9054  
0.776543  3.68742  0.000716516  
1.43854  2.2451  2.47049  
0.579542  3.82956  0.114156  
0.00204052  2.63478  4.51915  
0.0012517  1.93904  5.25016  
1.92438  0.00169705  1.65201  
0.888291  2.48646  3.87622  
0.00313924  0.909324  5.84714  
0.00122755  3.59722  2.62888  
1.89068  1.31632  0.00181314  
1.31002  0.00608612  4.53525  
1.53801  0.0010113  3.83907  
1.5935  2.41764  0.000154841  
1.79711  0.0118283  2.63834  
0.887243  3.58568  0.000456125  
0.949292  0.0597391  5.28403  
1.86452  0.911692  1.71339  
1.09452  2.47604  3.39971  
0.803014  1.42974  5.07355  
1.25366  3.11702  0.000193425  
1.42676  1.78812  3.24419  
1.14808  3.02984  1.88968  
1.02546  1.51977  4.62153  
0.00133687  3.32942  3.32976  
0.66607  2.49001  4.25161  
1.15483  0.975508  4.67951  
0.984784  1.15935  4.93013  
1.45947  1.283  3.64625  
0.814713  3.40992  1.97396  
0.000815586  2.14553  5.06542  
1.31413  1.44463  3.97401  
1.83827  0.000454293  2.36638  
0.000748292  3.89832  1.3497  
1.15078  2.07766  3.79487  
1.69284  1.17902  2.67982  
1.64071  2.02515  1.62965  
1.2787  1.93263  3.63456  
1.06513  0.00528205  5.08029  
0.00102462  2.95824  4.04121  
1.74287  1.96535  0.00250888  
0.555087  0.000308073  5.76479  
0.689226  0.000629999  5.6337  
0.605196  3.25455  2.99667  
0.00066496  3.05506  3.87402  
1.85189  1.51684  0.00407921  
1.4668  0.000926158  4.08183  
0.00187463  3.6978  2.29643  
1.12772  3.30445  0.00174611  
1.40652  0.000546346  4.2674  
0.636314  2.24661  4.59283  
1.66998  0.00158688  3.30898  
1.5981  0.00746022  3.61032  
1.48817  2.39236  1.83714  
1.26775  2.8365  1.871  
0.000486414  2.47716  4.71202  
1.4354  2.7859  0.000204523  
1.54694  1.858  2.59198  
1.17174  1.52143  4.29614  
1.50225  2.64168  0.000363075  
0.000215118  3.45967  3.0122  
1.31078  2.5337  2.48016  
1.64771  2.26813  0.000284308  
1.02986  3.4315  0.00241011  
0.00422795  1.24131  5.7067  
1.13892  2.88522  2.37429  
0.00114576  2.42963  4.76862  
1.7335  1.23219  2.3621  
1.04413  1.78319  4.36461  
1.2988  0.00117309  4.5667  
1.73667  0.000797893  2.98084  
1.11392  0.00129501  4.98713  
0.00150305  3.56445  2.72825  
1.4402  2.01834  2.87182  
0.000620282  1.85965  5.31324  
1.70522  2.09488  0.00112042  
0.844411  3.62754  0.0153641  
1.58352  2.44953  0.00180416  
1.25847  2.93656  1.54086  
1.91923  0.0051754  1.69559  
1.85877  0.0106971  2.21848  
1.94338  0.949783  0.000749221  
6.89203e-05  5.98361e-05  6.00005  
0.899886  0.00539984  5.35944  
1.61952  1.1581  3.0705  
0.619731  0.00243206  5.70624  
1.21035  0.0480098  4.77926  
0.559405  3.64295  1.82737  
0.464738  0.001072  5.83686  
1.1056  3.33373  0.000244748  
1.0207  2.68506  3.22648  
0.889585  2.3159  4.10129  
0.000201133  2.2469  4.96433  
1.40222  0.00529439  4.28351  
0.79268  2.64416  3.82763  
1.21923  1.57668  4.1297  
0.842316  2.7933  3.47527  
0.845665  1.23077  5.11724  
1.01427  0.000623518  5.17274  
1.8648  1.45014  0.157862  
0.80309  0.00126938  5.49623  
1.61625  2.00737  1.85627  
0.00193465  3.28553  3.42835  
1.90531  1.22201  0.000888959  
8.29155e-05  4.00007  0.000105267  
1.3261  2.72586  1.87459  
1.4359  1.67501  3.34764  
1.84639  1.03651  1.72212  
1.64688  0.00734802  3.40768  
1.47729  0.00557389  4.05063  
0.00112387  3.76891  2.01501  
0.000588207  0.946035  5.83005  
0.000268704  2.89847  4.13557  
0.567146  3.08997  3.42058  
1.64608  2.28238  0.00270379  
0.608303  3.81609  0.00343462  
0.00115133  2.10178  5.10717  
1.25814  2.15263  3.37592  
1.4881  1.21648  3.572  
1.38512  2.4091  2.39131  
0.00561614  1.65806  5.46512  
0.00213406  3.66572  2.41015  
0.592662  1.47806  5.28742  
1.31192  3.02104  0.000719584  
0.667096  2.44073  4.31549  
0.539002  1.11409  5.532  
0.564387  1.81957  5.10024  
1.0377  3.18774  1.87079  
8.45075e-05  3.42631  3.09635  
1.81732  1.67856  0.0190565  
1.56149  0.00861479  3.76802  
1.04341  2.4833  3.51471  
1.75525  1.92437  0.0215191  
0.00054935  3.08348  3.82348  
0.00282247  3.88515  1.44732  
0.917896  1.53566  4.81169  
1.37189  1.30249  3.90691  
1.55076  2.30923  1.54281  
1.55328  1.73856  2.75113  
0.00356437  2.72051  4.40688  
1.00179  3.46356  0.00074475  
1.79193  0.00166853  2.67644  
0.72815  3.7297  0.00240931  
0.876403  3.24699  2.33104  
1.32065  1.88123  3.53125  
0.00096992  2.58129  4.58565  
0.394689  3.92182  0.000382773  
0.738329  2.14226  4.55821  
1.96296  0.00527091  1.16058  
0.771388  1.89572  4.75925  
0.746415  3.44461  2.08693  
1.5209  2.59969  0.000811047  
1.64765  1.55635  2.47409  
1.22975  3.15837  0.0175136  
2.00007  8.80268e-05  0.000116144  
1.79672  1.3975  1.60424  
1.22694  1.09019  4.45697  
1.21166  2.5543  2.86199  
1.41156  2.8347  0.000363806  
0.609313  2.7941  3.88649  
1.11666  1.03041  4.73213  
1.16774  1.94703  3.90107  
0.553142  3.33007  2.89601  
0.868037  3.05123  2.88375  
1.21409  1.48185  4.21918  
0.00034163  3.7906  1.91768  
1.7134  0.00128883  3.10252  
0.827403  2.76413  3.566  
9.5551e-05  3.64293  2.47837  
0.00183889  1.51679  5.55443  
6.68056e-05  5.66612e-05  6.00006  
1.22859  2.01058  3.65943  
1.26241  2.73632  2.20936  
0.00172468  2.57464  4.59397  
1.45735  2.74017  0.117251  
1.01035  3.17454  2.03846  
1.07268  2.82167  2.80947  
1.54881  1.70582  2.80648  
0.000586397  2.07262  5.13215  
2.00005  6.42674e-05  6.51906e-05  
0.724598  1.41053  5.17827  
1.18735  2.98696  1.82798  
1.26324  2.2248  3.24371  
0.000139292  3.06533  3.85504  
1.23795  1.73066  3.94054  
1.60404  2.39398  0.00189632  
1.28107  0.00218449  4.61253  
0.889082  0.000778894  5.37647  
1.95242  0.000332575  1.30555  
1.27085  1.03761  4.3697  
0.00169563  2.39236  4.81149  
0.89627  1.53132  4.85317  
1.67762  2.18196  0.00107496  
0.430359  0.111269  5.85736  
1.5463  0.00341427  3.8211  
1.75314  1.09875  2.37424  
1.46755  0.00081149  4.07976  
0.751215  0.0397878  5.56463  
0.603799  3.22133  3.06648  
0.617349  0.00180058  5.70978  
1.0675  2.09404  3.98733  
1.6353  1.83893  2.08792  
0.743453  3.3181  2.51821  
1.24524  3.13293  0.00814808  
0.594693  2.96865  3.60907  
1.81297  1.23682  1.74867  
1.13071  3.29953  7.28201e-05  
0.589684  1.21509  5.44477  
1.04217  0.000359086  5.12202  
1.83523  0.00346984  2.40348  
1.41145  2.83956  0.0115493  
1.39419  0.0225455  4.30512  
0.860161  3.61462  0.00190981  
1.91414  1.16254  0.00104019  
1.39542  1.27061  3.8628  
0.00348223  3.46385  3.00579  
1.91326  0.0096764  1.76749  
1.42045  1.85126  3.18802  
0.671152  2.15474  4.64441  
0.604429  2.71893  4.01692  
0.00160536  2.74658  4.36583  
1.81935  1.66172  9.50894e-05  
1.01664  3.4476  0.00136333  
0.555006  3.47414  2.47476  
0.000604473  2.93019  4.08587  
1.75329  1.92654  0.000453111  
1.33681  2.97643  0.000475271  
1.63304  0.00108651  3.46944  
1.55125  1.37888  3.18256  
0.93296  2.51415  3.7353  
1.01423  1.82653  4.39349  
1.3841  2.5372  2.07873  
1.456  1.29858  3.64045  
0.00358354  3.21555  3.57381  
1.72932  1.61557  1.82232  
1.15525  2.46976  3.22769  
0.601518  3.82176  0.00432298  
1.88222  0.119986  2.02263  
0.554898  3.65983  1.76714  
1.46976  2.32708  2.1326  
0.000193203  3.3088  3.37205  
0.365037  3.93404  0.000915809  
1.07997  1.15347  4.74775  
1.66399  1.20804  2.79513  
1.52521  2.58914  0.000532408  
0.767584  3.50558  1.75355  
1.15586  0.0171321  4.89775  
1.57438  2.20708  1.66445  
6.41325e-05  4.00006  9.37135e-05  
0.000667779  1.85246  5.3184  
0.000969803  3.88974  1.40605  
1.76033  0.00718119  2.85469  
1.95595  0.839152  0.000442424  
0.750953  2.41083  4.22636  
0.000880408  2.20136  5.01139  
1.33173  2.39802  2.69516  
0.847374  2.0197  4.51956  
0.000809867  0.788929  5.88319  
0.839824  3.00999  3.04797  
0.987083  1.02909  4.98638  
1.86652  1.43838  0.000286416  
0.00139711  1.16974  5.73898  
0.590139  1.89404  4.98969  
0.715437  3.73853  0.0312319  
1.28208  3.07079  0.000662594  
0.756683  3.70412  0.004868  
1.39065  1.58936  3.6006  
1.19537  2.95448  1.88104  
0.00142319  3.32138  3.34807  
1.88672  1.33267  0.0815888  
0.000459065  2.75321  4.35364  
1.11508  1.59979  4.37951  
1.51295  1.47964  3.23912  
0.984681  3.48539  0.00365542  
0.00192392  2.05797  5.14855  
2.00004  4.18472e-05  5.4043e-05  
5.18283e-05  4.81025e-05  6.00005  
0.821211  1.753  4.80733  
1.08814  3.36021  0.00214774  
0.810219  0.000833565  5.48754  
0.573687  2.21833  4.68828  
1.79566  1.14721  2.01288  
1.53296  2.22924  1.92321  
1.62332  0.00521191  3.51903  
0.797847  3.38362  2.14222  
0.973843  0.00332051  5.24562  
0.360757  0.0021867  5.90238  
1.68725  0.00966271  3.2322  
1.74958  0.000338755  2.90853  
0.611255  3.81124  0.00562306  
0.000419414  3.42686  3.09618  
0.513062  2.98764  3.69291  
1.48153  1.17343  3.63339  
0.849062  1.07128  5.19625  
0.563719  3.37294  2.75672  
0.000960133  2.57584  4.5925  
0.00236279  3.77721  1.98682  
0.00115875  3.65728  2.43475  
3.80022e-05  4.00003  6.77146e-05  
1.81631  0.00331468  2.51851  
0.0018858  2.32576  4.88541  
0.539253  3.71752  1.55208  
1.18574  0.000352126  4.8329  
0.889361  2.84091  3.28603  
1.28737  1.26266  4.19142  
1.11374  2.6586  2.99504  
1.06386  0.000943628  5.0833  
0.898211  3.16247  2.5013  
0.595165  1.48089  5.30319  
0.905823  3.56844  0.00631269  
1.49272  2.6667  0.0194222  
0.0133625  1.48403  5.58219  
1.76693  1.87935  0.00116745  
1.26362  1.7963  3.79996  
0.695767  2.38103  4.35244  
0.552054  1.81487  5.09194  
1.73249  1.64398  1.73016  
1.54351  0.00255648  3.81785  
0.92165  1.39285  4.90604  
1.89545  0.000147952  1.91597  
0.699219  3.54828  1.81742  
1.65661  2.24791  0.00194473  
1.07006  3.05422  2.2073  
0.00438526  2.89987  4.14393  
1.43446  2.79275  0.00373658  
0.555277  1.02029  5.56947  
1.36813  2.91958  0.00104749  
1.58191  2.44982  0.00526691  
0.000565537  3.00918  3.95448  
1.5404  1.93903  2.49491  
0.000927319  1.76449  5.38628  
1.28984  2.08733  3.38435  
1.22013  2.33458  3.21823  
0.848132  2.62132  3.75739  
1.64217  2.04857  1.58561  
1.9341  1.02506  0.000824281  
0.832222  2.33797  4.18607  
1.70119  1.23633  2.55766  
1.46799  0.000288828  4.07612  
1.83052  1.62047  0.0124365  
1.37212  0.000155137  4.36585  
0.349912  3.93842  0.000121711  
0.875614  1.98449  4.49949  
1.21726  2.72184  2.45888  
0.000362577  3.53206  2.81741  
1.27988  0.00142703  4.61186  
1.70884  2.0829  0.0022839  
1.42376  2.12068  2.76767  
0.00317644  3.8801  1.47751  
1.60061  1.55146  2.76199  
1.37075  2.47932  2.32893  
1.95189  0.00415405  1.33001  
0.538533  0.00271679  5.7822  
1.1063  2.05928  3.93218  
1.17048  3.24506  0.000706384  
1.16367  1.11665  4.59155  
0.00638068  1.19062  5.72953  
0.611292  2.72122  4.03646  
0.00018495  3.17713  3.64582  
1.33699  2.71832  1.82821  
1.0633  2.32637  3.69587  
0.662944  0.00163259  5.66249  
0.000458935  0.863709  5.85906  
0.699683  3.12702  3.10675  
