0.135439  0.63198  
1.32662  0.681819  
1.02227  0.998  
1.54787  0.547558  
0.144722  0.619577  
0.997712  0.999543  
2.46271  0.0176132  
2.22384  0.22913  
1.11871  1.02216  
1.9794  0.261401  
0.16546  0.593232  
1.36419  0.505233  
2.54587  0.0888558  
0.142546  0.622448  
0.990961  1.0599  
0.141432  0.623926  
1.0176  0.971959  
0.962635  1.14392  
1.72885  0.469149  
0.735739  1.12388  
1.64378  0.28875  
2.04625  0.258081  
2.38763  0.0783906  
2.21677  0.189856  
1.85603  0.226508  
1.87586  0.425085  
0.881188  0.911353  
1.38693  0.435584  
2.62165  0.0252394  
2.41707  0.0240585  
1.10303  0.959116  
0.10514  0.675747  
1.34894  0.7141  
1.62476  0.466997  
1.11781  0.873813  
0.895957  0.897605  
0.658463  1.08245  
1.31145  0.761747  
1.34556  0.592719  
1.46303  0.462028  
1.47872  0.373107  
0.0128998  0.886423  
1.964  0.238513  
1.00078  0.96177  
0.0376552  0.805951  
1.00297  0.919255  
1.8015  0.402987  
1.26333  0.648946  
0.967731  1.09907  
1.75148  0.354758  
1.01517  0.937739  
0.901229  1.10927  
0.960308  1.1176  
0.769044  0.983306  
0.118582  0.655643  
1.58539  0.533886  
1.57375  0.595992  
0.0292695  0.828917  
0.845569  1.00651  
0.0800726  0.717029  
0.916053  0.824109  
1.13651  0.970137  
1.74008  0.427278  
2.32297  0.153243  
1.82046  0.2238  
0.530637  1.24899  
0.100235  0.6834  
1.27044  0.663636  
0.122698  0.649717  
1.50547  0.519972  
2.02744  0.326652  
2.10645  0.0837287  
2.51066  0.0853141  
0.109699  0.668791  
1.17215  0.835534  
1.49947  0.520301  
1.49663  0.701756  
0.762916  1.15936  
1.55204  0.590652  
0.88137  1.05807  
2.30628  0.207779  
2.01168  0.223466  
2.12726  0.333938  
2.2812  0.0727858  
1.35193  0.594693  
0.525085  1.3838  
1.03471  0.884491  
1.43641  0.599834  
1.08383  1.03088  
0.793363  0.929981  
0.138588  0.627726  
1.10077  0.725265  
1.70885  0.325228  
2.23687  0.1258  
0.108607  0.670444  
0.573875  1.2686  
0.932023  0.897369  
2.3204  0.0187561  
0.0930878  0.694897  
1.80937  0.493169  
0.1102  0.668036  
0.0474931  0.782071  
0.0777536  0.721157  
0.0689212  0.737471  
0.0358591  0.810635  
0.049266  0.77804  
0.193248  0.5604  
0.0803798  0.716487  
0.163683  0.595422  
0.0784961  0.719828  
0.123195  0.649009  
0.0484538  0.779878  
0.0738495  0.728247  
0.126166  0.644801  
0.137136  0.629682  
0.0461754  0.785115  
0.098403  0.686308  
0.0889628  0.701734  
0.0233685  0.847132  
0.190666  0.563347  
0.0552622  0.764921  
0.106689  0.673367  
0.0953507  0.691211  
0.0778155  0.721046  
0.0902073  0.699655  
0.117017  0.657923  
0.170269  0.587364  
0.06622  0.742667  
0.0473558  0.782386  
0.131237  0.637734  
0.0111406  0.894451  
0.160816  0.598981  
0.17624  0.58019  
0.0187902  0.862923  
0.0304768  0.825424  
0.103147  0.678835  
0.00274822  0.947577  
0.0272693  0.834866  
0.0447205  0.788528  
0.0498556  0.776716  
0.149517  0.613325  
1.52161e-05  0.996099  
0.0837552  0.710595  
0.14581  0.61815  
0.124102  0.647719  
0.0421951  0.794585  
0.891583  0.173369  
0.0719384  0.731787  
0.0144363  0.879849  
0.0919865  0.696707  
0.199985  0.552803  
0.0242877  0.844155  
0.0350361  0.812821  
0.138454  0.627906  
0.184069  0.570967  
0.192027  0.561792  
0.0455333  0.786615  
0.00784572  0.911424  
1  5.34017e-14  
0.0396718  0.800822  
0.0010724  0.967253  
0.168468  0.589552  
0.0262478  0.837988  
0.1102  0.668036  
0.060618  0.753793  
0.0219789  0.851747  
0.153264  0.608511  
0.196677  0.556517  
0.0967458  0.68896  
0.00517325  0.928075  
0.187945  0.566473  
0.172563  0.584593  
0.0360751  0.810065  
0.120606  0.652716  
0.179953  0.575792  
0.16442  0.594512  
0.15715  0.603579  
0.142036  0.623123  
0.127474  0.642964  
0.13496  0.632631  
0.0378182  0.805531  
0.0869425  0.70514  
0.093619  0.694028  
0.113778  0.66269  
0.0999977  0.683776  
0.0748939  0.726332  
0.0689891  0.737342  
0.0808684  0.715626  
0.0579367  0.7593  
0.0323712  0.82008  
0.0100197  0.899902  
0.00413663  0.935683  
0.0125738  0.887867  
0.000288488  0.983015  
0.0205093  0.856789  
0.194138  0.559389  
0.129229  0.640516  
0.154757  0.606608  
0.10538  0.675377  
0.182735  0.572524  
0.0535671  0.768554  
0.125812  0.6453  
0.000671243  0.974092  
0.0311352  0.823548  
0.115035  0.660832  
0.174243  0.582576  
0.189818  0.564319  
0.151447  0.610839  
0.0854005  0.707766  
0.133003  0.635305  
0.0758132  0.724658  
0.144131  0.620355  
0.155084  0.606193  
0.102069  0.680518  
0.14022  0.62554  
0.158959  0.601303  
0.0981987  0.686633  
0.1859  0.568839  
0.197846  0.555201  
0.119034  0.654987  
0.170558  0.587013  
0.0462695  0.784897  
0.0182031  0.865081  
0.117124  0.657766  
0.0261389  0.838325  
0.0551526  0.765154  
0.0446628  0.788664  
0.0349564  0.813034  
0.0689975  0.737326  
0.0661867  0.742732  
0.0797349  0.717626  
0.0901873  0.699688  
0.172435  0.584747  
0.103568  0.678181  
0.131231  0.637741  
0.0745804  0.726906  
0.145843  0.618107  
0.176227  0.580206  
0.077802  0.72107  
0.0143672  0.880137  
0.0304732  0.825434  
0.00274754  0.947583  
0.0719383  0.731787  
0.0365997  0.80869  
0.0937702  0.693781  
0.0498528  0.776723  
0.0396286  0.800931  
1.44899e-05  0.996193  
0.191985  0.561839  
0.153288  0.60848  
0.0478095  0.781346  
0.885614  0.172114  
0.00780595  0.911649  
0.199998  0.552789  
0.0334092  0.817218  
0.0837549  0.710596  
0.160849  0.59894  
0.18407  0.570967  
0.1079  0.671519  
1  2.22045e-16  
0.138462  0.627896  
0.0219402  0.851878  
0.149604  0.613213  
0.110204  0.668031  
0.120704  0.652575  
0.168491  0.589524  
0.0605769  0.753876  
0.124127  0.647683  
0.0967443  0.688963  
0.0203141  0.857473  
0.0109552  0.895333  
0.164671  0.594203  
0.00508432  0.928696  
0.0283224  0.831707  
0.000995743  0.968445  
0.0820607  0.713538  
0.100148  0.683539  
0.00388412  0.937677  
0.00190043  0.956406  
0.19594  0.557349  
0.0120877  0.890056  
0.180149  0.57556  
0.142143  0.622982  
0.188064  0.566336  
0.157054  0.603699  
0.134809  0.632836  
0.113643  0.662891  
0.127584  0.642811  
0.0869557  0.705118  
0.0633759  0.748254  
0.0422961  0.79434  
0.0523512  0.771196  
0.057929  0.759316  
0.0164546  0.871725  
0.0240669  0.844865  
5.27612e-09  0.999927  
0.00925476  0.903798  
0.00630119  0.92062  
0.00016245  0.987254  
0.105592  0.67505  
0.112085  0.665209  
0.0885269  0.702465  
0.122422  0.650111  
0.125937  0.645124  
0.186286  0.568391  
0.136653  0.630334  
0.115399  0.660295  
0.0853049  0.70793  
0.0918229  0.696977  
0.147675  0.615715  
0.162721  0.596612  
0.151306  0.611019  
0.14396  0.620579  
0.197834  0.555215  
0.158935  0.601333  
0.174291  0.582519  
0.193913  0.559644  
0.182104  0.573263  
0.166529  0.59192  
0.178185  0.57788  
0.155151  0.606108  
0.190007  0.564102  
0.0260422  0.838624  
0.0349836  0.812961  
0.0472132  0.782714  
0.0446492  0.788696  
0.0661578  0.742788  
0.103399  0.678443  
0.0143467  0.880222  
0.131205  0.637777  
0.124103  0.647718  
0.16083  0.598964  
0.145809  0.61815  
0.191992  0.561831  
0.176224  0.58021  
0.0777286  0.721201  
0.0304039  0.825633  
0.0551153  0.765234  
0.00273036  0.947747  
0.0281176  0.832317  
0.0498202  0.776796  
0.00778718  0.911755  
0.039622  0.800947  
0.0806917  0.715937  
0.0718848  0.731887  
0.199999  0.552787  
0.106765  0.67325  
0.0901529  0.699745  
0.0747649  0.726568  
0.0836867  0.710714  
1.49891e-05  0.996128  
0.113623  0.66292  
0.812953  0.157992  
0.138415  0.627958  
0.0180279  0.865732  
1  2.22045e-16  
0.023905  0.845387  
0.168471  0.589547  
0.110173  0.668077  
0.0605626  0.753905  
0.0967286  0.688988  
0.0218768  0.852092  
0.0633479  0.74831  
0.184064  0.570973  
0.1171  0.657801  
0.153259  0.608517  
0.0109353  0.895428  
0.00508208  0.928711  
0.000995773  0.968444  
0.142114  0.623019  
0.188014  0.566395  
0.180134  0.575578  
0.172342  0.584859  
0.195983  0.557301  
0.15704  0.603718  
0.164628  0.594256  
0.149515  0.613328  
0.0869127  0.70519  
0.00179797  0.957598  
0.0934406  0.694319  
0.134787  0.632867  
0.120583  0.652749  
0.127655  0.642712  
0.100047  0.683698  
0.0690026  0.737317  
0.0421115  0.794789  
0.0578292  0.759523  
0.0524589  0.770961  
0.140277  0.625465  
1.441e-11  0.999996  
0.0326762  0.819234  
0.037255  0.806985  
0.0161769  0.872811  
0.01997  0.858685  
0.0126253  0.887638  
0.00932701  0.903424  
0.00640608  0.919962  
0.00383866  0.938043  
0.000412576  0.979688  
0.170405  0.587199  
0.0524292  0.771026  
0.00639445  0.920035  
0.120557  0.652787  
0.00934378  0.903337  
0.00779882  0.911689  
0.00273484  0.947704  
0.111863  0.665541  
0.147652  0.615744  
0.118805  0.65532  
0.0304208  0.825584  
0.158922  0.60135  
0.184064  0.570973  
0.191992  0.561831  
0.0570621  0.761123  
0.0218684  0.85212  
0.178176  0.577891  
0.0471949  0.782756  
0.0689975  0.737326  
0.193987  0.559561  
0.0239766  0.845156  
0.172137  0.585106  
0.127625  0.642753  
0.0714183  0.732758  
0.115323  0.660408  
0.066152  0.7428  
0.0777357  0.721189  
0.00508506  0.92869  
0.113587  0.662973  
0.143937  0.62061  
0.157026  0.603735  
0.0161706  0.872836  
0.0837035  0.710684  
0.0901309  0.699782  
0.0614166  0.752176  
0.0372588  0.806975  
0.02608  0.838507  
0.0109516  0.89535  
0.1223  0.650286  
0.0807049  0.715914  
0.0396197  0.800953  
0.2  0.552787  
0.100013  0.683751  
0.103366  0.678494  
0.162721  0.596614  
0.166354  0.592135  
0.000993238  0.968484  
0.073547  0.728804  
0.155138  0.606124  
0.0143638  0.880151  
0.0349403  0.813077  
0.106746  0.67328  
0.00385751  0.937891  
0.149506  0.613339  
0.0633332  0.748339  
0.0869038  0.705205  
0.153255  0.608522  
0.0966878  0.689053  
0.0199581  0.858727  
0.055105  0.765256  
0.0180419  0.86568  
0.129411  0.640263  
0.000382824  0.980434  
0.00180525  0.957512  
0.0118109  0.891322  
0.11015  0.668111  
0.124076  0.647756  
0.18802  0.566388  
0.160819  0.598978  
0.13227  0.63631  
0.0497938  0.776855  
0.176224  0.58021  
0.174275  0.582537  
0.812953  0.157992  
0.117059  0.657861  
0.0595319  0.756008  
0.168474  0.589545  
0.182096  0.573273  
1  2.22045e-16  
0.125849  0.645249  
0.0446324  0.788736  
0.197993  0.555036  
0.180133  0.575579  
0.1348  0.632849  
1.441e-11  0.999996  
0.189997  0.564113  
0.186038  0.568679  
0.0421096  0.794794  
0.0747917  0.726519  
0.0933978  0.694389  
0.140254  0.625494  
0.195988  0.557295  
0.142094  0.623047  
0.0134256  0.884131  
0.0282307  0.83198  
0.138422  0.627949  
0.136612  0.630389  
0.0324358  0.819901  
0.0884573  0.702582  
0.145791  0.618174  
0.151378  0.610926  
0.00303886  0.944874  
8.12829e-12  0.999997  
0.145435  0.618641  
0.155845  0.605228  
0.0683093  0.73864  
0.0654002  0.744265  
0.0842039  0.709821  
0.116336  0.658919  
0.0793577  0.718295  
0.0243304  0.844018  
0.0707717  0.733971  
0.175642  0.580904  
0.114386  0.66179  
0.0170279  0.869509  
0.183912  0.571151  
0.17843  0.577591  
0.095257  0.691363  
0.012869  0.886558  
0.0399916  0.800021  
0.142646  0.622315  
0.194269  0.559241  
0.0183004  0.864721  
0.173406  0.583579  
0.109506  0.669083  
0.0566521  0.761983  
0.0142  0.880836  
0.0260473  0.838608  
0.16557  0.593097  
0.147875  0.615455  
0.149658  0.613143  
0.0228886  0.84871  
0.10682  0.673166  
0.189074  0.565174  
0.0884262  0.702635  
0.0198761  0.859017  
0.112082  0.665213  
0.132905  0.635438  
0.168316  0.589737  
0.00406705  0.936227  
0.124182  0.647606  
0.0863456  0.706154  
0.2  0.552787  
0.000826245  0.971256  
0.0748248  0.726459  
0.000294467  0.98284  
0.0968029  0.688868  
0.0607012  0.753624  
0.048923  0.778815  
0.0926747  0.695575  
0.00617187  0.921439  
0.180535  0.575106  
0.021445  0.853559  
0.812953  0.157992  
0.099291  0.684895  
0.0296045  0.82794  
0.126092  0.644905  
0.00152382  0.960964  
0.0114025  0.893218  
0.0725121  0.730719  
0.119405  0.654449  
0.163242  0.595967  
0.077097  0.722337  
0.0453362  0.787077  
0.0632504  0.748504  
0.0278114  0.833233  
0.196762  0.556422  
0.0380013  0.805061  
0.170416  0.587185  
0.191681  0.562186  
0.0526656  0.77051  
0.0336856  0.816464  
0.130271  0.639069  
0.128185  0.641971  
0.00886672  0.905837  
0.00221381  0.952949  
0.0902357  0.699607  
0.0101263  0.899371  
0.0355819  0.811368  
0.160988  0.598767  
0.0507234  0.774781  
0.138723  0.627545  
0.00492033  0.929855  
0.0156936  0.874726  
0.158364  0.602051  
0.0588418  0.757427  
0.135651  0.631692  
0.0546241  0.766282  
0.101294  0.681734  
0.0438393  0.790622  
1  0  
0.104241  0.677137  
0.0315456  0.822389  
0.047146  0.782869  
0.122316  0.650263  
0.0415037  0.796276  
0.153268  0.608505  
0.0817684  0.714048  
0.186519  0.568122  
0.141134  0.624322  
0.00703832  0.916105  
0.108665  0.670356  
8.12829e-12  0.999997  
0.15566  0.605462  
0.142977  0.621876  
0.10092  0.68232  
0.000885073  0.97025  
0.0670951  0.740973  
0.150998  0.611415  
0.0826766  0.712465  
0.00594711  0.922882  
0.128059  0.642147  
0.179884  0.575872  
0.122825  0.649536  
0.00726673  0.914755  
0.0323215  0.820218  
0.0468245  0.78361  
0.812953  0.157992  
0.17771  0.578444  
0.189812  0.564325  
0.000325588  0.981956  
0.078279  0.720216  
0.170048  0.587632  
0.19716  0.555973  
0.00232678  0.951763  
0.140759  0.624821  
0.0729231  0.729957  
0.148605  0.614507  
0.0495279  0.777451  
0.036951  0.807774  
1  0  
0.103484  0.678311  
0.130546  0.638688  
0.0892905  0.701185  
0.0191923  0.861464  
0.0137788  0.882617  
0.0350165  0.812873  
0.194489  0.558991  
0.00151566  0.961069  
0.0953601  0.691196  
0.0446687  0.78865  
0.0174825  0.867779  
0.175443  0.581141  
0.125121  0.646276  
0.145798  0.618165  
0.00349041  0.94092  
0.0207805  0.855846  
0.0609348  0.75315  
0.0162509  0.872521  
0.0848738  0.708669  
0.117948  0.656564  
0.098842  0.685608  
0.0649738  0.7451  
0.0690405  0.737244  
0.135531  0.631854  
0.0337691  0.816236  
0.113159  0.663609  
0.0560281  0.763297  
0.0709372  0.73366  
0.00466603  0.931692  
0.15809  0.602395  
0.187581  0.566893  
0.160447  0.599441  
0.0308562  0.824341  
0.0294624  0.828354  
0.00851268  0.907736  
0.0512913  0.773524  
0.162659  0.59669  
0.153292  0.608475  
0.110971  0.666877  
0.0246603  0.842964  
0.0385405  0.803683  
0.0404221  0.798947  
0.0149528  0.877718  
0.182671  0.5726  
0.0122641  0.889256  
0.0589111  0.757284  
0.10611  0.674255  
0.168073  0.590033  
0.0810631  0.715284  
0.115517  0.660122  
0.13813  0.628341  
0.0917752  0.697056  
0.0275884  0.833902  
0.192097  0.561711  
0.0426233  0.793546  
0.0970756  0.68843  
0.0256654  0.839796  
0.0539706  0.767684  
0.0872501  0.704619  
0.0755753  0.72509  
0.0630554  0.748892  
0.120076  0.65348  
0.16525  0.593491  
0.173163  0.583871  
0.2  0.552787  
0.00987734  0.900615  
0.185078  0.569793  
0.133023  0.635277  
0.0225783  0.849739  
0.0110779  0.894749  
0.00033166  0.981788  
0.0693505  0.736655  
0.0417605  0.795646  
0.0608159  0.753391  
0.197691  0.555375  
0.107749  0.671749  
0.132325  0.636235  
0.11262  0.66441  
0.0219519  0.851838  
0.0494177  0.777699  
0.0821814  0.713327  
0.00345664  0.941207  
0.170859  0.586649  
0.147378  0.616101  
0.0564457  0.762417  
0.174148  0.58269  
0.0544608  0.766632  
0.0711535  0.733254  
0.134657  0.633043  
0.150228  0.612407  
0.120064  0.653497  
0.0893438  0.701096  
0.0143366  0.880264  
0.0672519  0.74067  
0.00181564  0.95739  
0.153066  0.608764  
0.0257076  0.839664  
0.141828  0.6234  
0.0751589  0.725849  
0.0510643  0.774026  
0.124743  0.64681  
0.000994384  0.968466  
0.0362562  0.809589  
0.0130464  0.885779  
0.0205473  0.856657  
0.0080997  0.910002  
0.0439624  0.790328  
0.16509  0.593688  
0.0652678  0.744524  
0.0106062  0.897014  
0.0586784  0.757764  
0.0917009  0.697178  
0.0190003  0.862158  
0.0773224  0.721931  
0.155692  0.605422  
0.184689  0.570246  
0.182323  0.573007  
0.0379173  0.805276  
0.00436581  0.933926  
0.00693173  0.916743  
0.0460325  0.785448  
0.0117915  0.891411  
0.0983854  0.686336  
0.17674  0.579596  
0.00588727  0.923271  
0.0478496  0.781255  
0.126948  0.643702  
0.0941223  0.693206  
0.0398408  0.800398  
0.0526  0.770653  
0.0174194  0.868017  
0.0843804  0.709517  
0.2  0.552787  
0.0792646  0.71846  
0.812545  0.157913  
0.00918683  0.904152  
0.105384  0.675371  
0.137048  0.6298  
0.0628894  0.749222  
0.187031  0.567529  
0.0865009  0.70589  
0.0159519  0.873699  
0.192192  0.561603  
0.10335  0.678519  
0.189403  0.564795  
0.0733159  0.729231  
0.162871  0.596427  
0.0289677  0.829801  
0.117437  0.65731  
0.0239241  0.845326  
1  0  
0.160601  0.59925  
0.0341855  0.815107  
0.0963412  0.689611  
0.139468  0.626545  
0.0325123  0.819688  
0.1678  0.590366  
0.130094  0.639315  
8.12829e-12  0.999997  
0.194929  0.558493  
0.110223  0.668002  
0.0273479  0.834628  
0.00256116  0.949392  
0.179232  0.576643  
0.144537  0.61982  
0.100981  0.682225  
0.122608  0.649846  
0.158088  0.602398  
0.0306563  0.824911  
0.115144  0.660672  
0.000766458  0.972315  
8.12829e-12  0.999997  
0.130014  0.639426  
0.101996  0.680632  
0.0225785  0.849738  
0.0703987  0.734672  
0.812129  0.157832  
0.119352  0.654527  
0.111938  0.665429  
0.138586  0.627729  
0.18003  0.575701  
0.0950797  0.69165  
0.116838  0.658185  
0.0828356  0.712188  
0.0998403  0.684025  
0.0071909  0.915201  
0.143286  0.621469  
0.155821  0.605259  
0.127403  0.643064  
0.2  0.552787  
0.0213513  0.853879  
0.0130614  0.885713  
0.0177857  0.866637  
0.0411797  0.797072  
0.191564  0.56232  
0.169752  0.58799  
0.109631  0.668895  
0.186266  0.568414  
0.0973942  0.68792  
0.0390957  0.802274  
0.0279305  0.832876  
0.12209  0.650586  
0.0759964  0.724326  
0.00228386  0.95221  
0.0429473  0.792763  
0.124461  0.647209  
0.0237697  0.845826  
0.090508  0.699155  
0.0250509  0.841725  
0.172654  0.584484  
0.11529  0.660457  
0.0805856  0.716124  
0.0735604  0.72878  
0.000270948  0.98354  
0.0375834  0.806136  
0.0339983  0.815614  
0.0885775  0.70238  
0.0932027  0.694709  
0.0555082  0.764398  
0.183296  0.57187  
1  0  
0.150854  0.611601  
0.0195357  0.86023  
0.0867798  0.705416  
0.0526364  0.770574  
0.0295888  0.827986  
0.0846352  0.709079  
0.0650996  0.744854  
0.160583  0.599272  
0.0474966  0.782063  
0.00490475  0.929966  
0.104673  0.676468  
0.0324537  0.819851  
0.0488496  0.778981  
0.00593762  0.922944  
0.026485  0.837258  
0.136726  0.630236  
0.0029663  0.945536  
0.0596397  0.755788  
0.107099  0.67274  
0.0145086  0.879549  
0.0507716  0.774675  
0.0310769  0.823714  
0.0631634  0.748677  
0.197225  0.555899  
0.163449  0.595712  
0.0358237  0.810728  
0.0163856  0.871994  
0.188969  0.565294  
0.13441  0.63338  
0.0113925  0.893265  
0.00871022  0.906671  
0.19425  0.559262  
0.152946  0.608917  
0.00376607  0.938632  
0.0453415  0.787065  
0.00990945  0.900454  
0.15823  0.602218  
0.177575  0.578604  
0.166669  0.591749  
0.145813  0.618146  
0.067174  0.74082  
0.141125  0.624334  
0.0784497  0.719911  
0.175184  0.58145  
0.0614559  0.752097  
0.132085  0.636565  
0.00145219  0.961892  
0.148607  0.614505  
0.057641  0.759915  
0.0343687  0.814612  
0.0440481  0.790123  
0.000327263  0.98191  
0.111962  0.665393  
0.0966448  0.689123  
0.105447  0.675274  
0.148448  0.61471  
6.48175e-12  0.999997  
0.0717139  0.732206  
0.0996657  0.684301  
0.0140215  0.881587  
0.0455606  0.786551  
0.135949  0.631287  
0.125493  0.64575  
0.0631468  0.74871  
0.0522049  0.771516  
0.150921  0.611515  
0.0474111  0.782259  
0.065319  0.744424  
0.0694442  0.736477  
0.0798712  0.717385  
0.177284  0.578949  
0.0407274  0.79819  
0.0212857  0.854104  
0.143522  0.621158  
0.0781884  0.720378  
0.0672579  0.740659  
0.0309716  0.824012  
0.0873262  0.70449  
0.130942  0.638141  
0.0918146  0.696991  
0.138178  0.628277  
0.00279505  0.947132  
0.116003  0.659407  
0.0247163  0.842786  
0.000892754  0.970121  
0.0741199  0.72775  
0.0360362  0.810168  
0.0053467  0.926879  
0.187958  0.566458  
0.0550442  0.765385  
0.00967679  0.901629  
0.174426  0.582357  
0.0596294  0.755809  
0.102238  0.680253  
1  0  
0.0159231  0.873813  
0.15709  0.603654  
0.164614  0.594273  
0.0490849  0.778449  
0.00159661  0.960042  
0.0122578  0.889285  
0.0896395  0.700601  
0.00756133  0.913044  
0.146183  0.617661  
0.12054  0.652812  
0.109999  0.66834  
0.191002  0.562963  
0.153809  0.607816  
0.185241  0.569604  
0.0614584  0.752092  
0.0177854  0.866638  
0.0392023  0.802004  
0.179573  0.576239  
0.17095  0.586539  
0.0940199  0.693373  
0.00849764  0.907817  
0.0231758  0.847764  
0.140697  0.624904  
0.0327925  0.818913  
0.197131  0.556005  
0.00466364  0.931709  
0.2  0.552787  
0.0762932  0.723788  
0.019703  0.859633  
0.128341  0.641753  
0.0837967  0.710523  
0.108262  0.670967  
0.113989  0.662377  
0.0110788  0.894744  
0.0818229  0.713953  
0.00637768  0.92014  
0.812129  0.157832  
0.0425635  0.793691  
0.0278017  0.833261  
0.0375634  0.806187  
0.133383  0.634784  
0.167822  0.590339  
0.194063  0.559474  
0.118314  0.656032  
0.0262582  0.837956  
0.162474  0.596919  
0.159739  0.600326  
0.00370558  0.939127  
0.0855253  0.707553  
0.0293791  0.828597  
0.122693  0.649724  
0.18184  0.573573  
0.0572078  0.760819  
0.0506908  0.774854  
0.0309728  0.824009  
6.48175e-12  0.999997  
0.134537  0.633207  
0.13185  0.636889  
0.0880017  0.703349  
0.00847102  0.907962  
0.096634  0.68914  
0.105465  0.675247  
0.14935  0.613541  
0.183713  0.571382  
0.103312  0.678579  
0.147001  0.616593  
0.0271976  0.835083  
0.0813649  0.714755  
0.000823727  0.971299  
0.0670159  0.741126  
0.0989316  0.685466  
0.152346  0.609684  
0.157266  0.603432  
0.107516  0.672104  
0.144741  0.619551  
0.00308052  0.944498  
0.0131071  0.885514  
0.0329526  0.818471  
0.164209  0.594773  
0.0407987  0.798013  
0.0525925  0.77067  
0.0371585  0.807235  
0.116441  0.658765  
0.0760717  0.724189  
0.10098  0.682227  
0.00217896  0.953321  
0.169634  0.588133  
0.0505528  0.775161  
0.162069  0.597422  
0.0861953  0.70641  
0.0143777  0.880093  
0.0602039  0.754635  
0.0425354  0.793759  
0.120899  0.652294  
0.0015325  0.960853  
0.0195915  0.86003  
0.0547566  0.765999  
0.08389  0.710362  
0.011172  0.894303  
0.188978  0.565284  
0.139618  0.626345  
0.0258115  0.83934  
0.0462661  0.784905  
0.0584843  0.758165  
0.00422011  0.935038  
0.2  0.552787  
0.128694  0.641261  
0.0443391  0.789431  
0.0183522  0.86453  
0.194587  0.55888  
0.126071  0.644936  
0.172215  0.585012  
0.175081  0.581573  
0.0783089  0.720163  
0.142167  0.62295  
0.0924226  0.695989  
0.0243634  0.843912  
0.812129  0.157832  
0.0566294  0.762031  
1  0  
0.000249403  0.984208  
0.0292436  0.828992  
0.112165  0.66509  
0.00636633  0.920211  
0.00743116  0.913796  
0.186402  0.568257  
0.110008  0.668325  
0.114382  0.661796  
0.0350399  0.812811  
0.0948293  0.692056  
0.123282  0.648885  
0.0689981  0.737325  
0.073721  0.728484  
0.00529739  0.927217  
0.19183  0.562016  
0.0223265  0.850579  
0.119075  0.654928  
0.180921  0.574652  
0.0484564  0.779872  
0.177268  0.578968  
0.0155686  0.875226  
0.0713538  0.732879  
0.0168818  0.87007  
0.00963247  0.901855  
0.137426  0.62929  
0.0209806  0.855153  
0.154954  0.606358  
0.0900295  0.699951  
0.167009  0.591333  
0.159888  0.60014  
0.0652784  0.744504  
0.0391115  0.802234  
0.197267  0.555853  
0.0631863  0.748631  
