2.37884  2.93912  
2.12749  2.93019  
2.00786  3.82056  
2.00543  3.63473  
2.39139  3.28856  
2.43464  3.21503  
1.65425  3.82228  
1.49499  4.06319  
2.18335  2.34877  
1.71112  3.8318  
2.07728  3.62408  
1.44775  3.93805  
1.61767  3.53017  
1.93233  3.4327  
1.57264  4.09308  
2.14654  2.86296  
2.01973  2.87076  
1.74135  3.56738  
2.3352  2.91799  
1.89402  3.71925  
2.39051  3.32493  
1.85711  3.8454  
2.20813  3.67239  
1.1673  4.1828  
2.11318  3.09982  
1.99353  2.97205  
2.21501  3.35336  
1.3609  4.25803  
2.38751  3.15186  
1.10378  4.27954  
1.60141  3.8983  
2.26606  3.4289  
1.89581  3.27203  
2.03559  2.99849  
1.99002  3.36506  
1.19186  4.24816  
1.97342  3.27075  
2.41783  2.58813  
1.64037  3.93468  
2.61784  2.89716  
2.10583  3.54214  
1.89039  3.71208  
2.44497  2.66767  
2.04097  3.8433  
0.851909  4.56255  
1.55381  3.89514  
2.64093  2.35663  
1.82129  4.25278  
2.07578  3.70002  
1.33251  4.26298  
1.51387  3.92054  
2.04658  3.42525  
1.92223  3.70261  
2.12481  3.01029  
1.87156  3.19409  
2.76885  2.12149  
2.47209  2.75042  
1.74284  3.68875  
1.78111  3.4848  
1.93992  3.60781  
2.23503  2.72657  
1.6117  4.44594  
1.51413  4.11982  
2.49459  2.80161  
1.94125  3.81737  
1.562  3.82131  
1.757  3.39758  
1.62108  3.606  
2.44835  3.14049  
1.67246  3.75524  
2.02256  3.45592  
1.63749  4.07831  
1.89056  3.37037  
2.45647  2.93802  
1.299  4.06142  
1.18318  4.2175  
2.39406  3.226  
2.20759  2.93515  
1.38333  4.13824  
2.07437  3.7601  
1.57701  3.66091  
1.16123  4.18651  
2.15638  2.73069  
2.49861  2.42625  
2.19138  3.11638  
2.00972  3.17968  
2.50427  2.44284  
2.4009  3.30638  
1.93583  3.39464  
2.48533  2.88637  
2.11127  2.98123  
2.25571  2.60589  
1.68715  3.616  
2.13754  3.37752  
1.89023  3.82054  
1.62853  3.81339  
2.64202  2.40281  
2.3871  3.19154  
1.7456  3.37538  
2.21302  2.73643  
1.14548  4.16352  
2.00677  3.11131  
2.09034  2.56179  
1.37572  3.89346  
1.09204  4.23763  
2.23972  1.9923  
0.957709  4.63868  
1.56428  3.5149  
2.05138  2.62091  
2.36492  0.36554  
1.36733  3.83362  
2.01478  3.04209  
2.31652  1.54381  
1.36109  3.84806  
2.3102  1.74247  
2.02824  2.62394  
2.10527  2.38039  
1.2035  3.97707  
2.10311  2.04789  
2.27538  0.278469  
1.48747  3.2721  
1.64112  3.28484  
0.998214  3.99389  
1.95784  2.48891  
1.3738  3.61202  
1.28464  3.7523  
2.21348  1.33925  
2.16989  1.84613  
2.07123  2.296  
1.68882  2.96962  
0.581356  4.26314  
0.897524  4.02995  
2.03603  2.33633  
1.92904  2.49548  
0.985883  4.00693  
2.25365  1.26022  
0.355645  4.32498  
2.32124  0.323364  
1.22818  3.60012  
2.09476  2.24706  
2.142  1.90702  
2.17412  1.52545  
0.759554  4.01376  
1.13051  3.65097  
1.81559  2.78662  
1.97114  2.20644  
1.47806  2.98271  
2.09918  2.00214  
1.83703  2.51729  
1.17768  3.98492  
1.2813  3.47299  
2.0469  2.17416  
1.73831  2.92798  
1.00274  3.95099  
1.03215  3.84955  
2.23658  1.53431  
1.91536  2.59331  
1.86991  3.08789  
1.41712  3.30832  
1.77779  2.8399  
0.658555  4.08705  
0.161615  4.16157  
2.14988  1.97495  
2.05052  2.09785  
1.70271  3.01937  
0.669926  4.22056  
1.42685  3.41433  
2.20539  1.73073  
1.84041  2.76783  
2.02096  2.3733  
2.1873  1.84794  
1.19653  3.87897  
1.76869  2.94857  
1.56789  3.2001  
2.16705  1.92341  
1.21353  4.06873  
2.03521  2.44208  
1.69726  3.27374  
0.778684  4.18321  
0.939198  4.24371  
0.445357  4.31112  
2.27999  0.315342  
1.40775  3.5342  
1.69502  3.17928  
2.16501  1.99259  
1.85073  2.74724  
1.8924  2.73737  
1.83751  2.90065  
2.22921  1.71196  
0.371033  4.32395  
1.91166  2.71921  
1.80747  3.28497  
1.17504  4.01462  
0.474665  4.3526  
1.23867  3.91891  
2.20506  1.92039  
0.968654  4.13462  
1.44557  3.66837  
1.54236  3.44632  
1.38513  3.79315  
2.11258  1.46333  
1.19037  3.67667  
1.3915  3.2889  
0.897491  3.8641  
0.598223  4.10712  
2.15804  1.12309  
1.32361  3.44112  
1.83632  2.54728  
0.965312  3.76309  
2.01653  1.68575  
1.49809  3.1054  
0.212289  4.18409  
2.20855  0.230713  
1.79336  2.46052  
1.6661  2.9437  
1.8946  2.05523  
2.12011  1.32909  
0.794978  3.94289  
1.14114  3.55826  
1.05037  3.656  
1.26729  3.36813  
1.84942  2.37091  
0.734796  3.91674  
1.94884  1.81949  
1.01007  3.64818  
0.56666  4.04794  
1.30544  3.19975  
2.02611  1.36344  
2.15459  0.767333  
1.41921  3.06081  
2.11512  0.977689  
1.14299  3.45077  
1.22144  3.31621  
0.867852  3.81849  
0.513905  4.06696  
1.03004  3.53085  
0.475092  4.09469  
2.0387  1.02623  
1.44387  2.85407  
1.9511  1.63315  
1.10238  3.48709  
0.748419  3.89761  
1.80136  2.13078  
2.16368  0.165719  
2.14652  0.930398  
0.671328  3.95346  
1.16215  3.38172  
1.84563  1.90896  
1.99046  1.46847  
1.72945  2.46371  
1.66482  2.55677  
1.70761  2.3348  
0.780411  3.83762  
0.117387  4.11726  
0.538302  4.08705  
1.26596  3.24216  
2.18032  0.182241  
1.93413  1.84595  
0.593983  4.00362  
0.715889  3.96192  
0.899398  3.71836  
1.34623  3.10272  
1.37868  3.22933  
0.958406  3.67543  
1.6607  2.78689  
0.713643  3.94185  
1.9393  1.83184  
2.1407  0.953429  
1.92454  1.87227  
2.15641  0.917053  
1.65423  2.833  
0.637867  4.02821  
0.895982  3.79748  
0.669225  3.98199  
1.64977  2.84683  
1.97364  1.67951  
0.508859  4.09161  
0.151894  4.15176  
1.48075  2.99741  
1.89511  1.99327  
1.0661  3.57013  
2.0538  1.34116  
0.800078  3.89106  
2.12795  1.01183  
1.20292  3.38457  
0.968011  3.69904  
1.41937  3.11252  
1.80128  2.40627  
1.5307  2.94577  
1.85984  2.19533  
1.28874  3.31778  
1.68349  2.79396  
0.923785  3.76015  
2.01676  1.57265  
1.15247  3.4987  
2.17173  0.753531  
0.894287  3.84568  
0.470045  4.1367  
1.0357  3.67555  
0.597255  4.06388  
1.08909  3.47731  
1.15142  3.38833  
0.74563  3.89576  
0.640927  3.95481  
2.04466  1.11018  
2.10678  0.489535  
1.07516  3.49087  
1.91206  1.65104  
0.550863  4.00376  
1.28604  3.17744  
1.19023  3.34336  
0.380901  4.07667  
0.946963  3.63688  
1.68627  2.41353  
1.94201  1.55776  
1.56591  2.8668  
2.08669  0.746772  
2.0102  1.20026  
0.773161  3.81508  
1.02582  3.54397  
1.05149  3.48158  
0.115459  4.11546  
1.99095  1.1838  
0.482258  3.99805  
1.78245  2.10135  
0.793661  3.77707  
0.592255  3.9531  
1.2852  3.08491  
2.00346  1.10107  
1.2486  3.25188  
1.36447  2.94363  
1.8903  1.55456  
1.93883  1.43992  
1.73561  2.27315  
1.0797  3.40455  
0.259248  4.08956  
0.895779  3.61229  
1.66556  2.32099  
0.880456  3.7007  
1.55378  2.63987  
1.41863  2.82837  
1.1749  3.25103  
0.979224  3.50337  
0.804647  3.77501  
1.55972  2.61808  
1.98699  1.25177  
1.3191  3.02429  
0.733324  3.81677  
0.766879  3.80249  
1.80142  1.83267  
0.121878  4.12089  
0.645713  3.88749  
1.60565  2.44482  
1.13194  3.32553  
1.22946  3.16364  
1.39906  2.99504  
1.96766  1.28407  
0.362619  4.06757  
0.726162  3.86486  
1.70429  2.1747  
0.83053  3.72663  
0.816773  3.75813  
0.436124  4.04278  
1.92601  1.53125  
2.02674  0.858077  
2.07511  0.0910052  
1.87131  1.60496  
1.34022  2.99937  
1.95327  1.39877  
0.696954  3.87279  
1.82349  1.97165  
0.86506  3.70961  
1.76753  2.15653  
1.54706  2.80758  
0.629021  3.93951  
0.335479  4.08238  
1.41485  2.93815  
1.99732  1.15351  
0.892914  3.69684  
1.31244  3.057  
1.8701  1.77671  
0.466624  4.03128  
0.884139  3.69519  
0.967342  3.60148  
2.02362  1.06938  
1.12797  3.40759  
0.781727  3.79576  
1.98318  1.26962  
1.86893  1.82871  
0.878  3.70183  
1.88198  1.74465  
2.1163  0.116785  
1.32756  3.08697  
0.806959  3.76833  
1.61763  2.52314  
1.97431  1.37436  
0.668966  3.92507  
0.79164  3.7981  
2.06699  0.980658  
0.486624  4.02777  
2.01391  0.538344  
1.3056  3.03684  
1.08953  3.37687  
0.451087  4.01372  
0.647558  3.87369  
2.0253  0.465622  
0.503829  3.97718  
1.59753  2.45201  
0.755541  3.78913  
0.893396  3.62785  
1.00649  3.47071  
1.60754  2.42243  
1.51909  2.65374  
1.92142  1.22112  
0.29878  4.06685  
0.352139  4.04254  
2.00178  0.645603  
1.73818  2.0355  
0.111224  4.10572  
1.14922  3.28414  
1.97798  0.811207  
1.32748  2.99824  
0.982347  3.49188  
2.04896  0.369167  
2.0591  0.0591025  
1.77288  1.91372  
1.91497  1.26881  
1.54101  2.59959  
1.96966  0.870057  
1.96622  0.901516  
1.75339  1.98056  
0.618144  3.89865  
0.963854  3.52652  
0.531611  3.96043  
0.201228  4.09567  
0.926824  3.58256  
0.476215  3.99478  
1.71999  2.10484  
1.98772  0.755531  
1.58366  2.50161  
1.85985  1.5793  
1.95395  1.03255  
1.83744  1.66023  
1.92899  1.17324  
1.36601  2.92951  
1.17017  3.25153  
0.23135  4.08876  
1.21554  3.19232  
1.9083  1.32592  
1.01534  3.46374  
1.37975  2.90372  
1.35509  2.94891  
1.48582  2.80724  
1.6443  2.31685  
1.62028  2.38833  
1.87483  1.45586  
1.56032  2.55642  
1.07302  3.39844  
0.909514  3.60748  
1.50915  2.73751  
1.63528  2.35854  
0.711  3.82831  
0.27057  4.07868  
1.51408  2.68517  
1.79318  1.81521  
0.944262  3.55361  
1.76446  1.93739  
1.26763  3.11091  
0.84421  3.66653  
0.546  3.94947  
0.865931  3.64339  
0.790269  3.7492  
1.88986  1.40621  
2.00668  0.611368  
0.571806  3.93072  
1.81478  1.76083  
1.82646  1.71409  
0.817973  3.7003  
1.85208  1.61192  
1.28457  3.07401  
1.80486  1.78465  
1.24359  3.14246  
0.595249  3.915  
1.66926  2.26196  
1.05685  3.42987  
1.6491  2.30385  
1.3962  2.87268  
1.22988  3.15844  
1.13015  3.30918  
1.56649  2.52637  
0.730306  3.81003  
1.94245  1.10107  
0.6768  3.8533  
1.69905  2.16239  
1.68885  2.21195  
1.41761  2.82735  
1.178  3.2369  
1.10518  3.35019  
1.86574  1.53411  
0.414582  4.02903  
1.32498  2.99841  
1.80823  1.75004  
1.90579  1.28849  
0.199334  4.09504  
0.22941  4.07992  
0.368499  4.01956  
1.63233  2.34143  
1.79643  1.78039  
1.78506  1.82299  
1.38258  2.89355  
1.68275  2.20606  
1.73037  2.04185  
0.261902  4.06807  
0.602016  3.88799  
1.10934  3.33568  
1.47832  2.76513  
2.00065  0.418266  
0.941934  3.55171  
1.57165  2.5029  
1.02264  3.45552  
0.749714  3.78061  
1.64739  2.29982  
1.14508  3.28293  
0.841225  3.66032  
1.9667  0.809158  
1.97504  0.751597  
1.18836  3.22585  
0.334601  4.03534  
0.98141  3.49353  
0.795032  3.71962  
0.993951  3.47513  
1.99548  0.478929  
0.305256  4.05042  
1.84144  1.60796  
1.88171  1.39233  
1.09086  3.36598  
1.66419  2.25817  
1.58695  2.46133  
1.17097  3.24857  
0.105648  4.10565  
2.00653  0.23557  
1.30699  3.03198  
1.4171  2.82624  
1.05445  3.42715  
2.00988  0.0832426  
0.52743  3.93284  
1.2149  3.19083  
0.712329  3.80822  
1.75106  1.96704  
1.98426  0.640823  
1.12883  3.3105  
0.495455  3.95034  
2.01786  0.0189607  
1.93666  1.08387  
0.665443  3.8428  
1.249  3.13538  
0.818336  3.69721  
0.634686  3.86504  
1.77742  1.86157  
1.94609  1.01963  
0.400471  4.00339  
1.3992  2.86291  
1.50959  2.65291  
0.904104  3.57486  
0.431245  3.98761  
1.48791  2.71172  
1.8917  1.35102  
1.92961  1.11963  
1.71437  2.0906  
1.95255  0.936591  
1.69092  2.15676  
1.91293  1.22843  
1.28502  3.06929  
1.76321  1.92172  
1.98809  0.560937  
0.881008  3.60555  
1.59979  2.42253  
1.55435  2.53974  
1.83051  1.65035  
1.82103  1.69563  
1.86296  1.49741  
0.457371  3.9692  
1.73851  2.00695  
0.690555  3.82476  
1.96067  0.871002  
1.34878  2.96133  
0.569478  3.90886  
1.53577  2.59427  
1.92251  1.16198  
0.772054  3.74734  
0.860861  3.63267  
1.85365  1.54864  
1.87206  1.44857  
1.26907  3.10153  
1.61728  2.38476  
1.23086  3.15585  
1.07234  3.39736  
0.960917  3.52244  
1.36433  2.92866  
1.70265  2.12675  
1.55218  2.54151  
0.371779  4.01554  
0.402476  4.00087  
0.265632  4.06413  
1.30744  3.03057  
1.24863  3.13487  
0.526821  3.93274  
1.70171  2.11879  
1.59904  2.41966  
0.339512  4.03139  
1.63198  2.3296  
0.976134  3.49991  
0.781213  3.72343  
1.99235  0.479178  
1.90927  1.2354  
1.26875  3.10067  
1.00026  3.47136  
1.67954  2.20524  
2.00554  0.0425807  
1.17041  3.2485  
2.00216  0.216822  
0.180641  4.09008  
1.64525  2.29329  
1.89981  1.2906  
1.73471  2.01158  
1.05515  3.42375  
2.00936  0.00936064  
1.56819  2.50265  
1.02197  3.45545  
1.74783  1.97122  
0.431241  3.9855  
0.709093  3.8057  
1.48454  2.70738  
1.72543  2.04388  
1.28499  3.06785  
1.83815  1.60059  
0.736162  3.77481  
1.2129  3.19158  
1.7855  1.81773  
1.99736  0.399525  
0.223093  4.07698  
1.85984  1.50009  
1.98597  0.568223  
1.39801  2.86341  
1.95099  0.93471  
1.85169  1.54804  
1.91872  1.16094  
1.35006  2.9581  
0.811081  3.68932  
1.58684  2.45647  
1.81807  1.69353  
1.77763  1.85846  
1.79705  1.77694  
1.47432  2.75341  
1.76008  1.92173  
0.569727  3.90841  
1.8899  1.35272  
1.82828  1.64814  
0.684973  3.82575  
1.71252  2.09123  
1.07345  3.39469  
0.91865  3.56522  
0.900351  3.57746  
1.14506  3.28235  
1.97404  0.715223  
1.38258  2.89249  
1.87061  1.44654  
1.87972  1.39325  
1.50732  2.64947  
0.959572  3.52381  
0.458064  3.96853  
0.105323  4.10532  
1.13097  3.30541  
1.11127  3.32941  
1.18734  3.22622  
1.98161  0.633482  
1.80728  1.7494  
0.663172  3.84342  
1.36351  2.92876  
0.880298  3.60423  
1.09102  3.36362  
1.66205  2.2549  
0.943509  3.54677  
1.94238  1.0054  
1.2306  3.15559  
1.96827  0.762427  
1.9597  0.8519  
1.93087  1.07733  
1.61435  2.38182  
1.53224  2.59133  
0.633399  3.86534  
1.32504  2.99807  
0.601216  3.88773  
1.68928  2.15878  
0.836744  3.65862  
1.41682  2.82596  
0.494027  3.95051  
0.301351  4.04947  
0.766948  3.74361  
0.860424  3.62942  
1.97192  0.712033  
1.72287  2.05013  
0.997371  3.4718  
1.17044  3.24814  
1.6767  2.20465  
0.83703  3.65765  
1.39795  2.86335  
0.707939  3.80002  
1.69909  2.12253  
1.79667  1.77469  
0.426151  3.98926  
1.48284  2.70568  
1.59857  2.41706  
0.370292  4.0151  
1.53107  2.59017  
1.95895  0.849891  
1.07336  3.39391  
0.104907  4.10491  
0.602759  3.8863  
1.30701  3.0313  
1.58552  2.45719  
1.83838  1.59951  
1.94146  0.998365  
1.85067  1.54549  
0.880877  3.60167  
1.89984  1.28598  
0.332391  4.03455  
0.173207  4.09114  
0.918103  3.56375  
1.50624  2.6484  
0.736348  3.77388  
1.71277  2.08796  
1.26905  3.09914  
1.78546  1.81434  
1.99702  0.356898  
1.21404  3.19013  
1.65938  2.25244  
1.36445  2.92627  
1.24923  3.13406  
0.959026  3.52382  
1.93074  1.07585  
0.786838  3.71485  
0.976118  3.49908  
1.87055  1.44231  
1.88026  1.38495  
1.77635  1.85489  
1.88884  1.34117  
1.82859  1.64477  
1.98019  0.626874  
0.632969  3.86518  
1.85952  1.49925  
1.32503  2.99778  
1.2304  3.15589  
0.764291  3.74583  
0.258399  4.06485  
0.900447  3.5762  
0.45839  3.96792  
1.68904  2.15633  
0.401489  4.00092  
1.47138  2.74682  
1.73413  2.00864  
1.96735  0.765205  
1.09157  3.3619  
1.80592  1.74443  
1.61369  2.37998  
0.492945  3.95026  
1.11063  3.32921  
1.38255  2.89245  
2.00754  0.00754399  
1.74782  1.96087  
1.75859  1.92024  
0.658063  3.84662  
0.943457  3.54617  
1.2856  3.06659  
1.34911  2.95951  
0.859278  3.62993  
1.41672  2.82587  
0.681879  3.82956  
1.18818  3.2255  
2.00192  0.216588  
1.95  0.930491  
1.91767  1.16263  
1.99072  0.485721  
1.90662  1.23842  
1.81822  1.68979  
0.29542  4.05088  
1.02152  3.45488  
1.05522  3.4225  
1.98569  0.567845  
0.569146  3.90813  
0.812265  3.68664  
1.63029  2.32979  
1.13415  3.29945  
0.530581  3.93087  
2.00506  0.0421063  
1.5673  2.49535  
1.14736  3.2803  
1.55172  2.53903  
0.221018  4.07693  
1.64454  2.29304  
1.59797  2.41646  
0.737821  3.77183  
1.99639  0.355539  
1.02256  3.45418  
1.53035  2.58944  
1.79658  1.77102  
1.90541  1.23747  
1.26852  3.09989  
0.602652  3.88596  
1.32493  2.99769  
1.98416  0.577542  
0.569114  3.90774  
1.13222  3.30181  
0.528276  3.9313  
1.38275  2.89185  
1.68898  2.15388  
0.91917  3.56203  
1.75926  1.91751  
0.104859  4.10486  
1.83819  1.59395  
0.996296  3.47158  
0.786524  3.71441  
1.82672  1.64899  
1.95004  0.926931  
1.07347  3.39285  
1.88879  1.33922  
1.46972  2.74517  
0.965848  3.51424  
1.17464  3.24271  
0.900106  3.57556  
1.91685  1.16189  
1.99077  0.46048  
1.74796  1.95969  
0.978285  3.49536  
1.9406  0.997994  
1.34871  2.96023  
1.58436  2.45603  
1.6439  2.29197  
1.98014  0.627666  
0.219486  4.07726  
0.492725  3.95005  
0.332897  4.03405  
1.84995  1.54348  
1.41675  2.82566  
1.25068  3.13191  
1.80623  1.74156  
0.657364  3.84655  
1.7755  1.85404  
1.36455  2.92587  
0.166176  4.09075  
1.88067  1.37896  
1.1472  3.28014  
1.78599  1.81075  
1.81699  1.69468  
1.56713  2.49542  
1.9305  1.07562  
0.432691  3.98393  
0.458919  3.96685  
0.294037  4.05062  
1.192  3.22207  
1.28541  3.06641  
1.55046  2.53889  
1.89972  1.28428  
1.62978  2.33044  
1.0546  3.42281  
0.946493  3.54234  
1.73341  2.00846  
0.258055  4.06488  
2.00423  0.0376944  
1.972  0.706663  
1.71112  2.08661  
0.81348  3.68589  
1.23115  3.15419  
0.370978  4.01462  
1.67506  2.2027  
1.50518  2.64771  
0.631347  3.8662  
1.86  1.49214  
0.684654  3.82573  
1.30706  3.03091  
1.65784  2.2509  
0.880869  3.60151  
1.95847  0.853245  
1.09154  3.36186  
0.402437  4.00008  
1.48217  2.70419  
0.76242  3.74527  
1.69865  2.12134  
0.70908  3.79862  
1.8705  1.43509  
0.83693  3.65724  
1.61334  2.38057  
2.00147  0.216149  
1.72294  2.04853  
1.2142  3.18877  
1.96654  0.760726  
1.11086  3.32802  
1.39774  2.86317  
0.859644  3.62907  
2.00638  0.00638064  
0.219886  4.07691  
1.02248  3.45421  
1.64319  2.29176  
1.95827  0.854068  
1.78577  1.81139  
1.90548  1.23491  
1.05441  3.42247  
1.25175  3.13046  
1.0734  3.39277  
0.658466  3.84557  
1.69838  2.12131  
1.70993  2.08851  
0.631179  3.8661  
0.602419  3.88572  
1.83875  1.59071  
1.80502  1.7398  
0.709393  3.7975  
1.81555  1.69674  
1.74732  1.95861  
1.48035  2.70236  
0.330711  4.03389  
1.88057  1.37903  
1.972  0.70338  
1.96616  0.76091  
1.54961  2.53919  
1.68828  2.15619  
1.41657  2.82548  
1.13139  3.30332  
1.28536  3.06618  
1.09159  3.36174  
1.5302  2.58929  
1.32545  2.99691  
0.900028  3.5752  
0.787916  3.7125  
1.67504  2.20267  
0.104799  4.1048  
0.528263  3.93129  
0.684703  3.8253  
1.1912  3.2223  
0.963465  3.51793  
1.39768  2.8631  
1.93033  1.07545  
1.23437  3.14946  
1.21225  3.1927  
0.434546  3.98252  
0.293773  4.05055  
1.34906  2.95892  
0.944787  3.54364  
1.30883  3.02706  
0.166576  4.09053  
1.99031  0.463872  
1.72208  2.04949  
1.79571  1.77268  
1.99615  0.355264  
1.61249  2.37972  
1.47018  2.73731  
1.94069  0.996671  
2.00104  0.216019  
1.88873  1.33916  
0.91951  3.56168  
0.765162  3.74075  
1.22356  3.17004  
0.859593  3.62902  
1.11074  3.3279  
1.91676  1.16217  
0.25747  4.06471  
1.82639  1.6499  
1.147  3.27994  
1.62949  2.33045  
1.26921  3.09823  
1.36567  2.92759  
1.8597  1.49302  
1.75892  1.91212  
1.58417  2.45584  
0.99541  3.47201  
0.836891  3.65684  
1.73308  2.00752  
1.94952  0.930071  
1.84779  1.54736  
1.97984  0.618101  
1.77557  1.85292  
1.59797  2.41646  
0.458821  3.96675  
1.65764  2.2507  
0.979788  3.49345  
0.741413  3.76256  
0.402238  3.99969  
1.87058  1.43351  
0.880812  3.60143  
0.370867  4.01451  
1.5644  2.50437  
2.00439  0.00438883  
0.813864  3.68469  
0.569988  3.90675  
1.98537  0.549587  
1.17018  3.24739  
1.38263  2.89173  
1.50392  2.64617  
0.492569  3.95007  
1.89934  1.28333  
1.30806  3.02802  
0.257469  4.06471  
1.74668  1.96073  
1.75881  1.91059  
0.978542  3.49509  
1.54975  2.53607  
1.50377  2.64552  
1.59663  2.41946  
0.707968  3.79878  
1.07294  3.39344  
1.72124  2.05197  
1.96611  0.761664  
1.79561  1.77258  
1.85893  1.49264  
1.70925  2.08639  
1.38256  2.89185  
1.56673  2.49534  
1.14669  3.28013  
1.61255  2.37842  
0.994766  3.47226  
1.46942  2.74092  
1.89949  1.2662  
1.94858  0.930376  
0.763902  3.74117  
1.34885  2.95955  
0.459169  3.96648  
0.879691  3.60248  
1.84749  1.5478  
1.91589  1.16173  
0.294133  4.05009  
1.41651  2.82542  
0.566001  3.90914  
1.93002  1.07495  
1.62891  2.32986  
1.02448  3.45289  
0.919275  3.56151  
1.2856  3.06681  
1.19056  3.22287  
1.64153  2.29536  
0.734565  3.76875  
0.330879  4.03364  
1.95821  0.854003  
1.58358  2.45525  
1.32569  2.99851  
0.814461  3.683  
0.104785  4.10478  
0.527337  3.93153  
1.97112  0.705569  
0.962754  3.51887  
1.88841  1.33933  
2.00374  0.00373739  
1.26942  3.0976  
1.87009  1.43463  
1.22404  3.16888  
0.402217  3.99967  
1.52949  2.5884  
0.899907  3.57445  
1.65751  2.25057  
1.67396  2.20023  
1.99571  0.350366  
1.90625  1.231  
1.94039  0.996991  
0.684318  3.82556  
0.85931  3.62864  
1.97955  0.622375  
1.25167  3.13012  
2.00026  0.215185  
1.83744  1.59483  
1.48023  2.70175  
1.78574  1.81136  
1.698  2.12202  
0.219744  4.07684  
1.81585  1.69391  
0.492858  3.94991  
1.09157  3.36172  
1.36355  2.92799  
1.21122  3.19457  
0.837066  3.65593  
1.73264  2.00702  
1.68828  2.15619  
1.77502  1.85467  
0.371285  4.01368  
1.23459  3.14861  
1.39861  2.86188  
1.80501  1.73983  
1.13164  3.30249  
0.945215  3.54277  
1.88027  1.37889  
0.602379  3.88568  
1.17009  3.2473  
1.05438  3.42243  
1.98486  0.554469  
1.11075  3.32776  
0.43436  3.98233  
0.658358  3.84563  
0.631367  3.86571  
1.9904  0.460113  
0.787977  3.71211  
1.82609  1.64883  
0.166426  4.09051  
