0.795546  10.9524  
0.335074  12.5782  
0.511948  14.6616  
0.0404407  14.2171  
0.0502433  13.4138  
0.0912201  14.3447  
0.441137  13.1221  
0.640021  11.0287  
0.988781  10.8293  
0.87581  9.07867  
0.131772  13.6423  
0.00956613  12.644  
0.636256  12.7814  
0.932632  10.5065  
0.148347  13.3706  
0.416739  13.6351  
0.523891  14.3315  
0.657242  10.2815  
0.560857  13.0293  
0.665089  11.76  
0.387816  11.4967  
0.950432  11.0792  
0.0104916  14.1316  
0.21033  11.635  
0.931254  11.271  
0.495532  11.0435  
0.231824  12.4811  
0.744768  9.47238  
0.420542  13.6234  
0.136961  13.1001  
0.424385  11.5417  
0.71758  10.7176  
0.491034  13.9854  
0.00323227  14.386  
0.49943  14.4352  
0.311318  14.103  
0.875275  10.2455  
0.987056  11.939  
0.216731  13.3111  
0.455892  12.9007  
0.141779  11.9854  
0.370302  11.656  
0.0788658  14.41  
0.930327  11.4978  
0.299679  14.9757  
0.680162  13.3572  
0.932582  13.0566  
0.439367  12.9687  
0.397518  11.948  
0.989888  11.529  
0.888207  12.4243  
0.227355  10.4519  
0.131489  12.6508  
0.193418  11.9276  
0.0798463  13.6387  
0.294854  12.3661  
0.289635  11.1969  
0.119073  13.2661  
0.387141  10.5005  
0.261773  12.8123  
0.0228746  14.2328  
0.00937617  12.0204  
0.161571  13.7753  
0.743939  11.7033  
0.837432  11.4829  
0.916289  12.3857  
0.485834  13.1221  
0.395474  10.6845  
0.902955  11.9569  
0.601679  10.2746  
0.10805  12.5338  
0.890851  9.75613  
0.982139  12.9313  
0.898615  12.0139  
0.329125  16.6266  
0.631534  10.8952  
0.315047  12.4529  
0.364971  12.3671  
0.893347  12.0067  
0.668602  13.381  
0.3085  13.9374  
0.207966  12.64  
0.476015  13.9182  
0.271677  12.5898  
0.122931  12.303  
0.925592  12.2211  
0.6404  13.8303  
0.509148  14.7021  
0.90557  10.5413  
0.146835  10.4431  
0.688925  12.0309  
0.200964  12.7779  
0.344609  14.8243  
0.0264696  14.8295  
0.343094  16.1774  
0.517256  15.1147  
0.951241  13.4952  
0.95932  11.6346  
0.230117  14.6387  
0.185841  10.8473  
1.19846e-06  7.85464  
0.00190462  7.50509  
0.692269  8.20985  
0.00368387  9.78731  
0.830823  8.47826  
0.00141773  9.22727  
0.726615  7.95678  
0.090104  8.9145  
0.000229794  9.86463  
0.794214  7.58284  
0.826283  7.42188  
0.00122616  9.19411  
0.966982  6.72108  
0.662994  7.65983  
0.0427071  8.66169  
0.884757  6.82824  
0.768968  7.13014  
0.026359  8.5002  
0.779518  6.94571  
0.000229794  8.76048  
0.627161  7.56654  
1.77282e-10  6.81744  
0.787662  5.54308  
0.767727  6.74755  
0.0241597  6.63946  
0.811371  5.26419  
0.891316  6.00528  
5.88722e-17  7.73247  
0.729639  5.29914  
2.32435e-14  7.52294  
0.0263351  6.18198  
0.715642  6.29697  
0.00190462  7.46222  
0.142863  6.31757  
0.803484  5.16452  
0.143714  6.64407  
0.68334  6.0464  
0.825523  4.89854  
0.81209  5.69704  
4.40926e-11  6.35697  
0.73325  6.24321  
0.864975  4.37808  
0.744404  6.56029  
0.0769463  6.04694  
0.0464639  7.51479  
5.88722e-17  6.17672  
5.05094e-11  7.85417  
0.733952  5.55306  
0.0426837  6.08073  
5.07632e-05  6.72456  
0.743413  6.03267  
0.0963257  5.994  
0.111525  5.93194  
0.721376  4.9206  
0  6.45679  
0.71812  5.45548  
0  6.1029  
0.0853192  6.03532  
0.252871  6.47816  
0.124354  5.91479  
0.812116  4.09425  
1.92036e-12  7.1631  
0.0119839  6.1126  
0.862919  7.42715  
0.104562  6.04732  
0.823686  5.7285  
0.670526  5.49992  
4.72118e-05  8.3162  
0.744256  5.62354  
0.237842  7.37588  
0.13071  3.74601  
0.090104  6.7481  
8.46593e-06  7.36906  
0.869249  5.35578  
0.00122206  7.01129  
0.738908  5.74239  
2.66535e-08  7.26671  
0.770208  5.77131  
0.00694997  7.15126  
0.906134  5.42424  
0.738908  6.64001  
0.795713  5.7393  
2.54295e-07  7.72415  
0.0528416  7.33455  
0.774185  6.11682  
0.729035  7.17037  
1.19846e-06  7.83823  
2.60424e-07  7.89402  
0.000142641  8.21857  
0.809337  6.29388  
0.0121736  7.58846  
0.749898  6.91704  
0.852023  6.20529  
0.736632  7.24618  
1.19846e-06  8.49364  
8.30088e-07  10.0758  
1.02804e-06  8.95471  
0.852413  6.33847  
0.0769463  8.39219  
0.991192  6.01063  
0.00593566  6.52958  
0  6.59941  
0.93991  4.28167  
0.0680092  5.72961  
0  6.57423  
0.703147  4.92307  
0.681776  5.15246  
0.201662  5.45319  
0.000467292  5.89894  
0.724451  4.64735  
0.048539  5.52412  
0.868843  3.79917  
0  6.4985  
1.21714e-22  6.19889  
0.000135713  5.86806  
0.697114  4.74753  
0.806137  4.02513  
0.207151  4.97099  
0.750423  4.25308  
0.000904941  5.15297  
0.742695  4.66983  
0.0528295  5.09759  
0.849328  2.93146  
0.719034  4.37796  
0.0383776  5.39274  
0.699215  4.71337  
0.739705  4.26643  
0.697536  4.44274  
2.92737e-15  5.11667  
0.762505  3.65754  
0.685317  4.87758  
0.746074  4.61031  
0.0805756  4.724  
0  4.84645  
0.778652  3.9384  
0.118783  5.30571  
0.796516  3.4783  
0.843597  3.83114  
0.751517  4.11053  
0.0919892  4.66947  
0.725629  4.42311  
0.766444  3.28261  
0.835894  3.69405  
0.837836  3.02882  
2.75023e-15  6.01979  
0.687372  4.63944  
0.192568  3.62057  
0.742828  4.56427  
0.691768  5.25719  
1.21714e-22  4.82537  
1.21714e-22  5.2878  
0.799886  4.24351  
0.684142  4.61938  
0.808973  3.03814  
0.750056  3.38643  
0.716958  4.44951  
0.121936  4.60583  
0.716319  4.62525  
1.21714e-22  6.05123  
0.0641443  4.75913  
0.806764  3.0567  
0.808875  4.00205  
0.235824  4.95347  
0.790315  3.14782  
0.81749  4.07485  
0  4.92524  
0.730776  4.64799  
0.775852  3.2186  
0.780545  3.99931  
0.0792448  4.70809  
0.825288  3.99009  
0.736974  3.52288  
0  6.2294  
0.808175  3.84136  
0.6732  4.80019  
0.70954  4.53217  
0.20093  5.05403  
2.75023e-15  6.09566  
6.6292e-16  5.15101  
0  5.74067  
0.844767  3.75526  
0.692001  4.70122  
0.203533  5.09208  
0.753522  4.49774  
0.770714  4.21282  
0.237502  5.1399  
0.000338631  5.48559  
1.84333e-09  5.17735  
0.683713  4.8891  
0.648081  5.06855  
0.759738  4.46299  
0.850099  3.76405  
0.716319  4.62814  
0.7951  4.09799  
0.693921  4.79101  
0.211554  5.18978  
0.165486  4.55602  
0.771665  4.36901  
0.770439  4.07066  
0.782934  4.24745  
0.770448  3.49106  
0.778973  3.4619  
0.839274  3.3014  
5.17254e-05  4.87225  
0.736323  3.6927  
0.722354  3.81387  
0.649291  4.35899  
0.217498  4.45061  
0.746191  3.6409  
0.771551  3.47153  
0.704663  3.92825  
0.078562  4.79111  
0.681487  4.1234  
0.122666  4.70443  
0.694569  4.00195  
0.797489  3.32082  
0.24428  4.3871  
0.761089  3.54092  
0.729885  3.73509  
0.000355723  4.86006  
0.16838  4.50026  
0.85067  3.16869  
0.169892  4.06179  
0.761089  3.53357  
0.055708  4.34228  
0.68796  3.5948  
0.234925  3.99464  
0.809452  2.8316  
0.796957  3.2999  
0.72674  3.72497  
0.846156  3.14748  
1.77171e-16  4.45159  
0.801904  2.87127  
0.753689  3.13074  
0.00188922  4.43364  
0.769219  3.45134  
0.793416  2.90837  
0.748132  3.59996  
0.723596  3.779  
0.723851  3.34561  
0.0791908  4.31159  
0  4.50068  
0.73037  3.27038  
0.768984  3.03499  
0.0147496  4.43493  
0.772406  3.01054  
0.81778  2.37321  
0.702372  3.47321  
0.203517  4.00808  
0.0979465  4.25681  
0.762173  3.08546  
0.663321  3.82546  
2.59835e-05  4.44745  
0.0172282  3.98018  
0.159959  4.13536  
0.672019  3.70791  
0.709075  3.4304  
0.739682  3.22961  
0.704589  3.92385  
0.795538  2.8784  
0.00976317  4.42045  
0.718497  3.37712  
0.10865  4.21823  
0.779232  2.97985  
2.62481e-15  4.44482  
0.752955  3.55429  
0.788273  3.43832  
0.709956  3.86302  
0.124859  4.17724  
0.817063  3.23801  
0.751308  3.1382  
0.740061  3.65152  
0.789718  3.34068  
0.701067  3.93099  
0.720068  3.79201  
0.835046  3.207  
0.0513368  4.36518  
0.743389  3.63301  
0.734195  3.68305  
0.7081  3.90201  
0.716384  3.82738  
0.76596  3.49399  
0.772554  3.44165  
0.177444  4.05621  
0.717307  3.81492  
0.697141  3.98051  
0.699963  3.94642  
2.62481e-15  4.58569  
0.73268  3.7053  
0.793416  3.3366  
0.814189  3.29694  
0.76862  3.48123  
0.722622  3.78393  
0.765806  3.50766  
0.709075  3.89842  
0.731422  3.7242  
0.808448  3.2998  
0.793524  3.33648  
0  4.91845  
6.2438e-16  4.89885  
0.751702  2.70863  
0.794154  2.46523  
0.697571  3.1024  
0.141237  3.72159  
0.17221  3.6559  
0.156956  3.68677  
0.688617  3.16997  
0.198888  3.61141  
0.674328  3.27703  
0.693801  3.13084  
0.667995  3.32365  
0.658629  3.39794  
0.684851  3.19837  
0.228894  3.58048  
0.835698  2.33095  
0.0285441  3.96387  
0.70801  3.02318  
0.0751977  3.87586  
0.691001  3.15281  
0.726877  2.88244  
0.797657  2.44957  
0.145559  3.71233  
0.778677  2.5437  
0.068449  3.8915  
0.207524  3.60044  
0.217543  3.58946  
0.0998199  3.81967  
0.122693  3.76501  
0.164429  3.67118  
0.775744  2.56183  
0.817548  2.37423  
0.807006  2.41095  
0.664386  3.34992  
0.655452  3.4141  
0.636744  3.54165  
0.739896  2.78905  
0.19097  3.62321  
0.0136632  3.98458  
0.702535  3.06447  
0.149057  3.70416  
0.0332691  3.95662  
0.677884  3.25511  
0.643607  3.49564  
0.0549753  3.91784  
0.722481  2.91475  
0.0627538  3.90234  
0.114497  3.78459  
0.127861  3.75276  
0.66095  3.37547  
0.70083  3.0774  
0.64765  3.46885  
0.119326  3.77384  
0.256877  3.5737  
0.800565  2.43676  
0.0937172  3.83387  
0.853375  2.30848  
0.829054  2.34276  
0.234715  3.57723  
0.650956  3.44562  
0.181083  3.63959  
0.103846  3.80999  
0.244578  3.57388  
0.67987  3.23575  
0.791824  2.47621  
0.734453  2.8276  
0.758801  2.6621  
0.682814  3.21415  
0.135442  3.73498  
0.843976  2.31629  
0.0410066  3.94408  
0.706884  3.03235  
0.766736  2.61394  
0.185871  3.63172  
0.746297  2.74473  
0.74839  2.73123  
0  4  
0.763633  2.63166  
0.671188  3.30178  
0.0794425  3.86649  
0.719026  2.94129  
0.111812  3.79117  
0.729756  2.86222  
0.839485  2.32244  
0.716362  2.96039  
0.786379  2.50373  
0.0480689  3.9309  
0.737522  2.80759  
0.083925  3.85642  
0.640044  3.51926  
0.859311  2.30715  
0.0207003  3.97529  
0.00603386  3.99364  
0.770929  2.58768  
0.782711  2.52199  
0.712203  2.99188  
0.0898086  3.84295  
0.755273  2.68484  
0.743687  2.76415  
0.824709  2.3533  
0.812265  2.39212  
0.10903  3.79763  
0  4  
0.723152  2.9098  
0.809411  2.40166  
0.0764961  3.87301  
0.642639  3.50165  
0.752964  2.69994  
0.729823  2.86096  
0.0704146  3.88621  
0.200163  3.60957  
0.709298  3.01332  
0.772697  2.57739  
0.229564  3.58004  
0.726302  2.88664  
0.670668  3.30405  
0.661448  3.37107  
0.0380762  3.94855  
0.0646144  3.89842  
0.677182  3.25582  
0.00866592  3.99063  
0.0234541  3.9714  
0.0830288  3.85843  
0.153762  3.69361  
0.170028  3.66003  
0.759259  2.65912  
0.695048  3.12125  
0.126521  3.75591  
0.800098  2.43874  
0.680554  3.23062  
0.180942  3.63975  
0.776384  2.55641  
0.646202  3.47766  
0.762408  2.63927  
0.0985741  3.82246  
0.649113  3.45779  
0.0518032  3.9239  
0.804603  2.42011  
0.78879  2.49091  
0.655172  3.41567  
0.667403  3.32797  
0.689238  3.16524  
0.0306082  3.96068  
0.158467  3.68354  
0.720681  2.92808  
0.0941088  3.83294  
0.732771  2.83967  
0.163898  3.67226  
0.716585  2.95859  
0.175032  3.65048  
0.23915  3.57537  
0.791522  2.47762  
0.652273  3.43594  
0.0163881  3.98109  
0.814223  2.38472  
0.114859  3.78371  
0.0464694  3.93382  
0.691881  3.14524  
0.712972  2.98565  
0.193105  3.61975  
0.63552  3.54837  
0.674031  3.27922  
0.142181  3.71941  
0.756374  2.67765  
0.705462  3.0423  
0.783969  2.51539  
0.859363  2.307  
0.664216  3.35113  
0.148406  3.70538  
0.780228  2.53525  
0.841623  2.31932  
0.658252  3.3939  
0.137539  3.73007  
0.742536  2.77062  
0.639201  3.52442  
0.251262  3.57319  
0.186891  3.6296  
0.824062  2.35502  
0.735821  2.81784  
0.131689  3.74371  
0.119986  3.77146  
0.221116  3.58625  
0.739156  2.79423  
0.769771  2.5945  
0.088776  3.84531  
0.850378  2.31019  
0.82931  2.34198  
0.103873  3.80992  
0.701762  3.07033  
0.682721  3.21437  
0.698006  3.09881  
0.21442  3.59251  
0.206939  3.60085  
0.819016  2.36941  
0.745997  2.74677  
0.795646  2.45837  
0.766355  2.61498  
0.686263  3.18771  
0.0582036  3.91145  
0.749584  2.72246  
0.835164  2.3298  
0.75379  2.6945  
0.711048  3.00013  
0.790738  2.48139  
0.859345  2.307  
0.12486  3.75985  
0.642087  3.50533  
0.726097  2.88813  
0.78043  2.53416  
0.0782971  3.86903  
0.0256671  3.96818  
0.0963905  3.8276  
0.0548135  3.91811  
0.744338  2.75816  
0.734866  2.82465  
0.681962  3.22007  
0.801506  2.43278  
0.657835  3.39685  
0.827995  2.34506  
0.661432  3.37119  
0.142096  3.7196  
0.152958  3.69536  
0.756763  2.67513  
0.203946  3.60457  
0.667478  3.32742  
0.74125  2.77956  
0.773533  2.57257  
0.763536  2.63226  
0.192086  3.62131  
0.713683  2.98032  
0.770059  2.5928  
0.685142  3.19616  
0.118381  3.77529  
0.648348  3.46303  
0.705242  3.04397  
0.00952851  3.98962  
0.708006  3.02307  
0.164923  3.67018  
0.645148  3.4848  
0.0843777  3.85537  
0.676144  3.26354  
0.76681  2.61222  
0.158826  3.68278  
0.0328734  3.9571  
0.0478415  3.93131  
0.211883  3.59518  
0.178106  3.64482  
0.102234  3.81381  
0.0723173  3.88212  
0.848776  2.31142  
0.198493  3.61188  
0.670125  3.30804  
0.716729  2.9575  
0.664507  3.34902  
0.75095  2.71331  
0.777096  2.55243  
0.237002  3.57619  
0.702247  3.06665  
0.797856  2.44847  
0.794329  2.46441  
0.731862  2.84621  
0.76023  2.65295  
0.135157  3.7356  
0.12956  3.74872  
0.171115  3.65792  
0.638724  3.52755  
0.813312  2.38781  
0.184481  3.63363  
0.787304  2.49832  
0.251251  3.57319  
0.223087  3.58463  
0.738064  2.80193  
0.679062  3.24179  
0  4  
0.0671392  3.89316  
0.635369  3.54934  
0.654501  3.42038  
0.688421  3.17142  
0.698258  3.0969  
0.69487  3.1226  
0.0903818  3.84161  
0.818585  2.37072  
0.834327  2.33138  
0.651407  3.44196  
0.728984  2.86706  
0.723064  2.91045  
0.0404198  3.94455  
0.841208  2.3199  
0.823207  2.35733  
0.719821  2.93447  
0.113475  3.78701  
0.691741  3.1463  
0.783803  2.51625  
0.805232  2.41761  
0.147794  3.70674  
0.673211  3.28529  
0.108086  3.79989  
0.747423  2.73706  
0.017634  3.97945  
0.0616565  3.9045  
0.809631  2.40086  
0.049276  3.92865  
0.807638  2.40829  
0  4  
0.201332  3.60799  
0.66677  3.33258  
0.670346  3.30641  
0.773204  2.57446  
0.697571  3.10211  
0.816787  2.37634  
0.653322  3.42863  
0.85934  2.307  
0.141482  3.721  
0.762477  2.63884  
0.720589  2.92876  
0.176946  3.64694  
0.120485  3.77026  
0.759195  2.65952  
0.126136  3.75682  
0.20904  3.59837  
0.130631  3.7462  
0.727085  2.88091  
0.736173  2.81534  
0.659072  3.38806  
0.227326  3.5815  
0.152995  3.69528  
0.837633  2.32542  
0.195063  3.61682  
0.0747992  3.87673  
0.649453  3.45545  
0.21748  3.58951  
0.656583  3.40572  
0.700733  3.07813  
0.717174  2.95418  
0.802616  2.42817  
0.843569  2.31678  
0.795144  2.46066  
0.183188  3.63584  
0.729845  2.86081  
0.687623  3.17744  
0.769535  2.5959  
0.0626874  3.90239  
0.694412  3.12606  
0.742502  2.77085  
0.0922368  3.8373  
0.02244  3.97285  
0.745811  2.74805  
0.170832  3.65847  
0.0684647  3.89036  
0.723841  2.90471  
0.0564221  3.91497  
0.674059  3.27901  
0.681169  3.22601  
0.0159051  3.98172  
0.136038  3.73355  
0.799056  2.44322  
0.677551  3.25307  
0.635424  3.54899  
0.783655  2.51703  
0.812257  2.39146  
0.251172  3.5732  
0.102265  3.81374  
0.71067  3.00298  
0.158596  3.68327  
0.188781  3.62652  
0.116314  3.78023  
0.756029  2.67988  
0.00804749  3.99134  
0.780085  2.53602  
0.732873  2.83893  
0.752507  2.70297  
0.85068  2.30998  
0.0806925  3.86369  
0.236989  3.5762  
0.765973  2.6173  
0.639108  3.52503  
0.787247  2.49861  
0.111582  3.79154  
0.713739  2.9799  
0.0427159  3.94055  
0.776625  2.55506  
0.663525  3.35612  
0.645676  3.48123  
0.707555  3.02648  
0.642834  3.50035  
0.684398  3.20176  
0.821122  2.36339  
0.164768  3.67049  
0.826816  2.34793  
0.0354643  3.9529  
0.831854  2.33637  
0.73937  2.79273  
0.791324  2.47857  
0.097252  3.82558  
0.749168  2.72526  
0.0289257  3.96329  
0.106777  3.80301  
0.691024  3.15173  
0.0875319  3.84817  
0.70407  3.05284  
0.147488  3.70743  
0.727822  2.87552  
0.0135222  3.98476  
0.709888  3.00887  
0.698299  3.09659  
0.772922  2.57609  
0.769442  2.59645  
0.829501  2.34154  
0.251162  3.5732  
0.788176  2.49396  
0.0697703  3.88759  
0.169633  3.6608  
0.66013  3.38051  
0.63497  3.55191  
0.0263956  3.96711  
0.683324  3.20984  
0.762482  2.63881  
0.695238  3.11981  
0.206417  3.60148  
0.662865  3.36088  
0.686631  3.18493  
0.706353  3.03556  
0.666139  3.33717  
0.656805  3.40415  
0.115372  3.78248  
0.121135  3.76871  
0.152723  3.69587  
0.641978  3.50605  
0.234651  3.57724  
0.780525  2.53364  
0.158764  3.68291  
0.824298  2.35439  
0.00717742  3.99234  
0.0349893  3.95368  
0.12675  3.75537  
0.755417  2.68386  
0.647849  3.46645  
0.639068  3.52529  
0.739971  2.78851  
0.213455  3.59351  
0.848702  2.31148  
0.776671  2.5548  
0.721934  2.9188  
0.1834  3.63548  
0.139222  3.72619  
0.704085  3.05273  
0.019421  3.97704  
0.0983175  3.82307  
0.145319  3.71229  
0.795694  2.45815  
0.0810817  3.86281  
0.133879  3.73858  
0.644655  3.48812  
0.653961  3.42416  
0.69273  3.13882  
0.222177  3.58536  
0.745903  2.74742  
0.0421374  3.94156  
0.730784  2.854  
0.766055  2.6168  
0.802558  2.42841  
0.672579  3.28996  
0.835258  2.32962  
0.0924213  3.83688  
0.724833  2.89741  
0.669333  3.31385  
0.0863526  3.85087  
0.7369  2.81017  
0.819551  2.3678  
0.0562841  3.91524  
0.0633541  3.90103  
0.104465  3.80851  
0.752031  2.70612  
0.689849  3.16062  
0.679329  3.23979  
0.799241  2.44242  
0.810423  2.39797  
0.713002  2.98544  
0  4  
0.748905  2.72703  
0.0492858  3.92863  
0.191188  3.62271  
0.806355  2.41322  
0.10939  3.79677  
0.701129  3.07513  
0.675917  3.26523  
0.784496  2.51265  
0.719076  2.94  
0.841208  2.3199  
0.79223  2.47424  
0.733918  2.83143  
0.198477  3.6119  
0.163939  3.67218  
0.176645  3.64749  
0.716166  2.96172  
0.759027  2.6606  
0.85934  2.307  
0.742877  2.76825  
0.814944  2.38232  
0.651019  3.44464  
0.0758746  3.87437  
0.692109  3.14352  
0.814446  2.38398  
0.0084033  3.99093  
0.0755041  3.87519  
0  4  
0.771227  2.58594  
0.697939  3.09932  
0.859347  2.307  
0.147942  3.70641  
0.201104  3.60829  
0.680002  3.23476  
0.142045  3.71972  
0.0872098  3.84891  
0.682749  3.21416  
0.709641  3.01074  
0.208854  3.59858  
0.186529  3.6302  
0.706601  3.03369  
0.774285  2.56827  
0.700743  3.07806  
0.68908  3.16644  
0.767788  2.60632  
0.73801  2.80231  
0.180686  3.6402  
0.721893  2.9191  
0.0299683  3.96168  
0.744737  2.75541  
0.748506  2.72973  
0.0565625  3.91469  
0.13014  3.74736  
0.685889  3.19053  
0.674228  3.27776  
0.136183  3.73322  
0.113334  3.78735  
0.0250905  3.96903  
0.716069  2.96244  
0.793791  2.46691  
0.752148  2.70534  
0.236454  3.57642  
0.159232  3.68193  
0.841728  2.31918  
0.671045  3.30127  
0.251112  3.5732  
0.667529  3.32704  
0.170319  3.65946  
0.118468  3.77508  
0.661946  3.3675  
0.761292  2.64626  
0.0813836  3.86214  
0.0970309  3.8261  
0.850115  2.31038  
0.777733  2.5489  
0.734812  2.82504  
0.809928  2.39977  
0.124518  3.76066  
0.0178968  3.9791  
0.63897  3.52593  
0.635273  3.54996  
0.0500029  3.92729  
0.677136  3.25616  
0.754607  2.68915  
0.0918155  3.83828  
0.819324  2.36848  
0.174872  3.65078  
0.108531  3.79883  
0.785399  2.508  
0.801257  2.43382  
0.664244  3.35092  
0.646094  3.47839  
0.694866  3.12262  
0.797502  2.45004  
0.757888  2.66788  
0.719166  2.93933  
0.781561  2.52808  
0.712917  2.98607  
0.653513  3.42729  
0.0367297  3.95081  
0.82944  2.34168  
0.805654  2.41595  
0.102425  3.81336  
0.789926  2.48533  
0.725196  2.89475  
0.0429914  3.94006  
0.193972  3.61844  
0.0633221  3.90109  
0.217388  3.58959  
0.642545  3.50228  
0.164806  3.67041  
0.657348  3.40031  
0.728796  2.86843  
0.764575  2.62585  
0.0697925  3.88754  
0.732022  2.84506  
0.649555  3.45475  
0.703613  3.0563  
0.835222  2.32969  
0.225198  3.58301  
0.153525  3.69413  
0.824379  2.35418  
0.741311  2.77914  
0.79709  2.45187  
0.732279  2.84321  
0  4  
0.691407  3.14883  
0.746859  2.74089  
0.823115  2.35758  
0.210695  3.59649  
0.675878  3.26552  
0.782198  2.5247  
0.663824  3.35396  
0.764152  2.62846  
0.802092  2.43034  
0.147318  3.70781  
0.842132  2.31863  
0.644406  3.4898  
0.203596  3.60502  
0.0779067  3.86989  
0.638078  3.53177  
0.717942  2.94846  
0.66675  3.33273  
0.711971  2.99318  
0.735247  2.82193  
0.70894  3.01602  
0.0477967  3.93139  
0.786405  2.50286  
0.669699  3.31116  
0.720955  2.92605  
0.849555  2.3108  
0.699717  3.08584  
0.705798  3.03976  
0.010181  3.98884  
0.251221  3.57319  
0.0536004  3.92046  
0.81312  2.38847  
0.741107  2.78056  
0.0881428  3.84677  
0.660631  3.37693  
0.159209  3.68197  
0.753277  2.69788  
0.771678  2.58331  
0.641157  3.51151  
0.653857  3.42489  
0.0721534  3.88248  
0.760457  2.65152  
0.647167  3.4711  
0.767419  2.60854  
0.715063  2.96997  
0.657075  3.40224  
0.672789  3.28841  
0.828863  2.34301  
0.818028  2.37244  
0.679033  3.24201  
0.682507  3.21598  
0.63474  3.55338  
0.794025  2.46582  
0.72395  2.90391  
0.694213  3.12758  
0.110552  3.794  
0.189695  3.62506  
0.696898  3.10721  
0.0187517  3.97795  
0.835079  2.32995  
0.227316  3.5815  
0.756487  2.67691  
0.128724  3.75069  
0.11554  3.78208  
0.177247  3.64639  
0.726203  2.88736  
0.121499  3.76784  
0.729506  2.86327  
0.059326  3.9092  
0.778075  2.54701  
0.0264041  3.96709  
0.0998075  3.81955  
0.744087  2.75989  
0.0660807  3.89537  
0.153159  3.69492  
0.807442  2.40904  
0.135373  3.7351  
0.0336013  3.95593  
0.165328  3.66936  
0.775464  2.56158  
0.218985  3.58812  
0.105247  3.80665  
0.183733  3.63491  
0.237724  3.5759  
0.749584  2.72246  
0.141616  3.7207  
0.859342  2.307  
0.702796  3.06249  
0.790189  2.48405  
0.170969  3.6582  
0.738161  2.80125  
0.688662  3.1696  
0.650897  3.44549  
0.196346  3.61494  
0.0942999  3.8325  
0.685223  3.19555  
0.0406985  3.94407  
0.0833812  3.85763  
