2.57113  1.8658  
2.05907  3.49531  
2.52362  2.45655  
1.87155  3.73229  
1.69205  4.11396  
2.42065  2.48114  
2.45189  2.67159  
2.29102  2.54923  
2.13383  3.12298  
2.33917  2.4794  
2.35087  2.75241  
2.2775  2.86739  
2.38927  2.67326  
2.49917  2.29239  
2.68552  1.34894  
1.69323  3.86994  
2.62928  1.16  
2.54174  2.24247  
2.37305  2.84404  
2.3333  3.18853  
2.03665  3.67835  
2.55612  2.17218  
1.79389  3.88947  
2.29525  2.81071  
2.23272  3.01382  
2.02722  3.55346  
2.67424  1.788  
1.95945  3.75968  
2.15411  3.3714  
2.25397  3.35386  
2.3033  2.83905  
2.07962  3.42426  
2.26478  3.19721  
2.39475  2.28454  
2.26064  3.25164  
1.9915  3.69526  
2.60365  1.51317  
2.30218  2.57192  
1.85377  3.42347  
1.79511  3.95391  
2.02994  3.77626  
2.47023  2.47017  
2.03195  3.73911  
2.37624  2.92961  
2.27911  2.78105  
2.12396  3.2908  
2.59648  1.83455  
2.22582  3.38305  
2.35481  3.08762  
2.50105  2.17766  
2.19884  2.966  
2.00025  3.51614  
2.01265  3.62385  
2.43043  2.70059  
2.50893  1.92175  
2.04278  3.57123  
2.59633  1.87809  
2.35118  2.95533  
1.44254  4.45208  
1.80877  3.957  
2.24247  2.86319  
1.83829  3.67044  
1.8251  3.61157  
2.12905  3.18529  
2.39213  2.67792  
2.63916  1.90408  
2.30139  3.0728  
2.39437  3.20037  
1.96554  3.99769  
2.20236  3.56515  
2.29541  2.89414  
1.89717  3.79805  
2.59547  1.96648  
2.67412  1.26766  
2.63696  1.89563  
2.50055  2.53164  
2.35153  2.82222  
2.36195  2.65346  
2.32586  2.55952  
1.56584  4.1246  
2.22297  2.8536  
2.45523  1.95214  
2.15546  3.18075  
2.41045  3.01288  
2.46575  2.79151  
2.23922  3.18103  
2.16838  3.03881  
1.46431  4.18081  
1.9944  3.68098  
2.00498  3.0621  
1.97932  3.83504  
2.74828  1.38678  
2.00458  3.46406  
2.05063  3.43504  
2.54693  2.30371  
2.3312  3.08496  
1.68035  4.3258  
2.344  2.53835  
2.12191  3.44634  
2.6142  1.01465  
1.11811  3.5668  
1.36613  3.27478  
1.51854  2.97392  
1.86716  2.02939  
0.877751  3.78546  
1.99919  1.25545  
1.0243  3.65736  
1.45263  3.10774  
1.76802  2.27912  
1.92498  1.65665  
0.508972  4.1591  
1.20674  3.41704  
1.61894  2.65723  
2.07563  0.0756335  
1.84226  1.99345  
1.5604  2.79629  
1.41769  3.05648  
1.86413  1.9188  
0.467704  4.00985  
1.24145  3.34777  
0.654555  3.90694  
1.73985  2.32122  
0.260168  4.0629  
1.21727  3.36207  
1.54406  2.80243  
1.79173  2.12942  
1.71674  2.35952  
1.63366  2.58221  
1.86786  1.84906  
1.31869  3.24742  
1.4394  3.00734  
0.952687  3.66831  
1.99658  1.19372  
2.05258  0.651434  
0.350806  4.03853  
0.605549  3.93391  
1.75423  2.25065  
0.708143  3.86755  
0.47671  3.99862  
1.14945  3.442  
1.97916  1.34775  
1.02979  3.58336  
1.82715  1.99966  
1.48102  2.89638  
2.07264  0.0726671  
0.793251  3.80669  
2.04153  0.804617  
1.58739  2.68998  
0.105837  4.07973  
0.430767  4.01556  
1.12675  3.5  
0.668893  3.92418  
1.26717  3.26846  
1.84239  2.17491  
1.0937  3.51714  
1.38217  3.09202  
1.96617  1.36987  
1.93846  1.51887  
0.874497  3.73577  
0.496364  3.98818  
1.67385  2.47438  
0.686062  3.89346  
2.02324  0.927573  
1.90054  1.69865  
0.554996  3.96287  
2.01087  1.09557  
0.986805  3.64072  
0.836163  3.77792  
1.84465  1.96327  
1.85322  1.92821  
1.81282  2.07191  
1.92938  1.58478  
1.41857  3.04242  
1.56518  2.75752  
1.5218  2.85243  
0.999774  3.63156  
0.756847  3.84089  
1.19105  3.40648  
1.61327  2.64835  
1.33287  3.18018  
1.98318  1.30897  
0.928645  3.70264  
1.88728  1.79083  
1.24545  3.32889  
1.70113  2.42857  
1.65943  2.53346  
1.46092  2.97336  
1.95688  1.46809  
1.1306  3.49384  
0.393401  4.03162  
1.92334  1.63167  
1.17738  3.42214  
1.77412  2.2354  
1.66784  2.52001  
2.00518  1.14945  
1.6248  2.62631  
1.6522  2.55722  
1.69497  2.4504  
1.80671  2.11025  
0.323684  4.05917  
1.02348  3.73987  
1.81408  2.11763  
0.12873  4.09981  
2.07698  0.0799575  
1.08393  3.55334  
1.1713  3.43553  
1.61325  2.64579  
1.57432  2.73798  
1.89155  1.77095  
1.08914  3.52329  
1.52835  2.84054  
1.46697  2.9586  
0.2075  4.06786  
1.59976  2.67738  
1.65765  2.53177  
1.63921  2.58115  
1.61721  2.63285  
1.85267  1.92328  
1.8038  2.09125  
1.76177  2.23202  
1.48645  2.94379  
1.44922  2.98953  
0.413907  4.01793  
1.08397  3.52762  
1.21168  3.36491  
1.66408  2.48401  
1.78549  2.14044  
1.17618  3.42382  
1.70952  2.37399  
1.62404  2.60129  
0.651533  3.90265  
1.53461  2.80399  
1.84407  1.94286  
1.86001  1.86216  
1.99332  1.18554  
0.338329  4.04001  
0.0806572  4.07802  
0.591493  3.93385  
1.32253  3.18599  
2.04699  0.655882  
1.57894  2.70171  
0.952341  3.66085  
1.01974  3.58723  
1.47564  2.9005  
2.06848  0.0684837  
1.26518  3.26803  
0.780144  3.81235  
1.89455  1.71246  
0.699337  3.86993  
1.43245  3.00968  
0.867432  3.7344  
1.92833  1.55734  
0.245342  4.0625  
2.02077  0.944799  
1.95957  1.37177  
0.477092  3.99084  
2.03665  0.843997  
1.8202  2.00315  
1.30184  3.23661  
1.14881  3.43896  
1.74579  2.25538  
0.539445  3.96492  
0.827246  3.78086  
0.913089  3.70288  
1.24929  3.34475  
2.00817  1.08973  
1.70167  2.41154  
1.91307  1.63759  
1.98041  1.28423  
1.12391  3.4843  
1.94608  1.47815  
0.747993  3.83886  
1.51344  2.85591  
1.37371  3.09101  
1.69047  2.43551  
1.83741  1.97817  
1.80676  2.07191  
1.60519  2.65339  
1.88026  1.80164  
1.64611  2.55272  
0.377969  4.03155  
1.76808  2.20704  
1.41059  3.05284  
1.91999  1.60828  
1.18721  3.40564  
1.55985  2.76204  
1.45742  2.97217  
1.05987  3.56017  
1.35342  3.15459  
1.73731  2.31076  
0.17706  4.07124  
0.44457  4.00645  
0.938707  3.67737  
1.11043  3.50352  
0.629088  3.91988  
0.981514  3.65289  
0.514108  3.97919  
1.97387  1.33709  
1.50338  2.88161  
1.56835  2.74479  
2.10643  0.517792  
1.85868  1.86398  
1.85113  1.88487  
1.8936  1.70027  
1.15043  3.4345  
1.45731  2.95664  
1.82725  1.97103  
1.32005  3.186  
1.29527  3.23037  
1.88162  1.75064  
1.66265  2.48039  
1.71601  2.34901  
1.3056  3.21069  
0.161928  4.07261  
1.25199  3.2989  
1.94093  1.46707  
1.81137  2.03541  
1.98676  1.19353  
1.90288  1.65714  
1.42976  3.00121  
2.01156  1.01332  
1.95098  1.41233  
0.21249  4.0587  
1.18332  3.39268  
1.61767  2.59381  
1.08938  3.50741  
1.87898  1.76225  
1.32516  3.17632  
0.790395  3.79667  
1.86243  1.83145  
1.85242  1.87001  
0.744166  3.83259  
1.98932  1.17294  
0.604652  3.92125  
1.9276  1.53648  
0.330345  4.03266  
1.42239  3.00936  
1.14529  3.44025  
1.63781  2.54598  
1.81897  1.99669  
1.02073  3.58313  
0.705744  3.85798  
1.78037  2.13222  
2.06741  0.0674115  
2.03775  0.804854  
1.23587  3.31499  
1.47595  2.899  
0.47914  3.98167  
0.0775133  4.07647  
1.69946  2.37937  
0.947251  3.66161  
1.65706  2.49407  
1.52548  2.80637  
1.4599  2.93923  
1.95825  1.36849  
2.01839  0.943779  
2.04627  0.644366  
1.89477  1.69195  
0.872967  3.72843  
1.74263  2.25111  
1.57296  2.69356  
1.34784  3.14232  
1.2642  3.26558  
1.37825  3.08806  
0.415186  4.00741  
2.00571  1.05091  
1.97386  1.27443  
0.975425  3.6317  
1.9093  1.62665  
2.05738  0.51191  
1.72168  2.31606  
1.91723  1.59409  
1.94384  1.44898  
1.60593  2.63  
1.8015  2.06215  
0.833307  3.76655  
1.54473  2.76431  
1.29889  3.22053  
0.451763  3.99558  
1.67478  2.44709  
1.05551  3.54937  
1.23045  3.3417  
0.911325  3.69681  
1.76297  2.18865  
0.55673  3.96035  
1.83194  1.95429  
1.4958  2.86975  
1.9987  1.10836  
1.40929  3.03591  
2.02637  0.89148  
0.296138  4.04384  
0.629192  3.91476  
1.16704  3.41275  
1.84292  1.90749  
1.59188  2.66647  
1.73024  2.28848  
0.988129  3.62146  
1.55931  2.74104  
1.78734  2.11121  
1.6847  2.42702  
1.02937  3.57158  
1.60319  2.62527  
2.04061  0.702616  
0.0770968  4.07609  
1.3497  3.12949  
1.85845  1.84095  
0.0796517  4.06616  
1.74608  2.23652  
1.50668  2.83623  
1.54975  2.74848  
1.7069  2.35329  
0.713855  3.8505  
1.6416  2.53017  
1.28697  3.23035  
2.05811  0.423298  
2.01283  0.983157  
1.09307  3.49849  
2.05233  0.534602  
0.612522  3.9139  
0.994643  3.60888  
0.920012  3.6832  
1.43214  2.98343  
0.864619  3.73345  
0.901062  3.70087  
1.1841  3.38279  
1.27028  3.25601  
1.41753  3.01042  
0.501053  3.97036  
0.466517  3.98512  
1.99086  1.15293  
0.842727  3.75222  
2.02908  0.832137  
1.97557  1.2559  
1.66467  2.46679  
0.587449  3.9278  
0.958303  3.64606  
1.21027  3.34324  
0.803994  3.78391  
1.94338  1.4457  
1.48068  2.88919  
1.96556  1.3184  
1.52786  2.7961  
1.95136  1.40149  
1.78421  2.11373  
1.32295  3.17759  
1.82114  1.98424  
1.86698  1.80603  
1.06195  3.53502  
1.91897  1.57189  
1.68749  2.408  
1.87646  1.76626  
1.83922  1.91653  
1.59273  2.65024  
2.06729  0.0672938  
0.691304  3.86563  
1.4019  3.03882  
1.12379  3.46097  
1.72464  2.30149  
0.309123  4.03646  
0.734987  3.83579  
1.37174  3.09198  
1.80238  2.05136  
0.822646  3.76889  
0.52977  3.95713  
1.95894  1.35784  
1.81398  2.01026  
1.3007  3.20909  
1.91092  1.61095  
0.355563  4.02398  
1.2541  3.2802  
0.664593  3.88282  
1.99877  1.0952  
2.04595  0.632521  
1.6205  2.58312  
0.938778  3.66524  
1.65127  2.50209  
2.06342  0.274232  
0.64055  3.89755  
1.76509  2.17652  
2.01984  0.921407  
0.759235  3.8182  
0.780854  3.80195  
2.0357  0.760853  
0.19238  4.05814  
1.57151  2.69673  
1.38753  3.06442  
0.977454  3.62671  
0.559442  3.94251  
2.00612  1.03835  
1.98279  1.20855  
1.89377  1.69041  
1.92783  1.52753  
0.396159  4.01126  
0.432332  3.99846  
0.881399  3.71865  
1.4561  2.93957  
0.258264  4.04761  
1.15551  3.42063  
1.23926  3.30194  
1.8485  1.88055  
1.92953  1.50428  
1.51337  2.81943  
0.914124  3.68412  
1.72078  2.30354  
1.46172  2.92428  
1.84543  1.88093  
1.31179  3.18928  
0.334404  4.0269  
1.99529  1.10145  
1.44547  2.95589  
0.449476  3.98867  
0.376277  4.01459  
1.95886  1.34223  
1.07383  3.51618  
1.94923  1.39775  
1.80406  2.0348  
1.04902  3.54472  
0.494809  3.96981  
1.82949  1.94219  
2.03578  0.730092  
2.06382  0.0639883  
2.0415  0.658566  
0.999609  3.59886  
1.75002  2.21567  
1.40793  3.02568  
0.244344  4.04739  
1.73475  2.26165  
2.05975  0.316301  
1.23966  3.29924  
1.59686  2.63237  
1.2616  3.26685  
1.9215  1.5452  
2.00422  1.03231  
2.01288  0.960147  
1.93841  1.45744  
1.77859  2.12218  
2.02885  0.807624  
1.61206  2.59598  
1.1463  3.42712  
0.860239  3.73279  
1.90265  1.63669  
0.887682  3.70847  
1.22078  3.32633  
1.0219  3.57485  
1.47977  2.88862  
0.58518  3.92536  
1.65929  2.47551  
1.86912  1.78505  
1.09711  3.48849  
0.0752581  4.06607  
1.8918  1.68649  
0.530098  3.95353  
1.79125  2.07954  
0.673428  3.87333  
1.49566  2.85634  
1.54415  2.7532  
0.955576  3.64403  
0.641442  3.89317  
1.364  3.10304  
0.756464  3.81611  
1.56222  2.71288  
1.12448  3.45493  
1.16276  3.40569  
0.558774  3.93924  
1.81786  1.98524  
0.411798  4.00273  
1.57942  2.67345  
1.68904  2.3954  
0.704173  3.85306  
2.04773  0.570398  
1.19915  3.3567  
1.52907  2.78602  
1.29474  3.21622  
1.9839  1.18264  
0.821893  3.76519  
1.38505  3.06659  
1.64482  2.51323  
1.33148  3.15741  
0.733259  3.83291  
1.70402  2.35263  
1.96577  1.30032  
0.608373  3.91256  
1.88213  1.73084  
1.97473  1.24368  
0.155509  4.0595  
1.62649  2.55997  
0.977426  3.62189  
1.34856  3.12923  
0.931099  3.668  
1.17951  3.38341  
1.91187  1.59258  
2.05412  0.455548  
0.28475  4.03923  
1.42552  2.9933  
2.02008  0.895207  
1.76496  2.16688  
1.67223  2.44201  
0.785228  3.79437  
1.28088  3.23835  
1.85727  1.83368  
1.62696  2.55848  
1.08672  3.50074  
1.53956  2.76298  
2.05466  0.442344  
0.876304  3.71854  
0.357876  4.0201  
1.38071  3.07386  
1.49632  2.85462  
1.77976  2.11788  
1.83858  1.90716  
2.01854  0.90849  
1.84782  1.87109  
0.941069  3.65817  
1.68818  2.39674  
1.88663  1.70886  
1.5243  2.79598  
0.49063  3.97141  
1.86015  1.82157  
1.79255  2.07449  
2.04821  0.559551  
1.69947  2.36495  
0.731237  3.83421  
0.68133  3.8681  
0.791129  3.78965  
1.11388  3.46776  
1.3596  3.11027  
1.60151  2.62096  
1.6716  2.44224  
1.31885  3.17774  
1.82781  1.948  
0.627891  3.90118  
1.74242  2.23778  
2.06365  0.0636457  
0.852431  3.73939  
0.523819  3.95632  
1.76617  2.16259  
1.71205  2.32878  
1.72693  2.28487  
1.46746  2.91269  
1.50908  2.82843  
1.58885  2.65111  
0.171976  4.05776  
1.98933  1.1438  
1.93923  1.45231  
0.075187  4.06608  
0.450048  3.98826  
1.92731  1.51526  
0.303711  4.03473  
1.99881  1.07394  
1.91711  1.56653  
1.1938  3.36377  
1.34064  3.14214  
1.41717  3.0084  
1.01397  3.58386  
2.03481  0.740684  
1.2297  3.3134  
2.05989  0.308956  
0.564118  3.93641  
1.24798  3.28685  
0.595633  3.91957  
1.27996  3.2389  
0.968034  3.6313  
1.64006  2.52527  
1.15389  3.41703  
0.65809  3.88289  
1.87381  1.76457  
0.763308  3.8109  
1.17051  3.39523  
1.26567  3.26055  
1.57005  2.69479  
1.03747  3.55746  
1.13422  3.44229  
2.02654  0.830745  
1.96911  1.27897  
2.00882  0.993768  
0.708012  3.85033  
1.65446  2.48792  
0.995157  3.60327  
2.04131  0.659741  
1.40121  3.03743  
0.820704  3.76842  
1.75362  2.20277  
0.243393  4.04746  
0.906485  3.69111  
1.94988  1.39344  
1.97999  1.20835  
1.43263  2.98013  
1.21252  3.33783  
1.06147  3.53031  
1.48176  2.88424  
1.81814  1.98388  
1.61425  2.59001  
1.45221  2.94249  
1.89635  1.66633  
0.403665  4.00539  
1.30148  3.20551  
1.95976  1.33603  
1.90648  1.61786  
1.5568  2.72491  
1.80728  2.02299  
0.075187  4.06608  
1.68615  2.40232  
0.239926  4.04805  
1.15894  3.41044  
0.580922  3.9275  
1.45194  2.94291  
1.25724  3.27316  
0.479892  3.97603  
1.74838  2.21917  
1.33629  3.14927  
1.02103  3.57555  
1.83378  1.92539  
1.89445  1.67371  
1.46893  2.90978  
1.17966  3.38292  
1.95571  1.35984  
2.05988  0.308157  
1.92532  1.52519  
0.820768  3.76591  
1.86017  1.82135  
0.739843  3.82806  
0.358028  4.02005  
0.307465  4.03379  
1.97482  1.24229  
1.99528  1.10036  
1.61258  2.59401  
2.01161  0.969876  
1.77365  2.13812  
1.71732  2.31332  
0.711348  3.84804  
2.02759  0.819428  
1.87552  1.75733  
1.58222  2.66659  
2.02028  0.891769  
2.04892  0.547756  
1.88316  1.7241  
0.51434  3.96072  
1.55287  2.73355  
0.405516  4.00475  
1.42058  3.00211  
1.98518  1.17284  
0.89698  3.69985  
2.04195  0.650768  
1.38895  3.05929  
1.79768  2.05676  
0.792564  3.78848  
1.56682  2.70211  
0.875664  3.7191  
1.78652  2.095  
1.94501  1.42074  
1.24131  3.29662  
0.616785  3.90758  
0.444532  3.99041  
1.13638  3.43952  
0.168621  4.0581  
2.03518  0.735883  
1.96543  1.30152  
1.5962  2.63359  
1.09707  3.48825  
1.62654  2.55944  
1.64169  2.52101  
2.05453  0.44473  
1.52168  2.80372  
1.93473  1.47635  
1.50377  2.8392  
1.65586  2.48416  
0.923765  3.67481  
1.53745  2.76758  
1.66969  2.4474  
0.949601  3.64976  
0.547654  3.9447  
1.21837  3.32956  
1.48765  2.87228  
1.91589  1.57242  
1.04475  3.54923  
1.82428  1.96106  
1.07555  3.51381  
0.998392  3.59983  
0.682363  3.86739  
1.37252  3.08808  
0.653392  3.88575  
1.27944  3.23967  
1.76077  2.17989  
0.845646  3.74519  
2.00281  1.04254  
0.76414  3.81024  
1.35418  3.1194  
1.81279  2.00309  
1.84766  1.87157  
2.06362  0.0636164  
1.43838  2.96882  
1.11539  3.46587  
1.73247  2.26816  
1.90257  1.6362  
1.29794  3.21106  
1.31624  3.18189  
1.70207  2.35751  
1.40543  3.02982  
0.970529  3.62875  
1.20189  3.3526  
0.0748778  4.06608  
0.463573  3.98283  
1.84755  1.87221  
2.0602  0.297234  
1.72945  2.27723  
1.86856  1.78658  
0.572902  3.93175  
1.29386  3.21733  
0.854569  3.73753  
2.01135  0.97215  
1.36006  3.10942  
1.75584  2.19564  
1.79706  2.05875  
1.98426  1.17934  
1.91178  1.59352  
1.96515  1.30326  
2.06361  0.0636064  
0.411533  4.00321  
1.97479  1.24264  
1.34395  3.13658  
1.01973  3.57698  
1.49424  2.85888  
1.6124  2.59448  
1.78186  2.11069  
1.19522  3.36178  
2.02648  0.83106  
1.17897  3.38385  
1.62972  2.55147  
0.976562  3.62258  
1.21708  3.33134  
1.94787  1.40458  
1.13226  3.44475  
1.95593  1.35999  
1.70238  2.35664  
0.927547  3.67122  
1.25578  3.27532  
1.89048  1.69154  
1.27234  3.25071  
1.54643  2.74787  
1.4087  3.02387  
1.71528  2.32026  
1.58262  2.66562  
1.85873  1.82824  
1.76435  2.16835  
0.285976  4.03883  
1.11375  3.46791  
1.51514  2.81541  
0.878613  3.71644  
2.05056  0.519821  
1.39349  3.05147  
0.338374  4.02575  
0.766259  3.80866  
1.99328  1.1151  
0.235944  4.04874  
0.636112  3.89625  
0.538575  3.9492  
2.00179  1.05085  
2.04472  0.612137  
1.82654  1.95271  
1.56426  2.70794  
1.06731  3.52349  
0.17398  4.05752  
1.68847  2.39589  
1.47876  2.89018  
1.04566  3.54822  
0.503021  3.96588  
2.05585  0.415648  
1.88  1.73799  
2.01831  0.910345  
1.59802  2.62935  
1.23917  3.29971  
0.378732  4.01367  
0.697996  3.85707  
1.66146  2.4694  
0.90327  3.69402  
0.66888  3.87605  
2.03586  0.727642  
1.74469  2.23066  
1.83692  1.91332  
1.93852  1.45604  
0.605613  3.91393  
1.46188  2.92362  
0.829484  3.75874  
1.42454  2.99476  
0.99882  3.59938  
1.81309  2.00196  
1.32821  3.16251  
1.37883  3.07709  
0.952431  3.64693  
1.64482  2.51295  
1.92656  1.51885  
0.797782  3.78439  
1.09149  3.49492  
1.90403  1.62926  
0.734102  3.83215  
1.31169  3.18921  
1.44878  2.949  
1.52815  2.78772  
1.67723  2.42691  
1.15186  3.41963  
1.66379  2.46318  
2.0227  0.868589  
1.83579  1.91768  
0.234205  4.04903  
1.8254  1.957  
0.499581  3.96742  
1.74827  2.2195  
1.99342  1.11411  
2.05629  0.405531  
1.63046  2.55063  
0.956468  3.6429  
1.6198  2.57621  
2.06053  0.285453  
1.28805  3.22636  
1.93446  1.47772  
1.88989  1.69419  
0.672759  3.87356  
1.85032  1.86114  
1.45625  2.93456  
0.413155  4.00205  
1.34087  3.14171  
0.936809  3.66225  
2.01222  0.964719  
1.39301  3.05205  
0.817768  3.76841  
1.85999  1.8222  
1.49413  2.85907  
0.34118  4.0249  
1.32255  3.1717  
1.2429  3.29427  
2.04566  0.598379  
1.91513  1.57603  
1.58705  2.65537  
1.08456  3.50318  
1.30513  3.1997  
2.03071  0.78618  
0.295866  4.03655  
1.97184  1.26132  
0.456483  3.98567  
1.87161  1.77372  
1.80363  2.03604  
1.7873  2.09236  
0.726765  3.83732  
0.752405  3.81892  
1.35988  3.10972  
1.02212  3.57433  
1.16938  3.39664  
1.81308  2.00203  
1.04254  3.55173  
1.21153  3.33916  
0.852472  3.73932  
0.784758  3.79461  
1.00091  3.59716  
1.77648  2.12865  
1.57208  2.69002  
1.47481  2.89806  
1.42576  2.99246  
0.15181  4.05972  
1.8809  1.73394  
1.41141  3.01889  
1.90349  1.63188  
1.1498  3.42229  
1.12878  3.44911  
1.68745  2.39872  
1.70642  2.34525  
0.97893  3.62012  
1.98243  1.19161  
1.52623  2.79181  
1.64572  2.51064  
0.540654  3.94817  
1.67456  2.43416  
1.60365  2.6157  
0.611693  3.91048  
0.882649  3.71282  
1.10867  3.47411  
1.76597  2.16311  
1.43911  2.96873  
2.0636  0.0636037  
1.55674  2.72486  
1.94939  1.39605  
0.906407  3.69119  
1.50964  2.82693  
1.05861  3.53346  
1.71891  2.30862  
1.3774  3.07956  
0.372704  4.01555  
0.702266  3.85419  
2.0038  1.03452  
2.03855  0.694742  
1.22819  3.31555  
1.19012  3.36875  
0.575308  3.9305  
1.92635  1.51988  
1.73309  2.2662  
0.643295  3.89192  
1.26292  3.26463  
0.0748405  4.06608  
2.05176  0.498283  
1.54151  2.75865  
1.9603  1.33254  
0.349028  4.02268  
1.8314  1.93435  
1.89715  1.6613  
0.781239  3.79724  
1.14031  3.4345  
1.99419  1.10836  
1.034  3.56126  
2.04115  0.661279  
0.239394  4.04813  
0.539751  3.94861  
0.691386  3.86146  
1.66256  2.46662  
1.90851  1.60815  
1.56594  2.70406  
0.72538  3.83833  
1.94194  1.43744  
1.9604  1.33199  
2.04755  0.569742  
0.926912  3.67178  
1.97829  1.21944  
1.17863  3.38433  
1.74663  2.22459  
2.03251  0.766275  
1.25728  3.27306  
1.95186  1.38201  
1.23647  3.3036  
1.70207  2.35746  
1.41721  3.00827  
0.670656  3.87491  
0.903492  3.69385  
0.293383  4.03713  
1.47912  2.88955  
1.92922  1.50511  
1.36048  3.10869  
0.854135  3.73788  
1.78303  2.10672  
1.64172  2.52098  
1.07724  3.51184  
1.81961  1.9783  
0.951389  3.64795  
1.29677  3.21277  
1.76929  2.15231  
1.52132  2.8024  
1.67477  2.43378  
1.31858  3.17817  
2.0636  0.063602  
2.05963  0.315685  
1.62516  2.56284  
1.96951  1.27607  
1.49258  2.86221  
1.4333  2.97842  
1.88486  1.71653  
0.166283  4.05833  
1.16038  3.40855  
0.636631  3.89592  
1.80401  2.03439  
1.91891  1.55742  
1.71615  2.3167  
0.570406  3.93309  
1.2172  3.33116  
0.404347  4.00513  
1.33896  3.14484  
1.3794  3.07616  
0.880759  3.71452  
1.61571  2.58628  
0.0748152  4.06608  
0.6051  3.91421  
0.976878  3.62223  
0.492997  3.97035  
1.05639  3.53602  
1.00311  3.59482  
1.87026  1.77975  
2.05377  0.459866  
2.01059  0.978437  
1.27816  3.24158  
1.53471  2.77355  
1.98634  1.16468  
1.19544  3.3615  
2.02426  0.853087  
0.828514  3.75952  
1.73261  2.26768  
1.55048  2.73884  
1.58221  2.66672  
1.84278  1.8907  
1.59975  2.62506  
1.75859  2.18688  
0.760294  3.81309  
1.39668  3.04552  
1.11846  3.462  
1.79584  2.06301  
1.85447  1.84453  
1.4489  2.94879  
1.09244  3.49379  
0.807713  3.77647  
1.6889  2.39499  
1.50566  2.83526  
2.0183  0.91018  
0.454074  3.98665  
1.46336  2.92068  
2.00248  1.04496  
