5.19868  3.19176  5.34265  
4.47112  10.5079  6.92219  
6.2354  4.10544  7.31775  
2.88497  3.09192  5.20019  
3.18455  3.40907  3.56764  
4.34176  5.36136  5.99619  
7.05663  6.80488  7.53509  
0.928935  3.5862  3.55658  
1.97606  3.64476  4.25876  
3.12983  3.65752  4.97097  
4.73552  3.31214  5.30283  
5.23265  3.41083  5.9239  
3.8334  4.76997  5.05397  
2.54624  7.21972  4.06674  
2.30589  2.1881  3.48566  
3.71616  1.42136  2.44828  
2.92567  8.26354  6.57712  
4.58733  5.66447  5.38414  
2.32551  3.01972  4.51149  
2.84637  2.88165  3.00098  
4.29981  9.43903  7.25884  
11.0406  3.27244  8.22139  
3.68072  3.44262  4.74474  
4.18784  2.96801  6.37527  
1.281  2.13505  3.63983  
5.55942  7.23308  5.14315  
4.77303  5.07246  4.78625  
6.06736  6.49459  5.26587  
3.81142  2.66685  3.70113  
1.6836  3.1099  3.21294  
4.20331  3.04948  2.58523  
3.4755  2.38145  1.98299  
6.34055  5.36432  6.226  
5.04969  6.50363  5.72394  
6.70234  8.91387  6.66635  
6.00003  5.55346  4.12186  
2.87587  2.35081  4.83454  
9.86387  5.18441  3.31569  
2.57692  2.61979  1.35073  
4.25767  3.46108  2.79322  
3.49862  3.80418  5.36855  
3.99379  5.6351  2.06723  
3.27095  3.31615  4.40832  
5.08538  2.60988  3.84448  
5.56681  8.54125  7.0513  
3.83886  2.93383  2.95689  
4.11141  2.82305  3.81841  
1.83616  4.88314  4.36741  
7.64341  9.02306  6.39358  
3.77921  2.56238  4.62431  
2.74699  6.20608  4.565  
4.85562  5.86367  3.72531  
4.86295  6.47482  6.15058  
2.39634  3.14855  4.02927  
4.07038  3.24077  3.5547  
3.63073  3.11944  4.3029  
4.7455  7.08422  4.94397  
4.08781  3.98164  6.18968  
9.00432  7.63988  8.93334  
5.13585  4.01419  1.27613  
3.05253  3.01286  2.60993  
3.51405  4.76338  3.08646  
12.4404  7.83729  4.86909  
8.68287  8.17633  3.54982  
5.16613  5.24732  4.72004  
6.42347  10.1576  6.22415  
4.75296  3.18736  3.98931  
4.45447  7.92596  4.20861  
4.39942  6.0622  4.37944  
3.86555  1.8079  3.05146  
3.77808  2.26035  3.29093  
3.05452  2.13086  3.41004  
2.84729  3.67398  3.23249  
6.25264  3.72996  5.57039  
4.04456  5.85584  6.36616  
3.13251  1.24954  3.5651  
4.25255  2.29262  3.9424  
4.30418  2.38611  3.66632  
3.88639  4.14006  4.93868  
2.79416  1.34221  2.56736  
3.73679  5.08064  2.57197  
5.01458  5.52959  7.7515  
2.62878  2.38325  5.41692  
3.02383  4.35655  3.29604  
2.88978  2.9406  5.43871  
7.26719  9.0608  5.22717  
3.50737  13.5785  8.34466  
8.57148  5.15988  6.33723  
2.99664  4.36715  4.30042  
3.63575  2.78603  5.23444  
6.86451  4.39676  4.24911  
5.28732  6.54453  4.11445  
4.0061  4.07623  5.39928  
1.33724  6.69053  9.62234  
11.3352  8.62559  4.79144  
4.23668  1.85188  3.64464  
4.244  3.016  4.65867  
4.36477  10.8545  5.58985  
3.99439  3.67232  5.82946  
2.35534  2.35314  3.44869  
3.00471  3.4091  2.34405  
4.8776  4.52888  5.51713  
2.12634  3.38853  7.34693  
4.77457  3.10919  2.86612  
2.95463  4.47554  2.41351  
4.57149  2.67073  2.78337  
5.08496  5.42955  7.81509  
2.73948  9.68543  8.4508  
5.09627  5.28173  4.00678  
3.33565  4.32558  4.46169  
2.74847  3.53641  5.44023  
6.1575  6.68286  2.30216  
2.05743  4.74128  7.06716  
8.73745  4.49633  2.18059  
2.6184  3.78363  4.8211  
3.61594  3.34018  3.97468  
4.69125  3.32276  2.69232  
3.52849  2.64958  3.83115  
4.26978  3.21924  2.90355  
3.16875  2.71204  3.68952  
4.23257  4.19713  2.80883  
3.11534  1.09631  4.35737  
3.71089  3.67496  1.39148  
2.80668  2.1794  2.49597  
1.85679  1.36758  0.186473  
1.83319  4.22329  6.25389  
1.56789  8.59256  2.4297  
1.27292  2.91319  2.85772  
5.11537  4.44978  1.98986  
0.251006  6.62386  6.10104  
0.677587  5.99554  2.91677  
5.60003  6.37307  0.51252  
3.3524  3.27121  2.05712  
1.60286  1.55235  3.27185  
2.04864  4.08727  2.28639  
3.4017  2.08205  1.77752  
0.924827  1.78526  5.3667  
5.70209  4.80172  0.549473  
4.18264  2.31203  1.25275  
5.64461  1.5866  0.991509  
0.787454  3.00337  2.47774  
2.37029  1.47832  3.47976  
2.40643  0.654165  3.62465  
1.08893  2.10814  0.467351  
1.1141  1.41741  3.8836  
1.6229  5.25751  4.46631  
0.0945506  0.0974409  0.995734  
0.31884  4.87514  3.1655  
1.20049  1.90281  4.5086  
0.312969  4.45735  3.69526  
1.58864  6.11348  5.73166  
3.76379  0.364948  4.19601  
3.18926  2.17806  2.06067  
1.70245  1.72768  2.58019  
4.27655  2.88815  6.43688  
4.47334  1.23956  1.62736  
2.97735  3.41044  2.7786  
0.49997  3.23249  4.13302  
3.49171  1.6009  2.29567  
2.50386  2.32143  2.8044  
0.00229277  1.21055  1.36609  
2.66798  2.6364  0.797056  
2.30113  3.71946  1.38684  
4.79644  5.13676  1.30448  
3.3056  1.28722  2.38114  
1.49727  2.93152  3.77431  
1.88997  3.07649  3.24313  
1.55782  4.71284  2.79809  
2.53876  4.09043  1.87438  
4.53437  2.25362  1.64743  
2.7447  1.55722  3.84674  
2.96736  2.37896  3.92049  
3.94624  1.71191  2.95151  
3.77419  2.61325  2.00704  
2.34947  2.61494  2.77403  
2.23768  1.46045  7.04267  
1.10742  5.12815  5.87651  
4.17054  1.9504  2.66486  
2.01422  3.61431  6.40402  
4.55895  1.50478  3.43701  
2.44927  4.91603  1.89567  
3.58313  2.56587  2.36914  
4.16099  2.19563  3.40574  
1.47645  3.49374  3.99717  
2.95454  1.50232  4.44741  
3.15872  3.2968  2.65976  
4.24873  1.64528  3.55547  
4.39512  3.35317  2.0481  
2.18912  3.30898  3.78225  
2.20947  2.30447  4.46037  
4.45796  1.67673  4.25643  
2.91078  2.4578  4.67378  
3.42564  1.72634  5.31348  
2.86414  3.0588  3.16396  
3.43597  3.93918  2.55289  
6.13531  5.73481  1.78802  
5.23238  2.7969  2.78934  
6.33525  1.59628  9.51655  
3.8694  4.3413  2.43026  
4.87501  3.09849  2.64963  
1.51382  2.31719  1.48369  
2.23036  0.878432  2.12359  
0.864022  1.59094  2.23115  
3.42495  0.0501054  1.92312  
0.563792  4.51606  1.61165  
4.07424  1.17892  0.831678  
3.04547  2.36868  0.305092  
2.2011  0.220753  2.15044  
2.11284  2.38243  0.88676  
1.27384  1.14325  1.87865  
2.94978  1.12216  1.27266  
0.287254  5.99504  1.90029  
3.58513  1.00747  1.08274  
0.557677  0.709119  4.895  
2.4187  0.77312  1.68171  
0.411759  2.7144  2.64829  
3.72346  1.60405  0.271874  
1.04664  3.53039  0.979546  
2.35493  2.13429  0.666742  
2.72156  0.0429409  2.21866  
3.67506  0.50918  0.716196  
1.69137  2.08422  0.632672  
2.72657  1.7621  0.479884  
0.407394  3.21191  0.896191  
4.11827  0.517775  0.130704  
0.0207304  4.15368  1.74601  
1.06891  1.51836  0.909703  
0.858963  0.272468  3.01998  
1.28907  1.83674  1.0651  
3.11553  0.819631  0.627732  
0.0906644  0.606111  4.10574  
0.209305  4.81192  0.401711  
0.0966678  1.06449  0.297888  
0.979045  4.34867  0.0666855  
0.560263  1.30576  2.31113  
2.44208  3.869  0.205463  
1.33377  0.171167  2.00649  
1.94829  0.0494123  1.37078  
3.45749  1.35227  0.436543  
0.0332387  4.41472  1.30791  
0.0515931  0.0545519  1.00086  
0.451351  1.18645  3.82162  
2.28662  2.91336  0.0409019  
0.827745  2.8465  0.330631  
0.496731  1.01692  0.0565538  
0.0724145  2.06376  3.03899  
6.57793e-05  0.547573  0.838442  
3.50555  0.352657  1.25977  
4.26164  0.182832  0.453441  
1.86206  0.0106293  1.43933  
3.47662  1.01279  0.405448  
1.9533  0.000442124  3.7418  
0.446441  0.000953855  1.95396  
3.93482  0.0266823  1.36854  
0.196579  2.34205  1.51003  
3.23363  1.54433  0.0542235  
1.04576  0.950285  1.97482  
3.27994  0.0318825  1.18867  
1.07102  0.0324903  0.00450805  
3.90171  0.284749  1.30073  
2.63534  0.317795  1.11296  
0.346368  0.54761  1.05369  
1.7316  2.18728  0.198574  
3.07577  1.5537  0.141099  
0.0225378  5.07518  1.14216  
1.99109  3.05335  0.111609  
0.177489  2.36158  2.157  
0.15161  3.33511  4.92652  
0.27282  1.2192  3.68103  
2.5305  1.31499  0.805941  
3.90749  0.939713  0.243136  
2.80403  2.51809  0.0650429  
4.16973  1.15194  0.0890315  
3.93481  0.760161  0.323623  
2.08813  0.0422349  3.78057  
1.65552  2.56855  0.371831  
0.964629  0.497405  2.68344  
3.2827  2.08884  0.0509201  
3.10644  0.621522  1.02408  
3.7181  1.4674  0.222447  
3.36814  0.818159  0.767202  
0.0293885  5.07179  1.20383  
3.07126  1.69192  0.798744  
0.0380956  4.49148  3.83239  
0.675324  0.753878  2.5176  
4.38963  0.398576  0.476082  
2.47904  3.04948  0.14109  
0.926484  2.00871  1.65141  
1.65292  0.212813  2.22897  
0.345788  3.32412  1.86979  
3.19778  0.0512847  1.93933  
0.592149  4.27375  0.929508  
1.31152  4.52133  0.542492  
3.33692  1.80427  0.239368  
2.00758  1.16832  1.41311  
0.109481  6.675  2.14231  
2.27486  2.64275  0.409241  
3.98174  2.53915  0.154196  
0.112708  3.94991  3.62071  
0.660428  6.57274  0.529747  
0.0297847  0.000281064  2.61796  
0.000612305  0.00116483  2.74876  
2.53679  0.07305  0.000498832  
0.00382419  0.000171687  3.07144  
1.66541  0.183516  0.266821  
1.95478e-05  0.545564  4.28654  
0.871992  0.575584  0.818097  
0.792048  1.23912  0.349351  
1.92921  0.00937493  0.306147  
0.59788  0.708552  0.980342  
1.70478  0.687763  5.56251e-05  
0.000489542  0.315813  1.83938  
1.37464  0.0637117  0.634167  
1.30249  0.85063  0.0152797  
1.85205  0.17752  0.0560314  
0.00126769  1.24239  1.00884  
1.13454  0.38255  0.548287  
0.90503  1.14916  0.205149  
0.99478  0.68787  0.572577  
1.53504  0.104524  0.492458  
0.11576  1.22116  0.853251  
1.30875  0.777391  1.89025e-05  
9.99445e-05  0.632579  1.30463  
0.985539  0.996037  0.00488459  
0.105417  3.85714  0.159132  
2.0607  0.0884157  1.55297e-05  
0.461928  0.958129  0.485973  
0.500126  1.7034  0.000228016  
0.746065  1.40634  0.0046039  
0.213266  6.97986e-05  1.93807  
1.15176  4.49766e-05  1.14839  
0.134854  9.34108e-05  2.20675  
0.0643572  2.65883  0.00786927  
0.179842  0.000139868  1.86941  
0.71739  2.46296e-05  2.11874  
0.0723849  1.78598  0.249825  
0.0138611  2.28447  0.0259015  
1.1642  1.08917  1.93751e-05  
1.11253  1.05936  0.00276086  
1.28146e-05  0.545587  0.838156  
0.336222  0.317085  0.89407  
1.00028  0.000165653  4.16221e-05  
1.11667  0.185982  0.601277  
0.775848  0.578724  0.889759  
8.58965e-05  0.960815  0.280242  
0.172475  3.8465  0.0016893  
7.10113e-06  1.54546  2.14404  
0.000210699  0.000126384  1.00008  
0.927875  0.428519  0.364029  
1.31161  1.00134  1.70618e-05  
1.65248  0.48165  1.94573e-05  
1.57693  0.59411  3.11276e-05  
1.88193  0.180569  5.74373e-05  
0.13418  0.995525  0.0055368  
1.01308  0.386409  0.655799  
6.63957e-06  0.545829  3.13027  
0.239359  1.98457  0.000584442  
2.14696  0.023812  3.6126e-05  
0.00908501  2.74477  0.00568229  
0.763996  0.344897  0.654905  
0.974432  0.184964  0.957519  
0.479436  1.16193  0.450563  
0.775977  0.633903  0.0513571  
0.0585599  0.000753861  1.62698  
0.268444  0.593345  0.823185  
0.504644  0.831241  0.296918  
0.731253  0.253528  0.717494  
1.453e-05  0.545521  3.41871  
0.00722298  0.0236685  1.00262  
0.000287371  1.90066  0.853821  
0.278254  1.85145  0.0291502  
1.17375  1.41055  3.35337e-05  
1.07007  0.597604  0.185525  
0.00371789  2.74248  0.30002  
1.46901  0.00782133  0.539866  
0.150051  1.09247  0.645593  
1.39166  0.719518  0.00604279  
0.000641663  0.00253138  2.13246  
0.85148  1.19578  0.127131  
0.579735  1.34835  0.0589953  
1.28838  0.0333713  0.701697  
0.0515528  0.0504193  0.997737  
2.09395  0.00330357  0.00116213  
0.303092  0.00142243  1.00774  
0.337164  1.69255  0.414841  
1.29038  0.451969  0.0650466  
0.0403064  4.29982  0.142273  
1.26007  0.213187  0.36393  
0.786756  0.900795  0.430106  
0.0841027  1.924  0.474552  
0.179729  4.86114  0.0160557  
0.131195  0.865617  0.88626  
0.790527  0.622216  0.809359  
1.8817  0.0245329  0.174426  
0.00688589  1.95362  0.690008  
1.68929  0.132678  0.266411  
1.19177  0.00280183  0.925656  
1.64567  0.328757  0.145414  
1.79059  0.329354  0.00514537  
1.01249  0.21754  0.885328  
0.298045  0.510436  0.818839  
0.566295  0.000268986  0.82429  
0.540199  0.804629  0.257875  
0.796161  0.604993  0.0484  
0.777715  0.634394  0.00157731  
0.33007  0.000255056  0.943985  
0.697552  0.719493  0.00487135  
0.48413  0.85058  0.269997  
0.854065  0.525341  0.00350782  
0.750257  7.16272e-05  0.661206  
0.893831  0.000189491  0.448503  
0.631892  0.00165255  0.7751  
0.227267  0.546016  0.82024  
0.850706  0.506031  0.202007  
0.00708638  1.19543  6.78702e-06  
0.891904  0.460732  0.00945332  
0.704876  1.40583e-05  0.709423  
0.462438  0.887655  0.000593917  
0.958235  0.344026  0.00779304  
0.623302  0.7431  0.287903  
0.771065  0.000110728  0.636797  
0.609718  5.94955e-05  0.792688  
0.101203  0.503282  0.860184  
0.903748  0.395876  0.185996  
0.274956  0.000621095  0.961527  
0.836132  0.549643  0.00335014  
0.801425  0.000275517  0.59821  
0.627845  0.780217  0.00107202  
0.696893  0.704639  0.145466  
0.0760912  0.506989  0.871798  
0.662637  0.759015  0.00832014  
1.00008  1.07691e-05  1.82689e-05  
0.681715  0.000244752  0.731694  
0.451227  0.894268  0.00554682  
0.549873  0.000590612  0.835313  
0.584294  4.34268e-05  0.811618  
0.504563  0.829868  0.295295  
0.143211  0.000183905  0.989751  
0.937245  0.000592767  0.349084  
0.515245  0.000777832  0.85709  
0.594091  0.808467  0.00488293  
0.682322  0.734698  0.0068963  
0.826366  4.94717e-05  0.563439  
0.427422  0.90466  0.0283571  
0.962495  0.00018107  0.271361  
0.588207  0.772171  0.288668  
0.724253  0.673645  0.271614  
0.255456  0.971562  0.00952404  
0.301341  0.00046012  0.953549  
0.65633  0.000442495  0.75456  
0.726875  1.40652e-05  0.686867  
0.482823  0.000129002  0.875769  
0.852845  0.000963957  0.522346  
2.49245e-06  0.545544  0.838141  
0.694015  0.000230111  0.720051  
0.9757  0.000108898  0.219283  
0.927951  0.000232307  0.372781  
0.883002  0.00030763  0.469583  
0.0498  0.0519553  0.997474  
0.81185  0.000222405  0.584018  
0.262546  0.520567  0.813427  
0.526407  0.816517  0.25779  
0.246635  8.84276e-05  0.969168  
0.595918  0.763634  0.286281  
0.370456  0.000391428  0.928901  
0.526456  0.855924  0.0145661  
0.760327  0.000123194  0.64974  
0.946595  8.62713e-05  0.322699  
0.347563  0.938944  0.0394088  
0.365651  0.931159  0.00281182  
0.989885  1.15348e-05  0.142411  
0.923176  0.386676  0.00047925  
0.884792  0.432707  0.183621  
0.212742  5.0595e-05  0.977154  
0.64066  0.726388  0.282942  
0.748493  0.66433  0.000469288  
0.000125132  1.00011  0.000166662  
0.791465  0.000147428  0.611279  
0.843176  0.00187517  0.537763  
0.305214  0.344841  0.898468  
0.643524  0.00031696  0.765506  
0.314976  0.318192  0.894749  
0.861814  0.481606  0.190296  
0.0661137  0.973663  0.222272  
0.402113  0.91735  0.0458754  
0.863835  0.000515316  0.503851  
0.873652  0.000177225  0.486637  
0.412228  0.000111499  0.911153  
0.299069  0.955625  0.0015399  
2.03436e-05  1.96448e-05  1.00004  
0.669428  0.00107436  0.742945  
0.91152  3.7583e-05  0.411436  
0.739353  0.000162973  0.673413  
0.180351  0.000456758  0.983632  
0.572227  0.823348  0.00146152  
0.769471  0.639263  0.0592062  
0.453177  0.0020511  0.891475  
0.81502  0.582974  0.00574  
0.716111  0.00177777  0.698023  
8.58583e-06  0.960804  0.27746  
0.356764  0.456914  0.81648  
0.367382  0.93021  5.77016e-05  
0.215225  0.976745  2.66382e-05  
0.638227  0.722871  0.266117  
0.834921  0.550473  0.000880002  
0.470081  0.842423  0.26596  
0.509371  3.65366e-06  0.860568  
0.449189  0.856357  0.257008  
0.900911  0.390158  0.191957  
0.283066  0.925483  0.254414  
0.861367  0.508311  0.000122181  
0.422942  0.870023  0.254333  
0.654534  0.756278  0.000214574  
0.174545  9.639e-07  0.984652  
0.678902  0.685425  0.26702  
0.781588  0.624515  0.00243614  
0.205652  0.945627  0.254602  
0.546694  0.796535  0.258747  
0.36598  6.03111e-06  0.930624  
0.403871  4.24255e-07  0.914817  
0.473996  6.78719e-06  0.880532  
0.263798  0.523671  0.810513  
0.136059  0.485214  0.86474  
0.943206  5.09926e-06  0.332212  
0.437447  4.5104e-06  0.899246  
0.949649  0.313876  0.000138885  
0.769934  2.33037e-06  0.638128  
0.853057  1.24951e-05  0.521822  
0.782918  0.554387  0.285674  
0.298279  0.954552  0.000384634  
0.519391  0.812099  0.26677  
0.784789  1.69106e-06  0.619765  
4.39306e-06  0.960782  0.277505  
0.809235  0.587776  0.000121686  
0.686243  9.3851e-06  0.727374  
0.970495  0.241971  0.000182795  
0.759995  0.593848  0.268014  
0.861921  0.466197  0.206864  
0.661462  0.701227  0.275843  
0.925554  5.43864e-06  0.378618  
0.02344  0.975605  0.220222  
0.960893  6.45599e-07  0.276929  
0.842279  0.502216  0.198271  
0.700227  0.665528  0.259431  
0.318241  3.63848e-06  0.948017  
0.870846  4.82626e-06  0.491561  
0.646593  7.07554e-07  0.762838  
0.738564  0.620091  0.26725  
0.922869  0.385279  2.97449e-05  
0.908208  4.91775e-06  0.418523  
0.717929  0.644624  0.264341  
0.238338  0.937533  0.25611  
0.881895  0.429838  0.197944  
0.110578  0.585793  0.813146  
0.257451  0.366261  0.8949  
0.0016498  0.49937  0.869286  
0.611617  5.27096e-06  0.791155  
0.547719  0.83726  9.71934e-05  
0.724383  9.64405e-06  0.689399  
0.835075  0.00553659  0.550139  
0.594253  2.08397e-05  0.804286  
0.592929  0.760955  0.269251  
0.572496  0.000186143  0.819909  
0.630207  2.13695e-05  0.776604  
0.22575  7.24621e-06  0.974188  
0.722334  0.692257  0.000141092  
0.357524  0.898578  0.258576  
0.494858  0.828413  0.262991  
0.706824  5.63951e-06  0.707393  
0.802696  0.000185776  0.59639  
0.54081  1.32532e-06  0.841147  
0.569248  0.77977  0.262846  
0.69043  0.723622  7.09439e-05  
0.820038  1.34734e-06  0.572313  
0.979093  2.46377e-06  0.203418  
0.891473  0.453359  0.000138324  
4.52142e-05  0.546711  0.837402  
0.622199  0.783051  2.32492e-05  
0.617048  0.742606  0.26327  
0.276899  2.09679e-06  0.960901  
0.921866  0.336246  0.194907  
0.752414  6.56424e-06  0.658693  
0.321484  0.912432  0.254879  
0.991127  5.30873e-06  0.132921  
0.420786  0.90724  0.00363956  
0.666494  2.02511e-05  0.745514  
0.507995  0.861466  9.9492e-05  
1  7.1211e-07  6.80717e-07  
0.798982  0.53663  0.294896  
0.58458  0.811432  0.000140253  
0.75247  0.658816  0.000107514  
0.467593  0.884049  3.16995e-05  
0.738831  4.69693e-07  0.673901  
0.38932  0.884837  0.256978  
1.27533e-05  1.42742e-05  1.00007  
0.18484  0.563268  0.809804  
0.119379  3.1136e-06  0.99285  
0.889739  4.29622e-06  0.456474  
0.323237  0.315689  0.89235  
2.77906e-05  1.00007  4.49849e-06  
0.960959  1.6539e-05  0.276791  
0.799986  0.528255  0.285025  
0.830017  6.89043e-06  0.557739  
0.46544  0.885099  9.2782e-06  
0.67998  0.680975  0.276362  
0.774976  0.558284  0.301476  
0.491743  1.1463e-05  0.870745  
0.180871  2.92028e-07  0.983508  
0.718336  0.0019374  0.695724  
0.292451  0.956332  0.000108195  
0.90105  0.386257  0.19831  
0.746532  8.08091e-05  0.6654  
0.387969  0.885906  0.256005  
0.735819  0.617586  0.280295  
0.83875  0.4457  0.321899  
0.355737  0.89919  0.255206  
0.420248  0.871203  0.2539  
0.656619  0.75429  3.76158e-05  
0.52638  1.54448e-07  0.85025  
0.494792  0.828406  0.262707  
0.461943  2.65933e-07  0.886911  
0.422094  5.47118e-06  0.906552  
0.817086  0.489383  0.311429  
0.616169  0.742011  0.264823  
0.30136  8.68091e-07  0.953511  
3.59111e-06  1.00001  4.00734e-06  
0.857469  0.415391  0.324448  
0.207699  0.978287  0.000175946  
0.547026  0.795711  0.260586  
0.868007  0.000568601  0.497262  
0.24617  1.0856e-06  0.969228  
0.000507579  0.975638  0.219714  
0.187942  0.94857  0.260932  
0.077625  0.589666  0.805566  
0.98752  5.32955e-06  0.157501  
0.637719  0.722099  0.269366  
0.889487  7.31728e-05  0.456962  
1  8.13083e-08  1.0104e-07  
0.780802  0.624823  0.000118294  
0.647778  5.49223e-06  0.761948  
0.923187  0.328096  0.201824  
0.973576  0.229684  0.000247198  
0.237659  0.937237  0.255885  
0.420724  0.907247  0.00277288  
0.732398  1.67611e-07  0.680877  
0.000395599  0.495664  0.869516  
0.796663  9.79984e-07  0.604425  
0.591412  0.759479  0.272659  
0.557013  7.02157e-05  0.830509  
0.320031  0.912711  0.254278  
8.31931e-05  0.547636  0.836842  
0.227882  0.381151  0.897492  
0.909009  1.81108e-06  0.416779  
0.582953  7.25338e-05  0.812993  
0.660214  0.699681  0.273568  
3.4308e-05  0.960443  0.278977  
0.271274  0.519788  0.810398  
0.780828  7.7138e-07  0.624747  
0.328149  0.32044  0.888857  
0.701132  7.5279e-05  0.713032  
0.813239  2.56709e-07  0.581931  
0.835562  0.549461  7.07427e-05  
0.00225197  0.589774  0.813999  
0.363912  0.931534  3.99079e-05  
0.891384  0.453325  3.81249e-05  
0.383717  0.433144  0.816728  
0.749479  0.662072  8.7159e-05  
0.608629  5.46519e-06  0.793455  
0.568372  0.778503  0.269397  
0.718697  0.69541  0.000105986  
0.282786  0.924996  0.254123  
0.848677  2.20975e-06  0.528913  
0.809232  0.587574  4.28003e-05  
0.506893  0.862045  1.19525e-05  
0.145024  0.480471  0.865292  
0.339972  1.63598e-07  0.940437  
0.753428  0.59126  0.293358  
0.466748  0.842514  0.273213  
0.689728  0.724118  1.09248e-05  
0.861951  0.507054  1.45185e-05  
0.51894  0.811262  0.270447  
0.622015  0.78303  8.26079e-06  
0.626897  5.40424e-06  0.779103  
0.950577  0.310667  8.46873e-05  
0.972356  4.37139e-06  0.23351  
0.122806  2.91861e-06  0.992431  
5.84986e-06  4.56573e-06  1.00002  
0.44554  0.857731  0.257071  
0.717349  0.643842  0.266894  
0.922817  0.385262  6.11704e-06  
0.925288  6.78764e-05  0.380092  
0.185224  0.579516  0.800971  
0.547589  0.836946  0.000102973  
0.667041  8.11582e-07  0.745022  
0.764937  3.55855e-07  0.644106  
0.382894  2.9951e-06  0.923793  
0.941259  1.45781e-06  0.337687  
0.582147  0.813555  0.000378402  
0.699777  0.665153  0.261096  
0.68452  6.68251e-05  0.728995  
0.751943  2.40129e-07  0.659234  
0.599624  1.71509e-05  0.800297  
0.237597  0.937164  0.255709  
0.662537  2.03778e-06  0.74903  
0.845284  1.52409e-06  0.534318  
0.180456  0.949529  0.257078  
0.865134  0.355903  0.354785  
0.894072  7.07808e-05  0.447947  
0.717287  0.643778  0.266713  
0.378804  5.82135e-06  0.925477  
0.930197  1.99854e-06  0.367062  
0.657726  0.699305  0.284911  
0.806662  4.04853e-07  0.591016  
0.750448  0.587334  0.304449  
0.446529  3.28928e-06  0.89477  
1.34039e-05  0.960341  0.278965  
0.32838  0.32066  0.888546  
0.71401  2.45321e-06  0.700136  
0.395325  0.424761  0.815181  
0.810933  0.490052  0.321203  
0.484146  2.78303e-06  0.874988  
4.99776e-05  0.975596  0.219706  
0.914657  0.000139162  0.404445  
0.390167  0.884848  0.254816  
0.547585  0.836768  4.24672e-05  
0.772148  0.556319  0.311119  
0.879195  0.00170322  0.476466  
0.960888  5.13511e-06  0.27694  
0.54774  2.13538e-07  0.836649  
0.417387  0.908776  0.00186221  
0.796172  0.53129  0.291734  
0.770627  0.00151844  0.637286  
0.28189  0.522178  0.80596  
0.825081  2.88646e-06  0.565016  
0.266768  9.10799e-05  0.963764  
0.441175  0.854693  0.275205  
0.153966  0.475299  0.866444  
0.861102  5.08044e-08  0.508433  
0.651232  0.758998  8.24775e-05  
0.62231  1.28834e-06  0.782771  
0.946887  8.65992e-06  0.321566  
0.506891  0.862029  9.16053e-06  
0.6891  1.28834e-06  0.724667  
0.542728  0.794115  0.276586  
0.519334  6.10951e-06  0.854572  
0.678485  0.677678  0.288897  
0.117216  4.48596e-07  0.993107  
0.192639  0.589439  0.788055  
0.217628  0.381182  0.899025  
0.316144  4.20145e-07  0.948711  
0.46543  0.88509  4.76594e-06  
0.281371  0.924908  0.256679  
2.987e-06  1.00001  3.33115e-06  
0.788408  4.98936e-07  0.615153  
0.207562  0.000591359  0.978237  
0.735057  7.26144e-07  0.678006  
0.919062  0.320734  0.233256  
0.719997  0.694017  1.93523e-05  
0.834272  0.438485  0.335361  
0.835926  0.548873  1.79218e-05  
0.000210451  0.488257  0.873344  
0.49436  0.827655  0.266061  
0.689725  0.724116  7.55036e-06  
0.976124  9.02002e-07  0.217218  
0.363806  0.931491  1.60033e-05  
0.989602  5.88346e-07  0.143835  
0.574464  3.78024e-07  0.818566  
1.29932e-05  0.547596  0.836803  
0.235333  0.97221  0.000160464  
0.751384  0.659898  6.22467e-05  
1  4.34951e-08  8.28633e-08  
0.809189  0.587558  1.40489e-05  
0.923924  0.382656  1.1403e-05  
0.407987  1.69373e-06  0.912988  
0.896916  0.39548  0.198053  
0.299463  0.954135  4.17855e-05  
0.17129  2.29077e-07  0.985221  
0.566853  0.776514  0.276823  
0.780789  0.62482  3.1012e-05  
0.355298  0.898103  0.260354  
0.591006  0.758518  0.277141  
0.13513  0.606118  0.790975  
0.620682  0.784093  1.01036e-05  
0.865625  0.50082  5.27425e-05  
0.518837  0.811214  0.269942  
0.319844  0.91193  0.257469  
0.694301  0.661092  0.290801  
0.000834992  0.592216  0.806537  
0.420239  0.871197  0.25388  
0.973351  0.229469  4.22987e-05  
0.17305  0.985126  0.000322145  
0.468004  0.840661  0.274285  
0.64756  1.31599e-06  0.762015  
0.581804  0.813439  2.02469e-05  
0.637141  0.721463  0.271426  
0.891379  0.453279  3.26763e-05  
2.99172e-06  1.52554e-05  1.00001  
0.951934  0.306434  4.02165e-05  
0.734192  0.605875  0.312609  
0.615804  0.741638  0.266664  
0.848231  6.1042e-05  0.529662  
1.92075e-05  0.487776  0.873027  
0.65385  0.700096  0.287986  
0.944964  1.7261e-06  0.327176  
0.28445  0.519918  0.805687  
0.756457  2.62489e-05  0.654043  
0.541841  0.793461  0.278154  
0.598608  1.0239e-05  0.801068  
0.990171  2.20528e-06  0.13988  
0.498689  2.75477e-05  0.866782  
0.611492  0.737767  0.293072  
0.54758  0.836766  1.17689e-05  
0.924284  0.381754  1.58363e-05  
0.159232  0.472215  0.867396  
0.668374  8.65966e-07  0.743826  
0.589768  0.75731  0.283221  
0.713613  0.62214  0.32479  
0.405645  0.415677  0.814322  
0.532912  4.84207e-05  0.846172  
0.620069  4.66867e-07  0.784548  
0.350457  0.893766  0.285519  
0.338422  5.48643e-05  0.941007  
0.375948  0.882478  0.284395  
0.654697  0.756007  3.41961e-05  
0.865152  0.501976  0.000124731  
0.208073  0.381753  0.901011  
0.582867  0.812605  1.54453e-05  
0.908915  5.62536e-07  0.416983  
0.718489  2.46895e-05  0.695555  
0.773983  2.48973e-06  0.633207  
0.769803  0.549955  0.326299  
0.832195  0.43747  0.341389  
0.393838  4.53444e-05  0.91918  
0.299462  0.954133  2.10188e-05  
0.887562  0.295016  0.357017  
0.642347  1.43731e-06  0.766415  
0.891377  0.453277  2.81795e-05  
0.221304  0.578425  0.786337  
0.838745  0.544674  6.9673e-05  
7.42766e-05  0.594849  0.803932  
0.430005  2.7931e-06  0.902827  
0.735445  6.31095e-07  0.677668  
0.468722  0.839779  0.274152  
0.961296  0.000867524  0.27552  
0.889267  1.80342e-06  0.457391  
0.809189  0.587556  1.10067e-05  
0.973483  0.228877  3.8217e-05  
0.563213  3.79833e-05  0.826312  
0.127152  3.41756e-05  0.991885  
0.722773  0.691165  2.13315e-05  
0.805919  0.000183163  0.592027  
0.518593  0.810789  0.272058  
0.494602  0.827038  0.267487  
0.0541557  0.650332  0.780679  
0.362228  0.932106  1.40024e-05  
0.168482  0.985799  1.93206e-05  
0.231093  3.81897e-06  0.972932  
0.470277  0.000235088  0.882519  
0.241262  0.970482  5.93711e-05  
0.283789  3.18326e-06  0.958888  
0.695145  0.000110063  0.71887  
0.846228  0.357245  0.399938  
0.92104  0.311435  0.234544  
0.506903  0.862009  5.04777e-06  
0.795663  0.531094  0.29148  
0.781024  0.624515  2.02075e-05  
0.74714  0.58651  0.313836  
0.180211  0.948987  0.260561  
0.685906  0.652006  0.340648  
0.464601  0.885529  5.31623e-06  
0.319802  0.911894  0.257369  
0.977763  3.3325e-07  0.209719  
0.330322  0.320695  0.88779  
0.566289  0.775696  0.27945  
2.88975e-06  1  2.10739e-06  
4.06508e-07  0.547555  0.836791  
1.36149e-05  0.975589  0.219679  
0.951931  0.30643  2.76052e-05  
1  3.28852e-08  8.28633e-08  
0.807836  0.488157  0.331232  
0.122795  0.617726  0.779215  
0.9277  5.58639e-07  0.373329  
0.631295  0.720793  0.288969  
0.896589  0.395325  0.19978  
0.417373  0.90878  0.00119855  
0.787975  4.63542e-06  0.615709  
0.439593  0.853963  0.280107  
0.675004  0.677765  0.293316  
0.405692  0.869129  0.284401  
1.10207e-06  1.19113e-05  1.00001  
0.000125641  0.959578  0.281837  
0.617621  0.786535  6.65553e-05  
0.684922  1.00002e-06  0.728616  
0.181963  0.000355657  0.983322  
0.23538  0.937697  0.255668  
0.751856  0.65936  2.71795e-05  
0.281296  0.924728  0.256561  
0.86835  3.09913e-05  0.495953  
0.827423  1.16793e-05  0.56158  
0.689467  0.724355  4.68787e-06  
0.332784  3.91752e-06  0.943004  
0.699982  2.43514e-07  0.714161  
0.65464  0.755959  1.15682e-05  
0.838216  0.545385  3.14489e-05  
0.713611  0.610596  0.346903  
0.798327  1.09939e-05  0.602224  
0.838349  0.00131588  0.545134  
0.242601  0.572202  0.783967  
0.661486  5.75191e-06  0.749958  
0.00241636  0.642741  0.771212  
0.935502  2.53122e-07  0.353496  
0.435152  0.381333  0.821453  
0.721459  0.692475  1.41915e-05  
2.65609e-07  0.547539  0.83679  
0.683781  8.15813e-05  0.729689  
0.744694  0.517303  0.450713  
0.414926  0.909924  7.00405e-05  
0.637542  0.690914  0.345444  
0.818604  1.10916e-06  0.574359  
0.289336  0.00883386  0.958211  
0.133179  1.40305e-06  0.991258  
0.918625  4.5029e-07  0.395132  
0.338502  0.896945  0.286092  
0.720049  8.24449e-07  0.693924  
0.985574  3.62045e-07  0.169248  
0.925134  0.379706  8.20258e-06  
0.834888  0.43896  0.333078  
0.611429  3.14865e-06  0.791299  
0.896958  0.394444  0.19978  
0.584749  2.18664e-05  0.811215  
0.804583  0.517988  0.291754  
0.301088  0.953603  2.03578e-05  
0.778338  0.460207  0.440324  
0.00014846  0.596816  0.802641  
0.738787  3.83385e-06  0.67394  
0.371228  0.883425  0.286327  
0.452758  2.10749e-05  0.891634  
0.899083  5.65451e-07  0.437778  
0.380907  2.0105e-05  0.924628  
0.764857  0.546232  0.344175  
0.000290709  0.48621  0.8744  
1  2.3606e-08  5.44669e-08  
0.865387  0.501212  1.47616e-05  
0.925461  0.294296  0.242178  
0.235072  0.937311  0.25787  
0.53972  0.772052  0.367936  
0.666866  0.667454  0.333023  
8.8867e-05  0.959157  0.283613  
0.809189  0.587556  4.83336e-06  
0.294072  0.9117  0.29014  
0.244181  3.64652e-07  0.96973  
0.417074  1.55133e-06  0.908873  
0.891349  0.453401  0.000130634  
0.51942  0.807113  0.284121  
0.468721  0.839763  0.27414  
0.846462  0.342279  0.408857  
0.879288  5.73973e-07  0.476291  
0.887131  0.295932  0.354588  
0.405275  0.868689  0.286518  
0.974172  0.225963  0.000257655  
0.949732  4.85548e-07  0.313065  
7.78296e-06  0.97561  0.219543  
0.609465  0.715421  0.34748  
0.85948  0.000169828  0.51117  
0.332952  0.323301  0.885931  
0.776797  3.96812e-07  0.629752  
0.273211  0.926878  0.258225  
0.484034  5.00021e-07  0.87505  
0.758125  3.90708e-06  0.65211  
0.546976  1.49836e-06  0.837193  
0.968339  2.78573e-07  0.249638  
0.462895  0.886431  6.73683e-06  
0.68088  0.6421  0.361179  
0.546955  0.83717  1.33546e-05  
0.805832  0.408848  0.431438  
0.619539  0.784982  3.62797e-05  
0.175574  0.949106  0.262136  
2.30026e-06  1  2.10739e-06  
0.574186  0.770947  0.27928  
0.747029  0.586279  0.313553  
0.163652  0.470307  0.867305  
0.438575  0.853702  0.281067  
0.29474  0.517963  0.803599  
0.411925  0.421682  0.80973  
0.177144  8.35528e-08  0.984185  
0.196504  0.381696  0.904092  
0.506904  0.862008  2.72807e-06  
0.517568  3.35196e-07  0.855643  
0.689462  0.724331  2.91116e-06  
0.58286  0.812591  1.13042e-05  
0.166254  0.986126  3.09693e-05  
0.49457  0.827005  0.267455  
0.576762  0.737274  0.359954  
0.952373  0.304981  1.62724e-05  
0.63959  7.5967e-07  0.768716  
0.780841  0.624742  1.52138e-06  
0.241256  0.97047  1.36813e-05  
0.362226  0.932106  7.18339e-06  
0.751846  0.659359  5.58341e-06  
1.1268e-06  6.51021e-06  1  
0.208105  0.934971  0.299299  
0.395785  0.847321  0.358508  
0.551888  5.42464e-07  0.833918  
0.938843  0.000117469  0.344374  
2.157e-05  0.596101  0.802985  
0.83614  2.1983e-06  0.548516  
0.813477  1.07018e-07  0.581598  
0.667236  9.85404e-08  0.744891  
0.414911  0.909892  1.65612e-05  
0.742973  9.81051e-07  0.669322  
0.689461  0.724331  2.36151e-06  
0.702438  5.59775e-07  0.711745  
0.847527  0.331252  0.415259  
0.92998  0.276727  0.242627  
0.954271  6.34269e-08  0.298945  
0.362218  0.932099  6.0486e-06  
0.260845  3.423e-07  0.965381  
0.878102  2.78516e-06  0.478475  
0.170862  0.948887  0.265826  
0.76503  0.545032  0.343347  
0.565211  0.700259  0.469815  
0.0020558  0.644064  0.765255  
0.839259  0.431023  0.33305  
1  7.10811e-09  1.47008e-08  
0.657662  0.607274  0.454897  
0.622738  0.645825  0.458371  
0.628745  0.000558334  0.777623  
0.693474  0.564229  0.44987  
0.430879  0.829105  0.357815  
0.569076  0.773522  0.279106  
0.789634  7.07701e-05  0.613578  
0.800567  0.388103  0.459981  
0.686526  1.37656e-07  0.727105  
0.898468  1.3165e-07  0.43904  
0.181774  0.384741  0.905609  
0.487743  1.33112e-07  0.872987  
5.71112e-06  0.975608  0.21954  
0.768779  0.458405  0.447151  
0.986499  4.16926e-07  0.164256  
0.464563  0.809402  0.360292  
0.584276  0.811568  9.10251e-06  
0.363053  7.29165e-07  0.931769  
0.721108  0.692833  1.15642e-05  
0.727942  6.15506e-05  0.685641  
0.952438  0.30479  0.000986423  
0.449962  0.355917  0.820006  
0.410865  2.51346e-07  0.911696  
0.322526  0.885653  0.36859  
0.919148  8.04424e-08  0.393912  
0.751845  0.659357  4.03643e-06  
0.538864  0.7636  0.357056  
0.254156  0.571687  0.780846  
0.971418  6.40295e-08  0.237374  
0.580299  0.000157154  0.814404  
0.76914  0.000116689  0.639081  
0.780841  0.624739  1.15006e-06  
8.15769e-08  0.547538  0.836788  
0.599351  0.720604  0.351718  
0.888105  0.296704  0.35121  
0.857606  3.86531e-05  0.514309  
0.356004  0.866786  0.362603  
2.31828e-05  0.485979  0.874169  
0.810487  0.585777  1.20635e-05  
0.89133  0.453393  7.35829e-06  
0.204559  1.52389e-07  0.978854  
0.296933  0.908531  0.29592  
0.136166  1.0327e-07  0.990688  
0.924957  0.380097  3.19741e-06  
6.37551e-05  0.959039  0.283427  
0.731647  0.514486  0.448899  
0.591767  0.674941  0.450723  
0.313163  4.94186e-08  0.9497  
0.721393  0.606801  0.335066  
0.520573  9.13514e-07  0.853817  
0.332882  0.323197  0.885876  
0.450786  3.48545e-06  0.892656  
0.619527  0.784982  1.48404e-05  
0.301086  0.953603  8.28606e-06  
2.10537e-06  1  1.97467e-06  
0.838206  0.545377  1.42141e-05  
0.462893  0.886424  5.04159e-06  
0.248257  0.924282  0.291812  
0.97416  0.225945  2.6973e-05  
0.411307  0.426862  0.806009  
0.807988  0.512414  0.291665  
1.10038e-06  8.28523e-07  1  
0.241248  0.970467  5.80378e-06  
0.506902  0.862008  1.40994e-06  
0.649148  2.77855e-08  0.760662  
0.502668  0.785919  0.361675  
0.605823  7.69037e-08  0.795599  
0.546955  0.83717  1.14616e-05  
0.655862  0.661583  0.364886  
0.657543  0.753467  7.68773e-05  
0.306593  0.513727  0.80186  
0.166812  0.469181  0.867283  
0.896885  0.394113  0.200789  
0.16603  0.986141  2.18147e-05  
0.865366  0.50121  9.42071e-06  
0.485075  0.832815  0.267653  
