2.14241  3.87302  
1.64202  4.19341  
1.95011  3.59059  
2.30831  2.29087  
2.62905  1.34383  
2.39372  2.58156  
2.44223  2.12799  
2.34925  2.9506  
2.60038  2.03176  
2.51576  2.28866  
2.57696  0.890076  
2.26311  2.70569  
1.80174  3.57312  
2.49084  1.95856  
2.38059  2.51361  
2.33793  2.78706  
2.38881  2.3958  
2.39738  2.25333  
1.83458  3.74545  
2.47509  2.64088  
2.13437  3.42907  
2.75899  1.81263  
2.36543  2.60239  
2.36678  2.96343  
2.33587  2.89014  
2.4374  2.69274  
2.51902  1.39673  
2.67475  1.6162  
2.3699  2.90153  
2.33643  2.69331  
2.21114  2.94018  
2.53071  2.3037  
2.38905  2.69977  
2.3186  2.87767  
2.38774  3.05489  
2.05163  3.52544  
2.31702  3.19944  
2.38204  2.21687  
2.43682  2.45402  
1.88102  3.68184  
2.29298  2.93867  
2.26903  3.07972  
2.35424  2.79623  
1.98559  3.5872  
2.47297  2.0934  
2.5079  2.14206  
2.23351  2.56726  
2.44033  2.34282  
2.48314  1.34684  
2.71128  2.10987  
2.17479  3.07586  
2.22029  2.26265  
1.5035  4.16095  
2.38706  2.08424  
1.89096  3.78354  
2.45086  2.04841  
2.55701  2.30543  
2.21619  2.78874  
2.41095  1.85991  
2.17485  3.26692  
2.42773  2.44786  
2.50677  2.55623  
2.29017  2.85801  
2.31558  2.11562  
2.03381  3.51628  
2.34091  2.64199  
1.72808  4.26912  
2.08163  3.12871  
2.00441  3.66035  
1.72105  3.98255  
1.96206  3.78574  
2.19122  3.38696  
2.26513  2.8476  
2.15829  2.87865  
2.52596  2.61529  
2.0653  3.7763  
1.79762  3.78891  
2.27647  2.97127  
2.31983  2.873  
2.397  3.02288  
1.8818  3.46654  
2.55627  1.65389  
2.27379  2.98054  
2.4704  2.41772  
2.18731  2.72362  
1.64645  3.97904  
2.21713  3.04757  
2.49449  1.52375  
2.29447  2.71229  
2.09473  3.37305  
1.80196  4.02055  
1.87165  3.34493  
1.61707  4.11311  
1.73835  3.77946  
2.35079  2.61611  
2.39208  2.0459  
2.21726  3.11743  
1.91116  3.68429  
1.98184  3.29999  
1.96088  3.54368  
1.23213  3.23285  
1.58016  2.56579  
0.113997  4.03046  
0.573138  3.88343  
0.658078  3.83166  
1.61089  2.48867  
1.93781  1.24858  
2.02294  0.421589  
1.43576  2.88239  
0.740696  3.77324  
0.767456  3.75247  
1.7253  2.1623  
0.544123  3.89926  
1.84351  1.72943  
1.14877  3.35124  
1.51916  2.70782  
0.319336  3.99101  
0.180846  4.02155  
0.918667  3.61828  
0.441724  3.94773  
0.846249  3.6863  
1.31031  3.10944  
0.361115  3.97803  
1.99236  0.829367  
1.212  3.26281  
1.50364  2.74205  
0.987525  3.54682  
0.51147  3.91599  
0.475873  3.93288  
1.10409  3.40989  
1.73706  2.12444  
1.64057  2.41036  
0.401651  3.96364  
0.630764  3.84925  
1.74968  2.08269  
1.89707  1.47876  
1.82055  1.82414  
1.94758  1.18554  
1.77379  2.00002  
0.894647  3.64157  
1.32841  3.07901  
1.05704  3.46761  
1.03447  3.49413  
1.25289  3.20141  
0.685751  3.81296  
1.01108  3.5208  
0.942489  3.5943  
0.96511  3.57082  
1.48727  2.77719  
1.45252  2.84913  
1.59582  2.52692  
1.08104  3.43848  
0.602374  3.86656  
0.796363  3.72917  
1.12678  3.38044  
1.97511  0.983472  
1.85387  1.6844  
1.27323  3.16955  
1.69797  2.24673  
1.96621  1.0536  
2.02901  0.269916  
1.65569  2.36936  
1.80875  1.87074  
1.91774  1.3678  
1.19108  3.29282  
1.17029  3.32191  
0.821623  3.70782  
1.76236  2.03964  
1.29238  3.13889  
1.56522  2.60182  
2.03283  0.0328897  
1.38333  2.98205  
1.83241  1.77601  
1.62504  2.45181  
0.274522  4.00302  
1.47004  2.81326  
1.90777  1.42223  
1.88701  1.52984  
0.869305  3.66543  
1.98422  0.905628  
1.40148  2.94838  
1.95716  1.11988  
2.00124  0.735799  
0.229492  4.0131  
2.00864  0.647538  
1.34728  3.04653  
1.68468  2.28637  
1.41914  2.91487  
1.92812  1.30732  
1.8761  1.58251  
1.79731  1.91409  
2.01665  0.53424  
1.86469  1.63605  
1.53541  2.67126  
1.78544  1.95779  
0.713449  3.79343  
1.55072  2.63598  
1.36547  3.01471  
1.71165  2.2054  
1.67049  2.32739  
0.768389  3.75148  
0.570259  3.88486  
1.32748  3.08014  
0.228453  4.01302  
0.440046  3.94825  
0.893947  3.64203  
0.507295  3.9178  
0.629885  3.84954  
0.988989  3.54491  
0.0671175  4.03484  
0.538957  3.90176  
0.820064  3.70888  
2.00078  0.739345  
1.54991  2.63747  
1.94796  1.18147  
2.02226  0.432375  
1.72303  2.16891  
1.6967  2.25015  
1.919  1.35937  
1.76115  2.0432  
2.02795  0.296454  
0.795444  3.7296  
2.01577  0.545218  
1.99252  0.825925  
1.41845  2.91569  
1.51892  2.70801  
2.00857  0.646376  
1.9573  1.11725  
1.97539  0.979438  
1.92893  1.30147  
1.46943  2.814  
1.05914  3.46482  
1.59554  2.52722  
1.27011  3.17411  
1.14787  3.35215  
1.86661  1.62624  
1.9841  0.90512  
1.88802  1.52384  
1.12689  3.38  
1.78524  1.95799  
1.87737  1.57573  
1.83282  1.77351  
0.741888  3.77202  
1.96635  1.05082  
1.40128  2.9483  
1.48637  2.77862  
2.03234  0.0323403  
0.714882  3.79206  
1.43606  2.88138  
0.659316  3.83061  
1.65452  2.37182  
1.19013  3.29382  
0.869228  3.66517  
1.30909  3.11105  
0.942259  3.59423  
1.79743  1.91301  
1.82137  1.82011  
1.38361  2.98107  
1.01181  3.51966  
1.45306  2.84748  
0.686715  3.81205  
1.80949  1.86701  
1.10499  3.40825  
1.84417  1.7258  
1.68285  2.29109  
1.34562  3.04898  
1.16943  3.32282  
1.73557  2.12872  
0.6012  3.86702  
1.08234  3.4366  
0.965718  3.56994  
1.56526  2.60127  
1.28965  3.14289  
1.89836  1.47131  
1.53437  2.67329  
1.64004  2.41137  
1.85546  1.67665  
0.918157  3.61845  
1.90846  1.41789  
1.25056  3.20449  
1.77341  2.00036  
1.58083  2.56365  
0.844207  3.68782  
0.365082  3.9765  
1.71023  2.2089  
1.93839  1.24355  
1.36471  3.01532  
1.21087  3.26393  
1.03584  3.49226  
1.50278  2.74344  
1.23061  3.23475  
0.404242  3.96247  
0.32317  3.98973  
0.474316  3.93333  
1.6689  2.33138  
0.162408  4.02383  
1.62578  2.44951  
0.278475  4.00184  
1.74826  2.08692  
1.61078  2.48855  
1.96721  1.04395  
0.157745  4.02435  
0.660097  3.83002  
1.88834  1.52206  
0.741714  3.77209  
0.361421  3.97768  
1.40131  2.94817  
1.58096  2.56318  
0.991313  3.54231  
1.73497  2.13052  
0.768132  3.75162  
0.845377  3.68671  
0.506905  3.91794  
1.86664  1.62589  
0.794491  3.73032  
1.83245  1.77488  
1.70888  2.21293  
0.967758  3.56765  
1.92914  1.29989  
0.919803  3.61677  
1.23039  3.23499  
2.02215  0.433587  
1.48557  2.78019  
1.91944  1.35653  
0.400799  3.96372  
1.74779  2.08829  
1.76048  2.04535  
1.59584  2.52635  
1.10418  3.40919  
1.03633  3.4916  
1.69551  2.2535  
0.688261  3.81094  
1.80908  1.86832  
1.94857  1.17704  
1.25041  3.20464  
1.89888  1.46837  
1.45252  2.84847  
1.50206  2.74488  
1.84405  1.72615  
1.27001  3.17417  
2.01577  0.544431  
1.90933  1.41284  
1.34676  3.0469  
1.99318  0.818822  
1.51824  2.7094  
0.631407  3.84851  
1.9848  0.898205  
1.79727  1.91339  
1.41854  2.9154  
1.63993  2.41157  
0.602016  3.86647  
1.2099  3.26525  
0.319027  3.99089  
1.72207  2.17181  
1.12621  3.3808  
1.93886  1.24015  
1.14772  3.35228  
1.56576  2.59995  
1.68196  2.29355  
1.66825  2.33306  
0.539787  3.90129  
0.437708  3.94917  
1.46881  2.8152  
0.715544  3.79154  
1.53413  2.67366  
1.43544  2.8825  
0.870282  3.66414  
0.943622  3.59279  
0.81998  3.7089  
1.05927  3.46456  
2.02775  0.299943  
0.47296  3.93391  
1.8555  1.67625  
2.00871  0.644007  
1.3834  2.98138  
1.82084  1.82208  
1.18973  3.29425  
1.08187  3.4371  
1.01326  3.51797  
0.57139  3.88415  
1.16871  3.32369  
1.62546  2.45018  
0.895473  3.64046  
1.65419  2.37252  
1.95798  1.11209  
0.0494786  4.03212  
2.00118  0.734483  
2.03225  0.0322484  
1.97613  0.973008  
1.36509  3.01452  
0.272463  4.00328  
1.78534  1.95746  
1.61079  2.48839  
1.28897  3.14391  
1.32779  3.07957  
0.219706  4.01462  
1.77307  2.0015  
1.55024  2.63658  
1.30803  3.11272  
1.87758  1.57458  
1.80935  1.86727  
0.742371  3.77158  
1.88867  1.52032  
1.66819  2.33319  
2.00869  0.644014  
0.472395  3.93415  
0.63102  3.84874  
0.570542  3.88461  
1.05973  3.46398  
0.437315  3.94932  
0.538747  3.90182  
0.715328  3.79168  
1.90953  1.41168  
1.5179  2.71012  
1.93906  1.23881  
0.795059  3.72984  
2.0277  0.301224  
1.86679  1.62515  
1.21037  3.26454  
0.846319  3.68585  
0.871165  3.66331  
0.768934  3.75097  
1.45232  2.84885  
0.8956  3.64032  
1.3648  3.01501  
1.43535  2.88265  
0.991506  3.54209  
0.944338  3.59203  
2.01573  0.544914  
1.25053  3.20443  
1.76048  2.04533  
1.73505  2.13021  
1.10395  3.40945  
1.97603  0.973735  
1.68206  2.29325  
1.30837  3.11213  
1.9292  1.29948  
1.65431  2.37217  
1.69558  2.25326  
1.72198  2.17205  
1.34623  3.04778  
1.5656  2.6003  
1.89921  1.4666  
1.62558  2.44984  
1.99306  0.819959  
2.0011  0.735178  
1.48572  2.77985  
1.40055  2.94955  
1.50183  2.74535  
0.318738  3.99097  
1.41819  2.91604  
1.78527  1.95767  
1.94859  1.17686  
1.96714  1.04436  
0.272666  4.00321  
1.85556  1.67592  
1.82115  1.82078  
1.64008  2.41112  
0.920017  3.61654  
2.02213  0.43363  
1.54994  2.63726  
1.59605  2.52578  
1.23062  3.23463  
1.91943  1.35652  
1.61083  2.48825  
1.32744  3.08012  
1.26993  3.17425  
1.84425  1.72521  
1.83289  1.77302  
1.16878  3.32357  
0.820958  3.70804  
1.53406  2.67381  
1.77305  2.00151  
1.79729  1.91324  
0.968175  3.56719  
1.87783  1.57332  
1.08168  3.4373  
1.12585  3.38124  
0.660077  3.83001  
2.03223  0.0322283  
1.38302  2.98203  
1.58086  2.56341  
1.14744  3.35264  
1.46904  2.81472  
0.601532  3.86674  
1.95804  1.11155  
1.01424  3.51684  
1.98468  0.899221  
1.03717  3.4906  
0.0494473  4.03209  
1.18969  3.2943  
0.400119  3.96397  
1.70904  2.2124  
1.28925  3.14343  
1.74786  2.08806  
0.506061  3.91835  
0.360973  3.97782  
0.158082  4.0243  
0.688031  3.81107  
0.220721  4.01442  
0.318355  3.99107  
1.74783  2.08812  
1.8886  1.52064  
1.83294  1.7728  
0.360847  3.97785  
0.221275  4.01431  
1.87782  1.57333  
0.944409  3.59195  
1.23045  3.23488  
1.01455  3.51649  
0.660073  3.83001  
1.68195  2.29353  
1.40037  2.94987  
0.846147  3.686  
1.5181  2.70966  
1.92934  1.29862  
1.32741  3.08016  
0.742566  3.77143  
0.820802  3.70816  
2.01575  0.544569  
0.506222  3.91826  
2.02213  0.433428  
1.45213  2.84921  
1.38245  2.98308  
1.95802  1.11166  
1.96716  1.04417  
1.93912  1.23841  
0.272527  4.00324  
1.03742  3.4903  
1.91955  1.35582  
0.570349  3.88471  
0.687853  3.81119  
1.735  2.13034  
1.2504  3.20462  
1.94867  1.17629  
1.99321  0.818394  
1.50188  2.74523  
1.66832  2.33282  
1.6256  2.44978  
1.2102  3.26478  
1.4689  2.81499  
0.920341  3.61621  
1.28945  3.14308  
1.97615  0.972759  
1.65429  2.37221  
0.630705  3.84893  
1.61088  2.4881  
1.05973  3.46397  
1.58085  2.56341  
0.60121  3.86693  
1.5655  2.60054  
1.18963  3.29437  
1.5341  2.6737  
1.82122  1.82049  
1.12587  3.38122  
2.00876  0.643092  
1.77317  2.00106  
1.36439  3.01573  
1.26996  3.1742  
1.76054  2.04509  
0.472234  3.93421  
1.72198  2.17205  
1.63996  2.41145  
1.16865  3.32375  
0.159475  4.02412  
0.967902  3.56747  
1.90946  1.41204  
1.79746  1.91259  
1.69561  2.25316  
1.86692  1.62455  
1.48545  2.7804  
1.34615  3.04791  
1.80941  1.867  
0.437071  3.94941  
2.03222  0.032222  
0.795128  3.72978  
0.991513  3.54207  
2.00124  0.733544  
1.78537  1.95731  
0.539026  3.90167  
1.85577  1.67498  
1.84438  1.72467  
2.02773  0.300256  
1.41784  2.9167  
0.715488  3.79155  
1.14755  3.35249  
0.896116  3.63982  
1.30864  3.11166  
1.59599  2.5259  
0.0486841  4.03209  
1.98488  0.897385  
1.08217  3.43669  
1.70886  2.21295  
0.768951  3.75095  
1.89913  1.46702  
0.871338  3.66314  
1.10397  3.40941  
1.43526  2.88282  
1.54983  2.6375  
0.400145  3.96396  
1.7731  2.00132  
0.272526  4.00324  
0.158154  4.02428  
0.769191  3.75075  
1.56538  2.60082  
1.4178  2.91678  
0.360498  3.97797  
0.506583  3.91808  
0.631259  3.84858  
1.3461  3.048  
1.74779  2.08826  
1.65416  2.37258  
1.03771  3.48996  
0.846537  3.68565  
1.51806  2.70974  
0.968343  3.567  
0.871497  3.66299  
1.86683  1.62495  
0.821125  3.70788  
1.93942  1.23652  
1.91957  1.35572  
1.10414  3.4092  
1.59597  2.52595  
1.69551  2.25345  
1.05991  3.46374  
1.73489  2.13071  
1.1259  3.38117  
0.571021  3.88433  
1.20994  3.26516  
1.5017  2.74561  
1.32751  3.07999  
2.02775  0.299608  
1.78537  1.95729  
1.83293  1.77285  
1.36438  3.01574  
1.23032  3.23506  
1.99332  0.817269  
1.66809  2.33345  
1.25024  3.20486  
1.18943  3.29465  
0.715487  3.79155  
0.43684  3.9495  
1.01487  3.51612  
2.03222  0.0322204  
0.472458  3.93411  
1.76051  2.04519  
1.54994  2.63722  
0.659832  3.83017  
1.72185  2.17244  
1.45202  2.84943  
1.94897  1.17426  
0.688001  3.81108  
1.58075  2.56367  
0.601431  3.8668  
1.38253  2.98292  
1.28946  3.14307  
1.6255  2.45003  
0.795447  3.72951  
1.6819  2.29368  
1.08214  3.43673  
1.80941  1.867  
1.63992  2.41154  
0.399861  3.96406  
1.48526  2.78081  
1.90949  1.41189  
1.43507  2.88318  
1.92969  1.2965  
1.26995  3.1742  
0.896016  3.63991  
1.4687  2.81541  
1.70882  2.21306  
1.82123  1.82046  
1.89916  1.46684  
0.53933  3.9015  
1.16837  3.32413  
0.920564  3.61599  
1.40029  2.95001  
1.79753  1.91229  
1.14731  3.3528  
0.318354  3.99107  
1.61085  2.48817  
1.87785  1.5732  
1.53407  2.67376  
1.8886  1.52064  
2.01573  0.544745  
1.84437  1.72468  
1.98505  0.895829  
1.85565  1.67549  
2.02212  0.433594  
1.97647  0.970059  
2.00123  0.733617  
0.991685  3.54188  
1.30854  3.11183  
1.95847  1.10845  
2.00871  0.643785  
0.742533  3.77145  
0.220333  4.01449  
1.96765  1.04038  
0.944573  3.59178  
0.048318  4.03209  
1.56533  2.60092  
0.436862  3.94949  
1.8886  1.52062  
0.22049  4.01446  
0.318336  3.99107  
0.0483156  4.03209  
2.01573  0.544743  
1.83294  1.7728  
1.6399  2.4116  
0.968299  3.56705  
1.72203  2.17188  
1.77296  2.00181  
0.687908  3.81114  
1.28946  3.14307  
1.86692  1.62453  
1.69539  2.2538  
2.00126  0.73327  
2.02216  0.432946  
1.97656  0.969297  
0.506475  3.91813  
1.40037  2.94986  
0.74294  3.77114  
1.45202  2.84942  
1.26995  3.1742  
1.18936  3.29474  
0.715919  3.79124  
1.66802  2.33364  
1.61075  2.48843  
1.23032  3.23506  
1.98517  0.89469  
1.82133  1.82005  
1.36433  3.01583  
1.01475  3.51626  
0.769549  3.75047  
1.03771  3.48996  
1.3086  3.11174  
1.87785  1.5732  
1.32751  3.07998  
0.896187  3.63974  
1.8444  1.72455  
1.38249  2.98299  
1.90953  1.41166  
0.846736  3.68547  
1.94923  1.17249  
1.68184  2.29384  
0.821217  3.7078  
1.74783  2.08812  
1.43503  2.88327  
1.54981  2.63754  
1.62544  2.45019  
0.871591  3.66289  
2.03222  0.0322201  
0.920447  3.6161  
1.78538  1.95722  
1.7976  1.91203  
1.93951  1.23597  
1.08233  3.43649  
1.735  2.13033  
0.472363  3.93415  
1.70882  2.21304  
0.601431  3.8668  
1.41787  2.91664  
0.659831  3.83017  
1.10431  3.40898  
0.944573  3.59178  
1.80954  1.86648  
0.63095  3.84877  
1.95867  1.107  
1.34608  3.04802  
1.51792  2.71005  
1.76045  2.04538  
0.539195  3.90157  
1.91972  1.35486  
1.96773  1.03977  
1.14746  3.35261  
1.59597  2.52595  
1.89914  1.46695  
1.12598  3.38106  
1.92968  1.29657  
1.16856  3.32386  
1.85571  1.67526  
1.46864  2.81552  
1.25024  3.20486  
1.06007  3.46356  
1.65403  2.37292  
2.00877  0.642922  
1.53403  2.67385  
1.48535  2.78061  
0.158741  4.02421  
0.795579  3.7294  
2.02775  0.299372  
0.399664  3.96413  
1.50172  2.74556  
1.58069  2.5638  
0.360584  3.97794  
1.99339  0.816597  
1.21001  3.26505  
0.991603  3.54197  
0.570845  3.88443  
0.27227  4.0033  
0.944549  3.5918  
0.22064  4.01443  
0.36033  3.97802  
0.272268  4.0033  
0.0483154  4.03209  
0.158404  4.02425  
0.742982  3.7711  
0.660084  3.83  
0.795847  3.72917  
0.436862  3.94949  
0.89629  3.63964  
1.84447  1.72425  
1.10431  3.40898  
1.01489  3.5161  
0.920493  3.61605  
2.02216  0.432946  
1.03759  3.4901  
0.968345  3.567  
1.23029  3.23511  
0.715771  3.79134  
1.27  3.17412  
1.74778  2.08829  
0.769609  3.75042  
1.32747  3.08004  
2.00138  0.731924  
1.53393  2.67409  
1.83294  1.7728  
1.59577  2.52646  
1.06019  3.46341  
1.40032  2.94996  
1.89916  1.46684  
1.61071  2.48852  
2.02775  0.299372  
1.88863  1.52049  
1.48529  2.78074  
2.03222  0.0322177  
1.12598  3.38106  
1.18947  3.29459  
1.30874  3.11149  
1.85584  1.67464  
1.99352  0.815286  
1.65397  2.3731  
1.87788  1.57304  
1.41769  2.91699  
1.66807  2.33352  
1.72202  2.17192  
1.7088  2.21312  
1.76046  2.04537  
1.51791  2.71007  
1.7975  1.91241  
0.57091  3.88439  
1.58058  2.56406  
1.63986  2.41171  
1.91987  1.354  
1.86696  1.62436  
1.50168  2.74566  
0.688273  3.81089  
1.77296  2.00181  
1.97675  0.967749  
1.62542  2.45024  
1.38249  2.98299  
1.80952  1.86655  
1.25027  3.20481  
1.36437  3.01576  
1.16856  3.32386  
1.96781  1.03913  
1.43492  2.88348  
1.56526  2.6011  
1.7853  1.95752  
1.28948  3.14302  
1.34612  3.04795  
1.21001  3.26505  
1.98529  0.893626  
2.01579  0.543868  
1.90967  1.41087  
0.846801  3.68541  
1.45193  2.8496  
0.39973  3.96411  
1.95867  1.107  
1.46875  2.81528  
1.94935  1.17168  
1.14746  3.35261  
1.6819  2.29366  
0.821617  3.70746  
1.54972  2.63774  
1.92989  1.29529  
1.69543  2.25368  
1.93971  1.23468  
1.73497  2.13044  
2.00882  0.642285  
1.08245  3.43634  
0.991749  3.5418  
0.472362  3.93415  
1.82134  1.82002  
0.318327  3.99108  
0.871778  3.66272  
0.506305  3.91821  
0.539265  3.90153  
0.631304  3.84855  
0.60138  3.86683  
1.99352  0.815286  
0.360303  3.97803  
0.158501  4.02424  
1.08238  3.43643  
1.43484  2.88363  
0.991756  3.5418  
1.68185  2.29383  
0.968372  3.56697  
1.65397  2.37308  
1.93971  1.23468  
1.27  3.17412  
1.62535  2.45042  
1.69543  2.25368  
1.03777  3.48988  
1.12598  3.38106  
1.97675  0.967684  
1.74778  2.08829  
0.795847  3.72917  
1.36438  3.01574  
1.89924  1.46643  
1.46873  2.81533  
0.920606  3.61594  
1.66807  2.33352  
1.77296  2.00181  
0.57091  3.88439  
2.00141  0.731591  
1.28948  3.14302  
1.96793  1.03821  
1.87793  1.57281  
1.59574  2.52654  
1.98532  0.893364  
1.8213  1.82016  
0.0483148  4.03209  
1.70877  2.2132  
2.02775  0.299352  
1.72194  2.17215  
1.41769  2.91699  
1.56521  2.60122  
1.78531  1.9575  
1.50168  2.74565  
0.688382  3.81081  
1.34607  3.04803  
0.220562  4.01444  
0.631195  3.84862  
1.86697  1.6243  
1.32745  3.08009  
1.40029  2.95002  
1.54968  2.63782  
1.61071  2.48852  
0.318272  3.99109  
1.83294  1.7728  
0.715961  3.7912  
1.48531  2.78068  
1.5178  2.71031  
0.871778  3.66272  
1.58057  2.56409  
1.5338  2.67436  
1.63979  2.4119  
0.272217  4.00331  
0.846969  3.68526  
1.76046  2.04537  
0.944553  3.59179  
0.82166  3.70742  
1.16855  3.32388  
1.10431  3.40898  
1.90968  1.41079  
1.25034  3.20471  
1.9199  1.35382  
1.23032  3.23506  
1.45193  2.8496  
1.21015  3.26485  
0.660093  3.82999  
1.06019  3.46341  
0.769609  3.75042  
1.84447  1.72425  
1.18947  3.29459  
0.601571  3.86671  
0.896256  3.63968  
0.399507  3.96419  
1.88865  1.52038  
1.01489  3.5161  
1.8558  1.67484  
1.80952  1.86655  
1.95879  1.10614  
0.743042  3.77106  
1.92996  1.29489  
1.94933  1.17181  
1.30856  3.1118  
1.79753  1.91229  
2.00888  0.641547  
0.506427  3.91815  
1.73496  2.13047  
2.0158  0.543613  
1.38249  2.98299  
0.472362  3.93415  
2.03222  0.0322174  
2.02216  0.432796  
0.436819  3.94951  
1.1474  3.35268  
0.5393  3.90152  
1.74781  2.08816  
0.360303  3.97803  
1.56519  2.60125  
0.15843  4.02424  
0.0483145  4.03209  
0.272079  4.00335  
0.688447  3.81077  
1.10436  3.40891  
1.03776  3.48989  
0.660207  3.82992  
1.45189  2.84969  
1.62532  2.4505  
1.84447  1.72425  
0.71608  3.79112  
1.18941  3.29467  
0.76992  3.75017  
2.01588  0.542466  
0.896591  3.63935  
1.90968  1.41079  
0.944829  3.59151  
0.991756  3.5418  
1.54959  2.63805  
0.96853  3.5668  
1.61063  2.48873  
1.46866  2.81547  
1.40019  2.9502  
1.76047  2.04531  
1.28944  3.1431  
1.89926  1.46631  
1.73499  2.13036  
1.85586  1.67455  
1.16855  3.32387  
1.01489  3.5161  
1.41762  2.91711  
0.796096  3.72897  
1.30856  3.1118  
0.220474  4.01446  
1.5338  2.67438  
1.20999  3.26508  
1.79753  1.91229  
1.38249  2.98299  
1.83294  1.77278  
1.32745  3.08009  
1.99361  0.814321  
1.66794  2.33389  
0.743293  3.77086  
1.722  2.17198  
1.69533  2.25398  
1.48526  2.7808  
0.399639  3.96414  
1.88873  1.51999  
1.65397  2.37308  
1.63977  2.41194  
1.06025  3.46334  
1.58057  2.5641  
1.87796  1.57266  
1.98544  0.892243  
2.0222  0.431972  
0.570915  3.88439  
0.631195  3.84862  
1.70882  2.21306  
1.0824  3.4364  
1.80952  1.86655  
2.02778  0.298668  
0.821789  3.70731  
0.472475  3.9341  
1.92997  1.29481  
0.871942  3.66257  
1.59572  2.52657  
1.78533  1.95742  
1.77301  2.00163  
1.23029  3.2351  
2.00152  0.73029  
1.91998  1.35335  
1.68173  2.29416  
1.4349  2.88352  
1.12598  3.38106  
0.847122  3.68512  
1.1474  3.35268  
1.86703  1.62403  
1.96805  1.03731  
2.03222  0.0322173  
1.93982  1.23397  
1.51782  2.71027  
1.82131  1.8201  
0.92064  3.61591  
1.27  3.17412  
1.25021  3.2049  
1.36438  3.01573  
1.95889  1.10539  
1.9769  0.966445  
2.00895  0.640592  
0.601502  3.86675  
0.506426  3.91815  
1.94945  1.17104  
0.436835  3.9495  
0.539186  3.90158  
1.34607  3.04803  
0.318233  3.9911  
1.50168  2.74565  
