1.03092  1.55509  4.32231  
1.0796  1.51118  3.5105  
0.78371  1.64922  3.64024  
0.554761  0.617694  5.82119  
1.14172  1.71548  3.35369  
0.956338  1.93979  3.85964  
1.13301  1.76395  2.75406  
1.19059  3.05438  1.43598  
0.699538  0.784405  5.10831  
0.531288  0.827796  5.66798  
1.06031  1.66283  3.10814  
0.99814  1.67353  4.01957  
1.16958  1.54681  3.27612  
0.823311  1.74848  3.45838  
1.32397  2.03747  2.12094  
1.08121  1.36433  3.53677  
1.40291  1.97508  1.77573  
0.614176  0.623093  6.53678  
1.15639  1.80587  3.06722  
1.22014  2.07265  2.40799  
1.02444  1.64625  3.90987  
1.12763  1.77392  3.21214  
0.962632  1.70105  4.33771  
1.48948  1.4903  2.17645  
1.1036  1.73755  3.34313  
0.68191  0.790803  6.02157  
1.02778  1.70658  3.98256  
1.44203  1.72939  2.60902  
1.51397  2.34665  1.86339  
1.1499  1.57611  3.87969  
1.7054  1.86136  1.43162  
0.801042  1.09572  5.07935  
1.3921  1.61371  2.65352  
0.747155  1.1064  5.10104  
1.06935  1.16752  3.66616  
0.868384  0.903375  5.21329  
1.12224  1.65078  2.81953  
1.09971  1.44404  3.39934  
1.35422  2.14826  1.80268  
0.973284  1.42028  3.83174  
1.33036  2.25729  1.78207  
1.11345  1.96743  3.59672  
0.948958  1.99737  3.05078  
1.0811  1.73571  3.4104  
1.31637  1.50448  2.97194  
1.57788  1.75228  2.3785  
1.13784  1.28567  3.97832  
0.948109  1.92365  3.77892  
0.658498  1.16027  4.88645  
1.28697  1.62761  2.35509  
1.04115  1.36015  3.48926  
0.91436  1.09856  4.88718  
0.755957  1.44437  4.69683  
1.04308  1.72214  3.74501  
0.929583  1.81515  3.49206  
0.897087  1.67982  3.58155  
1.10268  1.43874  3.59577  
0.924761  1.00373  4.84773  
1.30182  2.84447  1.46933  
0.768206  0.893656  4.76556  
1.14344  1.47383  3.58868  
1.45239  2.12909  1.78025  
1.26834  1.24789  3.49148  
0.674006  0.965718  5.27169  
1.0833  2.18435  2.48865  
1.07987  1.66894  3.84608  
0.67834  1.09492  4.7662  
0.924367  1.14601  5.2359  
1.126  2.18599  2.44389  
0.913152  2.55067  2.32389  
1.08956  1.95557  2.67733  
1.55651  1.52599  1.98782  
0.743359  1.026  5.34013  
1.27075  1.77876  2.65515  
0.926748  2.28993  3.43669  
0.637067  0.627817  6.11631  
0.793569  1.3772  4.37013  
1.13992  2.02825  2.68481  
1.10559  2.95406  1.30246  
1.08032  1.74269  2.53544  
1.02755  1.83865  2.90956  
1.10675  1.58649  3.10718  
0.828146  1.38839  4.21214  
1.38168  1.26848  2.71103  
1.03306  1.47069  4.06465  
0.911422  1.42288  4.59877  
0.925437  1.47223  3.5072  
0.814403  1.52097  4.05595  
1.35485  2.01688  2.03707  
1.36637  1.68417  2.74348  
1.032  2.36854  2.15336  
0.713546  1.03209  4.83293  
1.18209  1.26389  3.13335  
1.25066  1.77737  2.49048  
1.04989  1.15543  4.53962  
1.08774  1.50269  2.9211  
1.1135  1.6643  2.83766  
1.0113  1.30982  4.05162  
0.661551  0.758952  5.58101  
1.35218  2.18792  1.68707  
0.457164  0.909859  3.27255  
1.56659  1.42609  1.29803  
2.05764  1.22748  1.63527  
2.80352  1.00358  1.55982  
0.792759  1.57849  1.2653  
1.10154  1.94923  0.0507684  
1.44299  1.77851  0.221493  
0.773621  1.54343  1.37325  
0.300921  0.597903  4.21029  
0.0175927  0.0330869  5.90847  
0.48637  0.968403  3.09703  
0.0659001  0.129623  5.61753  
1.27414  1.60544  0.91435  
0.150734  0.298639  5.10984  
2.19588  1.40206  0.597941  
0.353556  0.702484  3.89624  
2.2211  1.13849  1.90738  
0.172048  0.341734  4.97898  
2.37201  1.18872  1.32588  
2.61228  1.04683  1.74089  
0.812701  1.62233  1.13753  
1.56322  1.71839  0.281608  
0.616646  1.22756  2.31804  
0.690753  1.37658  1.87102  
0.101417  0.200609  5.40364  
2.57161  1.00064  2.27812  
0.0778348  0.153411  5.54596  
2.99188  1.00406  0.995961  
0.516491  1.02636  2.92293  
0.937781  1.86516  0.402666  
1.7704  1.47098  0.911199  
0.0914055  0.180649  5.46361  
1.36843  1.51212  1.1515  
0.671294  1.33776  1.98763  
0.217975  0.433156  4.7046  
0.195196  0.387165  4.8437  
0.113856  0.225125  5.33058  
1.00628  2.00471  0.00592413  
0.418384  0.831833  3.50768  
1.59238  1.56414  0.76566  
2.85207  1.07396  0.92608  
2.58476  1.20762  0.79238  
1.6789  1.27173  1.85067  
1.68788  1.65606  0.343938  
0.160272  0.317746  5.05224  
0.0314736  0.0604763  5.82703  
1.33419  1.68538  0.612309  
0.270548  0.537066  4.39346  
0.00165719  0.00165776  6.00165  
1.90813  1.17772  2.11038  
2.4596  1.2702  0.729801  
2.07162  1.46419  0.535812  
0.49932  0.99339  3.02215  
0.862594  1.7175  0.848029  
0.0539143  0.105299  5.69184  
0.340775  0.677328  3.97159  
1.81205  1.59398  0.406024  
0.712763  1.41702  1.74898  
0.312613  0.619936  4.14527  
2.52152  1.11282  1.48242  
0.965764  1.92487  0.224467  
1.32813  1.83593  0.164067  
0.471466  0.938402  3.18704  
0.887555  1.76636  0.70031  
0.432127  0.859941  3.42284  
0.245106  0.48611  4.547  
0.564151  1.12205  2.63506  
0.912187  1.81976  0.546098  
0.651421  1.29811  2.10672  
0.836804  1.67066  0.991942  
0.531709  1.05803  2.82803  
0.25816  0.511162  4.47289  
0.732503  1.45689  1.62908  
0.184212  0.366021  4.90597  
0.32663  0.648161  4.0601  
1.49127  1.36348  1.60849  
1.94202  1.52899  0.471008  
0.389428  0.775503  3.6757  
1.21545  1.89227  0.107726  
0.445603  0.886194  3.34467  
0.206196  0.409458  4.77616  
0.378283  0.751393  3.74999  
0.286466  0.570071  4.29286  
0.366708  0.728086  3.81976  
1.97944  1.37567  1.03534  
0.582307  1.15856  2.52532  
0.548631  1.09075  2.73008  
0.13862  0.274372  5.18279  
1.85675  1.32107  1.43508  
2.32553  1.06833  2.23394  
0.634932  1.2619  2.21493  
2.32705  1.33648  0.663523  
0.404749  0.804531  3.58975  
0.126612  0.249602  5.25908  
0.600319  1.19335  2.42132  
0.230678  0.458265  4.62949  
0.752308  1.50069  1.50349  
2.71705  1.14147  0.858525  
0.0454248  0.0883256  5.74308  
2.18524  1.28121  1.16467  
0.136381  0.272053  5.18531  
2.2354  1.13612  1.89825  
2.07606  1.46197  0.538032  
2.80869  1.0003  1.57143  
0.454822  0.908488  3.27506  
0.389276  0.77728  3.66901  
0.284422  0.568029  4.29679  
0.19455  0.388174  4.83697  
0.495748  0.989946  3.0307  
0.911855  1.8221  0.53568  
0.258651  0.516251  4.45251  
0.218927  0.436869  4.69081  
0.429038  0.856721  3.43059  
1.27993  1.60521  0.910608  
2.46547  1.26727  0.732735  
0.159283  0.31775  5.04832  
2.9996  1.0002  0.999799  
1.34011  1.68456  0.609632  
0.0883045  0.17597  5.47373  
0.511879  1.02251  2.93311  
0.886824  1.77189  0.684102  
2.20111  1.39944  0.600555  
1.22083  1.88959  0.110414  
0.576232  1.15062  2.54857  
0.610259  1.21881  2.34374  
0.482248  0.962853  3.11207  
2.86051  1.06974  0.930257  
1.49947  1.3587  1.62145  
1.33519  1.8324  0.167596  
1.69448  1.65276  0.34724  
0.593375  1.18465  2.44637  
1.98698  1.3724  1.03917  
0.182842  0.364617  4.90794  
0.245312  0.489694  4.53214  
0.862007  1.72234  0.832907  
2.38729  1.18377  1.32489  
0.441729  0.882323  3.35359  
1.69686  1.26615  1.86078  
2.53288  1.0002  2.39905  
2.33254  1.33373  0.66627  
0.0753252  0.150278  5.55027  
0.20684  0.412644  4.76365  
2.62341  1.03485  1.80909  
2.54197  1.1055  1.48509  
1.59691  1.5622  0.76775  
1.00134  2.00041  0.00103324  
0.769351  1.53692  1.3892  
0.646964  1.29292  2.12219  
1.8664  1.3174  1.44029  
0.838756  1.67587  0.972359  
0.323807  0.646585  4.06118  
0.271822  0.542693  4.37301  
2.19418  1.27707  1.17058  
0.937377  1.87358  0.380818  
0.147873  0.295014  5.1165  
2.33059  1.06967  2.21208  
0.790875  1.57966  1.26105  
0.468044  0.934911  3.19576  
1.10795  1.94603  0.0539738  
1.57117  1.4222  1.30891  
0.124916  0.249141  5.25408  
0.297488  0.594206  4.21824  
0.101506  0.202318  5.39491  
0.170735  0.340672  4.97965  
0.666929  1.33235  2.00305  
0.559958  1.11811  2.64606  
1.45092  1.77454  0.225458  
2.06943  1.22346  1.63997  
1.77429  1.46741  0.920456  
0.113138  0.225655  5.3246  
0.966836  1.93341  0.203065  
0.232285  0.463467  4.6111  
1.93058  1.17168  2.11987  
1.81755  1.59123  0.408774  
0.337123  0.673232  3.98116  
1.38612  1.51004  1.14473  
1.94697  1.52652  0.473484  
0.000873133  0.000873133  6.00087  
0.5441  1.08665  2.74049  
0.814466  1.62741  1.11788  
0.0633831  0.126306  5.62247  
0.528433  1.05517  2.83498  
0.0127834  0.0251101  5.9264  
0.376618  0.752058  3.74468  
0.0509474  0.101336  5.69782  
0.748046  1.49414  1.51736  
0.0261078  0.0517944  5.84613  
0.0388304  0.077313  5.76925  
2.59159  1.20421  0.795793  
0.626981  1.25232  2.24328  
2.72491  1.13755  0.862454  
1.57021  1.71489  0.285106  
0.351273  0.701402  3.8967  
0.707812  1.41399  1.7582  
0.364216  0.727186  3.81941  
0.401929  0.802529  3.59328  
0.415373  0.829353  3.51298  
0.687266  1.3729  1.88155  
0.727965  1.45436  1.63744  
0.310469  0.62009  4.14054  
0.481498  0.962394  3.11305  
0.0757829  0.151286  5.54694  
0.10007  0.19985  5.40116  
0.510106  1.01963  2.94128  
0.685979  1.37143  1.88584  
0.257514  0.514604  4.45673  
0.910635  1.82044  0.538566  
0.789989  1.57953  1.26163  
1.22265  1.88868  0.111324  
2.9997  1.00015  0.999852  
0.024853  0.0494844  5.85234  
0.0633508  0.126505  5.62105  
0.182007  0.36372  4.90938  
2.20257  1.39871  0.601287  
1.3857  1.50981  1.14586  
1.81995  1.59003  0.409973  
0.468702  0.936829  3.18975  
0.768331  1.53581  1.39261  
0.966514  1.93317  0.202771  
1.28651  1.60532  0.905155  
0.124232  0.248193  5.25603  
0.270782  0.541037  4.37749  
0.324054  0.64771  4.05723  
0.231756  0.463112  4.61126  
1.69718  1.26605  1.86096  
1.988  1.37196  1.0397  
0.557963  1.11538  2.65397  
1.10955  1.94523  0.0547734  
0.0881924  0.176095  5.47253  
2.80895  1.00019  1.57156  
2.53514  1.00011  2.39329  
0.746682  1.49261  1.52217  
2.72567  1.13717  0.862834  
1.56587  1.4217  1.31569  
0.219463  0.438438  4.68538  
1.94923  1.52539  0.474614  
2.86104  1.06948  0.93052  
0.525873  1.05098  2.84727  
1.33713  1.83144  0.168563  
1.93356  1.17081  2.12157  
0.038018  0.075859  5.773  
0.814445  1.62843  1.11491  
0.363609  0.726601  3.82065  
0.310436  0.620432  4.13913  
0.574343  1.14802  2.55604  
0.050726  0.101206  5.69714  
1.77544  1.46622  0.923691  
0.376303  0.752173  3.74382  
0.284137  0.56776  4.29728  
0.136074  0.271788  5.18538  
2.07089  1.22308  1.63993  
0.337418  0.674286  3.97762  
0.627756  1.25486  2.23549  
2.33389  1.33306  0.666944  
0.012801  0.0253839  5.92467  
2.07797  1.46102  0.538983  
2.19525  1.27661  1.17114  
1.45278  1.77361  0.226392  
1.69658  1.65171  0.34829  
0.245055  0.489587  4.53191  
0.647045  1.2934  2.11981  
2.23826  1.13512  1.89983  
2.59262  1.20369  0.796308  
0.886283  1.77169  0.6848  
2.38832  1.18333  1.32543  
0.610246  1.2198  2.34066  
0.11229  0.224323  5.32776  
0.862117  1.72364  0.829191  
0.838089  1.67571  0.973059  
0.592712  1.18457  2.44641  
0.350663  0.700879  3.89774  
1.00047  1.99978  0.000242762  
1.49807  1.35779  1.62619  
1.34281  1.68424  0.608255  
0.206753  0.413169  4.761  
2.54355  1.10524  1.48324  
0.441382  0.88227  3.35344  
0.706235  1.41163  1.76506  
2.62369  1.03481  1.80869  
1.86705  1.31716  1.44064  
0.169847  0.339324  4.98269  
2.46679  1.26661  0.733393  
0.666389  1.3321  2.00369  
2.33389  1.06864  2.21395  
0.389874  0.779365  3.66235  
0.726141  1.45154  1.64559  
0.000198258  0.000198258  6.0002  
0.494031  0.987453  3.03786  
0.147226  0.294174  5.11807  
0.194234  0.388143  4.83609  
1.60203  1.56112  0.766172  
0.542193  1.08381  2.7487  
0.455357  0.910214  3.26958  
0.158345  0.316344  5.05161  
0.428181  0.855836  3.43277  
0.296855  0.593301  4.22058  
0.415203  0.829863  3.51072  
0.402579  0.804606  3.58652  
1.57213  1.71393  0.286065  
0.936734  1.87383  0.380716  
0.86152  1.72297  0.831476  
2.19637  1.27612  1.17172  
0.257669  0.515202  4.45456  
0.146843  0.293565  5.11955  
0.441541  0.882837  3.35161  
0.158706  0.317289  5.04838  
2.99973  1.00013  0.999866  
1.34315  1.68383  0.609224  
0.050165  0.100247  5.69952  
0.541402  1.08258  2.75231  
0.402286  0.804321  3.58719  
0.936134  1.87254  0.383336  
1.98906  1.37134  1.04094  
0.182221  0.364308  4.9073  
0.170481  0.340833  4.97774  
0.0868556  0.173595  5.47952  
0.231978  0.463795  4.60883  
0.813209  1.6265  1.12105  
0.363276  0.726343  3.82113  
2.72618  1.13691  0.863089  
0.270462  0.540786  4.3778  
0.0751501  0.150169  5.54985  
0.336751  0.673324  3.98018  
0.376211  0.75224  3.74341  
0.467333  0.93437  3.19701  
2.86128  1.06936  0.930639  
0.646517  1.29268  2.12198  
2.46749  1.26625  0.733747  
2.07274  1.2224  1.64094  
2.54429  1.10493  1.48363  
0.12319  0.24626  5.26148  
0.767979  1.53558  1.39334  
0.454381  0.908504  3.27461  
0.323301  0.646385  4.06104  
0.0123885  0.0246669  5.92641  
0.428371  0.856481  3.43069  
0.574628  1.14892  2.55328  
0.0249915  0.0498642  5.85082  
2.59322  1.20339  0.796611  
0.557859  1.11539  2.65391  
0.627027  1.25378  2.23868  
0.837481  1.67452  0.976565  
0.910315  1.8204  0.539  
1.93437  1.17051  2.12242  
0.244879  0.489584  4.53148  
0.0625873  0.125066  5.62512  
0.194249  0.38836  4.83515  
0.219092  0.438037  4.68611  
0.609316  1.21834  2.345  
0.524833  1.0494  2.85186  
0.789947  1.57957  1.26126  
0.389434  0.778651  3.66419  
0.283294  0.566436  4.30086  
0.965398  1.93121  0.207812  
2.3894  1.18287  1.32599  
1.86896  1.31643  1.44168  
1.82086  1.58957  0.41043  
0.350029  0.699837  3.90066  
0.509534  1.01879  2.9437  
1.45377  1.77311  0.226886  
0.685423  1.37047  1.88858  
0.88572  1.77137  0.68623  
0.704869  1.40939  1.7718  
0.135116  0.270094  5.19  
0.0990973  0.198085  5.40601  
0.724866  1.44944  1.65177  
1.70063  1.26521  1.86179  
1.57311  1.71344  0.286556  
0.111436  0.222774  5.3319  
1.56802  1.42089  1.31686  
0.414879  0.829516  3.51159  
2.2034  1.3983  0.601698  
1.60281  1.5607  0.766856  
1.22337  1.88832  0.111683  
1.94989  1.52505  0.474947  
2.07864  1.46068  0.539318  
2.80906  1.00014  1.57162  
0.745945  1.49145  1.52559  
1.6975  1.65125  0.348748  
2.33476  1.06825  2.21549  
0.206877  0.413578  4.75953  
2.33475  1.33263  0.667375  
1.10975  1.94512  0.0548753  
2.23952  1.13469  1.90052  
1.77582  1.46573  0.92514  
0.591731  1.18311  2.45073  
0.000114847  0.000114847  6.00011  
0.480673  0.961057  3.11694  
1.33801  1.831  0.169004  
1.38715  1.5089  1.14787  
0.0375619  0.0750107  5.77534  
0.309716  0.619269  4.14235  
0.296481  0.592797  4.22179  
0.66554  1.33071  2.00786  
1.50066  1.35694  1.62764  
1.0002  1.9999  0.000101969  
0.493446  0.986649  3.04014  
1.286  1.6048  0.907204  
2.62424  1.03459  1.80899  
2.53493  1.00007  2.39441  
0.0498139  0.099592  5.7014  
0.557639  1.11518  2.65456  
0.270689  0.541313  4.37613  
0.767595  1.53503  1.39491  
2.59355  1.20323  0.796775  
0.645862  1.2916  2.12519  
0.182338  0.364598  4.90634  
0.414888  0.829684  3.511  
0.135037  0.27002  5.19005  
0.0621651  0.124284  5.62728  
0.0125413  0.0250458  5.925  
0.388875  0.777622  3.66722  
0.323061  0.646027  4.06201  
2.20415  1.39793  0.602075  
1.6033  1.56048  0.767112  
2.33479  1.06815  2.2163  
0.508971  1.01784  2.94653  
2.33534  1.33233  0.667672  
0.336722  0.673316  3.98016  
0.36284  0.725579  3.82334  
0.591893  1.18363  2.44914  
0.664822  1.32952  2.01144  
2.46792  1.26604  0.733961  
0.745837  1.49142  1.5257  
0.0988909  0.197741  5.40691  
1.98898  1.37122  1.04155  
2.53499  1.00005  2.39444  
0.837954  1.67588  0.972518  
0.524802  1.04948  2.85161  
0.861897  1.72377  0.828924  
1.45429  1.77285  0.227147  
0.0374713  0.0749011  5.77543  
0.401789  0.803487  3.5896  
0.244999  0.489917  4.53036  
0.349891  0.699692  3.901  
1.38724  1.50887  1.14791  
0.257729  0.515398  4.45388  
0.309676  0.619258  4.14232  
1.56722  1.42068  1.31841  
2.07343  1.22214  1.64131  
0.375671  0.751243  3.74634  
0.283637  0.567192  4.29851  
0.123095  0.24613  5.26174  
0.935895  1.87175  0.384953  
0.704797  1.4094  1.7718  
0.170214  0.340357  4.97906  
1.5  1.35634  1.63061  
0.467359  0.934605  3.19623  
0.111141  0.222223  5.33346  
0.68437  1.36862  1.89416  
1.57363  1.71319  0.286813  
0.454242  0.908377  3.27492  
2.62434  1.03455  1.80905  
0.206849  0.413625  4.75923  
0.0864534  0.172853  5.48158  
2.5445  1.10484  1.48374  
0.0743913  0.148726  5.55398  
0.885891  1.77177  0.684917  
2.23984  1.13448  1.90136  
1.95068  1.52466  0.475342  
0.725103  1.4501  1.64979  
1.82141  1.5893  0.410703  
1.70192  1.26481  1.86251  
2.1966  1.27601  1.1719  
1.22366  1.88817  0.11183  
0.480125  0.960151  3.11959  
0.441361  0.882586  3.35231  
2.72645  1.13678  0.863225  
1.00009  1.99995  4.59598e-05  
1.69796  1.65102  0.348982  
0.541129  1.08217  2.75357  
0.15876  0.31746  5.04774  
0.219495  0.438912  4.68337  
1.33842  1.83079  0.169212  
0.428314  0.856544  3.43042  
0.574219  1.14835  2.55498  
0.813785  1.62767  1.11746  
0.609298  1.21841  2.34479  
0.790278  1.58039  1.25882  
2.86149  1.06925  0.930747  
0.194506  0.388964  4.83321  
0.910113  1.8202  0.539624  
1.86823  1.31621  1.44357  
2.99979  1.00011  0.999895  
0.296653  0.593223  4.22042  
1.1098  1.9451  0.0549003  
0.0253164  0.0505887  5.84839  
0.493238  0.986364  3.04095  
1.93502  1.1702  2.12348  
5.05418e-05  5.05418e-05  6.00005  
0.146803  0.293538  5.11952  
1.28566  1.60488  0.907209  
2.80913  1.00011  1.57166  
1.7763  1.46543  0.925758  
0.6268  1.25344  2.2397  
0.2322  0.464316  4.60717  
2.07941  1.4603  0.539703  
1.3436  1.68361  0.609523  
0.965366  1.93086  0.207871  
2.3897  1.18274  1.32615  
0.508963  1.01786  2.94644  
0.935856  1.87176  0.38493  
1.22385  1.88808  0.111923  
0.146834  0.29364  5.11913  
0.323035  0.646013  4.06201  
0.232129  0.464211  4.60743  
0.467207  0.934347  3.19699  
0.441211  0.882361  3.35296  
0.454226  0.908376  3.27491  
0.123216  0.246407  5.26084  
0.745831  1.49157  1.52528  
0.480114  0.960153  3.11957  
0.684973  1.36987  1.89039  
0.789569  1.57907  1.2628  
0.182552  0.365059  4.90489  
0.574211  1.14835  2.55497  
0.309774  0.619491  4.14158  
0.541013  1.08197  2.75411  
0.135022  0.27001  5.19004  
0.626441  1.2528  2.24159  
0.0986021  0.197175  5.40855  
0.524737  1.0494  2.85183  
0.664914  1.32974  2.01077  
2.54483  1.10478  1.48339  
0.557491  1.11489  2.65534  
0.158743  0.317449  5.04772  
0.493044  0.986019  3.04197  
0.704547  1.40903  1.77292  
0.244844  0.489643  4.53113  
0.270589  0.541122  4.3767  
0.0743042  0.148579  5.55434  
2.62452  1.03449  1.80914  
2.33505  1.06807  2.21644  
0.336099  0.672136  3.98364  
1.93549  1.17003  2.12395  
0.0620835  0.12414  5.62766  
0.725086  1.45007  1.64977  
0.362443  0.724833  3.82554  
0.885888  1.77173  0.684902  
2.59374  1.20313  0.796869  
0.296549  0.593051  4.2209  
2.33556  1.33222  0.667781  
0.813349  1.6266  1.12018  
0.219483  0.438907  4.68336  
1.00006  1.99997  2.9029e-05  
2.46817  1.26592  0.734084  
1.86856  1.31598  1.44423  
0.257717  0.515393  4.45387  
0.591554  1.18304  2.45089  
2.24021  1.13435  1.90156  
2.38992  1.18264  1.32627  
0.0125329  0.0250377  5.92499  
1.50027  1.35625  1.63076  
0.0864073  0.172784  5.48172  
0.837311  1.67459  0.976301  
0.910129  1.82025  0.539343  
0.861894  1.72377  0.828799  
1.77638  1.46539  0.925802  
2.20447  1.39776  0.602237  
0.349266  0.698472  3.90463  
1.82193  1.58904  0.410963  
2.19681  1.27587  1.17226  
2.86157  1.06922  0.930784  
1.95111  1.52445  0.475553  
0.40177  0.803484  3.58958  
0.428143  0.856221  3.43137  
0.19481  0.389587  4.8313  
0.110967  0.2219  5.33438  
0.414871  0.829682  3.51099  
0.170596  0.341153  4.97661  
1.34394  1.68346  0.609698  
0.0248629  0.0496923  5.85104  
1.6985  1.65075  0.349248  
1.33868  1.83066  0.169339  
0.20705  0.414056  4.7579  
0.375476  0.750871  3.74744  
1.10991  1.94504  0.0549569  
0.0498698  0.0997162  5.70092  
0.608746  1.21742  2.34775  
1.38764  1.50872  1.14813  
0.0373548  0.0746838  5.77603  
0.283545  0.567042  4.29892  
0.645774  1.29147  2.12558  
1.56744  1.4206  1.31852  
1.574  1.713  0.286998  
2.72655  1.13672  0.863275  
1.70185  1.26451  1.86397  
2.07987  1.46006  0.539936  
2.07377  1.22202  1.6415  
0.965143  1.93038  0.209184  
1.60358  1.56035  0.767258  
0.767576  1.53505  1.3949  
0.38879  0.777524  3.66746  
1.45465  1.77268  0.227325  
2.87648e-05  2.87648e-05  6.00003  
2.53482  1.00004  2.39506  
2.99988  1.00006  0.999941  
2.80926  1.00006  1.57173  
1.28611  1.60468  0.907528  
1.98787  1.37104  1.04385  
0.349235  0.698442  3.9047  
2.46829  1.26586  0.734144  
0.684493  1.36895  1.89316  
0.049531  0.0990474  5.7029  
0.207276  0.414531  4.75644  
0.336161  0.672288  3.98316  
0.704531  1.40903  1.77291  
0.110546  0.221072  5.33683  
0.608663  1.21729  2.34814  
0.591539  1.18304  2.45088  
0.219651  0.439274  4.68222  
0.122957  0.245898  5.26234  
0.557334  1.11463  2.65613  
0.467191  0.934354  3.19695  
0.885671  1.77136  0.686013  
0.323089  0.646144  4.0616  
2.33527  1.068  2.21657  
0.158919  0.317818  5.04658  
0.098422  0.196828  5.40956  
0.441199  0.882362  3.35293  
0.147011  0.294003  5.11803  
0.0618387  0.123664  5.62905  
0.13501  0.270002  5.19003  
0.0371408  0.074269  5.77723  
1.28608  1.60469  0.907515  
2.62458  1.03446  1.80917  
0.270667  0.541305  4.37612  
1.93629  1.1698  2.1244  
0.0123724  0.0247321  5.92585  
0.0247017  0.04939  5.85188  
0.401772  0.803518  3.58946  
1.57411  1.71295  0.287055  
1.45469  1.77265  0.227346  
0.910166  1.82031  0.539091  
2.24061  1.13421  1.90179  
0.41486  0.829681  3.51098  
0.837809  1.67563  0.973222  
0.508764  1.01749  2.94754  
0.93602  1.87202  0.38398  
0.62617  1.25227  2.24319  
1.34385  1.6835  0.609652  
0.725238  1.45042  1.64874  
0.170867  0.341712  4.9749  
0.245019  0.490008  4.53001  
0.362225  0.72442  3.82676  
2.33578  1.33211  0.667889  
1.18887e-05  1.18887e-05  6.00001  
0.480092  0.960153  3.11955  
1.00002  1.99999  9.95581e-06  
0.2578  0.515574  4.45331  
1.69857  1.65072  0.349285  
0.073968  0.147917  5.5563  
2.20476  1.39762  0.602379  
0.745813  1.49157  1.52527  
1.60364  1.56032  0.767288  
2.72676  1.13662  0.863382  
0.283531  0.567038  4.29891  
0.574072  1.14811  2.55568  
0.454235  0.908426  3.27474  
2.86175  1.06913  0.930875  
1.56579  1.42057  1.32015  
0.861683  1.72337  0.829981  
0.540868  1.0817  2.75492  
2.07396  1.22195  1.6416  
0.309759  0.619486  4.14157  
0.388624  0.777215  3.66837  
1.82201  1.589  0.411004  
0.76747  1.5349  1.39531  
0.493034  0.986018  3.04196  
0.375452  0.750868  3.74742  
0.0862406  0.172462  5.48266  
0.645207  1.29037  2.12888  
2.19686  1.27585  1.17228  
1.38751  1.50877  1.14806  
0.813718  1.62741  1.11779  
1.7766  1.4653  0.925912  
2.99992  1.00004  0.999958  
1.10992  1.94504  0.054961  
0.965223  1.93045  0.208733  
1.33878  1.83061  0.169391  
0.790043  1.58005  1.25986  
2.80928  1.00005  1.57174  
2.38998  1.18262  1.3263  
0.194929  0.389836  4.83053  
0.524535  1.04903  2.85291  
0.18268  0.365338  4.90402  
0.428089  0.856136  3.43161  
0.664608  1.32917  2.0125  
1.70269  1.26425  1.86445  
2.54493  1.10474  1.48344  
2.08013  1.45994  0.540064  
2.59392  1.20304  0.796961  
1.98784  1.37105  1.04384  
1.50138  1.35589  1.63138  
1.95129  1.52436  0.475643  
1.2239  1.88805  0.111949  
1.8687  1.31592  1.44431  
0.232111  0.464204  4.60742  
0.296693  0.593358  4.21995  
2.53487  1.00003  2.39509  
0.591188  1.18235  2.45295  
2.53487  1.00003  2.39509  
0.837411  1.67484  0.975559  
0.323058  0.646097  4.06172  
0.524529  1.04903  2.85291  
0.283661  0.567308  4.29809  
0.454112  0.908199  3.27541  
0.182835  0.365657  4.90305  
0.296888  0.59376  4.21874  
0.122635  0.245259  5.26425  
0.861678  1.72336  0.829974  
1.86893  1.31568  1.44516  
0.309937  0.619855  4.14045  
0.608656  1.21729  2.34813  
0.724854  1.44968  1.65097  
0.0861624  0.172313  5.48309  
2.72686  1.13657  0.863431  
0.54086  1.0817  2.75492  
2.24074  1.13417  1.90185  
0.146912  0.293814  5.11858  
0.257849  0.515686  4.45296  
0.349228  0.698441  3.90469  
0.626135  1.25224  2.24328  
0.336152  0.672286  3.98316  
0.195159  0.390308  4.8291  
0.508868  1.01771  2.94689  
0.790002  1.57998  1.26008  
0.110387  0.220763  5.33774  
0.467185  0.934353  3.19695  
0.219854  0.439692  4.68094  
0.813678  1.62735  1.11799  
0.664435  1.32884  2.01348  
0.0982653  0.196521  5.41046  
0.207314  0.414615  4.75618  
2.33542  1.06795  2.21665  
0.557406  1.11479  2.65564  
1.70319  1.2641  1.86473  
1.22393  1.88804  0.111964  
1.60411  1.56012  0.76753  
1.10994  1.94503  0.0549687  
0.427904  0.855782  3.43267  
0.965309  1.93063  0.208189  
0.44106  0.882102  3.3537  
0.0616593  0.123311  5.63009  
0.388436  0.776853  3.66945  
1.98829  1.37086  1.04407  
0.414853  0.82968  3.51098  
0.170861  0.341709  4.9749  
1.93654  1.16972  2.12454  
0.0739583  0.147906  5.55631  
0.684335  1.36864  1.89407  
0.232401  0.464785  4.60567  
1.57424  1.71288  0.287121  
1.00001  1.99999  6.67326e-06  
0.885661  1.77132  0.686077  
0.158915  0.317816  5.04658  
0.0370291  0.0740493  5.77788  
0.245094  0.490173  4.5295  
0.745364  1.4907  1.52791  
0.375427  0.750835  3.74751  
0.645199  1.29037  2.12888  
0.362254  0.72449  3.82655  
0.704529  1.40903  1.77291  
0.0123674  0.0247271  5.92585  
2.46846  1.26577  0.734231  
2.62469  1.03442  1.80923  
0.910168  1.82031  0.539089  
2.39026  1.1825  1.32644  
0.493076  0.986129  3.04162  
1.77695  1.46515  0.926095  
0.767546  1.53508  1.39479  
0.480131  0.960239  3.11929  
1.45482  1.77259  0.227411  
0.574037  1.14804  2.55587  
1.33885  1.83057  0.169427  
1.34409  1.68339  0.609774  
0.0492943  0.0985805  5.70428  
0.401575  0.803126  3.59064  
1.95155  1.52422  0.475777  
1.50172  1.3557  1.63185  
2.197  1.27571  1.17273  
2.08031  1.45984  0.540157  
1.82224  1.58888  0.411121  
2.54518  1.10467  1.4833  
2.20495  1.39753  0.602475  
2.33597  1.33201  0.667986  
0.936014  1.87202  0.383976  
1.69872  1.65064  0.349359  
6.7566e-06  6.7566e-06  6.00001  
2.99992  1.00004  0.999958  
2.86175  1.06912  0.930875  
2.07444  1.22177  1.64186  
0.270811  0.541608  4.37519  
0.0247209  0.0494333  5.85173  
2.80928  1.00005  1.57174  
1.28656  1.60449  0.90777  
0.134843  0.269674  5.191  
1.56649  1.4203  1.32056  
2.59406  1.20297  0.79703  
1.38722  1.50842  1.14949  
0.591122  1.18223  2.45332  
2.99992  1.00004  0.999958  
0.573773  1.14753  2.55742  
0.557113  1.11421  2.65738  
2.33617  1.33191  0.668086  
0.427934  0.855855  3.43244  
0.24509  0.490172  4.5295  
0.724573  1.44912  1.65263  
0.48014  0.960268  3.1192  
0.645199  1.29037  2.12888  
0.745359  1.4907  1.5279  
0.837068  1.67413  0.977623  
0.508622  1.01723  2.94831  
0.219875  0.439741  4.68079  
5.21744e-06  5.21744e-06  6.00001  
1.38773  1.50823  1.14976  
0.441057  0.882102  3.3537  
0.362251  0.724489  3.82654  
0.885514  1.77103  0.68695  
0.454109  0.908199  3.27541  
0.626246  1.25247  2.24258  
2.72695  1.13653  0.863473  
0.195286  0.390562  4.82833  
0.024719  0.0494315  5.85173  
0.936002  1.87202  0.384003  
2.24129  1.13407  1.90155  
0.492904  0.985796  3.04262  
0.232398  0.464783  4.60567  
1.60433  1.56002  0.767643  
0.207547  0.415084  4.75476  
0.309932  0.619854  4.14045  
0.323054  0.646096  4.06172  
0.664199  1.32838  2.01486  
0.910248  1.82051  0.538528  
0.0738285  0.14765  5.55707  
0.257848  0.515685  4.45296  
0.861341  1.72268  0.831978  
0.0368846  0.0737633  5.77873  
0.0861187  0.172231  5.48332  
0.540848  1.08168  2.75495  
0.171016  0.342023  4.97395  
0.158895  0.317782  5.04667  
2.59421  1.2029  0.797103  
0.388436  0.776853  3.66945  
0.704379  1.40874  1.77377  
0.0615796  0.123153  5.63056  
0.0982623  0.196519  5.41046  
1.3389  1.83055  0.169451  
1.22394  1.88803  0.111968  
0.414718  0.829422  3.51174  
2.86176  1.06912  0.93088  
0.122634  0.245259  5.26424  
0.283744  0.567479  4.29757  
0.4671  0.934184  3.19745  
0.684225  1.36844  1.8947  
0.183133  0.366258  4.90124  
1.70302  1.264  1.86537  
1.93721  1.16953  2.12493  
2.46865  1.26567  0.734326  
0.134751  0.269496  5.19153  
1.50106  1.35543  1.63348  
2.20515  1.39743  0.602573  
0.146825  0.293642  5.11909  
0.965294  1.9306  0.208248  
0.375306  0.750599  3.74821  
0.5245  1.04898  2.85306  
0.813095  1.62619  1.12147  
2.80962  1.00004  1.57081  
1.28692  1.60424  0.908286  
2.39042  1.18243  1.32653  
0.296886  0.593759  4.21874  
1.34345  1.68337  0.610416  
1.98847  1.37078  1.04416  
0.270712  0.541413  4.37577  
0.401569  0.803125  3.59063  
0.349226  0.69844  3.90469  
0.767111  1.53421  1.39738  
1.57435  1.71283  0.287175  
1.56675  1.42013  1.32101  
0.049188  0.0983701  5.70491  
1.77723  1.46502  0.926242  
2.19717  1.27564  1.17282  
1.86906  1.31563  1.44523  
2.33563  1.06788  2.21677  
1.69885  1.65057  0.349427  
0.110383  0.22076  5.33773  
2.54537  1.10459  1.48341  
1.00001  1.99999  5.76296e-06  
1.9517  1.52415  0.475852  
1.10994  1.94503  0.0549687  
1.82238  1.58881  0.411188  
0.608652  1.21729  2.34813  
0.0123647  0.0247245  5.92585  
2.62482  1.0343  1.80991  
0.336149  0.672285  3.98316  
1.4549  1.77255  0.22745  
2.53489  1.00003  2.39504  
2.08052  1.45974  0.540261  
0.78965  1.57929  1.26215  
2.07458  1.22172  1.64194  
0.158894  0.317781  5.04667  
2.33623  1.33188  0.668117  
0.626244  1.25247  2.24258  
0.427909  0.855812  3.43257  
1.28736  1.60406  0.908521  
0.296883  0.593758  4.21873  
0.664157  1.3283  2.01509  
0.812837  1.62568  1.12299  
0.936001  1.87201  0.384001  
0.524438  1.04887  2.8534  
0.336122  0.672238  3.98329  
0.388431  0.776852  3.66945  
0.232614  0.465222  4.60434  
0.375304  0.750599  3.74821  
1.86953  1.31545  1.44549  
0.270929  0.541852  4.37445  
0.283743  0.567479  4.29757  
0.540732  1.08146  2.75563  
0.910247  1.8205  0.538525  
2.33576  1.06783  2.21699  
0.309872  0.619739  4.14079  
0.349224  0.69844  3.90469  
0.0860674  0.17213  5.48362  
0.134572  0.269138  5.1926  
2.07493  1.22159  1.64213  
2.62492  1.03426  1.80996  
0.146679  0.293354  5.11995  
0.704377  1.40874  1.77377  
0.440937  0.881866  3.3544  
0.767067  1.53414  1.39761  
0.724614  1.44922  1.65235  
0.0246013  0.0491997  5.85241  
0.965293  1.9306  0.208247  
0.453979  0.907948  3.27616  
2.80963  1.00004  1.57082  
1.00001  2  3.85702e-06  
0.508621  1.01723  2.94831  
0.0492029  0.0984018  5.70481  
0.745104  1.4902  1.5294  
0.885513  1.77102  0.686947  
0.258027  0.516046  4.45187  
2.59426  1.20287  0.797129  
0.492883  0.985755  3.04274  
0.78933  1.57866  1.26404  
0.110268  0.220531  5.33842  
0.684224  1.36844  1.89469  
0.573688  1.14737  2.5579  
0.195284  0.390561  4.82833  
2.54568  1.10451  1.48325  
0.207568  0.41513  4.75462  
0.60865  1.21729  2.34813  
0.183132  0.366257  4.90124  
0.0368825  0.0737614  5.77873  
1.93755  1.16943  2.12512  
0.0982618  0.196519  5.41046  
0.245274  0.490542  4.52838  
0.55697  1.11393  2.65821  
0.861343  1.72267  0.831976  
0.171013  0.342022  4.97394  
0.0123632  0.024723  5.92584  
1.82251  1.58874  0.411256  
1.69899  1.6505  0.349497  
2.4687  1.26565  0.734349  
1.77686  1.46478  0.92761  
0.479994  0.95998  3.12006  
0.073826  0.147648  5.55707  
1.60449  1.55986  0.768031  
0.414714  0.829422  3.51174  
2.86182  1.06909  0.93091  
1.38837  1.50798  1.15011  
1.34362  1.68329  0.610508  
4.10325e-06  4.10325e-06  6  
0.122443  0.244881  5.26536  
1.56748  1.41985  1.3214  
0.837067  1.67413  0.977621  
2.08059  1.4597  0.540297  
1.57439  1.71281  0.287194  
0.401569  0.803125  3.59063  
1.98888  1.3706  1.04438  
1.33891  1.83055  0.169455  
2.53491  1.00002  2.39505  
0.591113  1.18221  2.45337  
2.24147  1.134  1.90166  
2.99996  1.00002  0.99998  
2.39066  1.18233  1.32666  
1.7034  1.26388  1.86559  
0.362211  0.724415  3.82676  
1.22397  1.88802  0.111984  
1.45491  1.77255  0.227455  
2.72697  1.13652  0.863483  
1.10996  1.94502  0.0549787  
0.22009  0.440176  4.67948  
0.0615226  0.123041  5.63089  
2.19729  1.27548  1.17342  
0.467017  0.934022  3.19794  
1.95184  1.52408  0.475918  
0.323029  0.646053  4.06185  
2.20521  1.3974  0.602603  
0.645141  1.29027  2.1292  
1.50156  1.35526  1.63376  
