8.78862e-12 0.619049 0.380952
2.59742e-11 0.238096 0.761904
1.94359e-11 0.172413 0.827587
2.67187e-11 0.941177 0.0588233
8.09625e-12 0.307693 0.692307
2.71869e-11 0.222221 0.777779
1.94448e-11 0.266671 0.733329
1.75066e-13 0.0384609 0.961539
1.72636e-11 0.190473 0.809527
3.36968e-12 0.0526287 0.947372
1.80095e-11 0.592585 0.407415
1.11996e-10 0.708328 0.291672
1.71955e-11 0.157895 0.842105
1.33186e-11 0.640001 0.359999
1.12364e-10 0.428572 0.571428
8.53649e-12 0.130434 0.869566
8.25701e-12 0.464281 0.535719
1.12095e-10 0.884619 0.115381
3.01952e-11 0.206915 0.793085
1.08878e-10 0.550001 0.45
1.7133e-11 0.285715 0.714285
2.92073e-11 0.500003 0.499997
1.19647e-10 0.233316 0.766684
1.19435e-10 0.633337 0.366663
1.28795e-11 0.733332 0.266668
7.72825e-12 0.434784 0.565216
1.73107e-11 0.473686 0.526315
8.08161e-12 0.315793 0.684208
1.7182e-11 0.933334 0.0666662
1.19443e-10 0.857143 0.142857
5.66308e-12 0.0909073 0.909093
8.67473e-12 0.526315 0.473685
1.71695e-11 0.347832 0.652168
7.07119e-12 0.1 0.9
1.33256e-11 0.652176 0.347824
1.32412e-11 0.759996 0.240004
1.93952e-11 0.166667 0.833333
1.72521e-11 0.199998 0.800002
2.58637e-11 0.217388 0.782612
1.19482e-10 0.999905 9.53622e-05
1.15513e-10 0.94737 0.0526304
8.15284e-12 0.407414 0.592586
1.15713e-10 0.826098 0.173902
2.27563e-12 0.0333333 0.966667
1.7378e-15 9.8284e-05 0.999902
1.35388e-11 0.681818 0.318183
1.13515e-10 0.842107 0.157893
1.75146e-11 0.137939 0.862061
1.14945e-10 0.777778 0.222222
1.01146 4.46791e-11 9.20454e-05
1.13317e-10 0.966667 0.0333333
1.19543e-10 0.892852 0.107148
1.11984e-10 0.799998 0.200002
9.06364e-12 0.0689654 0.931035
1.92039e-11 0.6875 0.3125
1.12e-10 0.666667 0.333333
1.9416e-11 0.259272 0.740729
1.12408e-10 0.379348 0.620653
1.12219e-10 0.7 0.3
1.12139e-10 0.79167 0.20833
8.47895e-12 0.600002 0.399998
8.14302e-12 0.363646 0.636354
3.01018e-11 0.519999 0.480001
1.15647e-10 0.958333 0.0416669
1.27009e-11 0.444444 0.555556
0.672519 1.07966e-08 0.381071
1.09711e-10 0.571427 0.428574
2.58667e-11 0.909091 0.0909095
2.58138e-11 0.625 0.375
1.19457e-10 0.875 0.125001
8.17664e-12 0.12 0.88
1.14031e-10 0.333333 0.666667
1.28279e-11 0.45455 0.54545
1.12012e-10 0.249999 0.750001
1.15526e-10 0.714287 0.285714
1.91209e-11 0.299997 0.700003
1.1984e-10 0.769222 0.230778
1.18706e-10 0.851853 0.148147
1.11988e-10 0.750002 0.249998
4.64426e-12 0.18182 0.81818
5.62095e-12 0.045452 0.954548
1.06025e-11 0.0833325 0.916668
1.72824e-11 0.148151 0.851849
1.19812e-10 0.814813 0.185187
5.40609e-11 0.421059 0.578941
8.15601e-12 0.399998 0.600002
1.71331e-11 0.583333 0.416667
1.75183e-11 0.275859 0.724141
7.64282e-12 0.538462 0.461538
1.71466e-11 0.611112 0.388888
1.72346e-11 0.740738 0.259262
2.58939e-11 0.923077 0.0769228
1.20866e-10 0.866668 0.133332
2.56724e-11 0.900001 0.0999995
1.71805e-11 0.722222 0.277778
1.04401e-10 0.388893 0.611107
1.72482e-11 0.480003 0.519997
1.1205e-10 0.833333 0.166667
7.66767e-12 0.111099 0.888901
1.29328e-11 0.555555 0.444445
