0.945875  0.415177  1311.3  
635.097  190.659  860.397  
595.108  915.851  246.926  
746.911  232.681  401.566  
29.5931  736.127  328.562  
24.1721  22.9837  1234.78  
751.187  458.977  1498.03  
87.7598  264.4  984.532  
76.6178  18.5561  860.202  
343.113  311.436  754.779  
884.236  489.924  52.2718  
50.3137  247.383  857.465  
278.967  1.66672  854.05  
261.41  354.172  792.921  
401.409  173.983  1220.46  
145.019  52.8759  791.232  
651.416  339.547  287.353  
502.327  316.535  821.215  
353.76  73.8403  110.383  
732.326  752.081  98.4963  
161.53  285.138  1304.37  
759.145  474.772  1013.35  
395.868  704.444  718.961  
95.508  120.945  973.564  
67.9618  632.287  807.037  
141.246  30.0054  1373.94  
790.925  525.083  30.4043  
221.271  1257.63  28.0916  
883.804  376.896  325.774  
422.77  225.254  1129.57  
696.099  456.093  683.044  
485.655  393.291  125.273  
142.646  962.12  417.12  
1443.95  44.6628  916.247  
860.278  99.01  219  
578.178  161.191  457.638  
38.6508  679.169  997.919  
1166.58  273.229  7.66932  
80.3354  453.502  878.884  
975.152  338.287  758.253  
365.153  318.682  1293  
117.171  96.9545  862.256  
334.892  477.204  604.895  
1050.42  392.706  723.786  
949.075  637.819  594.612  
218.123  348.156  573.191  
773.084  372.615  466.215  
143.059  918.499  358.817  
357.458  132.667  667.716  
140.191  508.624  771.168  
89.8168  675.175  776.324  
467.493  1155.85  742.48  
286.871  688.239  821.349  
114.126  927.384  944.573  
979.042  687.324  332.793  
243.159  1373.73  245.074  
135.951  746.639  135.116  
452.737  1272.52  216.014  
174.73  449.409  555.907  
95.3246  1128.63  7.56839  
510.237  455.3  1235.29  
613.537  241.546  950.608  
725.642  662.692  302.821  
217.763  340.861  1111.34  
944.815  56.7646  917.458  
300.542  246.719  464.228  
459.417  159.723  1106.87  
422.996  159.207  969.425  
815.078  353.32  625.526  
184.413  192.578  1243.53  
1236.96  313.198  245.201  
665.433  179.065  699.879  
109.347  165.777  890.283  
77.6082  897.463  176.262  
414.17  410.013  719.673  
599.384  823.641  417.006  
152.671  233.928  1406.27  
320.239  843.595  780.756  
909.214  591.24  904.369  
571.108  631.378  112.882  
413.652  448.467  526.688  
425.031  796.023  1031.7  
151.947  1012.72  449.81  
69.4174  679.577  865.479  
60.6498  54.2166  1049.92  
26.562  297.19  1196.29  
769.77  450.346  457.408  
1370.43  189.413  415.536  
973.042  1242.33  43.7718  
244.288  152.048  462.392  
25.1649  438.113  1179.2  
565.477  186.41  1003.67  
602.595  71.9883  1491.84  
601.369  174.018  465.09  
497.804  607.93  373.921  
1389.26  400.523  269.404  
183.191  870.755  206.263  
763.048  640.214  671.357  
24.5903  698.78  685.006  
132.387  181.223  773.529  
239.009  0  0.370272  
20.3011  268.566  5.22182e-18  
9.05436e-15  147.869  41.5815  
238.331  0  0.0802627  
0.00886789  134.711  30.8487  
8.30017e-16  1.90489e-14  311.387  
0.000242136  137.505  0.00247713  
1.68199e-15  27.469  143.99  
0.00379813  123.118  56.7155  
152.058  0.0298881  0  
2.09704  134.288  4.12623e-07  
3.54562  13.327  133.25  
8.4045e-15  2.31563e-16  137.308  
8.30941e-12  0  166.117  
147.245  3.57539e-18  0  
1.00345e-15  8.46334e-15  139.185  
154.636  0  0  
1.24972e-22  9.31652e-15  152.15  
1.60496e-14  262.109  4.15299e-14  
1.81398e-07  117.079  0.000283905  
143.075  5.86355e-05  5.16587  
110.687  89.2686  2.75696e-18  
1.63158e-06  2.57185e-05  110.939  
38.5995  95.7692  62.5087  
84.7277  0  81.2552  
97.5523  4.37669e-05  70.349  
83.3281  68.9806  0.587368  
113.942  58.4226  5.01359  
2.27382e-10  1.43038e-07  86.1728  
137.5  1.44422e-10  0  
40.5799  97.617  56.8591  
1.23853e-15  6.38924e-15  106.287  
5.48358e-15  6.15572e-21  89.5536  
1.40963e-22  2.3021e-06  117.476  
6.33357e-16  8.6394e-15  141.471  
77.174  0.00594388  47.4491  
13.0435  108.1  0  
84.1847  0  4.03735e-20  
1.90444e-18  7.81412e-15  127.614  
5.48166e-15  89.5223  2.55983e-14  
5.02112e-15  82.0012  0.0103943  
128.639  0  0  
60.6928  57.7255  2.82533e-05  
91.6812  2.19361e-20  100.499  
6.10782e-18  1.71147e-14  60.4167  
1.74812e-06  168.756  0  
46.4065  2.88043  23.8483  
1.22631e-17  6.78602e-15  110.824  
1.33484e-12  104.959  82.6645  
4.04128e-22  8.30066e-15  135.56  
120.405  62.0445  0  
4.93702e-15  2.1806e-15  88.1421  
117.85  8.9634e-07  1.53731e-06  
3.05383  117.3  0  
2.50016  3.4718e-21  94.2044  
94.1581  42.725  12.7141  
2.52774e-06  143.821  3.18356e-10  
7.23084e-15  118.089  0  
6.04346e-15  98.6971  8.5369e-14  
4.42104e-18  7.28039e-15  118.898  
0.000168988  150.759  0  
5.1909e-31  8.47739e-15  138.446  
95.8897  9.13783  0  
114.545  84.9516  1.05777e-18  
6.40219e-15  0  104.556  
128.017  36.5731  0  
5.94844e-15  1.67977e-15  100.944  
130.643  0  6.26987e-05  
0.0158183  130.416  0  
15.3636  127.391  0  
1.63437e-14  266.912  3.35609e-13  
105.355  109.594  0  
8.37513e-15  136.776  45.1278  
139.225  0  2.37108e-17  
8.21828e-15  134.215  4.22905e-15  
7.37218e-15  120.397  2.08845e-07  
4.36396e-16  7.10149e-15  116.195  
5.57832e-31  9.11009e-15  148.779  
7.90785e-15  2.76137e-34  129.145  
1.38069e-16  2.25484  125.984  
4.83169e-07  0  126.649  
9.25043e-15  0  151.071  
80.8246  1.97653e-19  117.561  
6.81762e-15  1.02297e-15  112.587  
9.47192e-15  154.688  0  
47.8339  0  111.507  
143.824  0  0  
1.09293e-17  8.98607e-15  146.754  
127.66  0.0001157  0.150083  
99.6783  4.64669e-06  84.1858  
53.6893  102.632  40.6123  
38.6383  4.04229e-05  106.917  
2.41298  142.166  0  
0.00060607  105.681  70.7142  
96.9348  35.65  81.4018  
137.693  0.00587077  0  
6.41059e-15  4.29478e-15  126.016  
146.459  1.24714e-17  0  
0.00572849  155.466  0  
9.13937e-15  149.257  8.87639e-10  
2.5483e-15  41.6169  220.908  
237.636  6.07064e-17  2.46999e-14  
7.03381e-31  1.14871e-14  187.598  
112.085  0  0  
1.28933e-14  0  210.564  
6.32375e-15  8.5684e-18  103.275  
97.1134  0.011028  0  
88.9154  0.714596  0  
102.448  1.59951e-20  0  
8.34198e-15  136.235  0  
89.0509  0  66.1126  
100.295  0  0.000966121  
2.07191e-17  5.94954e-15  97.1639  
5.9673e-15  97.4534  42.1155  
64.8972  0  77.4414  
70.4136  78.6655  7.36425e-19  
4.31522e-15  70.4729  52.9746  
23.1156  96.1485  34.1939  
1.25638e-08  113.692  0  
4.05007e-08  73.7139  45.4228  
71.5789  2.44042e-08  1.2823e-13  
0.0485321  0  68.2724  
1.75043e-09  83.9111  0.154989  
0.212202  2.93164e-22  54.3526  
5.70366e-15  93.1479  0  
3.22245e-31  5.26266e-15  85.9458  
4.34575e-05  0  87.3364  
83.7254  0  0  
1.31832e-07  5.61294e-26  95.9884  
31.6262  42.8469  6.18932e-12  
4.01011e-15  9.11367e-16  67.16  
67.5501  0  1.4024  
5.72627e-15  4.47701e-19  93.517  
87.2789  2.22962e-17  9.19495e-14  
5.04402e-15  3.14905e-17  82.3767  
9.20565e-06  2.86191e-19  65.1072  
2.27961e-16  4.91629e-15  80.3753  
0.0291947  87.7967  0  
5.74446e-15  93.8142  0.000111528  
5.19207e-19  4.96007e-15  81.004  
5.88248e-15  96.0682  1.73162e-11  
1.82356e-05  92.1665  0  
34.8229  32.3951  35.4508  
4.17243e-16  2.90247e-15  47.8883  
6.18625e-15  1.64923e-18  101.029  
3.83268e-08  71.1676  3.43688e-11  
60.1284  8.33555e-15  0  
81.3767  4.91993e-16  2.43698e-13  
0.480921  75.262  0  
5.13101e-16  2.44861e-15  40.8573  
5.13318e-15  1.23894e-17  83.8314  
39.0483  1.33003e-17  3.07252e-11  
2.12777e-18  2.24453e-10  69.1541  
4.227e-15  69.0322  2.17497e-16  
6.02796e-15  0  98.4441  
46.1746  29.1482  2.61876e-20  
1.38615e-19  5.17996e-15  84.5951  
1.64764e-13  65.8075  34.8638  
74.1858  0  54.7062  
40.9457  52.0843  1.29756e-16  
1.14858e-07  57.2806  9.75524e-18  
4.11461e-15  4.55781e-17  67.2008  
0.00242008  36.9041  28.2042  
0.363452  83.7148  0  
4.54224  52.0208  29.6392  
66.1798  4.173e-10  2.15216e-14  
0.00184159  65.7789  2.22226e-05  
0.23732  0  71.9099  
11.9945  4.4756  62.3908  
6.09688e-15  1.52426e-17  99.5699  
67.7946  69.486  0  
40.1864  50.6565  0.00102752  
60.3128  20.9734  24.607  
1.243e-14  43.8795  54.1869  
100.368  0  0  
56.4272  36.7105  31.32  
47.7359  0.306239  62.1342  
56.7251  6.27941e-17  60.1032  
5.33528e-15  87.1318  0.776994  
4.35288e-15  2.99319e-15  86.2728  
48.2471  58.4904  6.02834e-11  
4.14907e-15  67.7594  44.5126  
67.1781  2.16009e-13  2.17924e-11  
38.2765  85.1421  0  
3.1841e-05  96.1789  0  
54.2786  79.5817  0  
83.0774  7.07429e-17  0.00136959  
74.489  0.763092  0  
78.6579  0.164306  0  
94.6296  1.20254e-11  0  
6.07763e-15  99.2552  0  
89.8155  0  2.62396  
1.19514e-12  47.9392  5.32307e-10  
0.197476  0  87.924  
3.98295e-14  1.59764  87.4854  
3.24376e-31  5.29745e-15  86.514  
6.2538e-15  0  102.132  
98.5051  0  6.06624e-07  
2.31949e-05  0  99.1118  
0.241952  0  80.3047  
0.024684  0  201.672  
3.7528  0  134.96  
9.64388e-16  1.06423e-14  174.514  
3.8206e-15  6.54569e-19  62.3951  
1.26161e-30  2.06036e-14  336.482  
39.9007  16.1689  1.14563e-19  
59.1374  0  0  
2.75935e-15  45.0636  0  
1.1099e-14  39.1807  0  
4.37161e-13  29.7061  28.5047  
9.87933e-10  1.17402e-06  32.4311  
49.0431  0  1.67546e-11  
6.08021  8.40002e-21  50.4674  
2.09375e-15  4.87296e-16  35.1074  
40.1963  7.92646e-10  2.39e-07  
2.31034e-15  37.7307  5.84682  
2.04568e-15  33.4084  19.9071  
4.53898e-13  38.3697  0  
33.1467  2.15699e-10  25.3996  
3.0862e-12  27.3994  25.3741  
1.60219e-15  26.1658  0.0309202  
0.00135918  0.188781  20.9778  
6.22803e-24  1.01712e-07  36.9936  
2.06626e-24  3.37446e-08  47.4059  
1.82138e-15  3.36297e-18  29.7454  
1.37929e-06  0  30.5412  
3.15406e-08  31.0167  0  
5.68863e-22  9.29024e-06  28.5777  
3.46404e-17  2.00211e-15  32.7018  
32.2386  0  0  
2.67514e-15  0  43.6883  
3.22111e-19  3.39161e-15  55.3893  
4.37986e-13  1.34375e-25  50.2221  
30.2299  29.6313  2.48626e-08  
6.22073e-17  1.83512e-15  29.9869  
25.5534  24.4478  5.67249  
2.13593  28.0043  20.3893  
2.04488e-15  33.3954  0  
0.00294576  0  24.0673  
1.60326e-15  2.03388e-17  26.1854  
26.3395  26.0584  8.34629e-12  
8.38732e-14  18.6297  10.2038  
1.50128e-15  24.5178  8.35105e-17  
28.2974  1.35945e-05  5.94703e-07  
25.1721  1.15582e-09  22.3814  
1.25612e-18  2.38191e-15  38.8996  
29.2864  22.1474  0  
21.4265  2.44169e-09  2.18137e-10  
12.8838  0.000206654  12.2081  
16.9169  15.6082  0.00906244  
2.25746e-31  3.68671e-15  60.2085  
14.7456  22.4931  1.1326  
2.73457e-05  29.1281  2.14694e-07  
8.5661  0  40.1972  
1.06243e-15  17.3508  17.3151  
1.47214e-08  21.1106  9.26595  
15.9937  28.989  1.51001e-13  
19.6529  9.49755e-13  23.7546  
3.30958e-08  33.0312  6.7934e-09  
3.82479e-16  1.55127e-15  26.0929  
1.78178e-11  5.96285e-17  46.592  
3.47239e-22  5.67085e-06  28.7742  
26.1845  1.31127e-09  3.17673  
28.5623  0  11.5981  
33.2205  0  0  
31.475  9.95798e-10  0.0015039  
24.9969  0.222135  7.64832  
3.86924e-15  0  63.1895  
18.8297  19.0607  5.78436  
0.000170474  23.5483  12.9805  
1.27867e-15  1.56229e-15  32.9704  
13.6696  17.0986  17.828  
1.00915e-13  22.4149  16.0069  
0.00214536  11.643  20.9047  
32.7256  37.0865  2.37205e-20  
0.104093  0.0412997  21.5942  
2.35603e-09  1.68784e-10  29.8265  
2.3669e-31  3.86544e-15  63.1275  
21.3873  3.69255e-08  24.0467  
0.0221983  5.67852e-06  25.1554  
1.83906e-15  1.57834e-16  30.1446  
32.8255  0  3.79486  
15.8494  0  29.0718  
1.57941e-18  0.0257937  19.2592  
26.6374  0  24.2621  
2.33425e-15  38.1211  0  
3.28299e-14  23.5593  18.6086  
5.65056e-16  1.95899e-15  33.297  
0.00324475  0  48.2649  
3.08352e-15  5.28288e-19  50.3577  
3.75024  5.18109e-21  39.145  
1.01794e-15  1.89342e-15  35.1074  
2.22774  0  47.7226  
2.61195e-16  4.26565  44.0552  
1.48667e-09  2.25126e-09  30.2201  
35.083  3.94535e-07  1.58707e-17  
3.87861e-05  30.4461  3.94623e-07  
23.4623  7.17872e-07  26.0858  
8.14117  27.7806  10.5395  
18.1959  0.000428084  28.594  
2.77024  4.87324e-05  2.89174  
2.12951  2.84126  1.85069  
3.58142  1.22231  1.31162  
0.00157175  3.66606  1.61407  
1.86898  2.00715e-05  3.54046  
0.00020986  0.0135599  4.015  
0.996752  3.18673  2.21331  
3.66612  9.83519e-08  1.60512  
3.91995  3.69388e-05  0.833419  
1.94461  0.980225  3.36013  
7.19386e-05  2.79731  2.86717  
3.26912  1.60331  1.66799  
2.75536e-05  1.32087  3.78217  
1.49585  3.22605  1.84194  
4.00601  0.000837506  0.000925079  
3.2867  0.00196853  2.28635  
1.11228  1.87616  3.36008  
2.36601  3.23061  3.95159e-06  
2.50247  7.68603e-07  3.12768  
2.57305  3.06663  1.34932e-07  
2.90251  1.83022  2.07526  
3.43568  0.000718272  2.06042  
1.48282  2.70914  2.54929  
1.28844  1.20862  3.59466  
0.000261042  3.81855  1.20373  
6.14918e-05  3.35259  2.20533  
2.18768  1.88198  2.77294  
1.06501  3.40569  1.82541  
2.15555  1.83992e-06  3.37583  
0.000107543  2.33226  3.25442  
2.43468  2.95061  1.19672  
3.16659  0.000662015  2.44646  
3.84506  0.000811566  1.11679  
1.55705  0.000347461  3.69286  
1.65819  2.2559  2.86401  
2.70293  0.922489  2.80628  
1.65503  3.31273  1.52364  
3.01516  2.63299  0.00122069  
2.59215  1.50575  2.65638  
0.000167689  2.52236  3.11741  
2.77225  2.89337  0.00339735  
2.32584  1.26082  3.00138  
1.30844  3.52871  1.36308  
2.55214  2.61219  1.64751  
3.00766  1.99762  1.74969  
3.73533  0.00020378  1.43693  
7.80706e-06  1.81567  3.57252  
3.43223  0.955582  1.83592  
2.89634  2.76417  0.00339444  
0.000258294  3.77835  1.32451  
2.55838  2.03227  2.31992  
2.04235  3.44497  1.07994e-06  
2.65736  2.3028  1.91197  
1.15736  2.43367  2.96534  
0.989276  3.87737  1.27455e-06  
1.68517  1.95485  3.05915  
1.96095  2.74009  2.16339  
3.00876  0.00180206  2.64341  
2.15274  2.54017  2.23285  
9.70889e-06  1.59713  3.67557  
2.07677  3.0653  1.52341  
0.029747  4.0077  0.00578589  
2.13755  1.16746  3.1774  
1.81491  3.05891  1.84037  
3.44552  1.73324  1.06955  
1.24003  2.60752  2.77243  
3.89716  0.93664  1.08082e-06  
1.73875  2.4296  2.6664  
3.68262  1.57587  0.059028  
1.46287  1.50602  3.41684  
2.92512  2.32359  1.43576  
0.00268371  2.0997  3.41338  
2.01346  3.22552  1.25339  
3.09065  1.32903  2.17281  
3.17076  2.44867  0.00166949  
0.00518586  2.65056  3.00387  
1.12495  1.86278e-05  3.84221  
3.17513  2.0887  1.27055  
3.35227  2.19289  0.00012282  
0.000195432  3.52692  1.9087  
2.20606  2.252  2.46804  
0.9782  1.10717  3.72469  
0.00102624  4.00774  0.0504805  
2.65535  2.7537  1.19672  
0.000595913  3.9324  0.754147  
0.000107347  2.94057  2.72039  
5.61889e-06  0.924448  3.89509  
0.000141537  3.14581  2.4723  
1.09185  2.98706  2.43574  
1.74208  3.60473  0.00335518  
3.81617  1.21309  0.00282324  
0.826992  1.3694e-05  3.91906  
2.92323  1.14217  2.48774  
1.89639  1.64337  3.11799  
1.42928  3.73918  1.27501e-06  
2.35428  0.000243503  3.23965  
3.52389  0.000736713  1.90187  
3.52503  1.89718  0.00339398  
1.13785  3.68919  1.07138  
1.33524  2.09376  3.1411  
0.432648  0.674921  0.597779  
0.447085  0.548191  0.706833  
0.642726  0.766111  4.35837e-13  
0.248331  0.436195  0.86492  
0.301458  0.777526  0.551897  
0.969684  0.244388  3.32173e-13  
0.631147  0.729785  0.262869  
0.804511  0.395796  0.442857  
5.59575e-11  0.747208  0.664598  
1.80718e-11  0.193489  0.981109  
9.25535e-09  0.551164  0.834413  
0.705985  0.540156  0.458115  
0.812132  0.583487  1.47792e-13  
0.458978  0.842761  0.281267  
1.15546e-12  0.298408  0.954442  
0.598771  0.53284  0.597968  
0.576648  2.53419e-12  0.817  
0.295069  0.955488  1.79994e-12  
0.771943  0.635702  1.47005e-12  
0.525794  9.59379e-10  0.850631  
1.2311e-10  0.357466  0.933933  
1.02382e-07  0.494193  0.869355  
0.84409  0.437357  0.310253  
1.73452e-08  0.979491  0.201542  
0.430309  0.902692  6.95115e-12  
6.2127e-10  0.857401  0.514663  
8.13598e-08  0.423966  0.905691  
0.686428  0.727212  2.37033e-07  
7.43174e-09  0.785126  0.619347  
0.896926  1.19832e-11  0.442204  
0.552103  0.48198  0.680359  
0.915386  0.402604  1.72245e-11  
1.32819e-08  0.704562  0.709648  
0.964096  7.81984e-13  0.265599  
0.00157891  0.893134  0.449791  
0.471565  5.07934e-11  0.88184  
0.846649  0.53216  1.15118e-11  
0.747314  0.598853  0.287967  
0.944859  0.327505  1.69294e-11  
0.442806  0.283676  0.850577  
6.39366e-09  0.822335  0.569013  
6.12329e-17  1.00001  1.36282e-12  
0.669303  4.11685e-14  0.743014  
0.501224  0.332519  0.798894  
0.676855  0.656137  0.333727  
0.523301  0.649301  0.551902  
2.59744e-13  6.05512e-13  1.00001  
0.350545  0.873865  0.336876  
0.548565  0.836113  5.11161e-11  
0.908028  0.290034  0.302302  
0.312269  0.592  0.743021  
0.579992  0.294182  0.759686  
0.475671  0.87963  6.27623e-12  
0.728006  0.302263  0.615354  
0.836539  0.27505  0.473879  
0.338303  0.641354  0.68867  
0.619142  0.61587  0.487281  
6.28961e-10  0.60665  0.79499  
0.770767  0.318356  0.551901  
0.986479  8.82064e-11  0.163942  
0.563597  0.702128  0.43522  
9.3699e-11  0.657091  0.753825  
0.784973  0.509046  0.353128  
0.313407  2.69172e-14  0.949636  
0.706092  1.90888e-12  0.708147  
1.00001  8.80965e-11  2.2253e-14  
0.863837  2.41439e-11  0.50378  
0.80462  3.35826e-11  0.593797  
0.622772  4.83385e-10  0.782419  
0.317206  0.716309  0.621527  
0.7409  3.18942e-09  0.671634  
0.280553  0.919434  0.275628  
0.477162  0.45454  0.752204  
0.326138  0.51229  0.794487  
0.746934  0.478726  0.461462  
0.527052  0.777766  0.342519  
0.324264  0.322551  0.889289  
0.228188  6.40605e-16  0.973622  
0.38874  0.414451  0.82288  
0.924536  2.36243e-12  0.381114  
0.946413  2.41833e-12  0.322986  
0.372565  0.928028  3.66006e-12  
0.605116  0.371331  0.704254  
0.728677  0.684866  7.16795e-06  
0.197147  0.980395  1.25187e-12  
0.400749  1.9797e-13  0.916201  
0.830164  1.04697e-11  0.557537  
0.771403  1.0213e-10  0.636363  
0.494056  0.592457  0.63633  
0.668645  0.338879  0.661894  
0.881243  0.472673  1.39321e-11  
0.464573  0.739595  0.487023  
6.9893e-08  0.949141  0.31488  
0.86823  0.339363  0.361979  
0.000276222  0.922265  0.386566  
0.594441  0.804147  2.09765e-13  
0.434891  0.799083  0.415173  
0.688503  0.452298  0.566938  
0.286524  0.832156  0.474799  
0.258182  0.268763  0.927967  
0.662176  2.53145e-12  0.749348  
0.423205  0.789869  0.443851  
0.678043  0.478511  0.557929  
0.883495  0.254478  0.393291  
0.803452  0.492251  0.334894  
0.642521  0.336284  0.688539  
0.485413  0.821536  0.299085  
4.5661e-17  0.745701  0.666281  
0.542378  0.476183  0.692153  
0.272657  0.913073  0.303243  
0.3162  0.713466  0.625287  
0.617179  3.47985e-15  0.786822  
0.829408  0.558643  0  
0.776553  1.31671e-17  0.630052  
0.565101  3.58312e-16  0.825022  
0.323365  0.857327  0.400531  
0.330783  0.50577  0.79673  
0.289697  0.590685  0.753104  
0.288503  0.275735  0.916917  
0.57282  0.35095  0.740751  
0.582164  0.813072  5.33253e-19  
0.894358  0.447353  0  
4.78036e-17  0.780693  0.624915  
0.691681  0.630587  0.352048  
0.834934  0.338777  0.433722  
0.173016  7.31935e-10  0.984919  
0.972377  0.233418  7.03559e-19  
0.79764  0.280431  0.533975  
0.265968  0.825522  0.497769  
2.30475e-16  0.813603  0.581421  
0.587837  0.545465  0.597424  
0.490465  0.592893  0.638688  
2.83277e-16  1  9.33204e-20  
0.390794  0.296768  0.871326  
1.96073e-16  0.388015  0.921653  
0.670705  0.741725  2.71868e-18  
0.404151  0.390019  0.827374  
0.871504  0  0.490389  
7.47248e-07  0.609902  0.792477  
0.637156  0.707955  0.304684  
0.727691  0.528568  0.437128  
0.342349  0.645857  0.682397  
0.479308  3.64292e-16  0.877647  
6.03543e-17  1.03327e-17  1  
0.423382  0.541985  0.725948  
0.855092  0.422736  0.300187  
0.932902  4.66563e-12  0.36013  
0.73755  3.39912e-19  0.675292  
5.76981e-10  0.551755  0.834006  
0.761096  0.579955  0.290492  
0.638189  0.593153  0.490801  
7.146e-08  0.700988  0.713173  
1.33408e-09  0.229875  0.97322  
0.844213  7.08247e-20  0.536008  
0.951229  0.308486  1.63624e-20  
0.501909  0.30399  0.809739  
2.61227e-16  0.922162  0.386804  
0.484675  0.719454  0.49747  
0.953396  9.20105e-11  0.301723  
0.9251  0.379725  5.73331e-20  
0.40556  0.914068  1.74942e-19  
0.522625  2.36063e-13  0.852563  
1.14694e-15  0.979076  0.203493  
0.464696  0.88547  2.51858e-18  
0.914326  0.290778  0.281881  
0.360621  0.752718  0.550788  
0.280613  0.429501  0.858362  
0.355492  4.25445e-10  0.934679  
0.691398  1.05334e-16  0.722474  
0.813621  5.24614e-16  0.581395  
0.901968  1.90832e-10  0.431802  
0.749026  0.66254  5.27532e-19  
0.557276  0.627413  0.543872  
1.2891e-14  0.503626  0.863922  
0.236068  0.971736  1.21746e-19  
1  1.69047e-19  0  
0.703094  0.272587  0.656777  
1.65039e-16  0.326602  0.945162  
0.476125  0.429441  0.767389  
0.787422  0.616414  4.15187e-17  
0.275333  0  0.961349  
0.419719  0.00433534  0.907644  
0.766627  0.418107  0.48731  
0.545079  0.75927  0.355524  
0.526349  0.850268  7.33368e-21  
2.46343e-09  0.952862  0.303403  
0.425235  0.681026  0.596137  
0.631008  0.775776  3.25243e-18  
0.589735  0.681182  0.433826  
0.977919  3.48449e-14  0.208986  
0.710934  0.703259  3.1479e-20  
1.14501e-14  0.447332  0.894368  
0.326456  0.945212  5.65196e-17  
0.864844  0.502041  4.11734e-18  
1.13223e-14  0.659857  0.751391  
0.731335  0.341363  0.590441  
5.20113e-17  0.849409  0.527736  
0.621059  0.459947  0.634613  
0.390716  0.875453  0.284471  
2.51891e-16  0.889203  0.457513  
6.05447e-17  9.15107e-18  1  
8.09818e-12  0.445505  0.895279  
6.12323e-17  1  8.90742e-21  
0.591547  0.675258  0.440567  
0.415848  0.548814  0.725171  
0.863625  0.396618  0.311201  
0.573407  0.555205  0.602454  
0.37071  0.928749  1.47633e-21  
0.828075  0.352235  0.436144  
0.613677  0.789557  1.30023e-21  
0.510015  0.299208  0.806448  
0.285891  0.279016  0.916742  
0.624405  1.69041e-21  0.781174  
0.513249  0.653535  0.556298  
0.372947  2.12761e-07  0.927853  
0.708855  4.33191e-22  0.705354  
4.9436e-17  0.807351  0.590072  
0.469106  0.438438  0.766624  
0.417863  0.367546  0.830843  
0.435135  0.785861  0.439409  
0.67509  0.654263  0.340871  
0.805051  0.521065  0.28352  
5.29899e-17  0.865391  0.501097  
0.440068  0.897964  5.95934e-13  
0.753399  0.440314  0.488379  
0.743567  1.29063e-20  0.668661  
0.0803733  0.885638  0.457368  
0.286662  0.825527  0.486138  
0.471518  0.599319  0.646906  
4.75029e-17  0.775782  0.631001  
0.378146  0.296032  0.877138  
0.226763  0  0.97395  
0.663615  2.48565e-22  0.748074  
0.3275  0.659198  0.676905  
0.669111  0.296006  0.681668  
0.194976  0.980808  2.26896e-20  
0.551991  1.5285e-21  0.83385  
0.744352  0.597844  0.297528  
0.954373  0.298618  1.30023e-21  
0.68997  0.723838  4.24081e-15  
0.356118  0.768485  0.531611  
3.72567e-17  0.608447  0.793594  
0.325833  0.493443  0.806441  
0.480763  0.730551  0.484935  
0.78203  0.320337  0.534616  
0.771047  2.15009e-20  0.636778  
0.626899  0.435697  0.645884  
0.927226  7.0906e-08  0.374502  
0.381588  0.705833  0.596816  
0.498072  0.867136  1.71713e-14  
0.70884  0.559223  0.429902  
0.710882  0.368229  0.599212  
0.331902  0.857007  0.394183  
0.8877  0.460422  5.66212e-14  
0.862225  1.19366e-22  0.506526  
0.557817  0.829964  2.85903e-13  
0.303708  1.20574e-21  0.952765  
0.433025  2.84566e-23  0.901382  
5.94647e-17  0.971132  0.238543  
0.922305  0.386463  1.76368e-21  
0.28968  0.580878  0.760701  
1  2.14112e-21  2.62701e-18  
0.677555  0.492181  0.546514  
5.78686e-17  0.945066  0.326878  
0.793354  0.60876  5.19648e-13  
1.34332e-11  0.83751  0.546421  
0.29397  0.955815  0  
4.02707e-17  0.657671  0.753305  
1.23571e-10  0.36952  0.929223  
4.29915e-17  0.702105  0.712074  
3.12447e-17  0.510265  0.860017  
0.880273  0.264083  0.394183  
0.505165  0.813323  0.288642  
1.84955e-12  0.289542  0.957165  
0.584836  0.34524  0.734014  
0.921455  0.27602  0.273374  
0.399947  0.861749  0.31214  
0.307418  0.914191  0.264102  
0.892115  1.11845e-08  0.451808  
0.954369  2.4407e-22  0.298629  
4.54472e-17  0.742209  0.670168  
0.647751  0.761852  2.02326e-20  
0.566184  0.750495  0.340871  
0.831721  0  0.555193  
0.824035  0.566539  1.30023e-21  
0.799178  2.62567e-20  0.601095  
0.976776  0.214262  1.30023e-21  
0.000106945  0.917006  0.398874  
0.859586  0.510991  1.30023e-21  
0.787433  0.486152  0.378952  
3.42277e-17  0.558982  0.82918  
0.637944  0.709795  0.298695  
0.499438  1.38297e-21  0.86635  
0.628514  0.584049  0.51367  
0.762269  0.647261  1.48331e-20  
0.731284  0.682073  3.76633e-19  
0.979625  1.63124e-20  0.200837  
8.20107e-13  0.194092  0.980983  
0.281678  0.418222  0.863567  
0.533202  0.490307  0.689416  
0.570405  0.821364  3.39425e-22  
0.260313  0.580585  0.771465  
6.12323e-17  1  5.79549e-23  
0.470363  0.828686  0.303378  
0.84512  1.02583e-22  0.534576  
0.43432  0.794359  0.424688  
0.905674  9.16186e-23  0.423975  
0.629168  0.725253  0.279565  
0.789579  0.507913  0.344369  
0.465769  0.41656  0.780729  
1.75692e-15  0.770014  0.638027  
0.637071  6.34891e-23  0.770805  
0.377031  3.81407e-23  0.926201  
0.303925  0.739908  0.600138  
0.958662  5.67025e-06  0.284547  
0.415234  0.549758  0.724808  
0.281985  0.830041  0.481161  
0.310981  8.07645e-08  0.950416  
0.276726  0.878356  0.389761  
0.00288956  0.879296  0.476268  
0.558035  0.548844  0.622388  
0.300077  0.417214  0.857838  
5.68949e-17  0.929163  0.369669  
0.541072  3.18467e-05  0.840976  
0.79958  0.600559  7.12195e-23  
0.00703708  0.531783  0.846851  
0.0135077  0.980329  0.19691  
0.711481  0.545845  0.442547  
0.809058  0.355158  0.468282  
4.48667e-17  0.732728  0.680521  
0.489343  1.35292e-22  0.872092  
0.289709  0.665379  0.687997  
4.24947e-17  0.693991  0.720096  
0.545087  0.636088  0.546143  
0.400241  0.63185  0.663756  
0.631108  0.592232  0.500962  
1.84381e-17  0.301117  0.953587  
0.899123  0.331925  0.285314  
0.761442  0.648233  3.75154e-22  
0.556661  0.769726  0.31249  
0.495413  0.578121  0.648338  
0.742472  0.447089  0.498846  
0.442543  0.328023  0.834599  
0.579623  0.692033  0.430265  
0.685864  1.7323e-22  0.727729  
0.922036  0.387103  4.56684e-22  
0.435819  0.688015  0.580256  
0.770134  0.318372  0.55275  
0.339522  0.478118  0.810017  
0.233601  0.972332  6.95448e-23  
0.21771  2.72983e-07  0.976014  
0.864661  0.502355  4.51956e-22  
0.743008  0.596734  0.303064  
0.666866  0.657403  0.350871  
0.400131  0.916458  7.12195e-23  
0.94909  0.315004  6.70366e-22  
0.667718  0.744414  7.12195e-23  
0.876818  8.86995e-23  0.480823  
0.737301  9.24489e-07  0.675564  
0.933655  9.44491e-23  0.358174  
0.51977  0.47235  0.711846  
0.541584  0.289256  0.789314  
0.322609  0.946532  1.2545e-21  
0.460632  0.887591  7.12195e-23  
4.96278e-17  0.810484  0.585761  
0.893991  0.448086  9.6457e-23  
0.344975  0.774925  0.529607  
0.662099  0.290646  0.690761  
0.380234  0.274612  0.883182  
0.37995  0.865595  0.326164  
0.8103  7.48588e-07  0.586015  
0.595109  0.29828  0.74624  
3.67903e-17  0.600831  0.799376  
0.98036  1.7287e-21  0.197214  
0.518439  0.855114  9.4724e-23  
0.590853  5.88831e-23  0.806779  
0.6234  0.43707  0.648338  
0.717469  0.696591  5.00229e-22  
0.427418  1.07954e-22  0.904054  
5.54976e-17  0.906344  0.42254  
0.772859  9.38115e-23  0.634578  
0.622309  0.782772  7.2872e-22  
0.858846  0.318187  0.401423  
0.833054  0.553192  7.12195e-23  
5.19417e-17  0.848272  0.529561  
0.837233  0.440569  0.323943  
0.709907  0.334463  0.619812  
1  2.79655e-22  0  
1.23671e-17  0.20197  0.979392  
0.663666  0.484319  0.570072  
0.973368  0.22925  4.51956e-22  
2.98527e-17  0.487531  0.873106  
0.258219  0.920711  0.2926  
2.62499e-17  0.428693  0.90345  
3.98862e-17  0.651392  0.758742  
2.28737e-17  0.373557  0.927607  
5.87908e-17  0.960127  0.279565  
0.272893  0.291675  0.916763  
6.0258e-17  1.08802e-17  1  
0.474083  0.737086  0.481611  
0.665436  0.746326  0.0138547  
0.545838  0.628881  0.553687  
0.717868  0.696179  4.83059e-23  
0.72483  0.612444  0.31549  
9.00968e-14  0.811072  0.584946  
0.274195  0.914133  0.298625  
0.755223  4.90405e-06  0.655468  
4.02061e-17  0.656615  0.754226  
0.288559  0.706778  0.645909  
0.631847  0.323473  0.704368  
0.483125  0.812271  0.326813  
0.983967  0.17835  2.16679e-05  
0.975222  1.25825e-22  0.221228  
0.647834  0.690189  0.322413  
0.658006  0.578521  0.482018  
0.333463  0.848709  0.410483  
0.287683  0.286781  0.913781  
1  2.04511e-22  0  
0.482018  0.715224  0.506076  
0.408519  0.319658  0.854945  
0.450177  0.411564  0.792437  
3.70975e-17  0.605848  0.79558  
0.736665  0.505342  0.449393  
5.6949e-17  0.201036  0.979584  
0.779023  0.552422  0.296567  
0.636314  5.20528e-21  0.77143  
0.274708  0.57179  0.77304  
0.391386  1.97199e-21  0.920227  
0.86219  0.506586  1.89032e-11  
4.28802e-17  0.700286  0.713862  
5.86609e-17  0.958006  0.28675  
0.5968  0.546841  0.587192  
0.893964  0.448139  4.35393e-23  
0.911988  0.269686  0.309109  
0.319905  0.00026248  0.947449  
2.26466e-16  0.448161  0.893953  
6.12323e-17  1  4.44905e-23  
0.617052  0.786922  4.88101e-23  
0.455699  0.890134  4.57826e-23  
0.89271  1.8353e-22  0.450632  
0.820823  0.46664  0.329389  
0.49601  0.294803  0.816741  
0.543641  0.73368  0.407637  
0.86121  1.77054e-22  0.508249  
6.0111e-17  0.981687  0.190502  
0.751479  0.374322  0.543289  
0.710023  0.321216  0.626649  
0.591701  3.74593e-07  0.806158  
0.811195  0.296211  0.504203  
5.54783e-17  0.90603  0.423214  
0.417332  0.52374  0.742651  
0.422434  0.649018  0.632713  
5.39209e-17  0.880595  0.47387  
0.329165  0.479038  0.813741  
0.546606  4.47144e-21  0.83739  
0.921528  0.388311  4.35393e-23  
0.531407  0.461092  0.710635  
0.964749  0.263174  9.90953e-12  
0.691254  0.464326  0.553687  
0.715736  9.95216e-09  0.698371  
0.629162  0.444804  0.63742  
5.19669e-17  0.848683  0.528901  
0.944104  0.32965  1.84401e-11  
0.789088  1.24273e-20  0.61428  
3.44533e-17  0.562665  0.826685  
0.830243  0.557402  5.88245e-23  
0.747898  0.663797  0.00469283  
0.445956  2.24694e-21  0.895055  
0.56319  0.340933  0.752716  
0.23572  0.971821  4.81966e-23  
0.3301  0.623649  0.708587  
0.676244  9.02746e-07  0.736678  
0.581919  0.76437  0.277684  
0.42577  0.787985  0.444746  
0.516723  0.856152  4.72914e-23  
0.39045  0.920624  5.84035e-23  
0.793134  0.609059  1.24791e-11  
0.280777  0.817648  0.50261  
0.826909  1.21682e-20  0.562336  
4.74175e-17  0.774387  0.632713  
0.611358  0.651328  0.449458  
4.5311e-17  0.739985  0.672624  
0.951848  6.76922e-10  0.306571  
0.351456  0.752055  0.557576  
0.779572  0.436249  0.449393  
0.854232  0.311926  0.415921  
0.484505  0.573126  0.660894  
2.30356e-17  0.376199  0.926539  
5.71512e-17  0.933351  0.358966  
0.570098  0.821577  4.72914e-23  
0.31816  0.948037  1.60726e-11  
1.85608e-17  0.303121  0.952952  
0.875528  0.381373  0.296658  
0.234961  1.18385e-21  0.972005  
3.10744e-17  0.507484  0.861661  
0.920978  1.89342e-22  0.389615  
0.498936  2.51388e-21  0.866639  
0.39929  0.869917  0.289502  
5.90956e-17  1.60345e-17  1  
0.306932  0.395501  0.865663  
0.570754  0.665625  0.480816  
0.281574  0.565752  0.77501  
0.735126  1.11353e-07  0.67793  
0.289677  0.915894  0.277895  
0.290329  0.705351  0.646675  
0.941307  0.337552  1.60031e-06  
0.281759  0.959485  0  
0.411574  0.783651  0.465293  
0.674341  0.45295  0.583182  
0.969986  0.243162  0  
5.64807e-17  0.9224  0.386237  
3.92474e-17  0.640958  0.767576  
0.592628  0.712183  0.376281  
0.552863  4.65584e-22  0.833272  
0.774605  7.85344e-22  0.632445  
0.559323  0.82895  0  
0.54238  0.460213  0.702871  
0.632511  0.376434  0.676925  
0.487662  0.576693  0.655448  
0.318699  1.38051e-20  0.947856  
0.86351  0.377892  0.333989  
7.11479e-10  0.491837  0.870687  
2.50671e-16  0.884896  0.465788  
0.500575  1.65032e-19  0.865693  
0.729843  0.498205  0.468104  
0.743652  0.668567  0  
0.355231  0.479768  0.802268  
0.424044  0.649763  0.630868  
0.45098  0.820428  0.351446  
0.686452  1.28561e-22  0.727175  
0.926734  7.35114e-09  0.375717  
0.851143  0.524935  2.71635e-13  
0.189134  0.981951  0  
0.632266  0.733039  0.250786  
4.74319e-17  0.774621  0.632425  
0.388603  3.63248e-16  0.921405  
0.882741  0.46986  3.99878e-15  
0.600163  5.64947e-18  0.799878  
0.275599  0.871823  0.404933  
0.814745  0.503257  0.287964  
0.224238  1.29017e-22  0.974534  
0.429628  0.344402  0.834749  
0.643175  7.91092e-09  0.765719  
5.92514e-17  1.54489e-17  1  
1.71769e-17  0.280521  0.959848  
3.6205e-17  0.591273  0.806471  
0.531843  0.620246  0.576574  
0.753199  0.320916  0.574198  
1  1.61767e-22  0  
0.840362  0.301227  0.450615  
2.16165e-17  0.353023  0.935614  
0.588237  0.520525  0.618895  
0.393253  0.875259  0.281555  
0.808187  9.70635e-21  0.588926  
0.465466  0.70442  0.535849  
0.779505  0.626396  0  
3.28686e-17  0.536785  0.843719  
0.597872  0.319285  0.735259  
0.707168  0.634743  0.311472  
4.99128e-17  0.815138  0.579267  
4.19804e-17  0.685593  0.727985  
0.487315  0.424411  0.76315  
7.90648e-12  0.418843  0.908059  
0.374467  0.299273  0.877616  
0.837239  1.00553e-20  0.546837  
0.512687  0.746604  0.423951  
0.677029  0.60769  0.415143  
4.47248e-17  0.730412  0.683007  
0.951977  0.000117518  0.306171  
0.780676  0.379983  0.496143  
0.799602  0.443642  0.404744  
0.42857  0.531463  0.730667  
5.79854e-17  0.946974  0.32131  
0.7048  0.295434  0.644962  
6.12323e-17  1  2.55602e-24  
0.91003  0.414542  0  
0.757193  0.558185  0.339247  
0.368047  0.929807  2.62723e-18  
5.19235e-17  0.847975  0.530036  
0.816558  0.577263  3.49785e-24  
0.452702  6.07263e-18  0.891662  
0.28749  0.427151  0.857258  
0.324899  0.629656  0.705672  
0.977101  1.3025e-20  0.212775  
0.913282  0.295726  0.280112  
0.708246  0.705966  2.62723e-18  
1.1223e-17  0.183285  0.98306  
0.666111  0.745852  1.80857e-18  
0.639636  0.574127  0.511121  
0.503262  0.864134  0  
5.95366e-17  0.972306  0.233711  
0.869968  5.74002e-06  0.493107  
0.611261  0.791429  0  
0.547597  0.786208  0.286381  
0.445564  0.89525  1.80857e-18  
0.272497  0.28989  0.917447  
0.280095  0.818959  0.500853  
0.534133  0.292573  0.79316  
0.899622  3.53389e-08  0.436669  
0.334355  0.755108  0.563932  
