1.7587  0.468658  4.08671  
0.707884  1.92236  2.15143  
2.33328  0.29782  2.29128  
0.441274  0.408002  0.150724  
0.0375642  0.520315  6.01641  
0.149747  0.570605  5.35837  
0.290089  0.383019  0.326892  
0.47205  0.176053  4.99211  
1.09153  0.736261  3.85677  
1.79337  0.387327  3.59443  
0.632516  0.256455  0.111029  
0.857628  1.72385  2.51937  
0.620484  0.334773  0.0447425  
0.461635  0.333989  0.204376  
0.786744  0.143637  0.0696197  
1.09692  0.0813257  4.82743  
0.868601  0.0023638  0.129035  
2.20245  0.272974  3.2073  
0.774643  0.66456  5.41508  
0.511668  0.245338  4.80041  
0.0485056  0.743891  5.37159  
0.46067  1.76273  1.99895  
0.211655  2.07957  2.79647  
0.739752  0.174484  0.0857636  
0.385027  0.407876  6.01573  
0.524601  0.247277  5.72497  
0.0209526  0.0136841  6.04584  
1.17329  1.15238  3.1766  
2.40749  0.20874  2.91987  
1.77842  0.346586  2.34091  
0.606501  1.06401  3.86031  
1.15791  0.0131964  4.0432  
0.622488  0.0698122  0.3077  
0.225076  0.604261  0.170663  
1.4633  1.35193  1.89981  
0.943351  1.04495  4.26767  
0.966725  0.405829  5.03094  
1.70196  0.789387  1.98528  
0.843561  1.68982  1.6476  
0.312757  0.431591  0.255653  
0.823373  0.397275  5.26839  
0.11012  0.0935364  6.68874  
0.138612  0.633851  0.227537  
2.20096  0.66712  1.56075  
1.94867  0.097239  2.45274  
0.156284  0.106008  5.50317  
1.53899  0.354808  3.86072  
1.38009  0.2665  2.98531  
2.15027  0.605747  1.4258  
1.7656  0.950748  2.49991  
2.02989  0.597592  2.69933  
0.324518  0.404758  0.270724  
0.18933  0.225751  4.72518  
0.496341  0.349697  0.153962  
1.21012  0.607525  2.56909  
0.667743  0.306713  0.025544  
0.935448  1.75622  2.33103  
0.290886  0.702392  0.00672243  
0.571463  1.47234  2.19931  
0.960912  0.048472  5.65335  
0.49927  0.359269  0.141461  
0.327673  0.527481  0.144847  
0.907523  0.0608167  0.0316599  
0.0500785  0.683956  0.265966  
0.766088  0.132796  0.101116  
0.100625  0.0879952  5.97855  
0.318266  1.18416  4.497  
0.104706  0.876592  0.0187019  
0.132557  0.676233  0.19121  
0.264329  2.05202  2.84486  
0.724355  0.0949726  0.180672  
0.617443  0.259944  0.122613  
0.304788  0.447093  0.248119  
2.06105  0.26576  2.8548  
0.683243  0.110496  5.09801  
0.58096  0.312337  0.106703  
0.233552  0.445306  0.321141  
0.152493  0.923442  5.81758  
0.315297  0.446649  4.68066  
0.243841  1.18498  4.51845  
0.02174  0.00718377  6.45594  
0.63272  0.358033  0.00924721  
0.726537  0.532626  4.59137  
1.1551  1.08109  1.34846  
1.23433  0.390598  4.19541  
0.615469  0.335395  0.0491369  
0.503911  0.259365  0.236724  
0.255659  0.506447  0.237894  
0.0757889  1.55226  4.62105  
0.360209  0.794926  5.24449  
0.234176  1.01019  4.79574  
1.10518  1.39314  1.40464  
0.450357  2.13438  3.29928  
0.0486868  0.910819  0.0404941  
2.318  0.60762  2.07572  
1.10611  0.986139  2.46874  
0.441252  0.457071  0.101678  
2.05606  0.416974  1.365  
0.470686  0.270418  0.258896  
0.292917  0.472965  0.234118  
0.00169857  0.12565  3.95535  
7.23772e-10  1.01419e-06  4.02159  
3.37316e-06  8.73821e-05  3.96726  
0.00126441  0.0507559  3.47369  
7.43029e-07  3.35074e-05  3.91389  
0  0  3.9306  
7.96844e-06  0.00022295  3.44491  
0  0  3.84717  
2.76189e-08  0.00390412  3.65327  
2.83644e-08  0.00400949  3.57903  
7.17479e-07  1.85864e-05  3.67303  
3.54132e-07  2.9711e-05  3.43562  
1.99736e-15  7.87099e-14  3.80307  
0.318586  2.0374  2.8291  
0.00946953  2.23789  2.59071  
4.57741e-07  4.36981e-05  3.07379  
0  0  3.15883  
2.36422e-14  6.12455e-13  2.98166  
3.86972e-10  8.70593e-08  2.77273  
0.106512  2.71187  1.7508  
5.47073e-15  1.4172e-13  2.56287  
0.701261  0.110392  0.188347  
0.00357191  0.783233  0.213195  
0  0  1.75025  
0.659926  0.0138074  0.326267  
0.999994  6.17269e-06  0  
0.710007  0.279821  0.0101722  
0.00307432  0.0118813  1.11082  
0.138902  0.840304  0.0207935  
0.0922818  0.585909  0.321809  
0.388681  0.423644  0.187676  
0.165984  0.500968  0.333048  
0.876941  0.119526  0.00353368  
0.837033  0.109666  0.0533013  
0.541703  0.351027  0.10727  
0.385296  0.614574  0.000129694  
0.0281472  0.859884  0.111969  
0.0308227  0.784767  0.18441  
0.277838  0.390869  0.331293  
0.455464  0.214387  0.330149  
0.10888  0.686023  0.205097  
0.0583066  0.614269  0.327425  
0.523951  0.476045  4.12194e-06  
0.420335  0.276231  0.303434  
0.230064  0.553682  0.216254  
0.648042  0.0883271  0.263631  
0.333385  0.333568  0.333048  
0.13326  0.533456  0.333284  
0.0188852  0.925292  0.0558232  
4.32666e-05  0.999957  0  
0.651419  0.27178  0.0768016  
0.317971  0.559028  0.123001  
0.454707  0.282183  0.26311  
7.17991e-10  0.667424  0.332576  
0.557322  0.109407  0.33327  
0.596146  0.0705834  0.33327  
0.254481  0.732728  0.0127916  
0.80383  0.0434748  0.152695  
0.0994464  0.713085  0.187469  
0.603243  0.220613  0.176143  
2.73737e-10  5.02297e-06  2.37291  
0.746504  0.217875  0.0356209  
0.264081  0.735446  0.000472428  
0.177464  0.713678  0.108858  
0.692367  0  0.307633  
0.177334  0.520468  0.302199  
0.767417  1.38027e-05  0.23257  
0.0868528  0.90784  0.00530667  
0.80472  0.0897057  0.105574  
0.180048  0.675218  0.144734  
0.562925  0.193071  0.244003  
0.50691  0.31458  0.17851  
0.137816  0.587172  0.275013  
0.0931226  0.763045  0.143833  
0.0361756  0.645714  0.31811  
0.301826  0.380425  0.317749  
4.70703e-06  0.901464  0.0985315  
0.408768  0.291772  0.299459  
0.616243  0.0619482  0.321809  
0.513767  0.153054  0.333179  
0.162989  0.78371  0.0533013  
1.31435e-05  0.73335  0.266637  
0.784603  0.0622987  0.153098  
0.867086  0.0890992  0.0438152  
0.0551537  0.944157  0.000688964  
0.000957718  0.824289  0.174753  
0.739836  0.246581  0.0135828  
0.711856  0.250438  0.0377057  
0.0544312  0.812339  0.13323  
0.550629  0.205367  0.244003  
0.0414052  0.886552  0.0720432  
0.00244541  0.684281  0.313274  
2.88073e-09  2.67784  1.4771  
0.0193799  0.975955  0.004665  
0.292372  0.389878  0.317749  
0.105852  0.830253  0.0638951  
7.51931e-09  6.30856e-07  2.20057  
1.90323e-14  4.55154e-13  2.22271  
0.292804  0.664138  0.0430575  
0  0  2.65166  
0.265849  0.567744  0.166407  
0.0761505  0.730029  0.19382  
0.704864  0.0395823  0.255553  
0.417958  0.287297  0.294746  
0.496433  0.347349  0.156218  
0.256976  0.514035  0.228989  
0.712847  0.265703  0.0214507  
0.821043  0.156339  0.0226183  
0.623453  0.163018  0.213529  
0.499304  0.22316  0.277536  
0.358524  0.571251  0.070225  
0.050314  0.789716  0.15997  
0.158625  0.813825  0.0275495  
0.509891  0.156776  0.333333  
0.177224  0.5512  0.271577  
0.585051  0.318765  0.0961837  
0.850235  0.0797628  0.0700018  
0.322097  0.348534  0.329369  
0.0618027  0.604864  0.333333  
0.224746  0.441921  0.333333  
0.396759  0.46755  0.13569  
0.523041  0.360554  0.116405  
0.472396  0.194271  0.333333  
0.379544  0.287124  0.333332  
0.562002  0.104665  0.333333  
0.666667  7.40149e-17  0.333333  
0.877401  0.122599  0  
0.639719  0.0269475  0.333333  
0.6072  0.226394  0.166407  
0  0.80618  0.19382  
0.677221  0.322779  3.16636e-13  
0.83489  0.0338556  0.131254  
0.426026  0.240641  0.333333  
0.250193  0.416474  0.333333  
0.295996  0.598359  0.105644  
0.124993  0.541674  0.333333  
0.1026  0.564067  0.333333  
0.0834402  0.583227  0.333333  
0.320241  0.528791  0.150969  
0.0358337  0.720041  0.244125  
1.51402e-20  0.698803  0.301197  
0.705254  0  0.294746  
0.276693  0.467686  0.255621  
0  1  0  
1.22528e-20  0.666667  0.333333  
0.395317  0.369064  0.235619  
0.210509  0.456158  0.333333  
0.684562  0.114381  0.201057  
0.129497  0.69142  0.179083  
0.55389  0.44611  0  
0.217977  0.782023  1.59585e-07  
0.333328  0.333338  0.333333  
0.166953  0.499714  0.333333  
1  0  0  
0.648719  0.266252  0.0850287  
0.61182  0.0548469  0.333333  
0.484755  0.509509  0.0057358  
0.205945  0.576544  0.217511  
0.00290404  0.0112232  1.04929  
0.450964  0.215702  0.333333  
0.435357  0.474723  0.0899199  
0  0  1.66505  
0.518719  0.147948  0.333333  
0.752995  0.199468  0.0475368  
0.749613  0.0740773  0.17631  
0.0462851  0.62159  0.332125  
0.34706  0.65294  0  
0.465837  0.292941  0.241222  
0.112498  0.624462  0.263041  
0.0793437  0.856177  0.0644789  
0.291583  0.375084  0.333333  
0.212169  0.631612  0.156218  
0.350414  0.427095  0.222491  
0.246057  0.668871  0.0850725  
0.585593  0.0812006  0.333207  
0.415888  0.566581  0.0175313  
0.911759  3.01652e-14  0.0882413  
0.0424893  0.933379  0.0241314  
0.781806  6.88307e-14  0.218194  
0.568099  0.171545  0.260356  
0.115279  0.76592  0.118801  
0.777484  0.122028  0.100489  
0.000129368  0.890536  0.109334  
0.274709  0.718764  0.00652754  
0.446062  0.374562  0.179376  
0.123598  0.876402  3.16636e-13  
0.777376  0.222624  1.26505e-10  
0.596592  0.364953  0.038455  
0.181147  0.48552  0.333333  
0.535509  0.26609  0.198402  
0.406913  0.26143  0.331657  
0.35681  0.309857  0.333333  
0.20262  0.734585  0.0627951  
0.934517  0.046645  0.0188381  
0.541649  0.125018  0.333333  
0.697767  0.185507  0.116726  
0.0131783  0.653489  0.333333  
0.640828  0.0917029  0.267469  
0.149438  0.517229  0.333333  
0.273458  0.393208  0.333333  
0.138638  0.809251  0.0521108  
3.97626e-17  0.714844  0.285156  
0.491623  0.337498  0.170879  
0.86046  0.0779463  0.0615938  
0.620801  0.154211  0.224988  
0.29746  0.502096  0.200444  
0.0991856  0.900814  0  
0.504992  0.209852  0.285156  
0.316893  0.403462  0.279645  
0.188727  0.530013  0.28126  
0.501627  0.427389  0.0709839  
0.573464  0.322242  0.104293  
0.0576734  0.788658  0.153669  
0.402876  0.450283  0.146841  
0.755522  0.0691836  0.175294  
0.216279  0.631193  0.152528  
0.724624  0.261892  0.0134841  
0.668803  0.196376  0.134821  
0.374991  0.550806  0.0742033  
0.390157  0.338667  0.271176  
0.145796  0.52087  0.333333  
0.0205095  0.646157  0.333333  
0.208384  0.458282  0.333333  
0.68481  0.113563  0.201627  
0.567248  0.0994184  0.333333  
0.437221  0.475079  0.0876995  
0.520267  0.362216  0.117517  
0.207277  0.575535  0.217188  
0.379866  0.286801  0.333333  
0.878406  0.121594  1.11022e-16  
4.6464e-17  0.804849  0.195151  
0.501206  0.16546  0.333333  
0.218871  0.781129  1.11022e-16  
0.229374  0.437293  0.333333  
0.323422  0.526153  0.150426  
0.607849  0.226486  0.165665  
0.426485  0.240181  0.333333  
0.291651  0.375015  0.333333  
0.666667  0  0.333333  
0.0832935  0.583373  0.333333  
0.678883  0.321117  1.11022e-16  
0.249993  0.416674  0.333333  
0.133606  0.692331  0.174063  
0.333328  0.333338  0.333333  
0.0798809  0.857232  0.0628874  
0  1  0  
0.520695  0.145972  0.333333  
0.555339  0.444661  1.11022e-16  
0.166584  0.500083  0.333333  
0.595682  0.0709842  0.333333  
0.707127  0  0.292873  
1  0  0  
0.270867  0.395799  0.333333  
0.0028685  0.0110858  1.03645  
0.836213  0.0340155  0.129772  
0.292035  0.599074  0.108892  
5.07671e-26  0.666667  0.333333  
0.47376  0.192906  0.333333  
0.782852  8.6914e-17  0.217148  
0.754622  0.198866  0.0465113  
0  0  1.65909  
0.466573  0.291618  0.241809  
0.613778  0.0528886  0.333333  
0.188235  0.733967  0.0777974  
0.0416022  0.625064  0.333333  
0.450041  0.216625  0.333333  
0.125099  0.541568  0.333333  
0.366668  0.415509  0.217822  
0.248964  0.666751  0.0842856  
0.912362  0  0.0876383  
0.418111  0.567662  0.0142265  
0.0456439  0.933077  0.0212788  
0.0711357  0.669172  0.259692  
0.638458  0.280005  0.0815364  
0.566173  0.175109  0.258718  
0.116762  0.769076  0.114161  
0.26708  0.476886  0.256035  
0.73338  0.147933  0.118687  
2.46905e-19  0.887978  0.112022  
0.103686  0.562981  0.333333  
0.639974  0.0266925  0.333333  
0.431184  0.383914  0.184903  
0.154115  0.845885  2.33147e-15  
0.813352  0.186648  5.55112e-16  
0.593134  0.37578  0.0310854  
0.487079  0.512921  0  
0.537904  0.266849  0.195248  
0.403669  0.262998  0.333333  
0.543436  0.123231  0.333333  
0.356824  0.309843  0.333333  
0.187602  0.479065  0.333333  
0.0243163  0.741751  0.233933  
0.278195  0.709354  0.0124511  
0.141611  0.608791  0.249598  
0.350059  0.649941  0  
0.931225  0.0523027  0.0164723  
0.807319  0.103153  0.0895279  
0.646741  0.0870877  0.266171  
0.0623094  0.604357  0.333333  
0.312569  0.354097  0.333333  
0.462521  0.448677  0.0888017  
0.69555  0.0889539  0.215496  
0.516969  0.221599  0.261432  
0.319373  0.590135  0.090492  
0.75711  0.0622954  0.180594  
0.221419  0.494081  0.2845  
0  0  1.65281  
0.624349  0.0423175  0.333333  
0.77226  0.16652  0.0612204  
0.642547  0.134224  0.223229  
0.408861  0.583692  0.00744738  
0.142941  0.523726  0.333333  
3.78918e-17  0.666667  0.333333  
0.0610869  0.60558  0.333333  
0.249206  0.526511  0.224283  
0.391115  0.275551  0.333333  
0.22872  0.656118  0.115162  
0.0882271  0.864155  0.047618  
0.266898  0.399769  0.333333  
0.0205623  0.646104  0.333333  
0.487133  0.361951  0.150916  
0.163733  0.502934  0.333333  
0.225381  0.441286  0.333333  
0.0796864  0.920314  0  
0.0294435  0.740066  0.23049  
0.552558  0.431675  0.0157673  
0.559986  0.106681  0.333333  
0.496646  0.170021  0.333333  
0.438389  0.271855  0.289756  
0.380279  0.373777  0.245944  
0.64584  0.0208265  0.333333  
0.00281264  0.01087  1.01626  
0.517766  0.148901  0.333333  
0.204835  0.461832  0.333333  
0.369987  0.296679  0.333333  
0.286633  0.549363  0.164004  
0.638341  0.361659  0  
0.610349  0.224775  0.164875  
0.630045  0.279463  0.090492  
0.101793  0.564874  0.333333  
0.741605  0.141618  0.116777  
0  0.715175  0.284825  
0  0.813262  0.186738  
0.6901  0.21978  0.0901204  
0.0816472  0.585019  0.333333  
0.323797  0.675052  0.00115132  
0.326642  0.340025  0.333333  
0.088948  0.653459  0.257593  
0.475609  0.191058  0.333333  
0.24112  0.425547  0.333333  
0.728702  0.268361  0.00293698  
0.974222  0  0.025778  
0.411492  0.255175  0.333333  
0.781447  0.218553  1.52367e-12  
0.00568914  0.878835  0.115475  
0.122407  0.54426  0.333333  
0.175973  0.732473  0.091554  
0.274425  0.690263  0.0353116  
5.57234e-22  1  0  
0.675245  0.289444  0.0353116  
0.0775398  0.777433  0.145027  
0.433087  0.233579  0.333333  
0.158715  0.841285  0  
0.500059  0.499941  0  
0.838767  0.0982616  0.0629712  
0.47054  0.291792  0.237668  
0.353183  0.443865  0.202952  
0.0407465  0.62592  0.333333  
0.418529  0.403976  0.177494  
0.348546  0.31812  0.333333  
0.53841  0.267608  0.193982  
0.133661  0.703385  0.162954  
0.184053  0.482614  0.333333  
0.666667  0  0.333333  
0.89455  9.9315e-17  0.10545  
0.149131  0.589437  0.261432  
0.454277  0.21239  0.333333  
0.863861  0.136139  0  
0.581346  0.085321  0.333333  
0.306234  0.360433  0.333333  
0.752197  0  0.247803  
0.195593  0.617669  0.186738  
0.383082  0.481829  0.13509  
0  0.933873  0.0661274  
0.286398  0.380269  0.333333  
0.919393  0.0739353  0.00667136  
0.650676  0.176948  0.172376  
0.307863  0.450393  0.241744  
0.237254  0.762746  0  
0.684836  0.0390978  0.276066  
0.36859  0.63141  0  
0.603602  0.323227  0.0731712  
0.602927  0.0637393  0.333333  
1  1.11022e-16  0  
0.567208  0.168017  0.264775  
0.413571  0.525209  0.0612204  
0.82131  0.00690349  0.171786  
0.125982  0.813347  0.0606716  
0.510804  0.38469  0.104506  
0.538823  0.127844  0.333333  
0.66729  5.54489e-11  0.33271  
0.0208003  0.646128  0.333072  
0.767217  0.0578095  0.174973  
0.405958  0.532475  0.0615662  
1  0  0  
0.374684  0.365136  0.26018  
0.742857  6.93076e-07  0.257142  
0.522898  0.350579  0.126523  
0.555747  0.371431  0.0728226  
0.544652  0.122015  0.333333  
0.943359  0.0281207  0.0285207  
0.205468  0.63733  0.157203  
0.579953  0.41508  0.00496687  
0.152551  0.589367  0.258082  
0.0381262  0.628802  0.333072  
0.308088  0.358579  0.333333  
0.422875  0.243791  0.333333  
0.834736  0.0412114  0.124053  
0.350843  0.315824  0.333333  
0.326564  0.340104  0.333331  
0.26191  0.404757  0.333333  
0.581513  0.0851539  0.333333  
0.395926  0.599435  0.00463946  
5.57234e-22  1  0  
0.818422  4.98508e-06  0.181573  
0.120604  0.672095  0.207301  
0.170228  0.788039  0.0417338  
0.483685  0.182981  0.333333  
0.523608  0.143059  0.333333  
0.462897  0.327215  0.209888  
0.0835117  0.639253  0.277236  
0.240225  0.428066  0.331709  
0.0673949  0.932605  0  
0.083803  0.809786  0.106411  
0.0519712  0.614695  0.333333  
0.685586  0.0716567  0.242758  
0.561362  0.105305  0.333333  
0.904788  0.0952114  1.44426e-07  
0.0574389  0.750404  0.192157  
0.482637  0.257042  0.260321  
0.143188  0.523479  0.333333  
0.448474  0.551492  3.37932e-05  
0.235455  0.67767  0.0868747  
0.25222  0.500024  0.247756  
0.29616  0.579013  0.124827  
0.333807  0.5017  0.164492  
0.37713  0.289537  0.333333  
0.520505  0.479456  3.87583e-05  
0.603921  0.062746  0.333333  
0.601415  0.20242  0.196165  
0.0731712  0.593496  0.333333  
0.62084  0.328013  0.0511475  
0.429385  0.404688  0.165927  
0.151193  0.728426  0.120381  
0.613969  0.255695  0.130336  
0.225621  0.47413  0.300249  
0.624284  0.0423829  0.333333  
0.50216  0.164507  0.333333  
0.119377  0.547289  0.333333  
0.170771  0.495924  0.333305  
0.0979024  0.568764  0.333333  
0.687803  0.312197  6.44786e-08  
0.00278596  0.0107668  1.00662  
0.286251  0.380477  0.333271  
0.676778  0.125557  0.197665  
0.907151  6.96162e-11  0.0928488  
0.81239  0.121371  0.0662387  
0.744676  0.2551  0.000224175  
1.58078e-17  6.10921e-17  1.09204  
0.551362  0.175879  0.272759  
0.380323  0.429656  0.190021  
0.194946  0.471732  0.333322  
0.705678  0.181401  0.112921  
4.24637e-22  0.762044  0.237956  
0.327352  0.60876  0.0638884  
0.462369  0.2043  0.333331  
0.263704  0.544139  0.192157  
0.735749  0.12296  0.141291  
0.399538  0.267129  0.333333  
0.214954  0.451714  0.333331  
0.629465  0.130407  0.240128  
0.764971  0.196643  0.0383867  
0.313462  0.686504  3.37932e-05  
0.442843  0.223886  0.333271  
0.053567  0.878851  0.0675816  
0.245034  0.752017  0.00294934  
0.667145  0.250876  0.0819794  
0.567562  0.286939  0.145498  
0.833688  0.166279  3.37932e-05  
5.05804e-08  0.666667  0.333333  
0.408623  0.318669  0.272708  
0.00074428  0.931674  0.0675816  
8.46179e-08  0.839468  0.160532  
0.318886  0.420934  0.26018  
0.479402  0.439861  0.0807367  
0.143354  0.856646  0  
0.644316  0.022593  0.333091  
0.514554  0.27404  0.211406  
0.0539604  0.704959  0.24108  
0.417933  0.475974  0.106093  
0.302327  0.697672  7.19307e-07  
0.772814  0  0.227186  
0.517975  0.148691  0.333333  
0.146543  0.765352  0.0881045  
0.139536  0.52713  0.333333  
0.368997  0.297676  0.333327  
0.510658  0.465986  0.023356  
0.496513  0.170154  0.333333  
0.415567  0.301568  0.282865  
0.307776  0.434847  0.257377  
0.453231  0.213435  0.333333  
0.800688  0.199312  0  
0.572925  0.0937419  0.333333  
0.377098  0.376262  0.24664  
0.252844  0.720567  0.0265891  
0.110533  0.888989  0.000478748  
0.0369211  0.926188  0.036891  
0.831897  0.0947299  0.0733736  
0.42552  0.492072  0.0824082  
0.377443  0.622507  4.9125e-05  
0.736506  0.263445  4.90651e-05  
0.590043  0.0766235  0.333333  
0.911792  2.29539e-07  0.088208  
0.468318  0.531664  1.7572e-05  
0.177782  0.687069  0.13515  
2.29119e-19  8.86437e-19  1.08307  
0.0402628  0.813598  0.146139  
0.137364  0.683019  0.179617  
0.0587354  0.607937  0.333327  
0.946117  0.0538827  3.55603e-07  
0.179873  0.486794  0.333333  
0.220821  0.445846  0.333333  
0.387887  0.27878  0.333333  
4.14034e-22  0.743015  0.256985  
0.329846  0.336821  0.333333  
0.601429  0.349992  0.0485791  
0.753032  0.0578558  0.189113  
0.160834  0.505833  0.333333  
0.507596  0.237687  0.254717  
0.394943  0.453322  0.151734  
1  0  0  
0.153074  0.583705  0.263221  
0.020318  0.646349  0.333333  
0.238897  0.42777  0.333333  
0.679354  0.320645  1.54544e-06  
0.605817  0.207613  0.18657  
0.648979  0.0178273  0.333194  
0.00278434  0.0107606  1.00604  
5.57234e-22  1  0  
0.726362  0.129139  0.144499  
5.01487e-22  0.899958  0.100042  
4.45685e-22  0.799816  0.200184  
0.188153  0.62723  0.184617  
0.745625  0.168933  0.0854428  
0.677137  0.153416  0.169447  
0.100878  0.565793  0.333329  
0.120967  0.545705  0.333328  
0.238161  0.485739  0.2761  
0.666855  0  0.333145  
0.0468507  0.707447  0.245702  
0.321249  0.515472  0.163279  
0.554431  0.252353  0.193216  
0.476259  0.190408  0.333333  
0.0794615  0.587205  0.333333  
0.111446  0.842962  0.0455913  
0.611279  0.130832  0.25789  
0.866488  0.133024  0.00048765  
0.472899  0.354509  0.172592  
0.34671  0.319957  0.333333  
0.0992815  0.750949  0.14977  
0.283858  0.382809  0.333333  
0.571858  0.428093  4.9125e-05  
0.217222  0.555592  0.227186  
0.409605  0.257061  0.333333  
0.706774  0  0.293226  
0.501952  0.398368  0.0996795  
0.0403469  0.62632  0.333333  
0.30632  0.360347  0.333333  
0.674579  0.0859693  0.239452  
0.20107  0.465597  0.333333  
0.61213  0.289696  0.0981743  
0.314399  0.613397  0.0722044  
0.543032  0.182366  0.274601  
0.203622  0.796378  1.59323e-08  
0.264117  0.40255  0.333333  
0.854656  0.00833443  0.137009  
0.630562  0.0361051  0.333333  
0.526614  0.318618  0.154767  
0.433378  0.233289  0.333333  
0.554248  0.112425  0.333327  
0.22578  0.693565  0.0806552  
0.0791682  0.64623  0.274601  
3.71493e-22  0.666673  0.333327  
0.418145  0.398942  0.182913  
0.706101  0.23713  0.0567698  
0.357704  0.54692  0.0953754  
0.2547  0.604475  0.140825  
0.611442  0.055225  0.333333  
0.655982  0.220298  0.12372  
0.536391  0.130275  0.333333  
0.103097  0.56357  0.333333  
0.538257  0.12841  0.333333  
0.226906  0.439761  0.333333  
1  0  0  
0.306034  0.568974  0.124992  
0.666667  3.81061e-10  0.333333  
0.552255  0.281452  0.166293  
0.353695  0.507541  0.138764  
0.26119  0.650502  0.0883078  
3.04545e-08  0.793518  0.206482  
0.205708  0.794036  0.000256068  
0.366553  0.560432  0.0730152  
0.695772  0.304228  4.98862e-08  
5.57234e-22  1  0  
0.770213  0.166169  0.0636181  
0.490337  0.44212  0.0675433  
0.348782  0.386909  0.264308  
0.390317  0.27635  0.333333  
0.432678  0.233989  0.333333  
0.125893  0.540774  0.333333  
0.0638905  0.885212  0.0508973  
0.461556  0.537106  0.00133813  
0.51194  0.485586  0.00247382  
0.463004  0.34511  0.191886  
0.904457  0.0319246  0.0636181  
0.0132483  0.725727  0.261024  
3.39494e-08  0.843586  0.156414  
0.628041  0.245901  0.126058  
0.700847  0.226137  0.0730152  
0.0376962  0.62897  0.333333  
0.948406  0  0.0515944  
0.349451  0.317215  0.333333  
0.420769  0.489045  0.090186  
0.57835  0.42165  4.2088e-09  
0.0503776  0.949616  6.3012e-06  
0.250042  0.416625  0.333333  
0.267666  0.721354  0.0109796  
0.433856  0.290104  0.27604  
0.756798  0.243202  1.06938e-08  
0.317255  0.469527  0.213218  
0.14993  0.782527  0.0675433  
0.660724  0.0865544  0.252721  
0.367813  0.298854  0.333333  
0.619902  0.0467654  0.333333  
0.149322  0.659536  0.191142  
0.738939  0.141378  0.119683  
0.263876  0.542721  0.193403  
0.598757  0.0679093  0.333333  
0.231687  0.610776  0.157537  
0  0  1.06584  
0.787661  0.0739842  0.138355  
0.500175  0.27049  0.229335  
0.413766  0.252901  0.333333  
0.12165  0.87835  1.60078e-07  
0.536029  0.358424  0.105547  
0.793348  4.12759e-07  0.206652  
0.464174  0.405782  0.130044  
0.179718  0.486949  0.333333  
0.922175  0.0773651  0.000459415  
0.539718  0.179321  0.280961  
0.571455  0.228317  0.200228  
0.199432  0.467236  0.333333  
0.840831  0.159169  4.42241e-08  
3.71195e-08  0.922359  0.0776414  
0.703317  0.0361059  0.260577  
0.72784  0.0687611  0.203399  
0.403145  0.59685  4.20535e-06  
5.56499e-10  0.666667  0.333333  
0.472273  0.194394  0.333333  
0.1883  0.748847  0.0628532  
0.268687  0.39798  0.333333  
0.638333  0.0283703  0.333297  
0.33015  0.66985  0  
0.0792476  0.587419  0.333333  
0.00278434  0.0107606  1.00604  
0.327932  0.338735  0.333333  
0.677871  0.14682  0.175308  
0.057365  0.609302  0.333333  
0.111952  0.611972  0.276077  
0.629153  0.357789  0.0130586  
0.168815  0.706193  0.124992  
0.580453  0.0862507  0.333296  
0.559218  0.107449  0.333333  
0.150773  0.515896  0.333331  
0.0645232  0.670293  0.265184  
0.287454  0.379213  0.333333  
0.60633  0.322997  0.0706726  
0.0748204  0.73953  0.18565  
0.243629  0.484056  0.272315  
0.0189305  0.647736  0.333333  
0.451451  0.215216  0.333333  
0.191109  0.582525  0.226366  
0.306642  0.360025  0.333333  
0.0780218  0.813554  0.108424  
0.610077  0.168672  0.221251  
0.492325  0.174342  0.333333  
0.840213  0.0867357  0.0730514  
0.390099  0.404478  0.205423  
0.512758  0.153908  0.333333  
0.873151  7.24267e-05  0.126777  
0.707959  0.292041  0  
0.0616841  0.604983  0.333333  
4.97397e-22  0.892617  0.107383  
0.651444  0.324712  0.0238439  
0.457621  0.209046  0.333333  
0.753385  0.0278323  0.218783  
0.290409  0.376257  0.333333  
0.0914285  0.906534  0.00203768  
0.227381  0.439286  0.333333  
0.708239  0.0092413  0.28252  
0.105119  0.561547  0.333333  
0.436195  0.462902  0.100903  
0.377928  0.622063  9.67157e-06  
0.22216  0.777799  4.03379e-05  
0.308221  0.691752  2.78398e-05  
0.491364  0.395399  0.113237  
0.371917  0.29475  0.333333  
0.414208  0.522793  0.0629996  
0.126899  0.539768  0.333333  
0.501943  0.164723  0.333333  
0.594397  0.0722702  0.333333  
0.529628  0.320825  0.149547  
0.5797  0.346976  0.0733237  
0.485232  0.25669  0.258079  
0.0497498  0.670018  0.280232  
0.0632032  0.851205  0.0855923  
0.438962  0.555037  0.00600121  
0.177251  0.551281  0.271468  
0.834661  0.165339  4.21926e-07  
0.238093  0.615056  0.14685  
0.933733  0.0518943  0.0143724  
0.666667  4.21885e-15  0.333333  
0.537008  0.184403  0.278589  
0.149374  0.517292  0.333333  
0.623956  0.0427104  0.333333  
0.393079  0.336007  0.270913  
0.72586  0.241395  0.0327452  
0.396276  0.270391  0.333333  
0.437286  0.229381  0.333333  
0.31213  0.354536  0.333333  
0.570733  0.0959341  0.333333  
0.650585  0.0160821  0.333333  
0.331961  0.334705  0.333333  
0.365153  0.486866  0.147981  
0.219992  0.567841  0.212167  
0.107994  0.624137  0.267869  
1  0  0  
0.174751  0.751925  0.0733237  
0.154177  0.610564  0.235259  
0.612517  0.252669  0.134814  
0.476079  0.307261  0.216659  
0.677288  0.0995371  0.223175  
0.0861256  0.777831  0.136043  
0.081099  0.585568  0.333333  
0.763336  0.174504  0.0621603  
0.52558  0.141089  0.333331  
0.0223877  0.935089  0.0425234  
0.449343  0.371581  0.179076  
0.0223099  0.644357  0.333333  
0.415173  0.251494  0.333333  
0.545997  0.432959  0.0210438  
0.163969  0.502697  0.333333  
0.786502  0.105605  0.107893  
0.632949  0.187975  0.179076  
0.871278  0.0861741  0.0425482  
0.479231  0.187435  0.333333  
0.300704  0.540678  0.158619  
0.90202  1.01294e-05  0.0979695  
0.288602  0.664714  0.046684  
0.2109  0.455767  0.333333  
0.296942  0.437218  0.26584  
0.224729  0.673544  0.101728  
0.701793  0.188392  0.109816  
0.550696  0.115971  0.333333  
0.184956  0.48171  0.333333  
0.666611  0.27039  0.0629996  
0.735429  0.0977612  0.166809  
0.321449  0.589675  0.0888758  
0.544849  0.242537  0.212614  
0.603066  0.396906  2.78398e-05  
0.388842  0.414148  0.19701  
0.00278434  0.0107606  1.00604  
0.269314  0.397353  0.333333  
0  0  1.05893  
0.0901579  0.71417  0.195673  
0.156867  0.829099  0.0140338  
0.808369  0.000529697  0.191102  
0.840393  0.0256862  0.133921  
0.352006  0.314661  0.333333  
0.262059  0.502682  0.235259  
0.325943  0.38984  0.284217  
0.00588461  0.805214  0.188901  
0.00053011  0.739952  0.259518  
8.00907e-12  0.666667  0.333333  
0.249222  0.417444  0.333333  
0.0460795  0.620587  0.333333  
5.57234e-22  1  0  
0.183246  0.665375  0.151379  
0.610911  0.130685  0.258404  
0.513184  0.486816  0  
0.544165  0.455835  0  
0.488856  0.498385  0.0127588  
0.380247  0.28642  0.333333  
5.13487e-22  0.921491  0.0785089  
0.29308  0.373591  0.333329  
3.71644e-22  0.666943  0.333057  
0.340965  0.325702  0.333333  
0.662374  0.123006  0.21462  
0.128723  0.537945  0.333332  
0.207366  0.4593  0.333333  
0.595129  0.0715425  0.333329  
0.234529  0.432139  0.333332  
0.547837  0.11883  0.333333  
0.311967  0.594019  0.0940143  
0.458727  0.207941  0.333332  
0.00877755  0.709248  0.281974  
0.557356  0.329485  0.11316  
4.72521e-22  0.847975  0.152025  
0.0833817  0.583286  0.333332  
0.739262  0.0803331  0.180405  
0.0394898  0.86645  0.0940604  
0.22848  0.542  0.22952  
0.500655  0.274264  0.225081  
0.127079  0.860162  0.0127588  
0.188874  0.811126  0  
0.17063  0.73531  0.0940604  
0.670242  0.269723  0.0600351  
0.810611  0.000534817  0.188854  
0.469712  0.367566  0.162723  
0.0642138  0.746636  0.189151  
0.00278434  0.0107606  1.00604  
0.931778  0  0.0682224  
0  0  1.05461  
1  0  0  
0.477619  0.189048  0.333333  
0.851961  0.0752266  0.0728121  
0.411825  0.254842  0.333333  
0.0840145  0.671412  0.244573  
0.599539  0.154201  0.24626  
0.722761  0.277239  0  
0.401668  0.5036  0.0947322  
0.619377  0.380035  0.000588124  
0.650075  0.331912  0.0180124  
0.447425  0.425889  0.126686  
0.423804  0.299342  0.276855  
0.281617  0.718352  3.08362e-05  
0.362666  0.458317  0.179017  
0.861094  0.138906  2.46914e-08  
0.862739  0.01336  0.123901  
0.25317  0.413501  0.333329  
0.331255  0.534167  0.134577  
0.107172  0.5595  0.333329  
0.146523  0.520144  0.333333  
0.434328  0.56283  0.00284221  
0.0194112  0.64731  0.333278  
0.215936  0.608437  0.175627  
0.527875  0.204228  0.267898  
0.360988  0.305679  0.333333  
0.760336  0.151816  0.0878485  
0.571333  0.0953354  0.333332  
0.9289  0.0711003  0  
0.499018  0.16765  0.333332  
0.226799  0.491322  0.281879  
0.438591  0.228075  0.333333  
0.125997  0.597023  0.27698  
0.790707  0.100158  0.109135  
0.385536  0.375636  0.238828  
0.634491  0.23194  0.133569  
0.388314  0.574914  0.0367721  
0.747915  0.00759218  0.244492  
0.59926  0.312891  0.0878485  
0.0377681  0.628899  0.333333  
0.0967024  0.796594  0.106703  
0.0890504  0.91095  0  
0.528615  0.400033  0.0713516  
0.671112  0.059258  0.26963  
0.666671  0  0.333329  
0.217152  0.751768  0.0310798  
0.678763  0.157418  0.163819  
0.523393  0.143274  0.333332  
0.614484  0.0521838  0.333332  
0.587428  0.226518  0.186054  
0.232511  0.679145  0.0883441  
0.138217  0.696843  0.16494  
0.817412  0.180233  0.00235491  
0.0609993  0.605667  0.333333  
0.361793  0.638207  8.23345e-09  
0.273935  0.392733  0.333333  
5.57234e-22  1  0  
0.166231  0.500436  0.333333  
0.312733  0.434872  0.252395  
0.188285  0.478382  0.333333  
0.646842  0.0198257  0.333332  
0.738933  0.220882  0.0401847  
0.15763  0.641038  0.201333  
0.2928  0.519676  0.187524  
4.281e-22  0.768258  0.231742  
0.627423  0.0392481  0.333329  
0.318902  0.347768  0.333329  
0.286929  0.653036  0.0600351  
0.0870588  0.579608  0.333333  
0.0990062  0.708139  0.192855  
0.275681  0.390986  0.333333  
0.812911  0.0582265  0.128862  
0.716471  0.199382  0.0841471  
0.404902  0.355955  0.239143  
0.336071  0.656013  0.00791584  
0.45002  0.216647  0.333333  
0.186352  0.758805  0.0548435  
0.570713  0.332269  0.0970181  
5.0136e-22  0.899728  0.100272  
3.23066e-08  0.763911  0.236089  
0.865492  0.0652182  0.0692899  
0.132678  0.845657  0.0216651  
0.264254  0.600302  0.135444  
0.0275101  0.688301  0.284189  
0.286035  0.71375  0.000215001  
0.842693  0  0.157307  
0.234366  0.4323  0.333333  
0.644724  0.0219429  0.333333  
0.952562  0.0395217  0.00791584  
0.424145  0.527502  0.0483533  
0.350684  0.414068  0.235247  
0.107164  0.559502  0.333333  
5.57234e-22  1  0  
0.675627  0.324338  3.52659e-05  
0.480678  0.519321  2.8177e-07  
0.19032  0.476347  0.333333  
0  0  1.04632  
0.00278315  0.010756  1.00561  
0.062773  0.937073  0.000153941  
0.419656  0.2986  0.281744  
0.134328  0.532339  0.333333  
0.773511  0.032915  0.193574  
0.146522  0.520144  0.333333  
0.661222  0.22247  0.116308  
0.621443  0.185472  0.193085  
0.161749  0.603004  0.235247  
0.664989  0.00167778  0.333333  
0.785118  0.145592  0.0692899  
0.41075  0.467895  0.121355  
0.352403  0.314264  0.333333  
0.480582  0.397525  0.121893  
0.480724  0.256215  0.263062  
0.284713  0.455843  0.259444  
0.695901  0.0516993  0.2524  
0.406124  0.260542  0.333333  
0.204787  0.512527  0.282686  
0.317798  0.348868  0.333333  
0.0576643  0.609002  0.333333  
0.600675  0.0659914  0.333333  
0.0185424  0.922879  0.0585785  
0.557881  0.108786  0.333333  
0.323659  0.508026  0.168315  
0.515825  0.150842  0.333333  
0.630427  0.105304  0.264269  
0.0413887  0.625278  0.333333  
0.493121  0.173545  0.333333  
0.169354  0.497313  0.333333  
0.147507  0.74543  0.107063  
0.307214  0.623496  0.0692899  
0.74297  0.108332  0.148698  
0.0682817  0.788494  0.143224  
0.2485  0.538045  0.213456  
0.588629  0.400146  0.0112243  
0.38147  0.285197  0.333333  
0.81991  0.18009  2.8177e-07  
0.487639  0.448029  0.0643325  
0.630555  0.300155  0.0692899  
0.544781  0.455218  3.6078e-07  
0.574059  0.258713  0.167227  
0.74608  0.242695  0.0112243  
0.410616  0.589352  3.13893e-05  
0.332402  0.33431  0.333287  
0.470125  0.196542  0.333333  
0.360538  0.543907  0.0955555  
0.0823511  0.836398  0.0812506  
0.50595  0.326013  0.168036  
0.536848  0.129819  0.333333  
0.428018  0.238648  0.333333  
0.256305  0.410361  0.333333  
0.224866  0.686618  0.0885164  
0.177839  0.662771  0.15939  
0.297039  0.369628  0.333333  
0.0872735  0.64955  0.263177  
0.561605  0.203147  0.235247  
0.209914  0.456752  0.333333  
0.669803  0.123385  0.206812  
0.0210049  0.645662  0.333333  
4.63867e-22  0.832445  0.167555  
0.197145  0.802755  0.000100078  
0.391609  0.424114  0.184277  
0.580381  0.151706  0.267913  
0.908851  0  0.0911486  
0.889071  0.110906  2.33166e-05  
1  0  0  
2.42686e-09  0.666667  0.333333  
0.752327  0  0.247673  
0.579009  0.0876578  0.333333  
0.62339  0.0432769  0.333333  
