3.39786  0.927318  
0.384103  4.11752  
4.23541  0.934516  
4.3917  1.03396  
1.88684  2.36954  
0.124835  3.5298  
4.76193  0.260624  
0.203686  4.10477  
2.05998  2.96784  
3.95864  0.291046  
1.73813  3.14523  
2.30711  2.8936  
0.812674  4.08075  
4.27116  0.301755  
2.68406  0.961337  
2.30601  2.94248  
4.00783  0.632017  
0.418507  4.25682  
4.45067  0.15212  
0.877366  3.48127  
4.81673  0.450265  
0.236281  5.01666  
1.01848  3.2813  
3.09912  1.47493  
0.400083  5.06868  
0.171914  4.24252  
3.94104  0.964459  
2.02068  1.88523  
0.428035  3.44292  
2.77289  1.24681  
0.135031  5.08309  
3.79682  0.577945  
1.16627  3.42689  
1.00454  4.40436  
3.9536  0.700421  
3.31555  0.768773  
3.01196  0.732324  
1.52649  2.72483  
2.64403  1.31819  
3.20771  0.973369  
2.62023  2.79248  
2.9201  0.964455  
2.45436  1.56902  
4.67476  0.831186  
2.2618  1.76972  
4.49475  0.973151  
0.786654  5.11866  
0.386622  4.10967  
1.50606  3.13417  
4.3164  0.845462  
4.62629  0.387086  
2.47552  1.37207  
3.09094  0.904343  
2.46871  1.77784  
2.35501  1.5638  
2.17349  2.84171  
2.8519  0.983111  
3.271  0.888976  
1.02878  3.72079  
2.09874  0.996517  
4.09079  0.845254  
1.3211  3.1803  
0.440406  4.56877  
0.945813  3.43625  
4.97249  0.158204  
1.97362  1.56058  
2.02607  2.24762  
3.75167  0.657976  
2.43279  1.42158  
1.50626  3.17418  
0.56113  4.73838  
1.8953  3.30143  
4.67874  0.556216  
1.0818  4.38739  
3.34318  0.796358  
3.06097  0.839654  
1.34903  4.02126  
1.33285  2.93943  
1.50647  2.88534  
4.15178  0.771265  
0.53573  3.87807  
3.48212  0.315804  
1.14321  3.3838  
0.386888  4.03953  
2.47802  1.37913  
0.434461  3.63382  
0.69444  3.14038  
2.64099  1.78461  
2.40601  1.70258  
1.38752  3.42474  
4.08729  0.993265  
2.4602  2.66836  
1.90788  1.81216  
2.03274  3.64928  
1.85364  1.8036  
1.33688  3.04538  
0.79503  3.0135  
1.94979  3.11752  
0.722333  3.46891  
4.06978  0.73495  
0.188523  5.39528  
4.95444  0.000337756  
1.51307  0.380954  
6.05786  0.0142018  
0.413531  3.70658  
6.20226  0.0124992  
2.07908  0.763364  
2.55993  0.854667  
5.69141  0.147209  
1.91146  0.643605  
5.59349  0.165069  
2.20888  0.560781  
6.01587  0.0509149  
5.45212  0.109551  
6.17316  0.15967  
6.19524  0.0124851  
5.59999  0.014415  
0.565945  5.30396  
5.38448  0.071609  
1.28663  0.326283  
4.50133  0.000163936  
0  4.59371  
1.12373  3.49802  
1.11965  0.2819  
5.01601  2.85291e-10  
0.415468  3.72395  
4.5471  9.15052e-05  
0.458877  3.70198  
0.0330379  4.42238  
4.38254  0.00236342  
4.6772  7.14778e-09  
1.16957  0.296599  
0.735821  4.56172  
5.01126  9.80966e-11  
0  4.4259  
4.05712  0.195412  
4.50079  3.32167e-09  
0.0167222  4.07799  
0.00422631  4.52821  
0.436502  4.67995  
0.409379  3.66937  
1.41268  0.357796  
0.210724  3.98808  
4.46092  2.80813e-13  
0.725281  3.36415  
0  4.05786  
4.05989  0.18833  
5.45919e-05  4.62021  
1.06861  3.77218  
1.28018  0.324648  
0.0238999  4.03332  
0.927568  3.10183  
4.67363  0.0034025  
0.565667  3.50685  
1.78309  0.452682  
6.12144e-05  4.31633  
6.05786  0.0142018  
1.50829  6.81155e-05  
0.210597  3.98568  
4.2794  0.000445094  
0.618772  3.47578  
0.393464  4.18484  
0.484645  3.82877  
0.0187354  4.56895  
4.60143  0.00331238  
1.24412  3.27595  
5.50239  0.00175615  
4.50677  0.132281  
4.7209  7.21456e-09  
4.4827  0.244694  
0.00273388  1.14876  
5.54336  0.0254752  
0.385846  4.37976  
0.47902  3.95102  
0  4.93491  
4.84781  0.0984982  
5.20067  4.77775e-09  
0.000827951  4.85109  
4.59315  0.0921892  
0.622285  4.12985  
4.61428  0.0155613  
5.10044  3.78326e-06  
0.903168  0.228749  
5.87103  5.3936e-09  
0.134737  4.89306  
0.737181  3.64737  
4.96221  0.0222796  
5.49707  0.00296447  
0.0539993  5.01262  
5.13221  0.00369446  
1.43404  0.360161  
0.322813  5.11686  
0.903565  4.56473  
5.65461  0.357404  
5.14474  0.0120612  
0.282712  5.87  
5.22458  0.00380359  
5.12467  0.323909  
1.74351  0.438974  
0.543283  5.2994  
0.142767  2.53838  
0.0216562  2.71336  
3.01627  0.20616  
0.0596857  2.55438  
0.965684  0.243593  
2.84693  0  
3.60251e-20  3.67192  
2.55673  2.82681e-06  
2.34383  0.160199  
0.923598  1.92671  
2.3885  0.0976499  
2.47958  0.000701904  
0.000385572  2.50014  
0.95812  0.242693  
0  3.09916  
0.182071  2.31892  
2.7196  0  
2.31566  0.139113  
2.44173  0.00900997  
0.95276  0.241333  
2.47302e-20  2.52067  
0.453596  1.82047  
2.47101  2.74337e-16  
2.14114  0.230389  
2.38214  6.19385e-07  
0.482206  2.24336  
1.66311e-08  2.37599  
2.45917  0.013629  
2.29309  0.0546942  
0  2.6791  
2.71552  0  
0.138661  2.21098  
2.24964  0.0788156  
0.306398  2.04627  
0.175614  2.17683  
0.797886  1.43862  
0.557811  1.81799  
2.15833  0.140069  
2.24078  0.134615  
1.0681  3.81165e-07  
2.38471  0  
0  2.38867  
2.36329  1.78679e-13  
2.23101  0.114762  
0.829575  0.210132  
0.95252  0.241274  
2.45698  0.000513649  
0.0527514  2.25761  
2.45335  0.000290793  
2.28394  0.000131281  
0.366061  1.97504  
1.23182e-08  2.75154  
0.717215  1.51803  
2.39886  0.0151275  
2.15322  0.196122  
2.74089  2.1301e-15  
3.5884e-05  2.38076  
0.231821  2.11254  
1.07642e-08  2.40441  
0.19243  2.22092  
0.866829  1.30915  
0.605201  1.6807  
2.24859e-09  2.51163  
0.127517  2.26724  
1.69474e-08  2.42118  
2.4239  0.00144261  
0.556215  1.87019  
0.434435  2.15086  
0.0129412  2.41468  
0.262407  2.14527  
0.816323  1.47187  
2.27229  0.155309  
0.726727  1.75908  
0.438314  2.06704  
0.593331  1.83273  
5.68437e-05  1.13344  
0.192089  2.29663  
2.32363  0.0230358  
2.19627  0.213126  
0.478365  2.02858  
0.102968  2.32862  
0  2.76986  
2.55571  8.95346e-08  
0.787787  1.57183  
2.15459  0.218945  
0.814683  1.75091  
2.47163  6.42652e-07  
0.560776  1.81146  
0.154914  2.24098  
2.38381  0.014475  
2.49715  1.94067e-15  
2.71845  0  
0.955374  0.242167  
1.74696e-08  2.49579  
0.160251  2.31819  
0.699286  1.95508  
2.34842  0.068265  
0.117762  2.35199  
0.852966  1.70188  
2.32073  0.132041  
0.856173  1.27679  
2.05164  0  
2.0384  0.00122074  
1.83194  0.231521  
0.733041  1.29865  
1.85282  0.177512  
0.316558  1.76973  
2.00716  0.0451537  
0.417129  1.62262  
0.619899  1.41822  
0.368238  1.70756  
1.86309  0.163901  
0.691674  1.3382  
0.891169  1.14187  
0.198657  1.95103  
1.94033  0.0775935  
0.558518  1.46314  
0  2.09292  
0.277557  1.78924  
0.741708  1.2666  
1.44785  0.0956947  
0.0800583  1.45827  
0  1.94663  
0.671706  0.860636  
0.155137  1.36517  
0.0135565  1.51031  
1.5262  0.000199542  
1.36589  0.144047  
1.46108  0.0699027  
0.502317  0.995399  
0.383862  1.5538  
0.0505312  1.46429  
1.49908  0.0337238  
0.255087  1.22578  
0.00213099  1.54018  
1.56545  9.55898e-15  
1.32718  0.167729  
0.194953  1.35426  
0.765504  0.771053  
0.617542  0.900568  
1.54724  0  
1.01506  6.19821e-15  
0.74441  0.784028  
0.733715  0.79471  
0.139844  1.37342  
0.353537  1.69887  
0  1.52456  
0.437442  1.56104  
0.00139707  1.00974  
1.40571  0.104536  
0.496957  0.516686  
0.505102  1.45464  
1.51682  2.18921e-15  
5.88131e-05  1.52959  
0.644863  0.869824  
0.937536  0.237479  
8.22379e-05  1.97735  
0.386388  1.0374  
1.51816  0.00090918  
0.693741  0.825869  
1.61056  0  
0.199575  1.28654  
0.319029  1.14487  
0.586297  0.92349  
0.109851  1.41003  
1.37769  0.140669  
0.713847  0.824577  
0.938897  0.237823  
0.00359314  1.52745  
0.250086  1.78142  
1.44555  0.0995053  
0.938495  0.237722  
2.04135  2.94627e-15  
0.814729  0.206372  
1.56514  0.000989274  
0.658339  0.878474  
0.646665  0.872358  
0.274084  1.25125  
0.000862838  1.90909  
0.0266047  2.03752  
0.133292  1.4256  
0.719731  0.847594  
0.592216  1.42896  
0.635975  0.948418  
0.304043  1.72297  
1.62769  0  
0  2.04674  
2.02564  0.00880118  
0.0865135  1.91615  
1.64829  1.09798e-15  
0  2.06055  
0.242873  1.78812  
0.0106192  2.08054  
0.170876  1.83301  
0.627455  1.35065  
0.0127896  2.02384  
0.614625  1.40466  
0.341305  1.71347  
1.77806  0  
0.943399  0.238962  
0.0772784  0.922887  
0.131588  0.868592  
0.107728  0.892466  
0.974706  0.0255125  
0.147475  0.852648  
0.939026  0.0613059  
0.0691606  0.93106  
0.83231  0.167889  
0.139394  0.860778  
0.0228856  0.977369  
0.893793  0.10641  
0.957674  0.0425945  
0.838782  0.161441  
0.319256  0.680939  
0.855528  0.144663  
0.0926003  0.907549  
0.993672  0.00654632  
0.423598  0.576591  
0.438145  0.562056  
0.48364  0.516548  
0.919903  0.0803128  
0.263108  0.737058  
0.358662  0.641542  
0.913547  0.086642  
0.46041  0.539791  
1.00018  6.45618e-09  
0.187045  0.813181  
0.231224  0.769035  
0.382811  0.617369  
0.825535  0.174682  
0.444563  0.555686  
0.392541  0.607719  
0.0375068  0.962759  
0.211158  0.788977  
0.367536  0.632653  
0.431609  0.568592  
0.375019  0.62521  
0.0850243  0.915127  
0.948863  0.0513314  
0.475941  0.524283  
0.0073984  0.992854  
0.217287  0.782892  
0.0298601  0.970337  
0.849907  0.150315  
0.987374  0.012838  
0.291341  0.708828  
0.0153408  0.984829  
0.886597  0.113597  
0.861589  0.138582  
0.25638  0.743832  
0.843617  0.156843  
0.327334  0.672858  
0.906155  0.0941997  
0.400016  0.600157  
0.124407  0.875758  
0.407786  0.592408  
0.350321  0.649899  
0.820246  0.179991  
0.164272  0.835958  
0.335843  0.664378  
0.467773  0.532458  
0.499664  0.500578  
0.223545  0.776668  
0.303837  0.696387  
0.194569  0.805651  
0.0461363  0.95403  
0.0609973  0.939175  
0.813756  0.186421  
0.28579  0.714356  
0.116876  0.883459  
0.241143  0.759093  
8.01172e-08  1.00034  
0.808058  0.192238  
0.27822  0.721955  
0.867308  0.132966  
0.926553  0.0736625  
0.247665  0.752487  
0.491827  0.508413  
0.983274  0.0169395  
0.929948  0.0702676  
0.202733  0.797473  
0.386578  0.613593  
0.171646  0.82862  
0.453005  0.547236  
0.295797  0.70437  
0.179029  0.821181  
0.342818  0.657434  
0.874981  0.125312  
0.898921  0.101327  
0.235077  0.765159  
0.100769  0.899407  
0.8005  0.199731  
0.155964  0.844194  
0.965846  0.0343614  
0.943509  0.0568121  
0.312547  0.687574  
0.878538  0.121693  
0.0553689  0.944874  
0.416197  0.583956  
0.269729  0.730427  
0.227289  0.772711  
0.108996  0.891004  
0.0635188  0.936481  
0.20383  0.79617  
0.0155538  0.984446  
0.827666  0.172334  
0.992981  0.00701937  
0.452542  0.547458  
0.437742  0.562258  
0.49999  0.50001  
0.486647  0.513353  
0.0297889  0.970211  
0.0933396  0.90666  
0.423907  0.576093  
0.878031  0.121969  
0.479973  0.520027  
0.243484  0.756516  
0.316007  0.683993  
0.132141  0.867859  
0.322947  0.677053  
0.235286  0.764714  
0.251291  0.748709  
0.41697  0.58303  
0.864488  0.135512  
0.0859403  0.91406  
0.331161  0.668839  
0.344322  0.655678  
0.410435  0.589565  
0.175354  0.824646  
0.985592  0.0144083  
0.929906  0.0700938  
0.94972  0.0502801  
0.0523779  0.947622  
0.493315  0.506685  
0.118752  0.881248  
0.181184  0.818816  
0.857184  0.142816  
0.848175  0.151825  
0.296787  0.703213  
1  0  
0.385824  0.614176  
0.125693  0.874307  
0.188377  0.811623  
0.157759  0.842241  
0.038173  0.961827  
0.359105  0.640895  
0.978216  0.0217845  
0.91002  0.0899799  
0.917173  0.0828272  
0.901997  0.0980029  
1.09071e-16  1  
0.219698  0.780302  
0.887369  0.112631  
0.169496  0.830504  
0.942991  0.0570092  
0.163671  0.836329  
0.0699902  0.93001  
0.0583564  0.941644  
0.045941  0.954059  
0.289727  0.710273  
0.145099  0.854901  
0.970761  0.0292394  
0.309091  0.690909  
0.459969  0.540031  
0.21195  0.78805  
0.379262  0.620738  
0.266812  0.733188  
0.95589  0.0441098  
0.302871  0.697129  
0.96303  0.0369697  
0.35188  0.64812  
0.473526  0.526474  
0.894601  0.105399  
0.0784783  0.921522  
0.800003  0.199997  
0.395329  0.604671  
0.100752  0.899248  
0.0225927  0.977407  
0.811981  0.188019  
0.819994  0.180006  
0.842437  0.157563  
0.282785  0.717215  
0.00759114  0.992409  
0.274609  0.725391  
0.870964  0.129036  
0.259131  0.740869  
0.467251  0.532749  
0.138663  0.861337  
0.402755  0.597245  
0.195617  0.804383  
0.429872  0.570128  
0.806718  0.193282  
0.151602  0.848398  
0.371736  0.628264  
0.924214  0.075786  
0.445738  0.554262  
0.936049  0.0639506  
0.365035  0.634965  
0.835059  0.164941  
0.336931  0.663069  
0.899583  0.100417  
0.411259  0.588741  
0.135621  0.864379  
0.217915  0.782085  
0.178636  0.821364  
0.891705  0.108295  
0.319552  0.680448  
0.49999  0.50001  
0.4816  0.5184  
0.340573  0.659427  
0.273937  0.726063  
0.987772  0.0122284  
0.0226597  0.97734  
0.439535  0.560465  
0.926873  0.0731268  
0.105772  0.894228  
0.310007  0.689993  
0.812902  0.187098  
0.352456  0.647544  
0.245105  0.754895  
0.44552  0.55448  
0.914647  0.0853527  
0.418356  0.581644  
0.465189  0.534811  
0.302822  0.697178  
0.0791552  0.920845  
0.0657216  0.934278  
0.170986  0.829014  
0.851929  0.148071  
0.800003  0.199997  
0.143306  0.856694  
0.0160399  0.98396  
0.959328  0.0406723  
0.259069  0.740931  
0  1  
0.843899  0.156101  
0.156377  0.843623  
0.907961  0.0920388  
0.397182  0.602818  
1  0  
0.856897  0.143103  
0.00824551  0.991754  
0.25196  0.74804  
0.828141  0.171859  
0.325266  0.674734  
0.0425389  0.957461  
0.95225  0.0477495  
0.404175  0.595825  
0.966928  0.0330715  
0.0581514  0.941849  
0.0499171  0.950083  
0.347071  0.652929  
0.870858  0.129142  
0.288822  0.711178  
0.035426  0.964574  
0.47299  0.52701  
0.488175  0.511825  
0.072266  0.927734  
0.162963  0.837037  
0.975193  0.0248071  
0.186424  0.813576  
0.0289081  0.971092  
0.945296  0.0547038  
0.231548  0.768452  
0.129296  0.870704  
0.201385  0.798615  
0.367541  0.632459  
0.114516  0.885484  
0.836047  0.163953  
0.373972  0.626028  
0.424792  0.575208  
0.0900064  0.909994  
0.820401  0.179599  
0.993617  0.00638263  
0.388925  0.611075  
0.876748  0.123252  
0.864311  0.135689  
0.19364  0.80636  
0.451685  0.548315  
0.333689  0.666311  
0.238112  0.761888  
0.281312  0.718688  
0.457148  0.542852  
0.432715  0.567285  
0.883441  0.116559  
0.209923  0.790077  
0.981955  0.0180449  
0.921133  0.0788669  
0.494233  0.505767  
0.295668  0.704332  
0.266794  0.733206  
0.933184  0.0668156  
0.380891  0.619109  
0.361721  0.638279  
0.938969  0.0610312  
0.806733  0.193267  
0.123903  0.876097  
0.224115  0.775885  
0.0980224  0.901978  
0.150929  0.849071  
0.166258  0.833742  
0.138076  0.861924  
0.440838  0.559162  
0.950143  0.0498573  
0.189923  0.810077  
0.214382  0.785618  
0.943762  0.0562379  
0.0186056  0.981394  
0.955506  0.0444936  
1  0  
0.924292  0.0757083  
0.0572586  0.942741  
0.0389711  0.961029  
0  1  
0.102023  0.897977  
0.49999  0.50001  
0.29924  0.70076  
0.981952  0.0180484  
0.882475  0.117525  
0.25905  0.74095  
0.994698  0.00530229  
0.006703  0.993297  
0.235057  0.764943  
0.358112  0.641888  
0.0652278  0.934772  
0.918418  0.0815822  
0.109174  0.890826  
0.173715  0.826285  
0.349954  0.650046  
0.220362  0.779638  
0.0729453  0.927055  
0.93037  0.0696301  
0.250931  0.749069  
0.828544  0.171456  
0.328718  0.671282  
0.492131  0.507869  
0.937562  0.0624382  
0.0116796  0.98832  
0.342739  0.657261  
0.986793  0.0132067  
0.858344  0.141656  
0.271625  0.728375  
0.204993  0.795007  
0.40708  0.59292  
0.469749  0.530251  
0.867632  0.132368  
0.123143  0.876857  
0.159439  0.840561  
0.435295  0.564705  
0.849605  0.150395  
0.807664  0.192336  
0.903869  0.0961308  
0.974486  0.0255143  
0.182309  0.817691  
0.304877  0.695123  
0.335378  0.664622  
0.320382  0.679618  
0.456934  0.543066  
0.888855  0.111145  
0.815438  0.184562  
0.417676  0.582324  
0.835148  0.164852  
0.365947  0.634053  
0.398955  0.601045  
0.964845  0.0351548  
0.0851012  0.914899  
0.800003  0.199997  
0.197785  0.802215  
0.0947759  0.905224  
0.874645  0.125355  
0.412626  0.587374  
0.449409  0.550591  
0.373708  0.626292  
0.293028  0.706972  
0.841811  0.158189  
0.386118  0.613882  
0.116106  0.883894  
0.277247  0.722753  
0.462958  0.537042  
0.822261  0.177739  
0.0335444  0.966456  
0.379766  0.620234  
0.265798  0.734202  
0.391477  0.608523  
0.283999  0.716001  
0.477358  0.522642  
0.152332  0.847668  
0.243265  0.756735  
0.130608  0.869392  
0.14457  0.85543  
0.0774008  0.922599  
0.227682  0.772318  
0.484051  0.515949  
0.0485695  0.951431  
0.0450482  0.954952  
0.911476  0.0885244  
0.31199  0.68801  
0.0268914  0.973109  
0.425336  0.574664  
0.896312  0.103688  
0.25969  0.74031  
0.176839  0.823161  
0.979239  0.0207613  
0.806619  0.193381  
0.845069  0.154931  
0.239646  0.760354  
0.934932  0.0650681  
0.00721936  0.992781  
0.0434002  0.9566  
0.870717  0.129283  
0.327513  0.672487  
0.233209  0.766791  
0.419731  0.580269  
0.862656  0.137344  
0.371743  0.628257  
0.473475  0.526525  
0.219016  0.780984  
0.0509375  0.949063  
0.480402  0.519598  
0.190775  0.809225  
0.342544  0.657456  
0.289315  0.710685  
0.0871556  0.912844  
0.435881  0.564119  
0.120736  0.879264  
0.226761  0.773239  
0.443533  0.556467  
0.21176  0.78824  
0.304235  0.695765  
0.108184  0.891816  
0.899552  0.100448  
0.819847  0.180153  
0.413098  0.586902  
0.927016  0.0729839  
0.957541  0.0424594  
0.296938  0.703062  
0.972193  0.0278075  
0.0803363  0.919664  
0.993048  0.0069518  
0.319964  0.680036  
0.282095  0.717905  
0.840459  0.159541  
0.348992  0.651008  
0.25341  0.74659  
0.102101  0.897899  
0.427851  0.572149  
0.312239  0.687761  
0.963881  0.0361187  
0.493388  0.506612  
0.153428  0.846572  
0.466683  0.533317  
0.985995  0.0140049  
0.357217  0.642783  
0.334637  0.665363  
0.146718  0.853282  
0.0225406  0.977459  
0.885664  0.114336  
0.499996  0.500004  
0.167685  0.832315  
0.01505  0.98495  
0.19774  0.80226  
1  0  
0.273794  0.726206  
0.0665867  0.933413  
0.385557  0.614443  
0.813212  0.186788  
0.139922  0.860078  
0.878666  0.121334  
0.892386  0.107614  
0  1  
0.20464  0.79536  
0.448296  0.551704  
0.833454  0.166546  
0.943001  0.0569985  
0.134484  0.865516  
0.114618  0.885382  
0.912973  0.0870269  
0.0361894  0.963811  
0.182105  0.817895  
0.0943728  0.905627  
0.0289327  0.971067  
0.950295  0.0497048  
0.826565  0.173435  
0.800003  0.199997  
0.855157  0.144843  
0.92015  0.0798498  
0.2669  0.7331  
0.487156  0.512844  
0.378762  0.621238  
0.127358  0.872642  
0.458699  0.541301  
0.160532  0.839468  
0.0736801  0.92632  
0.364173  0.635827  
0.399083  0.600917  
0.0588289  0.941171  
0.392854  0.607146  
0.406271  0.593729  
0.906401  0.0935991  
0.246105  0.753895  
0.807805  0.192195  
0.472457  0.527543  
0.0485357  0.951464  
0.0213992  0.978601  
0.928628  0.0713718  
0.060984  0.939016  
0.371659  0.628341  
0.166306  0.833694  
0.230387  0.769613  
0.46445  0.53555  
0.130341  0.869659  
0.0734262  0.926574  
0.150783  0.849217  
0.122577  0.877423  
0.800003  0.199997  
0.244419  0.755581  
0.41065  0.58935  
0.837178  0.162822  
0.322864  0.677136  
0.91356  0.0864403  
0.0138625  0.986137  
0.298881  0.701119  
0.105373  0.894627  
1  0  
0.137089  0.862911  
0.844698  0.155302  
0.202027  0.797973  
0.884359  0.115641  
0.966904  0.0330957  
0.335822  0.664178  
0.14423  0.85577  
0.277294  0.722706  
0.815012  0.184988  
0.42392  0.57608  
0.328743  0.671257  
0.0356644  0.964336  
0.379161  0.620839  
0.21641  0.78359  
0.456674  0.543326  
0.236834  0.763166  
0.904715  0.0952855  
0.821219  0.178781  
0.181032  0.818968  
0.486398  0.513602  
0.404412  0.595588  
0.269621  0.730379  
0.0972423  0.902758  
0.36388  0.63612  
0.222571  0.777429  
0.877366  0.122634  
0.262678  0.737322  
0.87023  0.12977  
0  1  
0.437155  0.562845  
0.173352  0.826648  
0.343041  0.656959  
0.0681584  0.931842  
0.972203  0.0277974  
0.48084  0.51916  
0.918728  0.0812722  
0.0886842  0.911316  
0.313429  0.686571  
0.951309  0.0486909  
0.350341  0.649659  
0.829185  0.170815  
0.958985  0.0410155  
0.864563  0.135437  
0.943753  0.0562469  
0.357504  0.642496  
0.897319  0.102681  
0.210208  0.789792  
0.499996  0.500004  
0.395588  0.604412  
0.444912  0.555088  
0.992898  0.00710182  
0.054656  0.945344  
0.418211  0.581789  
0.43061  0.56939  
0.450661  0.549339  
0.195377  0.804623  
0.492916  0.507084  
0.158541  0.841459  
0.248803  0.751197  
0.256348  0.743652  
0.387364  0.612636  
0.0425917  0.957408  
0.858143  0.141857  
0.028824  0.971176  
0.935743  0.0642575  
0.978297  0.0217034  
0.00673355  0.993266  
0.985406  0.0145938  
0.851919  0.148081  
0.891319  0.108681  
0.291102  0.708898  
0.188252  0.811748  
0.283916  0.716084  
0.113643  0.886357  
0.0814468  0.918553  
0.306275  0.693725  
0.383402  0.616598  
0.941385  0.0586146  
0.342664  0.657336  
0.0583978  0.941602  
0.30315  0.69685  
0.184842  0.815158  
0.288121  0.711879  
0  1  
0.170886  0.829114  
0.367764  0.632236  
0.459444  0.540556  
0.0514261  0.948574  
0.218406  0.781594  
0.271409  0.728591  
0.212557  0.787443  
0.374813  0.625187  
0.881657  0.118343  
0.0316137  0.968386  
0.107714  0.892286  
0.846328  0.153672  
0.902307  0.0976925  
0.927333  0.0726675  
0.262984  0.737016  
0.36204  0.63796  
0.135919  0.864081  
0.862657  0.137343  
0.0723529  0.927647  
0.450925  0.549075  
0.806488  0.193512  
0.948403  0.0515968  
0.493345  0.506655  
0.150784  0.849216  
0.978705  0.0212953  
0.812865  0.187135  
0.324233  0.675767  
0.350936  0.649064  
0.853425  0.146575  
0.0785725  0.921427  
0.0647423  0.935258  
0.355307  0.644693  
0.295881  0.704119  
0.800002  0.199998  
0.88986  0.11014  
0.961598  0.0384015  
0.487206  0.512794  
0.0380983  0.961902  
0.0842099  0.91579  
0.837666  0.162334  
0.330474  0.669526  
0.915225  0.0847749  
0.177799  0.822201  
0.225314  0.774686  
0.241097  0.758903  
0.954141  0.0458586  
0.468436  0.531564  
0.991082  0.00891774  
0.48032  0.51968  
0.310525  0.689475  
0.016936  0.983064  
1  0  
0.234243  0.765757  
0.970347  0.029653  
0.474529  0.525471  
0.279594  0.720406  
0.144213  0.855787  
0.391277  0.608723  
0.0932994  0.906701  
0.336538  0.663462  
0.317854  0.682146  
0.933785  0.0662147  
0.428209  0.571791  
0.0454387  0.954561  
0.129408  0.870592  
0.256133  0.743867  
0.249053  0.750947  
0.435683  0.564317  
0.00865577  0.991344  
0.206345  0.793655  
0.920851  0.0791493  
0.398855  0.601145  
0.157529  0.842471  
0.896234  0.103766  
0.0246893  0.975311  
0.874782  0.125218  
0.499996  0.500004  
0.414227  0.585773  
0.828992  0.171008  
0.406508  0.593492  
0.421152  0.578848  
0.123268  0.876732  
0.442784  0.557216  
0.908767  0.0912333  
0.820692  0.179308  
0.199733  0.800267  
0.10053  0.89947  
0.165541  0.834459  
0.115505  0.884495  
0.192003  0.807997  
0.867364  0.132636  
0.984388  0.015612  
