5.49933  5.32945  
7.50423  4.48713  
6.17657  6.51107  
6.23061  5.69545  
8.12597  5.30334  
4.78195  5.77037  
5.08616  4.80581  
5.73024  7.49619  
4.92311  4.04489  
5.90954  4.51256  
4.59696  5.97602  
9.11103  5.18916  
6.46114  6.17957  
7.98288  6.11179  
5.20503  6.58526  
6.93065  5.20552  
5.44686  6.24784  
5.03005  7.56159  
6.03842  5.8616  
6.15399  6.18127  
4.30198  5.28783  
6.83139  6.9128  
5.6232  6.68502  
5.68231  6.76977  
6.15809  6.60458  
6.97378  5.5865  
5.8282  7.58342  
5.63675  6.26796  
7.79893  7.20242  
6.49645  5.7777  
6.07503  7.32078  
5.47349  4.57011  
7.57589  4.86893  
6.2445  3.56757  
6.55509  6.43818  
4.69246  5.70394  
8.41004  6.10795  
7.58455  5.10394  
6.26442  5.25204  
3.95563  5.88809  
4.32827  5.9271  
5.96638  5.82862  
5.67722  5.22686  
5.95245  6.73929  
5.60113  5.98671  
5.8755  6.23737  
7.22534  4.59771  
8.49207  7.97605  
6.21043  5.17208  
6.90719  6.73378  
6.16509  4.76679  
4.21244  5.6737  
5.3029  5.58667  
6.14838  6.21697  
7.37389  6.03004  
6.79993  5.87743  
6.8982  5.06792  
6.44008  5.07321  
6.10083  5.06912  
7.02911  4.74158  
6.67582  6.91939  
6.81791  5.7545  
4.78415  6.85165  
4.86109  6.23385  
6.26956  8.15682  
6.27643  5.44165  
5.53046  6.18338  
5.73183  3.9719  
6.45996  3.79477  
6.71482  4.46043  
5.82155  7.39421  
6.85043  7.13994  
3.36626  5.84351  
6.48194  4.633  
6.2307  7.80119  
5.79997  8.05442  
5.73334  4.52349  
4.2192  6.81167  
7.46973  6.10683  
6.01222  4.68219  
6.6758  7.67799  
6.13151  4.73694  
6.85565  7.17158  
4.96962  4.33822  
3.4747  7.04914  
5.41786  9.08996  
4.49963  6.79367  
5.36099  4.92198  
5.72711  4.30407  
7.37663  4.18065  
4.54141  6.24957  
6.00122  5.64115  
6.17679  4.97009  
5.70385  5.28553  
5.45373  6.41815  
5.0893  6.79974  
5.15601  5.0832  
5.69222  5.24591  
7.3494  7.00912  
5.20637  5.80856  
7.28847  1.66497  
4.15589  2.7555  
3.65988  3.03723  
5.46322  1.72148  
2.47371  4.13941  
4.75553  2.38081  
5.42211  1.48868  
3.22249  3.59007  
4.76075  1.68833  
4.92964  1.50827  
1.70858  4.13973  
3.45499  2.49362  
2.66734  4.12293  
2.11013  3.53057  
4.37264  1.97846  
5.98979  1.20126  
2.85203  3.25029  
5.38035  1.21805  
2.929  2.94794  
6.76135  1.03102  
1.32482  4.35737  
3.09656  2.59208  
4.37602  0.839593  
2.68411  1.63259  
1.07028  3.17102  
2.40547  2.03855  
3.40336  1.10128  
5.79874  0.844622  
0.619949  4.49261  
3.59091  0.663697  
1.81827  2.23337  
0.810044  1.90963  
0.761394  5.14531  
1.79145  2.48545  
3.0019  2.44804  
2.99722  1.20661  
6.52759  0.610824  
1.54055  2.72776  
3.4524  1.50747  
5.04353  0.566534  
2.122  3.18591  
1.48913  2.36808  
2.7518  2.89716  
4.20357  0.611911  
0.644937  3.08135  
1.27024  0.696643  
2.58274  1.41519  
0.605595  2.76064  
3.38452  0.631736  
4.54662  0.992396  
4.03695  0.381488  
1.90333  0.502176  
1.58336  1.38136  
0.437857  2.61003  
4.07075  1.78181  
1.91928  2.07067  
4.34645  0.54075  
1.80576  2.70691  
2.7347  2.97775  
1.4912  2.35232  
1.35452  0.504807  
1.79613  2.80343  
0.476534  5.79974  
1.46189  2.45311  
5.52588  0.410355  
2.08049  1.10467  
1.53479  3.71216  
1.13614  2.67301  
3.29977  0.959259  
3.44407  1.79982  
3.84674  1.11229  
0.875353  4.69791  
3.62551  1.32947  
1.65776  2.88109  
2.9525  1.75564  
2.02182  2.56244  
4.17133  0.952591  
2.53344  2.34581  
0.743936  6.34319  
2.37617  2.47246  
1.06252  4.12313  
2.95035  1.2414  
1.90421  2.69282  
2.64582  2.66788  
2.33583  3.04235  
1.04584  4.41478  
1.24308  3.46824  
4.54384  0.973471  
1.28789  3.50081  
1.98868  3.03311  
1.01011  4.44077  
0.988127  5.05388  
4.09019  1.36567  
2.70996  2.5172  
2.83228  2.37578  
3.03339  1.80546  
4.24644  1.47222  
3.35622  2.00762  
4.64351  1.24053  
2.13901  3.42207  
1.73213  2.00317  
1.01833  5.3455  
1.12286  2.59454  
2.18759  1.28636  
1.27539  2.20915  
0.999317  2.82299  
1.37867  2.09632  
0.719196  4.68259  
1.40055  1.95987  
0.999976  2.69728  
2.0644  1.18606  
0.619462  4.88657  
2.5284  0.615917  
1.08915  2.16212  
1.59088  1.71007  
0.945445  2.40656  
2.70663  0.58743  
2.31071  0.667016  
1.3879  1.07627  
0.12896  3.58386  
0.677742  1.72437  
3.92751  0.274117  
0.221417  2.69919  
2.18637  0.509562  
0.410555  2.18267  
3.95386  0.403737  
1.68478  0.540403  
2.49536  0.339785  
2.83574  0.254321  
0.821873  1.42052  
0.107674  3.04595  
2.53847  0.304117  
0.136132  3.30274  
1.11375  1.20982  
0.198541  3.01315  
3.37836  0.249204  
0.143097  4.14393  
0.609767  1.46351  
2.96255  0.690484  
4.38307  0.245072  
2.33122  0.266202  
0.850259  1.55899  
3.13093  0.243954  
0.0298444  3.26742  
0.167363  1.45634  
0.736998  1.77995  
0.707745  2.62402  
0.174233  2.34341  
1.51655  0.757279  
0.500193  1.2951  
1.09865  0.822175  
0.795048  2.49934  
1.33175  0.616729  
0.381297  3.3743  
1.90022  0.437085  
1.75177  0.496502  
0.846392  1.29289  
0.37196  3.08501  
1.23009  0.627651  
0.371028  1.80485  
1.11266  1.45502  
2.90291  0.410677  
1.3315  0.496391  
1.91847  0.696352  
0.295  4.95548  
1.64799  0.731239  
1.24183  2.00872  
0.613106  2.66539  
0.164763  4.32639  
2.14646  0.524593  
0.410233  3.02467  
0.408494  2.59773  
2.25444  0.571795  
1.48421  1.02827  
1.68514  0.971371  
0.64028  3.3017  
1.62069  1.15365  
4.26193  0.324241  
1.4252  1.32013  
1.93174  0.814505  
1.85431  0.93652  
0.690326  1.84022  
3.58765  0.489904  
3.08155  0.361618  
0.533588  2.81044  
0.942831  1.71477  
0.306164  3.90178  
0.15642  5.22729  
1.0606  1.69815  
0.822696  1.74041  
4.61935  0.338155  
0.510563  2.94273  
2.20641  0.797653  
4.25232  0.346451  
1.9225  0.930487  
1.95698  0.887918  
2.49385  0.601772  
1.24659  1.71932  
1.04581  2.05188  
1.65333  1.50664  
0.00421501  1.99393  
0.57682  1.16005  
1.33729  0.371937  
2.09999  0.00168182  
3.66775  0.000987012  
0.000391308  2.21969  
1.85854e-05  3.07775  
2.48913  0.00103083  
0.000240392  2.2842  
4.36025e-05  2.65614  
3.91014  0.000250787  
2.10251  0.00105868  
0.232174  1.64842  
0.614953  1.03042  
0.500336  1.12119  
0.000575859  1.97807  
1.37058  0.271214  
1.0141  0.651993  
1.00142  0.472656  
0.386875  1.11279  
0.305053  1.16366  
1.13268  0.377294  
1.62648  0.000750784  
1.41251  0.0848525  
1.30885  0.148435  
0.0844149  1.37644  
1.00448  0.456408  
0.226228  1.2304  
0.496492  1.00238  
1.13688  0.368771  
1.55985  0.00243387  
1.1922  0.371487  
0.0077585  1.50263  
1.16169  0.267568  
0.540984  1.07365  
1.59684e-05  2.00201  
5.88144e-05  1.59415  
0.00031837  1.93165  
0.116916  1.3695  
0.829705  0.830133  
0.000549127  1.56342  
0.000271804  1.41419  
1.69796  0.00140718  
1.00047  0.441129  
1.00027  0.604436  
1.00453  0.00873435  
0.381081  1.07789  
8.33322e-05  2.2822  
1.30462  0.335468  
3.42533  0.000185673  
1.61181  0.000318744  
0.571197  1.0018  
1.80096  0.000471464  
4.25294  0.000133378  
0.00598577  1.00194  
9.82561e-05  1.75897  
0.33932  1.09951  
0.115609  1.53887  
2.49304  0.000154666  
0.283952  1.27778  
2.8235e-05  1.61962  
2.57407  9.13289e-05  
1.00172  0.417484  
1.45018  0.00130994  
1.51141  0.14064  
1.99105  0.00028408  
1.00298e-05  2.40821  
3.04726  0.000106205  
0.320478  1.19835  
2.22256  0.00033045  
0.000227099  2.31016  
1.88132e-05  2.50554  
1.0002  0.924303  
0.00494323  1.54224  
1.3961e-05  2.83253  
1.95858  0.000393842  
0.713062  1.01008  
8.08745e-05  2.23248  
1.02783e-05  2.78598  
1.00325  0.585244  
5.09662e-05  2.3388  
0.466559  1.07782  
2.16109  0.00036087  
1.18127  0.315628  
0.000863572  1.68089  
0.497168  1.01054  
2.51647  0.000536164  
0.282181  1.27085  
1.28428  0.269804  
0.63191  1.00296  
0.280633  1.2842  
3.11377  0.000290245  
0.34611  1.23316  
2.08523  0.000824219  
2.37748e-05  2.5105  
2.44052  0.00070989  
7.03908e-05  2.43202  
1.43061  0.00292364  
0.00976642  1.72747  
1.94128  0.00182509  
0.463  0.800614  
1.76973e-08  1.09402  
2.04359e-08  1.08628  
0.00490893  1.00006  
3.37874e-05  1.00293  
1  0.00936855  
0.824425  0.462708  
1  0.0927027  
1  0.0676758  
0.823405  0.462732  
1.73599e-08  1.09658  
0.467099  0.795524  
0.485108  0.795446  
0.795684  0.463191  
1  0.0895448  
0.499051  0.795371  
1  0.0676758  
0.527297  0.795349  
1.00006  0.00190287  
1.00002  0.00221725  
1  0.156153  
1  0.065704  
1.11257  3.24025e-07  
0.00551936  1.00004  
1  0.0895448  
0.239455  1  
0.152714  1  
1  0.0772985  
1.31669  2.52307e-07  
1  0.156153  
0.463027  0.799248  
0.462787  0.812958  
1  0.097556  
5.87829e-06  1.00397  
1  0.0223718  
0.489339  0.795412  
4.97726e-08  1.05658  
1.00001  0.00530183  
0.49312  0.795411  
1  0.0811313  
1  0.0811313  
0.82513  0.462651  
1.92728e-08  1.09343  
1.00002  0.00221725  
0.0778677  1  
1.17115  3.10975e-07  
0.462774  0.816851  
1  0.065704  
1.00002  0.00221725  
0.495103  0.795401  
1.00002  0.00221725  
1  0.0223718  
0.00587598  1  
4.97726e-08  1.05658  
0.795684  0.463191  
1.00996  1.42376e-06  
0.463037  0.796256  
1.00369  9.64756e-05  
1.08508  4.00021e-07  
0.463027  0.799248  
0.800648  0.462887  
0.462824  0.802127  
0.795441  0.570242  
0.47527  0.795511  
0.48835  0.79543  
0.805304  0.462801  
0.00587598  1  
1.00002  0.00299745  
1  0.0223718  
0.80036  0.46298  
1.00001  0.00530183  
0.797958  0.463066  
0.795444  0.492554  
1.0059  5.51687e-05  
0.462817  0.80547  
0.462796  0.807196  
0.823405  0.462732  
4.94569e-08  1.07198  
0.824425  0.462708  
1  0.0676758  
0.795684  0.463191  
0.463037  0.796256  
1  0.0927027  
0.500494  0.79535  
0.11945  1  
0.795522  0.488244  
7.77157e-08  1.0152  
0.800648  0.462887  
1.07587  5.45722e-07  
0.79554  0.477564  
1.9485e-08  1.08751  
2.07213e-08  1.0836  
1.00018  0.000146069  
1.73599e-08  1.09658  
1.01112  6.43781e-07  
0.239455  1  
0.797958  0.463066  
1  0.156153  
8.03455e-05  1.0001  
0.462813  0.805676  
0.793032  0.463816  
0.462005  0.794543  
0.793058  0.4616  
1.00147  7.68597e-13  
2.53289e-14  1  
0.793191  0.461093  
0.793191  0.461093  
0.793191  0.461093  
0.793065  0.461107  
2.53289e-14  1  
0.46199  0.79455  
0.461983  0.79455  
9.66166e-05  1  
0.46199  0.79455  
1  7.69175e-13  
0.793191  0.461093  
1  7.69175e-13  
0.461949  0.794553  
0.793032  0.463816  
0.793039  0.462213  
0.793235  0.461082  
0.793032  0.463816  
0.461915  0.794558  
1  7.69175e-13  
0.793065  0.461107  
1  7.69175e-13  
0.46199  0.79455  
0.793235  0.461082  
0.461983  0.79455  
0.461953  0.794553  
0.793032  0.463816  
2.53289e-14  1  
0.461953  0.794553  
9.66166e-05  1  
0.462005  0.794543  
2.53289e-14  1  
0.46199  0.79455  
0.793032  0.463816  
0.46199  0.79455  
2.53289e-14  1  
0.793191  0.461093  
0.793032  0.463816  
0.793191  0.461093  
0.793191  0.461093  
0.461914  0.794594  
0.793065  0.461107  
0.462006  0.79454  
0.461911  0.794638  
0.46199  0.79455  
0.462005  0.794543  
0.793032  0.463816  
0.461956  0.794552  
0.793065  0.461107  
0.793032  0.463816  
0.793039  0.462213  
1  7.69175e-13  
9.66166e-05  1  
0.793191  0.461093  
0.462005  0.794543  
0.793032  0.463816  
2.53289e-14  1  
0.793058  0.46182  
1.0029  7.68627e-13  
0.461953  0.794556  
0.461953  0.794556  
2.53289e-14  1.00002  
0.461931  0.794564  
0.461924  0.79457  
0.461921  0.794586  
0.46193  0.794565  
0.461952  0.794561  
0.461953  0.79456  
0.794841  0.461087  
0.461989  0.794551  
0.461954  0.794553  
0.461914  0.794602  
0.46192  0.794598  
0.565801  0.79454  
0.000120792  1  
1  7.93318e-13  
2.5329e-14  1  
2.51882e-05  1  
0.461914  0.794692  
0.793074  0.461116  
0.461914  0.794692  
0.461914  0.794692  
0.461914  0.794692  
0.461914  0.794695  
0.461913  0.794805  
0.461988  0.794553  
0.793193  0.461093  
0.461913  0.794805  
0.461913  0.828341  
0.79314  0.461114  
0.793044  0.462654  
0.462838  0.794543  
0.462056  0.79455  
0.461913  0.794805  
0.793032  0.463818  
0.462005  0.79455  
2.29023e-14  1  
2.29023e-14  1  
2.29023e-14  1  
2.29023e-14  1  
2.29023e-14  1  
2.29023e-14  1  
2.29023e-14  1  
2.29023e-14  1  
2.29023e-14  1  
2.29023e-14  1  
2.29023e-14  1  
2.29023e-14  1  
2.29023e-14  1  
2.29023e-14  1  
2.29023e-14  1  
2.29023e-14  1  
2.29023e-14  1  
2.29023e-14  1  
2.29023e-14  1  
2.29023e-14  1  
2.29023e-14  1  
2.29023e-14  1  
2.29023e-14  1  
2.29023e-14  1  
2.29023e-14  1  
2.29023e-14  1  
0.793056  0.460577  
0.461404  0.79378  
2.29023e-14  1  
0.795482  0.460568  
2.29023e-14  1  
0.792392  0.462004  
2.29023e-14  1  
0.79241  0.460581  
2.29023e-14  1  
2.29023e-14  1  
2.29023e-14  1  
2.29023e-14  1  
2.29023e-14  1  
2.29023e-14  1  
2.29023e-14  1  
2.29023e-14  1  
0.463302  0.793499  
2.29023e-14  1  
2.29023e-14  1  
2.29023e-14  1  
2.29023e-14  1  
2.29023e-14  1  
2.29023e-14  1  
2.29023e-14  1  
2.29023e-14  1  
2.29023e-14  1  
2.29023e-14  1  
1  6.73029e-13  
2.29023e-14  1  
2.29023e-14  1  
0.792386  0.478285  
2.29023e-14  1  
2.29023e-14  1  
2.29023e-14  1  
2.29023e-14  1  
2.29023e-14  1  
2.29023e-14  1  
2.29023e-14  1  
2.29023e-14  1  
2.29023e-14  1  
2.29023e-14  1  
2.29023e-14  1  
2.29023e-14  1  
2.29023e-14  1  
2.29023e-14  1  
2.29023e-14  1  
2.29023e-14  1  
2.29023e-14  1  
2.29023e-14  1  
2.29023e-14  1  
2.29023e-14  1  
2.29023e-14  1  
2.29023e-14  1  
2.29023e-14  1  
2.29023e-14  1  
2.29023e-14  1  
2.29023e-14  1  
2.29023e-14  1  
2.29023e-14  1  
2.29023e-14  1  
2.29023e-14  1  
2.29023e-14  1  
2.29023e-14  1  
2.29023e-14  1  
2.29023e-14  1  
2.29023e-14  1  
2.29023e-14  1  
2.29023e-14  1  
2.29023e-14  1  
2.29023e-14  1  
2.29023e-14  1  
2.29023e-14  1  
2.29023e-14  1  
2.29023e-14  1  
2.29023e-14  1  
2.29023e-14  1  
2.29023e-14  1  
2.29023e-14  1  
2.29023e-14  1  
2.29023e-14  1  
2.29023e-14  1  
2.29023e-14  1  
2.29023e-14  1  
2.29023e-14  1  
2.29023e-14  1  
2.29023e-14  1  
2.29023e-14  1  
2.29023e-14  1  
2.29023e-14  1  
2.29023e-14  1  
2.29023e-14  1  
2.29023e-14  1  
2.29023e-14  1  
2.29023e-14  1  
2.29023e-14  1  
2.29023e-14  1  
2.29023e-14  1  
0.462931  0.792904  
0.468098  0.792784  
2.29023e-14  1  
2.29023e-14  1  
0.464848  0.792902  
0.460747  0.81345  
1  6.73029e-13  
2.29023e-14  1  
2.29023e-14  1  
2.29023e-14  1  
0.792152  0.460687  
2.29023e-14  1  
0.792201  0.460533  
2.29023e-14  1  
2.29023e-14  1  
2.29023e-14  1  
2.29023e-14  1  
0.462698  0.792931  
2.29023e-14  1  
0.791923  0.462829  
0.792318  0.460435  
2.29023e-14  1  
2.29023e-14  1  
0.792015  0.460766  
2.29023e-14  1  
0.465418  0.7928  
2.29023e-14  1  
0.460774  0.795127  
2.29023e-14  1  
2.29023e-14  1  
2.29023e-14  1  
2.29023e-14  1  
2.29023e-14  1  
2.29023e-14  1  
2.29023e-14  1  
2.29023e-14  1  
2.29023e-14  1  
2.29023e-14  1  
2.29023e-14  1  
2.29023e-14  1  
2.29023e-14  1  
2.29023e-14  1  
2.29023e-14  1  
2.29023e-14  1  
2.29023e-14  1  
2.29023e-14  1  
2.29023e-14  1  
2.29023e-14  1  
2.29023e-14  1  
2.29023e-14  1  
2.29023e-14  1  
2.29023e-14  1  
2.29023e-14  1  
2.29023e-14  1  
2.29023e-14  1  
2.29023e-14  1  
2.29023e-14  1  
2.29023e-14  1  
2.29023e-14  1  
2.29023e-14  1  
2.29023e-14  1  
2.29023e-14  1  
2.29023e-14  1  
2.29023e-14  1  
2.29023e-14  1  
2.29023e-14  1  
2.29023e-14  1  
2.29023e-14  1  
2.29023e-14  1  
2.29023e-14  1  
2.29023e-14  1  
0.792119  0.460757  
2.29023e-14  1  
0.461011  0.792961  
0.460761  0.80676  
2.29023e-14  1  
2.29023e-14  1  
2.29023e-14  1  
2.29023e-14  1  
0.460631  0.792616  
2.29023e-14  1  
2.29023e-14  1  
0.791515  0.459892  
2.29023e-14  1  
2.29023e-14  1  
2.29023e-14  1  
2.29023e-14  1  
2.29023e-14  1  
2.29023e-14  1  
2.29023e-14  1  
2.29023e-14  1  
2.29023e-14  1  
2.29023e-14  1  
2.29023e-14  1  
2.29023e-14  1  
2.29023e-14  1  
2.29023e-14  1  
2.29023e-14  1  
2.29023e-14  1  
2.29023e-14  1  
2.29023e-14  1  
2.29023e-14  1  
0.791488  0.460023  
2.29023e-14  1  
2.29023e-14  1  
2.29023e-14  1  
0.460636  0.792549  
2.29023e-14  1  
2.29023e-14  1  
2.29023e-14  1  
0.791515  0.459888  
0.798334  0.459882  
0.460648  0.792542  
2.29023e-14  1  
0.791516  0.459885  
1  6.73029e-13  
0.460633  0.79261  
2.29023e-14  1  
2.29023e-14  1  
0.791498  0.459896  
2.29023e-14  1  
2.29023e-14  1  
2.29023e-14  1  
2.29023e-14  1  
0.460634  0.792606  
2.29023e-14  1  
2.29023e-14  1  
2.29023e-14  1  
2.29023e-14  1  
2.29023e-14  1  
2.29023e-14  1  
2.29023e-14  1  
2.29023e-14  1  
2.29023e-14  1  
2.29023e-14  1  
2.29023e-14  1  
2.29023e-14  1  
2.29023e-14  1  
2.29023e-14  1  
2.29023e-14  1  
2.29023e-14  1  
2.29023e-14  1  
2.29023e-14  1  
2.29023e-14  1  
2.29023e-14  1  
2.29023e-14  1  
2.29023e-14  1  
2.29023e-14  1  
2.29023e-14  1  
2.29023e-14  1  
2.29023e-14  1  
2.29023e-14  1  
2.29023e-14  1  
2.29023e-14  1  
2.29023e-14  1  
2.29023e-14  1  
2.29023e-14  1  
2.29023e-14  1  
2.29023e-14  1  
2.29023e-14  1  
2.29023e-14  1  
2.29023e-14  1  
2.29023e-14  1  
2.29023e-14  1  
2.29023e-14  1  
2.29023e-14  1  
2.29023e-14  1  
2.29023e-14  1  
2.29023e-14  1  
2.29023e-14  1  
2.29023e-14  1  
2.29023e-14  1  
2.29023e-14  1  
2.29023e-14  1  
2.29023e-14  1  
2.29023e-14  1  
2.29023e-14  1  
2.26961e-14  1  
2.26961e-14  1  
2.26961e-14  1  
2.26961e-14  1  
2.26961e-14  1  
0.46011  0.791906  
2.26961e-14  1  
2.26961e-14  1  
2.26961e-14  1  
2.26961e-14  1  
0.791926  0.459585  
2.26961e-14  1  
2.26961e-14  1  
2.26961e-14  1  
2.26961e-14  1  
2.26961e-14  1  
2.26961e-14  1  
2.26961e-14  1  
2.26961e-14  1  
2.26961e-14  1  
2.26961e-14  1  
2.26961e-14  1  
2.26961e-14  1  
2.26961e-14  1  
2.26961e-14  1  
2.26961e-14  1  
2.26961e-14  1  
2.26961e-14  1  
1  6.69329e-13  
2.26961e-14  1  
0.460095  0.794239  
0.791038  0.459906  
0.791038  0.47445  
0.791053  0.459585  
0.460094  0.794867  
0.791905  0.459585  
0.791905  0.459585  
0.460114  0.791874  
2.26961e-14  1  
0.791047  0.459593  
0.460149  0.791864  
2.26961e-14  1  
2.26961e-14  1  
2.26961e-14  1  
2.26961e-14  1  
2.26961e-14  1  
2.26961e-14  1  
2.26961e-14  1  
2.26961e-14  1  
2.26961e-14  1  
2.26961e-14  1  
0.79104  0.45966  
2.26961e-14  1  
2.26961e-14  1  
2.26961e-14  1  
2.26961e-14  1  
2.26961e-14  1  
2.26961e-14  1  
2.26961e-14  1  
2.26961e-14  1  
2.26961e-14  1  
2.26961e-14  1  
2.26961e-14  1  
2.26961e-14  1  
2.26961e-14  1  
2.26961e-14  1  
2.26961e-14  1  
2.26961e-14  1  
2.26961e-14  1  
2.26961e-14  1  
2.26961e-14  1  
2.26961e-14  1  
2.26961e-14  1  
2.26961e-14  1  
2.26961e-14  1  
2.26961e-14  1  
2.26961e-14  1  
2.26961e-14  1  
2.26961e-14  1  
2.26961e-14  1  
2.26961e-14  1  
2.26961e-14  1  
2.26961e-14  1  
2.26961e-14  1  
2.26961e-14  1  
2.26961e-14  1  
2.26961e-14  1  
2.26961e-14  1  
2.26961e-14  1  
2.26961e-14  1  
2.26961e-14  1  
2.26961e-14  1  
2.26961e-14  1  
2.26961e-14  1  
2.26961e-14  1  
2.26961e-14  1  
2.26961e-14  1  
2.26961e-14  1  
2.26961e-14  1  
2.26961e-14  1  
2.26961e-14  1  
2.26961e-14  1  
2.26961e-14  1  
2.26961e-14  1  
2.26961e-14  1  
2.26961e-14  1  
2.26961e-14  1  
2.26961e-14  1  
2.26961e-14  1  
2.26961e-14  1  
2.26961e-14  1  
2.26961e-14  1  
2.26961e-14  1  
2.26961e-14  1  
2.26961e-14  1  
2.26961e-14  1  
2.26961e-14  1  
2.26961e-14  1  
2.26961e-14  1  
2.26961e-14  1  
2.26961e-14  1  
2.26961e-14  1  
2.26961e-14  1  
2.26961e-14  1  
2.26961e-14  1  
2.26961e-14  1  
1  6.69329e-13  
0.460181  0.791436  
2.26961e-14  1  
0.790541  0.459357  
0.460497  0.791436  
0.793872  0.459354  
2.26961e-14  1  
2.26961e-14  1  
2.26961e-14  1  
2.26961e-14  1  
2.26961e-14  1  
2.26961e-14  1  
2.26961e-14  1  
2.26961e-14  1  
2.26961e-14  1  
2.26961e-14  1  
2.26961e-14  1  
2.26961e-14  1  
2.26961e-14  1  
2.26961e-14  1  
2.26961e-14  1  
2.26961e-14  1  
2.26961e-14  1  
2.26961e-14  1  
2.26961e-14  1  
2.26961e-14  1  
2.26961e-14  1  
2.26961e-14  1  
2.26961e-14  1  
2.26961e-14  1  
2.26961e-14  1  
2.26961e-14  1  
0.459944  0.791466  
2.26961e-14  1  
2.26961e-14  1  
2.26961e-14  1  
2.26961e-14  1  
2.26961e-14  1  
2.26961e-14  1  
2.26961e-14  1  
2.26961e-14  1  
2.26961e-14  1  
2.26961e-14  1  
2.26961e-14  1  
2.26961e-14  1  
2.26961e-14  1  
2.26961e-14  1  
2.26961e-14  1  
2.26961e-14  1  
2.26961e-14  1  
2.26961e-14  1  
2.26961e-14  1  
2.26961e-14  1  
2.26961e-14  1  
2.26961e-14  1  
2.26961e-14  1  
2.26961e-14  1  
2.26961e-14  1  
2.26961e-14  1  
2.26961e-14  1  
2.26961e-14  1  
2.26961e-14  1  
2.26961e-14  1  
2.26961e-14  1  
2.26961e-14  1  
2.26961e-14  1  
2.26961e-14  1  
2.26961e-14  1  
2.26961e-14  1  
2.26961e-14  1  
2.26961e-14  1  
2.26961e-14  1  
2.26961e-14  1  
2.26961e-14  1  
