0.382211  0.281877  1.42756  
0.181226  0.152769  1.34292  
0.287867  0.233255  1.94905  
0.144751  0.0969165  1.89676  
0.872999  1.12522  1.65933  
0.387836  0.577396  2.06296  
0.6095  0.797503  1.08771  
0.946033  1.47773  0.138766  
0.588593  1.23522  1.32906  
0.0573989  0.0444208  1.67611  
0.87323  0.5461  1.41063  
1.22012  0.902512  0.76063  
0.887026  1.37684  0.138333  
0.814323  1.19024  0.716342  
0.0204115  0.017903  1.54054  
0.41425  0.253003  1.76007  
0.997328  1.49652  0.96728  
0.736846  0.605398  2.13126  
0.37299  0.316064  1.46077  
1.00281  1.2988  1.33221  
0.739526  1.40724  1.79715  
0.762926  0.799659  1.71912  
0.319276  0.306263  1.55099  
1.49011  1.03069  0.976158  
0.581536  1.03024  1.45987  
1.23705  0.957714  0.923944  
0.742212  0.888532  1.50037  
0.430987  0.222608  2.03019  
0.544255  1.09091  1.31425  
0.231105  0.156732  1.99034  
0.856914  1.20677  0.644216  
0.882978  0.586338  0.970344  
1.45494  1.38509  0.425555  
0.619692  1.16187  1.15295  
0.245305  0.260185  2.05313  
1.18402  0.619976  0.932489  
0.35918  0.332962  1.92052  
0.529708  0.926059  1.37561  
0.619037  0.750157  1.96263  
1.11152  0.786008  0.929214  
1.32284  1.07265  0.0505384  
1.52915  1.32209  0.378871  
0.107649  0.162401  1.79729  
0.834646  0.800811  0.937913  
0.347741  0.861086  2.06203  
1.5729  1.01019  0.125911  
0.422993  0.502432  2.13803  
0.225772  0.393565  1.91956  
1.03948  1.10197  0.988835  
0.938319  0.639944  0.882541  
0.504273  0.701399  1.85457  
1.04993  1.36861  0.87723  
1.0483  1.18265  0.778511  
1.32166  0.781356  0.315896  
1.50301  1.43178  0.467143  
0.194565  0.218775  1.47588  
1.57279  0.746532  1.69261  
1.0653  1.84598  0.347577  
1.06324  1.39864  0.636022  
0.757455  1.29984  1.2916  
0.732498  0.71526  1.0802  
0.469057  0.263964  2.00793  
0.587678  0.579651  1.66437  
0.243268  0.198161  1.58097  
1.03879  1.12247  1.15685  
0.722222  0.961728  1.54327  
0.220817  0.142036  1.54853  
0.482488  0.397729  1.36593  
0.867081  1.20646  1.09716  
0.868242  1.29006  0.804553  
1.66303  0.834396  0.421359  
0.387265  0.800059  1.74027  
0.253985  0.162658  1.53366  
1.24049  0.918291  1.04076  
0.590061  0.650422  1.41991  
1.3009  1.04497  0.830702  
1.9514  1.31664  0.137904  
0.809986  0.910243  0.620057  
0.834691  1.62635  0.597745  
0.815079  1.97223  0.0273729  
0.623047  0.64096  1.42145  
0.752438  0.511292  2.21578  
0.702247  0.902624  1.58915  
0.0511761  0.0904715  1.85606  
1.05406  1.32665  1.221  
0.924942  1.23996  0.633878  
0.609758  0.314234  1.55651  
0.803802  0.60173  1.80803  
0.836367  0.578175  1.58677  
0.0362493  0.0385488  1.74831  
1.30407  0.695522  1.37541  
1.50377  0.841643  0.361079  
1.08093  0.683059  1.34433  
0.566732  0.627734  1.63252  
1.72066  0.867058  0.554142  
1.04696  0.695489  1.56252  
0.464584  0.227874  1.78151  
0.864297  0.511245  1.94437  
1.30609  0.6873  0.721981  
1.00862  1.73904  0.905705  
0.851667  1.87256  0.931422  
1.79661  0.768013  0.14995  
0.347945  0.177562  2.27675  
0.818623  2.05554  0.0672491  
0.360933  0.142911  2.41633  
0.906773  1.84847  0.460167  
0.0804953  0.0501036  2.19589  
0.350014  0.143169  2.35387  
0.039556  0.098993  2.54214  
0.0804953  0.0501036  2.19589  
0.00273268  0.00151988  2.42968  
7.40517e-05  0.000192251  2.16514  
3.39649e-05  8.01706e-05  2.16483  
1.00791  2.19294  0.491969  
0.0396046  0.0969993  2.49849  
7.05068e-07  1.59791e-06  2.14763  
1.17007  1.83828  0.347738  
0.207674  0.116334  1.88307  
0.0045597  0.0108916  2.11372  
0.000299104  0.000147536  2.1206  
0.00701985  0.00819608  2.08819  
1.79339  1.06268  0.000865939  
0.574582  0.286667  1.5711  
0.542338  1.28113  1.39187  
0.726524  1.43645  0.736901  
1.46568  0.619533  1.15112  
4.86402e-17  1.1753e-16  2.07729  
6.48105e-17  1.09913e-16  2.08384  
1.60425  0.69434  0.909057  
1.71952  0.70847  0.767026  
0.666692  1.27571  0.774466  
1.93121  0.766035  0.101496  
5.30942e-17  1.16438e-16  2.08994  
4.70353e-17  1.21277e-16  2.12434  
0.58402  1.23352  1.28376  
5.74317e-17  1.15377e-16  2.10478  
8.88265e-17  4.63516e-17  1.63627  
1.55669  0.663099  0.970724  
1.62223  0.683735  0.886449  
0.65717  1.25641  0.819786  
5.3197e-17  1.15619e-16  2.07847  
0.673884  1.24209  0.71339  
0.707159  0.707124  1.16194e-07  
8.67695e-17  4.97217e-17  1.63322  
1.48444  0.98126  0.991951  
5.37535e-17  1.24426e-16  2.21354  
0.637049  1.25011  0.899363  
4.72828e-17  1.17758e-16  2.07237  
3.13347e-08  3.13364e-08  1.00004  
1.57462  0.670513  0.937452  
1.68946  0.702406  0.791466  
7.72945e-17  4.85117e-17  1.49034  
0.0552272  0.0352339  1.71678  
1.67913  0.698631  0.816562  
1.67377  0.696093  0.827813  
0.029404  0.0231473  2.17188  
1.56819  0.984238  0.8383  
1.68673  0.700078  0.806428  
0.689303  1.32343  0.675623  
1.64862  0.690939  0.863165  
1.88907  1.14754  0.636073  
1.70029  0.705767  0.771987  
1.60833  0.681363  0.889513  
1.88257  0.757217  0.319919  
1.66111  0.691889  0.851524  
0.98688  1.00331  1.25095  
0.72174  1.55098  0.603839  
0.000139646  8.19482e-05  1.87489  
1.60584  0.6944  0.909827  
1.43255  0.581505  1.32653  
2.00076  0.819971  0.0432969  
1.48282  0.676351  1.0464  
0.694004  1.37739  1.1006  
1.83531  0.996144  0.0232849  
0.564441  1.41211  1.40126  
1.73634  1.14551  0.0175338  
0.952092  1.53541  0.000102653  
1.76005  1.0482  0.425432  
0.829354  1.3849  0.00185937  
7.93792e-17  9.20199e-17  1.98468  
0.664678  1.65581  1.35681  
9.62437e-17  4.69765e-17  1.74902  
5.5205e-17  1.15686e-16  2.09338  
0.814134  1.58508  1.08651  
0.749757  1.21828  0.00238159  
0.769789  1.71872  0.0369935  
2.01281  0.77302  0.165472  
0.00264577  0.0019388  1.76038  
1.65388  1.25986  0.140692  
1.87943  1.0064  0.0903852  
1.24181  1.42521  0.910469  
1.01796  2.14528  0.0552711  
1.86098  1.15176  0.327313  
0.863275  1.77782  0.0600694  
0.768683  2.11724  0.144563  
5.59174e-17  1.1628e-16  2.10716  
0.0119648  0.00630598  1.87187  
2.0982  0.833599  0.918135  
1.85659e-07  4.46527e-07  2.12587  
0.835701  2.0848  0.070978  
1.00143  0.953313  0.495894  
0.713169  1.25798  0.479659  
0.786102  1.17429  0.000947858  
0.89381  0.858023  0.857728  
1.12597  0.597879  0.98559  
0.695934  1.26847  0.631349  
1.32916  0.721209  0.551466  
0.832028  0.477335  1.18238  
1.03686  0.67846  0.833012  
0.605829  1.12485  0.947828  
0.926667  0.529156  1.08946  
1.26252  0.782492  0.00832772  
0.745421  1.18533  0.00534179  
0.000208928  0.000151607  1.38883  
4.72182e-17  7.47864e-17  1.44442  
6.45411e-17  5.27355e-17  1.36115  
7.06254e-17  5.20161e-17  1.43247  
1.05331  1.00371  0.00269225  
5.48924e-17  7.26886e-17  1.48756  
0.750385  1.30702  3.13479e-08  
1.37695  0.761687  0.000356656  
0.743456  1.15735  2.86119e-08  
0.849761  1.06121  0.011124  
1.2587  0.748561  0.000982295  
0.930092  0.952371  0.00284041  
5.35642e-17  7.34241e-17  1.48428  
5.0846e-17  7.44407e-17  1.47223  
0.45242  0.669896  1.18656  
4.5738e-17  7.52669e-17  1.43836  
4.62189e-17  7.46823e-17  1.43433  
7.25183e-17  4.56237e-17  1.3992  
0.790433  0.475074  1.13675  
5.65472e-17  7.16037e-17  1.49006  
6.58191e-17  5.1348e-17  1.36332  
0.564429  0.444736  1.27438  
0.956558  0.609416  0.795728  
6.89355e-17  5.02307e-17  1.39297  
6.96e-17  4.96437e-17  1.39617  
0.324179  0.487603  1.20853  
0.960518  0.615381  0.774931  
6.09334e-17  5.26475e-17  1.31511  
7.21969e-17  4.63451e-17  1.40109  
0.935299  0.600627  0.816807  
0.88869  0.619045  0.882723  
0.949729  0.604803  0.810301  
0.604897  1.01062  0.866483  
0.630357  0.630685  0.453517  
0.907712  0.59187  0.892094  
0.503236  0.494856  1.05556  
5.14701e-17  7.43215e-17  1.47641  
0.707113  0.707108  4.37751e-11  
6.3318e-17  5.29898e-17  1.3484  
4.23655e-13  4.23655e-13  1  
0.603109  1.05409  0.900949  
1.01875  0.972651  0.00465409  
0.930374  0.585093  0.867304  
0.946406  0.609812  0.784941  
0.985006  0.646129  0.666018  
0.582853  0.989176  0.926025  
0.932388  0.592712  0.841703  
1.16543  0.713163  0.426209  
0.980512  0.627372  0.743847  
0.691772  0.423962  1.24791  
0.529807  0.862427  1.01638  
1.16232  0.909886  2.45194e-07  
0.747424  0.739041  0.727659  
0.932587  0.565538  0.943174  
0.290952  0.445933  1.25532  
0.71071  1.20076  0.462826  
0.576817  0.972025  0.947511  
0.457482  0.580002  1.13618  
1.01378  0.614645  0.821005  
1.11663  0.689874  0.565378  
0.750604  0.453825  1.18575  
0.641268  1.09242  0.764656  
0.691811  1.20623  0.584288  
0.727563  1.0036  0.785953  
1.22819  0.737184  0.246304  
1.18623  0.87999  0.000775843  
0.608855  1.01129  0.882081  
1.18105  0.827625  0.346764  
0.277561  0.434754  1.28738  
0.304544  0.304505  0.902603  
0.720972  1.22371  0.399569  
1.00365  0.653952  0.649969  
1.00912  0.843014  0.514707  
0.680892  1.22176  0.65568  
0.360162  0.603962  1.28381  
0.686972  0.752304  0.954178  
0.257542  0.386132  1.34009  
1.24705  0.741615  0.199144  
0.792421  1.05857  0.604151  
0.738099  1.23102  0.314219  
0.443345  0.660635  1.18827  
0.721315  1.13042  0.601485  
0.622223  1.05661  0.872179  
0.897685  0.673739  0.964538  
1.25085  0.803117  0.000356299  
0.787059  1.15033  0.490407  
0.340378  0.41546  1.33994  
0.790363  0.727627  0.409268  
4.40396e-17  4.96756e-17  1.08417  
0.764247  0.907355  6.12055e-15  
0.797217  0.821509  6.08264e-17  
1.00643  0.705772  0.391768  
0.680443  0.737011  0.45455  
0.641189  0.672133  0.640488  
0.597217  0.621002  0.674781  
0.87518  0.745186  0.0132087  
0.748308  0.735019  0.249792  
0.621814  0.772456  0.616913  
0.659805  0.60315  0.671769  
0.670796  0.819603  0.444988  
0.564717  0.607952  0.769997  
0.754476  0.758646  5.19232e-13  
0.827473  0.706049  0.235612  
0.696757  0.809781  0.31656  
0.595806  0.571513  0.770443  
0.591426  0.701199  0.653768  
0.956849  0.732993  0.012747  
0.54577  0.54695  0.793025  
0.568172  0.590291  0.685171  
0.683157  0.756489  0.435295  
0.70691  0.680863  0.39757  
0.67662  0.592595  0.622041  
0.694085  0.793333  0.287876  
0.759228  0.683832  0.325654  
0.691035  0.80057  0.313385  
0.651522  0.766799  0.482412  
0.701151  0.805707  0.249183  
0.779338  0.702914  0.217127  
0.702828  0.792967  0.225958  
0.709228  0.842792  0.223278  
0.630082  0.547617  0.716159  
4.53512e-17  4.74011e-17  1.07136  
0.307303  0.288662  0.952696  
0.681585  0.587343  0.6402  
0.600277  0.716603  0.629128  
0.65801  0.77384  0.459449  
0.728066  0.619007  0.594409  
0.606076  0.725887  0.617486  
0.692812  0.800731  0.302309  
0.423984  0.474028  0.871365  
0.611311  0.605241  0.673426  
0.76263  0.656163  0.467599  
0.825078  0.719121  0.0499878  
0.436628  0.473248  0.841632  
0.299727  0.350519  1.01474  
0.462167  0.50507  0.82383  
0.74208  0.690943  0.265096  
0.749699  0.916762  6.29269e-17  
0.548728  0.50761  0.838939  
0.591263  0.630658  0.649327  
0.314847  0.314853  0.895438  
0.48364  0.483639  0.729511  
0.707109  0.707108  3.4478e-13  
0.619654  0.55054  0.694267  
0.206163  0.206348  0.95711  
0.70269  0.795784  0.245833  
0.59848  0.552326  0.672657  
0.750582  0.657259  0.44415  
0.426354  0.475308  0.890047  
0.554398  0.581089  0.688605  
0.626777  0.59607  0.56483  
0.611685  0.611753  0.501738  
4.40317e-17  4.50415e-17  1.02868  
0.665367  0.665377  0.338573  
0.575561  0.606895  0.661655  
0.584503  0.587863  0.670417  
8.28345e-16  8.28344e-16  1  
0.849586  0.777454  5.49158e-18  
0.696688  0.793901  0.271008  
0.734055  0.767505  1.5122e-05  
0.454337  0.501529  0.825446  
0.602651  0.706156  0.622638  
0.664119  0.789924  0.444813  
0.61421  0.54956  0.707669  
0.553247  0.649195  0.717366  
0.602685  0.59916  0.65211  
0.649409  0.591135  0.643954  
0.611233  0.724072  0.614585  
0.601415  0.596447  0.663078  
0.606703  0.629457  0.648463  
0.699136  0.664805  0.492882  
0.718655  0.746517  5.34612e-15  
0.834646  0.736966  5.91633e-17  
0.717605  0.773683  6.33494e-17  
0.683623  0.815773  0.374824  
0.768708  0.761737  9.61151e-17  
0.758181  0.771945  5.74929e-17  
5.01572e-17  4.44063e-17  1.09403  
0.326668  0.309691  0.986056  
0.707083  0.760128  0.254981  
0.498081  0.568199  0.787978  
0.46256  0.446261  0.895938  
0.690086  0.672196  0.439691  
0.579275  0.687226  0.675419  
0.628286  0.748265  0.556926  
0.812789  0.708869  0.193748  
0.659712  0.792631  0.466449  
0.197359  0.197359  0.96026  
0.176799  0.176811  0.968316  
0.344263  0.344263  0.87348  
0.673588  0.673588  0.304235  
0.525688  0.525688  0.668808  
0.130883  0.130883  0.98272  
0.588523  0.588523  0.554329  
0.701151  0.701151  0.129514  
0.693611  0.693611  0.19444  
0.620783  0.620783  0.478808  
0.651547  0.651547  0.388553  
0.50898  0.50898  0.694175  
0.270657  0.270657  0.923845  
0.25  0.25  0.935414  
0.617128  0.617128  0.488165  
0.696155  0.696155  0.175317  
0.263929  0.263929  0.92773  
0.682468  0.682468  0.261678  
0.52133  0.52133  0.675597  
0.4075  0.4075  0.817244  
0.387108  0.387108  0.836837  
0.205734  0.205734  0.956738  
0.170684  0.170684  0.97043  
0.333435  0.333435  0.88184  
0.554167  0.554183  0.621369  
0.664096  0.664096  0.343442  
0.500314  0.500314  0.706663  
0.624271  0.624271  0.46965  
0.355121  0.355121  0.864741  
0.631311  0.631311  0.450435  
0.595756  0.595756  0.538656  
0.514417  0.514417  0.686113  
0.303334  0.303334  0.903314  
0.647212  0.647259  0.402839  
0.0943755  0.0943755  0.991053  
0.690946  0.690946  0.21257  
0.549924  0.549924  0.628624  
0.041706  0.041706  0.998259  
0.427148  0.427148  0.796925  
0.278547  0.278548  0.919146  
0.703363  0.703363  0.102764  
0.634858  0.634858  0.440352  
0.602798  0.602798  0.522751  
0.667393  0.667393  0.330413  
0.685438  0.685438  0.245662  
0.573175  0.573175  0.585611  
0.707107  0.707107  6.15656e-17  
0.222103  0.222103  0.94939  
0.243027  0.243027  0.939082  
0.235945  0.235945  0.942687  
0.437118  0.437118  0.786039  
4.32978e-17  4.32978e-17  1  
0.641588  0.641588  0.420393  
0.296905  0.296905  0.907576  
0.315674  0.315674  0.894818  
0.361  0.361  0.859859  
0.161354  0.161354  0.973617  
0.676627  0.676627  0.290435  
0.679517  0.679517  0.276611  
0.705474  0.705474  0.0679136  
0.627715  0.627715  0.460379  
0.491796  0.491796  0.718522  
0.609758  0.609758  0.506351  
0.151711  0.151711  0.976713  
0.661035  0.661035  0.355055  
0.473989  0.473989  0.742071  
0.213882  0.213882  0.953157  
0.581021  0.581021  0.569938  
0.432328  0.432328  0.791319  
0.321803  0.321803  0.890441  
0.455331  0.455331  0.76508  
0.464676  0.464676  0.753759  
0.446318  0.446318  0.775629  
0.557838  0.557838  0.61452  
0.0627463  0.0627463  0.996055  
0.670556  0.670556  0.317346  
0.654851  0.654851  0.37728  
0.309468  0.309468  0.899143  
0.290745  0.290745  0.911556  
0.688068  0.688068  0.230487  
0.613479  0.613479  0.49728  
0.256932  0.256932  0.93165  
0.366356  0.366356  0.855317  
0.228748  0.228748  0.946229  
0.565546  0.565546  0.600262  
0.657922  0.657922  0.36644  
0.376905  0.376905  0.8461  
0.188586  0.188586  0.963779  
0.638219  0.638219  0.430525  
0.141754  0.141754  0.9797  
0.417321  0.417321  0.807271  
0.107438  0.107438  0.98839  
0.283876  0.283876  0.915876  
0.397408  0.397408  0.827124  
0.698677  0.698677  0.153953  
0.482763  0.482763  0.730671  
0.541875  0.541875  0.642451  
0.533892  0.533892  0.655683  
0.0809338  0.0809339  0.993429  
0.11942  0.11942  0.985636  
0.211718  0.211717  0.954125  
0.519805  0.519805  0.677943  
0.480375  0.480375  0.733813  
0.444805  0.444802  0.777384  
0.229231  0.229232  0.945995  
0.278889  0.278902  0.919169  
0.0389006  0.0389004  0.998491  
0.262562  0.262562  0.928506  
0.426311  0.426308  0.797832  
0.566829  0.566829  0.597838  
0.294329  0.294329  0.909257  
0.487752  0.487752  0.724015  
0.639812  0.639812  0.425772  
0.601497  0.601496  0.525743  
0.663828  0.663828  0.344479  
0.632143  0.632142  0.448107  
0.371051  0.371051  0.851259  
0.506202  0.506202  0.698226  
0.595556  0.595555  0.5391  
0.589624  0.589506  0.552551  
0.68613  0.686131  0.241771  
0.163687  0.163687  0.972838  
0.500931  0.500931  0.705788  
0.701215  0.701215  0.128823  
0.654373  0.654373  0.378935  
0.418902  0.418902  0.805631  
0.359336  0.359335  0.861258  
0.681166  0.681171  0.268409  
0.254094  0.254094  0.933206  
0.377628  0.377628  0.845457  
0.439278  0.439278  0.783626  
0.677302  0.677167  0.288436  
0.699398  0.699398  0.147263  
0.472039  0.472039  0.744552  
0.54862  0.548632  0.631782  
0.622963  0.622969  0.473122  
0.19221  0.192209  0.96235  
0.41047  0.41047  0.814265  
0.670461  0.670461  0.317747  
0.2022  0.202202  0.958261  
0.404842  0.404842  0.819883  
0.644514  0.64444  0.411894  
0.112538  0.112542  0.987282  
0.537556  0.537524  0.649808  
0.0557806  0.0557796  0.996918  
0.104237  0.104237  0.989075  
0.543478  0.543477  0.639743  
0.317444  0.317443  0.893568  
0.531565  0.531562  0.65949  
0.705349  0.705348  0.070486  
0.179475  0.179475  0.967253  
0.38521  0.38521  0.838586  
0.571952  0.571952  0.588  
0.123715  0.123715  0.984576  
0.697757  0.697756  0.162086  
0.43296  0.43296  0.790628  
0.220187  0.220187  0.950284  
0.606474  0.60646  0.514224  
0.13719  0.137191  0.981  
0.667394  0.667394  0.330411  
0.366029  0.365961  0.855835  
0.694567  0.694567  0.187494  
0.335172  0.33518  0.880619  
0.560473  0.560473  0.609708  
0.452914  0.452907  0.768226  
0.703549  0.703549  0.100195  
0.618805  0.618805  0.483901  
0.398816  0.39882  0.825802  
0.324683  0.324683  0.888351  
0.311758  0.311752  0.897579  
0.269396  0.269395  0.924585  
0.69219  0.69219  0.204316  
0.614401  0.614393  0.495027  
0.67357  0.673571  0.304317  
0.348613  0.348611  0.870029  
0.649571  0.64957  0.395121  
0.459121  0.459121  0.760537  
0.245363  0.24537  0.937888  
0.46566  0.46566  0.752543  
0.577397  0.577394  0.57727  
0.153338  0.153338  0.976204  
0.627365  0.627353  0.461379  
0.635735  0.635734  0.437819  
0.689482  0.689482  0.22188  
0.707107  0.707107  1.95852e-18  
0.526454  0.526453  0.667604  
0.658572  0.658563  0.364293  
0.554132  0.554132  0.621188  
0.0873782  0.087375  0.9924  
0.513116  0.513115  0.688059  
0.610868  0.610868  0.503671  
0.493969  0.49397  0.715534  
0.343136  0.343085  0.874631  
0.303967  0.303967  0.90289  
0.393526  0.393524  0.830836  
0.584305  0.584302  0.563194  
0.286008  0.286011  0.914557  
0.238113  0.238113  0.941597  
4.32978e-17  4.32978e-17  1  
0.0726503  0.0726465  0.994805  
0.617639  0.617639  0.486871  
0.655185  0.655129  0.376441  
0.612211  0.61221  0.500398  
0.510988  0.510996  0.691233  
0.352451  0.352444  0.86714  
0.703578  0.703578  0.0997904  
0.481542  0.481541  0.732308  
0.105854  0.105854  0.988735  
0.234622  0.234621  0.94335  
0.334867  0.334867  0.880755  
0.700908  0.700908  0.132125  
0.224334  0.224332  0.94835  
0.397491  0.397491  0.827044  
0.641792  0.641792  0.419773  
0.318673  0.318673  0.89269  
0.645992  0.645992  0.406681  
0.669655  0.669655  0.321131  
0.215761  0.215761  0.95231  
0.463712  0.463712  0.754946  
0.588001  0.588001  0.555437  
0.627118  0.627118  0.462003  
0.550713  0.550713  0.62724  
0.537526  0.537526  0.649718  
0.533565  0.533565  0.656215  
0.31078  0.31078  0.898239  
0.34326  0.34326  0.874268  
0.274562  0.274562  0.921538  
0.370254  0.370251  0.851961  
0.63129  0.631289  0.45051  
0.693655  0.693654  0.194149  
0.52811  0.52811  0.664983  
0.608043  0.608044  0.51047  
0.487919  0.487919  0.72379  
0.410983  0.410981  0.813754  
0.567836  0.56783  0.596001  
0.184411  0.184403  0.965442  
0.291833  0.291833  0.910861  
0.0717969  0.0717969  0.994832  
0.0417506  0.0417504  0.99826  
0.684647  0.684647  0.250033  
0.0866498  0.0866495  0.992466  
0.516956  0.51697  0.682312  
0.442609  0.44262  0.78003  
4.32978e-17  4.32978e-17  1  
0.637474  0.637474  0.432729  
0.698079  0.698076  0.159455  
0.424916  0.424916  0.799325  
0.268391  0.268391  0.925168  
0.242692  0.242681  0.939358  
0.146103  0.146109  0.978459  
0.690315  0.690315  0.216632  
0.593563  0.593628  0.543768  
0.582206  0.582199  0.567546  
0.707107  0.707107  0  
0.43326  0.43326  0.790299  
0.677712  0.677712  0.285332  
0.118932  0.118932  0.985754  
0.41729  0.41729  0.807304  
0.468455  0.468455  0.749066  
0.362141  0.362131  0.858968  
0.695783  0.695782  0.178258  
0.259313  0.259313  0.93033  
0.705762  0.705762  0.0616556  
0.59925  0.599247  0.530878  
0.57056  0.570559  0.5907  
0.207477  0.207476  0.955992  
0.56162  0.56162  0.607591  
0.47416  0.47416  0.741852  
0.390983  0.390983  0.833226  
0.494569  0.494569  0.714705  
0.283277  0.283296  0.916341  
0.133918  0.133918  0.981903  
0.674175  0.674175  0.301622  
0.54439  0.54439  0.638185  
0.687587  0.687587  0.233345  
0.176534  0.176534  0.968335  
0.166243  0.166243  0.971971  
0.663635  0.663635  0.345221  
0.297474  0.297474  0.907205  
0.404834  0.404833  0.819893  
0.650742  0.650744  0.391244  
0.457862  0.457859  0.762064  
0.0600602  0.0600602  0.996386  
0.604065  0.604071  0.519839  
0.622997  0.622997  0.473023  
0.501113  0.501112  0.705556  
0.576191  0.576114  0.580006  
0.523228  0.523228  0.672656  
0.32718  0.327183  0.886533  
0.193568  0.193568  0.961805  
0.251127  0.251122  0.934839  
0.384558  0.384541  0.839303  
0.659568  0.659568  0.360472  
0.304234  0.304234  0.902709  
0.681441  0.681419  0.267331  
0.376829  0.376829  0.846168  
0.506177  0.506177  0.698262  
0.155825  0.155824  0.975434  
0.555212  0.555212  0.619256  
0.45163  0.451574  0.76964  
0.224913  0.224913  0.948066  
0.152823  0.152816  0.976402  
0.657924  0.657924  0.366431  
0.339583  0.339576  0.877167  
0.306365  0.30636  0.901295  
0.270801  0.270797  0.923775  
0.214932  0.214931  0.952687  
0.398665  0.398641  0.825974  
0.299005  0.299005  0.906197  
0.466434  0.466427  0.751616  
0.700572  0.700572  0.13564  
0.574724  0.574724  0.582569  
0.705557  0.70554  0.0666992  
0.651218  0.651217  0.389658  
0.640273  0.640272  0.424396  
0.60874  0.608729  0.508865  
0.196381  0.196353  0.96084  
0.623737  0.623737  0.471066  
0.235651  0.235651  0.942835  
0.673397  0.673372  0.30523  
0.0797592  0.0797592  0.993618  
0.484105  0.484105  0.728893  
0.490979  0.490979  0.719639  
0.697008  0.697005  0.168434  
0.590864  0.590864  0.549328  
0.529698  0.529697  0.662453  
0.164828  0.164828  0.972453  
0.407043  0.407043  0.8177  
0.496493  0.496493  0.712032  
0.540746  0.540591  0.644978  
0.412998  0.412993  0.81173  
0.425876  0.425846  0.798494  
0.600758  0.60075  0.52749  
0.662196  0.662196  0.350704  
0.432854  0.432854  0.790755  
0.378002  0.378  0.845133  
0.185244  0.185233  0.965148  
0.687803  0.687803  0.232067  
0.585303  0.585303  0.561106  
0.444813  0.444812  0.777358  
0.355934  0.355934  0.864073  
0.279951  0.279951  0.91829  
4.32978e-17  4.32978e-17  1  
0.125022  0.125022  0.984249  
0.0894009  0.0894008  0.991979  
0.175441  0.175441  0.968735  
0.604792  0.604792  0.518125  
0.459733  0.459733  0.759798  
0.478302  0.478267  0.736623  
0.290422  0.290421  0.911765  
0.68132  0.681293  0.267829  
0.614031  0.614031  0.495915  
0.439066  0.439058  0.7839  
0.512519  0.512499  0.68903  
0.370951  0.37095  0.851347  
0.595388  0.595387  0.539472  
0.523589  0.523589  0.672093  
0.628679  0.628678  0.457741  
0.518913  0.518912  0.679314  
0.365177  0.365177  0.856324  
0.694039  0.694038  0.191378  
0.61897  0.61897  0.483479  
0.568977  0.568976  0.593744  
0.392644  0.392641  0.831671  
0.0409564  0.0409564  0.998321  
0.419483  0.419483  0.805029  
0.252292  0.252289  0.934198  
0.320282  0.320279  0.89155  
0.666179  0.666177  0.335291  
0.329467  0.329467  0.884818  
0.245109  0.245109  0.937999  
0.508355  0.508352  0.695111  
0.64776  0.647759  0.40104  
0.31366  0.31366  0.896234  
0.139308  0.139307  0.980407  
0.262957  0.262957  0.928283  
0.102146  0.102146  0.989512  
0.703375  0.703374  0.102638  
0.580101  0.580101  0.571809  
0.5629  0.562897  0.60523  
0.534912  0.534739  0.654645  
0.206045  0.206044  0.956607  
0.472819  0.472811  0.743595  
0.347424  0.347424  0.870972  
0.677128  0.677128  0.288089  
0.684664  0.684664  0.249943  
0.707107  0.707107  0  
0.691687  0.691687  0.207701  
0.452641  0.452634  0.768296  
0.669923  0.669923  0.320012  
0.063743  0.0637429  0.995932  
0.633934  0.633923  0.443065  
0.643511  0.643511  0.414472  
0.11144  0.111439  0.987505  
0.556707  0.556707  0.616566  
0.550919  0.550919  0.62688  
0.545968  0.545968  0.635485  
0.385227  0.385225  0.838588  
0.501929  0.501928  0.704372  
0.655622  0.65562  0.374609  
0.586994  0.586942  0.557732  
0.0600963  0.0600962  0.996382  
0.524023  0.524022  0.671418  
0.2803  0.2803  0.918077  
0.601867  0.601867  0.524894  
0.247712  0.247712  0.936631  
0.377694  0.37765  0.845546  
0.558301  0.558277  0.613776  
0.517415  0.517415  0.681588  
0.432202  0.432202  0.791457  
0.172863  0.172863  0.969658  
0.264388  0.264388  0.927469  
0.666665  0.666665  0.33334  
0.696102  0.696087  0.176025  
0.491664  0.491664  0.718703  
0.69945  0.699442  0.146877  
0.6853  0.6853  0.246433  
0.547908  0.547908  0.632135  
0.670607  0.670607  0.317132  
0.663717  0.663717  0.344906  
0.511275  0.511275  0.690794  
0.319055  0.319055  0.892417  
0.570773  0.570773  0.590287  
0.610713  0.610713  0.504042  
0.295685  0.295656  0.908507  
0.077687  0.0776855  0.993982  
0.0952104  0.0952104  0.990894  
0.392128  0.392128  0.832149  
0.368243  0.368158  0.853989  
0.0410667  0.0410667  0.998313  
0.52909  0.529049  0.663577  
0.288542  0.288542  0.912956  
0.334522  0.334522  0.881017  
0.64883  0.648825  0.397566  
0.689367  0.689287  0.223386  
0.443267  0.443259  0.779142  
0.41472  0.41472  0.809947  
0.618744  0.618744  0.484059  
0.463795  0.463795  0.754843  
0.678611  0.678611  0.281024  
0.144446  0.144446  0.978913  
0.31083  0.31083  0.898205  
0.542231  0.54223  0.641851  
0.583166  0.583164  0.565549  
0.652525  0.652524  0.385265  
0.504913  0.504913  0.70009  
0.122542  0.122542  0.984869  
0.23429  0.234241  0.943802  
0.271673  0.271673  0.923248  
0.59289  0.59289  0.544944  
0.606072  0.606047  0.515247  
0.109132  0.109132  0.988019  
0.640044  0.640043  0.425077  
0.644933  0.644921  0.410079  
0.471016  0.471016  0.745847  
0.707107  0.707107  0  
0.566728  0.566728  0.59803  
0.598032  0.598027  0.533617  
0.55381  0.55381  0.621763  
0.30393  0.30393  0.902914  
0.562318  0.562317  0.606303  
0.692281  0.69228  0.203711  
0.628747  0.628745  0.457567  
0.225294  0.225294  0.947885  
0.217258  0.217256  0.951636  
0.577051  0.577051  0.577948  
0.632182  0.632179  0.447996  
0.39888  0.39888  0.825705  
0.426961  0.426961  0.797125  
0.67539  0.675389  0.296145  
0.636807  0.636806  0.434715  
0.326092  0.326092  0.887315  
0.385092  0.385092  0.838695  
0.192621  0.192621  0.962182  
0.184312  0.184312  0.965432  
0.498126  0.498126  0.709748  
0.20351  0.20351  0.957688  
0.25607  0.25607  0.932125  
0.622326  0.622174  0.475321  
0.16363  0.16363  0.972857  
4.32978e-17  4.32978e-17  1  
0.342387  0.342386  0.874956  
0.359885  0.359885  0.860794  
0.152988  0.152988  0.976315  
0.614344  0.614344  0.495139  
0.6554  0.655384  0.37544  
0.407536  0.407536  0.817208  
0.702525  0.702525  0.113654  
0.478264  0.478263  0.736569  
0.457291  0.457291  0.762739  
0.351006  0.35097  0.868246  
0.437948  0.437948  0.785114  
0.536068  0.536068  0.652122  
0.704749  0.704749  0.0816033  
0.420666  0.420666  0.803795  
0.485315  0.485315  0.727282  
0.133401  0.133401  0.982045  
0.65979  0.65979  0.35966  
0.451203  0.451203  0.769956  
0.682329  0.682329  0.262402  
0.424588  0.42459  0.79966  
0.0900648  0.0900648  0.991855  
0.431159  0.431161  0.792608  
0.411421  0.411421  0.813306  
0.500701  0.500683  0.70616  
0.363516  0.363516  0.857737  
0.551163  0.551161  0.626503  
0.698279  0.698279  0.157518  
0.520106  0.520106  0.677481  
0.68807  0.68807  0.230478  
0.355554  0.355554  0.864386  
0.0358878  0.0358878  0.998711  
0.448161  0.448161  0.773501  
0.542549  0.54255  0.641312  
0.608188  0.608189  0.510113  
0.591647  0.591653  0.547654  
0.405015  0.405028  0.819822  
0.144533  0.144533  0.978887  
0.442838  0.442843  0.779674  
0.705195  0.705196  0.073514  
0.0751205  0.0751205  0.994341  
0.65891  0.658912  0.362878  
0.350148  0.350148  0.868788  
0.333371  0.333371  0.881889  
0.199861  0.199861  0.959224  
0.279209  0.279209  0.918741  
0.643886  0.643872  0.413403  
0.272298  0.272298  0.92288  
0.635349  0.635349  0.438936  
0.526345  0.526331  0.667875  
0.287407  0.287407  0.913672  
0.681389  0.681389  0.267245  
0.169453  0.169464  0.970903  
0.492198  0.492198  0.717972  
0.537462  0.537461  0.649828  
0.654343  0.654343  0.37904  
0.703174  0.703174  0.105327  
0.603317  0.603318  0.521555  
0.343006  0.343005  0.874469  
0.264676  0.264676  0.927304  
0.209239  0.209239  0.955216  
0.546978  0.546978  0.633742  
0.115785  0.115791  0.986549  
0.569485  0.569486  0.592779  
0.155578  0.155578  0.975495  
0.587773  0.587773  0.55592  
0.371574  0.371574  0.850803  
0.66371  0.66371  0.344932  
0.395328  0.395328  0.829115  
0.621474  0.621474  0.477011  
0.582992  0.582992  0.565898  
0.513936  0.513929  0.68685  
0.379994  0.379994  0.843332  
0.318621  0.31861  0.892762  
0.387303  0.387307  0.836689  
0.476146  0.476144  0.739324  
0.135351  0.135387  0.981778  
0.685157  0.685156  0.24724  
0.125382  0.125382  0.984155  
0.483189  0.483183  0.730201  
0.256052  0.256052  0.932135  
0.631712  0.63164  0.449856  
0.53182  0.53182  0.659043  
0.188229  0.188228  0.963919  
0.178768  0.178767  0.967519  
0.7009  0.7009  0.132202  
0.667401  0.667404  0.330387  
0.468196  0.468198  0.749391  
0.10168  0.10168  0.989608  
0.452959  0.452959  0.767891  
0.598557  0.598556  0.532411  
0.225932  0.225932  0.947584  
4.32978e-17  4.32978e-17  1  
0.461843  0.461838  0.757246  
0.574507  0.574504  0.58309  
0.301248  0.301232  0.904758  
0.69643  0.696503  0.173327  
0.41697  0.417029  0.807749  
0.670864  0.670864  0.316043  
0.564704  0.564375  0.603057  
0.627005  0.627004  0.462316  
0.0569581  0.0569581  0.996751  
0.219301  0.219301  0.950691  
0.64014  0.64014  0.424785  
0.649997  0.649998  0.393715  
0.438324  0.438324  0.784693  
0.238328  0.238281  0.941779  
0.295209  0.295209  0.908683  
0.707107  0.707107  0  
0.692594  0.692593  0.201565  
0.508611  0.50861  0.694717  
0.612715  0.612715  0.499159  
0.248591  0.24859  0.936173  
0.67821  0.678207  0.282967  
0.579777  0.579956  0.572816  
0.326269  0.326266  0.887207  
0.556629  0.556629  0.616707  
0.616534  0.616534  0.489666  
0.674762  0.674762  0.298987  
0.311285  0.311285  0.897888  
0.363681  0.363681  0.857599  
0.238764  0.238762  0.941274  
0.468055  0.468055  0.749566  
0.414153  0.414152  0.81053  
0.701934  0.701934  0.120749  
0.109586  0.109586  0.987918  
0.631682  0.631682  0.44941  
0.497519  0.497519  0.710603  
0.0401022  0.040102  0.998423  
0.197187  0.197186  0.960331  
0.456522  0.456522  0.76366  
0.534674  0.534674  0.654406  
0.610377  0.610377  0.504857  
0.504079  0.504139  0.701431  
0.160887  0.160887  0.973774  
0.356318  0.356284  0.863888  
0.256606  0.256606  0.931836  
0.121443  0.121443  0.985141  
0.580508  0.580509  0.570991  
0.324756  0.324755  0.888299  
0.548588  0.548589  0.63096  
0.492176  0.492176  0.718002  
0.0613545  0.0613544  0.99623  
0.560435  0.560432  0.609831  
0.182197  0.182193  0.966251  
0.229924  0.229924  0.94566  
0.275048  0.275042  0.921283  
0.516261  0.51626  0.683342  
4.32978e-17  4.32978e-17  1  
0.447316  0.447316  0.77448  
0.604151  0.604151  0.519619  
0.635952  0.635951  0.437188  
0.693145  0.69314  0.197788  
0.509997  0.509997  0.692681  
0.344824  0.344824  0.873037  
0.620813  0.620813  0.478732  
0.689982  0.689979  0.218776  
0.655239  0.65524  0.375955  
0.248968  0.248968  0.935968  
0.432974  0.432993  0.790743  
0.281002  0.281  0.917652  
0.707107  0.707107  0  
0.48218  0.482178  0.731467  
0.643989  0.64399  0.412985  
0.48797  0.487964  0.72374  
0.704899  0.704899  0.0790052  
0.698988  0.69898  0.151678  
0.646957  0.646959  0.403621  
0.527989  0.527989  0.665174  
0.170919  0.170919  0.970348  
0.589434  0.589421  0.552447  
0.219907  0.219907  0.950411  
0.370941  0.37094  0.851357  
0.570072  0.570072  0.591639  
0.615636  0.615636  0.491935  
0.207258  0.207258  0.95608  
0.407842  0.407842  0.816903  
0.402881  0.402882  0.821812  
0.625584  0.625584  0.466143  
0.331673  0.331671  0.883178  
0.143629  0.143629  0.979157  
0.54025  0.54025  0.645182  
0.598782  0.598782  0.531902  
0.0946  0.0946  0.99101  
0.462649  0.462649  0.756249  
0.684359  0.684359  0.251604  
0.544472  0.544472  0.638045  
0.30729  0.30729  0.900641  
0.338025  0.338032  0.878429  
0.687567  0.687567  0.233459  
0.650778  0.650776  0.391131  
0.440947  0.440947  0.78175  
0.677156  0.677155  0.287965  
0.387595  0.387595  0.836387  
0.565146  0.565187  0.601302  
0.133464  0.133464  0.982028  
0.593425  0.593425  0.543779  
0.639711  0.639711  0.426078  
0.473952  0.473943  0.742193  
0.585395  0.585395  0.560915  
0.67351  0.673499  0.304718  
0.426884  0.426883  0.797213  
0.287015  0.287015  0.913917  
0.422523  0.422523  0.80184  
0.695951  0.695947  0.176978  
0.0775231  0.0775231  0.993973  
0.663062  0.663061  0.347418  
0.377813  0.377813  0.84529  
0.6805  0.6805  0.271738  
0.264888  0.264888  0.927183  
0.573486  0.573486  0.585002  
0.666515  0.666514  0.333955  
0.394606  0.394606  0.829802  
0.31635  0.31635  0.894343  
0.553614  0.553614  0.622113  
0.659357  0.659349  0.361347  
0.522706  0.522703  0.67348  
0.296719  0.296716  0.907746  
0.669466  0.669466  0.321918  
0.15341  0.15341  0.976182  
