1.32833  1.02965  0.824113  
0.493297  0.912256  1.36587  
1.07544  1.11171  0.748905  
0.00690873  0.0112523  1.77186  
1.02823  1.71963  0.230653  
0.828744  0.449206  1.36443  
0.241204  0.483311  1.81796  
0.939707  0.741348  1.75811  
0.493252  0.720995  1.7819  
0.311505  0.570325  1.45837  
0.940093  1.28317  0.435589  
0.477549  0.919361  1.78243  
0.603496  0.363713  1.3347  
1.76355  0.945787  0.842519  
1.32034  1.09531  1.01306  
0.132693  0.0917451  1.72155  
0.448307  0.621855  1.49386  
0.649797  0.538075  1.38957  
1.35301  0.818412  0.468193  
0.370898  0.364635  1.86132  
0.372562  0.414864  1.48495  
0.836946  1.44123  0.107523  
0.900172  1.28484  0.493582  
0.800728  1.46728  0.566488  
0.980666  0.831614  1.34652  
0.382285  0.729828  1.44757  
1.18455  0.946294  0.137534  
0.845754  1.50552  0.135633  
1.52024  1.26859  0.38773  
0.958781  0.870705  1.09764  
0.62676  0.446887  1.13427  
0.793949  1.51974  0.576899  
1.29034  1.27917  0.811865  
1.37356  1.35188  0.682622  
0.892505  1.18002  0.202155  
0.0693494  0.0779025  1.58786  
0.815063  1.62125  0.383987  
0.778887  1.24011  0.798824  
0.966702  0.953419  0.794005  
0.574196  0.793824  1.51771  
1.20678  1.44524  0.469674  
0.147073  0.14357  1.57493  
1.2272  1.09685  0.323595  
0.879501  1.07741  0.299297  
0.210921  0.343907  1.48582  
1.25423  1.24913  0.132909  
0.803201  1.30782  1.14212  
1.10828  1.18354  0.0675488  
0.727574  0.869621  1.24423  
0.166058  0.21654  1.81361  
1.19797  1.81863  0.193848  
0.0675388  0.115457  1.61896  
0.537144  0.30507  2.17995  
0.14805  0.109696  1.97051  
1.09776  1.03939  0.74073  
1.21325  1.27719  0.70043  
0.102797  0.188428  1.98078  
1.32504  0.850635  0.199514  
1.56417  0.812593  0.316226  
0.956993  1.24691  1.07473  
1.32994  0.957417  0.955604  
1.005  1.50579  0.182  
0.98593  1.45983  0.321972  
0.800957  0.823459  1.23147  
1.50851  0.686312  0.835602  
0.353869  0.344516  2.11785  
1.01817  1.15675  0.821795  
0.971969  0.688476  1.5535  
0.8935  1.61916  0.240831  
1.0436  0.850435  1.29338  
0.440515  0.546792  2.07122  
0.272616  0.456906  1.78231  
1.13729  1.12575  0.491339  
1.39286  0.763611  1.34572  
0.0377338  0.071237  1.82361  
0.00359411  0.00289086  1.89147  
1.00014  1.50977  1.02658  
0.934958  0.899914  0.860489  
0.881993  1.11745  1.29373  
0.198635  0.248213  1.7262  
1.71437  1.36472  0.133048  
1.29125  1.03421  0.549537  
1.34307  0.688905  1.27918  
0.16134  0.233203  1.89552  
0.963112  0.833602  2.03367  
0.670973  1.36039  0.803374  
0.613584  0.83763  1.48873  
1.0427  0.83127  1.34419  
1.38202  0.922564  0.624658  
0.26882  0.151811  1.54696  
0.108792  0.255466  2.2704  
1.26763  0.899186  0.210188  
0.169745  0.300438  1.75687  
0.722923  1.24339  1.01244  
1.04257  1.15673  0.709298  
0.781107  1.60755  0.102861  
0.37821  0.442071  1.47583  
0.993508  1.81659  0.486138  
1.66377  0.611007  1.42215  
1.30032  0.889164  0.040255  
1.69172  0.696969  0.831628  
0.682062  1.82569  1.06808  
1.78241  1.18378  0.710192  
1.88425  1.32606  0.388585  
0.810492  1.79833  1.32197  
0.957713  2.02443  0.281217  
0.0016538  0.00111983  1.86368  
0.164156  0.0628073  2.39312  
1.66816  0.72872  1.28154  
2.20682  1.03763  1.05383  
0.888028  1.6831  0.819874  
0.748338  1.78685  0.808036  
0.0143703  0.0189316  1.98982  
1.95297  0.779527  3.22026e-07  
0.330943  0.23697  2.45378  
0.032921  0.103201  2.83059  
0.180533  0.421384  2.14969  
0.0331528  0.0637329  2.69084  
0.0299303  0.0734179  2.17566  
2.28616  1.02902  0.0269346  
1.66366  1.06485  0.655615  
0.00930672  0.0232443  2.09618  
0.466958  1.0519  1.53435  
1.76248  0.706815  0.851181  
0.710043  1.60836  0.711676  
1.12909  1.09588  0.947437  
6.0657e-08  3.21931e-08  1.75731  
1.64514e-08  2.88271e-08  2.05294  
0.58618  1.18045  1.28235  
0.984234  2.03211  0.449236  
1.86001  0.741892  0.535883  
1.75153  0.688986  1.02874  
1.92332  0.770528  0.000221795  
1.69172  0.696969  0.831628  
2.17315  0.782457  0.0756255  
0.00145041  0.0010388  1.66471  
1.72351  1.18836  0.00292919  
1.12124  1.82863  4.4233e-11  
1.8431  1.02068  6.38527e-07  
0.508109  1.19966  1.4769  
0.27962  0.139479  2.33049  
4.44225e-10  3.71818e-10  1.85294  
0.891341  1.7989  3.07451e-07  
1.94304  0.771164  1.89888e-10  
0.652081  1.27186  0.843832  
1.63358  0.68496  0.880815  
0.436258  1.09574  1.79708  
1.92754  0.778826  3.18372e-07  
1.69446  0.703609  0.790465  
0.707158  0.70712  1.6242e-05  
0.922949  0.461273  1.38723  
0.988621  1.41346  0.784163  
0.773708  1.53591  0.00274931  
0.674802  1.22189  0.691424  
2.21933e-06  1.4647e-06  1.34671  
1.58859  0.67132  0.949076  
1.92808  0.847243  0.0214627  
0.987995  1.45776  2.69687e-07  
0.000157496  0.000157756  1.00143  
0.7815  1.3852  6.23561e-06  
1.67763  1.19908  1.87309e-10  
1.6163e-06  9.74852e-07  1.48467  
1.13547  0.769632  1.29517  
0.749751  1.63571  0.455787  
2.95262e-08  1.70689e-08  1.71786  
1.85729  0.990988  0.00900351  
0.681844  1.81529  1.0627  
1.29711  0.793996  1.18837  
1.58135  0.666952  0.96546  
1.73615  1.1061  0.249575  
1.46201  0.612165  1.26327  
1.19632  1.68245  3.16149e-07  
0.00146034  0.00302993  2.11426  
1.672  0.93861  0.872832  
1.25643  0.691625  1.32403  
0.745101  1.88444  0.523679  
0.781163  1.62497  0.819498  
0.689039  1.59224  1.13506  
0.702041  1.56792  1.1679  
2.08675  0.948659  3.51042e-07  
1.07905  1.23121  1.05172  
3.66742e-08  1.72593e-08  2.04162  
1.44106  1.62843  0.27021  
0.0707243  0.0385312  1.79035  
0.722423  1.69487  0.759322  
1.077  0.589771  1.63703  
1.44696  0.627276  1.11026  
2.04962  0.779477  0.00435821  
1.29806  1.51832  1.26253  
1.63606  0.692507  0.977633  
0.00333854  0.00758373  2.11258  
1.70587  0.680783  1.41095  
1.8237  1.42862  0.0221302  
0.748352  2.00697  0.617695  
4.09159e-08  1.90276e-08  2.27288  
1.88637  1.33473  0.389719  
0.0314804  0.0195902  2.12362  
0.436258  1.09574  1.79708  
0.319781  0.631025  1.98816  
2.03523  0.996722  0.979331  
0.709993  1.1907  0.46197  
0.0223724  0.0154957  1.51164  
0.267354  0.146954  1.61342  
0.0145573  0.0103271  1.4648  
4.79239e-17  7.9855e-17  1.52096  
1.28793  0.867302  0.661594  
0.298367  0.408656  1.35388  
1.07825  0.791017  0.832255  
1.39319  0.951485  0.162171  
4.98777e-17  6.87759e-17  1.38747  
7.84195e-17  4.87434e-17  1.50793  
8.37919e-17  4.65653e-17  1.56554  
1.45058  0.714191  0.608341  
1.14025  0.618964  1.06781  
1.41116  0.700165  0.681652  
0.640098  1.11218  1.05613  
0.348233  0.591105  1.30705  
1.76495  0.741169  0.498604  
0.411457  0.697128  1.2336  
0.643357  1.35745  0.969834  
1.11858  0.620379  0.940647  
0.957675  0.637165  0.687653  
0.751984  1.30818  0.0110485  
0.519283  0.487955  0.940248  
1.19489  0.688056  0.633704  
0.730713  1.08008  0.211223  
7.9561e-17  4.59454e-17  1.50043  
7.52623e-17  4.96076e-17  1.47211  
0.707112  0.707114  1.03567e-11  
4.54021e-17  6.83344e-17  1.33985  
7.66812e-17  4.79813e-17  1.47725  
7.83567e-17  4.60018e-17  1.48389  
1.0435  0.665605  0.772823  
7.73268e-17  4.75871e-17  1.48282  
0.311048  0.313179  1.19094  
4.58526e-17  6.54883e-17  1.3056  
0.984375  1.1535  2.19416e-14  
1.20778  0.746126  0.0105795  
7.57405e-17  4.93373e-17  1.47622  
0.776661  1.48761  8.13298e-14  
1.13364  0.751888  1.38176e-14  
0.667366  1.0487  0.620027  
0.946236  0.682818  0.473784  
0.681355  1.08651  0.571511  
0.689225  0.604116  0.593737  
0.63943  1.03481  0.73309  
0.446981  0.449109  0.777565  
7.3996e-17  5.08497e-17  1.46628  
2.99746e-10  2.99726e-10  1.00004  
0.694587  1.05472  0.482329  
0.703294  1.0462  0.423756  
0.688532  1.01037  0.729255  
1.18408  0.710306  0.53845  
7.83829e-17  4.74328e-17  1.49623  
4.64589e-17  6.25796e-17  1.27286  
1.17754  0.989807  4.0852e-13  
4.95102e-17  5.10425e-17  1.16131  
0.415226  0.42314  1.11589  
1.00655  0.668948  0.664263  
0.669789  1.08445  0.624967  
1.08004  0.854259  1.56031e-12  
0.939681  0.704421  0.624622  
0.741417  0.869452  0.776359  
0.993415  0.776571  0.204241  
0.74292  1.1448  3.62431e-13  
0.637667  1.1996  0.877097  
4.99605e-17  5.41097e-17  1.20275  
0.938594  0.601136  0.829072  
0.646419  1.08729  0.804192  
4.59176e-17  6.66971e-17  1.32242  
1.02937  0.807198  0.0158552  
0.709956  1.18988  0.461731  
0.845383  0.806303  0.706154  
7.28934e-17  5.2006e-17  1.46236  
0.761027  1.14028  3.68384e-13  
0.97385  1.12903  0.0277587  
1.39773  0.734444  0.395988  
0.686904  1.07166  0.536769  
0.629384  0.451936  1.14312  
0.627739  1.01109  0.910827  
0.716952  1.00883  0.719549  
0.836139  1.61749  0.00800483  
0.714165  1.33677  0.527451  
0.690761  0.881732  0.865164  
1.00612  1.15461  0.00600178  
0.967926  0.893124  0.572572  
0.452372  0.45103  1.1148  
0.728833  1.28327  0.376942  
1.337  0.683037  0.736376  
1.153  0.851884  0.340561  
1.32668  0.806604  0.00844632  
7.49319e-17  5.12419e-17  1.48251  
7.87886e-17  4.63025e-17  1.49246  
4.65696e-17  6.70357e-17  1.33303  
1.37147  0.855423  0.00432974  
0.819872  1.4668  0.0927645  
0.469288  0.527949  1.15798  
0.976352  0.7556  3.27867e-13  
0.745559  1.09525  0.594835  
1.2454  0.714484  0.559899  
0.100929  0.11834  1.10266  
0.300001  0.276933  1.04488  
0.597958  0.521233  0.788528  
0.43482  0.405431  0.911248  
0.787366  0.747712  0.280934  
0.608378  0.727466  0.670036  
0.314815  0.362758  0.989111  
0.61399  0.654475  0.668118  
0.742034  0.758195  0.326848  
0.707702  0.987402  0.353511  
0.190943  0.18069  1.05007  
0.61046  0.514569  0.80049  
0.656417  0.813079  0.499307  
0.742166  0.799951  0.178522  
0.750572  0.66202  0.542492  
0.699126  0.732159  0.425935  
0.599212  0.501971  0.824165  
0.676902  0.797631  0.388979  
0.591348  0.617879  0.658333  
0.566689  0.667285  0.692102  
0.718164  0.697759  0.409035  
0.769468  0.667597  0.41997  
0.562884  0.669934  0.709549  
0.708667  0.604662  0.608243  
0.679568  0.736572  0.352336  
0.53398  0.477872  0.817756  
0.68114  0.588556  0.636026  
0.4861  0.486101  0.726235  
0.773904  0.698194  0.294175  
0.582554  0.678803  0.652839  
0.599768  0.694795  0.612583  
0.918868  0.72956  0.30356  
0.570542  0.601334  0.675412  
0.767496  0.690058  0.306398  
0.230516  0.230316  0.946087  
0.40869  0.428971  0.889439  
0.596876  0.744747  0.6659  
0.674699  0.593221  0.621316  
1.44021e-13  1.44021e-13  1  
0.803964  0.721513  5.80937e-21  
0.444075  0.462121  0.849759  
0.686711  0.743506  0.292676  
0.604436  0.596663  0.653441  
0.326653  0.326653  0.886911  
0.589355  0.685963  0.637579  
0.460586  0.538526  0.870906  
0.618083  0.548253  0.699538  
0.707107  0.707107  2.66785e-16  
0.572384  0.563921  0.691615  
0.444195  0.425838  0.861157  
0.746793  0.688035  0.286589  
0.594068  0.701173  0.635587  
0.713914  0.710171  8.66298e-17  
0.48153  0.50623  0.827788  
4.64443e-17  4.53175e-17  1.05974  
0.0172978  0.0142783  1.13927  
0.797871  0.700097  0.256349  
0.74353  0.670472  0.379168  
0.695111  0.677381  0.503606  
0.640425  0.573428  0.646443  
0.498166  0.599558  0.823492  
0.522054  0.467659  0.828726  
0.615052  0.552259  0.687033  
0.739028  0.958148  0.0171478  
0.688798  0.603117  0.617106  
0.545454  0.485789  0.81297  
0.593632  0.669834  0.649268  
0.679634  0.779135  0.379861  
4.47682e-17  4.44355e-17  1.03012  
0.393164  0.452104  0.936457  
0.72034  0.826856  5.89742e-21  
0.673393  0.731541  0.365307  
0.720695  0.822975  5.88296e-21  
0.804647  0.717847  5.79896e-21  
0.642722  0.647092  0.443499  
5.16423e-17  4.42601e-17  1.11075  
0.818412  0.734684  5.9145e-21  
0.533583  0.518277  0.782504  
0.719501  0.839301  0.0866048  
0.611192  0.611186  0.50291  
0.333479  0.351703  0.955367  
0.689157  0.672993  0.499804  
0.626403  0.599285  0.672799  
0.318434  0.334723  0.97855  
0.249568  0.271538  0.991302  
0.620236  0.726617  0.56987  
0.76508  0.630895  0.561183  
0.194384  0.183523  1.04213  
0.729316  0.913351  0.192248  
0.596648  0.589197  0.699143  
0.433306  0.404839  0.908933  
0.692437  0.783998  0.360322  
0.539766  0.474124  0.839688  
0.562913  0.549552  0.756976  
0.644251  0.758852  0.504394  
0.670762  0.589231  0.64823  
0.767941  0.752259  0.11819  
0.571262  0.728233  0.736856  
0.567063  0.648028  0.703964  
0.653679  0.576613  0.72284  
0.160852  0.160852  0.973783  
0.290644  0.290644  0.91162  
0.36589  0.36589  0.855715  
0.533754  0.533754  0.655907  
0.387262  0.387262  0.836694  
0.309468  0.309468  0.899144  
0.376526  0.376526  0.846438  
0.638145  0.638145  0.430745  
0.707107  0.707107  8.5153e-20  
0.657745  0.657745  0.367073  
0.350275  0.350275  0.868686  
0.54179  0.54179  0.642594  
0.151512  0.151512  0.976774  
0.557809  0.557809  0.614572  
0.698667  0.698667  0.154045  
0.673442  0.673442  0.304879  
0.357357  0.357368  0.862929  
0.701137  0.701137  0.129664  
0.670454  0.670454  0.317778  
0.602634  0.602634  0.523129  
0.49166  0.49166  0.718707  
0.118831  0.118831  0.985778  
0.106648  0.106648  0.988561  
0.705459  0.705459  0.0682357  
0.648186  0.648186  0.399637  
0.631394  0.631394  0.450203  
0.696261  0.696261  0.174473  
0.688025  0.688025  0.230743  
0.676591  0.676591  0.290601  
0.228654  0.228654  0.946274  
0.407236  0.407236  0.817507  
0.250075  0.250075  0.935374  
0.264339  0.264339  0.927497  
0.276696  0.276696  0.92026  
0.213689  0.213689  0.953244  
0.332979  0.332979  0.882185  
0.654441  0.654441  0.378699  
0.651449  0.651449  0.388881  
0.417191  0.417191  0.807405  
0.690932  0.690932  0.212662  
0.0786134  0.0786134  0.993801  
0.508455  0.507938  0.696631  
4.32978e-17  4.32978e-17  1  
0.517232  0.517232  0.681867  
0.667302  0.667302  0.330782  
0.141606  0.141606  0.979743  
0.703378  0.703378  0.102566  
0.464544  0.464544  0.753921  
0.221143  0.221143  0.949838  
0.525648  0.525648  0.66887  
0.426819  0.426819  0.797278  
0.188625  0.188625  0.963764  
0.315911  0.315911  0.894651  
0.613394  0.613394  0.49749  
0.693656  0.693656  0.19412  
0.627879  0.627879  0.459931  
0.685238  0.685238  0.246777  
0.661075  0.661075  0.354909  
0.179499  0.179499  0.967244  
0.617078  0.617078  0.488294  
0.644894  0.644894  0.410152  
0.500146  0.500146  0.7069  
0.482728  0.482728  0.730717  
0.0621467  0.0621467  0.99613  
0.0413497  0.0413497  0.998289  
0.236035  0.236035  0.942642  
0.595456  0.595456  0.539318  
0.242984  0.242984  0.939104  
0.205479  0.205479  0.956847  
0.338667  0.338667  0.877843  
0.455292  0.455292  0.765126  
0.302849  0.302848  0.903643  
0.436491  0.436491  0.786735  
0.624333  0.624333  0.469487  
0.197096  0.197096  0.960368  
0.170751  0.170751  0.970406  
0.549807  0.549807  0.628828  
0.573255  0.573255  0.585454  
0.634888  0.634888  0.440267  
0.257135  0.257135  0.931538  
0.682407  0.682407  0.261996  
0.641588  0.641588  0.420391  
0.620628  0.620628  0.47921  
0.679534  0.679534  0.276527  
0.0936346  0.0936346  0.991194  
0.580785  0.580785  0.570418  
0.397304  0.397304  0.827224  
0.34438  0.34438  0.873387  
0.664072  0.664072  0.343536  
0.283768  0.283768  0.915943  
0.371444  0.371444  0.850916  
0.321933  0.321933  0.890347  
0.473649  0.473649  0.742505  
0.511053  0.511053  0.691122  
0.565538  0.565538  0.600278  
0.445991  0.445991  0.776005  
0.607727  0.607727  0.511209  
0.588077  0.588077  0.555276  
0.296831  0.296831  0.907624  
0.130313  0.130313  0.982872  
0.216716  0.216707  0.951929  
0.5522  0.5522  0.624621  
0.405876  0.405876  0.818859  
0.612366  0.612365  0.500024  
0.385978  0.385978  0.837879  
0.418623  0.418623  0.805923  
0.259388  0.259383  0.930306  
0.48503  0.485028  0.727666  
0.154561  0.154561  0.975819  
0.288683  0.28861  0.913183  
0.666286  0.666254  0.335157  
0.181057  0.181057  0.966663  
0.581802  0.581802  0.568343  
0.704067  0.704061  0.0927749  
0.392968  0.392968  0.831356  
0.578211  0.57821  0.575629  
0.313791  0.313791  0.896142  
4.32978e-17  4.32978e-17  1  
0.200964  0.200964  0.958763  
0.505242  0.505213  0.699725  
0.699922  0.699921  0.1422  
0.454345  0.454326  0.766298  
0.297251  0.297251  0.90735  
0.227634  0.227619  0.946819  
0.694405  0.694387  0.188949  
0.399472  0.399472  0.825133  
0.0643932  0.0643929  0.995848  
0.662061  0.662061  0.351214  
0.472454  0.472454  0.744026  
0.24903  0.249025  0.935956  
0.112355  0.112355  0.987296  
0.434639  0.434599  0.788976  
0.685701  0.685701  0.24419  
0.370412  0.370412  0.851816  
0.364112  0.364112  0.857231  
0.626664  0.626656  0.46328  
0.305154  0.305154  0.902088  
0.346737  0.346735  0.871524  
0.209398  0.209398  0.955148  
0.426494  0.426493  0.797627  
0.607278  0.607278  0.512276  
0.688802  0.688801  0.226066  
0.323264  0.323261  0.889391  
0.168681  0.168672  0.971193  
0.273742  0.273741  0.922027  
0.46139  0.46139  0.757786  
0.46637  0.46637  0.751664  
0.62302  0.62302  0.47296  
0.124471  0.124471  0.984385  
0.556661  0.55666  0.616653  
0.639978  0.639977  0.425279  
0.653794  0.65378  0.381022  
0.598479  0.598478  0.532588  
0.495756  0.495756  0.713059  
0.589306  0.589306  0.552666  
0.47908  0.47908  0.735503  
0.511377  0.511377  0.690643  
0.545909  0.545887  0.635645  
0.524031  0.524028  0.671428  
0.0780433  0.0780432  0.993891  
0.644211  0.644205  0.412335  
0.529597  0.529597  0.662611  
0.635691  0.63569  0.437947  
0.649216  0.649216  0.396279  
0.517398  0.517397  0.681621  
0.281967  0.281907  0.917347  
0.593586  0.593586  0.543425  
0.448344  0.448344  0.773289  
0.328983  0.328979  0.8852  
0.338299  0.338284  0.878168  
0.705926  0.705923  0.0578365  
0.675007  0.674993  0.297992  
0.412952  0.412951  0.811755  
0.631142  0.631142  0.450911  
0.707107  0.707107  0  
0.670783  0.670782  0.316393  
0.682403  0.682401  0.262034  
0.696541  0.69654  0.172235  
0.0481218  0.0481218  0.997683  
0.602658  0.602658  0.523074  
0.145387  0.145387  0.978635  
0.442796  0.442796  0.779657  
0.567426  0.567426  0.596705  
0.572865  0.572865  0.586218  
0.657252  0.657251  0.368838  
0.356077  0.356076  0.86396  
0.192489  0.192489  0.962235  
0.540897  0.540897  0.644098  
0.489984  0.489966  0.72108  
0.266469  0.266469  0.926277  
0.561017  0.561016  0.608704  
0.618179  0.618179  0.485499  
0.702318  0.702318  0.116182  
0.133616  0.133614  0.981992  
0.238777  0.238776  0.941277  
0.535423  0.535415  0.653203  
0.377562  0.377562  0.845514  
0.678682  0.678672  0.280742  
0.69147  0.69147  0.209139  
0.0972482  0.0972482  0.990498  
0.537245  0.537245  0.650181  
0.445306  0.445306  0.776792  
0.486863  0.486863  0.72521  
0.43872  0.438677  0.784424  
0.703536  0.703536  0.100375  
0.503119  0.503115  0.702677  
0.330899  0.330899  0.883749  
4.32978e-17  4.32978e-17  1  
0.0925325  0.0925324  0.991403  
0.16992  0.16992  0.970698  
0.337813  0.337813  0.878502  
0.609194  0.609194  0.507708  
0.677328  0.677327  0.287155  
0.684084  0.684084  0.253099  
0.480898  0.480898  0.733126  
0.316792  0.316792  0.894028  
0.585603  0.585603  0.560481  
0.559163  0.559163  0.612107  
0.361885  0.361884  0.859116  
0.269687  0.269686  0.924413  
0.597358  0.597358  0.535096  
0.589946  0.589946  0.551296  
0.427877  0.427886  0.796156  
0.581211  0.581211  0.569551  
0.323408  0.323408  0.889277  
0.705803  0.705761  0.0619901  
0.433207  0.433207  0.790357  
0.40522  0.40522  0.819508  
0.375813  0.375817  0.847082  
0.391687  0.391687  0.832566  
0.660918  0.660918  0.355494  
0.625659  0.625659  0.465943  
0.106437  0.106437  0.988606  
0.492399  0.492398  0.717696  
0.530712  0.530712  0.660825  
0.368913  0.368908  0.853126  
0.457751  0.45775  0.762188  
0.475334  0.475332  0.740354  
0.571079  0.57105  0.589839  
0.639116  0.639065  0.428138  
0.508506  0.508506  0.694869  
0.524904  0.524904  0.670038  
0.651693  0.651692  0.388065  
0.135207  0.135207  0.981551  
0.413703  0.413703  0.810987  
0.285398  0.285398  0.91493  
0.514855  0.514855  0.685456  
0.179998  0.179998  0.967058  
0.227787  0.227787  0.946693  
0.689563  0.689563  0.221371  
0.707107  0.707107  0  
0.602712  0.602708  0.522964  
0.344762  0.34475  0.873132  
0.0402314  0.0402313  0.998382  
0.452334  0.452334  0.768628  
0.69575  0.69575  0.178505  
0.565239  0.565239  0.600842  
0.122511  0.122506  0.984992  
0.146924  0.146904  0.978321  
0.259055  0.259005  0.930623  
0.66649  0.66649  0.334038  
0.351461  0.351461  0.867727  
0.397352  0.397352  0.827178  
0.693007  0.693007  0.198703  
0.576195  0.576194  0.579657  
0.697954  0.698165  0.160727  
0.648281  0.648278  0.399342  
0.277244  0.277161  0.920174  
0.687248  0.687247  0.235334  
0.497289  0.497287  0.710927  
0.541326  0.541326  0.643376  
0.630423  0.629904  0.454821  
0.210506  0.210506  0.954659  
0.620457  0.620457  0.479654  
0.0758355  0.0758372  0.994247  
0.656505  0.6565  0.37151  
0.310697  0.310698  0.898297  
0.670748  0.670748  0.316537  
0.681237  0.681237  0.268015  
0.20062  0.20062  0.958908  
0.238323  0.238322  0.941491  
0.0617524  0.0617524  0.996179  
0.218393  0.218393  0.951112  
0.159266  0.159259  0.974338  
0.633885  0.63381  0.443446  
0.293822  0.293821  0.909584  
0.384604  0.384588  0.839242  
0.674361  0.674357  0.300809  
0.464004  0.464004  0.754587  
0.700706  0.700706  0.134246  
0.188657  0.188656  0.963754  
0.643602  0.643593  0.414245  
0.469388  0.469388  0.747897  
0.614856  0.614856  0.493867  
0.545995  0.545995  0.635439  
0.248912  0.248912  0.935995  
0.419218  0.419218  0.805303  
0.519399  0.519398  0.678565  
0.553378  0.553378  0.622532  
0.302401  0.3024  0.903941  
0.597391  0.597391  0.535021  
0.305519  0.305519  0.901841  
0.584832  0.584836  0.562133  
0.452711  0.452711  0.768183  
0.46397  0.46397  0.754628  
0.705776  0.705776  0.0613927  
0.567545  0.567545  0.596478  
0.684637  0.684636  0.250092  
0.602968  0.602968  0.522359  
0.525905  0.525904  0.668469  
0.562983  0.562972  0.605118  
0.593397  0.593397  0.54384  
0.588904  0.588904  0.553521  
0.580521  0.580521  0.570956  
0.508131  0.508131  0.695419  
0.236371  0.236371  0.942474  
0.6777  0.677692  0.285448  
0.314065  0.314065  0.89595  
0.423599  0.423599  0.800704  
0.393092  0.393092  0.831238  
0.458201  0.4582  0.761649  
0.520617  0.520607  0.676742  
0.0347655  0.0347655  0.998791  
0.643552  0.643552  0.414346  
0.479339  0.479339  0.735165  
0.0541749  0.0541749  0.997061  
0.436726  0.436726  0.786474  
0.639084  0.639085  0.427951  
0.261896  0.261896  0.928881  
0.576121  0.576129  0.579887  
0.417481  0.41748  0.807107  
0.368181  0.368181  0.853752  
0.630273  0.630273  0.453336  
0.377103  0.377103  0.845925  
0.0878276  0.0878112  0.992433  
0.0710553  0.0710552  0.994942  
0.204418  0.204418  0.957302  
0.345358  0.345357  0.872619  
0.338898  0.338898  0.877684  
0.18401  0.18401  0.965547  
0.648209  0.648209  0.399564  
0.429857  0.429857  0.794007  
0.701604  0.701604  0.124513  
0.289253  0.289253  0.912506  
0.673546  0.673546  0.304419  
0.635048  0.635048  0.439806  
4.32978e-17  4.32978e-17  1  
0.11356  0.11356  0.987024  
0.352071  0.352071  0.867232  
0.551743  0.551738  0.625443  
0.400007  0.400007  0.824615  
0.321943  0.321943  0.89034  
0.495158  0.495158  0.713889  
0.681022  0.681022  0.26938  
0.296123  0.29612  0.908123  
0.280258  0.280258  0.918102  
0.210963  0.210963  0.954457  
0.219832  0.219832  0.950446  
0.330656  0.330643  0.883964  
0.618117  0.618117  0.485658  
0.405707  0.405707  0.819026  
0.571047  0.571047  0.589756  
0.557915  0.557914  0.614382  
0.513177  0.513177  0.687967  
0.384161  0.384167  0.839682  
0.50275  0.50275  0.703196  
0.157803  0.157802  0.97481  
0.194507  0.194503  0.961441  
0.625561  0.625561  0.466206  
0.270695  0.270694  0.923823  
0.707107  0.707107  0  
0.486677  0.486677  0.72546  
0.244765  0.244765  0.938179  
0.143056  0.143056  0.979322  
0.253976  0.253949  0.933402  
0.69748  0.697479  0.164461  
0.653794  0.653794  0.380932  
0.544865  0.544865  0.637373  
0.65745  0.65745  0.368132  
0.687495  0.687495  0.233885  
0.100586  0.100586  0.989832  
0.62134  0.62134  0.477362  
0.44381  0.44381  0.778502  
0.171373  0.171373  0.970187  
0.131804  0.131804  0.982475  
0.359008  0.359008  0.861526  
0.538504  0.538478  0.64832  
0.694653  0.694653  0.186854  
0.703665  0.703664  0.0985678  
0.690847  0.690847  0.213214  
0.607618  0.607617  0.511476  
0.410309  0.410309  0.814428  
0.612873  0.612873  0.498773  
0.662681  0.66268  0.349026  
0.22841  0.22841  0.946392  
0.666466  0.666453  0.334205  
0.532854  0.532849  0.657426  
0.699851  0.699851  0.142894  
0.670647  0.670647  0.316961  
0.470437  0.470436  0.746578  
0.194336  0.194336  0.961492  
0.348912  0.348912  0.869782  
0.138189  0.138189  0.980718  
0.600407  0.600367  0.528383  
0.648265  0.648265  0.399387  
0.486888  0.486888  0.725177  
0.609182  0.60915  0.507941  
0.557134  0.557134  0.615796  
0.105587  0.105587  0.988789  
0.0605215  0.0605215  0.99633  
0.540878  0.540878  0.644129  
0.676655  0.676653  0.290326  
0.371338  0.371336  0.851024  
0.660204  0.660203  0.358145  
0.523227  0.523227  0.672657  
0.299884  0.299884  0.905615  
0.690228  0.690228  0.217188  
0.707107  0.707107  0  
0.438708  0.438702  0.784306  
0.460517  0.460517  0.758847  
0.492647  0.492644  0.717362  
0.182412  0.182412  0.966154  
0.53323  0.533206  0.656901  
0.51164  0.511638  0.690263  
0.499961  0.499961  0.707166  
0.700586  0.700586  0.135494  
0.69281  0.692722  0.201055  
0.538307  0.538307  0.648423  
0.683751  0.683751  0.254892  
0.317771  0.317771  0.893333  
0.425048  0.424745  0.800378  
0.618175  0.618175  0.485509  
0.633485  0.633469  0.444384  
0.66445  0.664433  0.342229  
0.446971  0.446971  0.774877  
0.466972  0.466972  0.750915  
0.56826  0.56826  0.595114  
0.68698  0.68698  0.236891  
0.16282  0.16282  0.973129  
0.638655  0.638655  0.429232  
0.340924  0.340923  0.876101  
0.623163  0.623163  0.472585  
0.405054  0.405054  0.819672  
0.290984  0.290983  0.911417  
0.233137  0.233137  0.944084  
0.614067  0.614067  0.495829  
0.594222  0.594222  0.542034  
0.219611  0.219605  0.950572  
0.117132  0.117132  0.986185  
0.480919  0.480919  0.733099  
0.358455  0.358431  0.862089  
0.474906  0.474906  0.740898  
0.333721  0.333721  0.881624  
0.128016  0.128016  0.983477  
0.273815  0.273812  0.922079  
0.572609  0.572609  0.586718  
0.410483  0.410481  0.814259  
0.326766  0.326766  0.886819  
0.309022  0.309022  0.89945  
0.576566  0.576558  0.578973  
0.52801  0.528009  0.665144  
0.643858  0.643856  0.413412  
0.695448  0.695447  0.18085  
0.431426  0.431425  0.792305  
0.379952  0.379952  0.84337  
0.254893  0.254893  0.93277  
0.561949  0.561948  0.606983  
0.505771  0.505771  0.698851  
0.550406  0.550406  0.627779  
0.70519  0.70519  0.0735773  
0.091821  0.0918209  0.991534  
0.588759  0.588774  0.553894  
0.399426  0.399424  0.825252  
0.672611  0.672611  0.308527  
0.454821  0.454821  0.765687  
0.393475  0.393475  0.830877  
0.0815509  0.0815509  0.993327  
0.517274  0.51727  0.681831  
0.668851  0.668851  0.324463  
0.604195  0.604194  0.519518  
0.65238  0.65238  0.385747  
0.265274  0.265269  0.926978  
0.248571  0.248571  0.936177  
0.697789  0.697789  0.161808  
4.32978e-17  4.32978e-17  1  
0.240503  0.240503  0.940381  
0.54536  0.54536  0.636525  
0.70326  0.70326  0.104179  
0.680389  0.680389  0.272289  
0.418228  0.418228  0.806334  
0.655703  0.655703  0.374309  
0.582367  0.582367  0.567183  
0.170128  0.170128  0.970625  
0.0377701  0.0377701  0.998573  
0.627465  0.627456  0.461119  
0.283371  0.283349  0.91638  
0.364128  0.364127  0.857224  
0.206508  0.206508  0.956404  
0.151052  0.151052  0.976917  
0.387191  0.387191  0.83676  
0.633759  0.633759  0.44351  
0.187637  0.187613  0.964254  
0.0519083  0.0519082  0.997303  
0.698358  0.698358  0.156825  
0.279956  0.279957  0.91829  
0.335932  0.335932  0.879943  
0.57823  0.578169  0.575903  
0.614201  0.614199  0.495503  
0.666499  0.666501  0.334014  
0.683898  0.683895  0.254127  
0.562413  0.562413  0.606122  
0.0344722  0.0344722  0.998811  
0.638319  0.638307  0.430283  
0.479476  0.479474  0.734992  
0.484607  0.484605  0.728243  
0.293804  0.293804  0.909592  
0.131754  0.131753  0.982493  
0.20893  0.20893  0.955352  
0.689458  0.689457  0.222037  
0.224066  0.224064  0.948475  
0.196838  0.196835  0.960493  
0.646518  0.646551  0.405271  
0.533242  0.533241  0.656744  
0.504179  0.504171  0.701176  
0.374612  0.374611  0.848138  
0.556707  0.556706  0.616568  
4.32978e-17  4.32978e-17  1  
0.662507  0.662507  0.349529  
0.106903  0.106903  0.988506  
0.592852  0.592851  0.545029  
0.165913  0.165913  0.972083  
0.539439  0.539438  0.64654  
0.449073  0.449074  0.772445  
0.707107  0.707107  0  
0.669748  0.669748  0.320745  
0.550769  0.550768  0.627144  
0.624171  0.624171  0.469918  
0.588718  0.588717  0.553941  
0.607878  0.607877  0.510856  
0.255708  0.255708  0.932324  
0.390237  0.390237  0.833925  
0.427798  0.427798  0.796228  
0.300736  0.300736  0.905052  
0.692216  0.692214  0.204158  
0.704905  0.704903  0.0789366  
0.702858  0.702858  0.109457  
0.603722  0.603721  0.520618  
0.408437  0.40842  0.816364  
0.0914718  0.0914717  0.991599  
0.46337  0.46337  0.755366  
0.273169  0.273161  0.922402  
0.433564  0.433564  0.789966  
0.654003  0.654003  0.380211  
0.498005  0.497998  0.70994  
0.597986  0.597983  0.533705  
0.420273  0.420273  0.804204  
0.399648  0.399639  0.824991  
0.650117  0.650115  0.393324  
0.677744  0.677755  0.285211  
0.467547  0.46751  0.750318  
0.687255  0.687251  0.235327  
0.658735  0.658735  0.363542  
0.57212  0.572119  0.587675  
0.245  0.245  0.938057  
0.629277  0.629277  0.456094  
0.142548  0.142548  0.979471  
0.318369  0.318369  0.892909  
0.516564  0.516564  0.682887  
0.673034  0.673029  0.306718  
0.440027  0.440027  0.782786  
0.699892  0.69988  0.142683  
0.356496  0.356496  0.863711  
0.154143  0.154143  0.975952  
0.584363  0.584363  0.563063  
0.217773  0.217769  0.951411  
0.30975  0.309749  0.89895  
0.326867  0.326866  0.886745  
0.522957  0.522777  0.674141  
0.341311  0.341311  0.875794  
0.566379  0.566368  0.598765  
0.179766  0.179766  0.967145  
0.0700905  0.0700905  0.995075  
0.28669  0.28669  0.914122  
0.546273  0.546265  0.634985  
0.695709  0.695708  0.178831  
0.527537  0.527537  0.665891  
0.115594  0.115594  0.986548  
0.510379  0.510378  0.692121  
0.351154  0.351154  0.867976  
0.642898  0.642898  0.416371  
0.366649  0.366649  0.855066  
0.38193  0.381927  0.841635  
0.414258  0.414258  0.810421  
0.473345  0.473345  0.742894  
0.456095  0.456067  0.764378  
0.265079  0.265079  0.927081  
0.618639  0.618638  0.484329  
0.491682  0.491682  0.718678  
0.681786  0.681786  0.265213  
0.23398  0.23398  0.943672  
0.259214  0.259217  0.930395  
0.526188  0.526188  0.668034  
0.705413  0.705413  0.0691751  
4.32978e-17  4.32978e-17  1  
0.563141  0.563141  0.604768  
0.0384514  0.0384514  0.998521  
0.607309  0.607309  0.512203  
0.552736  0.552736  0.623672  
0.664998  0.664998  0.339936  
0.220818  0.220813  0.950012  
0.278199  0.278199  0.919357  
0.559109  0.559109  0.612204  
0.468447  0.468447  0.749076  
0.434332  0.434331  0.78913  
0.585967  0.585967  0.559721  
0.443786  0.443785  0.778541  
0.0759266  0.0759266  0.994219  
0.361043  0.361044  0.859823  
0.603545  0.603524  0.521225  
0.689621  0.689621  0.221009  
0.520193  0.520192  0.677357  
0.324563  0.324563  0.888436  
0.178733  0.178727  0.967562  
0.59919  0.599195  0.530991  
0.505582  0.505582  0.699124  
0.488884  0.488884  0.722485  
0.57992  0.57991  0.572267  
0.594145  0.594145  0.542202  
0.406086  0.406069  0.818749  
0.574043  0.574043  0.583909  
0.676909  0.676909  0.28912  
0.679395  0.679395  0.277208  
0.667737  0.667737  0.329023  
0.693205  0.693208  0.197322  
0.631551  0.631549  0.449774  
0.230961  0.230961  0.945153  
0.450309  0.450309  0.771001  
0.249894  0.24992  0.935565  
0.590194  0.590185  0.550845  
0.641976  0.641976  0.419206  
0.637496  0.637496  0.432665  
0.354155  0.354155  0.865534  
0.703289  0.703289  0.103782  
0.657571  0.65757  0.3677  
0.622316  0.622316  0.474811  
0.397881  0.397882  0.826669  
0.413326  0.413334  0.811386  
0.0916324  0.0916324  0.991568  
0.707107  0.707107  0  
0.682645  0.682644  0.260765  
0.626822  0.626822  0.462804  
0.201105  0.201105  0.958704  
0.190632  0.190632  0.962974  
0.383508  0.383508  0.840145  
0.389689  0.389689  0.834437  
0.511941  0.511941  0.689806  
0.298132  0.298132  0.906775  
0.4747  0.4747  0.741161  
0.212047  0.212047  0.953977  
0.155259  0.155259  0.975597  
0.333295  0.333296  0.881947  
0.535188  0.535188  0.653566  
0.240251  0.240251  0.94051  
0.439135  0.439135  0.783786  
0.686033  0.686032  0.242324  
0.650415  0.650415  0.392327  
0.0610764  0.0610764  0.996263  
0.543004  0.543004  0.640542  
0.549204  0.549203  0.629887  
0.661088  0.661051  0.355204  
0.69545  0.69545  0.18083  
0.34005  0.340049  0.876873  
0.612064  0.612062  0.500996  
0.700382  0.700382  0.137599  
0.315871  0.315871  0.89468  
0.285608  0.285609  0.914799  
0.464441  0.464446  0.754056  
0.146571  0.146571  0.978281  
0.136274  0.136274  0.981254  
0.376673  0.376673  0.846307  
0.455991  0.455991  0.764293  
0.26989  0.26989  0.924294  
0.167201  0.167201  0.971642  
0.646272  0.646272  0.405791  
0.698385  0.698384  0.156589  
0.530715  0.530706  0.660908  
0.672757  0.672754  0.307978  
0.304748  0.304748  0.902363  
0.617089  0.617089  0.488265  
0.495533  0.495535  0.713372  
0.501161  0.501161  0.705461  
0.419536  0.419537  0.804972  
0.369593  0.369593  0.852527  
0.122208  0.122208  0.984953  
0.567819  0.567819  0.595958  
0.480666  0.480667  0.733431  
0.107391  0.107391  0.9884  
0.347821  0.347824  0.870676  
0.425643  0.425644  0.798534  
0.654284  0.654284  0.379244  
