1.46181  4.06728  
2.15372  2.85252  
1.6518  3.87824  
0.856448  4.56194  
0.855832  4.52138  
0.789926  4.42462  
1.68187  3.73364  
1.15505  4.3767  
2.21129  2.02326  
1.82511  3.64232  
1.99943  3.3961  
0.813141  4.39044  
1.73644  3.30889  
1.93687  3.37745  
0.643594  4.52786  
2.09027  2.7203  
2.03866  2.81304  
1.55539  3.75583  
2.2979  2.83722  
1.72331  3.45949  
0.593667  4.46401  
0.595259  4.5721  
0.62474  4.60369  
0.654388  4.29216  
2.16202  2.93249  
2.0484  2.86287  
0.770947  4.62123  
0.624553  4.59797  
0.834593  4.46222  
1.10159  4.20737  
1.71364  3.76237  
1.23836  4.12569  
1.77208  3.41873  
1.9599  2.89896  
1.89604  3.31278  
1.1072  4.22283  
1.79752  3.42918  
2.31824  2.42268  
0.639796  4.5717  
1.29294  4.18983  
0.754111  4.56524  
1.21195  4.13725  
1.71176  3.77851  
1.20527  4.42418  
0.859744  4.52261  
0.635407  4.47802  
2.05765  2.82582  
0.513061  4.51222  
0.62504  4.48447  
1.30724  4.26208  
1.46243  3.98035  
2.17714  3.1753  
1.56486  4.11661  
2.02678  2.80841  
1.87835  3.07664  
2.13688  3.13357  
2.01584  3.12944  
1.89635  3.43538  
1.94461  3.3194  
1.42032  3.88083  
2.27051  2.45049  
0.575444  4.51326  
0.682823  4.57697  
1.25147  4.34512  
0.599591  4.56756  
1.59952  3.74976  
1.88745  3.33358  
1.9214  3.24644  
0.835107  4.52762  
1.70732  3.73249  
1.29594  3.96099  
0.633748  4.51085  
1.93297  3.20666  
1.76088  3.66579  
1.47452  3.87568  
1.26548  4.16463  
2.21345  2.93221  
1.97515  2.63492  
1.41224  4.02186  
1.09642  4.46892  
1.66087  3.51974  
1.1015  4.19104  
2.17419  2.5457  
2.3337  2.19339  
1.85581  2.70078  
2.0395  3.008  
2.34292  2.29292  
2.19085  2.82794  
1.94238  3.25794  
0.657784  4.55446  
2.21159  2.71005  
1.96597  2.84965  
1.75556  3.51055  
1.67173  3.69542  
0.53636  4.53308  
1.64821  3.80541  
2.05234  2.79091  
0.811838  4.37413  
1.84965  3.20747  
2.35617  2.32312  
0.594181  4.58803  
1.48347  3.86115  
1.98792  3.45589  
1.12582  4.54784  
1.04175  4.52403  
1.54031  4.01923  
1.57139  3.89956  
1.86879  3.56844  
1.46523  4.04135  
1.83194  3.58824  
1.5847  3.75806  
0.858441  4.52987  
1.98835  3.23277  
1.15677  4.1714  
1.07236  4.40816  
1.81051  3.46486  
1.21039  4.14848  
1.54346  3.85698  
2.10461  2.946  
1.12494  4.27532  
1.33528  3.84384  
1.07224  4.03829  
2.25717  1.81204  
1.20716  3.72314  
1.07989  4.06385  
0.695588  4.46231  
1.94538  2.79964  
2.34272  0.679729  
0.699078  4.32317  
1.57516  3.53962  
2.38993  1.47833  
2.09069  2.39137  
2.09138  2.35971  
0.358714  4.35542  
1.87392  2.88627  
1.461  3.67647  
1.58465  3.68958  
0.998688  4.14569  
1.99419  2.51159  
1.63193  3.32293  
2.00159  2.98763  
2.26542  1.75397  
1.41361  3.9165  
2.14354  1.91365  
1.24961  3.84531  
1.98221  2.77004  
1.56612  3.59204  
1.75094  2.67489  
0.433974  4.33298  
1.92026  2.35963  
1.6995  3.48538  
1.71884  2.87706  
1.5376  2.96268  
2.11861  0.143482  
1.1494  4.16302  
0.371195  4.08673  
1.33613  3.57376  
1.74418  3.15593  
1.13977  3.96948  
2.07482  2.0409  
1.9596  2.97169  
1.79897  2.96711  
2.51973  0.731423  
2.44472  1.15553  
1.04283  4.14806  
2.04428  2.65169  
1.92597  3.05183  
0.571146  4.54472  
1.60645  3.54125  
1.94666  2.99277  
1.23114  3.94245  
2.28487  2.24317  
2.1615  2.26198  
1.82862  3.15388  
1.2649  3.91039  
1.71453  3.47772  
2.31023  1.96749  
1.91107  3.01045  
1.74182  3.3634  
2.14785  2.5179  
2.06778  2.1203  
1.47744  3.83077  
1.562  3.68578  
0.957017  4.3688  
2.3711  1.89851  
1.70633  3.62304  
2.25659  2.24763  
2.26774  1.76706  
2.52907  1.11746  
0.893153  4.42191  
0.704044  4.48987  
0.808221  4.4117  
2.21707  2.47778  
2.37946  2.12554  
1.81834  3.3923  
1.34597  4.12998  
0.675761  4.55466  
2.18013  2.57283  
1.3049  4.08579  
1.87583  3.26502  
1.64876  3.18068  
1.15108  3.84134  
2.08699  1.64842  
1.81702  2.62859  
1.95626  2.01594  
1.40602  3.35414  
2.22447  0.464661  
2.00725  1.95526  
1.79375  2.70107  
0.895439  4.0091  
1.15154  3.76464  
2.06233  1.53221  
1.90552  2.14717  
1.81507  2.59483  
1.09689  3.79022  
1.02863  3.86221  
1.34804  3.47299  
1.83454  2.50995  
1.48441  3.18178  
1.66394  2.87558  
0.718059  4.15364  
1.2001  3.55487  
0.793798  3.93911  
1.98021  1.3716  
1.74681  2.50753  
2.05634  1.26323  
1.86942  2.17593  
2.22188  0.297808  
1.58076  2.87648  
1.37902  3.29479  
1.47207  3.10805  
1.90147  1.96509  
1.52707  2.96002  
0.781595  4.001  
1.2924  3.44717  
0.248688  4.17668  
1.08706  3.6978  
2.15854  0.453628  
1.2556  3.48897  
0.954676  3.85163  
1.65304  2.38344  
1.42922  3.2228  
0.724897  4.01807  
1.45555  3.19555  
1.86097  1.90457  
1.08889  3.47109  
0.783203  3.92571  
1.7713  1.96046  
1.47316  2.77697  
0.97262  3.63092  
1.98502  1.63104  
0.756547  4.01394  
1.95009  1.57618  
1.14707  3.61466  
0.120293  4.02232  
2.07349  1.34366  
0.850394  3.85736  
1.92379  1.8914  
1.62138  2.58815  
1.29595  3.25454  
1.42933  3.20807  
2.02809  0.0682747  
1.91999  1.81936  
2.13522  0.85062  
1.70298  2.67459  
0.37286  4.15589  
2.21147  0.385254  
1.3013  3.44693  
1.47975  3.17542  
1.9812  1.63316  
1.67701  2.79724  
1.84009  2.37145  
1.96196  1.69751  
2.19445  0.325196  
0.722958  4.11638  
0.788837  4.06381  
1.41871  3.26174  
0.774404  4.03208  
1.02465  3.77695  
1.25311  3.57469  
0.654318  4.14387  
1.03038  3.70184  
1.6188  2.86629  
1.57192  3.02094  
1.50905  3.15157  
0.751534  4.10168  
1.01919  3.8938  
1.4716  3.24016  
2.01732  1.62928  
1.53819  3.05207  
1.92156  1.96652  
1.17328  3.69034  
0.326974  4.22667  
0.852873  3.96421  
1.71344  2.7083  
1.38212  3.33559  
0.311974  4.30404  
1.87595  2.23976  
2.01386  1.64356  
1.05903  3.82257  
1.22477  3.30807  
1.20416  3.32434  
1.66726  2.37505  
1.43757  2.89356  
1.3985  3.02253  
1.09439  3.44828  
1.26973  3.20208  
1.75073  2.11657  
1.46734  2.8441  
1.64009  2.43438  
1.35461  3.05663  
1.51303  2.71965  
1.86633  1.70612  
1.72256  2.18204  
1.90131  1.54687  
0.76226  3.86319  
1.93622  1.42492  
1.57072  2.61516  
1.68395  2.3251  
1.18842  3.33527  
1.99243  0.940859  
0.794439  3.75359  
1.77993  2.00277  
1.71931  2.06599  
1.93716  1.23924  
1.575  2.51755  
1.2704  3.10977  
1.35492  2.95678  
2.00596  0.718883  
1.44296  2.78531  
2.00156  0.805532  
1.71135  2.09078  
1.53564  2.57769  
1.27023  3.19468  
1.61504  2.4  
0.923718  3.62532  
1.18608  3.2679  
1.50049  2.76767  
0.807235  3.72443  
1.20721  3.19487  
1.70349  2.24873  
1.62101  2.48216  
1.84854  1.54783  
1.31224  3.11839  
1.64783  2.39503  
0.50596  3.93093  
0.636771  3.79679  
1.74917  1.94821  
1.49729  2.65927  
1.94805  0.943634  
1.97423  0.824721  
1.5915  2.54849  
1.01899  3.45484  
2.00356  0.00870735  
1.7923  1.79546  
1.30118  3.0507  
0.485356  3.95697  
0.0246823  4.0071  
1.7865  1.86625  
0.582755  3.88986  
0.428057  3.96677  
0.959644  3.51429  
1.81818  1.68363  
1.44323  2.86352  
0.87253  3.65317  
1.67249  2.20796  
1.39785  2.86604  
0.650857  3.86673  
0.849564  3.70093  
1.66014  2.36106  
0.606431  3.93291  
0.616071  3.86743  
1.88977  1.32299  
0.272921  4.04278  
1.93103  1.27245  
0.809678  3.79556  
0.776817  3.77971  
1.87398  1.61482  
1.67178  2.33806  
0.942887  3.61161  
1.82632  1.81597  
1.16812  3.35205  
2.04892  0.0574312  
1.07327  3.46364  
1.65396  2.39598  
1.96235  1.10188  
1.23422  3.24152  
0.893869  3.66719  
1.09317  3.35399  
1.73559  2.13782  
1.59165  2.43105  
1.53007  2.67922  
1.32831  3.0707  
1.13358  3.37155  
1.91707  1.4679  
0.502493  3.99936  
1.66004  2.39471  
0.853412  3.70761  
1.41255  2.95693  
1.28501  3.18325  
1.33986  2.96973  
1.99068  0.386035  
1.80851  1.70805  
1.77192  1.85512  
1.36499  2.9236  
1.23615  3.14489  
1.76233  1.89128  
0.671712  3.76767  
1.20166  3.19752  
1.84246  1.55614  
1.26167  3.10369  
1.99594  0.255102  
1.63733  2.29712  
1.931  1.04359  
1.68131  2.17128  
1.78126  1.81895  
1.8235  1.64311  
1.64937  2.26242  
1.03796  3.41918  
1.8683  1.42757  
0.88638  3.58573  
1.17485  3.23714  
1.73469  1.9909  
0.86431  3.60722  
1.79966  1.74502  
1.57252  2.47163  
1.69588  2.12041  
1.28388  3.06979  
0.128862  3.9917  
1.95931  0.802843  
1.90797  1.19951  
0.976209  3.49117  
0.545026  3.84863  
1.12293  3.31003  
1.93809  0.987606  
0.367714  3.93183  
0.599962  3.8158  
0.699076  3.74771  
1.9521  0.870289  
0.835649  3.63413  
0.193046  3.98134  
1.22092  3.16822  
1.98496  0.489899  
0.947047  3.52314  
1.4997  2.64647  
0.521401  3.8617  
1.71581  2.05528  
1.41494  2.827  
1.02399  3.43598  
0.331038  3.94484  
0.648788  3.78371  
1.97896  0.578846  
0.493163  3.87651  
1.94509  0.930986  
0.735113  3.72003  
1.32382  2.99838  
1.07615  3.37161  
1.43857  2.77889  
1.96598  0.734732  
0.00519905  4  
1.79031  1.78305  
0.776313  3.6864  
1.58434  2.44124  
0.29161  3.95727  
1.892  1.29673  
2.00007  0.00172978  
1.4858  2.67765  
1.75287  1.92612  
0.574  3.83174  
1.00059  3.46344  
1.05839  3.39404  
1.53876  2.55519  
1.59819  2.40485  
0.929878  3.5414  
1.46692  2.71901  
0.909074  3.56295  
1.29836  3.04258  
1.91654  1.14448  
0.244931  3.96991  
0.40288  3.91802  
1.8601  1.46982  
0.799878  3.66619  
0.624802  3.79983  
1.14994  3.27272  
1.92363  1.09488  
0.755821  3.70339  
1.52157  2.59604  
1.82974  1.61505  
1.97275  0.658261  
0.435183  3.90418  
1.55247  2.5218  
1.66906  2.20389  
0.464867  3.89047  
1.61699  2.35405  
1.10764  3.33058  
1.45279  2.74915  
1.88398  1.34266  
1.85163  1.51199  
1.90006  1.24873  
1.38909  2.87784  
1.0977  3.34415  
0.561371  3.83943  
1.82116  1.65376  
1.38937  2.87752  
1.07982  3.36706  
1.57159  2.47413  
0.503117  3.87164  
1.80906  1.70596  
1.33884  2.97182  
1.35605  2.94059  
0.971279  3.49672  
1.94919  0.896575  
0.758841  3.70114  
1.99047  0.391427  
1.1136  3.32286  
1.73001  2.0074  
0.115268  3.99342  
1.78947  1.78674  
0.994434  3.47075  
1.97044  0.68618  
1.0654  3.3856  
0.901619  3.57076  
0.45454  3.89541  
1.6631  2.22271  
1.45427  2.74621  
1.53083  2.57509  
0.886892  3.58537  
0.415572  3.91283  
0.649708  3.78329  
0.67902  3.76253  
1.25948  3.10776  
1.27998  3.07387  
0.923783  3.54945  
1.04525  3.41087  
1.37436  2.90748  
1.40479  2.84761  
1.90926  1.19181  
0.787894  3.67672  
1.74226  1.96478  
1.888  1.32083  
0.532698  3.85562  
1.20712  3.18997  
1.41776  2.82159  
1.86918  1.4234  
1.63584  2.30173  
1.98442  0.49882  
1.18799  3.21806  
1.13635  3.29203  
1.5844  2.44122  
1.51377  2.61448  
1.99603  0.256157  
1.75366  1.9235  
0.863701  3.60799  
1.84489  1.54498  
0.832015  3.63761  
1.29893  3.04178  
0.701722  3.74595  
1.31613  3.0121  
1.94272  0.951415  
1.4797  2.69136  
0.812437  3.65525  
1.15243  3.26956  
1.87884  1.37429  
0.0011203  4.00031  
0.62508  3.79975  
1.0269  3.43276  
1.24246  3.135  
1.49318  2.66141  
1.96002  0.796395  
1.9188  1.12897  
1.71333  2.06424  
0.319896  3.94862  
0.385259  3.92516  
1.77641  1.83812  
0.269751  3.96352  
1.59774  2.40631  
1.648  2.26675  
1.67677  2.18089  
1.83337  1.59911  
1.68962  2.14076  
0.946557  3.52398  
1.9359  1.00537  
1.61866  2.35008  
1.89648  1.27056  
1.70164  2.10232  
0.59899  3.81654  
0.192473  3.98156  
1.85537  1.49553  
0.346642  3.93953  
1.16737  3.24803  
1.54524  2.54016  
0.737686  3.71898  
1.76337  1.88771  
1.22637  3.16007  
1.97817  0.590062  
1.55777  2.50898  
2.00002  0.000794216  
1.43167  2.79331  
1.79821  1.75131  
1.92674  1.07392  
1.04332  3.4143  
1.6515  2.25854  
0.910279  3.56182  
1.48293  2.6862  
1.4476  2.76022  
0.66529  3.7723  
1.63869  2.29346  
0.829697  3.63966  
1.98551  0.48152  
0.994224  3.47085  
1.31139  3.02037  
1.18832  3.21753  
0.73868  3.7173  
1.75375  1.92358  
1.4007  2.85531  
0.952229  3.51794  
1.32363  2.99878  
1.8992  1.25427  
1.36498  2.924  
1.46956  2.71341  
1.54118  2.54961  
1.295  3.0485  
0.210106  3.97791  
1.99577  0.261055  
1.60238  2.39382  
1.71704  2.05375  
1.83798  1.57758  
1.98021  0.562095  
1.67782  2.17765  
1.42903  2.79878  
1.41446  2.82805  
1.10505  3.33415  
0.577291  3.82994  
1.92683  1.07246  
0.155933  3.9879  
1.70361  2.09568  
1.56765  2.48486  
1.99124  0.374901  
0.51188  3.86684  
1.50102  2.64664  
0.935525  3.53563  
1.61911  2.34973  
1.87857  1.37313  
1.08192  3.3643  
0.540433  3.85127  
1.93432  1.01711  
0.246771  3.96953  
0.97362  3.49415  
1.95482  0.8459  
1.94843  0.902897  
2.00002  0.000718104  
0.798988  3.66705  
1.52872  2.5794  
0.856699  3.6148  
1.85583  1.49158  
1.58565  2.43873  
0.716789  3.73464  
1.69001  2.14026  
1.34639  2.95842  
1.89098  1.30958  
1.66242  2.22427  
1.20369  3.19455  
1.02213  3.43828  
1.81996  1.6589  
1.38477  2.88668  
0.290105  3.95775  
1.12776  3.30394  
1.86748  1.43234  
1.26213  3.1034  
1.55904  2.5058  
1.91479  1.15564  
0.692064  3.75311  
0.000172765  4.00002  
1.17462  3.23766  
1.78325  1.81196  
1.24139  3.13713  
1.74539  1.95351  
1.22053  3.16889  
1.83025  1.61313  
0.480144  3.8831  
0.877376  3.59489  
1.06841  3.38167  
1.96546  0.740744  
0.383073  3.92605  
1.28218  3.07011  
1.81262  1.69313  
0.609915  3.80953  
1.80111  1.73946  
1.14372  3.28231  
1.84724  1.53374  
0.336264  3.94312  
0.434147  3.9047  
1.73393  1.99376  
1.97518  0.629212  
0.769248  3.69238  
1.94043  0.96946  
0.642147  3.78852  
1.76837  1.86942  
1.50941  2.62453  
1.90667  1.20906  
1.44167  2.77316  
1.74053  1.97063  
1.15372  3.26764  
0.764777  3.6961  
1.17045  3.24403  
1.88881  1.3156  
0.468239  3.88904  
1.36954  2.91524  
1.24567  3.12954  
1.84231  1.55708  
1.77789  1.83241  
0.881565  3.59057  
7.00426e-05  4.00003  
0.661683  3.77481  
1.06958  3.38037  
1.78994  1.7847  
1.33606  2.97678  
1.40603  2.84496  
1.89634  1.2714  
0.121025  3.99271  
1.6813  2.16651  
1.97196  0.668173  
1.18953  3.21578  
1.04311  3.413  
1.91597  1.1477  
0.789971  3.67483  
0.819715  3.6487  
1.1321  3.299  
1.95803  0.815865  
1.81156  1.69534  
1.96604  0.734483  
1.10656  3.33246  
0.388734  3.92376  
1.28063  3.07264  
0.248277  3.96913  
1.9924  0.34957  
0.429179  3.90781  
1.58847  2.43057  
1.94934  0.894942  
1.92559  1.08138  
1.57659  2.46162  
1.87896  1.3708  
0.592098  3.82086  
1.55996  2.5037  
1.98593  0.474885  
1.75074  1.93412  
1.70246  2.09933  
1.71839  2.05142  
0.566379  3.83636  
1.53083  2.57423  
1.97862  0.583964  
1.46512  2.72306  
1.48124  2.68797  
1.54305  2.54502  
0.536653  3.8534  
0.73627  3.71915  
1.93733  0.99379  
1.85978  1.47281  
0.354456  3.93676  
1.67183  2.19567  
1.72924  2.00994  
1.85038  1.51854  
1.42651  2.80377  
1.86968  1.42088  
0.510018  3.86795  
1.35309  2.94604  
1.69274  2.13056  
1.23261  3.15022  
1.65833  2.23623  
1.83221  1.6044  
1.08914  3.35508  
0.979265  3.4879  
1.49786  2.65074  
1.90346  1.22833  
0.842569  3.6278  
1.26685  3.09539  
2.00003  0.000293016  
1.99627  0.245301  
0.682773  3.75986  
1.30105  3.03842  
1.76553  1.87958  
1.38551  2.88484  
0.636355  3.79224  
1.60293  2.39343  
0.308921  3.95207  
1.79978  1.74476  
0.202676  3.97946  
0.903702  3.56845  
1.31892  3.01075  
1.82155  1.65214  
1.62631  2.32845  
0.923355  3.54927  
1.64132  2.2865  
0.998396  3.46629  
0.71124  3.73859  
0.953228  3.51676  
1.02255  3.43785  
1.208  3.18806  
0.859771  3.61159  
1.51752  2.60563  
1.10012  3.34063  
1.5253  2.58744  
1.70527  2.0902  
0.835558  3.63431  
1.67574  2.18363  
1.589  2.42916  
1.83313  1.59974  
1.80797  1.71036  
1.2517  3.11986  
1.56808  2.48322  
1.12151  3.31295  
1.92879  1.05808  
1.93641  1.00093  
0.566176  3.83647  
1.88659  1.32799  
1.72847  2.0171  
1.16054  3.25785  
1.4779  2.69515  
0.503989  3.87096  
0.937783  3.53309  
1.86771  1.43203  
1.73951  1.97403  
1.26829  3.09299  
0.959615  3.5102  
1.20067  3.19948  
1.85431  1.49916  
0.980855  3.48606  
1.79316  1.77179  
0.764533  3.69703  
0.919981  3.55192  
1.96229  0.773496  
1.38847  2.87921  
0.810663  3.65862  
1.21779  3.17325  
1.90922  1.19179  
1.87778  1.37705  
1.03781  3.42002  
1.42217  2.81258  
3.78867e-05  4.00002  
1.95391  0.863554  
1.1852  3.22213  
0.294505  3.95646  
0.626843  3.79851  
0.472412  3.88809  
1.89971  1.25095  
0.135092  3.99089  
1.75339  1.9243  
1.97795  0.59302  
1.71802  2.04799  
1.14438  3.28059  
1.32481  2.99696  
1.40695  2.843  
1.06023  3.39184  
1.55431  2.51738  
1.94296  0.948659  
1.4923  2.66331  
1.63095  2.31532  
1.51148  2.6197  
0.194534  3.98108  
1.91996  1.12115  
0.708903  3.74035  
1.78333  1.81087  
0.791165  3.67382  
0.533549  3.85508  
1.69447  2.125  
1.37345  2.90781  
0.89612  3.57612  
1.98534  0.48404  
1.53874  2.5554  
1.64499  2.27527  
2.00001  0.000241502  
1.76955  1.86424  
0.435665  3.90402  
0.675851  3.76509  
0.249257  3.96889  
1.02075  3.43991  
0.332267  3.94452  
1.61898  2.34861  
1.84811  1.53242  
0.592431  3.82054  
1.07929  3.36783  
0.367041  3.93215  
0.407246  3.91628  
1.34019  2.96916  
1.81884  1.66368  
1.28567  3.06409  
1.65868  2.23507  
1.99615  0.248716  
1.97018  0.688784  
0.736377  3.72066  
1.45797  2.73821  
0.868807  3.60567  
1.29954  3.0406  
1.99169  0.36471  
1.44349  2.76961  
1.60594  2.38416  
0.649446  3.78333  
1.3561  2.9402  
1.00464  3.45883  
1.23514  3.14679  
0.825906  3.6436  
3.12029e-05  4.00001  
1.98997  0.401022  
1.77302  1.85105  
0.781235  3.68231  
0.672345  3.76727  
1.21087  3.18363  
1.33455  2.97958  
1.36127  2.93058  
0.75737  3.70269  
1.6014  2.39659  
1.72491  2.02462  
1.69328  2.12901  
1.65407  2.24869  
1.81601  1.67659  
1.14923  3.27378  
0.577764  3.82952  
1.3933  2.86983  
0.457307  3.89405  
0.277126  3.96146  
1.7601  1.8998  
2.00001  0.000158653  
0.367084  3.9321  
0.418546  3.91146  
1.74665  1.94867  
0.731124  3.72408  
0.610319  3.80933  
1.89655  1.27028  
1.9248  1.08692  
0.700441  3.74706  
0.317665  3.94927  
1.96728  0.721178  
1.47237  2.7073  
1.25451  3.11531  
1.98409  0.504115  
1.73656  1.98457  
0.942833  3.5283  
1.8616  1.46238  
1.88901  1.31446  
1.02356  3.43651  
1.4882  2.67242  
1.99593  0.257275  
1.49952  2.64692  
1.0612  3.39065  
1.61986  2.34725  
1.66627  2.21238  
1.45158  2.75185  
1.6345  2.30726  
0.519726  3.86264  
1.93675  0.99816  
0.644176  3.78688  
0.982799  3.48401  
1.43949  2.77727  
1.84483  1.54501  
1.82576  1.63324  
0.489545  3.87837  
0.891046  3.58173  
1.40565  2.84552  
1.9047  1.22026  
0.860879  3.61104  
1.70468  2.09219  
1.52844  2.58001  
1.16954  3.24518  
1.91315  1.1663  
1.12219  3.31108  
1.2697  3.09196  
1.23825  3.14142  
1.94549  0.927802  
0.805853  3.66101  
1.04245  3.41379  
1.29007  3.05668  
1.97295  0.656556  
1.95242  0.867508  
0.11786  3.99309  
1.87144  1.41114  
0.549028  3.8464  
1.58929  2.4285  
1.42369  2.80943  
1.51591  2.60929  
1.07991  3.36685  
1.10559  3.33359  
0.964558  3.50525  
0.240986  3.97088  
0.184005  3.98306  
1.57062  2.47652  
1.68213  2.16388  
1.00723  3.45576  
1.19188  3.21219  
0.91616  3.55633  
1.80307  1.73097  
1.31498  3.01391  
1.8339  1.59624  
1.97819  0.590529  
1.37563  2.90363  
1.88001  1.36478  
1.78657  1.79808  
1.85279  1.50636  
1.55474  2.51719  
1.543  2.5451  
1.95999  0.796359  
1.57286  2.47097  
1.90268  1.23276  
1.93053  1.04669  
1.03395  3.4241  
0.77359  3.68868  
1.23265  3.15011  
1.31533  3.0134  
1.81259  1.69075  
0.332385  3.94482  
1.98869  0.426517  
0.500762  3.87262  
1.11761  3.31731  
1.76818  1.86949  
1.2555  3.11392  
1.84363  1.55081  
1.99481  0.289542  
1.91005  1.1864  
0.681159  3.76088  
1.6171  2.3539  
0.594788  3.81908  
1.52409  2.59022  
1.05451  3.39896  
1.40176  2.85322  
1.10184  3.33831  
0.835907  3.63395  
0.703033  3.74482  
1.5342  2.56626  
1.50754  2.62871  
0.402211  3.91876  
1.78847  1.7928  
0.94408  3.52658  
0.633226  3.79426  
1.33522  2.97888  
1.69091  2.13635  
1.28237  3.06983  
1.55968  2.50467  
1.87344  1.4007  
0.991974  3.47472  
1.70357  2.09953  
1.29822  3.0429  
0.465658  3.89011  
1.83251  1.60258  
1.15483  3.26736  
1.95686  0.828348  
1.96914  0.701686  
1.01228  3.44986  
1.75326  1.92583  
0.533786  3.85518  
1.71245  2.06668  
0.362672  3.93384  
1.77937  1.82665  
0.292146  3.95711  
1.60525  2.38631  
1.43426  2.78935  
1.14006  3.2868  
1.96302  0.771416  
0.900888  3.57133  
1.79934  1.74667  
1.97998  0.565103  
1.63048  2.31661  
2.00002  7.20244e-05  
1.73939  1.97464  
1.49564  2.65608  
1.47872  2.69335  
1.85998  1.47053  
1.89507  1.27911  
0.968023  3.50031  
1.72417  2.0272  
1.97421  0.640941  
1.46266  2.72822  
1.35376  2.94447  
1.44765  2.76001  
0.87975  3.59269  
0.434871  3.90434  
0.80292  3.66358  
0.140529  3.99015  
1.68147  2.16597  
1.41567  2.82558  
1.38139  2.89311  
0.920795  3.55095  
1.66339  2.22109  
1.17814  3.23352  
2.95673e-05  4.00001  
1.54804  2.53275  
1.20717  3.18927  
0.746779  3.71087  
0.207489  3.97844  
1.58619  2.43666  
1.88609  1.33087  
0.244999  3.96992  
1.82448  1.63977  
0.570723  3.83373  
1.93932  0.978251  
1.64559  2.27345  
0.725733  3.72744  
0.656218  3.77859  
1.92049  1.11715  
0.856095  3.61508  
1.0803  3.3664  
1.94898  0.898409  
