2.88103  0.977139  0.97712  
2.9143  0.982949  0.989181  
2.9328  0.975921  0.977643  
2.91074  0.982577  0.982111  
2.82185  0.996088  0.989249  
2.8316  0.98706  1.06597  
2.90888  0.974628  0.977303  
2.92281  0.983888  0.982863  
2.759  0.98005  1.05402  
2.81162  0.987617  0.992994  
2.90405  0.983019  0.981023  
2.8501  0.984909  0.984081  
2.93498  0.983606  0.983774  
2.83685  0.982413  0.999478  
2.87096  0.993276  0.98947  
2.80659  0.981295  1.05004  
2.9172  0.986186  0.990752  
2.87411  0.981832  1.01392  
2.8984  0.985644  0.985826  
2.86231  0.975034  0.981484  
2.91315  0.986009  0.993663  
2.80069  0.987763  1.04521  
2.8141  0.9832  0.986599  
2.80673  0.987068  1.01403  
2.78259  0.980851  1.05824  
2.94289  0.984224  0.98491  
2.8375  0.978587  0.992476  
2.93266  0.983196  0.983139  
2.86654  0.982374  0.983382  
2.90531  0.984496  0.982237  
2.78899  0.984119  1.01357  
2.93017  0.972573  0.972236  
2.88355  0.988081  0.995094  
2.63442  0.999859  1.07471  
2.64128  1.01573  1.02169  
2.85201  0.98547  0.985492  
2.87859  0.98238  0.982229  
2.84036  0.982926  1.00811  
2.84291  0.986282  0.988626  
2.84947  0.975946  1.01954  
2.79547  0.986193  1.05312  
2.91875  0.974699  0.974955  
2.86958  0.995154  0.989669  
2.83335  0.979502  1.0024  
2.90853  0.978714  0.978866  
2.89393  0.982082  0.989046  
2.85281  0.989526  0.987279  
2.77698  0.997816  0.988434  
2.8253  0.984815  0.999941  
2.81488  0.981422  1.02204  
2.90432  0.97737  0.975588  
2.85931  0.987519  1.00506  
2.91089  0.979182  0.982643  
2.64201  0.976672  1.27641  
2.94695  0.978253  0.978752  
2.80825  0.982065  0.996458  
2.9083  0.986189  0.99183  
2.86586  0.972959  0.974345  
2.87158  0.979766  1.00887  
2.89868  0.983634  0.987219  
2.85363  0.983779  1.00649  
2.87912  0.979678  0.993407  
2.93693  0.984915  0.985143  
2.95858  0.977932  0.977895  
2.90955  0.98429  0.982943  
2.85081  0.972204  0.968763  
2.86696  0.988541  1.0026  
2.83801  0.980404  1.02335  
2.8488  0.978681  0.997691  
2.8655  0.982604  0.987221  
2.92742  0.981737  0.982555  
2.90095  0.979374  0.98141  
2.86682  0.988094  0.984942  
2.85476  0.979139  0.997342  
2.77078  0.977215  1.00838  
2.89231  0.982256  0.989818  
2.8552  0.980215  0.976542  
2.92654  0.986162  0.987493  
2.82114  0.979389  1.01935  
2.81429  0.996728  0.986358  
2.85651  0.977741  0.980686  
2.92908  0.983523  0.983882  
2.87147  0.978003  1.00377  
2.79981  0.982051  1.02497  
2.74481  0.998022  0.991446  
2.88588  0.984666  0.982986  
2.88288  0.986808  0.998471  
2.8198  0.982068  1.00715  
2.92756  0.986738  0.986414  
2.87431  0.992056  0.98644  
2.84766  0.983645  0.986916  
2.81288  0.983593  1.03631  
2.84572  0.98762  0.993562  
2.83526  0.988744  0.983357  
2.85851  0.986015  0.984604  
2.96912  0.983047  0.982973  
2.83934  0.978589  0.997375  
2.95164  0.980251  0.980183  
2.85868  0.977779  0.984422  
2.82915  0.980727  0.988385  
2.92524  0.970137  0.9698  
2.73896  0.976424  1.18285  
2.86264  0.977535  0.988111  
2.75616  0.979705  1.11064  
2.93185  0.98488  0.985671  
2.79138  0.976654  1.04317  
2.87007  0.964719  0.971329  
2.86853  0.965677  0.965121  
2.72999  0.981725  1.11712  
2.89423  0.98177  0.979152  
2.80648  0.953604  0.970285  
2.89719  0.977226  0.979647  
2.7179  0.966684  1.13828  
2.88242  0.968572  0.975647  
2.82463  0.967655  0.971799  
2.74523  0.979148  1.04763  
2.85475  0.984027  0.988923  
2.79762  0.961665  0.984282  
2.81516  0.970169  1.02956  
2.92832  0.980733  0.982165  
2.87714  0.979558  0.98526  
2.85105  0.979169  1.01926  
2.72724  0.981883  1.15725  
2.69507  0.974968  1.32254  
2.78718  0.985273  1.00593  
2.83298  0.989995  0.984171  
2.93381  0.977395  0.977252  
2.75356  0.982987  1.01654  
2.90726  0.971061  0.971989  
2.70346  0.988497  1.05897  
2.90333  0.985941  0.987973  
2.67204  0.980439  1.32654  
2.69281  0.957816  1.35095  
2.75348  0.961054  1.06254  
2.73886  0.976326  1.18275  
2.8339  0.976204  1.01891  
2.60062  0.970321  1.54286  
2.72577  0.978172  1.01791  
2.79336  0.978256  1.02443  
2.75357  0.961138  1.06263  
2.8622  0.977759  0.981956  
2.80962  0.967622  0.996035  
2.82654  0.975744  0.985066  
2.89196  0.976527  0.982243  
2.87183  0.984955  0.982859  
2.86047  0.975368  0.985944  
2.82903  0.979361  1.00527  
2.92462  0.980748  0.983403  
2.75339  0.960959  1.06245  
2.17709  0.968523  0.965133  
2.86078  0.978147  0.983129  
2.81585  0.964729  0.980103  
2.58724  0.990816  1.32683  
2.76583  0.972311  0.958174  
2.84427  0.980965  0.981504  
2.77907  0.987705  0.992806  
2.80911  0.982716  1.07845  
2.84248  0.949787  0.961836  
2.73806  0.977705  1.27153  
2.36009  1.07256  1.10022  
2.82059  0.985523  0.998057  
2.84551  0.97831  0.998073  
2.90076  0.982889  0.987971  
2.83733  0.978272  1.00463  
2.83789  0.978831  1.00519  
2.78891  0.987  1.00766  
2.74717  0.983975  1.05159  
2.8623  0.978943  0.977287  
2.80791  0.982663  1.02344  
2.82658  0.980822  1.03024  
2.92938  0.981545  0.9828  
2.87266  0.947219  0.945026  
2.92453  0.981595  0.983938  
2.921  0.984737  0.985144  
2.8706  0.983112  0.991604  
2.87336  0.984759  0.991298  
2.86289  0.977787  0.988363  
2.89223  0.980777  0.98783  
2.8428  0.981367  1.03319  
2.85055  0.978674  1.01876  
2.60066  0.970365  1.54291  
2.78891  0.987  1.00766  
2.91477  0.989183  0.987455  
2.71091  0.983497  1.29676  
2.91273  0.984496  0.984918  
2.75885  0.985049  1.1507  
2.88991  0.962618  0.960482  
2.59193  0.973444  1.6055  
2.81986  0.983657  1.09772  
2.72159  0.97334  1.14111  
2.81526  0.978925  0.982926  
2.89821  0.939364  0.940399  
2.8704  0.977314  0.979661  
2.75054  0.982636  0.980669  
2.79129  0.980682  1.09037  
2.86258  0.977481  0.988058  
2.77369  0.973975  1.08603  
2.91967  0.979988  0.979648  
2.8006  0.983855  0.98396  
2.80637  0.979751  1.04462  
2.7993  0.96059  0.974751  
2.63981  0.978538  1.04235  
2.81686  0.972242  0.966554  
2.83343  0.972313  0.969307  
2.85217  0.966348  0.98916  
2.66615  1.00972  0.976336  
2.76239  0.974013  0.968022  
2.76968  0.981309  0.975318  
2.67984  0.959834  1.04099  
2.75631  0.978696  0.995028  
2.74015  0.96338  0.966229  
2.76345  0.96418  1.00663  
2.66734  1.01091  0.977525  
2.66875  1.01231  0.978931  
2.69231  0.977305  1.01065  
2.82134  0.964474  1.0104  
2.66765  1.01121  0.977828  
2.81793  0.965129  1.02215  
2.64088  0.985083  1.10398  
2.72096  0.977862  0.965688  
2.75555  0.966983  0.97052  
2.74918  0.976811  0.977342  
2.65434  0.951773  1.05325  
2.52068  0.993264  1.29547  
2.76239  0.974014  0.968022  
2.68822  0.967867  1.04013  
2.66039  0.982439  0.953888  
2.63935  0.983558  1.10245  
2.77107  0.97525  0.970215  
2.76562  0.977244  0.971253  
2.77778  0.944275  1.00847  
2.74412  0.958347  0.953414  
2.72802  0.981985  0.957733  
2.79505  0.965183  0.979001  
2.76655  0.969728  1.00714  
2.70106  0.945625  1.07111  
2.70524  0.95122  0.97744  
2.66034  0.949028  1.0471  
2.66667  0.94293  1.29003  
2.66728  1.00941  0.976336  
2.65961  1.00267  0.965561  
2.71814  0.971159  1.13401  
2.57386  0.953469  1.46357  
2.91057  0.96897  0.970001  
2.89515  0.94819  0.951759  
2.77278  0.95404  0.955978  
2.77107  0.97525  0.970215  
2.55517  1.00605  0.955285  
2.774  0.971532  0.96186  
2.59536  0.964465  1.4337  
2.86906  0.945737  0.946613  
2.62475  0.960485  1.18688  
2.13861  0.967948  0.970229  
2.78719  0.938766  1.01434  
2.71825  0.967862  0.97542  
2.7384  0.986228  0.961857  
2.6091  0.962705  1.18688  
2.66749  0.944815  1.21142  
2.73896  0.962664  0.965777  
2.56025  0.962642  1.81259  
2.78084  0.970794  0.961843  
2.82345  0.954333  0.954715  
2.74099  0.964216  0.967065  
2.64009  0.953003  1.18937  
2.69205  0.97705  1.01039  
2.74567  0.95188  0.96268  
2.89595  0.948985  0.952554  
2.52051  0.966725  1.5237  
2.73776  0.960991  0.963839  
2.68224  0.97146  1.22459  
2.82348  0.954365  0.954747  
2.70421  0.975231  1.15106  
2.76194  0.962676  1.00513  
2.5871  0.977265  1.45035  
2.73981  0.963042  0.965891  
2.51726  0.991695  1.38645  
2.68038  0.986086  1.01818  
2.62127  0.994842  1.06673  
2.76345  0.974883  0.978419  
2.66506  1.00862  0.975241  
2.62422  0.97832  1.13001  
2.83075  0.967607  0.959981  
2.90795  0.966356  0.967387  
2.68326  0.97248  1.22561  
2.72944  0.966298  1.0212  
2.83336  0.968955  0.963657  
2.77961  0.96956  0.960609  
2.7604  0.972028  0.966036  
2.7394  0.962628  0.965477  
2.68172  0.965437  1.05256  
2.7029  0.986112  0.964833  
2.81796  0.96516  1.02218  
2.62132  0.994895  1.06679  
2.7663  0.977927  0.971936  
2.88977  0.972523  0.986428  
2.78071  0.981734  0.99565  
2.70899  0.990037  0.966046  
2.77738  0.974912  0.96524  
2.78152  0.971474  0.962522  
2.80022  0.974343  0.96175  
2.27119  1.05613  1.00421  
1.86467  1.43305  0.922347  
1.86386  1.43224  0.921535  
2.51487  0.946447  0.894672  
2.63711  0.945176  0.936252  
2.84786  0.879155  0.879603  
2.70784  0.898034  0.889148  
2.7072  0.855239  0.941884  
2.6912  0.854845  0.968464  
2.48161  0.835387  1.45784  
2.48139  0.835172  1.45763  
2.79089  0.885458  0.882686  
2.75103  0.842495  0.841347  
2.75043  0.8419  0.840753  
2.75138  0.842852  0.841704  
2.40924  1.04089  1.05825  
2.72146  0.866279  0.858834  
1.86164  1.43002  0.919322  
1.82258  1.37138  0.829503  
2.54634  0.854919  0.968534  
2.39032  0.888293  1.02035  
2.2656  0.968357  0.832602  
1.78345  1.39875  0.862617  
1.86147  1.42984  0.919113  
2.25598  1.02484  0.849509  
1.91654  1.27437  0.84881  
2.60935  0.828545  0.948819  
1.79678  1.32866  0.840347  
2.73178  0.82554  0.845309  
2.63436  0.823289  0.950074  
2.28634  0.923109  0.887304  
2.47766  0.830722  1.4532  
1.80475  1.29388  0.883702  
2.40811  0.819476  1.67424  
2.59547  0.842812  0.822621  
2.54794  0.821684  1.04715  
2.13905  1.02906  0.91335  
1.79061  1.31995  0.869978  
1.80418  1.29331  0.883131  
2.51243  0.856419  0.82214  
2.52358  0.835056  1.29234  
1.85125  1.05065  1.04819  
2.42932  0.850552  1.25046  
2.57128  0.858382  0.863625  
2.48466  0.861838  0.853061  
2.58287  0.844884  0.82777  
2.52333  0.863808  1.43376  
1.78796  1.32458  0.854866  
1.97789  0.948029  1.16851  
2.48096  0.834733  1.45719  
1.83825  1.23027  0.912097  
2.55804  0.831787  1.05725  
2.62912  0.821606  0.983634  
2.49886  0.822225  1.32517  
1.91647  1.27746  0.84809  
1.83239  1.30252  0.845977  
2.30282  0.97883  0.842555  
2.0719  0.961107  0.874206  
2.60409  0.857622  0.839325  
2.60517  0.826192  0.846789  
2.45495  0.871996  0.857409  
2.41307  0.832749  1.32755  
2.49771  0.866248  0.853089  
2.75611  0.816781  0.816719  
2.70431  0.82004  0.822018  
2.47199  0.82823  1.4604  
2.47826  0.831327  1.45381  
2.48149  0.864721  0.846272  
2.38005  0.905758  0.82754  
1.79912  1.30034  0.883218  
2.63721  0.837272  0.837522  
2.3534  0.917698  0.82636  
2.72752  0.884429  0.898326  
2.28517  0.91523  1.00053  
2.53573  0.863084  0.830133  
2.66957  0.813053  0.82936  
2.45522  0.858293  1.0623  
1.82243  1.30925  0.836842  
2.54595  0.836233  0.882067  
1.82507  1.29924  0.851222  
1.82147  1.37027  0.828388  
2.66062  0.831034  0.819893  
1.82045  1.30461  0.841515  
2.74918  0.84065  0.839502  
2.48018  0.833244  1.45572  
2.64235  0.847088  0.832885  
2.55705  0.830797  1.05626  
2.26612  0.968872  0.833117  
1.80475  1.29388  0.883703  
2.51342  0.883034  0.839053  
2.63006  0.822541  0.984569  
1.83277  1.3029  0.846349  
2.71203  0.83182  0.850905  
2.62931  0.84126  0.853999  
2.55801  0.831754  1.05722  
2.48218  0.865911  0.84785  
1.83277  1.3029  0.846349  
2.39666  0.911529  0.831575  
2.59348  0.84465  0.838181  
2.55475  0.828491  1.05396  
2.06188  0.129401  0.127939  
1.0069  0.789022  0.13366  
1.68103  0.203914  0.151316  
1.72211  0.199872  0.125346  
1.44424  0.340463  0.141621  
1.64364  0.20423  0.169876  
1.5847  0.263403  0.12977  
1.8603  0.149205  0.129861  
1.6554  0.175842  0.249541  
1.39274  0.347199  0.135703  
1.7262  0.189256  0.129235  
1.31889  0.410172  0.142023  
1.57935  0.199822  0.353456  
1.70051  0.184547  0.1637  
1.83375  0.141328  0.153119  
1.35672  0.354312  0.245385  
1.81991  0.12823  0.308776  
1.47135  0.343322  0.128142  
1.68705  0.125106  1.06284  
1.84554  0.152626  0.13528  
1.72005  0.199707  0.125379  
1.62945  0.207486  0.19826  
1.61916  0.237587  0.12592  
1.05285  0.665005  0.154772  
1.71819  0.149547  0.361152  
1.31813  0.281274  0.796705  
1.45411  0.339207  0.137461  
1.29559  0.423542  0.211981  
1.07538  0.702315  0.123165  
1.84974  0.138315  0.195746  
1.79395  0.136925  0.30939  
1.77081  0.163411  0.154742  
1.87193  0.13664  0.158971  
1.85869  0.139656  0.132047  
1.01593  0.794088  0.125012  
0.998786  0.731826  0.173321  
1.54722  0.259933  0.146836  
1.03759  0.683436  0.154772  
0.968722  0.683361  0.326269  
0.941138  0.606493  0.691466  
1.72855  0.186063  0.119456  
1.63594  0.128521  1.05605  
1.66522  0.155999  0.614843  
1.53605  0.131505  1.28329  
1.0555  0.674508  0.143463  
1.70188  0.214324  0.125092  
1.03673  0.67857  0.169185  
1.44451  0.133934  1.3238  
1.6811  0.12336  1.07826  
1.59105  0.127386  1.28319  
1.80683  0.16897  0.127201  
1.05609  0.694082  0.127001  
1.70679  0.125063  1.00234  
1.7332  0.177029  0.138072  
1.72343  0.194311  0.12583  
1.62312  0.155464  0.796649  
1.90676  0.122246  0.113895  
1.99358  0.116937  0.113806  
1.38072  0.339378  0.211374  
1.87861  0.120327  0.127837  
1.68255  0.223103  0.125274  
0.878774  0.685351  0.691466  
1.81827  0.126913  0.505609  
1.08023  0.680467  0.122441  
1.7275  0.145593  0.309871  
2.04234  0.106518  0.107274  
1.41216  0.332652  0.178057  
1.58173  0.234751  0.143962  
1.61508  0.216247  0.169876  
1.04886  0.657623  0.175104  
1.58433  0.127488  1.29067  
1.82694  0.118723  0.602268  
0.954377  0.86188  0.122952  
1.82695  0.161352  0.120201  
1.82846  0.159215  0.1271  
1.44249  0.363387  0.127939  
1.81601  0.141052  0.174908  
1.85873  0.119589  0.489365  
1.8234  0.1613  0.12654  
1.05523  0.674983  0.147435  
1.78321  0.136035  0.335124  
1.62939  0.124044  1.17755  
1.38455  0.419611  0.139972  
1.8427  0.158443  0.152332  
1.65178  0.128567  1.00198  
1.77643  0.143433  0.427985  
1.74015  0.172156  0.161267  
1.70913  0.192576  0.133428  
1.97224  0.118953  0.113928  
1.8284  0.157518  0.153262  
1.84124  0.122403  0.383251  
1.80244  0.125797  0.653511  
1.00446  0.785637  0.126509  
1.86761  0.150907  0.127088  
1.79876  0.139864  0.246609  
1.74355  0.135401  0.465946  
1.81203  0.161452  0.130536  
1.80181  0.141569  0.21126  
1.58482  0.12735  1.29055  
1.65549  0.216509  0.129328  
1.89165  0.0713396  0.118811  
1.61043  0.0699297  1.07999  
2.02852  0.0695987  0.0699382  
1.94807  0.0743409  0.0698624  
1.95527  0.0697778  0.0915624  
1.96832  0.0702979  0.0765351  
1.79383  0.0878875  0.0904769  
1.88601  0.0716187  0.120496  
2.0186  0.0694782  0.0724478  
1.96002  0.0714099  0.0729061  
1.9308  0.0747061  0.0711  
1.93288  0.0758134  0.0699385  
0.851101  0.609884  0.61295  
1.91875  0.0695363  0.147413  
1.93366  0.0708507  0.0878582  
1.64932  0.125274  0.0958205  
0.823753  0.645787  0.61295  
1.97065  0.0740123  0.0694654  
2.0577  0.0694657  0.0694949  
2.0186  0.0694782  0.0724478  
1.94925  0.0745663  0.0697079  
2.04269  0.0694785  0.0697755  
1.97789  0.0697324  0.0795947  
1.85159  0.0875249  0.0702722  
1.99433  0.0694823  0.0797596  
1.4872  0.240902  0.0694654  
1.84156  0.0788604  0.0949173  
1.9609  0.0703259  0.0791453  
2.0439  0.0694727  0.0697755  
1.9084  0.069723  0.147413  
1.95943  0.0696067  0.0944255  
1.96745  0.0707093  0.0740785  
1.97713  0.0717207  0.0699958  
2.03841  0.0694785  0.0700027  
1.94108  0.0694778  0.124826  
1.89816  0.0713463  0.111191  
1.96669  0.0700486  0.0797596  
1.64479  0.125114  0.100456  
1.96446  0.0716791  0.0713536  
1.82626  0.0696762  0.348273  
1.97899  0.0708476  0.0712512  
2.04708  0.0695575  0.0694852  
2.06127  0.0694657  0.069472  
1.95533  0.0697762  0.0915624  
1.94937  0.0745542  0.0697079  
2.01483  0.0701846  0.0696156  
2.02151  0.0697959  0.0698177  
2.01884  0.0703449  0.0694852  
2.03146  0.0695596  0.0699166  
1.92803  0.0706834  0.0941787  
0.847779  0.614165  0.61295  
1.6012  0.15247  0.0802096  
2.02084  0.0697958  0.0698509  
2.02114  0.0697481  0.0699382  
1.93399  0.0729271  0.0742407  
2.01219  0.0697037  0.0708875  
1.81116  0.0880727  0.0796675  
1.97968  0.0698512  0.0770487  
1.86002  0.0885634  0.0695705  
1.43906  0.235047  0.0807625  
1.89956  0.0705942  0.12557  
1.93496  0.0713841  0.0818718  
1.99304  0.0694781  0.0806785  
2.02138  0.0697959  0.0698241  
1.43933  0.234888  0.0807625  
1.8985  0.083567  0.0694651  
1.94658  0.0709058  0.0801848  
0.991888  0.645358  0.0764842  
1.61061  0.0699297  1.07951  
2.01045  0.069492  0.0737839  
1.96616  0.0716811  0.0711105  
2.05887  0.0694657  0.0694852  
1.97342  0.0711591  0.0712512  
1.93758  0.0708536  0.0853969  
1.91247  0.070551  0.111191  
1.47156  0.239012  0.0699936  
1.95771  0.0695734  0.0974819  
1.76551  0.0875433  0.120496  
1.97651  0.0710443  0.0711  
1.9877  0.07072  0.0705065  
1.98515  0.069712  0.0770487  
1.95706  0.0712894  0.0740835  
1.96731  0.0701557  0.0782534  
1.90044  0.0696852  0.163529  
2.01634  0.0704534  0.0694852  
1.93007  0.0713791  0.0845408  
1.96832  0.0702979  0.0765351  
1.94675  0.0743375  0.0699382  
1.96729  0.0708846  0.0732877  
1.97958  0.0697112  0.0792598  
1.90091  0.078477  0.0708875  
1.95403  0.0698245  0.0911823  
1.91557  0.0713642  0.0945616  
1.96675  0.0701769  0.0782534  
1.91366  0.0704944  0.111191  
2.01219  0.0697037  0.0708875  
1.82443  0.0855504  0.0796675  
1.92799  0.0729159  0.0761033  
1.44652  0.235949  0.07652  
1.92721  0.0744942  0.0719847  
1.93591  0.0727666  0.0742407  
1.99215  0.0694781  0.0810982  
2.03016  0.0695596  0.0699939  
1.98633  0.0699184  0.0742407  
1.99522  0.0694823  0.0793734  
1.99363  0.0694934  0.0793734  
2.05937  0.0694649  0.0694852  
1.97486  0.0718765  0.0699958  
1.89811  0.0713462  0.111247  
1.9411  0.0715494  0.0779659  
1.81338  0.0787109  0.126376  
1.9718  0.0711577  0.0714938  
1.85084  0.0806685  0.0809284  
1.86002  0.0885634  0.0695705  
1.99522  0.0694823  0.0793734  
2.01465  0.070343  0.0695343  
1.97159  0.0698488  0.0804061  
2.04279  0.0694711  0.0698454  
1.84949  0.0696585  0.282151  
1.01451  0.617925  0.0764842  
2.04789  0.0695575  0.0694797  
1.97789  0.0697324  0.0795947  
1.85159  0.0875249  0.0702722  
1.99433  0.0694823  0.0797596  
1.4872  0.240902  0.0694654  
1.84156  0.0788604  0.0949173  
1.9609  0.0703259  0.0791453  
2.0439  0.0694727  0.0697755  
1.9084  0.069723  0.147413  
1.95943  0.0696067  0.0944255  
1.36052  0.265004  0.220538  
1.96745  0.0707093  0.0740785  
2.00355  0.0695583  0.0739731  
1.97713  0.0717207  0.0699958  
2.043  0.0694739  0.0698032  
2.03016  0.0695596  0.0699939  
2.04428  0.0694711  0.0697755  
1.89816  0.0713463  0.111191  
1.96669  0.0700486  0.0797596  
1.97421  0.0696881  0.0822622  
1.64479  0.125114  0.100456  
1.82626  0.0696762  0.348273  
2.04708  0.0695575  0.0694852  
1.60172  0.152498  0.0799183  
1.92803  0.0706834  0.0941787  
2.01483  0.0701846  0.0696156  
1.84949  0.0696585  0.282151  
2.01884  0.0703449  0.0694852  
2.03146  0.0695596  0.0699166  
1.6012  0.15247  0.0802096  
2.02084  0.0697958  0.0698509  
1.95533  0.0697762  0.0915624  
0.847498  0.614219  0.614256  
1.987  0.0717054  0.069589  
1.97968  0.0698512  0.0770487  
2.02114  0.0697481  0.0699382  
1.93399  0.0729271  0.0742407  
2.01219  0.0697037  0.0708875  
1.81116  0.0880727  0.0796675  
1.86002  0.0885634  0.0695705  
1.89956  0.0705942  0.12557  
1.93496  0.0713841  0.0818718  
1.99304  0.0694781  0.0806785  
1.43933  0.234888  0.0807625  
1.8985  0.083567  0.0694651  
0.991888  0.645358  0.0764842  
1.61061  0.0699297  1.07951  
2.01045  0.069492  0.0737839  
1.96616  0.0716811  0.0711105  
2.05887  0.0694657  0.0694852  
1.97342  0.0711591  0.0712512  
1.93758  0.0708536  0.0853969  
1.91247  0.070551  0.111191  
1.47156  0.239012  0.0699936  
1.95771  0.0695734  0.0974819  
2.04362  0.0694739  0.0697755  
1.97418  0.0697793  0.0804061  
1.9342  0.0713834  0.0822622  
1.99593  0.0703346  0.0705154  
1.9845  0.0695582  0.0808028  
2.01106  0.0694876  0.0737839  
2.01988  0.070274  0.0694907  
1.94606  0.0698214  0.0974819  
2.01912  0.0698632  0.0698135  
1.93667  0.0705653  0.0895919  
1.84899  0.069669  0.282151  
1.39172  0.269319  0.144196  
1.94802  0.0732728  0.0708146  
1.89579  0.0714989  0.111191  
1.91767  0.0697829  0.130205  
2.01979  0.0697479  0.0700217  
1.89579  0.0714989  0.111191  
1.95785  0.0701804  0.0822622  
1.93261  0.071223  0.0845344  
1.95954  0.0703253  0.079746  
1.9733  0.0699153  0.0786766  
1.96793  0.0706548  0.0742407  
1.82626  0.0696762  0.348273  
1.47156  0.239012  0.0699936  
1.95388  0.0712378  0.0752288  
2.03016  0.0695596  0.0699939  
2.01857  0.0703562  0.0694852  
1.97035  0.0699281  0.0797596  
1.9064  0.0738403  0.0806785  
1.8095  0.0880549  0.0804942  
1.93362  0.0701373  0.0998483  
2.00977  0.069492  0.0739574  
1.96804  0.0743842  0.0694643  
2.02244  0.0696698  0.0700796  
1.90173  0.0792  0.0702615  
1.95067  0.0735179  0.0702722  
1.58239  0.15145  0.0947004  
2.0447  0.0695929  0.0694852  
1.95454  0.0697968  0.0915624  
1.96531  0.0700481  0.0803866  
1.87975  0.0825217  0.0702722  
1.90378  0.0785122  0.0705345  
2.04318  0.069466  0.0699166  
1.95971  0.0714096  0.072974  
1.00949  0.656349  0.0698903  
2.00841  0.0695097  0.0737839  
2.01185  0.0706856  0.0694821  
1.97789  0.0697324  0.0795947  
1.85159  0.0875249  0.0702722  
1.99433  0.0694823  0.0797596  
1.4872  0.240902  0.0694654  
1.84156  0.0788604  0.0949173  
1.9609  0.0703259  0.0791453  
2.0439  0.0694727  0.0697755  
1.9084  0.069723  0.147413  
1.95943  0.0696067  0.0944255  
1.96745  0.0707093  0.0740785  
1.97713  0.0717207  0.0699958  
1.89816  0.0713463  0.111191  
1.96669  0.0700486  0.0797596  
1.90837  0.0707568  0.111191  
1.64479  0.125114  0.100456  
1.97929  0.0697326  0.0789929  
1.82626  0.0696762  0.348273  
2.04708  0.0695575  0.0694852  
1.92803  0.0706834  0.0941787  
1.95533  0.0697762  0.0915624  
2.01483  0.0701846  0.0696156  
2.01884  0.0703449  0.0694852  
2.03146  0.0695596  0.0699166  
2.03016  0.0695596  0.0699939  
0.847561  0.614158  0.614166  
1.6012  0.15247  0.0802096  
2.02084  0.0697958  0.0698509  
2.02114  0.0697481  0.0699382  
1.93399  0.0729271  0.0742407  
2.01219  0.0697037  0.0708875  
1.81116  0.0880727  0.0796675  
1.97968  0.0698512  0.0770487  
1.86002  0.0885634  0.0695705  
1.89956  0.0705942  0.12557  
1.93496  0.0713841  0.0818718  
1.99304  0.0694781  0.0806785  
1.90621  0.0785626  0.0702722  
1.43933  0.234888  0.0807625  
1.86203  0.0903675  0.0694652  
1.8985  0.083567  0.0694651  
0.991888  0.645358  0.0764842  
1.61061  0.0699297  1.07951  
2.01045  0.069492  0.0737839  
1.96616  0.0716811  0.0711105  
2.05887  0.0694657  0.0694852  
1.97342  0.0711591  0.0712512  
1.93758  0.0708536  0.0853969  
1.91247  0.070551  0.111191  
2.00289  0.0695049  0.0754666  
1.87075  0.0858446  0.0696733  
1.90802  0.0713564  0.101123  
1.90161  0.0791993  0.0702722  
2.01168  0.0697963  0.0705228  
1.97789  0.0697324  0.0795947  
1.81116  0.0880727  0.0796675  
2.05887  0.0694657  0.0694852  
1.97956  0.0695657  0.0830001  
1.92397  0.0706807  0.0975275  
1.91106  0.0814937  0.0694654  
1.96742  0.0707092  0.0740869  
1.93569  0.0716455  0.0796264  
1.99461  0.0716887  0.0694821  
1.43472  0.237689  0.0807625  
1.91479  0.0777502  0.0700796  
1.9848  0.0696677  0.0779534  
1.978  0.0697418  0.0793775  
1.97338  0.0701681  0.0759292  
2.01486  0.0701835  0.0696156  
1.80021  0.0902938  0.0796675  
1.88652  0.0856167  0.0694654  
2.01613  0.0701851  0.0695824  
2.01114  0.0707207  0.0694821  
1.96698  0.0716568  0.0710508  
1.96669  0.0700486  0.0797596  
2.04655  0.0695649  0.0694852  
1.96427  0.0729833  0.0697917  
1.96687  0.0743811  0.0694654  
1.98018  0.0695569  0.0830001  
2.05887  0.0694657  0.0694852  
1.98002  0.0706995  0.0715211  
2.04869  0.0694727  0.0696097  
1.43933  0.234888  0.0807625  
1.90198  0.0722985  0.0947795  
2.04539  0.069468  0.069768  
1.92768  0.0707066  0.0940924  
1.94116  0.0772674  0.0694654  
1.97007  0.0711561  0.0717751  
2.04747  0.0694727  0.0696442  
1.78118  0.0718067  0.348273  
2.04649  0.0695604  0.0694881  
2.0439  0.0694727  0.0697755  
1.62019  0.069897  1.05584  
1.97007  0.0711561  0.0717751  
1.99119  0.0697011  0.0752091  
1.96061  0.0711477  0.0737766  
2.0071  0.0698271  0.0708976  
1.9114  0.0706032  0.111191  
2.0032  0.0698724  0.0711922  
1.99193  0.0703328  0.0709682  
1.98801  0.070331  0.0715211  
1.97789  0.0697324  0.0795947  
1.85159  0.0875249  0.0702722  
1.99433  0.0694823  0.0797596  
1.4872  0.240902  0.0694654  
1.84156  0.0788604  0.0949173  
1.9609  0.0703259  0.0791453  
2.0439  0.0694727  0.0697755  
1.9084  0.069723  0.147413  
1.95943  0.0696067  0.0944255  
1.97713  0.0717207  0.0699958  
2.03016  0.0695596  0.0699939  
1.94218  0.0722699  0.0742407  
1.89816  0.0713463  0.111191  
1.96669  0.0700486  0.0797596  
1.93069  0.0712493  0.0853969  
1.64479  0.125114  0.100456  
1.89668  0.0700734  0.147413  
1.82626  0.0696762  0.348273  
1.96616  0.0716811  0.0711105  
2.04708  0.0695575  0.0694852  
1.92803  0.0706834  0.0941787  
1.93523  0.0741504  0.0712512  
1.95533  0.0697762  0.0915624  
1.61914  0.0699323  1.05584  
2.01483  0.0701846  0.0696156  
2.01884  0.0703449  0.0694852  
2.03146  0.0695596  0.0699166  
1.6012  0.15247  0.0802096  
2.02084  0.0697958  0.0698509  
1.96745  0.0707093  0.0740785  
0.847561  0.614158  0.614166  
1.93496  0.0713841  0.0818718  
1.92451  0.0723498  0.080278  
2.02114  0.0697481  0.0699382  
1.93399  0.0729271  0.0742407  
2.01219  0.0697037  0.0708875  
1.81116  0.0880727  0.0796675  
1.97968  0.0698512  0.0770487  
1.86002  0.0885634  0.0695705  
1.89956  0.0705942  0.12557  
1.98364  0.0696074  0.0797596  
1.99304  0.0694781  0.0806785  
2.01045  0.069492  0.0737839  
1.43933  0.234888  0.0807625  
1.8985  0.083567  0.0694651  
0.991888  0.645358  0.0764842  
1.61061  0.0699297  1.07951  
2.01045  0.069492  0.0737839  
1.96616  0.0716811  0.0711105  
2.05887  0.0694657  0.0694852  
1.97342  0.0711591  0.0712512  
1.93758  0.0708536  0.0853969  
1.91247  0.070551  0.111191  
2.00289  0.0695049  0.0754666  
1.87075  0.0858446  0.0696733  
1.99666  0.0694708  0.0797596  
2.03101  0.069566  0.0699166  
1.98128  0.0696704  0.0793418  
1.98295  0.0705567  0.0715211  
0.891739  0.645084  0.283977  
2.01007  0.0694947  0.0737943  
1.98633  0.0716004  0.0696515  
1.98801  0.070331  0.0715211  
2.00879  0.0698274  0.0707016  
1.61061  0.0699297  1.07951  
1.95241  0.0727826  0.0709823  
2.00038  0.0697356  0.0725389  
1.82626  0.0696762  0.348273  
2.02335  0.0696977  0.0699382  
1.95868  0.0707458  0.0765356  
1.60891  0.0699901  1.07951  
1.97868  0.0721031  0.0696645  
1.92749  0.0721244  0.080278  
1.97264  0.0700504  0.0773165  
1.98783  0.0705406  0.0708976  
2.00249  0.0696975  0.072453  
2.01133  0.0703415  0.0696044  
2.0071  0.0698271  0.0708976  
1.60347  0.152592  0.0789688  
2.043  0.0694769  0.0697755  
1.86002  0.0885634  0.0695705  
1.82046  0.0881413  0.0758358  
1.47799  0.246528  0.0694654  
2.05763  0.0694657  0.0694956  
1.6458  0.134759  0.0802096  
2.00765  0.0702257  0.0698509  
1.6166  0.146107  0.0802096  
2.02084  0.0697958  0.0698509  
1.73711  0.105246  0.0802096  
1.39751  0.261246  0.0807625  
1.48635  0.241413  0.0694654  
2.02877  0.0695799  0.0699939  
1.96865  0.0706495  0.0740785  
1.9832  0.0708876  0.0706384  
2.01408  0.0709498  0.069464  
2.01773  0.0705294  0.0694697  
2.05887  0.0694657  0.0694852  
1.90349  0.0809682  0.0695705  
1.63082  0.154075  0.0705887  
1.88939  0.0808797  0.0703393  
1.97789  0.0697324  0.0795947  
1.85159  0.0875249  0.0702722  
1.99433  0.0694823  0.0797596  
1.4872  0.240902  0.0694654  
1.84156  0.0788604  0.0949173  
1.9609  0.0703259  0.0791453  
2.0439  0.0694727  0.0697755  
2.01992  0.0703454  0.0694782  
1.9084  0.069723  0.147413  
1.95943  0.0696067  0.0944255  
1.96745  0.0707093  0.0740785  
1.97713  0.0717207  0.0699958  
2.03016  0.0695596  0.0699939  
1.89816  0.0713463  0.111191  
1.9128  0.0795928  0.0695705  
1.96669  0.0700486  0.0797596  
1.99425  0.0708426  0.0698509  
1.64479  0.125114  0.100456  
2.05794  0.0694727  0.0694766  
1.82626  0.0696762  0.348273  
2.04708  0.0695575  0.0694852  
2.02083  0.0697961  0.0698509  
1.92803  0.0706834  0.0941787  
1.95533  0.0697762  0.0915624  
2.01884  0.0703449  0.0694852  
2.03146  0.0695596  0.0699166  
1.6012  0.15247  0.0802096  
2.02084  0.0697958  0.0698509  
2.01483  0.0701846  0.0696156  
1.88704  0.0713348  0.124695  
0.847561  0.614158  0.614166  
1.99304  0.0694781  0.0806785  
1.95227  0.0738384  0.0699166  
2.02114  0.0697481  0.0699382  
1.93399  0.0729271  0.0742407  
2.01219  0.0697037  0.0708875  
1.81116  0.0880727  0.0796675  
1.97968  0.0698512  0.0770487  
1.86002  0.0885634  0.0695705  
1.34663  0.424934  0.117903  
1.89956  0.0705942  0.12557  
1.93496  0.0713841  0.0818718  
1.96743  0.0700488  0.0794301  
1.43933  0.234888  0.0807625  
1.8985  0.083567  0.0694651  
0.991888  0.645358  0.0764842  
1.61061  0.0699297  1.07951  
2.01045  0.069492  0.0737839  
1.96616  0.0716811  0.0711105  
2.05887  0.0694657  0.0694852  
1.97342  0.0711591  0.0712512  
1.93758  0.0708536  0.0853969  
1.91247  0.070551  0.111191  
2.01884  0.0703449  0.0694852  
2.03016  0.0695596  0.0699939  
1.89771  0.0766191  0.0743524  
1.88704  0.0713348  0.124695  
2.00301  0.0701595  0.0702722  
1.83097  0.085784  0.0764842  
1.80607  0.0906917  0.0764842  
1.6331  0.139582  0.0802096  
1.48146  0.244398  0.0694654  
1.48635  0.241413  0.0694654  
1.46558  0.242432  0.0700207  
2.05887  0.0694657  0.0694852  
1.87742  0.0877866  0.069464  
2.00969  0.0708026  0.0694811  
2.05794  0.0694727  0.0694766  
2.03131  0.0700991  0.0694645  
1.98769  0.0698659  0.0743524  
1.95407  0.0737816  0.0698515  
1.8998  0.0799798  0.0708934  
2.02797  0.0695926  0.0699939  
1.99974  0.0696628  0.0734027  
1.86207  0.0885852  0.069529  
2.00431  0.07016  0.070168  
1.79516  0.09321  0.076219  
2.04726  0.069555  0.0694852  
2.02108  0.0697481  0.0699415  
2.03094  0.0695596  0.0699469  
1.97853  0.071627  0.0699958  
2.05895  0.0694657  0.0694846  
2.03016  0.0695596  0.0699939  
1.43895  0.234842  0.0810143  
1.99788  0.0703428  0.070318  
2.03333  0.0698407  0.0694852  
1.96902  0.0707103  0.073674  
1.98668  0.0695598  0.0797596  
1.99101  0.0704197  0.0708349  
2.009  0.0694725  0.0750822  
1.80496  0.0903373  0.0775446  
1.90445  0.0794452  0.0699415  
1.96323  0.0707065  0.0752986  
1.96795  0.0703959  0.075885  
1.85898  0.090987  0.0694653  
1.83269  0.0944321  0.0695604  
1.91538  0.0792518  0.0695665  
1.91937  0.0700215  0.117971  
1.93122  0.0701513  0.101688  
2.01888  0.0703706  0.0694808  
1.97789  0.0697324  0.0795947  
1.85159  0.0875249  0.0702722  
1.99433  0.0694823  0.0797596  
1.4872  0.240902  0.0694654  
1.84156  0.0788604  0.0949173  
1.9609  0.0703259  0.0791453  
2.0439  0.0694727  0.0697755  
1.9084  0.069723  0.147413  
1.96745  0.0707093  0.0740785  
1.97713  0.0717207  0.0699958  
2.01268  0.0703421  0.069572  
2.03016  0.0695596  0.0699939  
2.02694  0.0695356  0.0703759  
1.89816  0.0713463  0.111191  
1.877  0.0709938  0.147413  
1.96669  0.0700486  0.0797596  
0.847561  0.614158  0.614166  
1.64479  0.125114  0.100456  
1.82626  0.0696762  0.348273  
1.97076  0.0716865  0.0705595  
2.04708  0.0695575  0.0694852  
1.92803  0.0706834  0.0941787  
1.95533  0.0697762  0.0915624  
2.01483  0.0701846  0.0696156  
1.76567  0.100038  0.0764842  
2.01884  0.0703449  0.0694852  
2.03146  0.0695596  0.0699166  
2.02084  0.0697958  0.0698509  
1.6012  0.15247  0.0802096  
1.95943  0.0696067  0.0944255  
2.02114  0.0697481  0.0699382  
1.93399  0.0729271  0.0742407  
2.01219  0.0697037  0.0708875  
1.81116  0.0880727  0.0796675  
1.97968  0.0698512  0.0770487  
1.86002  0.0885634  0.0695705  
1.89956  0.0705942  0.12557  
1.83785  0.0827967  0.0807625  
1.93496  0.0713841  0.0818718  
1.99304  0.0694781  0.0806785  
1.43933  0.234888  0.0807625  
1.8985  0.083567  0.0694651  
1.99396  0.0694847  0.0797596  
0.991888  0.645358  0.0764842  
1.61061  0.0699297  1.07951  
2.01045  0.069492  0.0737839  
1.96616  0.0716811  0.0711105  
2.05887  0.0694657  0.0694852  
1.97342  0.0711591  0.0712512  
1.93758  0.0708536  0.0853969  
1.91247  0.070551  0.111191  
2.01884  0.0703449  0.0694852  
2.03016  0.0695596  0.0699939  
1.88734  0.083481  0.0695822  
2.01583  0.0694921  0.0725737  
2.01883  0.0703449  0.0694853  
1.99085  0.0704071  0.0708875  
1.85181  0.0745524  0.120581  
2.02032  0.0702977  0.0694828  
2.01948  0.0703452  0.0694808  
1.99788  0.0703428  0.070318  
1.81466  0.0985491  0.0695705  
1.91033  0.0787859  0.0698747  
1.93176  0.0701306  0.101688  
1.88332  0.0790856  0.0732163  
1.92912  0.070629  0.0941787  
1.92966  0.0720483  0.0797596  
2.02084  0.0697958  0.0698509  
1.90729  0.0792089  0.0698747  
2.04587  0.0695574  0.0694953  
1.90289  0.0791894  0.0701732  
1.90789  0.0704865  0.117971  
2.05843  0.0694683  0.0694808  
2.01888  0.0703706  0.0694808  
1.9357  0.0708522  0.0865484  
1.70898  0.148821  0.0956615  
1.9031  0.0798076  0.0698747  
1.96323  0.0701753  0.0797596  
