6.71321  3.04479  4.74909  
4.34224  4.89756  6.88017  
2.48785  3.39045  2.96391  
1.29703  2.44218  3.71777  
3.74564  4.72931  2.97105  
4.40558  2.58421  5.4884  
5.34097  5.42772  6.49075  
1.82463  3.82768  2.17196  
7.74768  7.59394  6.8771  
4.20079  5.46292  6.75839  
3.42958  1.08829  3.27233  
2.30076  3.88423  2.95716  
2.96981  3.8254  4.14012  
4.9654  2.8094  4.61741  
2.79517  2.14604  4.44991  
7.04403  4.67255  5.15591  
1.80763  3.27995  3.62476  
2.46264  4.31844  4.54677  
2.85692  3.85581  4.59074  
6.07994  10.5776  7.07412  
4.59962  6.64197  5.35811  
3.38913  2.19939  4.6513  
2.95539  3.24896  2.86447  
1.80747  1.99799  3.68116  
7.46376  4.62386  5.16234  
4.42335  7.17376  7.21  
3.11578  4.26241  3.77881  
3.66  2.72183  3.24853  
2.34727  2.34608  2.02714  
2.62774  2.3876  3.15434  
2.96077  2.51689  3.51146  
2.44486  3.89584  2.51022  
5.72379  4.4022  6.75743  
2.96989  5.01022  5.51686  
6.23149  5.03823  2.30327  
1.70793  2.35665  2.91604  
2.11701  3.6708  3.74769  
8.93407  8.42763  3.67373  
3.3441  2.03926  3.35542  
6.19869  5.53656  6.78769  
6.84541  3.94032  5.96699  
2.54652  5.02922  6.16184  
2.8071  1.9908  3.42374  
4.59914  2.35237  1.97653  
2.38843  5.57404  5.19064  
3.26333  1.77694  3.13639  
9.14564  8.41121  10.0069  
4.56428  5.36572  7.69089  
3.00916  3.66732  4.32607  
3.83368  3.76177  5.67731  
7.49006  2.64107  5.5579  
9.06713  7.65297  7.1945  
3.93424  4.36181  3.71597  
5.02286  4.93229  5.7795  
2.17119  2.0039  3.78884  
2.43424  2.38475  5.43658  
5.11029  3.63156  4.19314  
5.00319  4.73954  5.68469  
4.06332  2.6534  3.04711  
6.186  4.43408  6.22213  
3.35185  2.24146  3.18584  
3.67968  3.91775  3.78399  
3.18367  3.52366  3.95206  
3.49399  2.32646  3.22197  
3.11201  4.55429  3.51564  
6.08104  5.31556  3.96069  
4.82998  2.91687  3.66729  
2.55079  3.23994  3.95744  
4.79848  4.66483  3.05886  
10.0928  3.55777  5.05156  
2.48809  2.52543  3.37934  
5.81508  5.71441  6.56238  
7.23173  1.41865  5.22298  
9.08131  10.0534  6.70272  
8.50941  4.96334  3.21862  
6.79892  3.57876  1.53126  
2.74128  3.22806  5.07043  
5.71282  4.79767  4.39263  
2.82447  9.63984  2.0173  
3.04599  2.92726  5.34432  
4.63507  2.78007  3.92589  
4.45921  3.13475  3.78085  
4.70107  6.026  4.60851  
1.76453  2.02541  2.54116  
8.80679  8.53108  9.80283  
5.76181  6.71196  4.13883  
8.35465  7.59053  5.74075  
5.52526  3.81179  4.67007  
1.72848  2.59296  4.02286  
4.32794  3.33199  5.8888  
4.92956  9.4517  7.55327  
2.66203  4.67659  4.26388  
3.51508  1.99974  3.61564  
2.32177  1.91397  5.91604  
2.7834  2.18205  3.18963  
6.62429  6.24454  2.45265  
3.5644  3.02784  4.30558  
2.33263  4.34627  4.03498  
9.23605  12.7816  8.41195  
5.04556  2.18763  5.53871  
4.14778  2.2891  1.94342  
2.83561  3.20127  3.26872  
2.22947  1.79512  2.90013  
3.52845  3.99301  1.90814  
3.51493  2.99867  3.50961  
3.6446  2.52995  2.70739  
1.96325  2.65818  3.36533  
6.26404  5.64911  8.69943  
3.33719  3.34162  4.23132  
2.14919  1.39222  1.91053  
2.83561  2.75194  3.69012  
1.59728  2.92436  3.21444  
1.95725  1.78186  2.79594  
3.08506  3.51735  2.49667  
4.2401  2.16895  1.94342  
1.70988  2.77776  3.66708  
2.48248  1.67315  2.77683  
2.40137  1.90368  6.34696  
3.73698  3.36214  1.90594  
4.04245  2.22283  3.66741  
2.5555  1.74605  4.7459  
4.32375  2.477  2.99277  
6.28206  5.23496  7.64519  
4.0803  2.88453  2.86875  
1.3737  4.70607  2.59823  
1.96116  2.60101  3.35737  
2.06017  2.48264  2.93926  
2.93128  3.07456  3.00099  
2.06017  2.48264  2.93926  
2.15547  1.86834  2.13446  
1.77072  2.68606  3.10763  
9.04358  1.84621  0.912178  
7.94644  5.88901  6.42554  
3.64495  1.83433  2.12978  
4.05472  3.07534  2.95297  
1.36446  3.34581  3.02894  
1.79051  2.48264  2.93926  
2.83561  3.32123  3.26872  
1.78513  3.5522  4.75172  
4.29054  2.4703  2.11617  
2.74492  5.62748  1.75442  
8.3614  1.97407  2.70363  
0.470798  0.156325  0.487858  
2.93128  3.41554  3.00099  
0.226233  2.09541  1.9695  
2.40948  3.99583  4.17208  
3.11854  2.00802  2.53979  
3.09596  3.39706  2.07467  
7.94644  4.86924  6.42554  
4.14778  3.31499  1.85192  
3.78612  1.49471  3.95126  
2.38709  1.56038  3.34392  
2.06369  1.9173  2.43267  
2.29761  2.53759  3.54707  
1.43952  3.58665  4.52623  
3.52999  3.66731  4.31118  
2.08122  1.86834  2.13446  
2.49862  1.34217  4.93285  
3.68482  1.04287  5.29134  
2.38709  1.56038  3.40635  
1.73153  2.33958  3.16899  
1.7815  3.96  3.11713  
3.73411  4.23029  1.90643  
2.57994  3.43498  3.02894  
4.75166  4.39446  2.36622  
7.7976  7.17456  10.8728  
4.82028  5.36747  2.36622  
5.24719  3.3182  1.33958  
3.36693  5.44927  2.34856  
3.79909  3.61563  2.81572  
2.94008  2.94534  2.65294  
6.41966  4.01657  4.76791  
2.46456  4.36461  2.26453  
3.1078  2.00802  2.52965  
4.4239  2.32417  4.65978  
3.36827  6.48117  2.34856  
9.14777  1.84621  0.912178  
3.11535  2.24811  2.40797  
2.97027  2.48264  2.93926  
3.83573  4.13809  3.59966  
4.27733  3.9051  3.84964  
6.21015  3.82735  7.64359  
2.71225  2.97751  4.00162  
3.52406  2.06729  2.30465  
2.02229  3.41279  2.96472  
3.41248  3.4856  4.04691  
3.7333  3.29273  3.9268  
2.52633  4.96559  4.37286  
3.47015  3.98394  4.66525  
6.28049  5.05016  7.64359  
7.81739  7.19448  10.881  
4.28208  3.13906  3.55526  
6.35369  5.36874  7.64359  
7.94644  5.88901  5.48334  
6.35369  5.36239  7.64359  
3.33709  4.90464  2.97769  
4.44167  2.8927  2.86875  
2.5015  4.02662  3.27633  
3.25322  1.83113  3.24486  
1.85816  1.39632  3.32583  
3.75882  2.10835  4.63342  
4.22707  4.18799  1.48411  
2.0584  3.52477  3.41906  
2.96325  2.98444  5.36716  
1.8024  3.06143  3.07856  
2.501  3.78132  3.75795  
3.84651  2.63113  4.27074  
2.70174  2.83573  5.0272  
2.7627  0.947433  3.66007  
3.7759  3.30393  4.97798  
3.71511  2.07228  3.75295  
4.08281  2.43506  4.62777  
2.03863  3.74878  1.94061  
4.22857  4.67152  4.76727  
3.69392  3.45464  4.47682  
2.501  3.73978  3.71794  
3.40406  1.47026  4.83488  
2.17542  1.32715  2.7585  
3.715  1.7584  2.94793  
2.4846  1.32421  4.06205  
1.71416  4.92802  3.18404  
1.61246  2.88977  0.990969  
2.11972  1.45262  3.11756  
2.45908  1.11347  2.07711  
1.27663  0.714849  2.52754  
2.09246  1.28745  3.59123  
1.5133  3.941  3.64286  
1.51417  2.6404  2.18871  
2.33258  0.690224  2.12479  
0.559467  2.45606  2.76327  
2.98475  0.280037  3.35569  
1.50721  2.04491  1.04264  
1.31442  4.63644  0.36977  
1.57578  2.13293  2.20778  
1.31442  4.88903  0.36977  
0.917271  1.63454  3.46567  
3.3243  2.37607  4.38554  
0.451048  0.05305  0.495981  
1.69935  1.71833  1.4191  
1.31442  4.63644  0.369648  
5.21197  1.8735  3.72298  
4.54826  0.809957  1.42539  
0.176525  0.836003  2.20147  
1.27663  0.714228  2.52754  
2.17347  1.32715  2.70163  
2.08964  0.684299  2.43589  
3.05536  1.13173  1.58208  
0.176525  0.836003  2.80409  
1.97452  1.45808  1.28646  
1.28051  2.24569  2.1849  
2.96325  2.44791  5.36716  
1.09851  2.43991  3.13573  
1.15603  1.55015  3.86669  
3.08049  2.32744  4.64862  
2.04075  2.36904  1.81768  
1.71404  1.62339  1.52205  
3.3254  2.63113  4.2967  
1.27238  0.714228  2.51714  
3.38916  3.62507  0.277009  
6.37621  4.76385  0.459777  
3.96896  4.38067  1.56379  
3.83743  1.70457  4.28531  
1.5133  3.941  3.43392  
1.32225  2.24569  2.1849  
1.98023  1.68265  4.00011  
1.29943  2.25522  2.83096  
2.25316  1.22884  4.25029  
2.11586  2.51403  2.877  
1.28107  2.40465  4.83999  
2.31699  1.32421  4.06205  
1.54622  1.55459  3.11675  
2.49467  2.55334  2.34707  
3.32237  2.47279  4.56042  
1.71416  4.92802  3.55557  
1.71766  3.87485  3.49875  
1.94237  3.15091  3.07856  
2.0584  3.86752  3.42483  
3.97219  2.06342  3.92888  
2.09345  2.84855  4.93112  
1.59613  3.55067  4.28  
1.84718  2.32377  2.9774  
2.84418  2.64368  4.89888  
2.84418  2.64368  5.52164  
7.55551  6.19713  8.5504  
2.39533  2.64368  5.52164  
1.71416  4.27867  3.55557  
1.5133  3.941  3.6621  
1.60971  4.59575  4.50227  
1.71416  4.92802  3.49875  
2.10912  1.79463  4.29972  
1.71416  4.92802  3.40385  
2.37203  2.71584  2.56484  
2.03306  3.22554  3.84639  
2.92103  2.19938  4.81801  
3.56934  1.59904  3.80534  
3.6042  1.9606  3.60064  
2.95496  2.2676  3.30643  
3.77817  3.77045  4.72459  
1.3301  2.40465  4.83999  
1.89936  3.34062  3.71156  
1.14155  3.21997  0.513717  
0.341786  1.70685  1.03416  
2.35327  0.965874  2.7869  
1.81076  1.49263  1.84572  
2.3956  0.698401  1.47054  
0.650113  0.463623  2.18286  
0.656186  2.08141  2.89717  
1.27003  3.90452  1.11569  
2.16704  2.38082  1.13747  
1.19542  2.19212  1.04795  
4.2682  2.61409  0.703324  
1.16709  2.10206  0.912051  
1.25336  3.07343  0.679779  
2.05654  0.773838  1.09349  
1.39609  3.3874  0.920495  
0.713885  5.54143  2.00659  
0.877021  1.98581  2.00698  
1.78782  2.14797  0.181654  
0.356147  1.62961  1.99756  
1.30517  1.38267  0.233171  
2.84233  2.01375  1.08916  
0.0956275  0.574038  1.12173  
0.660855  3.25542  1.39944  
1.32656  0.0773779  0.600452  
0.119825  0.588761  1.16046  
0.830403  0.714115  1.2391  
1.15436  1.08279  1.14121  
1.33399  0.0774312  0.661727  
0.922441  0.980825  0.636598  
0.351385  0.589556  0.799246  
1.21815  1.49321  0.275481  
0.351385  0.588812  0.799246  
3.65795  0.369462  0.396533  
0.503683  3.84395  0.345408  
0.0651133  2.55714  1.23141  
0.118858  1.04661  0.577592  
1.59555  1.86778  2.56502  
1.32656  0.0773779  0.59512  
0.0956275  0.545394  1.12173  
0.79853  0.973646  1.54404  
0.116324  0.401991  1.67345  
2.12312  3.90851  1.33268  
0.0956275  0.535972  1.12173  
3.89157  0.0722329  0.733248  
0.244174  4.40547  0.239639  
5.53322  0.386503  0.863259  
0.402696  0.261201  1.61506  
2.22196  0.048519  1.20171  
0.671633  2.55915  3.85904  
1.21249  2.57898  0.309661  
2.31579  0.827174  2.7869  
3.85337  5.21467  0.240631  
1.43238  1.5058  1.27644  
1.20459  1.85302  0.459341  
1.47562  1.4193  2.45207  
0.388085  0.793795  1.83385  
0.118858  1.0362  0.577592  
0.361072  1.46385  1.95833  
0.117427  1.6409  0.577592  
1.20459  2.06377  0.459341  
0.457256  0.0799107  0.488896  
0.123896  2.82582  0.577592  
1.9056  3.653  0.117927  
0.650113  0.450887  2.18286  
0.074986  2.47638  3.42162  
2.84233  2.01985  1.08916  
1.26944  0.623417  0.816405  
1.39401  1.88365  2.36773  
0.912177  0.780757  0.873817  
0.845545  3.32811  2.00081  
3.05514  0.363657  0.695422  
5.53322  0.344408  0.863259  
3.32461  0.319542  1.56815  
0.212683  3.19764  0.581195  
4.40858  3.69981  0.341053  
0.118858  1.07523  0.577592  
0.177288  1.71719  2.6281  
1.24678  2.47396  0.679779  
1.28006  0.461827  1.39083  
1.66277  0.555068  2.15568  
2.19916  0.672567  2.03269  
1.09154  0.870968  0.989285  
1.27778  3.90452  1.32609  
6.01336  2.00603  1.08053  
2.07286  0.991439  1.60588  
5.53322  0.386503  0.768262  
1.4231  1.86778  2.56502  
2.69597  1.86357  0.934592  
5.53618  1.38299  1.26119  
1.50767  1.26388  1.58163  
1.79652  1.47182  1.84572  
1.39768  1.10572  3.00654  
1.56385  0.821753  1.6  
1.77092  0.833058  1.79294  
1.04536  1.27592  1.63272  
2.12921  1.90531  1.13747  
0.427135  1.62961  1.84832  
2.44689  3.39965  2.90575  
2.3277  2.5119  0.942631  
0.61829  1.55999  3.21068  
0.0492467  2.44839  0.893736  
3.71926  0.486733  0.00126921  
0.00419537  4.61584  0.318178  
1.50314  0.314837  0.470376  
1.33988  0.315713  0.468875  
0.373748  0.588222  0.812256  
0.0914905  0.587256  0.742369  
3.05321  0.010745  0.0722247  
2.32858  0.027019  0.811646  
0.560637  0.0626141  1.77336  
0.679726  0.470879  1.22341  
0.771225  0.517891  0.936917  
0.776459  2.55013  0.0100493  
2.37596  0.0206367  0.257805  
2.37157  1.03704  0.108573  
0.00440493  0.630572  1.52871  
2.39049  1.54103  0.00125278  
1.83385  2.98236  0.00295468  
0.145581  1.53732  0.644508  
0.748456  0.928799  0.210318  
0.930488  0.622483  0.417489  
0.00493913  0.407477  1.3661  
0.00396505  3.76775  0.913236  
0.00123348  0.543239  1.88404  
3.05321  0.010745  0.0698203  
0.202577  1.79059  0.0242275  
0.0566052  1.50641  0.0523292  
1.39457  1.03782  0.000867776  
0.760923  0.928135  0.237994  
0.00418064  0.630572  1.18518  
0.00229886  0.219745  1.78266  
0.182121  0.617382  0.501843  
2.37157  0.0153567  0.108573  
0.172949  2.22429  0.000906104  
0.528416  0.469986  0.466567  
0.578508  0.126458  0.849264  
1.08198  1.54103  0.00125278  
0.0216172  0.0156414  1.73672  
1.70387  0.0165938  0.191831  
0.451923  1.85099  0.426557  
0.00359748  0.685888  1.1553  
3.7353  1.00416  0.00122999  
0.591244  1.00236  0.0231586  
0.942223  0.0944023  0.646234  
0.0910928  0.567841  0.632964  
0.468856  0.314837  0.468875  
0.00394688  3.76775  0.318178  
0.922567  1.29804  0.00836992  
0.00383806  0.481168  1.4198  
0.0216172  0.0163762  1.54338  
0.0135119  0.0663937  1.26829  
0.00218939  1.06147  0.77405  
0.0194338  0.0646164  1.77526  
1.22964  0.109077  0.444694  
2.64588  1.01263  0.000244235  
1.19818  2.30135  0.109147  
0.145965  0.872623  0.423783  
3.05321  0.010745  0.0745473  
1.87342  0.290755  0.0109912  
3.71926  0.0140694  0.00126921  
1.7649  1.01402  0.00305744  
1.27169  0.297436  0.0134398  
1.37795  1.14145  0.227101  
0.00160105  1.25134  0.77405  
0.93768  0.62459  0.412507  
0.0141846  0.0150364  1.80573  
0.0612469  0.374437  0.961596  
0.00410637  0.0721619  1.79134  
0.0112976  0.385829  1.19823  
1.32454  0.0142018  0.255727  
5.43674  0.0114385  0.0465034  
1.0279  0.401235  0.0747597  
1.12848  1.18301  0.0218987  
0.316197  3.11227  0.000401637  
0.0245104  1.02286  0.511202  
0.0117917  0.0720922  1.79124  
0.468856  0.0652194  0.897054  
0.00228568  0.573242  1.30355  
0.00167115  1.1862  0.386292  
0.011131  0.633197  1.17427  
1.23881  0.0113621  0.899134  
1.36842  0.0115547  0.273823  
0.0599163  3.11523  0.00974659  
1.87084  0.000576688  0.656185  
0.00228568  1.3127  1.43681  
1.00539  0.581955  0.413548  
0.00104378  1.14362  1.75218  
0.0132343  0.946892  1.027  
0.00440253  0.0530944  2.60577  
0.0910928  0.607233  0.632964  
2.05556  0.0251019  0.0172921  
0.0237572  0.00321381  1.09194  
0.00142341  2.14867  1.38397  
1.24  1.91922  0.00038926  
0.00594797  0.812771  1.36626  
0.00096277  2.33682  0.830975  
0.361094  3.78727  0.000199994  
1.66386  1.14145  0.195515  
0.769676  1.10795  0.36187  
0.267782  2.51976  0.295363  
0.860425  0.0496303  0.182597  
0.890398  0.00505261  0.264824  
0.48514  0.0066648  0.538565  
0.0216268  0.538105  0.490371  
0.951045  0.00482942  0.280898  
0.153082  0.862351  0.149618  
0.65955  0.0201254  0.428678  
0.0375825  0.601873  0.427301  
0.846937  0.0602637  0.214745  
0.00570093  0.677386  0.346508  
0.850441  0.0489496  0.195712  
0.0355389  0.819763  0.226204  
0.00874951  0.648928  0.369156  
0.00278158  0.652772  0.387713  
0.691038  0.0380456  0.359068  
0.0355389  0.819502  0.229121  
0.147415  0.697121  0.334369  
1.12168  0.0339956  0.0837952  
0.688533  0.0163321  0.394195  
0.48762  0.066233  0.450837  
0.890548  0.00503147  0.269852  
0.5608  0.0889517  0.4299  
0.604286  0.0440068  0.510953  
0.063963  0.649156  0.362352  
0.00920282  0.655604  0.357792  
0.469255  0.0623373  0.468946  
0.624238  0.0911493  0.41664  
0.864543  0.160839  0.170413  
0.485287  0.235667  0.457446  
0.767613  0.042188  0.257978  
0.854034  0.0489496  0.18359  
0.468564  0.0720939  0.468886  
0.919852  0.127694  0.105771  
0.131549  0.862472  0.149618  
0.072583  1.2321  0.134763  
0.455614  0.0455951  0.580636  
0.173189  0.696255  0.334369  
0.473804  0.1428  0.465147  
0.253063  0.396516  0.890458  
0.956651  0.0261682  0.106687  
0.482818  0.0651363  0.465315  
0.0467728  0.863039  0.141713  
0.48514  0.00945969  0.535217  
0.468848  0.0623373  0.470148  
0.00586105  0.546269  0.494296  
0.584403  0.347654  0.382388  
0.72917  0.0279988  0.307652  
0.691038  0.014387  0.359464  
0.7627  0.0324854  0.261253  
0.468848  0.0623414  0.468873  
0.528213  0.056802  0.518473  
0.429854  0.12815  0.584843  
0.679536  0.464972  0.347747  
0.00873909  0.65254  0.369434  
0.869334  0.160262  0.172442  
0.053822  0.750659  0.313013  
0.624238  0.189704  0.416339  
0.5608  0.19278  0.429688  
0.0723635  0.906776  0.139039  
0.995007  0.00741323  0.143309  
0.0113938  0.537209  0.581583  
0.103588  0.613977  0.411589  
0.890398  0.00371627  0.301135  
0.541208  0.0318635  0.512329  
0.736657  0.00639533  0.299189  
0.0687025  0.648692  0.357182  
0.005584  0.562516  0.600259  
0.00566181  0.545946  0.600259  
0.00566181  0.546271  0.487202  
0.00534258  0.666413  0.357213  
0.509247  0.0579047  0.52022  
0.736666  0.00639533  0.297596  
0.323574  0.397987  0.831208  
0.769393  0.049028  0.257592  
0.00529899  0.6787  0.346654  
0.808014  0.00469854  0.33922  
0.482857  0.0708516  0.46407  
0.015216  0.618103  0.40697  
0.60225  0.0446627  0.510953  
0.0161359  0.497304  0.589594  
0.348889  0.696167  0.338361  
0.083297  0.889126  0.134809  
0.329607  0.652306  0.35584  
0.252662  0.398287  0.831208  
0.00534258  0.667218  0.357187  
0.00303051  0.62866  0.390774  
0.689939  0.0163321  0.359562  
0.624238  0.0893316  0.417262  
0.484419  0.0579515  0.544866  
0.063963  0.648033  0.366237  
0.703551  0.0162408  0.338306  
0.0462707  0.86307  0.143763  
0.0415199  0.605466  0.426235  
0.0510626  0.614136  0.411812  
0.583889  0.440627  0.39862  
0.838225  0.0324854  0.260952  
0.149536  0.698816  0.332332  
0.0791199  0.906573  0.134809  
0.41364  0.101876  0.589553  
0.017143  0.678909  0.342584  
0.177706  0.0294324  0.852631  
0.144134  0.224904  0.841593  
0.862931  0.130658  0.306358  
0.329055  0.134193  0.648922  
0.113286  0.0179768  0.915098  
0.0968566  0.0199996  0.932944  
0.140441  0.0278862  0.855774  
0.278318  0.0742802  0.790613  
0.579036  0.110255  0.456187  
0.117809  0.0277831  0.88603  
0.295421  0.0701137  0.761086  
0.112628  0.0492282  0.889474  
0.0174105  0.0106738  0.983337  
0.331544  0.129965  0.650075  
0.00900861  0.00271387  1.00362  
0.0179785  0.00768284  0.983652  
0.451777  0.0847042  0.470309  
0.00801116  0.00239081  1.00373  
0.682709  0.700795  0.374725  
0.086542  0.002508  1.00366  
0.0750043  0.0639775  0.924647  
0.0906157  0.0235437  0.903802  
0.191966  0.0203212  0.905565  
0.140441  0.0294324  0.853769  
0.00899807  0.00277432  1.00371  
0.0172337  0.00436107  0.983853  
0.433542  0.0989391  0.503003  
0.433542  0.0995906  0.500645  
0.120969  0.0766492  0.878323  
0.0181362  0.0077704  0.983199  
0.107698  0.0318654  0.894589  
0.763572  0.136563  0.240798  
0.00510937  0.356001  1.00343  
0.0749621  0.0639775  0.92566  
0.0971321  0.0160637  0.932944  
0.838181  0.651273  0.174982  
0.43354  0.0989391  0.504366  
0.0202141  0.00436107  0.983333  
0.14145  0.02957  0.852675  
0.0903813  0.0265724  0.903483  
0.455775  0.0854404  0.465929  
0.164868  0.00823384  0.950064  
0.284734  0.174586  0.679477  
0.0161917  0.0313521  0.993528  
0.00517072  0.0352385  0.996835  
0.139868  0.0281404  0.862048  
0.439691  0.0959227  0.508317  
0.459453  0.0865709  0.45957  
0.564294  0.0865497  0.45957  
0.573733  0.061152  0.614097  
0.140193  0.0301855  0.853769  
0.152905  0.0134512  0.937939  
0.141114  0.26166  0.841446  
0.292488  0.0710856  0.760799  
0.146126  0.025299  0.878758  
0.682709  0.709051  0.374462  
0.466133  0.0818871  0.471686  
0.0865607  0.0025662  1.00365  
0.0174106  0.00787916  0.98365  
0.0385858  0.00520388  0.964776  
0.140441  0.0281404  0.85377  
0.276098  0.159614  0.688169  
0.128719  0.09208  0.857371  
0.115791  0.0207782  0.887754  
0.00619708  0.00376686  1.05646  
0.0453951  0.0112098  0.959268  
0.121268  0.0748457  0.879661  
0.225507  0.0893418  0.768336  
0.128719  0.137563  0.855376  
0.0750176  0.0229988  0.924651  
0.0190957  0.0319851  0.983001  
0.140685  0.0134531  0.930246  
0.162887  0.00893547  0.950064  
0.433542  0.0981924  0.657706  
0.573043  0.061152  0.619813  
0.140441  0.0278806  0.858477  
0.44172  0.0992882  0.499725  
0.572857  0.0615549  0.619813  
0.838181  0.838289  0.174323  
0.110639  0.0210198  0.905045  
0.0901147  0.0160627  0.938285  
0.00903206  0.00271387  1.0016  
0.90363  0.13603  0.264247  
0.107304  0.0319766  0.90124  
0.117254  0.0321571  0.887151  
0.0797111  0.058822  0.923864  
0.110649  0.0785581  0.891497  
0.113286  0.0185585  0.912089  
0.838181  0.692232  0.174689  
0.472229  0.0818871  0.471153  
0.871584  0.128368  0.306358  
0.47086  0.0834744  0.462238  
0.327902  0.17484  0.65347  
0.455775  0.0903617  0.465644  
0.346092  0.615335  0.647061  
0.306243  0.0202652  0.907136  
0.11622  0.0346066  0.885842  
0.143189  0.261025  0.841705  
0.684743  0.481319  0.251974  
0.122686  0.0134531  0.932129  
0.0099393  0.0530359  0.991496  
0.104844  0.019708  0.946831  
0.0211885  0.00650659  0.978517  
0.0188028  0.0103524  0.990589  
0.0622423  0.0437561  0.92487  
0.47509  0.19438  0.44777  
0.257938  0.0543526  0.771987  
0.0425784  0.0222534  0.953062  
0.0205111  0.00635469  0.995807  
0.0112552  0.0153339  0.995757  
0.0230742  0.00709193  0.973792  
0.457245  0.231751  0.458694  
0.0626373  0.0146198  0.946949  
0.0198366  0.0127793  0.989118  
0.462586  0.0939855  0.453232  
0.0244949  0.00167287  1.02179  
0.150906  0.157736  0.863457  
0.0738012  0.02032  0.939013  
0.461456  0.107011  0.452352  
0.363986  0.0873614  0.619478  
0.171643  0.0395965  0.847555  
0.0393886  0.0779366  0.96307  
0.0212997  0.00550259  0.976579  
0.16517  0.0671991  0.829921  
0.151706  0.0152885  0.945165  
0.082339  0.022369  0.922179  
0.158273  0.0504088  0.837045  
0.465357  0.249165  0.449149  
0.276159  0.0500666  0.781293  
0.39031  0.0985695  0.564427  
0.0168111  0.0107323  0.990651  
0.158226  0.0395965  0.849833  
0.235123  0.0460657  0.817777  
0.0598928  0.0225649  0.946759  
0.393927  0.0835311  0.572557  
0.0243091  0.00546148  0.975537  
0.0764446  0.0346152  0.917148  
0.067425  0.0248037  0.931398  
0.0588783  0.0146826  0.951262  
0.020432  0.0065156  0.978517  
0.484146  0.0442298  0.821462  
0.0688932  0.0249783  0.925008  
0.0244666  0.00165104  1.0218  
0.0702211  0.0440002  0.921829  
0.0218068  0.00524141  0.978423  
0.456139  0.23416  0.469147  
0.383575  0.114097  0.570523  
0.46701  0.224543  0.447782  
0.168938  0.0365569  0.861302  
0.465511  0.243125  0.449149  
0.457572  0.0850029  0.457593  
0.245168  0.0564482  0.782208  
0.408671  0.339141  0.548956  
0.00864394  0.00417827  1.03104  
0.463899  0.378342  0.451775  
0.0425784  0.0267601  0.952911  
0.794363  0.0850001  0.457593  
0.00806266  0.0168663  1.10865  
0.0631588  0.01521  0.946892  
0.486411  0.398942  0.438986  
0.104844  0.020232  0.945763  
0.399928  0.0933901  0.568159  
0.0831699  0.0500007  0.910223  
0.0102857  0.0210345  0.99191  
0.0118308  0.0018518  1.02967  
0.0243091  0.0055573  0.973437  
0.467806  0.107122  0.447782  
0.252052  0.0546359  0.771695  
0.414983  0.0949181  0.539856  
0.153801  0.121045  0.869328  
0.460973  0.102834  0.453062  
0.364174  0.106538  0.608202  
0.0842701  0.00825904  0.963619  
0.275405  0.05144  0.773673  
0.0641906  0.0437561  0.923499  
0.160725  0.0677287  0.829921  
0.571145  0.0382887  0.85264  
0.150906  0.125124  0.866579  
0.461008  0.101119  0.453062  
0.414602  0.0949181  0.540094  
0.214636  0.0442298  0.829462  
0.0635906  0.014164  0.947301  
0.0679453  0.0206801  0.945251  
0.00945942  0.00214294  1.00561  
0.10102  0.00735328  0.96551  
0.456057  0.23416  0.507586  
0.410336  0.0840715  0.568844  
0.46146  0.10697  0.452352  
0.111973  0.0699451  0.890659  
0.275994  0.05144  0.773256  
0.162309  0.0375206  0.861302  
0.0862884  0.0533932  0.904894  
0.0778288  0.0234997  0.933497  
0.25604  0.055658  0.770587  
0.00806134  0.0442313  1.10023  
0.0459122  0.0203475  0.952669  
0.252052  0.0541592  0.778508  
0.416652  0.0887297  0.546972  
0.00958126  0.013431  0.996323  
0.504349  0.850635  0.424515  
0.040517  0.0172399  0.989183  
0.463968  0.0969939  0.525843  
0.306575  0.0926045  0.648373  
0.44764  0.105552  0.448116  
0.677935  0.158143  0.326803  
0.605814  0.144005  0.330637  
0.243724  0.0569672  0.799479  
0.262601  0.0704193  0.733105  
0.546085  0.143432  0.422364  
0.270006  0.0853061  0.71192  
0.54517  0.100546  0.469972  
0.0217375  0.0091363  1.00593  
0.148489  0.0262243  0.975981  
0.414948  0.0655418  0.687635  
0.585003  0.166487  0.339637  
0.426007  0.216124  0.482466  
0.55068  0.0997446  0.467952  
0.45978  0.108547  0.438469  
0.445371  0.104133  0.454859  
0.153561  0.0259927  0.936527  
0.0544018  0.0451944  0.973351  
0.0165836  0.012419  1.01735  
0.326483  0.122275  0.623868  
0.614666  0.103258  0.466893  
0.317211  0.0806269  0.639973  
0.45953  0.108547  0.43849  
0.0168944  0.0203145  0.987383  
0.532743  0.111721  0.437253  
0.317529  0.0806269  0.636457  
0.347755  0.0655418  0.687788  
0.226465  0.0541335  0.909391  
0.513097  0.107305  0.43816  
0.0962302  0.157909  0.916315  
0.660108  0.159167  0.326412  
0.409644  0.108669  0.536604  
0.606238  0.144617  0.330322  
0.313993  0.0655146  0.694102  
0.237129  0.0577116  0.763272  
0.0942287  0.115251  0.918631  
0.322672  0.0655146  0.692375  
0.126364  0.0787459  0.895651  
0.471027  0.108393  0.439528  
0.30892  0.0933327  0.636488  
0.0907052  0.121515  0.91685  
0.270602  0.058851  0.759552  
0.255771  0.0704193  0.733208  
0.311846  0.420168  0.6362  
0.560399  0.13939  0.394026  
0.447817  0.105505  0.447927  
0.115866  0.0350189  0.945505  
0.270984  0.0908348  0.707158  
0.659201  0.159167  0.326803  
0.0174563  0.0185196  0.987002  
0.721905  0.0742904  0.661136  
0.267416  0.0903094  0.714674  
0.0298218  0.0117427  0.992271  
0.359223  0.106165  0.603882  
0.693583  0.0707126  0.667179  
0.00168538  0.026665  1.16263  
0.0157203  0.0162691  1.0099  
0.401567  0.290852  0.556094  
0.463255  0.107868  0.442696  
0.0201156  0.0185196  0.985673  
0.658676  0.0768958  0.661644  
0.321055  0.0660106  0.687817  
0.00246965  0.026498  1.16263  
0.450802  0.107468  0.445521  
0.410272  0.107936  0.539639  
0.120593  0.153107  0.900557  
0.00169747  0.026654  1.07058  
0.458361  0.109207  0.438305  
0.323651  0.0971127  0.628819  
0.426335  0.137929  0.482091  
0.308743  0.0933327  0.636635  
0.00987007  0.013493  1.04985  
0.126035  0.0765406  0.900417  
0.309903  0.0607611  0.749216  
0.559434  0.102389  0.467081  
0.270006  0.0937162  0.707158  
0.242646  0.0607611  0.749392  
0.121236  0.0897442  0.900557  
0.720703  0.0768958  0.661136  
0.410272  0.108139  0.538283  
0.0101452  0.0134803  1.03974  
0.0157203  0.0144266  1.01735  
0.221306  0.0782514  0.847686  
0.327701  0.0990667  0.625495  
0.425677  0.214036  0.488487  
0.534484  0.102389  0.467456  
0.269748  0.0853061  0.712508  
0.311948  0.0912981  0.63609  
0.463323  0.0972268  0.499556  
0.687097  0.18854  0.325771  
0.318069  0.0624096  0.695535  
0.587286  0.0760118  0.666428  
0.624194  0.0709488  0.666062  
0.226599  0.0516757  0.918829  
0.264703  0.0853061  0.71601  
0.460808  0.0970622  0.633755  
0.426007  0.193781  0.484256  
0.494974  0.248591  0.40799  
0.53035  0.153141  0.40136  
0.429377  0.10145  0.485366  
0.524511  0.281633  0.39262  
0.0731234  0.0140603  0.961809  
0.358304  0.191244  0.595714  
0.442297  0.270617  0.459958  
0.358166  0.192849  0.605907  
0.312142  0.0974564  0.668376  
0.30391  0.0639058  0.688065  
0.300769  0.0695773  0.677034  
0.561187  0.129266  0.384725  
0.540818  0.132332  0.384141  
0.246559  0.0129612  0.923163  
0.00221329  0.152882  1.29848  
0.358304  0.351879  0.59497  
0.534867  0.259782  0.390242  
0.439233  0.112969  0.461405  
0.00618867  0.0946656  1.25215  
0.429405  0.10645  0.485121  
0.325637  0.192325  0.625961  
0.293454  0.181842  0.655593  
0.304297  0.0730444  0.67687  
0.474546  0.164087  0.430771  
0.447336  0.109089  0.447347  
0.550103  0.107369  0.452626  
0.20339  0.0501528  0.780083  
0.503363  0.15568  0.398575  
0.0862929  0.0503534  0.909893  
0.0802114  0.0134704  0.98249  
0.289398  0.0792907  0.677377  
0.130467  0.0308431  0.888945  
0.298167  0.0377875  0.819901  
0.35344  0.235684  0.60211  
0.562238  0.107781  0.448492  
0.315983  0.182612  0.651143  
0.123522  0.0259095  0.891913  
0.0794624  0.00165759  1.03404  
0.551298  0.133978  0.381256  
0.54435  0.130516  0.383541  
0.526615  0.281633  0.390242  
0.178902  0.0783881  0.81568  
0.527681  0.108772  0.447311  
0.0642515  0.0695044  0.94759  
0.489038  0.130908  0.415168  
0.0462384  0.0163748  0.949408  
0.486637  0.153544  0.421704  
0.444238  0.108955  0.456748  
0.416243  0.119013  0.568477  
0.442297  0.109027  0.459962  
0.502863  0.153175  0.40136  
0.0462328  0.640333  0.967123  
0.0500071  0.0146736  0.956692  
0.0875483  0.0253369  0.91375  
0.29548  0.174842  0.659689  
0.127507  0.0250459  0.891913  
0.0293098  0.00201373  1.02987  
0.360858  0.278966  0.588007  
1.05535  0.236755  0.369686  
0.00626698  0.0957597  1.11491  
0.325996  0.192325  0.623344  
0.308369  0.150155  0.659027  
0.183754  0.038301  0.816952  
0.0507765  0.0145163  0.982458  
0.554258  0.121362  0.412804  
0.00695961  0.0947725  1.08312  
0.0726843  0.0194798  0.937836  
0.178902  0.0389541  0.816523  
0.486789  0.135936  0.414742  
0.0458508  0.0131647  1.00462  
0.00187404  0.196873  1.40284  
0.468283  0.107208  0.46513  
0.502702  0.168558  0.398676  
0.308369  0.169939  0.6537  
0.528468  0.261882  0.390242  
0.219331  0.0470262  0.780198  
0.0645774  0.06592  0.945477  
0.582473  0.111582  0.444933  
0.525186  0.16531  0.3968  
0.0862622  0.0422008  0.910072  
0.0861376  0.0768739  0.908643  
0.486637  0.153545  0.418565  
0.317171  0.1811  0.650815  
0.115781  0.0275742  0.900203  
0.486789  0.136889  0.414207  
0.29749  0.169906  0.664431  
0.312434  0.0981349  0.653736  
0.00548863  0.158876  1.20945  
0.0875483  0.0254351  0.904748  
0.485559  0.16926  0.418565  
0.423845  0.215664  0.486354  
0.45383  0.154236  0.443215  
0.178902  0.0373215  0.820712  
0.525854  0.108265  0.448492  
0.292393  0.0738551  0.689196  
0.00220372  0.342684  1.1783  
0.328569  0.124544  0.623344  
0.417963  0.333912  0.562194  
0.0500071  0.0145448  0.976738  
0.489214  0.136853  0.41295  
0.475304  0.110458  0.474549  
0.424907  0.12074  0.465767  
0.339507  0.0878406  0.645237  
0.00255605  0.0473014  1.00198  
0.476134  0.370682  0.405233  
0.195568  0.047754  0.805207  
0.424052  0.292802  0.465891  
0.424417  0.282903  0.465891  
0.442072  0.108877  0.477902  
0.440414  0.108479  0.561001  
0.00272844  0.0473014  1.0018  
0.35905  0.0860349  0.638386  
0.511868  0.134488  0.405944  
0.0771687  0.0181878  0.912604  
0.556414  0.302562  0.358192  
0.00338289  0.00767743  1.02191  
0.482697  0.315985  0.407224  
0.0670709  0.0190087  0.92249  
0.202708  0.0459414  0.795897  
0.136959  0.0500502  0.865697  
0.692054  0.301976  0.340152  
0.338422  0.107123  0.680072  
0.0763877  0.0302675  0.910809  
0.482248  0.157434  0.425668  
0.000745952  0.327833  1.00189  
0.104431  0.0273562  0.890886  
0.0655222  0.022246  0.961888  
0.520563  0.146828  0.404187  
0.00338289  0.00738122  1.08732  
0.187766  0.306469  0.823249  
0.0630916  0.0244896  0.939698  
0.00133534  0.344724  1.0016  
0.511868  0.152235  0.40297  
0.163767  0.272696  0.823599  
0.00152016  0.325047  1.0016  
0.409326  0.189672  0.500318  
0.108009  0.034504  0.879547  
0.482756  0.157434  0.407224  
0.00255616  0.0149422  1.00198  
0.0747201  0.020896  0.91186  
0.0862597  0.013274  0.969501  
0.0763985  0.0191057  0.910809  
0.00202982  0.0101786  1.00428  
0.411478  0.121968  0.491997  
0.338422  0.107367  0.642583  
0.343898  0.0860349  0.639876  
0.343958  0.0860349  0.639735  
0.35905  0.0933065  0.62861  
0.0703154  0.0222718  0.918176  
0.106847  0.0376484  0.879181  
0.0309486  0.010803  0.975245  
0.00611329  0.0115534  1.00195  
0.440878  0.11845  0.441025  
0.087352  0.013274  0.96004  
0.0462754  0.00902986  0.981335  
0.471482  0.109138  0.475882  
0.0741142  0.0350274  0.912153  
0.112203  0.0238555  0.889132  
0.481025  0.132527  0.432448  
0.0766891  0.0162785  0.914178  
0.455547  0.165432  0.435599  
0.0771687  0.0182071  0.910547  
0.477561  0.341464  0.41244  
0.0689969  0.0188081  0.937598  
0.484673  0.129646  0.427924  
0.555168  0.253704  0.36354  
0.0432943  0.00957514  0.974956  
0.187766  0.266695  0.826604  
0.48276  0.142138  0.405667  
0.0429472  0.00981463  0.974956  
0.612146  0.152994  0.399165  
0.0736813  0.0183508  0.919407  
0.0737207  0.0183508  0.914098  
0.16336  0.0121922  0.973755  
0.103098  0.039586  0.879181  
0.00338289  0.00679234  1.21302  
0.0862238  0.0144277  0.969501  
0.476134  0.355849  0.40541  
0.482756  0.157465  0.405667  
0.461285  0.165432  0.435124  
0.471482  0.113271  0.474549  
0.163551  0.270815  0.823749  
0.106262  0.0416477  0.878917  
0.442072  0.110602  0.477902  
0.92392  0.152235  0.402676  
0.0934884  0.0310734  0.898515  
0.339507  0.0860226  0.649699  
0.0863408  0.013274  0.960137  
0.103612  0.039586  0.87911  
0.163499  0.293932  0.823599  
0.472083  0.113043  0.474549  
0.442072  0.107711  0.485493  
0.00982133  0.0152778  1.00025  
0.103053  0.0441113  0.879768  
0.00421404  0.0140828  1.00211  
0.0665537  0.0194047  0.936433  
0.0744998  0.0271868  0.911294  
0.33301  0.216982  0.642583  
0.0736945  0.0296509  0.914955  
0.507225  0.00755766  1.02788  
