0.585764 0.810482
0.158866 0.9873
0.25904 0.965867
0.177756 0.984075
0.0909255 0.995858
0.195523 0.980699
0.930471 0.366365
0.720801 0.693142
0.56398 0.825789
0.893953 0.44816
0.353608 0.935394
0.391032 0.920377
0.785823 0.618451
0.574794 0.818298
0.36621 0.930532
0.31464 0.949211
0.869589 0.493776
0.497471 0.867481
0.834599 0.550858
0.42745 0.904039
0.474577 0.880214
0.939871 0.34153
0.768207 0.640201
0.553074 0.833132
0.439316 0.898333
0.953064 0.30277
0.740171 0.672419
0.730536 0.682874
0.957245 0.28928
0.690733 0.723109
0.700899 0.713261
0.64966 0.760225
0.519951 0.854196
0.995722 0.0924037
0.905027 0.425354
0.596344 0.802729
0.680536 0.732714
0.802886 0.596133
0.842066 0.539375
0.670216 0.742166
0.983687 0.179886
0.639035 0.769178
0.980214 0.197941
0.976646 0.214856
0.969199 0.24628
0.972979 0.230895
0.463023 0.886346
0.617871 0.786279
0.882125 0.471016
0.212409 0.977181
0.759042 0.651042
0.542113 0.840306
0.777179 0.62928
0.531107 0.847305
0.403302 0.915067
0.86294 0.505306
0.819212 0.573491
0.287449 0.957796
0.944366 0.328898
0.910393 0.413744
0.888085 0.459679
0.607073 0.794646
0.849257 0.527979
0.990105 0.140326
0.986985 0.160811
0.378721 0.925511
1 0
0.749646 0.661839
0.415587 0.909554
0.935229 0.354042
0.856175 0.516686
0.451167 0.89244
0.915618 0.40205
0.965293 0.26117
0.920681 0.390317
0.925611 0.378477
0.486099 0.873904
0.301088 0.953596
0.710916 0.703276
0.50878 0.860897
0.660058 0.751215
0.875946 0.482409
0.228607 0.973519
0.961321 0.275431
0.628513 0.777799
0.794541 0.607211
0.948766 0.31598
0.826942 0.562287
0.116223 0.993223
0.899577 0.436763
0.99808 0.0619382
0.811145 0.584845
0.327785 0.944752
0.993044 0.117741
0.273472 0.96188
0.138382 0.990379
6.12323e-17 1
0.0606131 0.998161
0.244182 0.96973
0.340796 0.940137
