0.07295 0.720294 0.206756
0.0440707 0.622683 0.333246
0.074502 0.592252 0.333246
0.834931 0.0975802 0.0674888
0.899313 0.0303944 0.0702928
0.351461 0.530179 0.118359
0.153848 0.667366 0.178786
0.652771 0.0528338 0.294395
0.220218 0.469437 0.310345
0.108238 0.825038 0.0667239
0.306954 0.553261 0.139785
0.14398 0.570715 0.285305
0.0374419 0.945674 0.0168845
0.67369 0.255209 0.0711007
0.632062 0.306973 0.0609647
0.507809 0.402133 0.0900579
0.098961 0.694283 0.206756
0.712798 0.157816 0.129386
0.362344 0.430899 0.206756
0.722319 0.018952 0.258729
0.915838 0.00172772 0.0824338
0.957532 0.000620386 0.0418481
0.291116 0.375603 0.333281
0.307431 0.448641 0.243928
0.110184 0.556488 0.333328
0.663628 0.312198 0.0241737
0.466081 0.200742 0.333178
0.719439 0.116211 0.16435
0.452299 0.214454 0.333246
0.161828 0.653264 0.184908
0.611669 0.0552438 0.333087
0.367649 0.554598 0.0777537
0.962996 0.0183112 0.0186933
0.439215 0.544578 0.0162073
0.696841 0.0532949 0.249864
0.00222138 0.725931 0.271847
0.0787219 0.588032 0.333246
0.757296 0.0359479 0.206756
0.81787 0.000271198 0.181859
0.0213995 0.645362 0.333238
0.147292 0.849698 0.00301006
0.0666656 0.600102 0.333232
0.15027 0.516483 0.333246
0.654336 0.0124176 0.333246
0.556469 0.443531 1.11022e-16
0.0808183 0.898046 0.0211354
0.65357 0.205197 0.141233
0.305401 0.361508 0.33309
0.260785 0.716641 0.0225742
0.0718519 0.709452 0.218696
1.64986e-06 4.16708e-05 1.70718
0.945603 0.0542928 0.000104247
0.483038 0.183716 0.333246
0.559482 0.107191 0.333327
0.267208 0.406817 0.325974
0.948176 0.000614324 0.0512099
0.519671 0.147083 0.333246
6.31548e-18 1 2.22045e-16
0.285184 0.532874 0.181942
0.325454 0.341314 0.333232
0.819567 0.179939 0.000493332
0.138257 0.801799 0.0599441
0.207533 0.473402 0.319065
1.0508e-05 0.812664 0.187325
0.231156 0.454845 0.313999
0.394309 0.272444 0.333246
0.388901 0.438148 0.172951
0.665598 0.00115464 0.333247
0.472122 0.345196 0.182682
0.809337 0.124815 0.0658479
0.0445011 0.895119 0.06038
0.532511 0.240673 0.226816
0.0452437 0.62151 0.333246
0.445749 0.429607 0.124643
0.112501 0.789273 0.0982259
0.865261 0.0688907 0.0658479
0.628605 0.284077 0.0873184
0.0940436 0.753089 0.152868
0.314553 0.668179 0.0172681
0.144188 0.605948 0.249864
0.76221 0.168223 0.069567
0.519897 0.384784 0.0953196
0.387011 0.352693 0.260297
0.611617 0.110662 0.277721
0.646339 0.0276864 0.325974
0.250479 0.682032 0.0674888
0.453448 0.284713 0.261839
0.00865547 0.937067 0.0542773
0.124523 0.548077 0.3274
0.311908 0.627891 0.0602014
0.832573 0.0365064 0.130921
0.717725 0.22534 0.0569353
0.211192 0.52925 0.259557
0.611879 0.202699 0.185422
0.551856 0.174785 0.27336
0.333852 0.526363 0.139785
0.374347 0.609446 0.0162073
0.795163 0.19632 0.00851678
0.905705 0.0733057 0.0209896
0.0376672 0.80352 0.158813
