1.22646 2.78612 2.55222
1.22883 1.72758 4.14323
1.84356 1.60797 1.00623
1.15115 1.06969 4.77953
1.2877 0.926939 4.52104
1.47102 1.81494 3.23598
0.603435 2.66441 4.26993
1.07963 3.00079 2.60626
1.51303 0.0898919 4.05872
0.988505 3.54487 0.554282
0.670522 3.10438 3.38732
1.75947 1.72916 1.69569
1.97765 0.298246 1.41485
0.332484 0.357035 5.94751
1.65203 2.40515 0.203409
0.988207 1.85222 4.57205
1.70836 1.22413 2.78291
0.880341 0.274196 5.45433
1.16656 1.95904 4.07888
0.961325 3.41257 1.7552
0.791623 2.82018 3.7194
0.571266 0.10721 5.82276
0.974695 2.169 4.12036
1.49933 2.40777 1.8347
1.05035 3.26047 1.54013
0.0458951 2.88831 4.26138
1.28076 2.65793 2.36643
0.703666 2.65531 4.03013
1.92828 0.0391812 1.73715
0.0121827 0.00464984 6.00324
0.393349 2.34739 4.73099
1.46875 2.28235 2.33409
1.21289 0.13381 4.83614
0.759386 3.7736 0.0461726
1.58254 2.50502 0.30259
2.0036 0.0123408 0.00720079
1.06714 1.53856 4.53403
1.88526 1.35834 0.00618392
1.38222 0.00354858 4.34592
1.54533 0.124677 3.84525
1.34818 3.05302 0.041075
1.74857 1.95711 0.00488394
1.48458 2.70798 0.0132759
0.843211 3.26157 2.4591
0.00553324 4.00331 0.00732801
0.00483645 3.22313 3.5625
0.0528266 3.53735 2.94422
1.52003 1.85916 2.76539
1.03446 1.45623 4.79601
1.40277 1.67355 3.4787
0.724763 1.74341 4.97756
0.0139386 2.09995 5.12272
0.454629 1.71694 5.32723
0.0422753 1.47886 5.63572
0.039808 3.35288 3.39747
0.0563896 2.66548 4.57188
1.02579 3.46473 0.28142
0.922967 3.04672 2.78166
1.69547 1.52417 2.2673
1.14001 2.30265 3.53815
0.933706 0.0316079 5.31853
1.65688 0.0958951 3.55992
1.72734 0.00800428 3.06471
0.642042 0.0492009 5.75398
0.251575 3.65344 2.37344
1.83235 0.757956 2.18791
0.569267 3.88237 0.0346547
0.711633 0.953135 5.45213
1.59647 1.09534 3.24582
0.707573 1.17366 5.35048
1.25722 1.37719 4.21367
0.672994 3.39329 2.6545
0.0329503 0.920099 5.88306
1.15176 0.0343715 4.99365
1.43516 0.616285 4.11318
0.97357 2.78674 3.36401
0.715361 3.61801 1.8118
0.512162 3.00903 3.77479
1.23489 3.2269 0.526539
1.69358 2.26758 0.125586
0.458689 3.80116 1.60271
1.28131 2.93729 1.59596
1.80625 1.28715 1.82376
1.1283 2.74368 2.81948
1.418 1.10063 3.91932
1.27367 1.94405 3.61915
0.312391 1.07414 5.72029
1.7912 0.0399393 2.88562
0.81103 2.36887 4.34574
0.834708 3.68631 0.785252
0.635851 3.18415 3.26317
1.94919 1.1802 0.106846
0.683013 2.06931 4.86085
0.63867 0.460755 5.67104
1.06216 3.15054 2.14107
1.22476 1.03471 4.59885
0.924802 2.55774 3.86416
1.84088 1.75792 0.449741
0.195897 3.96478 1.40695
0.573153 3.55827 2.35006
