230.484  204.438  1561.54  
58.1104  1115.1  181.744  
475.562  272.583  729.17  
472.627  141.358  362.169  
482.799  574.833  283.854  
221.481  569.626  586.023  
68.7396  236.887  1292.27  
96.3888  660.852  335.569  
303.892  1082.6  43.3307  
1215.49  194.281  58.7063  
332.122  1244.41  153.816  
10.6693  44.4981  1138.49  
479.266  182.061  860.163  
687.948  589.471  407.582  
43.0661  32.5844  655.323  
759.713  831.175  532.489  
149.249  571.482  751.016  
359.11  429.284  699.48  
1015.83  407.934  141.908  
875.82  874.47  454.549  
331.067  798.884  506.63  
895.691  400.635  295.013  
957.515  199.562  589.98  
196.896  559.027  1098.79  
634.685  214.938  575.46  
319.641  896.912  411.073  
752.8  217.462  652.158  
958.959  51.3205  867.095  
201.542  878.389  225.608  
756.991  265.854  1155.67  
224.265  26.2864  1236.4  
45.2127  307.173  1149.89  
213.304  423.367  1185.86  
721.554  29.5941  302.605  
47.2471  789.41  913.66  
787.123  86.5946  564.948  
1205.51  319.864  456.662  
1115.46  292.185  306.234  
42.2706  453.68  1136.13  
464.977  0.0448499  617.988  
762.988  831.514  233.239  
645.362  48.66  471.449  
467.736  250.801  1091.07  
412.078  877.657  289.331  
559.573  419.175  442.358  
113.003  233.106  598.639  
752.536  809.577  60.5569  
3.79244  17.8926  762.818  
478.558  620.378  121.197  
207.218  131.8  1078.51  
60.0319  334.239  655.775  
616.874  859.566  426.507  
9.91649  7.71302  1442.52  
10.4794  10.7147  736.111  
407.944  1399.05  224.79  
1022.84  344.921  830.811  
557.489  119.809  505.182  
764.501  436.74  548.083  
151.867  604.904  1212.51  
427.535  243.454  1017.79  
455.71  218.517  884.25  
614.188  212.588  958.757  
832.76  294.33  536.894  
40.1561  904.097  406.333  
1179.66  380.028  208.226  
2.02352  74.6873  931.456  
323.188  704.486  882.916  
689.528  580.248  234.31  
670.124  772.189  173.131  
125.597  209.55  1328.34  
187.283  77.4762  964.653  
90.8699  687.97  897.008  
959.861  183.18  48.1637  
267.577  559.242  45.2296  
757.756  435.984  391.395  
586.072  92.6306  673.273  
2.39719  4.24965  1104.2  
342.662  876.189  685.105  
17.3705  429.363  860.885  
155.768  142.233  1142.89  
240.167  210.208  987.815  
202.522  970.707  188.68  
119.004  178.287  1280.61  
91.5781  85.3748  737.455  
450.853  601.949  780.675  
878.455  99.0035  415.851  
47.2932  37.8382  786.667  
140.418  36.4384  987.582  
1021.72  503.002  643.281  
88.8786  16.8994  759.226  
691.273  291.725  748.128  
4.48358  186.756  1164.76  
379.411  578.157  84.9665  
970.179  522.041  759.263  
465.804  240.073  1036.17  
326.718  9.31512  1232.96  
11.3958  710.409  524.729  
181.284  207.992  799.807  
62.6771  295.783  836.632  
124.329  436.379  770.893  
1.91978e-14  313.524  0  
374.353  1.03827  456.107  
6.17773e-15  21.8081  302.074  
1.15546e-14  3.88559e-14  662.027  
358.38  7.94022  2.33457  
283.974  87.8668  80.9774  
4.17447e-13  227.171  0  
0.539025  5.95634  270.499  
1.71964e-15  3.40306  544.156  
0.279415  0  171.667  
1.22495e-15  20.005  177.294  
1.05271e-14  0  171.921  
307.461  0.38801  0  
9.40979e-15  2.6098e-17  153.674  
1.37105e-14  223.909  0  
237.833  134.687  0  
0.0086014  187.988  0  
6.13828e-15  2.04476e-14  348.657  
3.30636e-15  3.01966e-14  496.096  
1.03169e-14  168.488  5.8426e-18  
9.98582e-15  163.081  4.25799e-06  
124.068  0  9.93503  
7.50975e-15  0  122.644  
4.69823e-08  120.842  0  
199.735  0  0.00282808  
125.751  0  0.186314  
124.345  1.92068e-18  2.04506  
6.78274e-09  136.174  3.91273e-05  
147.476  0  1.12408e-14  
142.396  0.0198348  2.31427e-18  
1.05177e-28  2.08138e-13  128.835  
0.136043  0  110.407  
118.507  3.49324e-07  1.40612e-05  
1.06395e-26  1.73755e-10  161.071  
164.368  2.5389e-18  1.48584e-19  
2.28738  7.40854e-20  106.964  
6.29158e-23  5.84238e-15  95.4133  
77.6967  0  109.895  
138.245  2.88402e-18  7.09233e-09  
5.39971e-31  8.81839e-15  144.015  
0.100347  0.325159  102.184  
1.38976e-10  94.9719  9.58508e-10  
7.1627e-11  77.4077  0.287681  
976.28  0  1.44763e-08  
1.47689e-26  7.8359e-15  127.97  
105.823  9.01112e-18  0  
0.0307211  85.138  56.0295  
4.71257e-16  7.69621  120.244  
145.369  2.24544e-18  1.65686e-11  
33.7826  8.21755e-10  2.59915e-12  
9.2047e-15  150.324  0  
1.30712e-10  102.284  0  
0.00907456  87.897  8.31798e-06  
5.86745e-15  3.45927e-16  95.9892  
6.62077e-15  108.125  45.4883  
4.46203e-15  1.09346e-15  75.0266  
547.185  0  5.64229e-16  
5.69461e-14  112.693  9.09741e-12  
216.008  1.09422e-06  1.95265e-19  
73.5542  1.3383e-17  60.2932  
2.51314e-12  142.769  106.306  
103.467  0  53.7717  
87.2679  84.8801  0  
8.63202e-15  140.972  2.83425e-09  
7.76092e-15  126.745  27.0158  
8.26944e-15  135.05  0  
7.45912e-15  2.41592e-34  121.817  
157.712  4.15988e-13  0  
99.8722  73.5858  0.672726  
6.5872e-08  1.00773e-11  111.486  
2.4171e-12  130.718  1.68889e-09  
8.70653  0.0188278  109.63  
138.519  0  0.599588  
0.000408436  81.0881  104.375  
0.0409037  73.076  104.096  
1.55493e-11  138.046  0  
149.016  2.49886e-16  2.42186e-18  
270.056  4.17141e-18  2.44122e-19  
131.314  21.3305  0  
128.115  77.3845  0  
8.96348e-16  6.87561e-15  113.237  
8.5679e-15  139.924  2.69607e-08  
164.887  0  0.000171895  
150.159  2.31943e-18  0.00446171  
1.86319e-15  6.8623e-15  116.127  
6.19993e-31  1.01253e-14  165.358  
8.26765e-15  0  135.021  
5.55921e-16  8.3772e-15  137.111  
354.734  0  3.39593e-06  
1.07937e-17  8.78174e-15  143.417  
177.32  2.73897e-18  1.60292e-19  
0.0066368  0.073338  136.132  
153.003  0.162223  1.10743e-07  
4.998  125.801  2.32667e-13  
86.5336  122.615  1.35663e-19  
9.30264e-15  6.65749e-16  152.312  
172.614  2.14907e-06  1.56038e-19  
2.98063e-15  48.6774  137.045  
8.26851e-09  153.651  5.3281e-18  
8.11622e-14  160.615  7.67271e-15  
0.00058931  556.306  2.95004e-08  
213.748  0.238635  2.04837  
2.96379  0.00205916  103.232  
9.29746e-15  151.839  63.332  
126.948  40.3916  11.9243  
184.346  19.4438  0  
7.89789e-15  4.16969e-16  129.162  
4.83567  113.766  12.0838  
146.77  0  7.85941  
1.32683  9.20062  91.1399  
22.8877  109.52  1.04206e-18  
7.68023e-16  6.17385e-15  101.604  
7.22518e-15  0  117.996  
5.72061e-19  0.00934246  95.6867  
4.78739e-31  7.8184e-15  127.684  
27.8468  0  94.8708  
138.038  0  0  
2.25699  0  117.316  
17.1074  107.891  0  
5.59134e-15  1.09953e-15  93.0624  
0.809975  109.05  0  
6.8613e-14  135.781  0.361079  
0.000163546  74.4336  3.13058e-06  
5.55259e-15  90.6807  13.1013  
1.20057e-17  6.14816e-15  100.407  
57.1069  0  0.493882  
7.32582e-28  1.1964e-11  86.1715  
5.95666e-15  1.34309e-21  97.2796  
0.00260867  0  80.4088  
2.54226e-16  4.15183  68.3658  
6.37991e-15  2.06637e-34  104.192  
114.974  0  0  
1.40601e-07  4.5539e-27  103.48  
0.000110586  104.393  5.53585e-09  
1.35591e-17  4.30026e-15  70.2289  
6.22099e-15  101.596  0  
28.611  0  59.1526  
138.014  0  1.28541e-18  
89.2295  0  0  
15.195  8.12037  65.2553  
9.83433e-10  2.62597e-07  64.2033  
0.705415  64.8601  2.48858e-18  
65.1264  1.95687e-12  8.87789e-07  
2.41808  11.8971  38.3102  
2.23928e-20  5.63026e-15  91.9491  
6.64079e-15  0  108.452  
33.1232  98.6772  7.06564  
0.336382  46.2264  0.145597  
4.52967e-15  73.9751  1.48658e-11  
88.2187  0.646818  0  
9.50923e-06  0  104.126  
33.4934  0  3.01689e-05  
7.02626e-05  95.8557  0  
48.7727  6.08055e-05  2.42953e-06  
82.7251  0.000516244  0  
3.57987e-31  5.84637e-15  95.4784  
17.304  55.7652  23.7188  
40.3823  55.0288  0  
54.2523  18.7761  1.92668e-07  
3.10605e-05  44.3479  43.9208  
76.5337  90.1818  8.95866e-13  
2.52695e-15  3.16093e-18  41.2682  
3.22878e-16  4.78231e-15  78.2789  
0.006612  68.2629  0  
3.36557e-20  5.6162e-15  91.7195  
82.2041  6.5728e-07  7.65618e-19  
77.1619  15.2474  1.41932e-18  
4.75089e-14  94.0172  3.34223  
3.07928e-15  50.2884  9.31314e-05  
74.3794  44.7821  7.92294e-10  
51.1152  14.3573  33.8248  
2.01885e-10  1.54273e-13  87.734  
64.8516  0  0.000454455  
41.5286  35.3873  59.3547  
63.1441  64.6094  0.00217511  
70.4284  4.12412  6.98425e-05  
0.000100461  100.909  0  
3.12681e-17  5.69438e-15  92.9977  
91.0158  7.80781e-07  0  
1.84126e-05  101.851  0.00520235  
3.31095e-15  54.0719  60.5595  
6.61717e-15  108.067  9.00521  
3.57054e-08  108.979  0.015032  
4.14907e-15  1.32013e-15  71.1065  
88.1596  74.4537  0  
7.41359e-15  121.073  0  
0.0779801  6.22523e-22  82.2274  
6.82445e-15  0  111.452  
4.86683e-15  2.11241e-16  79.5562  
4.3948e-31  7.17726e-15  117.214  
5.18473  0  82.9975  
3.06293e-19  0.00500214  95.381  
0.0441264  0.247622  69.0966  
87.5188  1.01889e-18  1.19079  
0.269842  48.0705  52.8347  
5.57625e-15  91.0671  26.4136  
93.8891  0.000310741  0  
0.720356  45.1689  61.6663  
44.2901  2.49449e-05  73.5697  
1.15891e-05  130.228  1.60804e-14  
158.204  0  0  
9.61975  0  115.79  
1.44041e-20  4.98548e-15  81.419  
6.3369e-31  1.03489e-14  169.011  
8.30309e-15  0  135.6  
102.02  0  6.94988e-17  
3.88221e-15  7.23747e-16  64.4937  
3.06933e-15  50.1259  0  
0.0375159  2.99493e-22  81.567  
3.80228e-18  4.28664e-15  70.0062  
65.9927  1.08209e-13  9.04674e-08  
74.1924  4.42239e-17  0  
7.62822e-19  0.0124578  53.4669  
2.3427  4.85527e-18  51.8963  
7.9765e-11  2.01216e-10  47.7579  
4.0495e-16  3.40652e-15  56.0243  
1.63379e-06  40.4919  39.5817  
23.5314  46.0487  0  
26.0794  45.2714  1.56156e-15  
1.66044e-09  1.01373e-10  44.594  
55.153  2.86325e-10  0  
49.6238  1.21844e-05  26.7387  
41.0375  0.327337  1.95546e-18  
8.80197  31.3916  30.2141  
0.088894  44.2722  0.000421625  
41.9439  2.67874e-16  0  
35.8446  0  0  
1.64881e-16  2.69664e-15  44.1217  
26.2866  0.747333  16.9996  
6.56272e-07  42.9366  0  
2.45718e-18  0.000118639  42.3538  
28.0093  16.2304  0.00922177  
6.47511e-05  5.16914e-25  77.0446  
1.64195e-31  2.68152e-15  43.7925  
34.9208  3.88832  0.0424182  
1.64138  43.7041  0.00497186  
3.06195  17.7855  24.0339  
19.7139  0  23.7545  
20.9231  22.4783  1.05985  
0.00226303  32.0366  0.188201  
10.7857  40.8798  18.3708  
9.9684  35.5114  0  
5.48685e-17  2.89599e-15  47.3036  
26.0414  0  2.21751e-18  
1.69406e-15  2.02887e-19  27.6662  
0.011131  27.2673  0.000309804  
2.57644  0  49.8675  
4.2545e-09  34.0698  1.26706e-16  
4.91207e-09  42.9744  4.56018  
38.8953  10.2966  2.42297e-06  
1.11605e-07  36.0967  23.757  
6.46608e-10  43.9595  2.12423e-08  
0.00104061  0  50.0362  
1.98709  31.6861  0  
2.60132e-15  42.4827  0.00537302  
3.33716e-10  26.4817  25.8788  
15.0858  19.6024  19.2632  
3.13691e-15  0  51.2297  
0.442606  3.53337e-21  51.6523  
24.0735  31.177  0.0136501  
0.862975  21.3372  24.8863  
15.3046  29.2312  14.7338  
5.37202e-07  2.29826e-16  34.2599  
2.88901e-15  47.1811  0  
2.76092e-18  0.0450892  42.2476  
15.078  4.88357e-19  44.8524  
34.1996  2.73019e-19  24.1085  
28.504  4.71071e-13  31.005  
28.1189  0  37.8072  
32.3583  1.29435e-05  30.4398  
2.95014e-15  48.1794  0  
34.7565  24.9755  1.01354e-11  
17.8876  36.3998  0.000211879  
2.2964e-16  3.75031  43.5373  
35.8463  29.7354  0  
39.8  27.2416  0  
2.57952e-20  9.106e-05  45.0464  
38.2271  0.920516  17.075  
3.64463e-15  1.20602e-16  59.5539  
6.50027e-18  3.20247e-15  52.3004  
0.0022556  2.62597e-23  65.2729  
51.6959  9.44084e-13  4.50948e-05  
5.51166e-15  0  90.0122  
1.06233e-18  3.54451e-15  57.8862  
7.67817e-18  3.14627e-15  51.3827  
3.55273e-15  1.09359e-15  60.707  
2.48506e-15  1.12845e-15  44.5723  
0.00043198  0  88.0933  
2.58107e-31  4.2152e-15  68.8395  
1.16941e-17  0.190979  44.7147  
1.03724e-20  3.59007e-15  58.6303  
34.1698  0  37.2518  
49.5697  0  0  
0.162834  4.35209e-17  41.108  
46.7666  0  3.47345e-05  
4.75038e-15  5.52617e-17  77.5848  
9.97514e-06  1.28606e-07  35.6937  
44.8168  0.115609  1.80448  
2.992e-15  48.863  9.67394e-15  
3.95174  46.0323  32.1397  
19.604  0.000509314  293.249  
13.1159  5.98119  0.0826469  
21.5352  0.446957  0.00551687  
0.365266  18.2955  1.44133e-08  
15.9168  2.36149  2.49511e-05  
0.0248688  0.128255  262.48  
26.3622  0  0.512328  
9.56008e-13  25.4347  0.0190154  
1.16386  4.10378  7.69577  
1.358e-31  2.21779e-15  36.2192  
9.9007e-19  0.0161691  32.4857  
2.05876e-19  2.02168e-15  33.0166  
5.34283e-17  1.97849e-15  32.323  
2.3022e-15  37.5979  0  
2.06511e-15  33.7258  3.38683e-14  
24.4625  0.000235443  1.53992e-14  
0.00137719  0  30.4494  
4.25484e-05  25.374  0  
33.7188  1.50643e-06  7.73333e-15  
1.90227e-15  0  31.0664  
20.412  15.6355  0  
1.74112e-15  28.4347  3.38982e-17  
2.75808  5.55781  0.320977  
1.29311e-05  0  26.1023  
2.42505e-09  16.5073  4.66736  
1.42312e-14  28.1627  0  
14.2464  12.7143  0  
1.05138e-15  17.1703  1.878e-07  
6.97508e-16  1.64605e-15  29.196  
3.49871e-09  19.2627  0  
9.59671  1.45593  0.687397  
14.7271  1.74794e-11  0.106136  
19.9268  0  0.221293  
12.8401  1.24337e-13  6.29427  
13.1303  6.5642e-11  9.39833e-12  
0.000452838  1.31312e-05  10.2981  
19.0913  2.26295e-15  0  
9.43283e-05  9.6104  8.85345  
21.3915  1.90456e-08  8.0846e-07  
6.20394  13.9015  5.34794e-15  
3.93832  8.55338  0.000824602  
1.78413e-18  0.029137  25.3191  
3.16131e-05  11.1524  7.16203  
17.21  0  0.0170758  
11.1895  4.32434e-07  6.04509e-10  
3.62029  2.50267  4.54886  
0.00475071  25.3461  1.96405e-16  
1.06454e-15  17.3853  5.96962e-10  
1.53732e-15  25.1063  8.62079e-10  
5.27089e-08  16.2724  1.37938e-05  
0.000292981  0.548427  8.04903  
5.37113  3.55897  0.00109106  
18.3581  0  1.10144e-05  
2.33903e-05  14.084  3.57383e-09  
9.07085  2.47306  0.0016714  
7.60744  0.0731112  0.00424267  
1.48246e-05  12.8296  0.760146  
1.10848  10.3434  0.262834  
0.000378239  6.73531  0.0016713  
0.00120547  0  6.47838  
6.19782  0.779824  5.7748  
7.94515e-16  4.28383e-17  12.9943  
7.53461e-16  1.0028e-11  13.029  
0.00242892  9.41659  0.000252519  
0.100529  0.0612252  6.6972  
0.158907  11.1189  3.39508e-14  
10.799  0.103784  61.1017  
5.77571e-05  13.4588  1.43457  
2.05643e-05  12.1169  3.77098  
8.90113e-16  14.5366  0.00728473  
1.60745e-15  0  26.2517  
34.2564  0  0  
1.19675e-31  1.95444e-15  31.9184  
6.73943e-21  0.000110063  27.4924  
8.56257e-20  4.72467e-13  13.6157  
2.21952e-15  36.2476  0  
9.00798  13.0505  0.0027425  
9.90414  1.75605  0.0215921  
0.194535  13.138  2.17384e-09  
14.2154  0.00122957  7.51224e-09  
7.59542  7.45905  0.00773017  
24.245  3.48865e-05  1.23714e-13  
8.59573  1.64433  5.54056  
0.127048  9.94327  5.55256  
12.9933  0.000337566  4.15396  
0.385488  2.62957e-13  16.0869  
0.047754  14.0244  0.142071  
7.07296  4.33989e-05  8.93343  
0.229619  10.862  5.04889  
4.08187e-09  1.68942e-10  13.3247  
0.00332202  12.5399  5.74478  
10.8735  11.1302  3.6663e-10  
0.220649  0.0559904  12.4575  
13.557  0  11.5026  
7.6618e-18  0.125127  17.2135  
21.6393  1.07942  7.90995e-14  
1.53286e-15  25.0335  4.4278  
1.48124e-15  24.1905  10.1463  
11.1419  22.9006  0  
36.0871  0  0  
0.878158  0.2359  0.416221  
0.671375  7.73602e-07  0.741212  
0.215909  0.470852  0.855407  
0.583771  0.77244  0.250298  
0.324838  0.708403  0.626651  
0.444442  0.280949  0.850694  
0.617259  0.615919  0.489563  
0.625536  0.451959  0.635976  
0.455412  0.853652  0.252769  
0.232184  0.270769  0.93423  
0.734859  0.261284  0.625908  
0.845496  0.451054  0.285884  
0.672387  0.688501  0.271825  
0.826476  0.270491  0.493761  
0.245053  0.929757  0.274846  
0.286718  0.380069  0.879429  
0.185391  3.0206e-07  0.982711  
6.27483e-07  0.828668  0.559798  
0.700858  0.416445  0.579262  
0.829779  0.377373  0.411327  
0.402736  0.65162  0.642822  
0.282911  8.13917e-08  0.959158  
4.38701e-07  0.793015  0.609229  
0.325984  0.945394  2.83373e-08  
0.730722  0.471467  0.49378  
0.432633  4.17789e-08  0.901585  
0.37931  0.409735  0.829627  
0.501863  0.446478  0.740818  
0.790404  0.482763  0.377231  
4.92287e-07  0.897143  0.441781  
0.853029  9.57112e-08  0.521915  
0.801791  3.05644e-06  0.597627  
0.765865  0.55335  0.327541  
0.474336  0.762136  0.440646  
0.25311  0.869358  0.424505  
2.06619e-07  0.615701  0.787998  
0.942718  0.333681  9.71455e-08  
0.600449  0.713411  0.361421  
0.63691  6.43552e-09  0.770958  
0.707011  0.707232  9.09169e-08  
0.645336  0.6488  0.403273  
0.909073  0.416709  6.88354e-09  
1.04205e-09  0.487287  0.873255  
1.65661e-05  0.720026  0.693969  
0.876964  0.480574  7.76218e-09  
0.602083  0.798506  7.27434e-14  
0.611063  0.343412  0.713389  
1.00003  4.34416e-07  1.44765e-08  
1.22666e-12  1.57378e-12  1  
2.26138e-07  0.855004  0.518681  
0.387079  0.838647  0.383257  
0.772973  0.313053  0.551851  
0.538924  5.20434e-08  0.842386  
0.579081  0.560978  0.591606  
0.48344  0.875399  6.4512e-10  
0.935165  3.39741e-06  0.354229  
0.754899  8.69844e-07  0.65587  
0.672016  0.364821  0.644458  
0.797775  0.602972  1.89739e-07  
1.87955e-07  1.00001  5.93417e-08  
4.66548e-07  0.936095  0.351762  
0.896796  1.27497e-06  0.442483  
0.696938  5.05821e-05  0.71729  
0.971272  2.03903e-06  0.238013  
0.327834  0.575971  0.748913  
0.828645  8.01635e-08  0.559818  
2.20972e-05  0.972594  0.232539  
0.428264  0.725081  0.539337  
2.29765e-07  0.415332  0.909674  
8.0546e-08  0.554162  0.832427  
0.409773  0.912232  2.22742e-08  
0.492866  6.3978e-06  0.870127  
0.652246  0.758042  9.09175e-08  
0.346826  0.499234  0.794057  
0.545969  0.837855  4.29732e-07  
0.51192  0.305766  0.80282  
3.20232e-05  0.66972  0.742687  
5.90414e-08  0.329087  0.944328  
0.845401  0.534142  9.70985e-07  
3.37374e-08  0.215365  0.976612  
0.536999  0.509138  0.672641  
0.356488  0.290646  0.887961  
0.53783  0.670974  0.510462  
0.265212  0.771919  0.577806  
0.971277  0.238042  9.71001e-07  
0.884871  0.324255  0.334626  
0.273358  0.682235  0.678122  
0.656714  0.535002  0.531736  
0.221186  0.97527  6.48965e-08  
0.952096  1.99877e-06  0.305831  
0.305463  0.894109  0.32754  
0.363108  6.56813e-07  0.93176  
0.519356  0.805042  0.286701  
0.748636  0.662999  1.66429e-09  
0.591447  5.71154e-08  0.806389  
0.30504  0.815961  0.49111  
5.22695e-05  0.753337  0.657719  
0.712536  0.586252  0.385505  
0.443777  0.557096  0.701973  
0.924288  0.26492  0.274845  
0.234784  0.461766  0.855365  
0.724966  0.644855  0.242048  
0.243505  0.876827  0.414584  
0.780803  0.429018  0.454191  
0.439153  0.274224  0.855538  
0.419021  0.471046  0.776233  
0.239677  0.266764  0.933484  
0.730773  0.269004  0.627382  
0.54057  0.71445  0.444236  
0.259986  0.647115  0.716693  
0.569408  0.303561  0.763954  
0.64434  0.465228  0.60695  
0.859663  0.436007  0.266229  
0.288909  0.379245  0.879036  
0.634339  0.720559  0.280016  
0.251023  0.930077  0.268223  
0.660917  0.297505  0.68897  
4.17281e-16  0.825772  0.564004  
0.837016  0.255906  0.483649  
0.92414  0.260095  0.279849  
0.801233  2.2547e-19  0.598352  
0.894187  5.85478e-14  0.447693  
0.333485  0.70574  0.625074  
0.377172  0.842769  0.384035  
0.796141  0.605111  1.69318e-16  
0.288738  5.15251e-15  0.957408  
6.1232e-17  1.90002e-19  1  
0.640998  0.654073  0.401634  
4.86638e-17  0.79474  0.60695  
0.539186  4.68644e-17  0.842187  
0.733112  0.472611  0.489066  
0.482281  0.876017  7.61503e-18  
0.500014  0.446772  0.741877  
1.1389e-14  0.332465  0.943115  
0.605991  0.795471  0  
3.79329e-17  0.619492  0.785003  
7.35184e-15  0.938598  0.345014  
0.305233  0.768207  0.562752  
0.636931  6.80108e-16  0.770921  
1  5.17274e-16  2.38661e-20  
2.58185e-12  0.972919  0.231146  
0.826823  0.383656  0.411305  
0.707137  0.707076  0  
0.441261  0.756529  0.482652  
0.701153  0.614818  0.361085  
6.89334e-16  0.726065  0.687626  
1.61554e-15  1  0  
0.302546  0.51292  0.803355  
0.849272  6.78083e-17  0.527955  
0.337735  0.300415  0.892012  
0.489124  0.614918  0.618574  
0.392243  0.647225  0.65364  
3.03603e-17  0.495822  0.868424  
0.324514  0.945881  0  
0.876122  0.48209  7.65352e-19  
4.3235e-16  0.855593  0.517648  
0.572813  0.568935  0.590083  
5.02903e-12  0.676298  0.736628  
0.441916  0.860171  0.25459  
0.94585  0.324604  8.4128e-20  
4.49636e-13  0.559654  0.828727  
0.431564  3.99351e-15  0.902082  
0.751957  0  0.659212  
0.370439  0.415125  0.830931  
0.674737  0.374935  0.635731  
0.934815  4.95562e-16  0.355134  
5.51334e-17  0.900397  0.435068  
0.315094  0.893368  0.320327  
0.695701  5.01505e-19  0.718331  
0.489702  0.322429  0.810081  
0.971223  1.00343e-13  0.238172  
0.764327  0.55784  0.323449  
0.320635  0.574081  0.753408  
0.567777  0.745308  0.349494  
1.16555e-16  0.411451  0.911432  
0.911874  0.41047  0  
0.409258  0.912419  2.38661e-20  
0.494591  0.6853  0.53455  
0.545372  0.838194  8.21212e-17  
1.46926e-07  0.223175  0.974778  
0.840827  0.541304  7.65352e-19  
0.749975  0.661466  7.18653e-18  
0.654684  0.755903  0  
0.600994  0.363844  0.711635  
0.451179  0.556485  0.697684  
0.660896  0.532136  0.529195  
0.765945  0.329224  0.552214  
0.289244  0.826232  0.483403  
0.883964  0.330259  0.330963  
0.97622  0.216781  0  
0.21565  0.976471  3.70753e-17  
0.497409  0.80621  0.320327  
0.592179  1.90479e-15  0.805806  
0.36758  5.34459e-17  0.929992  
0.483517  5.30715e-15  0.875335  
0.547273  0.498009  0.672665  
0.803354  0.481044  0.351025  
2.14887e-16  0.758574  0.651587  
0.597234  0.630055  0.496328  
0.194623  2.6364e-12  0.980878  
0.763796  0.296901  0.573119  
0.407783  0  0.913079  
0.421178  0.875978  0.2351  
0.854668  0.265384  0.446221  
0.43753  0.797886  0.414663  
0.258218  0.864138  0.431959  
0.266175  0.681613  0.681583  
0.26608  0.43764  0.858879  
0.860168  0.440496  0.25705  
0.573013  0.432778  0.69596  
0.791135  0.397331  0.465009  
0.449089  0.421342  0.787902  
0.700773  0.268595  0.660888  
0.618603  0.612128  0.492575  
0.498327  0.624696  0.601186  
0.715942  0.635682  0.288679  
0.2685  0.929074  0.254421  
0.564946  0.825128  0  
0.923468  0.283038  0.259031  
0.619643  0.293371  0.727995  
0.48151  0.261175  0.836621  
0.274138  0.258779  0.926219  
0.447237  0  0.894415  
0.830492  0.413673  0.373038  
0.385212  0.842871  0.37574  
0.650884  0.651058  0.390478  
0.692727  0.545164  0.47215  
0.606692  0.794937  0  
5.79232e-17  0.945958  0.324289  
0.485642  0.471608  0.736028  
0.741335  0.446901  0.500701  
0.94252  0.33415  0  
0.638062  0.372595  0.673832  
3.71306e-17  0.606389  0.795168  
0.597349  0  0.801982  
2.05542e-14  0.796106  0.605157  
0.528666  0  0.84883  
0.34713  0.937817  0  
0.406228  0.381129  0.830493  
1  0  2.38661e-20  
0.771274  0  0.636503  
0.956827  0  0.290658  
0.784821  0.619723  0  
1.82564e-14  0.707106  0.707107  
0.482226  0.753684  0.446562  
5.04102e-15  0.662355  0.74919  
0.589874  0.569456  0.572511  
5.098e-17  3.39181e-17  1  
0.840419  0  0.541938  
0.687896  0.725809  0  
3.70003e-10  0.323947  0.946075  
6.12323e-17  1  0  
0.868904  0.494981  0  
0.362919  0.715429  0.597035  
2.35352e-12  0.876029  0.482258  
0.901493  0  0.432793  
0.524816  0.681502  0.510023  
0.400993  0.652774  0.642722  
0.660186  0  0.751103  
2.95252e-17  0.482182  0.876071  
3.95696e-11  0.217254  0.976115  
0.516024  0.856574  0  
0.354537  0  0.935042  
0.436468  0.89972  3.64103e-20  
0.71794  0  0.696105  
0.237106  0  0.971484  
0.714875  0.361756  0.598404  
0.758588  0.568208  0.318879  
0.322126  0.558806  0.76418  
0.31975  0.768066  0.554829  
0.232332  0.972637  0  
0.907243  0.420607  0  
5.73369e-08  0.412132  0.911124  
0.805593  0.510644  0.300437  
5.58724e-17  0.912465  0.409155  
0.735327  0.677713  0  
0.974694  0.223544  0  
0.831574  0.555414  0  
3.31569e-17  0.541493  0.840705  
0.884422  0.305829  0.352515  
0.562176  0.767862  0.307158  
5.14599e-17  0.840404  0.54196  
4.59295e-17  0.750086  0.66134  
0.531028  0.533221  0.658547  
0.54988  0.324631  0.769575  
0.808929  0.292708  0.509859  
0.330291  0.32934  0.884558  
5.97758e-17  0.976213  0.216814  
0.322448  0.892322  0.315893  
0.930352  0  0.366668  
0.872404  0  0.488786  
0.361784  0.613703  0.70177  
0.804176  0  0.594391  
0.303142  0.816707  0.491015  
0.614858  0.710341  0.342585  
0.300522  0.497688  0.81363  
0.491441  0.826523  0.274492  
0.654765  0.477689  0.585744  
0.649708  0.760184  0  
0.980962  0  0.194199  
0.433343  0.732502  0.525029  
0.762158  0.304621  0.571245  
0.418494  0.876272  0.238766  
0.451803  0.42408  0.784876  
0.855162  0.267924  0.44375  
0.423002  0.234946  0.87514  
0.256408  0.862017  0.437243  
0.572997  0.431517  0.696755  
0.270015  0.682392  0.679289  
0.859873  0.443436  0.252948  
0.792851  0.393775  0.465111  
0.264249  0.438306  0.859104  
0.700465  0.267662  0.661594  
0.612088  0.617387  0.494147  
0.495272  0.623216  0.605233  
0.71586  0.634508  0.291451  
0.267426  0.929327  0.254628  
0.621176  0.29011  0.727995  
0.924522  0.282271  0.25609  
0.565253  0.824917  0  
0.49499  0.279503  0.822717  
0.278345  0.259183  0.92485  
0.597398  0  0.801945  
0.830718  0.413785  0.37241  
0.384678  0.842616  0.376858  
6.12323e-17  1  0  
0.448201  0  0.893933  
0.651202  0.649721  0.392172  
0.687903  0.725802  0  
0.408897  0.382649  0.828482  
0.606424  0.795141  0  
0.399897  0.653901  0.642259  
0.741244  0.446693  0.501021  
0.481777  0.753601  0.447187  
5.79192e-17  0.945893  0.324479  
3.70745e-17  0.605473  0.795866  
4.87547e-17  0.796225  0.605001  
1.33029e-17  0.217254  0.976115  
0.942665  0.333741  0  
0.347288  0.937758  3.64103e-20  
0.48689  0.473342  0.734088  
0.660015  0  0.751252  
0.490642  0.826847  0.274943  
1.98686e-17  0.324479  0.945893  
5.098e-17  3.39181e-17  1  
0.636752  0.373073  0.674806  
0.515507  0.856885  0  
4.32978e-17  0.707106  0.707107  
0.770999  0  0.636837  
0.807973  0.290508  0.512626  
5.36548e-17  0.876249  0.481859  
0.78487  0.619661  0  
0.95708  0  0.289825  
0.528666  0  0.84883  
0.868715  0.495313  0  
1  0  2.38661e-20  
0.356481  0  0.934302  
0.840719  0  0.541472  
2.95252e-17  0.482182  0.876071  
0.806521  0.509052  0.30065  
0.590001  0.568636  0.573195  
0.902117  0  0.431492  
0.549769  0.326762  0.768753  
0.436679  0.899617  3.64103e-20  
0.238548  0  0.971131  
0.71794  0  0.696105  
0.907735  0.419543  0  
0.32184  0.557506  0.765249  
0.758031  0.568285  0.320064  
4.04985e-17  0.66139  0.750042  
0.317991  0.769316  0.554107  
0.232843  0.972514  0  
4.59432e-17  0.75031  0.661086  
2.51049e-17  0.409995  0.912088  
5.58647e-17  0.91234  0.409434  
0.524238  0.680751  0.511618  
0.735478  0.677549  0  
0.713606  0.361244  0.600224  
0.974725  0.223408  0  
0.358934  0.716296  0.598404  
0.829916  0.557889  0  
0.88461  0.304754  0.352974  
3.30995e-17  0.540556  0.841308  
0.560959  0.768113  0.308753  
5.14414e-17  0.840101  0.542429  
0.532998  0.531777  0.658123  
0.692491  0.544372  0.473408  
0.338013  0.8125  0.474965  
0.329611  0.328883  0.884982  
5.9772e-17  0.97615  0.217095  
0.322616  0.892788  0.314404  
0.931091  0  0.364787  
0.872537  0  0.488549  
0.363385  0.611502  0.702863  
0.803818  0  0.594875  
0.615764  0.710162  0.341328  
0.343204  0.478949  0.807972  
0.655377  0.475487  0.58685  
0.650166  0.759792  0  
0.981027  0  0.193869  
0.433305  0.732439  0.525148  
0.761934  0.304532  0.571591  
0.452315  0.426827  0.78309  
0.418666  0.87619  0.238766  
0.854755  0.26747  0.444807  
0.426318  0.238935  0.872447  
0.255591  0.862106  0.437546  
0.270037  0.682447  0.679225  
0.57352  0.432053  0.695992  
0.859873  0.443436  0.252948  
0.792506  0.393792  0.465684  
0.264249  0.438306  0.859104  
0.700189  0.264785  0.663041  
0.612058  0.617847  0.49361  
0.495095  0.623356  0.605233  
0.716002  0.634634  0.290828  
0.267428  0.929335  0.254596  
0.621176  0.29011  0.727995  
0.924351  0.282219  0.256765  
0.565249  0.82492  0  
0.495979  0.281665  0.821383  
0.278016  0.259536  0.92485  
0.597398  0  0.801945  
0.830718  0.413785  0.37241  
0.651342  0.64974  0.391908  
0.956957  0  0.290231  
4.87547e-17  0.796225  0.605001  
0.448076  0  0.893996  
5.098e-17  3.39181e-17  1  
0.606794  0.794859  0  
5.79292e-17  0.946055  0.324005  
0.48689  0.473342  0.734088  
0.741244  0.446693  0.501021  
0.713875  0.36138  0.599822  
0.481963  0.753482  0.447187  
0.490652  0.826864  0.274877  
3.70737e-17  0.605459  0.795876  
0.384434  0.842379  0.377635  
0.347288  0.937758  3.64103e-20  
0.770874  0  0.636987  
0.399989  0.653865  0.642237  
1  0  2.38661e-20  
0.408624  0.382394  0.828735  
0.78487  0.619661  0  
0.528301  0  0.849057  
0.636888  0.373153  0.674634  
0.942812  0.333325  0  
0.840439  0  0.541906  
0.868715  0.495313  0  
0.533096  0.532636  0.657348  
6.12323e-17  1  0  
0.321862  0.557583  0.765184  
2.95101e-17  0.481936  0.876206  
5.36548e-17  0.876249  0.481859  
0.590088  0.568721  0.57302  
1.98686e-17  0.324479  0.945893  
0.65989  0  0.751363  
0.515507  0.856885  0  
0.687903  0.725802  0  
4.32978e-17  0.707106  0.707107  
0.343014  0.479215  0.807895  
0.901825  0  0.432101  
0.436738  0.899589  3.64103e-20  
0.356481  0  0.934302  
0.239085  0  0.970999  
0.717588  0  0.696468  
0.758031  0.568285  0.320064  
5.58766e-17  0.912533  0.409002  
0.317911  0.769349  0.554107  
0.232534  0.972588  0  
0.907736  0.419541  0  
1.33029e-17  0.217254  0.976115  
2.51077e-17  0.41004  0.912067  
0.358549  0.716138  0.598823  
0.523982  0.680692  0.511958  
0.735478  0.677549  0  
0.974725  0.223408  0  
0.829916  0.557889  0  
0.884491  0.305098  0.352974  
3.31153e-17  0.540814  0.841142  
0.561322  0.767892  0.308642  
5.14451e-17  0.840163  0.542334  
4.59432e-17  0.75031  0.661086  
4.05137e-17  0.661638  0.749823  
0.549826  0.326463  0.768839  
0.692594  0.544453  0.473164  
0.808179  0.291112  0.511957  
0.650166  0.759792  0  
0.329611  0.328883  0.884982  
5.97774e-17  0.976239  0.216698  
0.322403  0.892726  0.314795  
0.930894  0  0.36529  
0.872537  0  0.488549  
0.363121  0.611659  0.702863  
0.803673  0  0.595072  
0.615579  0.709948  0.342106  
0.337962  0.812379  0.475208  
0.655621  0.475664  0.586434  
0.806082  0.509463  0.301131  
0.981027  0  0.193869  
0.433186  0.732237  0.525527  
0.762154  0.304466  0.571333  
0.45184  0.42733  0.78309  
0.418562  0.876115  0.239225  
0.854762  0.267472  0.444793  
0.425744  0.239957  0.872447  
0.255591  0.862106  0.437546  
0.270037  0.682447  0.679225  
0.57352  0.432053  0.695992  
0.860062  0.443534  0.252132  
0.792506  0.393792  0.465684  
0.264303  0.438241  0.859121  
0.700159  0.265669  0.66272  
0.61218  0.617726  0.49361  
0.495276  0.623322  0.605121  
0.715818  0.634841  0.290828  
0.267428  0.929335  0.254596  
0.62096  0.290232  0.728131  
0.924263  0.282405  0.256877  
0.56504  0.825063  0  
0.495953  0.281785  0.821357  
0.278278  0.259256  0.92485  
0.597398  0  0.801945  
0.830662  0.413757  0.372567  
0.384429  0.842369  0.377662  
4.32978e-17  0.707106  0.707107  
0.956957  0  0.290231  
0.840505  0  0.541803  
0.650166  0.759792  0  
5.79292e-17  0.946055  0.324005  
1.98647e-17  0.324415  0.945915  
0.48689  0.473342  0.734088  
0.741244  0.446693  0.501021  
0.637084  0.372817  0.674634  
0.48182  0.753603  0.447137  
0.447998  0  0.894035  
0.942812  0.333325  0  
0.337991  0.812447  0.47507  
0.65135  0.649731  0.391908  
5.098e-17  3.39181e-17  1  
3.70666e-17  0.605344  0.795964  
0.317707  0.769434  0.554107  
4.87547e-17  0.796225  0.605001  
0.687925  0.725781  0  
0.606772  0.794876  0  
0.86865  0.495427  0  
0.347288  0.937758  3.64103e-20  
0.770874  0  0.636987  
1  0  2.38661e-20  
5.97753e-17  0.976204  0.216854  
0.65978  0  0.751459  
6.12323e-17  1  0  
0.528301  0  0.849057  
0.515515  0.856881  0  
5.36506e-17  0.876182  0.481981  
0.78487  0.619661  0  
2.95103e-17  0.481941  0.876204  
0.400108  0.65388  0.642148  
0.590088  0.568721  0.57302  
0.40857  0.38228  0.828814  
0.356201  0  0.934409  
0.901825  0  0.432101  
0.436738  0.899589  3.64103e-20  
0.238559  0  0.971128  
0.490627  0.826775  0.275187  
0.717588  0  0.696468  
0.321862  0.557583  0.765184  
0.758031  0.568285  0.320064  
0.615542  0.709905  0.342262  
0.232534  0.972588  0  
0.907736  0.419541  0  
2.51077e-17  0.41004  0.912067  
0.930827  0  0.365461  
5.58766e-17  0.912533  0.409002  
0.523982  0.680692  0.511958  
0.735478  0.677549  0  
0.713891  0.361458  0.599756  
0.974725  0.223408  0  
0.803553  0  0.595233  
0.829916  0.557889  0  
0.884491  0.305098  0.352974  
3.31153e-17  0.540814  0.841142  
0.561322  0.767892  0.308642  
5.14451e-17  0.840163  0.542334  
4.59432e-17  0.75031  0.661086  
4.0515e-17  0.66166  0.749804  
0.532223  0.532766  0.657951  
0.549729  0.326625  0.768839  
0.692704  0.54449  0.472961  
0.808302  0.291156  0.511739  
0.329656  0.328837  0.884982  
1.32992e-17  0.217193  0.976129  
0.322403  0.892726  0.314795  
0.872452  0  0.4887  
0.363006  0.612047  0.702585  
0.655621  0.475664  0.586434  
0.358059  0.716383  0.598823  
0.342949  0.479261  0.807895  
0.806082  0.509463  0.301131  
0.980976  0  0.19413  
