104.645  900.44  
1170.41  480.861  
1141.71  319.939  
779.313  757.014  
891.959  816.172  
760.733  641.631  
1241.25  161.665  
962.19  834.718  
715.743  623.381  
581.197  367.697  
1293.06  350.361  
379.299  1317.49  
892.462  156.582  
623.757  1063.68  
1278.06  162.769  
288.414  1259.35  
806.653  948.964  
961.656  827.41  
988.53  319.799  
164.151  908.92  
587.804  795.569  
455.501  1101.22  
763.653  43.7136  
1070.99  901.678  
738.398  556.529  
522.507  938.537  
1303.65  52.0117  
223.596  712.246  
791.961  608.801  
526.91  1059.47  
39.9943  988.347  
400.954  940.116  
1226.78  582.276  
634.615  602.812  
892.204  486.184  
1068.43  433.819  
1163.22  47.5258  
1153.51  108.072  
453.28  1023.77  
674.959  236.988  
908.451  1160.09  
508.628  192.788  
738.11  392.717  
1261.94  144.124  
318.907  1489.55  
925.565  188.293  
532.643  640.114  
1077.92  256.04  
526.759  701.116  
276.68  1073.42  
562.094  592.736  
473.358  648.973  
591.791  936.329  
540.914  108.53  
771.551  245.37  
824.517  900.958  
954.757  1157.79  
848.23  1155.22  
435.537  799.105  
963.768  940.558  
845.477  556.212  
1441.96  329.122  
129.717  861.479  
837.541  558.173  
497.829  1143.44  
113.136  995.22  
1095.64  388.384  
826.629  512.144  
807.771  689.19  
423.788  948.124  
187.349  1194  
122.757  722.324  
758.686  1041.54  
971.25  218.636  
967.325  113.702  
1141.36  432.888  
407.976  780.519  
3.69846  862.646  
81.3236  816.51  
570.31  647.01  
269.7  790.445  
1448.01  412.279  
389.911  647.046  
879.561  234.897  
47.3469  981.334  
861.629  54.1247  
152.98  587.484  
1024.51  447.272  
1120.4  382.163  
884.63  684.135  
131.582  688.782  
675.859  591.936  
793.037  243.352  
912.877  103.158  
1307.51  336.992  
943.94  983.284  
82.8362  1136.87  
1157.63  240.04  
748.218  1004.93  
349.131  966.434  
3.24601  363.961  
2.01707e-14  329.412  
211.295  7.88725  
1.77338e-14  289.615  
170.364  0.0023126  
173.014  0  
1.50176e-14  245.256  
166.064  1.6477e-08  
161.746  0.42759  
3.22765  222.923  
163.053  0  
1.21595e-14  198.579  
160.132  0.0907378  
1.01857  177.071  
161.671  0  
1.08998e-14  178.007  
159.529  7.17231e-07  
0.0627076  173.513  
158.664  11.2249  
27.415  167.077  
160.744  0  
1.06532e-14  173.98  
124.866  46.8348  
132.708  1.27161e-07  
100.305  96.3083  
111.256  72.0874  
7.70331e-11  126.142  
66.6986  2.21504e-16  
123.147  0.000136601  
89.2246  105.088  
8.14466e-15  133.012  
117.421  4.14059  
96.4771  88.97  
116.995  0  
10.9447  114.935  
83.4254  93.1618  
83.8578  72.1611  
105.91  125.41  
72.3241  44.9388  
106.422  0  
0.00475655  121.995  
8.4055e-15  137.272  
5.92063e-15  96.6913  
112.555  23.3815  
0.916887  59.0241  
0.00481167  90.999  
7.90358  94.1786  
7.88886e-15  128.835  
113.717  0  
66.8206  122.322  
129.063  0  
59.3954  114.009  
6.30544e-15  102.976  
100.652  81.8084  
110.51  34.6321  
84.6183  47.1834  
7.79334e-06  123.064  
149.103  2.49088e-06  
71.1017  93.1384  
121.702  118.211  
110.009  70.5692  
78.8723  81.1059  
84.4572  119.877  
115.2  6.86674e-17  
7.04472e-15  115.049  
0.98998  158.422  
108.861  83.8743  
138.875  0  
134.777  0.0106212  
93.0704  106.21  
111.729  95.5847  
5.91367e-05  132.542  
115.044  83.8036  
151.915  0  
131.718  60.8992  
142.066  3.62921e-17  
68.8998  130.844  
140.047  3.02793e-19  
7.97851e-10  122.408  
9.51375e-15  155.371  
150.371  0  
115.756  89.3522  
0.910623  140.993  
138.288  0.178191  
151.994  0  
109.521  119.675  
3.10473e-06  151.059  
0.881728  146.144  
12.071  142.881  
148.461  0.295703  
125.935  99.9489  
109.135  129.033  
18.6705  155.576  
4.01292  145.201  
9.8612e-15  161.046  
150.608  0.00415446  
95.1777  132.036  
1.16115  165.109  
0.000292413  166.046  
158.052  4.03758e-17  
3.59985  508.987  
41.9072  118.103  
124.912  8.01936  
4.75381  119.901  
130.249  0  
7.59668e-15  124.063  
0.251783  116.74  
5.96314e-14  118.007  
125.05  5.15781e-18  
0.35071  115.234  
114.499  1.26537  
121.807  0  
119.38  2.3238e-08  
117.415  0.000649036  
6.93833e-15  113.312  
4.86114  111.052  
113.934  0.00321421  
6.69719e-15  109.373  
117.216  4.61595e-11  
5.8887e-15  96.1698  
9.63136e-08  92.0978  
108.243  3.54648e-18  
91.4416  0.23176  
0.00880771  105.048  
77.5918  20.4408  
53.7455  1.47384e-07  
93.6448  2.95818e-18  
38.78  56.1558  
211.743  0  
5.39954e-15  88.1811  
84.1148  5.48628e-06  
92.2557  14.4564  
7.42111e-08  77.02  
0.866104  55.8045  
4.67077e-15  76.2795  
98.9905  0  
96.0468  0  
7.92408e-12  79.432  
9.88769e-13  96.2279  
79.9924  0  
67.2842  65.7344  
62.4493  0.945393  
0.00602035  85.7476  
5.16921e-15  84.4197  
86.2763  9.49585e-07  
66.003  6.33937e-18  
93.0943  9.28976e-19  
1.14727e-14  40.5001  
44.3021  39.2292  
73.4404  0.123322  
117.007  0  
95.9609  63.8837  
0.0182211  49.6064  
97.0424  0  
55.1391  31.4834  
8.2761  70.8587  
75.3513  77.1206  
28.1612  48.5429  
1.59957e-09  72.2401  
77.386  71.5262  
72.381  4.18087e-05  
77.9859  89.9723  
53.127  46.0011  
80.3449  1.07885e-06  
58.6818  41.8201  
11.4784  84.9005  
98.7422  0.0701658  
78.0588  53.9897  
76.5045  72.062  
42.814  82.7586  
59.9552  77.76  
63.0766  77.0296  
101.773  2.42646e-08  
4.61319e-06  109.082  
5.99928e-15  97.9757  
112.32  0  
81.4556  56.3617  
25.414  88.1111  
119.026  0  
86.7299  56.3262  
101.501  3.42534  
3.59956e-08  101.046  
42.9686  85.5235  
102.67  0.00162898  
16.5312  98.3179  
96.6899  52.5344  
68.4221  83.71  
80.5599  63.4921  
62.1593  84.7447  
103.329  1.02069e-07  
92.1235  0.0014885  
6.38444e-15  104.266  
91.5084  64.7242  
47.3359  94.0922  
110.748  0.000253854  
79.7656  83.2949  
95.5397  62.2072  
69.5464  90.6912  
40.041  102.017  
89.9534  79.4469  
328.048  5.58686e-17  
35.6362  68.6774  
128.015  1.05984  
153.387  0  
53.9149  36.2954  
42.5449  56.8215  
62.7348  30.2588  
0.111251  66.1997  
109.137  0.140715  
48.1087  38.4503  
71.2808  10.1807  
71.0423  0  
46.9705  35.6212  
54.4715  31.8872  
44.9921  39.8299  
45.8526  35.6996  
44.4279  46.4172  
41.685  51.3244  
48.8139  32.2979  
32.292  56.4758  
34.3266  37.9447  
3.07115e-15  50.1558  
9.22255e-08  50.0558  
38.5638  0.650739  
59.6423  0  
53.3141  1.68416e-18  
17.646  46.5282  
4.11349e-15  67.1783  
25.6106  43.2907  
65.0063  7.08153e-19  
49.3601  1.17688e-16  
8.54064  46.6301  
48.8847  0.0111642  
3.16889e-09  49.027  
26.6413  51.0641  
21.4188  35.7092  
26.6621  32.4987  
0.000416493  37.7373  
37.4252  8.70681e-13  
0.000372825  65.0964  
16.1253  28.0643  
0.000291427  30.4745  
46.417  11.42  
2.14919e-15  35.0989  
35.1418  0.179938  
44.5301  0.669076  
10.8592  46.5601  
14.8431  31.8141  
9.49956  35.9141  
66.6154  0.00537315  
30.0828  1.04546e-11  
19.6931  15.4702  
39.9899  1.02158e-16  
43.9787  0  
46.1992  0  
4.169e-15  68.0849  
43.8111  1.17746e-06  
0.000115853  62.1198  
32.3059  18.4167  
0.00822471  36.0661  
28.3334  55.6317  
3.22194e-15  52.6183  
25.2249  24.5166  
38.2577  0.300273  
1.45094e-11  45.2751  
25.1661  27.2195  
45.1258  36.5297  
50.0985  2.29401e-09  
31.2479  40.8257  
3.48336e-15  56.8876  
50.8381  5.69128e-13  
51.8268  1.20048e-13  
58.3678  7.95231e-17  
61.1546  1.0415e-17  
63.4409  0  
36.1873  37.9676  
34.2733  48.4221  
40.6533  31.2775  
38.2689  40.949  
53.6766  1.70099e-06  
38.8105  34.6724  
32.8313  49.6446  
3.96045  57.0487  
32.0565  50.8564  
58.603  1.17342e-11  
3.54531e-15  57.8994  
32.7674  52.9962  
70.2396  0  
0.021797  58.32  
59.23  4.06259e-06  
54.9494  22.2626  
44.5548  30.8681  
36.5963  52.6323  
1.04897e-13  57.0841  
0.00186305  58.3799  
3.98033e-15  65.0038  
59.3702  9.10094e-09  
68.0208  9.26748e-17  
70.6805  0  
20.8124  61.0169  
78.2926  0.000961429  
55.6468  0  
1.83716e-15  30.003  
1.61701  26.8131  
1.42676e-08  29.2446  
27.9718  3.78723  
0.201165  26.9072  
16.0353  23.3869  
25.3689  11.3701  
4.12949  26.1249  
29.0241  0.00048276  
1.78633e-15  29.173  
1.34995e-10  29.0582  
1.15737e-06  27.6919  
29.2205  5.22524e-17  
0.645281  23.0527  
22.2659  11.2842  
13.2119  22.0413  
20.935  19.9459  
2.30968e-05  26.5883  
12.356  16.1766  
17.5851  9.92651  
14.012  15.0534  
5.29773e-07  18.3536  
22.1864  7.45828e-11  
6.76073  13.6984  
16.9306  11.4154  
18.6544  13.5862  
1.35422e-07  23.495  
14.3275  11.5033  
25.4808  0  
17.4089  7.41902  
10.0634  17.5204  
20.1  2.06477e-06  
1.04807e-15  17.1163  
11.8162  11.7286  
17.8505  5.68836e-07  
21.1969  0  
16.619  11.3469  
9.6293  11.4542  
25.2811  0.000871409  
30.0197  8.20644e-14  
17.1526  0.26779  
10.4433  8.51934  
21.2051  0.00431806  
9.66011e-16  15.7762  
0.00061914  22.8466  
13.0295  0  
31.0328  0  
3.15555e-08  12.8359  
24.4849  2.12462e-11  
10.609  0.297637  
0.968558  10.8404  
6.14393  6.02844  
15.2154  1.0055e-11  
13.1206  5.67092  
9.96522e-16  16.2744  
7.84626  10.3985  
17.5919  1.06716e-07  
4.97386e-07  24.4045  
14.8065  4.66257  
16.8976  4.31665e-17  
1.01054e-15  16.5033  
28.0668  0  
0.0201475  14.7216  
8.88404  19.2519  
20.2508  0  
13.4721  15.7012  
1.13612e-13  21.0772  
13.8645  15.9554  
22.8938  1.07782e-07  
1.3278e-15  21.6846  
26.0333  0  
26.0943  2.0432e-07  
3.99778e-07  20.3088  
8.91434e-10  28.7471  
0.0026708  21.1022  
6.10784  20.2694  
20.1743  12.0421  
4.72956  20.6981  
18.0521  15.2765  
20.6951  18.8808  
24.7932  0.000814157  
1.9736e-05  23.2837  
23.5013  0.0023863  
25.4233  0.000312197  
1.48263e-15  24.2132  
0.26204  21.2611  
21.8929  0.685767  
23.104  0.111889  
0.203504  21.5799  
24.2213  0.0502141  
27.2222  1.33543e-06  
28.7711  2.44994e-18  
1.77807e-15  29.0381  
29.0128  0  
1.0893  22.3401  
22.4906  5.02404  
26.0891  1.80937  
28.9962  0.000111175  
0.695863  1.88047  
1.50527  1.32208  
1.99129  0.252154  
0.761569  1.85712  
1.856  0.752972  
1.84419  0.780246  
4.00727  5.56344e-10  
1.37695  1.45733  
0.733362  1.86558  
0.287219  1.9859  
2.00112  0.155189  
1.4752  1.36257  
1.74438  0.987782  
1.97091  0.36637  
1.98387  0.310525  
1.41735  1.41891  
1.55761  1.25636  
0.66258  1.8964  
0.596683  1.91478  
1.05647  1.70455  
1.25894  1.5601  
0.0139743  2.0152  
0.785592  1.84229  
1.54936  1.26903  
1.33817  1.48878  
1.27634  1.54589  
1.85364  0.757523  
1.77068  0.939925  
0.322012  1.97959  
1.75652  0.963744  
1.79452  0.892806  
1.9739  0.329045  
1.83864  0.793241  
0.93032  1.77627  
0.841609  1.81781  
1.49916  1.32758  
1.01351  1.7295  
3.0152  0.000123241  
1.64839  1.13659  
0.946439  1.7672  
1.92492  0.557866  
1.45658  1.37735  
1.63472  1.15821  
0.576471  1.92096  
0.533542  1.93231  
1.4257  1.40945  
1.38525  1.44915  
1.82118  0.831459  
1.03184  1.71665  
2.00415  0.00546842  
0.683791  1.88313  
1.90794  0.60502  
1.91265  0.590265  
1.66997  1.11061  
1.21352  1.59253  
1.69358  1.07125  
1.71678  1.03231  
0.0217823  2.00467  
1.14266  1.6453  
1.35984  1.47233  
1.94841  0.471408  
0.220162  1.99001  
1.88243  0.680187  
1.8054  0.870363  
1.5952  1.21012  
5.11415e-06  2.20613  
0.468843  1.94807  
1.52622  1.296  
1.07225  1.69203  
0.889842  1.79386  
1.99327  0.206762  
0.740754  1.86208  
0.627418  1.90493  
1.19547  1.60665  
1.93083  0.539079  
0.421308  1.96127  
1.73725  1.00207  
1.1718  1.62468  
1.30153  1.5227  
1.62518  1.17437  
1.11316  1.66446  
1.24116  1.57109  
1.95919  0.424588  
1.57142  1.24162  
1.77975  0.921226  
1.90171  0.627172  
0.147649  1.99775  
1.48678  1.33954  
0.99056  1.74714  
0.371559  1.97204  
1.3955  1.43979  
1.94107  0.503586  
1.09249  1.68087  
1.61082  1.19452  
1.43848  1.39748  
0.968144  1.7578  
0.854234  1.81181  
1.32626  1.50565  
0.0580947  2.00241  
0.827311  1.82821  
0.813483  0.581589  
0.843111  0.537739  
0.506218  0.862405  
0.908467  0.417957  
0.436766  0.899575  
0.88093  0.473246  
0.455167  0.890406  
0.473139  0.880988  
0.378061  0.925781  
0.417872  0.908506  
0.357053  0.934084  
0.917126  0.398598  
0.942006  0.335596  
0.925745  0.378148  
0.335452  0.942057  
0.934092  0.357032  
0.89958  0.436756  
0.398086  0.917348  
0.312217  0.950011  
0.287143  0.957888  
0.950028  0.312166  
0.995307  0.0967635  
0.630611  0.776099  
0.682433  0.730949  
0.367633  0.929971  
0.776133  0.630569  
0.446064  0.895001  
0.969154  0.246456  
0.0967183  0.995312  
0.894977  0.446112  
0.514256  0.857637  
0.464262  0.885698  
0.145113  0.989415  
0.818451  0.574576  
0.983111  0.183012  
0.346454  0.938067  
0.85767  0.5142  
0.989435  0.144979  
0.427429  0.904049  
0.929925  0.367749  
0.945917  0.32441  
0.217142  0.97614  
1  0  
0.876151  0.482037  
0.482014  0.876164  
0.643965  0.765055  
0.656965  0.753921  
0.574755  0.818326  
0.70712  0.707093  
0.957868  0.287209  
0.730874  0.682512  
0.912918  0.408143  
0.965542  0.260246  
6.12323e-17  1  
0.324403  0.945919  
0.5451  0.838371  
0.603259  0.797546  
0.890325  0.455326  
0.797611  0.603173  
0.976137  0.217155  
0.274289  0.961647  
0.408153  0.912914  
0.753912  0.656975  
0.838349  0.545134  
0.183109  0.983093  
0.904177  0.427159  
0.2467  0.969092  
0.961733  0.27399  
0.866989  0.498328  
0.232171  0.972675  
0.953961  0.29993  
0.29994  0.953958  
0.979706  0.200442  
0.388065  0.921632  
0.938088  0.346396  
0.92155  0.38826  
0.260441  0.96549  
0.88567  0.464315  
0.848137  0.529777  
0.808098  0.589048  
0.498202  0.867061  
0.617077  0.786903  
0.560049  0.828459  
0.529826  0.848106  
0.589065  0.808086  
0.694936  0.719072  
0.742519  0.669825  
0.787007  0.616944  
0.765149  0.643853  
0.669813  0.74253  
0.828521  0.559958  
0.719143  0.694862  
0.997913  0.0645779  
0.0648278  0.997896  
0.122215  0.992504  
0.992462  0.122556  
0.986343  0.164706  
0.200665  0.97966  
0.16466  0.98635  
0.97269  0.232109  
0.871612  0.490197  
0.84328  0.537474  
0.490236  0.87159  
0.880939  0.473231  
0.899517  0.436885  
0.436777  0.89957  
0.455227  0.890375  
0.473224  0.880942  
0.890366  0.455246  
0.417846  0.908518  
0.908469  0.417953  
0.925781  0.37806  
0.39826  0.917272  
0.917259  0.398291  
0.357188  0.934032  
0.37806  0.925781  
0.934028  0.357201  
0.942033  0.335519  
0.335487  0.942045  
0.312217  0.950011  
0.950022  0.312182  
0.287057  0.957914  
0.995307  0.0967635  
0.096871  0.995297  
0.630556  0.776144  
0.574719  0.818351  
0.85764  0.514251  
0.894982  0.446103  
0.446064  0.895001  
0.929925  0.367749  
0.776133  0.630569  
0.273908  0.961756  
0.965495  0.260421  
0.145113  0.989415  
0.989435  0.144979  
0.753912  0.656975  
0.514243  0.857644  
0.324308  0.945952  
0.876163  0.482015  
0.70712  0.707093  
0.838367  0.545105  
0.482017  0.876162  
0.183136  0.983088  
1  0  
0.719128  0.694877  
6.12323e-17  1  
0.866989  0.498328  
0.983082  0.183167  
0.669813  0.74253  
0.21712  0.976145  
0.408133  0.912922  
0.945917  0.32441  
0.603212  0.797581  
0.921544  0.388274  
0.818364  0.5747  
0.797584  0.603208  
0.730951  0.68243  
0.912905  0.408173  
0.367684  0.929951  
0.976137  0.217155  
0.682467  0.730917  
0.656973  0.753914  
0.961758  0.273902  
0.54508  0.838384  
0.246454  0.969155  
0.560049  0.828459  
0.969154  0.246456  
0.954  0.299805  
0.299768  0.954012  
0.346454  0.938067  
0.938057  0.346482  
0.388235  0.92156  
0.808063  0.589096  
0.90403  0.427469  
0.427393  0.904066  
0.464262  0.885698  
0.957925  0.287019  
0.88567  0.464315  
0.498348  0.866977  
0.848137  0.529777  
0.529826  0.848106  
0.589088  0.808069  
0.828432  0.560089  
0.694936  0.719072  
0.6439  0.76511  
0.765138  0.643866  
0.787001  0.616951  
0.617  0.786963  
0.74249  0.669857  
0.0646162  0.99791  
0.997913  0.0645779  
0.122295  0.992494  
0.992507  0.122184  
0.986339  0.164729  
0.164737  0.986337  
0.979703  0.200453  
0.23198  0.97272  
0.200503  0.979693  
0.972702  0.232059  
0.260348  0.965515  
0.490183  0.871619  
0.852862  0.522136  
0.871612  0.490197  
0.880943  0.473223  
0.455227  0.890375  
0.473193  0.880959  
0.899541  0.436837  
0.890349  0.45528  
0.436777  0.89957  
0.417802  0.908538  
0.908501  0.417882  
0.925766  0.378096  
0.39826  0.917272  
0.917259  0.398291  
0.378052  0.925784  
0.33544  0.942062  
0.934027  0.357201  
0.35712  0.934058  
0.942033  0.335519  
0.950008  0.312227  
0.286846  0.957977  
0.957929  0.287005  
0.983093  0.183107  
0.0968596  0.995298  
0.995307  0.0967635  
0.730903  0.682482  
0.866989  0.498328  
0.574715  0.818353  
0.498319  0.866994  
0.894982  0.446103  
0.630556  0.776144  
0.446064  0.895001  
0.273799  0.961787  
0.776133  0.630569  
0.961758  0.273902  
0.0646098  0.997911  
0.145078  0.98942  
0.989435  0.144979  
0.656973  0.753914  
0.32435  0.945937  
0.367684  0.929951  
0.876163  0.482015  
0.482017  0.876162  
0.818349  0.574722  
0.408133  0.912922  
0.797584  0.603208  
0.299674  0.954042  
0.707103  0.70711  
0.912905  0.408173  
1  0  
0.545095  0.838374  
0.514228  0.857654  
0.929926  0.367748  
0.904056  0.427415  
0.945917  0.32441  
0.857661  0.514216  
0.682467  0.730917  
0.60322  0.797575  
0.976137  0.217155  
0.217087  0.976152  
0.838367  0.545105  
6.12323e-17  1  
0.753912  0.656975  
0.986349  0.164668  
0.183136  0.983088  
0.969154  0.246456  
0.246288  0.969197  
0.95401  0.299774  
0.938057  0.346482  
0.346404  0.938085  
0.388235  0.92156  
0.921544  0.388274  
0.828457  0.560053  
0.427361  0.904081  
0.464262  0.885698  
0.88567  0.464315  
0.848097  0.52984  
0.529811  0.848116  
0.560055  0.828456  
0.589088  0.808069  
0.808063  0.589096  
0.643899  0.76511  
0.742512  0.669833  
0.765109  0.6439  
0.694932  0.719076  
0.786957  0.617008  
0.669825  0.742519  
0.617  0.786963  
0.719141  0.694864  
0.997913  0.0645779  
0.122295  0.992494  
0.992505  0.122202  
0.164737  0.986337  
0.97969  0.20052  
0.200503  0.979693  
0.260243  0.965543  
0.972702  0.232059  
0.965495  0.260421  
0.23198  0.97272  
0.312152  0.950032  
0.852901  0.522073  
0.843265  0.537497  
0.871612  0.490197  
0.899541  0.436837  
0.880967  0.473177  
0.890351  0.455274  
0.473193  0.880959  
0.455227  0.890375  
0.417809  0.908535  
0.436777  0.89957  
0.908501  0.417882  
0.917259  0.398291  
0.378052  0.925784  
0.925766  0.378096  
0.39826  0.917272  
0.33544  0.942062  
0.934027  0.357201  
0.35712  0.934058  
0.942033  0.335519  
0.950019  0.312193  
0.957944  0.286955  
0.2869  0.95796  
0.0968489  0.995299  
0.995309  0.0967486  
0.776131  0.630572  
0.0646098  0.997911  
0.574715  0.818353  
0.514228  0.857654  
0.894993  0.44608  
0.904056  0.427415  
0.73091  0.682474  
0.446064  0.895001  
0.818349  0.574722  
0.929926  0.367748  
0.246352  0.96918  
0.630576  0.776128  
0.200503  0.979693  
0.273799  0.961787  
0.144884  0.989449  
0.983093  0.183107  
0.989435  0.144979  
0.656973  0.753914  
0.32435  0.945937  
0.482017  0.876162  
0.408148  0.912916  
0.876163  0.482015  
0.961771  0.273854  
0.945941  0.324337  
1  0  
0.965525  0.26031  
0.707103  0.70711  
0.545095  0.838374  
0.857661  0.514216  
0.797584  0.603208  
0.986353  0.164642  
0.60322  0.797575  
0.217087  0.976152  
0.976142  0.217135  
0.183136  0.983088  
0.367714  0.929939  
0.838367  0.545105  
0.912912  0.408157  
0.682473  0.730911  
0.808063  0.589096  
6.12323e-17  1  
0.753912  0.656975  
0.164588  0.986362  
0.969154  0.246456  
0.299674  0.954042  
0.954032  0.299704  
0.938057  0.346482  
0.346404  0.938085  
0.388235  0.92156  
0.921543  0.388277  
0.427361  0.904081  
0.464268  0.885695  
0.885691  0.464275  
0.848111  0.529818  
0.498291  0.86701  
0.529811  0.848116  
0.867005  0.498299  
0.560049  0.828459  
0.828457  0.560053  
0.589088  0.808069  
0.786957  0.617008  
0.719092  0.694915  
0.669825  0.742519  
0.742512  0.669833  
0.765124  0.643883  
0.617  0.786963  
0.694913  0.719094  
0.643899  0.76511  
0.997913  0.0645761  
0.992505  0.122202  
0.260264  0.965538  
0.122295  0.992494  
0.97969  0.20052  
0.972702  0.232059  
0.23198  0.97272  
0.312152  0.950032  
0.852922  0.522039  
0.871612  0.490197  
0.506324  0.862343  
0.899561  0.436796  
0.880967  0.473177  
0.890351  0.455274  
0.473193  0.880959  
0.455227  0.890375  
0.436777  0.89957  
0.417809  0.908535  
0.908501  0.417882  
0.378052  0.925784  
0.925786  0.378048  
0.39826  0.917272  
0.917259  0.398291  
0.942033  0.335519  
0.335505  0.942038  
0.934043  0.357161  
0.35712  0.934058  
0.312152  0.950032  
0.950034  0.312145  
0.957944  0.286955  
0.0967481  0.995309  
0.995309  0.0967486  
0.630576  0.776128  
0.776131  0.630572  
0.73091  0.682474  
0.183136  0.983088  
0.61701  0.786956  
0.574715  0.818353  
0.514228  0.857654  
0.85766  0.514217  
1  0  
0.894993  0.44608  
0.446065  0.895  
0.367714  0.929939  
0.989435  0.144979  
0.273852  0.961772  
0.388235  0.92156  
0.144977  0.989435  
0.656973  0.753914  
0.589096  0.808063  
0.818349  0.574722  
0.979694  0.2005  
0.32435  0.945937  
0.945941  0.324337  
0.408148  0.912916  
0.929946  0.367695  
0.876163  0.482015  
0.707103  0.70711  
0.217124  0.976144  
0.961771  0.273854  
0.545095  0.838374  
0.797584  0.603208  
0.0644563  0.997921  
0.482017  0.876162  
0.976155  0.217073  
0.753912  0.656975  
0.60322  0.797575  
0.912912  0.408157  
0.83837  0.545102  
0.904056  0.427415  
0.682473  0.730911  
6.12323e-17  1  
0.983096  0.183089  
0.969181  0.24635  
0.246352  0.96918  
0.299724  0.954026  
0.954032  0.299704  
0.346419  0.93808  
0.938086  0.346402  
0.921567  0.38822  
0.808061  0.589098  
0.427369  0.904077  
0.464268  0.885695  
0.885691  0.464275  
0.848111  0.529818  
0.498291  0.86701  
0.529811  0.848116  
0.867005  0.498299  
0.560049  0.828459  
0.828457  0.560053  
0.786957  0.617008  
0.719092  0.694915  
0.669838  0.742507  
0.643899  0.76511  
0.742512  0.669833  
0.765124  0.643883  
0.694913  0.719094  
0.997915  0.0645478  
0.200503  0.979693  
0.992505  0.122202  
0.122209  0.992504  
0.164773  0.986332  
0.986354  0.164639  
0.965519  0.260334  
0.260264  0.965538  
0.972715  0.232004  
0.23198  0.97272  
0.286947  0.957946  
