2.4518  1.78333  
2.27946  2.56237  
2.37022  1.7823  
2.44648  2.04244  
1.94324  3.52512  
2.43709  2.68625  
1.7974  3.9978  
2.59334  1.84654  
2.18563  2.99634  
1.80555  4.04325  
2.14373  3.11669  
2.46964  1.82439  
1.85226  3.74964  
2.15265  3.60371  
2.5052  2.37923  
2.09119  3.22792  
2.09574  3.26934  
2.2587  2.82671  
1.41777  4.32773  
2.4652  2.92301  
2.59806  2.24678  
2.37158  2.15788  
2.45261  2.70303  
2.09828  3.25021  
2.20153  2.70684  
2.3029  2.75453  
2.06026  3.5662  
2.65591  1.99166  
2.20327  3.25649  
2.45709  3.11314  
2.47533  2.42337  
2.26103  2.70994  
2.39397  2.81101  
2.3743  2.58641  
2.6169  2.25975  
2.37015  3.08727  
2.4302  2.4896  
2.19663  3.18241  
2.22276  2.93076  
2.18397  3.43125  
2.46413  2.92573  
2.34225  3.01892  
2.48858  2.4002  
2.35426  2.90588  
2.09451  3.43875  
2.34753  3.20549  
2.11927  3.00532  
2.12184  3.26623  
2.18678  3.56384  
2.41382  2.76577  
2.49729  2.49725  
1.21484  4.38254  
2.33825  2.56415  
2.09209  3.41195  
2.24719  3.04835  
2.2134  3.33996  
1.11514  4.57705  
2.36242  2.89917  
2.39233  2.18474  
2.29544  2.9721  
2.64082  2.00858  
2.44272  2.63058  
2.46333  2.30824  
1.92405  3.38997  
1.97291  3.89173  
1.93548  3.63778  
2.51561  1.8827  
2.47213  2.37115  
2.26872  2.4523  
2.16562  2.96927  
2.41162  2.7835  
2.07429  3.30457  
2.58254  1.84095  
2.33899  3.07286  
2.20565  2.66123  
1.604  4.20245  
2.24514  2.91769  
2.33938  2.65773  
2.45522  2.39526  
2.57876  2.51492  
1.93949  3.98769  
2.38952  2.88353  
2.49724  2.495  
2.43566  2.42956  
2.33484  2.84054  
1.87722  3.48644  
2.21793  3.28905  
1.50541  4.33236  
2.43677  2.52488  
2.54755  2.20231  
1.43024  4.14556  
1.38517  4.14  
2.45907  2.96461  
2.0535  3.09294  
2.42803  2.58352  
2.16709  3.16902  
2.60367  1.50566  
2.38548  2.2235  
1.84229  3.88931  
2.60239  2.07833  
0.577415  4.08456  
0.965837  3.83417  
1.99261  1.58749  
1.85986  2.18437  
0.658801  4.03653  
1.42334  3.47741  
1.74612  2.33899  
2.01912  1.31399  
1.90665  1.78996  
1.05677  3.60283  
1.67301  2.54092  
0.117195  4.11107  
2.09696  0.105792  
1.79921  2.12799  
0.642354  3.93107  
1.02083  3.62152  
1.83067  2.0465  
1.35713  3.1833  
1.85359  1.95144  
1.97441  1.3442  
1.43043  3.02194  
1.69372  2.42638  
0.951418  3.67372  
0.0841983  4.0803  
1.09823  3.52101  
0.409632  4.03481  
0.798409  3.80705  
1.85674  1.90728  
1.61797  2.63177  
1.33642  3.18925  
1.91218  1.69153  
0.607046  3.93424  
2.06476  0.0647642  
1.9251  1.60204  
0.989569  3.64055  
0.330684  4.04375  
1.65815  2.51991  
1.21452  3.35977  
1.38242  3.09969  
1.94168  1.52043  
2.14032  1.07594  
1.02304  3.58641  
1.15683  3.43789  
1.56383  2.75257  
1.52358  2.83697  
1.77684  2.1878  
1.58036  2.72739  
0.873975  3.74177  
1.7285  2.33244  
1.95731  1.42814  
1.26976  3.26756  
1.59893  2.6851  
2.04774  0.842203  
0.702734  3.86952  
1.81143  2.04923  
0.477716  3.98696  
1.99284  1.21581  
1.89005  1.76267  
1.99731  1.21118  
2.01577  1.03728  
1.84108  1.97393  
0.758896  3.83997  
1.31444  3.23345  
0.919405  3.70622  
0.559035  3.96335  
1.63647  2.58228  
0.829284  3.99138  
1.36409  3.13945  
0.664021  3.91093  
0.938076  3.70081  
1.13378  3.48195  
1.12637  3.49556  
1.79733  2.12887  
0.81271  3.86189  
1.98232  1.30983  
1.50984  2.87311  
1.24767  3.32596  
0.444808  4.02299  
1.47338  2.92753  
1.64287  2.5651  
1.19067  3.41152  
1.87819  1.85429  
0.846743  3.78543  
0.286453  4.06804  
1.42123  3.04944  
1.98873  1.24886  
1.09144  3.53977  
0.969875  3.65791  
1.90713  1.71154  
1.68962  2.48078  
0.687384  3.89607  
0.645876  3.92199  
1.94893  1.50421  
1.19825  3.40358  
0.745121  3.8606  
1.30419  3.25641  
1.01299  3.62947  
1.91696  1.67976  
1.56904  2.74485  
1.72686  2.37472  
1.25807  3.48022  
0.79899  3.84923  
1.59004  2.8452  
1.39962  3.2283  
1.86769  1.86871  
0.683452  3.90696  
1.98343  1.34516  
1.07668  3.61149  
1.77  2.21149  
0.183439  4.0916  
2.07759  0.0775906  
1.79812  2.11127  
1.43661  3.05069  
1.20492  3.38631  
1.54822  2.7999  
1.75734  2.2713  
1.19971  3.39842  
0.203837  4.07373  
1.88351  1.81845  
1.83025  2.01768  
0.428757  4.01377  
0.22439  4.06054  
0.792797  3.80509  
1.40151  3.06551  
1.20688  3.37547  
1.70324  2.39166  
1.77955  2.16531  
1.08962  3.52081  
1.52621  2.82096  
0.34121  4.03455  
0.611403  3.92674  
1.9236  1.59393  
1.85577  1.89505  
2.04053  0.80422  
1.44431  2.98692  
0.982984  3.6416  
0.953373  3.66622  
1.98656  1.24653  
1.2539  3.31277  
1.31532  3.21101  
1.61427  2.62219  
1.73793  2.28635  
1.14891  3.44436  
1.44852  2.97864  
1.81272  2.03083  
0.69673  3.86551  
1.01634  3.59047  
1.88967  1.74795  
0.0783526  4.07804  
0.871988  3.73716  
1.65816  2.49963  
1.48965  2.97588  
2.06206  0.0620593  
0.502122  3.97752  
2.01357  1.03566  
1.46926  2.91748  
1.5699  2.72095  
1.25934  3.2854  
1.3715  3.11565  
2.05197  0.66533  
1.90723  1.67241  
2.02903  0.931024  
1.1387  3.46977  
0.91986  3.70288  
1.30199  3.23312  
1.97134  1.35976  
1.96533  1.41957  
2.00182  1.15071  
1.76108  2.23423  
1.35324  3.14994  
1.95296  1.43515  
0.837871  3.77462  
1.83919  1.96992  
0.55725  3.95953  
1.59342  2.70183  
1.76854  2.19882  
1.86706  1.86329  
1.6452  2.55315  
1.87515  1.83391  
1.22697  3.34838  
1.55396  2.76716  
1.79687  2.11154  
1.0621  3.55975  
1.18409  3.40837  
1.93904  1.53536  
0.660402  3.90548  
1.38661  3.0896  
1.68942  2.44728  
0.759808  3.84378  
1.11262  3.50177  
1.60051  2.67337  
1.7191  2.36463  
0.301099  4.05337  
1.43965  3.00883  
1.9825  1.29573  
1.54152  2.80781  
1.73097  2.34279  
1.42185  3.05761  
0.634933  3.92165  
1.99848  1.21097  
0.218389  4.07484  
2.11121  0.111205  
1.22793  3.3486  
1.76466  2.215  
1.75717  2.25911  
1.11384  3.50696  
0.618443  3.92957  
1.63279  2.59227  
1.73537  2.31349  
1.67476  2.48243  
1.07723  3.54037  
0.164374  4.07444  
1.77112  2.20113  
0.936676  3.69253  
1.65049  2.5409  
1.3123  3.22429  
0.393196  4.03072  
1.91673  1.64408  
0.823101  3.78803  
1.69378  2.42796  
1.04665  3.57504  
1.83023  1.99772  
0.415293  4.01569  
1.95364  1.42461  
0.640139  3.90797  
1.32161  3.1962  
0.477602  3.98702  
1.70166  2.3905  
1.77758  2.15943  
1.42265  3.01975  
1.08886  3.51728  
0.792709  3.80602  
1.92256  1.5913  
1.61662  2.61178  
1.6377  2.56529  
2.04019  0.797008  
0.59592  3.93276  
0.327668  4.03752  
1.74036  2.27624  
0.696576  3.86468  
1.57416  2.70825  
1.88818  1.74196  
0.948954  3.6651  
1.47042  2.91028  
1.01793  3.58723  
1.85333  1.88591  
2.06142  0.0614216  
1.37178  3.10909  
0.207271  4.06138  
2.01307  1.03397  
1.52866  2.8121  
1.65655  2.49941  
0.0777692  4.07777  
1.20951  3.36298  
1.98555  1.24536  
1.26318  3.27857  
1.55206  2.76362  
0.869079  3.73448  
1.2961  3.24033  
1.81376  2.02536  
1.86963  1.82776  
1.14894  3.43971  
2.02801  0.922785  
1.97053  1.33668  
2.00002  1.15074  
1.90603  1.66988  
2.05144  0.678047  
1.39381  3.07477  
0.911184  3.70445  
1.93899  1.51457  
0.984102  3.63285  
1.12021  3.47931  
0.552586  3.96232  
1.18261  3.40065  
0.753745  3.83799  
1.72168  2.33591  
1.05993  3.55211  
1.68223  2.44731  
0.831483  3.77935  
1.34772  3.15493  
1.8369  1.965  
1.50616  2.8676  
1.23958  3.32468  
1.4462  2.98043  
1.79752  2.10449  
1.76084  2.22373  
1.59661  2.66716  
0.286038  4.05238  
0.851523  3.76184  
1.99346  1.19877  
2.02206  0.985453  
1.22249  3.34881  
1.96389  1.38281  
1.97942  1.29374  
1.00231  3.61689  
1.88125  1.79212  
0.771613  3.82629  
0.97126  3.65025  
0.681364  3.89246  
1.51513  2.85118  
1.11749  3.48123  
1.90295  1.71974  
1.24895  3.31458  
2.05147  0.652699  
1.70774  2.37394  
1.68711  2.43108  
1.79122  2.11268  
2.0191  0.995672  
1.80592  2.07064  
1.86015  1.85818  
1.44841  3.00246  
1.94697  1.47257  
1.22246  3.34532  
1.27441  3.26668  
1.30647  3.22004  
1.75107  2.24227  
0.725495  3.85173  
1.19209  3.3853  
1.82612  1.98844  
2.00774  1.07186  
1.76669  2.18982  
1.96953  1.32504  
0.404699  4.01452  
1.3193  3.19506  
1.52581  2.81442  
0.539487  3.95947  
1.77738  2.15514  
1.42181  3.02007  
2.04431  0.728966  
1.08526  3.51742  
1.85403  1.88037  
1.90537  1.66133  
0.783123  3.80821  
2.03901  0.776221  
1.73773  2.28238  
1.29227  3.23777  
0.59419  3.93088  
0.32251  4.03809  
0.695694  3.86508  
1.60935  2.62513  
1.01653  3.58808  
0.94633  3.66684  
0.644731  3.90282  
1.65366  2.49352  
1.8129  2.02232  
0.244715  4.05721  
0.620452  3.91681  
0.866932  3.73523  
1.79514  2.0963  
1.88734  1.73504  
0.477317  3.98673  
1.06063  3.55051  
1.47007  2.90902  
1.92175  1.58487  
1.75848  2.21704  
0.077482  4.07748  
2.06122  0.0612198  
1.1469  3.4399  
1.70036  2.38938  
0.91011  3.70288  
1.95364  1.41642  
1.73906  2.27425  
1.68089  2.44262  
2.01293  1.02303  
1.98673  1.21625  
1.371  3.10947  
1.20608  3.36403  
1.56957  2.71829  
1.2624  3.27929  
2.02541  0.916325  
0.831138  3.77077  
1.97754  1.27808  
1.83374  1.95781  
2.05322  0.612613  
1.93822  1.50514  
0.987175  3.6257  
2.00029  1.12233  
0.7443  3.83793  
1.63169  2.57207  
1.3463  3.15226  
0.969247  3.64687  
1.23413  3.32382  
1.71649  2.34282  
1.39524  3.06705  
0.66905  3.88917  
1.86828  1.8232  
1.11822  3.47996  
1.17755  3.4034  
1.50296  2.86543  
1.54857  2.76772  
1.59075  2.66956  
1.4607  2.95408  
2.03325  0.839199  
0.372394  4.02574  
0.810231  3.78981  
1.87862  1.78092  
1.96083  1.37761  
1.84669  1.91271  
0.513475  3.97424  
1.91386  1.62318  
0.762572  3.81823  
1.43345  2.9799  
1.85078  1.86214  
1.30077  3.20805  
0.943293  3.66277  
1.68596  2.40382  
1.78123  2.11492  
1.89787  1.6682  
1.70938  2.33781  
0.623665  3.90977  
1.79931  2.05326  
1.5077  2.83192  
1.48228  2.88445  
1.59297  2.64226  
1.26863  3.25764  
0.906079  3.6981  
1.94907  1.4371  
1.38746  3.06308  
2.04982  0.630354  
0.694976  3.865  
0.19779  4.06135  
1.81782  1.98872  
0.40475  4.01173  
0.826579  3.76215  
0.598019  3.92425  
1.84006  1.90262  
1.42139  3.00204  
0.925638  3.67591  
1.18934  3.37125  
1.97451  1.28808  
0.747538  3.82924  
1.285  3.23273  
2.03623  0.796779  
1.87427  1.76562  
1.75197  2.20912  
1.80868  2.01911  
0.333403  4.03341  
1.25239  3.28182  
0.496506  3.97443  
0.670989  3.88112  
1.90601  1.62194  
0.532601  3.95913  
1.61092  2.60026  
0.375363  4.0213  
1.56333  2.71062  
1.39901  3.04244  
1.31161  3.191  
1.96505  1.34578  
0.983237  3.6167  
0.0774133  4.07741  
1.46835  2.9118  
2.01438  1.00282  
2.00674  1.06428  
2.06119  0.061194  
1.69606  2.37556  
1.21825  3.33121  
1.12859  3.45072  
0.784014  3.80206  
1.93783  1.48621  
2.04381  0.712312  
1.73574  2.25987  
1.65197  2.49512  
1.76971  2.15285  
1.23655  3.30494  
0.883399  3.71872  
0.713458  3.85318  
2.02259  0.931367  
1.9913  1.17764  
1.95734  1.39071  
1.10436  3.48717  
1.4946  2.85912  
0.570314  3.93907  
1.78889  2.08814  
1.67577  2.43229  
1.51972  2.80676  
1.58399  2.66339  
2.05585  0.537283  
1.33467  3.15357  
1.16008  3.41028  
1.85687  1.83679  
1.71728  2.3153  
1.88846  1.70459  
1.63186  2.54821  
1.82618  1.95556  
1.44422  2.95899  
1.54153  2.75917  
1.01636  3.58791  
1.91412  1.5836  
1.36721  3.09833  
0.964021  3.63651  
0.273384  4.04878  
0.454947  3.99461  
1.05193  3.54236  
2.02978  0.863538  
0.64439  3.89755  
1.08228  3.51358  
0.864081  3.73575  
1.99933  1.12043  
1.98362  1.22959  
1.35357  3.12147  
1.12485  3.45299  
1.8016  2.04076  
1.72365  2.29268  
1.76352  2.16904  
0.880378  3.71396  
1.89382  1.6739  
1.83943  1.90141  
1.82074  1.97189  
1.91101  1.59335  
1.87639  1.75088  
0.918435  3.67892  
1.92739  1.51168  
1.8582  1.82697  
0.79821  3.78318  
1.94366  1.42496  
0.955276  3.64314  
0.993096  3.60443  
0.710028  3.84813  
0.839974  3.74907  
0.755172  3.81606  
2.00566  1.01529  
1.97575  1.23265  
0.377944  4.01328  
1.42006  3.00169  
0.489832  3.97105  
1.31397  3.1843  
1.67301  2.43659  
1.69397  2.37864  
1.07773  3.51023  
1.77337  2.13689  
1.20042  3.35349  
1.91917  1.55331  
1.84889  1.86436  
2.0393  0.678982  
0.93752  3.66062  
1.98345  1.181  
0.899351  3.69674  
0.57917  3.92771  
1.811  2.00734  
0.283991  4.03868  
1.56387  2.70723  
0.686733  3.86374  
1.88525  1.7123  
1.95151  1.38078  
0.77732  3.79942  
1.4696  2.90699  
1.01197  3.58435  
0.142188  4.06002  
1.60857  2.60216  
2.06115  0.0611509  
2.05133  0.497203  
1.14036  3.43336  
0.0771819  4.07718  
1.65204  2.49247  
0.860862  3.73119  
0.456781  3.9849  
1.51762  2.80867  
2.01254  0.957172  
1.25853  3.27003  
1.36802  3.09451  
1.90233  1.63461  
1.73446  2.26013  
2.0266  0.824302  
0.634014  3.89673  
0.521089  3.95687  
1.99852  1.07174  
1.96784  1.28315  
0.974985  3.62322  
0.732829  3.83224  
1.39404  3.04891  
0.819408  3.76615  
2.05655  0.387625  
1.93558  1.46882  
1.22949  3.31253  
1.86735  1.78921  
1.83019  1.93669  
1.79223  2.07336  
0.550432  3.9426  
1.04511  3.54782  
1.75371  2.20041  
1.34104  3.14013  
1.10898  3.47268  
1.1707  3.3938  
0.220426  4.05075  
1.71398  2.32123  
1.63024  2.54845  
0.418355  3.99955  
1.28657  3.22745  
1.49347  2.85897  
1.5865  2.65496  
1.54096  2.75837  
1.44473  2.95535  
0.333454  4.02644  
2.04562  0.591422  
2.01961  0.893163  
2.03298  0.755238  
0.660622  3.88048  
0.606628  3.91262  
1.99116  1.12661  
1.95972  1.33277  
1.43142  2.98052  
1.80157  2.04087  
1.09387  3.49102  
1.641  2.52107  
1.87621  1.75162  
1.94387  1.42378  
1.83956  1.90085  
1.91105  1.5931  
1.82043  1.97301  
1.92766  1.51025  
0.993994  3.60348  
0.957499  3.64091  
1.85824  1.82677  
0.880358  3.71397  
0.91952  3.67789  
0.840028  3.74902  
1.89399  1.67305  
0.798523  3.78292  
0.755104  3.8161  
0.710313  3.84793  
1.99125  1.12595  
1.95999  1.33114  
2.05125  0.49848  
0.138646  4.06028  
0.732959  3.83213  
1.31431  3.18375  
1.69378  2.37916  
2.03945  0.67694  
1.60871  2.60178  
1.41971  3.00233  
1.77316  2.13756  
1.20113  3.3525  
1.34119  3.13987  
1.07772  3.51023  
0.938543  3.65961  
0.777053  3.79962  
0.284281  4.03861  
1.56391  2.70712  
1.54114  2.75794  
1.95155  1.38052  
1.01225  3.58403  
2.00572  1.0147  
0.377547  4.0134  
1.98361  1.17988  
1.14088  3.43268  
1.86734  1.78924  
1.81074  2.00826  
0.687119  3.86347  
2.05659  0.386505  
0.57988  3.92732  
2.01259  0.95675  
1.91948  1.55176  
1.25897  3.26937  
0.635056  3.8961  
1.73439  2.26031  
1.65223  2.49194  
1.84882  1.86463  
1.46968  2.90682  
2.04558  0.591904  
0.457278  3.98469  
0.860373  3.7316  
1.88503  1.71321  
1.17115  3.39318  
1.5174  2.80912  
1.93583  1.46742  
1.36771  3.09503  
2.02661  0.824103  
0.520804  3.957  
1.96792  1.28264  
1.99851  1.07177  
0.819464  3.76609  
0.899996  3.69613  
0.975878  3.62229  
1.90266  1.63304  
0.661594  3.87986  
1.83005  1.93718  
1.10979  3.47167  
1.79203  2.07403  
1.39379  3.04935  
2.06111  0.0611118  
1.71437  2.32005  
1.04554  3.54732  
1.23023  3.31145  
1.63003  2.54896  
1.44526  2.95431  
1.75431  2.1985  
0.0771417  4.07714  
1.97602  1.23083  
1.28685  3.22702  
1.58597  2.65619  
1.67322  2.436  
1.49366  2.85856  
0.222622  4.0504  
0.418416  3.99952  
0.333187  4.0265  
2.03316  0.753076  
2.01971  0.892106  
0.550561  3.94253  
0.489434  3.97121  
0.607874  3.91191  
1.27294  3.24833  
1.02984  3.56484  
1.21552  3.3324  
1.12526  3.45247  
2.00394  1.01026  
1.82053  1.97264  
1.83952  1.90101  
1.85803  1.82761  
1.87609  1.75216  
1.89368  1.67448  
1.91087  1.59397  
1.94379  1.42421  
1.92764  1.51038  
0.994362  3.60309  
0.919392  3.67801  
0.880474  3.71386  
0.957225  3.64118  
0.798259  3.78313  
0.755262  3.81598  
1.97714  1.22343  
0.840058  3.74899  
0.710092  3.84808  
0.138645  4.06028  
1.60892  2.60128  
1.6941  2.37826  
1.31426  3.18384  
1.23006  3.31169  
1.20077  3.35299  
0.284412  4.03858  
1.07782  3.51011  
1.84883  1.86458  
1.7924  2.07275  
1.91926  1.55285  
2.05271  0.426255  
1.83008  1.93706  
0.938487  3.65967  
0.777055  3.79961  
1.98344  1.18105  
1.86712  1.79015  
0.579878  3.92732  
2.03958  0.645728  
1.56414  2.7066  
1.04552  3.54734  
0.687114  3.86348  
2.01287  0.933866  
1.99933  1.04719  
1.7735  2.13646  
1.36783  3.09481  
1.01234  3.58394  
1.46955  2.90707  
2.06107  0.0610699  
0.607551  3.91209  
1.99365  1.10835  
0.377677  4.01336  
1.95162  1.38012  
0.457346  3.98466  
1.88498  1.71346  
1.4448  2.95519  
1.81089  2.00774  
0.0771017  4.0771  
1.96851  1.27894  
1.51772  2.80844  
1.65234  2.49165  
1.14069  3.43293  
1.41963  3.00247  
0.860499  3.73149  
1.25874  3.26971  
1.7346  2.25969  
2.02687  0.797501  
1.34138  3.13956  
0.520663  3.95706  
0.63478  3.89627  
0.900093  3.69604  
0.733132  3.83201  
0.819382  3.76616  
0.975966  3.6222  
1.93572  1.46799  
1.90235  1.63448  
2.04618  0.548115  
1.10943  3.4721  
1.17099  3.39339  
1.71451  2.31964  
1.39399  3.04899  
1.75417  2.19893  
1.28692  3.22689  
1.63088  2.54683  
2.05714  0.311433  
1.9597  1.33282  
1.67339  2.43555  
1.54116  2.75789  
1.58663  2.65463  
0.222263  4.05045  
0.418515  3.99948  
0.333039  4.02654  
2.02055  0.862139  
2.03371  0.72031  
1.49387  2.85812  
0.550625  3.94249  
0.489647  3.97112  
0.661081  3.88018  
1.59714  2.62178  
1.15653  3.40709  
1.09403  3.4857  
1.82037  1.96232  
1.72468  2.2803  
1.68456  2.39613  
0.956074  3.63768  
0.992685  3.60008  
1.92774  1.49541  
1.87565  1.74163  
1.85797  1.81603  
1.83921  1.89088  
0.879342  3.71047  
0.921427  3.67153  
1.89368  1.66155  
1.94334  1.41146  
1.91109  1.57925  
0.659087  3.87763  
2.00555  0.99455  
0.752681  3.81384  
1.97569  1.21535  
0.705132  3.84753  
1.77365  2.1259  
0.36713  4.01362  
1.9602  1.31348  
1.60829  2.59483  
1.5163  2.80419  
1.36644  3.09087  
1.69392  2.36987  
1.07666  3.50641  
1.31264  3.18037  
1.8486  1.85392  
0.119225  4.05911  
1.91947  1.53779  
0.900196  3.69147  
1.20108  3.34702  
1.4436  2.95072  
0.776353  3.79605  
1.98353  1.16192  
0.574903  3.92641  
2.03941  0.644282  
1.41833  2.99824  
0.267932  4.0393  
0.682295  3.86276  
1.67203  2.43058  
1.81095  1.99678  
1.01036  3.58121  
2.06082  0.0608249  
0.603403  3.91079  
0.0770218  4.07702  
0.938827  3.65474  
0.546595  3.94102  
1.56279  2.70205  
1.95167  1.36409  
1.25817  3.26476  
2.05128  0.450887  
0.86054  3.7271  
0.44956  3.9845  
2.01208  0.93825  
1.65158  2.48523  
1.88436  1.70349  
1.63037  2.53987  
1.13967  3.42893  
1.73477  2.24974  
2.0265  0.798524  
0.514745  3.95642  
1.93545  1.45459  
0.632892  3.89368  
1.96814  1.26426  
0.730404  3.82995  
1.99846  1.0518  
0.974991  3.61849  
1.90212  1.62232  
0.815569  3.76504  
1.79249  2.06207  
1.82964  1.92762  
1.86674  1.77965  
1.17101  3.38793  
1.2862  3.22205  
1.04418  3.54391  
1.71396  2.31209  
1.58539  2.64975  
1.1093  3.46707  
1.33926  3.13689  
1.39274  3.04474  
1.75435  2.18859  
1.49236  2.85409  
1.53978  2.7535  
1.23019  3.30584  
0.320619  4.02692  
0.410167  3.99931  
2.0565  0.323109  
1.46806  2.90306  
0.20822  4.04993  
2.04558  0.553387  
2.01917  0.872758  
2.03313  0.724029  
0.482537  3.97087  
0.839246  3.74539  
1.99111  1.10757  
1.07404  3.50941  
1.30867  3.18662  
0.971398  3.62209  
0.897389  3.69399  
1.82278  1.95318  
1.85977  1.80845  
1.84143  1.88203  
0.858896  3.72846  
0.935225  3.65817  
0.818196  3.76282  
1.89544  1.65324  
0.732353  3.82851  
1.00718  3.58458  
1.87793  1.73163  
1.91254  1.57199  
1.94506  1.40156  
0.776895  3.79556  
1.96086  1.30923  
0.686046  3.86026  
1.9768  1.20767  
0.635385  3.89212  
0.256399  4.04159  
1.61348  2.58194  
1.21096  3.33311  
1.86892  1.77026  
1.77651  2.11624  
0.554462  3.93699  
0.797517  3.77948  
1.523  2.78979  
0.525149  3.95145  
1.42666  2.98264  
1.40135  3.02916  
1.92082  1.53073  
1.09008  3.49036  
0.609434  3.90731  
0.306878  4.03037  
0.352044  4.01812  
1.56916  2.68736  
0.710288  3.84396  
1.32252  3.1643  
1.73809  2.23937  
1.69831  2.35725  
1.37552  3.07502  
1.18207  3.37298  
1.02502  3.56517  
1.81331  1.98806  
0.838468  3.74597  
1.47561  2.88794  
1.85085  1.84471  
2.04592  0.547229  
1.26784  3.25011  
0.495986  3.96491  
0.0891256  4.06048  
1.95293  1.3565  
2.05135  0.448597  
1.98444  1.15529  
1.65641  2.47234  
1.54607  2.73949  
2.06077  0.0607692  
0.95358  3.64009  
0.427483  3.99295  
2.01326  0.927431  
1.88674  1.69274  
2.03969  0.639979  
0.878087  3.71152  
1.15213  3.41274  
0.0769709  4.07697  
2.02705  0.792203  
1.99919  1.0457  
1.92897  1.48883  
0.661216  3.87625  
1.83227  1.9174  
1.96897  1.25869  
0.754335  3.81255  
1.9371  1.44551  
1.90399  1.61324  
0.916065  3.67655  
0.989243  3.60361  
1.05787  3.52822  
1.67769  2.41498  
1.12139  3.45199  
1.34957  3.11952  
1.23954  3.29217  
1.75745  2.17857  
1.63509  2.52776  
2.05652  0.321233  
1.79515  2.05269  
1.29481  3.20856  
1.71827  2.29923  
1.59138  2.63543  
1.49911  2.8401  
0.192049  4.05214  
1.45117  2.93603  
0.462431  3.97927  
2.03361  0.717769  
0.390386  4.00607  
2.02031  0.861306  
2.00638  0.987262  
0.582468  3.92229  
1.99207  1.10011  
