1.48329  2.4443  4.98967  
1.72706  2.2951  4.60522  
1.0229  3.09566  4.4529  
0.40028  0.400333  6.40027  
0.948843  2.46428  5.59498  
0.658223  1.05223  6.62904  
1.54732  2.89845  3.69629  
1.34048  4.21783  1.65591  
1.11059  0.980767  5.95421  
0.48731  1.3658  6.33038  
0.469055  0.65281  6.4592  
0.494057  1.14875  6.40828  
0.572457  0.762964  6.52762  
0.94225  3.19736  4.41518  
0.649349  2.57475  5.60338  
1.75722  1.8381  4.64877  
0.607468  3.1577  5.22976  
0.454185  0.454191  6.45418  
1.8395  2.86732  3.5525  
0.97628  3.40465  4.2818  
0.521668  0.562326  6.52131  
0.551146  1.28019  6.40711  
1.22304  2.84156  5.42272  
0.64014  0.848495  6.4494  
0.979144  2.08602  5.80517  
0.574311  0.662404  6.5249  
1.14852  2.73306  5.31153  
2.13027  2.08295  3.11818  
0.68197  2.17808  6.06309  
1.70521  2.25863  4.4682  
2.07773  1.94375  3.41978  
1.06947  1.75664  6.05625  
2.10895  1.9808  3.46962  
0.95704  1.87777  6.03868  
1.80063  1.23869  4.7852  
1.19473  1.06805  6.14841  
1.89431  2.49669  3.55146  
1.72097  2.0803  4.37299  
1.4986  2.65098  4.39467  
0.486625  0.533235  6.47511  
1.83063  3.36454  2.36073  
0.549417  1.06437  6.49776  
1.01759  3.39507  3.99679  
1.53782  2.82634  4.3366  
0.640837  0.643325  6.6407  
0.591971  0.708239  6.58558  
1.66101  1.62902  4.99946  
0.545537  1.40805  6.39299  
0.777618  2.2595  5.7533  
0.631303  1.09117  6.51592  
1.63231  1.9449  4.54786  
1.21927  1.57617  5.87616  
0.911814  2.80413  5.26403  
0.564314  2.51782  5.77118  
1.04606  2.99706  4.59025  
0.518241  2.18127  5.94599  
1.86655  2.16098  4.52013  
0.658069  0.767  6.47848  
1.46763  4.00216  1.76539  
0.696699  0.688084  6.34138  
1.72852  2.19055  4.80238  
1.9649  2.92626  2.26757  
0.552444  0.667345  6.53793  
0.735649  1.56618  6.10383  
1.36515  3.52499  3.06972  
0.786518  2.5949  5.85212  
0.541155  2.14974  5.87475  
0.554716  0.562217  6.55458  
1.55224  3.27189  2.78976  
0.585434  4.13053  3.20614  
1.46879  3.19557  3.52109  
1.81462  1.21546  4.75955  
0.494335  0.562625  6.49288  
0.74473  1.32858  6.33693  
0.918753  3.60792  4.31121  
0.679875  0.599939  6.51027  
1.07458  2.46118  5.33643  
1.56147  3.21603  3.44373  
0.617783  2.69732  5.74313  
1.66127  2.72808  3.31072  
1.06558  3.44381  3.95751  
0.791912  1.46681  6.24151  
1.07607  2.46922  5.20978  
1.9343  0.940088  4.43573  
0.552758  0.703891  6.54575  
0.544318  0.561234  6.5436  
1.31558  2.43436  4.65587  
1.12432  2.98117  4.75147  
0.896376  3.02184  4.87432  
1.16049  2.06962  5.74806  
1.07428  3.87981  3.10155  
1.03798  1.84289  5.57173  
2.06075  1.23337  3.82818  
1.50625  2.48252  4.66766  
1.68153  1.60324  5.53953  
1.8022  2.07119  3.66342  
0.589437  1.78449  5.99861  
1.46872  1.90079  5.08656  
1.00715  1.11748  6.31845  
1.90231  2.88199  1.99634  
1.91048  2.9278  1.69622  
0.441415  0.488892  6.43965  
1.444  0.745783  5.83876  
1.19889  1.92486  5.40841  
1.63757  1.53652  4.53345  
1.58592  3.83382  1.69075  
1.73594  1.23943  4.8297  
0.600089  3.65202  4.47861  
0.650554  4.48417  1.60964  
0.70496  1.13576  6.18519  
0.635314  4.4364  0.870777  
0.65194  1.23842  6.45961  
2.31487  2.47091  0.574445  
1.26933  2.85507  4.92159  
1.40921  3.53586  3.71868  
1.48198  2.26359  4.34912  
0.612762  1.99641  6.17717  
1.50305  1.62128  5.59469  
2.30244  0.962445  3.73135  
1.17192  2.07807  5.62937  
0.897759  1.48709  6.15806  
0.0628174  0.0628174  6.06282  
1.58443  3.11252  3.28239  
1.43708  3.53243  2.77464  
1.88767  1.74717  4.12816  
1.53829  0.281261  4.94801  
0.999547  2.85504  4.83221  
1.19889  1.92486  5.40841  
0.483613  3.63143  4.14545  
1.36206  3.56762  2.93721  
0.415057  2.15863  5.80473  
0.560663  2.19411  6.03627  
1.82985  2.77974  2.92471  
1.752  2.64251  3.15393  
0.505023  4.47655  0.687194  
1.25654  2.36121  4.55213  
0.123036  4.12304  0.123949  
0.5312  2.69668  5.27205  
1.43366  3.26223  3.39627  
0.573491  3.28991  4.93347  
1.80723  0.904503  4.48532  
0.282615  3.124  4.4963  
0.430132  2.88083  5.10411  
0.597003  3.0965  5.24341  
0.498749  3.78396  3.50719  
1.4815  2.26199  4.34621  
1.26988  0.617379  5.5501  
1.53562  3.36048  0.312342  
0.685635  2.77274  5.58766  
2.00296  0.00295669  0.00295669  
2.25178  2.36296  0.715436  
0.38194  2.49796  5.39812  
1.9604  3.37271  1.02558  
1.19678  2.88398  4.66136  
1.32016  2.58835  3.87093  
1.91012  2.86999  1.87075  
1.48605  2.50911  4.69356  
1.72685  1.51258  4.34025  
1.1087  2.14278  4.89862  
1.9345  1.94446  3.8991  
1.64334  2.03636  4.75758  
0.913273  1.6435  5.72918  
1.90496  2.4426  3.69753  
1.71687  3.09323  1.56287  
0.48445  4.00512  3.33243  
0.761767  3.40295  3.81067  
0.477461  0.477628  6.47715  
0.975615  2.21681  5.56422  
0.599218  3.65997  4.46207  
1.26787  3.86049  2.02454  
2.32984  2.0713  1.61917  
1.73686  2.29561  3.58482  
1.06494  4.07028  2.98872  
1.47108  3.97135  1.67938  
1.87127  0.761276  4.80247  
0.589156  2.07293  5.9819  
1.46901  1.93824  5.26754  
1.42623  3.61319  2.58305  
1.1095  2.90849  4.75615  
1.02839  4.09835  2.99487  
1.36377  2.33834  5.01843  
1.70164  1.33716  4.90478  
1.86794  0.836079  4.7125  
1.16138  2.06332  5.64075  
0.441867  0.478431  6.4407  
1.63748  0.776508  5.10972  
0.468231  3.38034  4.55807  
2.28795  0.943453  3.73383  
1.46472  3.02653  4.05468  
2.30891  2.47064  0.570809  
0.903373  1.49867  6.14574  
1.0896  2.22567  5.74783  
1.15245  2.67072  5.33345  
0.517645  0.992035  6.40065  
1.00737  3.21041  4.95373  
0.544166  0.544359  6.54411  
0.594535  0.594539  6.59442  
0.776252  0.716859  6.62952  
0.560663  2.19411  6.03627  
2.35262  2.05547  1.69431  
0.363382  0.489701  6.31055  
0.743326  2.57756  5.27993  
1.05418  1.61411  5.59619  
1.29948  3.27715  3.28348  
0.51045  2.28496  5.55968  
0.545113  4.34051  1.22111  
0.503305  3.60211  4.26226  
1.14527  3.54742  3.03917  
1.56253  2.76084  3.24872  
0.403511  2.82816  5.17163  
0.429534  4.34586  1.51822  
0.234647  0.39294  6.20286  
1.65491  3.24796  0.705863  
1.6345  2.51865  3.30046  
0.910892  1.58248  5.704  
0.792007  1.29861  5.87252  
0.86275  1.65692  5.68452  
1.62591  1.798  4.07985  
1.45811  3.49155  1.30294  
1.97828  1.24451  3.26968  
0.300691  2.46906  5.33314  
1.27747  1.68408  5.22475  
1.6542  1.21225  4.06171  
1.52061  1.86984  3.86258  
1.75114  2.76041  0.261614  
0.192479  3.29938  3.95341  
1.64359  1.87897  3.34939  
1.14805  3.70349  0.458061  
0.000923695  0.000923695  6.00092  
0.375956  3.78891  2.75305  
1.47078  0.0774158  4.38168  
1.19653  3.19018  3.24914  
1.07498  3.32812  2.60934  
1.25823  2.29884  4.55448  
1.84232  1.3696  2.74752  
1.355  0.288744  4.9318  
1.79641  2.50736  0.725234  
1.59105  2.53039  2.9231  
1.5213  2.62966  3.11973  
0.809459  2.15645  5.08321  
0.973964  3.0591  4.14602  
1.13754  2.35174  3.47433  
0.0988091  2.76225  4.57525  
1.06388  0.217768  5.65319  
0.626885  3.11832  3.87461  
1.52048  0.950626  4.91753  
1.3204  2.31142  4.32302  
1.24776  3.52309  0.16281  
1.75988  0.148108  3.69091  
2.00054  0.000539068  0.000539068  
0.00115663  4.00116  0.00115664  
1.63772  1.75782  3.66701  
0.880961  0.319156  5.80832  
1.31572  3.24355  2.27224  
0.933618  1.12646  5.30402  
1.67314  2.1894  2.14268  
0.690436  1.37451  5.73686  
0.95634  2.4794  4.86527  
0.139303  3.48664  3.41983  
1.0031  1.87045  4.7324  
0.158962  2.00062  5.4813  
0.885885  1.67443  5.54759  
0.899376  3.80867  1.63969  
1.47263  3.00097  0.0988343  
1.1462  0.176442  5.42341  
1.05899  3.94072  0.444475  
1.83309  2.25694  1.43829  
1.32596  0.712763  5.00425  
0.775638  3.66869  2.36266  
0.895121  2.60719  4.78715  
1.90934  1.9441  1.94673  
1.94829  0.428414  3.38237  
0.749369  1.8237  5.42429  
0.756635  2.44651  4.97609  
1.09296  3.53144  2.27258  
1.01163  2.60455  4.46228  
1.26882  0.631709  5.66936  
0.512877  1.66603  5.8724  
1.93229  2.31885  0.844984  
0.877608  2.98061  4.31015  
1.57817  2.77296  2.62451  
0.273215  2.34602  5.38244  
0.355975  2.60673  5.22502  
0.309376  1.9345  5.73566  
1.40903  3.34707  1.89083  
1.07144  2.83271  4.1742  
0.695016  1.17856  5.90497  
1.00883  3.27541  3.68422  
0.457898  3.21343  4.37156  
1.3099  0.267409  5.32376  
0.622199  2.431  5.22896  
1.59542  2.85517  2.37582  
0.607914  3.74785  3.06297  
0.974817  1.93294  5.25195  
1.75503  1.96995  3.22983  
1.91442  1.1025  3.51975  
0.700226  3.65429  3.29478  
1.05226  3.56146  2.97093  
0.857127  0.664495  5.95148  
0.618026  3.96007  2.68636  
2.11549  0.59583  0.993131  
0.927717  1.20131  5.44626  
1.85728  0.487801  2.92086  
1.02545  2.51379  4.02352  
1.56014  2.79896  1.0464  
0.343292  2.57657  4.76279  
0.752628  3.47588  2.89388  
0.963853  1.1589  5.21109  
1.43263  1.99072  3.74831  
0.795954  1.42639  5.45208  
1.66433  2.13123  2.57342  
1.63742  1.20143  3.63481  
0.763279  3.29295  3.26825  
0.28859  1.50181  5.71237  
0.437712  2.41998  4.92738  
0.843553  2.4279  4.43289  
1.50413  0.985938  4.09325  
0.591246  1.27952  5.68723  
0.955312  0.0879553  5.49432  
0.798976  3.46122  2.80774  
0.832273  2.93466  3.76422  
1.15485  0.102747  5.19783  
0.842644  2.70847  3.89614  
1.15234  3.1369  1.98367  
1.67734  0.22117  3.97136  
1.01863  1.39009  4.92701  
0.704367  2.04252  4.99622  
1.90721  0.309759  2.49429  
1.4072  1.04976  4.23461  
1.17024  1.76689  4.37042  
0.870271  3.01815  3.29534  
0.186005  1.79749  5.56691  
0.101188  1.44012  5.75504  
1.41424  1.48207  3.86303  
1.60813  2.32482  1.61741  
1.87887  1.38059  1.52658  
0.764772  0.0750571  5.7033  
0.113255  2.49995  4.89172  
1.29974  2.98839  2.16407  
0.772135  3.79729  0.710302  
1.82659  0.415653  2.95303  
1.23671  3.29696  0.0618078  
0.14081  3.71612  2.72431  
0.000377443  4.00038  0.000377443  
1.83955  1.22865  2.02711  
1.13504  2.31584  3.52808  
0.00575798  3.45448  3.04535  
0.0912799  3.82231  2.25418  
2.00031  0.000305628  0.000305628  
1.27544  0.00135509  4.62632  
0.965699  2.52349  4.08056  
0.00893302  2.94642  4.08135  
1.54082  0.0780791  4.16662  
1.64771  2.59972  0.33216  
1.76111  2.02401  0.0279333  
0.679815  3.20391  3.39578  
1.02592  3.57333  0.0651238  
0.100938  3.24179  3.79556  
1.2786  2.16322  3.82528  
0.90353  0.245294  5.46207  
0.0842233  2.03492  5.32165  
0.776029  2.14175  4.52661  
1.70715  0.0206778  3.24516  
0.166445  2.72882  4.60164  
1.54083  1.79543  2.95951  
1.30243  2.70282  2.50261  
0.677905  1.56993  5.16065  
0.947593  3.22775  2.55142  
1.76149  1.42688  2.7865  
0.819919  3.57747  2.06426  
1.58018  0.925463  3.74376  
1.41459  2.82882  0.000385373  
0.0863553  2.30176  5.08018  
0.405043  0.959258  5.81285  
1.69689  1.8158  2.31234  
1.49789  1.53359  3.46526  
1.88729  1.83207  0.477733  
1.50226  2.52928  2.16291  
0.485447  3.88157  1.60452  
1.13369  3.43681  0.604878  
1.03129  2.24326  4.21453  
0.952927  1.02364  5.24892  
1.1741  2.87156  2.93878  
1.47525  2.72057  1.64042  
1.47609  0.352176  4.34595  
1.04485  3.46577  1.31355  
0.582677  0.412647  5.88326  
0.866358  3.85933  0.456924  
1.25674  2.04214  4.06514  
1.07766  0.11226  5.34345  
0.747748  3.74056  1.68832  
0.198791  2.58552  4.77967  
0.682801  2.71976  4.32578  
0.535761  1.51526  5.58337  
1.43954  2.51078  2.92831  
0.000461966  0.000461966  6.00046  
0.826813  0.837557  5.56073  
1.03455  3.09458  2.89704  
1.68176  1.50602  3.06793  
0.269676  0.940627  5.91953  
0.269248  0.283058  5.93344  
0.0454944  1.0106  5.86823  
0.5493  3.84452  0.881854  
0.771653  1.36022  5.24708  
0.781404  3.2234  2.83223  
0.919436  1.97567  4.57279  
1.20697  2.5369  3.08205  
0.531675  1.85894  5.13089  
1.46987  1.20689  3.75801  
0.953991  2.58681  3.7244  
0.781219  3.64513  1.03464  
0.358595  2.76769  4.27072  
0.510124  3.5579  2.43679  
0.0308615  3.33642  3.408  
0.86163  3.47001  1.77422  
1.84173  1.70179  0.0260622  
1.96539  0.972237  0.206774  
1.63877  2.02754  1.91835  
1.79242  1.03809  2.16394  
1.81959  0.0268337  2.68604  
0.676835  2.37483  4.38546  
0.730155  3.39783  2.29254  
1.31707  2.07519  3.27636  
0.720621  1.70913  4.97815  
1.34491  1.49703  3.83464  
1.65816  1.52089  2.48194  
0.000260055  0.000260055  6.00026  
1.28524  2.62151  2.38736  
0.215229  0.782564  5.85115  
1.22974  3.21416  0.0236672  
1.4605  1.90675  2.94301  
0.677159  3.80367  0.02364  
0.991364  1.79944  4.46437  
0.999035  3.28495  1.84141  
0.00182553  1.33591  5.65828  
0.0247342  2.49656  4.73369  
0.487574  0.0269228  5.82139  
0.932913  3.07481  2.6292  
1.59417  2.41868  0.000917089  
0.638739  3.29949  2.97199  
0.000435769  2.90229  4.13  
0.000712966  3.75147  2.08555  
1.70017  0.000267313  3.16143  
1.41449  2.8287  0.000276572  
0.000267476  4.00027  0.000267476  
0.942318  1.37979  4.87529  
1.88876  1.32277  0.0012098  
2.0002  0.00019665  0.00019665  
0.873175  0.979056  5.2035  
0.000609873  1.98147  5.21323  
0.967718  3.50114  0.000264089  
0.112573  2.27649  4.99157  
0.483266  3.06504  3.58964  
1.75281  1.92866  0.000509753  
1.50443  0.000489874  3.95568  
1.05611  0.520881  5.03823  
0.0208838  3.60578  2.68248  
0.000885211  3.42697  3.09754  
1.15446  2.76297  2.62576  
1.14305  2.27791  3.5461  
1.27404  0.000351685  4.6263  
1.87966  0.000246712  2.05215  
1.60073  0.341846  3.71362  
0.0268199  3.22618  3.62792  
0.862959  0.000709452  5.41446  
1.1531  3.0143  1.9012  
1.51909  2.20102  2.08865  
1.56882  0.977531  3.42779  
0.596339  1.03675  5.515  
1.41059  0.0380833  4.37145  
1.23385  1.29816  4.31306  
0.785134  2.95348  3.29494  
1.78826  1.63986  1.17497  
0.815022  3.68893  0.0192159  
0.507794  2.15092  4.82729  
1.6856  2.25954  0.0265765  
1.9179  0.730344  1.33458  
1.36132  2.38166  2.63503  
1.04043  2.1105  4.06032  
0.0252801  2.68366  4.5085  
1.38044  0.731985  4.20903  
1.15397  0.833505  4.74059  
1.07306  2.69274  3.12267  
1.11165  0.0311125  5.07999  
0.993043  0.27551  5.26686  
0.406219  1.58173  5.37646  
1.50197  1.60847  3.33372  
0.884307  2.34033  4.10122  
1.12648  3.17264  1.68029  
0.171497  3.88154  1.57048  
1.32072  3.06808  0.0251085  
0.75289  2.7128  3.78937  
0.521823  3.91005  0.0366647  
0.587754  3.66778  1.83694  
1.53508  2.67111  0.0450764  
1.46712  2.51497  1.87227  
1.72968  0.914086  2.71303  
0.0437945  1.7178  5.48226  
0.703246  0.280472  5.67249  
1.16349  1.76358  4.10519  
1.56191  1.66255  2.80273  
1.61287  0.000292476  3.54942  
0.467396  2.39316  4.59905  
0.885977  1.68709  4.74755  
1.71162  1.06717  2.66121  
0.924738  2.72193  3.4166  
0.803931  3.66489  0.0651278  
1.68664  1.82931  1.74484  
0.806892  0.00109107  5.49255  
1.83232  1.04877  1.82757  
1.53507  2.31898  1.64202  
0.52102  3.44583  2.61722  
0.495756  1.03069  5.60384  
1.38464  2.70067  1.53217  
1.01235  3.29176  1.56338  
1.4343  1.20105  3.777  
0.524121  1.74154  5.16792  
0.559264  2.67507  4.13642  
1.61991  1.21538  3.01123  
0.945235  2.36709  3.92189  
1.23699  2.59538  2.67668  
1.2254  1.97412  3.70823  
1.20549  3.19201  0.00010798  
0.950116  1.18822  4.9706  
0.909125  3.56326  0.000197709  
1.02648  0.000120567  5.1498  
1.6682  1.47026  2.47179  
0.774781  1.51198  5.04689  
0.833385  3.31953  2.23505  
1.26681  2.75445  2.12185  
0.711808  2.83507  3.65906  
1.30779  1.5582  3.8926  
0.000326681  3.18749  3.62586  
0.000405496  3.78841  1.92781  
0.936766  2.97359  2.8667  
0.966378  1.77954  4.52539  
1.21314  0.000242303  4.77098  
1.88452  0.000166257  2.0107  
1.33663  2.13637  3.11367  
0.000152451  2.42724  4.7694  
1.37264  0.000128752  4.36429  
9.48398e-05  2.62396  4.52883  
1.73553  0.000198009  2.98309  
1.5423  2.54699  0.000113175  
1.48767  1.97559  2.70328  
8.03786e-05  2.82731  4.24452  
1.68456  2.15673  0.000136067  
0.712717  3.73785  0.000258606  
9.57135e-05  9.57135e-05  6.0001  
1.16173  2.33469  3.40525  
2.00011  0.000107307  0.00010731  
0.810502  2.60486  3.85065  
0.667715  3.5318  1.98457  
0.000107063  4.00011  0.000107063  
0.707947  9.72862e-05  5.61174  
1.80297  1.7324  0.000227042  
1.32365  2.99899  0.000131468  
1.05681  3.39621  0.000107787  
0.00015499  1.92456  5.26015  
0.000130492  3.50123  2.90189  
0.000126269  3.3783  3.21305  
1.56703  0.000204559  3.72922  
0.475855  3.88547  0.000225168  
1.61502  2.04494  1.77329  
0.478267  0.000168691  5.82621  
1.11059  0.000411667  4.9911  
0.725655  2.29838  4.41085  
1.12747  1.24501  4.59108  
1.24129  1.34202  4.25324  
1.52846  1.27884  3.3615  
0.00104201  3.64872  2.46133  
1.43396  2.7887  0.000128127  
1.06195  2.01278  4.09311  
0.000846088  3.007  3.95898  
0.634489  3.07885  3.32656  
1.91113  1.18169  0.000353073  
0.555841  3.69755  1.58575  
1.8121  0.00012482  2.53994  
1.42049  2.42401  2.151  
0.00203377  1.64233  5.47435  
0.00072245  2.20854  5.00397  
1.47162  0.000124663  4.06365  
1.94628  0.000241703  1.38453  
1.6626  0.000132559  3.33568  
1.10091  3.09075  1.89928  
0.000121041  1.29376  5.67768  
1.78028  1.29603  1.93014  
1.85927  1.47459  0.000108114  
1.07812  2.67926  3.07101  
0.000144088  0.880851  5.8529  
0.9015  0.000298074  5.35665  
0.000108417  3.8985  1.34385  
0.633692  1.19791  5.40065  
0.647761  1.99101  4.82983  
1.73976  1.97386  0.00344339  
1.60336  2.39145  0.000116522  
1.95949  0.804366  0.000334764  
1.46607  1.67894  3.21276  
0.678227  3.25771  2.82715  
1.31496  0.000218517  4.52162  
0.828715  1.77183  4.77044  
1.90831  1.19781  7.95433e-05  
0.478297  1.67646  5.25554  
1.74471  1.70772  1.43068  
1.42617  1.74756  3.2904  
0.889187  3.41747  1.61578  
1.47456  2.4992  1.54934  
1.35506  1.07423  4.10889  
0.866544  1.01732  5.18798  
1.40959  2.30069  2.49323  
1.11551  3.07633  1.87737  
1.72105  1.06708  2.60643  
0.501198  3.41639  2.73523  
0.991889  2.47696  3.65528  
1.22211  2.0078  3.67401  
1.33664  2.77278  1.62264  
0.587803  2.86219  3.80347  
0.491746  3.70858  1.69706  
0.513918  1.07681  5.56922  
7.56356e-05  2.25925  4.95147  
1.64424  1.97982  1.68946  
1.84943  1.11166  1.56294  
0.740063  3.32339  2.49447  
1.35219  2.54206  2.23769  
0.583695  3.82594  5.97848e-05  
1.60463  2.38777  4.71544e-05  
4.82598e-05  2.42261  4.77448  
1.89164  4.27891e-05  1.94858  
1.46976  1.9445  2.8379  
1.00469  2.96421  2.67459  
1.59239  3.47227e-05  3.63041  
0.895058  1.92723  4.52071  
1.78911  1.78991  0.00041655  
0.946202  1.34619  4.8854  
4.83211e-05  3.77111  2.00077  
0.650962  4.81706e-05  5.67339  
1.76979  1.33323  1.95351  
1.20936  3.53266e-05  4.77892  
4.58222e-05  2.0573  5.14566  
4.55199e-05  1.38526  5.62878  
0.752067  1.54106  5.05642  
1.41446  3.17313e-05  4.24201  
1.5012  7.91089e-05  3.96487  
2.96897e-05  2.96897e-05  6.00003  
1.65802  1.63726  2.2883  
0.989455  3.23448  1.91902  
5.82174e-05  2.75042  4.35665  
0.964143  4.27279e-05  5.2569  
1.28732  1.59687  3.91784  
1.27332  3.08466  3.23352e-05  
1.14722  2.36189  3.40674  
1.08231  3.36375  2.59588e-05  
1.02423  2.0906  4.09003  
2.00002  2.27944e-05  2.27944e-05  
4.41762e-05  3.13731  3.72221  
7.31093e-05  0.913815  5.84143  
2.45753e-05  4.00002  2.45753e-05  
1.69794  2.11401  5.68542e-05  
5.28541e-05  3.47256  2.9781  
0.783732  2.60067  3.90591  
0.862325  3.60916  3.39305e-05  
1.53318  1.284  3.33849  
1.75277  4.17544e-05  2.88995  
1.2431  2.47574  2.8816  
1.49924  2.64761  4.46739e-05  
1.86866  1.4261  7.64095e-05  
6.23622e-05  1.75847  5.38922  
1.9436  0.943572  3.45707e-05  
0.640358  3.03421  3.40561  
0.554024  1.96544  4.9549  
1.39352  2.86934  4.4979e-05  
1.10963  1.27526  4.611  
4.96205e-05  3.63636  2.49983  
1.8243  4.14347e-05  2.45943  
0.821101  8.2675e-05  5.47122  
4.14486e-05  2.94082  4.06718  
1.21041  2.83573  2.17376  
0.000164465  3.90038  1.33196  
0.704005  3.52884  1.87704  
4.85037e-05  3.31403  3.36002  
1.68263  7.54841e-05  3.24372  
0.622021  2.2436  4.60518  
1.08312  4.04058e-05  5.0441  
1.40398  1.40139  3.72118  
1.32233  3.71266e-05  4.50158  
0.436589  6.66882e-05  5.85541  
1.3182  2.12645  3.19366  
1.53879  2.19642  1.9599  
0.947887  2.77509  3.25411  
1.95143  0.00091439  1.31569  
0.628598  1.28804  5.35843  
1.19632  1.4554  4.28435  
0.734412  3.72067  0.00630324  
1.18777  3.21846  0.000101979  
0.973518  3.49423  4.21478e-05  
0.682612  2.45212  4.27545  
1.61513  1.39707  2.85199  
7.89039e-05  2.59898  4.5611  
0.393359  3.92195  7.08447e-05  
0.675584  3.18009  3.02319  
0.00288732  0.623951  5.93012  
0.257152  3.29485  3.31359  
0.686375  3.62269  1.49684  
0.907959  3.14358  2.56652  
0.898763  3.44135  1.45007  
1.38539  2.31974  2.59457  
1.15895  1.17904  4.588  
1.34581  2.72931  1.73693  
0.936554  2.61357  3.58276  
1.32493  1.22314  4.10366  
1.71015  1.73402  1.71279  
1.46535  1.26505  3.61669  
0.587896  2.32724  4.55575  
0.853169  1.11437  5.16568  
0.000840325  3.81287  1.81854  
0.559547  2.98708  3.62375  
1.17812  1.97184  3.85174  
1.90777  1.20717  0.00126003  
0.500004  3.62872  2.03682  
1.17907  2.77617  2.48315  
0.544071  2.71187  4.11237  
1.66261  0.00275713  3.35  
7.02312e-05  3.21601  3.56796  
0.000370872  2.40927  4.79033  
0.868447  1.48671  4.92338  
1.66459  1.54474  2.38631  
0.730045  2.75766  3.75432  
0.784676  3.30158  2.43883  
0.000663749  3.72856  2.17581  
0.00181585  1.21052  5.72133  
1.60071  4.77462e-05  3.59741  
1.69877  1.0588  2.75512  
1.86244  1.45798  2.08447e-05  
0.987019  3.26324  1.81634  
1.12086  3.02814  2.01606  
1.87843  2.08025e-05  2.06015  
1.48143  1.88446  2.87473  
1.45807  0.00014834  4.10749  
0.000989752  2.16992  5.04236  
1.4151  2.82671  1.71191e-05  
1.0526  0.00116902  5.10513  
0.983316  2.92109  2.85557  
0.770642  2.38701  4.22469  
1.29118  0.000165837  4.58269  
1.75286  1.92623  2.15785e-05  
0.71237  4.10023e-05  5.60658  
1.34517e-05  1.34517e-05  6.00001  
1.22829  1.47869  4.18454  
0.646667  3.78517  2.54485e-05  
0.000542812  2.79097  4.29943  
3.78472e-05  3.3968  3.16855  
0.677556  3.09808  3.20545  
1.94162  0.964068  0.000907293  
0.803747  3.66367  0.000716726  
2.00002  1.53086e-05  1.53086e-05  
1.50777  2.62998  0.000829504  
1.1295  2.32333  3.51861  
1.20703  3.18947  2.20862e-05  
6.25699e-05  2.55676  4.61443  
0.960247  3.50885  2.37329e-05  
0.90334  2.04409e-05  5.35316  
1.59356  2.41715  2.09842e-05  
1.71941  2.28241e-05  3.06489  
1.01562  2.67708  3.25636  
0.000173335  1.77484  5.37732  
1.08192  1.53465  4.49121  
1.31291  2.60881  2.27889  
0.61821  1.08548  5.46903  
0.00232832  3.01175  3.95488  
0.877925  1.98803  4.49467  
0.000927008  3.59385  2.63807  
1.52364  0.0155455  3.88679  
2.17029e-05  3.88472  1.43026  
1.34693  1.56903  3.75954  
0.509612  0.00274896  5.8059  
1.81836  0.000749885  2.50408  
0.000843413  1.99868  5.19887  
1.5188  2.23445  2.01226  
1.19144  2.40163e-05  4.81923  
0.675354  1.44319  5.21654  
1.08276  3.36418  0.000696001  
1.67771  2.17749  1.83879e-05  
1.53303  1.34444  3.29444  
1.31259  3.01808  2.11832e-05  
1.93804  1.36247e-05  1.48202  
1.39811  0.000878491  4.29386  
1.23171  2.45979  2.95641  
1.79966  1.263  1.80709  
0.610585  2.01811  4.84644  
1.04916  2.12224  3.99842  
0.716847  3.49921  1.95612  
1.44869  2.47903  1.82452  
4.03289e-05  1.52713  5.54558  
0.454553  3.89536  0.000260277  
1.3365  2.09651  3.16851  
1.60676e-05  4.00002  1.60676e-05  
0.0305068  0.904431  5.84511  
1.80161  1.73776  0.000166499  
1.63223  1.80298  2.17013  
0.49021  3.41415  2.76631  
