695.939  256.725  900.627  
908.276  1364.74  466.026  
182.818  947.735  206.121  
313.186  852.026  477.607  
228.902  25.1682  1080.13  
328.581  1491.18  96.9605  
976.912  320.623  6.29562  
611.096  337.491  645.779  
176.538  51.3654  1223  
572.998  737.082  356.42  
258.914  39.348  1006.47  
93.3093  1309.95  49.6946  
284.636  222.21  1317  
461.746  664.521  696.245  
39.5713  194.846  933.699  
1140.29  390.98  84.8753  
1054.5  148.294  658.884  
679.792  351.61  994.931  
1031.6  356.147  87.2233  
757.983  732.549  411.728  
330.953  876.131  599.674  
107.25  358.885  1059.36  
456.162  106.951  1025.31  
101.968  72.0649  873.884  
510.084  865.513  818.369  
442.616  34.0862  130.191  
392.833  1189.02  417.68  
102.275  715.494  916.918  
111.622  892.76  1098.26  
186.647  835.222  99.2477  
137.964  1167.11  124.722  
160.46  187.823  826.712  
6.47346  619.104  833.739  
117.123  281.477  993.246  
642.353  5.89513  16.2247  
219.082  310.14  1393.43  
219.376  843.694  508.585  
314.876  561.391  233.057  
136.644  131.372  1227.04  
37.4734  182.712  745.324  
378.231  191.307  598.774  
9.99473  8.41411  1027.84  
350.449  346.808  750.428  
163.195  1041.7  455.165  
805.777  738.65  580.241  
297.824  1042.04  124.631  
224.522  515.496  1150.41  
453.94  426.665  608.242  
218.502  855.5  353.461  
230.713  1018.04  866.246  
1117.04  110.254  227.598  
595.585  74.1413  528.604  
368.359  1272.39  149.66  
270.163  906.938  293.415  
126.181  443.919  492.262  
8.27222  1296.96  334.642  
91.7064  208.45  1200.14  
32.8248  126.884  957.291  
606.261  326.229  1000.64  
206.716  861.887  391.971  
34.8914  95.4719  1248.12  
163.951  104.594  929.214  
941.464  314.517  488.375  
461.601  558.155  453.856  
66.9313  1029.71  640.864  
191.603  961.338  634.277  
667.545  164.128  389.413  
220.168  1260.33  16.0754  
223.731  1284.78  96.099  
782.051  602.385  557.36  
596.849  440.38  58.2437  
227.581  55.9694  787.127  
362.474  458.519  945.036  
232.816  321.928  577.71  
581.784  971.65  779.977  
583.217  503.705  188.993  
88.8431  573.38  1071.74  
905.368  180.229  450.99  
478.551  327.876  608.125  
63.2921  295.316  906.743  
59.0088  254.364  610.121  
437.161  758.454  37.2141  
339.104  189.596  799.986  
396.645  611.908  515.344  
380.411  250.83  1312.98  
1004.4  379.407  505.304  
452.004  613.688  682.134  
123.28  127.636  1069.42  
327.925  602.472  728.776  
25.5145  92.7508  1318.14  
238.365  407.339  1254.5  
278.139  563.652  1043.97  
577.859  1235.37  335.744  
1076.42  652.944  23.6645  
394.043  816.216  357.764  
196.172  130.601  1021.09  
1018.19  248.349  704.089  
1020.78  973.914  434.407  
302.84  472.63  1290.49  
30.0082  157.434  869.314  
4.10034e-06  566.213  49.0057  
1.03445e-05  14.9359  325.233  
1.56081  206.161  8.79644e-07  
159.287  4.12418e-09  8.13826e-17  
2.63248e-14  2.53575e-20  429.917  
2.95528e-15  48.2633  382.683  
1.19144e-11  0  482.206  
2.40693e-14  393.082  0  
8.9819e-15  1.24228e-18  146.686  
166.311  0  0.870562  
7.3237e-15  2.27176e-14  389.809  
4.12969e-13  180.994  5.70231e-18  
492.789  0  0.00467324  
2.0395  0  153.281  
163.802  0  3.0537  
1.122e-14  183.237  5.77299e-18  
1.02905e-14  168.057  5.62548e-14  
1.02192e-14  166.893  14.5827  
1.63197e-10  157.609  0  
1.59064e-13  167.54  6.04901e-15  
6.7494e-08  0.246325  109.931  
20.7884  0  88.5267  
99.9378  54.4562  0.29476  
6.18018e-15  100.93  1.51632e-05  
5.84005e-15  95.3753  4.06075e-18  
0.000557449  106.229  0  
6.40951e-15  1.12815e-15  106.284  
4.05834e-31  6.62777e-15  108.24  
7.25378e-15  118.463  0  
2.84423e-15  46.4498  114.419  
92.556  45.446  72.4938  
5.95325e-05  110.146  2.60586e-18  
6.65909e-15  6.15452e-16  109.215  
7.68385e-15  0  125.487  
54.7128  99.696  6.34994  
1.67307e-15  5.22814e-15  89.6474  
113.848  9.84089e-14  2.9133  
49.6886  149.55  52.2604  
6.49874e-15  6.64243e-16  106.685  
1.65645e-11  0  169.055  
103.674  1.29232e-11  0  
3.64704e-07  132.61  0  
73.7417  1.16337e-05  49.0411  
67.4913  32.0934  9.99347e-05  
4.78779e-17  6.02238e-15  98.356  
123.935  0  2.06335e-06  
1.41824e-06  150.617  0  
88.6177  6.84961e-07  4.04056e-10  
3.04403e-14  60.2394  4.29861e-08  
7.41854e-15  1.23915e-18  121.154  
102.682  0  76.958  
0.177453  0  145.99  
5.64932e-15  92.2604  7.85626e-18  
110.64  2.53176  0  
7.03444e-15  1.38005e-18  114.881  
9.20266e-15  150.291  0  
1.67393e-15  4.52701e-15  78.824  
8.16408e-15  4.95113e-19  133.33  
99.5561  87.8734  0  
1.13482e-10  1.93678e-12  72.2551  
2.39516e-15  39.116  454.94  
131.204  0  0  
121.275  1.85989e-18  22.065  
8.35542e-15  3.62851e-18  136.454  
128.606  7.66585e-16  3.56828e-18  
130.64  4.45733e-10  1.2292e-16  
7.29483e-15  4.96991e-18  119.134  
0.0951363  2.60577  96.9091  
1.53876e-05  22.2172  100.573  
6.7501e-15  110.237  5.68711e-12  
8.54479e-14  0  301.641  
131.398  0  16.6056  
133.002  7.78628e-18  2.83055e-11  
145.796  38.609  0.000254407  
7.41596e-15  121.112  0  
136.258  0  0  
7.7998e-15  0  127.38  
2.27069e-28  8.22869e-15  134.385  
1.1644e-16  8.51775e-15  139.118  
1.48654e-16  7.44567e-15  121.621  
135.577  0.000818716  0  
0.012603  144.728  1.90793e-20  
2.2115  105.856  1.72847  
121.031  62.2444  5.79459e-18  
141.724  0  5.82741  
75.7868  102.137  96.2307  
145.02  5.3698e-13  0.000339154  
86.7616  119.25  1.78359e-07  
145.939  3.78083e-18  5.01792e-16  
8.7573e-15  143.018  53.7755  
8.14774e-15  2.96467e-15  141.598  
1.90892e-14  2.15218e-23  311.75  
2.79474e-14  1.5953e-27  456.416  
6.24205e-19  0.010194  175.521  
150.002  0  0  
150.864  2.31366e-18  0  
0.0232937  143.449  0  
142.176  3.81001e-05  9.15149  
82.1333  0.0161133  133.547  
1.37911e-09  153.645  4.84067e-18  
399.769  106.834  0.90537  
312.905  0  84.4733  
7.983e-15  0  130.372  
6.40056e-15  3.89926e-18  104.529  
3.93873e-05  0  112.339  
155.889  0  0  
142.196  4.84335e-17  0  
129.386  4.18699  1.70657e-20  
125.843  0  11.7072  
76.5312  63.4674  0.810962  
112.035  16.4135  0.00435078  
115.216  0  38.0256  
3.75907e-31  6.13902e-15  100.258  
129.669  0  0.0191538  
36.2863  185.126  0  
72.5323  67.109  0.98284  
2.12979  0.287319  89.4189  
92.2598  11.5979  6.18639  
5.88882e-10  310.393  0  
0.00654652  82.3275  3.50522e-18  
6.1687e-15  4.95348e-22  100.743  
5.01918e-15  3.82773e-18  81.9695  
0.278532  4.27158e-21  101.181  
2.92985e-31  4.7848e-15  78.1418  
7.50784e-17  4.596e-15  75.0684  
6.8593e-15  0  112.021  
2.34354  0  83.483  
108.569  0  0  
8.94294e-16  4.17446e-15  69.7209  
100.872  2.61327e-18  3.25251e-18  
1.36831e-07  4.92866e-07  71.891  
4.11012e-15  2.02485e-17  67.1242  
6.10271e-09  0  86.3822  
51.1653  0  53.9583  
97.6114  8.3119e-18  0  
75.0952  48.29  26.7382  
5.06075e-15  82.6483  0  
1.78339e-06  47.239  9.8143e-05  
0.185086  46.5689  5.28843e-06  
67.0492  4.1987e-09  4.30011e-05  
35.3862  0.000413312  2.55219e-05  
51.7288  2.99944  2.30801e-06  
4.7428e-14  774.558  15.8368  
67.1505  0.0485795  0.413165  
84.1927  3.58463e-17  0  
77.9841  0  0.00399128  
59.5561  0.396976  32.0811  
6.85907e-15  1.79236e-22  112.017  
4.14905e-17  2.34647e-11  40.0853  
0.475287  57.1372  0  
68.3968  19.4717  1.68244e-18  
1.34659e-08  77.2322  0  
1.2619e-10  71.6089  72.0077  
2.80815e-17  4.7178e-15  77.0488  
82.6807  0  18.538  
60.0881  50.6177  0  
74.3122  14.1354  3.22069e-18  
70.68  0  0.0386585  
88.9253  4.93803  0  
55.9404  0  21.9936  
2.93165e-12  6.85458e-15  64.6332  
13.4405  55.0564  1.5845  
0.717902  26.7304  66.3802  
11.4922  135.3  13.8138  
3.11842  67.5683  5.65732  
7.53861e-15  0  123.115  
3.94077e-15  64.3577  0.297443  
44.8125  30.2002  48.0584  
8.78625  39.7457  61.655  
61.2223  42.6315  2.2852  
0.025325  66.618  42.8721  
6.01936e-15  98.3037  0.00755378  
90.5411  0  0.0270125  
55.3315  0.00014081  64.8196  
74.9241  45.9043  0.000246479  
3.52126  63.5296  59.1958  
1.04509e-09  89.242  0  
63.1009  0.0858901  58.7063  
96.1544  1.57288e-14  9.23747e-09  
6.31208e-15  2.86817e-19  103.084  
95.2181  0  0.0158939  
3.38012e-31  5.52015e-15  90.151  
84.4922  75.2552  1.38828e-13  
1.56023e-25  2.54806e-09  127.288  
4.83474e-15  4.87527e-16  79.3578  
71.5531  8.55069e-11  77.0004  
105.952  0.000131859  0  
5.82044e-15  95.055  8.0081  
6.75573e-15  110.329  1.45446e-20  
108.295  1.47547e-16  0  
3.30727e-10  101.433  0  
6.24056e-15  8.9269e-18  101.916  
113.166  1.73552e-18  0  
1.34804e-08  0  112.053  
7.22549e-17  1.18001  83.1378  
1.98777e-14  324.627  0  
6.50755e-15  8.44723e-21  106.276  
1.89723e-17  5.09349e-15  83.1835  
97.0151  0  0.0100207  
127.838  0  0  
1.15353e-14  3.47557e-15  196.751  
49.6589  0  39.3637  
17.6298  49.9693  1.35363e-16  
0.245388  0  66.481  
7.85178e-05  210.501  0  
35.5885  0  54.5507  
2.29348e-31  3.74553e-15  61.1692  
4.1035e-15  9.83506e-18  67.0155  
6.01336e-15  0  98.2056  
4.18617e-15  1.05206e-20  68.3653  
1.77029e-14  289.11  0  
107.21  0  0  
1.15144e-14  188.045  4.89005e-09  
7.38259e-08  96.8806  7.16638e-09  
66.0367  0  0.208575  
3.42623e-15  55.9547  42.2989  
55.1243  8.18299e-13  2.93599  
0.00689403  59.7465  2.5438e-18  
49.6261  18.4722  1.71952e-07  
0.146762  8.1012  39.8223  
46.305  1.89918e-06  0  
34.8277  0.041687  1.70478e-06  
3.37605e-15  55.1351  0.0288725  
1.48377e-31  2.42318e-15  39.5735  
39.1244  0.000651015  1.86455e-08  
1.45545e-06  41.8723  3.51716e-10  
4.11224e-17  2.11444e-15  34.5379  
10.7132  3.05074e-10  32.8225  
1.29241e-14  45.6236  29.1754  
1.07026e-15  7.44932e-08  33.6817  
4.94454e-15  80.7504  0  
0.0202417  32.0423  29.2917  
3.72291  40.2944  0.19247  
7.38967e-21  0.000120683  54.3977  
2.94227e-15  2.08086e-23  48.0508  
77.1989  7.82733e-14  1.0177e-20  
1.21298e-12  0  41.2984  
35.2776  6.23502e-11  0  
2.19388e-15  1.16724e-17  35.8292  
3.81941e-15  0  62.3756  
6.37694e-17  1.37035e-15  22.4038  
1.71691e-11  37.0448  3.30727e-12  
91.6069  0  0  
33.7738  23.3296  0  
55.2381  6.24193e-06  0  
35.3362  0  3.94478e-15  
4.20657e-05  19.2581  0  
2.81e-05  0  77.0348  
2.81956e-15  46.0469  0.0170525  
61.2168  0  4.87088e-18  
42.3477  1.99875e-13  0.0020554  
7.87794e-22  3.33591e-15  54.4796  
2.9423e-15  48.0515  0  
49.2671  1.14585e-12  0  
24.3362  0  2.74326e-12  
26.1228  0.000452441  22.7758  
53.3625  1.05317e-12  2.27199e-18  
0.0132381  0  50.9781  
5.55923e-06  96.6556  2.60078e-09  
69.3575  0  0  
1.13559e-07  2.33339e-08  13.3145  
0.00127496  37.5518  0.295665  
22.0113  27.4506  0.205465  
2.42403e-15  3.71764e-23  39.5874  
2.71274e-15  1.38501e-16  44.3602  
3.78686e-15  61.8441  8.15282e-21  
40.0371  16.5678  0  
7.48968  42.1312  0  
61.0753  0  8.07918e-05  
3.43557e-15  56.1072  0.76087  
0.0190528  46.8495  0  
72.071  2.94027e-14  3.06853e-18  
45.4611  3.20531e-15  0.0451959  
0.000344863  56.3375  2.39866e-18  
42.3958  0  29.7619  
0.000215914  57.3513  0  
51.3786  0  0.002912  
89.1868  0  1.97558e-05  
13.8353  34.4753  6.85399e-08  
2.87806e-19  0.00470022  53.193  
1.47811e-05  0  70.6571  
4.46576e-22  7.29315e-06  58.0133  
0.000166988  67.4432  0  
6.06471e-06  50.0436  24.0204  
2.21105e-31  3.61092e-15  58.9708  
1.09677e-15  3.12362e-15  54.0659  
9.01246e-17  2.82169e-15  46.1051  
4.4881e-15  0  73.2962  
3.8395e-15  4.07693e-23  62.7039  
3.62169e-15  1.41525e-17  59.1472  
0.456619  47.1229  2.26726e-15  
0.306759  2.94652e-06  38.5532  
46.0411  0.00923682  0.0079493  
41.0715  33.9126  0  
1.70249e-06  64.6924  2.75438e-18  
0.0146157  0.319196  40.1584  
42.4195  0  30.8128  
44.6276  29.8228  2.2853e-18  
0.103662  52.7676  0  
40.7151  40.4004  1.41162e-08  
6.01901  62.4249  0  
9.08495e-15  148.368  0  
1.51362e-15  1.56701e-16  24.8514  
65.6475  0  5.74408e-18  
24.4863  2.2162e-08  1.55884e-05  
17.0728  0.66844  3.3754e-16  
2.40622e-08  54.9141  2.74774e-12  
6.94691e-05  17.1516  9.01464  
2.27478  2.23536  11.0952  
1.2757e-08  7.88269e-09  16.1604  
0.0867809  25.9028  7.9084e-09  
17.2154  0.000301724  0.000550813  
0.122003  0.36429  13.6802  
13.2574  21.2577  0  
39.1847  0  0  
1.18561e-15  5.961e-16  21.6721  
19.0521  3.10845e-05  7.22711e-19  
1.34497e-20  1.59769e-15  26.0922  
2.63882e-15  0  43.0952  
0.0320267  6.32537e-22  30.2592  
24.3891  2.89475  0  
5.09026  22.5971  5.43371e-20  
0.000209521  0  32.4177  
3.26224  7.55536  4.16213  
1.72978e-31  2.82495e-15  46.1349  
1.43494e-15  2.58082e-17  23.4382  
1.60699e-19  1.47542e-15  24.0955  
1.49192e-15  5.88738e-20  24.3649  
4.28514  12.7951  2.28339  
1.42325e-15  23.2435  0  
2.56468e-17  1.22198e-15  19.9609  
1.07063e-06  19.392  4.2842e-16  
0.00450751  0  19.3396  
9.60872  12.9796  1.09325e-15  
9.19362e-09  9.16104  2.82984e-10  
3.17048e-15  11.1921  6.93278  
1.17307e-05  16.2505  0  
8.17585e-10  21.4818  5.26944e-13  
1.86564e-14  13.3882  0.0613398  
0.000448286  1.86784e-16  9.56334  
8.1302e-16  13.2776  8.25769e-08  
24.0624  0  6.74773e-19  
0.000141077  8.26393  0.110812  
5.63916  2.34484  9.9044e-05  
2.34438  0.00157216  8.75541  
3.85178  1.44648e-09  7.12897  
0.12047  6.25705  6.58458  
6.24367e-07  24.6511  1.23347e-12  
1.92343e-15  31.4121  1.33742e-18  
9.03812  0.000185296  6.09776e-05  
14.4474  12.7083  5.15221e-17  
2.23268e-09  2.7913e-08  9.30675  
6.71236e-17  6.28561e-16  10.3236  
1.97541e-09  7.3524  5.55598  
0.484257  12.1814  3.09778  
14.6038  8.13121e-13  2.27553e-07  
0.000603504  0.000289414  9.07886  
8.13353  0.028736  4.70058  
10.2648  0  5.39984  
9.23332  18.8975  5.8981e-19  
12.3285  3.20924e-06  0.00017437  
8.76406  0  15.9299  
15.0223  0  1.31443e-18  
2.45404e-15  40.0775  0  
1.41099e-18  1.42269e-15  23.2343  
1.40779e-15  22.991  2.14745  
6.84907e-18  0.111854  22.1099  
1.542e-17  1.31257e-15  21.4374  
0.00338767  0  20.3021  
18.091  3.55954e-06  5.0732e-19  
2.0245e-15  0  33.0626  
1.15361e-15  9.51426e-17  18.9038  
32.3199  0  0  
22.94  0.286547  0  
4.59426e-16  4.34406e-16  10.326  
1.61008e-15  7.23501e-17  26.3211  
2.94495e-28  1.5417e-15  25.1779  
10.119  16.1743  1.41453e-09  
0.257168  0.00926862  9.41535  
15.2589  0  1.33514e-18  
6.04223  2.81941  3.36024  
2.45476e-08  9.60845e-07  12.5825  
8.55042  0.0001197  8.81194  
1.62651  14.0551  2.19394e-09  
4.83359e-16  1.16092e-15  20.537  
4.47433e-05  17.6551  2.72476e-07  
6.14943e-09  7.2511e-14  14.1119  
8.16175e-06  19.5327  0.00105028  
1.21835e-15  1.1724e-16  19.9892  
4.35731e-05  21.4868  8.1507e-19  
1.08711e-15  17.7539  4.44222  
1.05165e-15  17.1747  8.56882  
0.0851437  37.0062  0  
1.87748e-15  1.97786e-17  30.6633  
12.177  6.58436e-15  5.22579  
0.000268768  0  38.2851  
10.627  22.0476  0  
2.44138e-31  3.98707e-15  65.1138  
35.233  1.52999  0  
27.3949  2.66143  0  
1.46928e-06  0.345273  0.938551  
2.77427e-06  0.741586  0.670907  
0.851237  0.458864  0.255125  
0.555502  0.63903  0.532124  
0.678282  0.265977  0.685045  
0.48671  0.830966  0.269529  
0.599563  0.743177  0.297451  
0.733857  0.610841  0.297433  
0.524607  0.522207  0.672488  
0.861  0.226764  0.455369  
0.931905  0.248311  0.264807  
0.719285  0.330553  0.61127  
0.251444  0.251731  0.934695  
0.295985  0.792993  0.532602  
0.449555  0.893294  8.22568e-07  
0.823162  0.567967  1.00376e-06  
0.670222  0.58612  0.455367  
0.352165  0.588162  0.728065  
0.28155  0.48778  0.826512  
0.226597  0.749876  0.621735  
1.4408e-06  0.245115  0.969588  
0.840345  0.394517  0.371864  
0.361182  0.391322  0.846485  
0.00154958  0.840162  0.542669  
0.667105  0.634421  0.390609  
0.30492  0.556667  0.772861  
1.72939e-05  0.46556  0.885068  
0.806615  0.307248  0.505167  
0.484031  0.50147  0.71717  
0.454209  0.747593  0.484846  
5.87834e-06  1.00005  9.09302e-09  
0.755597  0.482702  0.443165  
0.709011  9.2285e-08  0.705248  
0.355066  0.652619  0.669557  
0.81522  0.483649  0.318969  
0.945046  0.00123737  0.327089  
0.407317  0.844623  0.347655  
0.00351626  0.80418  0.594598  
0.339289  0.940742  1.52972e-07  
0.798827  2.19431e-11  0.601696  
0.59986  3.28995e-05  0.800181  
0.80077  0.599088  3.36172e-07  
0.730281  0.683189  1.43919e-08  
5.4924e-06  0.934391  0.356477  
2.43779e-08  0.771589  0.636231  
0.970294  1.37229e-09  0.242435  
0.476376  0.300423  0.826497  
0.574862  0.587718  0.569449  
0.257761  0.883786  0.390609  
0.657411  0.39382  0.642517  
0.940304  0.340618  3.93537e-09  
0.878051  2.56434e-09  0.478742  
2.66374e-06  0.71204  0.702246  
0.00022093  0.956555  0.292003  
5.28993e-13  6.4456e-12  1.00006  
0.859556  0.51121  1.00375e-06  
0.656693  0.754245  1.43925e-08  
2.07707e-05  0.536312  0.844067  
1.00007  6.37886e-08  3.01715e-09  
0.494189  0.869415  1.43923e-08  
0.895201  0.33231  0.297456  
0.313624  2.00031e-05  0.949698  
0.766978  0.642008  1.52997e-07  
1.59221e-06  0.37416  0.927392  
0.534607  3.84575e-08  0.845234  
0.472299  6.14745e-08  0.88156  
0.425823  0.428383  0.797486  
0.276671  0.961044  1.52975e-07  
0.000208438  0.902469  0.430858  
0.660901  5.78656e-06  0.750561  
7.52422e-05  0.654585  0.75612  
0.555539  0.326979  0.764644  
0.608274  0.793808  4.4118e-07  
0.902138  0.43163  1.00374e-06  
0.756861  0.321329  0.569403  
0.976619  0.215542  1.52982e-07  
0.402739  5.24205e-08  0.915479  
0.522683  0.773572  0.358692  
0.40616  0.715078  0.569136  
0.211187  0.977642  3.3838e-08  
0.688285  0.494938  0.530871  
0.839333  0.000117112  0.543709  
0.397712  0.917577  1.34994e-06  
4.08634e-08  0.599895  0.800154  
0.623507  0.700518  0.347693  
0.353606  0.815253  0.458716  
0.750873  9.09585e-08  0.6605  
0.772747  0.559539  0.299863  
0.555308  0.831441  0.0210767  
0.462658  0.622404  0.631639  
0.213759  8.45343e-10  0.976947  
0.307097  0.307447  0.900774  
0.599729  0.488193  0.63437  
0.527156  0.687947  0.499866  
2.01309e-05  0.873224  0.487408  
0.602619  0.340284  0.721944  
0.694274  0.719727  0.0155371  
0.914996  6.01742e-06  0.404149  
0.318169  0.900296  0.297447  
0.00380347  0.980638  0.196212  
0.422466  0.567283  0.706903  
0.000416927  0.291864  0.95646  
0.480834  0.767489  0.42398  
0.686671  0.273565  0.673532  
0.258366  0.699008  0.666809  
0.863601  0.255565  0.434603  
0.797604  0.445274  0.40689  
0.279169  0.854587  0.437887  
0.272021  0.781083  0.562062  
0.439331  0.255594  0.861197  
0.431764  0.440581  0.787063  
0.930984  0.261968  0.254248  
0.627088  0.499521  0.597695  
0.609687  0.628998  0.482332  
0.645289  0.710495  0.280713  
0.402547  0.872603  0.276623  
0.285611  0.620399  0.730432  
0.261861  0.476979  0.838999  
0.827133  0.562006  2.56271e-07  
0.4641  0.612507  0.63988  
0.377508  0.637723  0.671414  
0.795556  0.60588  5.66008e-09  
6.23921e-12  0.84017  0.542322  
6.12323e-17  1  1.17261e-14  
2.15889e-15  0.597379  0.801959  
0.976759  1.46611e-13  0.214342  
0.259738  0.276713  0.925184  
0.901664  0.432438  6.45283e-14  
5.85428e-16  0.80486  0.593465  
0.946419  1.13552e-13  0.32294  
0.327417  3.3098e-16  0.94488  
0.476322  0.485944  0.732786  
5.52009e-17  0.901499  0.432782  
0.420464  0.830717  0.364856  
0.446978  0.740634  0.501669  
0.384442  0.409428  0.827389  
0.516418  0.80288  0.29782  
0.795919  1.28341e-17  0.605403  
0.654533  0.399074  0.642127  
0.605342  0  0.795966  
4.83401e-16  0.956621  0.291334  
0.726479  0.687188  2.86014e-13  
4.72294e-17  0.771315  0.636453  
0.65113  0.647972  0.395173  
0.938108  0.346344  4.19955e-12  
3.45775e-14  0.716708  0.697374  
0.707111  1.90783e-20  0.707102  
0.560209  0.828351  6.4433e-15  
1.7029e-08  0.66029  0.751011  
0.226218  0.974077  5.63654e-15  
1.61079e-17  5.90757e-17  1  
1  4.17546e-15  1.02647e-12  
0.752327  0.482468  0.448586  
1.4939e-16  0.527365  0.849639  
0.504759  0.675626  0.537352  
0.480989  5.78062e-17  0.876727  
2.73205e-17  0.446177  0.894945  
0.496275  0.868165  5.97042e-16  
8.83669e-16  0.352942  0.935645  
0.875989  1.07842e-15  0.482332  
0.857629  0.51427  2.0883e-08  
0.568258  0.588329  0.575284  
0.240876  8.33829e-17  0.970556  
0.332361  0.943152  3.67481e-15  
0.623447  0.781866  7.26486e-18  
0.812898  0.313509  0.490824  
1.3822e-10  0.229429  0.973325  
0.269196  0.931287  0.245436  
0.570685  0.756638  0.319087  
0.560877  0.326307  0.760882  
0.97006  0.242865  9.96061e-15  
0.418893  0.908036  1.73323e-12  
0.913027  2.3729e-17  0.407899  
0.412059  2.66656e-16  0.911157  
0.661388  1.16435e-13  0.750044  
0.679492  0.521964  0.515601  
0.331575  0.807874  0.487235  
1.99915e-14  0.871781  0.489897  
0.543521  5.565e-16  0.839396  
0.549789  0.710177  0.439751  
0.682936  0.730478  5.97042e-16  
0.768272  0.560553  0.309094  
0.32585  0.548194  0.770263  
0.840163  7.96131e-14  0.542334  
0.74995  3.97984e-14  0.661494  
0.895452  0.318912  0.310581  
0.297322  0.889123  0.347938  
0.536468  0.519272  0.665251  
0.319439  0.333075  0.887142  
0.31887  0.728367  0.606468  
5.7004e-17  0.930946  0.365158  
0.768541  0.319586  0.554265  
0.832091  0.478357  0.280713  
0.8435  0.37601  0.383569  
0.492558  0.301319  0.816452  
0.713874  0.614742  0.335373  
0.61697  0.358346  0.700668  
0.716331  0.349789  0.603752  
4.95876e-16  0.981308  0.192444  
0.761269  0.648436  2.8231e-19  
0.521592  0.429513  0.737197  
0.954103  0.299479  7.53712e-21  
0.783369  0.45362  0.424926  
0.239818  0.418536  0.875965  
0.872623  0.425729  0.239341  
0.563833  0.764545  0.312352  
0.437756  0.254364  0.862362  
0.445458  0.853012  0.271914  
0.678202  0.270336  0.683345  
0.696224  0.573428  0.431802  
0.859177  0.265257  0.437554  
0.663257  0.699836  0.265179  
0.495518  0.612355  0.616022  
0.256033  0.856374  0.448409  
0.60489  0.496091  0.622898  
0.289744  0.71575  0.635414  
0.258623  0.264126  0.929167  
0.728519  0.621284  0.28856  
0.257428  0.924289  0.281816  
3.45819e-17  0.564766  0.825251  
0.821554  0.495488  0.28203  
0.925337  0.278285  0.257503  
0.674859  0.637144  0.372308  
0.392117  0.651466  0.649489  
0.308295  0.561672  0.767775  
0.828544  0.409322  0.382061  
0.64221  0.40004  0.653861  
3.71557e-17  0.606798  0.794856  
0.541925  0.840427  7.53712e-21  
0.323978  5.74267e-21  0.946065  
0.945964  1.67677e-20  0.32427  
0.885552  0.329383  0.327573  
0.734007  0.486799  0.473562  
0.446754  0.48151  0.754029  
0.500591  0.741415  0.446891  
1.42957e-17  0.233466  0.972365  
0.796164  0  0.605081  
0.605076  1.09298e-20  0.796168  
0.542515  9.79977e-21  0.840046  
4.21292e-17  0.688022  0.72569  
1  0  3.564e-20  
0.807893  0.343946  0.47855  
0.894332  0.447404  7.53712e-21  
4.80582e-17  0.78485  0.619685  
2.13326e-17  0.348388  0.93735  
0.378408  0.38338  0.842512  
0.637055  0.770818  7.53712e-21  
0.765515  0.321867  0.557125  
0.707111  1.90783e-20  0.707102  
0.802149  0.597124  1.76935e-20  
0.573105  0.589762  0.568974  
0.597757  0.363143  0.714713  
0.290104  0.956995  1.76935e-20  
6.12323e-17  1  0  
0.352556  0.884816  0.304641  
3.15786e-17  0.515717  0.856759  
5.77321e-17  0.942837  0.333255  
5.09198e-17  3.40084e-17  1  
0.481873  1.30013e-20  0.876241  
0.876102  0  0.482126  
0.372707  0.830722  0.41351  
0.849161  0.528135  3.564e-20  
5.31733e-17  0.868386  0.495888  
0.751577  0.659645  7.53712e-21  
0.432252  0.901753  1.76935e-20  
0.934075  0.357077  7.53712e-21  
2.67151e-17  0.43629  0.899806  
0.971425  0.237346  7.53712e-21  
0.696538  0.71752  7.53712e-21  
0.320195  0.75815  0.568052  
0.554656  0.317389  0.769169  
5.55842e-17  0.907759  0.419492  
0.912076  0  0.41002  
0.409329  1.1044e-20  0.912387  
0.512349  0.52397  0.680407  
0.599748  0.713869  0.361516  
4.50413e-17  0.73558  0.677438  
5.96814e-17  0.974672  0.22364  
5.08143e-17  0.82986  0.557972  
0.841311  2.26991e-20  0.540551  
0.661388  1.84181e-20  0.750044  
0.218185  3.86744e-21  0.975907  
0.749816  0  0.661646  
0.47546  0.336746  0.812736  
0.657703  0.532808  0.532487  
0.7687  0.549676  0.327041  
0.47344  0.692185  0.544734  
3.98034e-17  0.650039  0.759901  
0.511718  0.808489  0.290673  
0.976183  1.73033e-20  0.216947  
0.315322  0.322031  0.892675  
0.364576  0.931174  1.76935e-20  
0.488851  0.872367  7.53712e-21  
0.702073  0.361229  0.613684  
0.595167  0.803602  7.53712e-21  
0.343252  0.615551  0.709418  
0.275812  0.489845  0.82703  
0.588027  0.654678  0.474996  
0.337446  0.79782  0.499613  
0.193772  0.981047  2.23756e-20  
0.955389  0  0.29535  
0.526358  0.731429  0.433541  
0.455322  0.250475  0.854368  
0.240001  0.875585  0.419226  
0.872371  0.241089  0.425259  
0.733186  0.257151  0.629532  
0.438133  0.861933  0.255168  
0.785108  0.433601  0.442262  
0.67792  0.683717  0.270102  
0.861531  0.435675  0.260676  
0.279084  0.398639  0.873613  
0.470654  0.40231  0.785259  
0.704214  0.419029  0.573147  
0.492375  0.618373  0.61252  
0.605238  0.62326  0.495211  
0.288914  0.633749  0.717559  
0.256009  0.929055  0.267052  
0.664205  0.276264  0.694629  
0.256333  0.28296  0.924244  
5.05232e-17  0.825106  0.564978  
0.8215  0.281988  0.495602  
0.92465  0.259666  0.27856  
0.802196  0  0.597061  
0.893996  0  0.448076  
0.675103  0.371945  0.637097  
0.31915  0.567428  0.759058  
0.392215  0.649827  0.65107  
0.828893  0.382367  0.408329  
4.86485e-17  0.79449  0.607278  
0.946013  0.324129  7.53712e-21  
0.447353  0.753414  0.481915  
2.04381e-17  0.333779  0.942651  
0.511125  0.679886  0.525838  
0.605065  0.796176  0  
0.37701  0.842318  0.38518  
5.74104e-17  0.937583  0.347762  
0.290087  0  0.957  
0.751487  0  0.659748  
0.542308  0.84018  0  
0.734347  0.47264  0.487182  
0.636942  1.77374e-20  0.770912  
0.707107  0.707106  7.53712e-21  
0.795972  0.605333  0  
0.308491  0.767401  0.562076  
0.876177  0.48199  3.564e-20  
0.541586  2.45104e-18  0.840646  
6.12323e-17  1  0  
2.57181e-17  0.420008  0.907521  
5.2467e-17  0.856851  0.515564  
0.324291  0.945957  7.53712e-21  
4.44427e-17  0.725805  0.687901  
1  0  3.564e-20  
0.573756  0.568192  0.589882  
0.339829  0.708654  0.618325  
0.642752  0.653755  0.399342  
0.849078  0  0.528267  
3.03359e-17  0.495424  0.868652  
0.372902  0.413477  0.830651  
0.481816  0.876272  7.53712e-21  
0.507621  0.29004  0.811294  
0.432022  1.16562e-20  0.901863  
0.501107  0.44687  0.74108  
1.61472e-17  5.90649e-17  1  
0.596271  0.715075  0.364867  
0.934391  0  0.35625  
5.50821e-17  0.89956  0.436798  
0.971068  0  0.238802  
0.696595  0  0.717465  
0.764797  0.557412  0.323076  
0.553705  0.769431  0.318411  
5.95492e-17  0.972512  0.232852  
0.912077  0.410019  7.53712e-21  
0.409001  0.912534  7.53712e-21  
4.14864e-17  0.677525  0.7355  
0.59847  0.356941  0.717235  
1.37513e-17  0.224575  0.974457  
0.841069  0.540927  7.53712e-21  
0.352731  0.304782  0.884697  
3.40196e-17  0.555583  0.831461  
0.661181  0.750227  0  
0.750093  0.661332  7.53712e-21  
3.79131e-17  0.619168  0.785259  
0.657553  0.532355  0.533125  
0.769208  0.324099  0.550708  
0.472968  0.542025  0.694629  
0.88496  0.328879  0.329673  
0.976278  0.216523  7.53712e-21  
0.216678  0.976243  0  
0.314599  0.89267  0.322751  
0.364809  0  0.931083  
0.702524  0.613929  0.359932  
0.487102  0  0.873345  
0.597738  7.51299e-21  0.801691  
0.474151  0.813017  0.337911  
0.814402  0.493518  0.305268  
0.276308  0.826337  0.490735  
0.616261  0.478541  0.625477  
0.299776  0.509413  0.806618  
4.64983e-17  0.759375  0.650653  
0.193661  5.39301e-21  0.981069  
0.525162  0.73227  0.433573  
0.571787  0.303792  0.762083  
0.783067  0.427254  0.451952  
0.239594  0.875803  0.419003  
0.444414  0.268664  0.854585  
0.872338  0.24009  0.42589  
0.438144  0.861953  0.255082  
0.679054  0.682544  0.270222  
0.696561  0.431085  0.573558  
0.252514  0.443847  0.859789  
0.465894  0.393712  0.792423  
0.859394  0.437321  0.264937  
0.662637  0.265568  0.700276  
0.493845  0.618015  0.611699  
0.605094  0.6234  0.495211  
0.290619  0.635131  0.715646  
0.254969  0.929341  0.267052  
0.728327  0.288148  0.621699  
0.256482  0.28235  0.924389  
5.05229e-17  0.825101  0.564985  
0.821457  0.281685  0.495845  
0.924941  0.258979  0.278233  
0.802196  0  0.597061  
0.894026  0  0.448016  
0.372621  0.413731  0.830651  
0.392157  0.649731  0.651201  
4.86719e-17  0.794872  0.606777  
0.324291  0.945957  7.53712e-21  
0.945942  0.324337  7.53712e-21  
0.733941  0.47327  0.487182  
3.79447e-17  0.619683  0.784852  
0.541766  6.80947e-21  0.840529  
0.50121  0.446754  0.74108  
4.65243e-17  0.7598  0.650157  
2.04381e-17  0.333779  0.942651  
0.342106  0.710345  0.615121  
0.795972  0.605333  0  
0.377668  0.842266  0.384648  
0.828748  0.382681  0.408329  
0.193796  5.39678e-21  0.981042  
0.604981  0.79624  0  
5.74128e-17  0.937622  0.347657  
0.674618  0.372824  0.637097  
4.44409e-17  0.725774  0.687933  
0.432022  1.16562e-20  0.901863  
0.642121  0.653868  0.400171  
0.934391  0  0.35625  
0.636942  1.77374e-20  0.770912  
0.572909  0.569047  0.589882  
0.447033  0.753604  0.481915  
0.707107  0.707106  7.53712e-21  
0.511762  0.680689  0.524178  
6.12323e-17  1  0  
1.61472e-17  5.90649e-17  1  
3.41643e-17  0.557945  0.829878  
1  0  3.564e-20  
0.849034  0  0.528338  
5.2467e-17  0.856851  0.515564  
0.475184  0.812356  0.33805  
3.03359e-17  0.495424  0.868652  
0.290087  0  0.957  
0.751487  0  0.659748  
0.31466  0.892844  0.32221  
0.482011  0.876165  7.53712e-21  
0.876169  0.482004  3.564e-20  
5.50738e-17  0.899424  0.437077  
0.971068  0  0.238802  
0.696595  0  0.717465  
0.765045  0.557593  0.322176  
0.319759  0.56851  0.757991  
0.554343  0.769294  0.317632  
0.885024  0.328903  0.329477  
5.95492e-17  0.972512  0.232852  
2.57012e-17  0.419733  0.907648  
0.912102  0.409964  7.53712e-21  
0.409001  0.912534  7.53712e-21  
4.14904e-17  0.67759  0.73544  
0.598591  0.716349  0.358515  
0.599692  0.361522  0.713912  
1.36892e-17  0.223562  0.97469  
0.352731  0.304782  0.884697  
0.841098  0.540883  7.53712e-21  
0.308683  0.76788  0.561315  
0.542308  0.84018  0  
0.702065  0.612657  0.362983  
0.661181  0.750227  7.53712e-21  
0.749964  0.661478  7.53712e-21  
0.657423  0.532378  0.533263  
0.769082  0.326662  0.549367  
0.807664  0.47935  0.34337  
0.473021  0.544613  0.692567  
0.216678  0.976243  0  
0.512  0.291561  0.80799  
0.976183  0.216948  7.53712e-21  
0.365102  0  0.930968  
0.488804  0  0.872393  
0.595223  0  0.803561  
0.274439  0.826795  0.491012  
0.586304  0.475593  0.655789  
0.301733  0.509347  0.805929  
0.525234  0.73237  0.433317  
0.571522  0.30426  0.762095  
0.783113  0.427548  0.451594  
0.239622  0.876095  0.418378  
0.444956  0.26755  0.854653  
0.872342  0.240078  0.42589  
0.437347  0.862259  0.255414  
0.679111  0.682602  0.269932  
0.696294  0.431516  0.573558  
0.252265  0.443988  0.859789  
0.465894  0.393712  0.792423  
0.859299  0.438155  0.263867  
0.662678  0.265466  0.700276  
0.493729  0.617774  0.612034  
0.605094  0.6234  0.495211  
0.290619  0.635131  0.715646  
0.254969  0.929341  0.267052  
0.728383  0.289232  0.621131  
0.256792  0.282691  0.924199  
5.05164e-17  0.824995  0.56514  
0.821457  0.281685  0.495845  
0.924898  0.25913  0.278236  
0.802196  0  0.597061  
0.353025  0.305037  0.884492  
0.894026  0  0.448016  
0.372621  0.413731  0.830651  
0.377577  0.842635  0.38393  
0.674618  0.372824  0.637097  
0.828813  0.382535  0.408333  
0.290143  0  0.956983  
4.86726e-17  0.794884  0.606761  
0.572978  0.568978  0.589882  
0.541766  6.80947e-21  0.840529  
0.912097  0.409974  7.53712e-21  
0.324291  0.945957  7.53712e-21  
0.642156  0.653904  0.400057  
0.604981  0.79624  0  
0.945942  0.324337  7.53712e-21  
0.768779  0.326957  0.549615  
0.50121  0.446754  0.74108  
0.749788  0.661678  0  
2.04381e-17  0.333779  0.942651  
0.193953  5.40115e-21  0.981011  
0.795972  0.605333  0  
0.734076  0.47339  0.486861  
0.39183  0.649643  0.651486  
0.885024  0.328903  0.329477  
0.636942  1.77374e-20  0.770912  
0.319903  0.568433  0.757988  
4.44409e-17  0.725774  0.687933  
0.707107  0.707106  7.53712e-21  
0.342671  0.710057  0.615139  
0.482011  0.876165  7.53712e-21  
1.61472e-17  5.90649e-17  1  
0.301529  0.509468  0.805929  
1  0  3.564e-20  
0.598619  0.716382  0.358403  
5.74227e-17  0.937785  0.347217  
0.849034  0  0.528338  
6.12323e-17  1  0  
0.876169  0.482004  3.564e-20  
0.446992  0.753628  0.481915  
3.03359e-17  0.495424  0.868652  
0.751487  0  0.659748  
5.2467e-17  0.856851  0.515564  
0.4887  0  0.872452  
0.432022  1.16562e-20  0.901863  
0.934391  0  0.35625  
3.79424e-17  0.619646  0.784882  
5.50755e-17  0.899451  0.437022  
0.971068  0  0.238802  
0.69649  0  0.717566  
0.765167  0.557682  0.32173  
0.554343  0.769294  0.317632  
5.95524e-17  0.972565  0.23263  
2.57012e-17  0.419733  0.907648  
0.40918  0.912454  7.53712e-21  
0.511868  0.680831  0.52389  
4.14845e-17  0.677494  0.735529  
0.599692  0.361522  0.713912  
1.36892e-17  0.223562  0.97469  
0.661188  0.75022  7.53712e-21  
3.41656e-17  0.557967  0.829863  
0.84113  0.540834  0  
0.308679  0.76787  0.561332  
0.216678  0.976243  0  
0.542513  0.840047  7.53712e-21  
0.657586  0.532364  0.533075  
0.473024  0.54461  0.692567  
0.511959  0.291537  0.808025  
0.976173  0.216993  7.53712e-21  
0.314896  0.89276  0.32221  
0.365293  0  0.930893  
0.702092  0.61258  0.363061  
0.595223  0  0.803561  
0.475184  0.812356  0.33805  
0.807784  0.479422  0.342986  
0.274779  0.826867  0.490701  
0.586645  0.47587  0.655283  
4.65243e-17  0.7598  0.650157  
