0.522199  1.29884  
0.118078  0.656375  
0.0983173  0.686444  
1.63598  0.289725  
1.84635  0.287182  
2.13553  0.0925744  
0.154366  0.607106  
0.681798  1.04648  
0.549365  1.2345  
1.6973  0.471667  
1.37692  0.702786  
1.38643  0.666853  
0.593759  1.09726  
1.11214  0.9343  
0.62121  1.19258  
0.773266  1.12347  
0.115728  0.659811  
0.0327899  0.81892  
1.78659  0.511052  
1.59114  0.641471  
0.16839  0.589646  
2.29321  0.0707672  
0.94043  1.02578  
0.683369  1.2274  
0.921535  0.987997  
1.80339  0.419827  
1.21978  0.533296  
2.15554  0.0485296  
1.53802  0.588317  
0.0142817  0.880494  
1.05706  0.979537  
2.29135  0.0147033  
0.11646  0.658737  
0.020376  0.857255  
1.36483  0.820439  
0.0105556  0.89726  
1.56753  0.555734  
0.590518  1.34542  
1.78517  0.191327  
0.992397  1.16278  
0.916236  1.17347  
1.99627  0.224897  
0.5587  1.31791  
1.16783  0.887046  
1.49393  0.555774  
0.0650154  0.745019  
1.62867  0.29845  
0.0514208  0.773238  
0.0496886  0.777091  
2.06763  0.218371  
1.22418  0.851149  
2.404  0.0134566  
2.3126  0.0346514  
1.42687  0.662725  
2.20901  0.140791  
2.22836  0.115238  
2.25977  0.129821  
0.766795  1.01908  
0.597452  1.25274  
0.116141  0.659205  
0.588495  1.29931  
1.38777  0.709747  
1.0819  0.899536  
0.14386  0.620712  
1.06891  0.741554  
0.155746  0.605353  
0.555762  1.19495  
1.49745  0.591792  
1.69863  0.545984  
1.55445  0.573952  
1.8259  0.430442  
1.86268  0.171426  
0.172565  0.584591  
0.158827  0.601469  
0.804186  1.04807  
2.27483  0.00824983  
0.166608  0.591824  
1.54276  0.358033  
2.0467  0.266259  
1.06427  0.828079  
0.0398049  0.800488  
1.88973  0.208111  
0.687826  1.19652  
1.8653  0.40199  
2.20657  0.104555  
2.28778  0.0859987  
0.127458  0.642988  
1.16901  0.490413  
1.60483  0.354226  
1.61423  0.40496  
0.0408566  0.79787  
1.72261  0.369241  
1.16934  0.78144  
0.175726  0.580803  
0.141963  0.62322  
1.28154  0.729633  
0.996599  0.879593  
1.60913  0.303862  
1.38759  0.809077  
0.105606  0.67503  
1.84161  0.000144182  
1.6141  0.0252661  
1.31504  0.010807  
1.22467  0.0155756  
1.71831  3.62463e-15  
1.83466  0  
1.51624  2.80718e-12  
1.24801  1.98605e-10  
1.16077  0.109301  
1.2038  0.00187715  
1.42383  0  
1.23791  2.78981e-12  
1.18512  9.27848e-05  
1.13506  0.0240784  
1.34345  5.6678e-15  
1.34865  0  
1.27013  2.82025e-14  
1.16369  2.15447e-12  
0.0662022  0.742702  
0.130777  0.638369  
1.40716  2.32777e-14  
0.103417  0.678414  
0.00661597  0.918661  
0.145859  0.618085  
0.0163189  0.872254  
0.191938  0.561893  
0.0351053  0.812636  
0.176442  0.57995  
0.030399  0.825647  
0.00273625  0.947691  
0.0498646  0.776696  
0.0719379  0.731788  
0.106729  0.673306  
0.124132  0.647676  
0.916434  1.28198  
0.916486  0.0862989  
0.0445657  0.788894  
0.0739622  0.72804  
0.00784047  0.911454  
0.199993  0.552794  
1.03299e-05  0.996786  
0.688549  0.270383  
0.117109  0.657789  
0.0837427  0.710617  
0.783845  1.34891  
1.05  2.65944e-10  
0.0557802  0.763822  
1.37306  2.50154e-13  
0.138453  0.627907  
0.153284  0.608486  
0.0367017  0.808423  
0.0786246  0.719599  
0.184074  0.570962  
1.10062  0.000847982  
0.161711  0.597866  
0.0396713  0.800823  
0.0905713  0.699049  
1.01176  0.0258512  
0.0247295  0.842744  
0.168487  0.589529  
0.110189  0.668053  
0.00145997  0.96179  
0.0606135  0.753802  
0.00369238  0.939235  
0.0219357  0.851893  
0.0263837  0.837569  
0.0143956  0.880019  
0.0178967  0.866221  
0.162937  0.596345  
1.3261  3.35874e-10  
0.0107026  0.896547  
0.000877273  0.970381  
0.157514  0.60312  
0.122562  0.649912  
0.135305  0.632162  
0.0533522  0.769019  
1.1  0  
0.195958  0.557329  
0.188021  0.566386  
0.171428  0.585962  
0.100255  0.683369  
0.149271  0.613644  
0.0411541  0.797135  
0.17996  0.575784  
0.141197  0.624238  
0.0471247  0.782918  
0.164545  0.594358  
0.0579661  0.759238  
0.0967208  0.689  
0.111202  0.66653  
0.173908  0.582977  
0.158123  0.602353  
0.010511  0.897477  
0.184636  0.570307  
1.56667  2.86994e-14  
0.0175853  0.86739  
0.0735528  0.728794  
0.0353261  0.812047  
0.17996  0.575784  
0.55769  1.40458  
0.106408  0.673798  
0.179148  0.576741  
0.144253  0.620193  
0.11333  0.663354  
0.075637  0.724978  
0.0254869  0.840354  
0.13941  0.626623  
0.0560108  0.763334  
0.0540922  0.767423  
0.0131754  0.885216  
0.0433831  0.791714  
0.181368  0.574127  
0.0734841  0.728921  
0.174412  0.582373  
0.136829  0.630097  
0.177814  0.578321  
0.194651  0.558808  
0.170216  0.587427  
0.14786  0.615474  
0.101991  0.680639  
0.0349938  0.812934  
0.0551883  0.765078  
0.0446953  0.788587  
0.066248  0.742613  
0.0884987  0.702513  
0.103418  0.678414  
0.149541  0.613294  
0.0901582  0.699736  
0.131213  0.637767  
0.105103  0.675804  
0.145775  0.618195  
0.160687  0.599142  
0.19197  0.561856  
0.014381  0.880079  
0.0304636  0.825462  
0.00277616  0.947311  
0.0719995  0.731673  
0.107142  0.672674  
0.0498745  0.776674  
0.0694068  0.736548  
0.124097  0.647725  
1.05  0  
0.687278  0.269884  
0.0749837  0.726168  
0.117119  0.657774  
0.00511702  0.928467  
0.00781519  0.911596  
0.110192  0.668049  
0.0219558  0.851825  
0.120548  0.6528  
0.199997  0.55279  
0.0284793  0.831242  
0.0777801  0.721109  
0.083742  0.710618  
0.0396836  0.800793  
0.983757  0.0167961  
0.168469  0.58955  
0.184061  0.570977  
0.911293  0.0858098  
0.176195  0.580244  
1.53493e-05  0.996082  
0.138441  0.627923  
0.0525899  0.770675  
0.0606104  0.753808  
0.129396  0.640283  
0.0967592  0.688939  
0.153244  0.608536  
0.143039  0.621795  
0.0260808  0.838504  
0.0180432  0.865675  
0.0110119  0.895062  
0.00105111  0.967579  
0.16455  0.594352  
0.18013  0.575582  
0.141495  0.623842  
0.0845121  0.70929  
0.196117  0.55715  
0.13482  0.632822  
0.188018  0.56639  
0.172367  0.584828  
0.113863  0.662564  
0.127482  0.642953  
0.0124736  0.888315  
0.0999377  0.683871  
0.0869746  0.705085  
0.0578286  0.759524  
0.0805874  0.716121  
0.0473872  0.782314  
0.0946561  0.692338  
0.0421892  0.7946  
0.0326723  0.819245  
0.155318  0.605896  
0.024117  0.844704  
0.0377523  0.8057  
0.00943035  0.90289  
0.0197105  0.859606  
0.0161889  0.872765  
0.00641943  0.919879  
0.00184426  0.957055  
0.0614559  0.752097  
0.13732  0.629433  
0.0617313  0.751542  
0.00330819  0.942483  
0.162233  0.597219  
0.0252503  0.841097  
0.129345  0.640354  
0.140324  0.625402  
0.151421  0.610872  
0.178966  0.576956  
0.125927  0.645138  
0.13301  0.635295  
0.158999  0.601253  
0.122237  0.650376  
0.197832  0.555217  
0.166706  0.591704  
0.170426  0.587173  
0.174135  0.582706  
0.193873  0.55969  
0.147669  0.615722  
0.108435  0.670705  
0.115199  0.66059  
0.0260631  0.838559  
0.0777317  0.721196  
0.0898991  0.700168  
0.11711  0.657787  
0.145806  0.618154  
0.191986  0.561838  
0.180341  0.575335  
0.176235  0.580197  
0.103035  0.67901  
0.0218938  0.852034  
0.044615  0.788777  
0.106681  0.673379  
0.0199986  0.858584  
0.160835  0.598957  
0.0143492  0.880212  
0.0498176  0.776802  
0.0719307  0.731801  
0.127652  0.642716  
0.131214  0.637765  
0.1241  0.647722  
0.0027368  0.947686  
0.096071  0.690047  
0.00934454  0.903333  
1.05  0  
0.0396033  0.800994  
0.685701  0.269265  
0.11018  0.668067  
0.911293  0.0858098  
0.138443  0.627921  
0.00653043  0.919189  
0.0304607  0.82547  
0.0836714  0.71074  
0.00779194  0.911728  
0.0682103  0.738829  
0.199997  0.55279  
1.50431e-05  0.996121  
0.000377603  0.980568  
0.168481  0.589535  
0.0662102  0.742687  
0.0605344  0.753963  
0.184073  0.570963  
0.0551063  0.765253  
0.00499184  0.929347  
0.153276  0.608496  
0.0349378  0.813083  
0.0180249  0.865743  
0.0471828  0.782784  
0.0109263  0.895471  
0.00100191  0.968347  
0.187876  0.566553  
0.0991337  0.685145  
0.0871162  0.704845  
0.979566  0.0167246  
0.195984  0.557299  
0.17234  0.584862  
0.149561  0.613269  
0.0536973  0.768273  
0.157053  0.603701  
0.164633  0.59425  
0.142083  0.623061  
0.113525  0.663065  
0.134827  0.632813  
0.120551  0.652796  
0.0634054  0.748196  
0.0806251  0.716054  
0.0747887  0.726525  
0.00181849  0.957356  
0.0577833  0.759618  
0.0524411  0.771  
0.0283525  0.831618  
0.0372184  0.807079  
0.0325105  0.819693  
0.00410692  0.935915  
0.0235896  0.846411  
0.0701088  0.735219  
0.0161714  0.872833  
0.0918111  0.696997  
0.0125444  0.887998  
0.10129  0.681739  
0.144191  0.620275  
0.101782  0.680968  
0.104992  0.675975  
0.125854  0.645241  
0.132838  0.635531  
0.129344  0.640355  
0.122278  0.650318  
0.155127  0.606138  
0.178223  0.577836  
0.0949848  0.691804  
0.151379  0.610925  
0.147649  0.615749  
0.182187  0.573167  
0.197986  0.555043  
0.162733  0.596599  
0.166573  0.591867  
0.174217  0.582607  
0.158901  0.601376  
0.115323  0.660407  
0.108469  0.670654  
0.186042  0.568674  
0.0350354  0.812823  
0.055108  0.765249  
0.0281651  0.832175  
0.0661125  0.742876  
0.0773949  0.721801  
0.10335  0.678519  
0.117094  0.65781  
0.120532  0.652823  
0.145798  0.618165  
0.13119  0.637799  
0.0446647  0.78866  
0.00275021  0.947558  
0.176237  0.580194  
0.191991  0.561832  
0.0143977  0.88001  
0.0304965  0.825368  
0.0718643  0.731925  
0.0966805  0.689065  
0.0901302  0.699783  
0.124064  0.647773  
0.138465  0.627891  
0.684221  0.268643  
0.00389806  0.937566  
1.05  0  
0.142132  0.622996  
0.039713  0.800719  
0.00784408  0.911433  
0.160832  0.598961  
1.50431e-05  0.996121  
0.0744956  0.727061  
0.97665  0.016607  
0.199998  0.552789  
0.136223  0.630916  
0.0837315  0.710636  
0.910583  0.0857406  
0.168513  0.589496  
0.110199  0.668037  
0.0605516  0.753928  
0.134805  0.632841  
0.021977  0.851754  
0.0498684  0.776688  
0.153257  0.608519  
0.184056  0.570983  
0.0260786  0.838511  
0.018107  0.865438  
0.0109841  0.895195  
0.00512962  0.928379  
0.00105824  0.967469  
0.164659  0.594218  
0.0471992  0.782746  
0.15701  0.603755  
0.195984  0.557299  
0.180127  0.575586  
0.149518  0.613325  
0.106712  0.673332  
0.172331  0.584872  
0.127609  0.642776  
0.0804039  0.716444  
0.0933541  0.694461  
0.113568  0.663002  
0.100009  0.683757  
0.086908  0.705198  
0.18932  0.564891  
0.0689851  0.73735  
0.0579413  0.75929  
0.0633112  0.748383  
0.0421247  0.794757  
0.0523167  0.771271  
0.0327764  0.818958  
0.037338  0.80677  
0.0240551  0.844903  
0.0163653  0.872073  
0.00646023  0.919624  
0.0200552  0.858384  
0.0127184  0.887224  
0.00927579  0.903689  
0.00034828  0.981338  
0.00182688  0.957258  
6.56716e-06  0.997437  
0.129436  0.640227  
0.091829  0.696967  
0.125764  0.645367  
0.108369  0.670805  
0.1153  0.660441  
0.155142  0.606119  
0.143948  0.620595  
0.162724  0.59661  
0.182098  0.573271  
0.140258  0.62549  
0.147649  0.615748  
0.158935  0.601333  
0.16655  0.591895  
0.186034  0.568683  
0.197987  0.555043  
0.174285  0.582526  
0.151376  0.610929  
0.189995  0.564116  
0.193984  0.559564  
0.17819  0.577875  
0.170402  0.587203  
0.122318  0.65026  
0.0901223  0.699796  
0.0446266  0.78875  
0.103362  0.6785  
1.50431e-05  0.996121  
0.908953  0.0855871  
0.191989  0.561835  
0.176228  0.580205  
0.0143576  0.880177  
0.030419  0.82559  
0.0777349  0.72119  
0.00273355  0.947717  
0.0497888  0.776866  
0.096693  0.689045  
0.0550915  0.765284  
0.0661558  0.742792  
0.124089  0.647738  
0.683909  0.26852  
1.05  0  
0.0718827  0.731891  
0.00779582  0.911706  
0.0260713  0.838534  
0.0349404  0.813076  
0.145791  0.618175  
0.160821  0.598975  
0.0396133  0.800969  
0.199998  0.552789  
0.0934013  0.694384  
0.974054  0.0165629  
0.0836947  0.7107  
0.00179832  0.957593  
0.0219222  0.851938  
0.138421  0.627951  
0.168471  0.589548  
0.110159  0.668098  
0.0421011  0.794814  
0.117073  0.657841  
0.180141  0.57557  
0.0605551  0.753921  
0.184064  0.570974  
0.153267  0.608507  
0.0180365  0.8657  
0.0109449  0.895382  
0.00508191  0.928712  
0.0326581  0.819284  
0.000991328  0.968515  
0.172341  0.58486  
0.195986  0.557297  
0.188013  0.566396  
0.149514  0.613329  
0.113587  0.662974  
0.164631  0.594252  
0.142096  0.623043  
0.157028  0.603733  
0.134804  0.632843  
0.120518  0.652843  
0.127649  0.64272  
0.106731  0.673303  
0.100005  0.683764  
0.131204  0.637779  
0.0868972  0.705217  
0.0747903  0.726522  
0.0806935  0.715934  
0.0633321  0.748341  
0.0690075  0.737307  
0.0578075  0.759568  
0.0524262  0.771032  
0.0471928  0.782761  
0.000382393  0.980445  
5.64666e-11  0.999992  
0.0372555  0.806983  
0.0282224  0.832005  
0.0126238  0.887644  
0.0239731  0.845168  
0.0199581  0.858727  
0.016172  0.872831  
0.0093332  0.903391  
0.00640046  0.919997  
0.00385781  0.937889  
0.129436  0.640227  
0.118792  0.655339  
0.133002  0.635305  
0.143939  0.620607  
0.147646  0.615752  
0.16655  0.591895  
0.158917  0.601356  
0.151381  0.610922  
0.140258  0.62549  
0.15514  0.606122  
0.162724  0.59661  
0.174275  0.582538  
0.186035  0.568682  
0.170402  0.587203  
0.19799  0.555039  
0.182098  0.573271  
0.178177  0.577889  
0.189996  0.564115  
0.193984  0.559564  
0.975179  0.0154297  
0.000381978  0.980456  
0.00180226  0.957547  
0.0551008  0.765264  
0.0661534  0.742797  
0.0777254  0.721207  
0.0446247  0.788754  
0.12762  0.642761  
0.0901305  0.699783  
0.11705  0.657875  
0.131193  0.637795  
0.145791  0.618175  
0.068999  0.737323  
0.160818  0.598979  
0.176222  0.580212  
0.191989  0.561835  
0.0143635  0.880152  
0.103362  0.6785  
0.110152  0.668108  
0.0304201  0.825586  
0.0497905  0.776862  
0.096689  0.689051  
0.982893  0.0129587  
0.0633321  0.748341  
0.124074  0.647758  
0.083696  0.710697  
0.908939  0.0855858  
0.682867  0.268111  
1  3.10046e-09  
0.0326581  0.819284  
0.0396133  0.800969  
1.50431e-05  0.996121  
0.153256  0.60852  
0.0027341  0.947711  
0.0605453  0.75394  
0.0718774  0.7319  
0.138421  0.627951  
0.199998  0.552789  
0.164636  0.594247  
0.0077972  0.911698  
0.973761  0.0165579  
0.168471  0.589548  
0.0219206  0.851944  
0.157026  0.603735  
0.184063  0.570975  
0.0349373  0.813085  
0.0260809  0.838504  
0.0180349  0.865706  
0.0109465  0.895374  
0.00508534  0.928688  
0.000992624  0.968494  
0.997967  0.00316261  
0.0239782  0.845151  
0.180132  0.575581  
0.195984  0.5573  
0.188014  0.566394  
0.172337  0.584866  
0.14951  0.613335  
0.00933725  0.903371  
0.142096  0.623044  
0.134797  0.632854  
0.120553  0.652793  
0.106742  0.673287  
0.0421011  0.794814  
0.113575  0.66299  
0.100005  0.683764  
0.0933986  0.694388  
0.0869024  0.705208  
0.0806988  0.715925  
0.074791  0.726521  
0.0578048  0.759574  
0.0524287  0.771027  
0.0471874  0.782773  
5.64666e-11  0.999992  
0.0372561  0.806982  
0.0282283  0.831987  
0.0199546  0.858739  
0.016172  0.872831  
0.0126213  0.887655  
0.00640348  0.919978  
0.00385964  0.937874  
0.12232  0.650257  
0.115365  0.660346  
0.143939  0.620607  
0.140257  0.625491  
0.147646  0.615752  
0.15138  0.610925  
0.166552  0.591892  
0.158918  0.601354  
0.15514  0.606122  
0.16272  0.596615  
0.178175  0.577892  
0.170401  0.587204  
0.186035  0.568682  
0.197988  0.555041  
0.182094  0.573275  
0.189998  0.564112  
0.193984  0.559564  
0.174276  0.582536  
0.990342  0.0120548  
0.974315  0.0154018  
0.000381305  0.980473  
0.00180328  0.957535  
0.0551008  0.765264  
0.066149  0.742806  
0.0901305  0.699783  
0.164635  0.594247  
0.103366  0.678494  
0.131204  0.637779  
0.0143622  0.880158  
0.0777318  0.721196  
0.172335  0.584867  
0.0304201  0.825586  
0.997809  0.00313987  
0.176225  0.580209  
0.0446286  0.788745  
0.0027341  0.947711  
0.09669  0.68905  
0.160818  0.598979  
0.124081  0.647748  
0.0497905  0.776862  
0.0718774  0.7319  
0.0219218  0.85194  
0.908657  0.0855593  
0.191989  0.561835  
0.083696  0.710697  
0.110153  0.668106  
0.682867  0.268111  
0.11707  0.657845  
1.50092e-05  0.996126  
0.980965  0.0129333  
0.0077972  0.911698  
0.157026  0.603735  
0.145791  0.618175  
0.184063  0.570975  
1  3.10046e-09  
0.0180349  0.865706  
0.972464  0.0165359  
0.0199546  0.858739  
0.199998  0.552789  
0.000992853  0.96849  
0.138424  0.627946  
0.0396166  0.800961  
0.00508534  0.928688  
0.168472  0.589547  
0.0605482  0.753935  
0.153256  0.60852  
0.034939  0.81308  
0.0260809  0.838504  
0.0109454  0.89538  
0.195984  0.5573  
0.188014  0.566394  
0.180132  0.575581  
0.149512  0.613333  
0.142096  0.623044  
0.127631  0.642745  
0.113587  0.662973  
0.134802  0.632846  
0.120556  0.652788  
0.093396  0.694392  
0.10675  0.673274  
0.100014  0.683749  
0.0868977  0.705216  
0.0633324  0.748341  
0.074788  0.726526  
0.0806961  0.715929  
0.068999  0.737323  
0.057807  0.759569  
0.0524287  0.771027  
0.0471946  0.782757  
0.0421011  0.794814  
0.0126234  0.887646  
5.64666e-11  0.999992  
0.0372572  0.806979  
0.0326585  0.819283  
0.0282283  0.831987  
0.0239775  0.845153  
0.0161719  0.872831  
0.00933725  0.903371  
0.00640348  0.919978  
0.00386093  0.937864  
0.133005  0.635301  
0.125852  0.645243  
0.155141  0.606121  
0.143944  0.620601  
0.140257  0.625491  
0.147649  0.615749  
0.151384  0.610919  
0.162723  0.596611  
0.166551  0.591893  
0.15892  0.601352  
0.178175  0.577892  
0.170401  0.587204  
0.174276  0.582536  
0.197988  0.555041  
0.182094  0.573275  
0.189998  0.564112  
0.186035  0.568682  
0.193984  0.559564  
0.974176  0.0153996  
0.000381348  0.980472  
0.00180328  0.957535  
0.00386093  0.937864  
0.0446286  0.788745  
0.0551017  0.765263  
0.0777306  0.721198  
0.103366  0.678494  
0.117066  0.657851  
0.145794  0.61817  
0.0260809  0.838504  
0.176224  0.580209  
0.191989  0.561835  
0.0901305  0.699783  
0.16082  0.598976  
0.195984  0.5573  
0.0143622  0.880158  
0.0304221  0.825581  
0.0027341  0.947711  
0.0497905  0.776862  
0.0718774  0.7319  
0.972356  0.016534  
0.0966908  0.689049  
0.199998  0.552789  
0.124081  0.647748  
0.083696  0.710697  
0.978487  0.0129006  
1.50092e-05  0.996126  
0.0077972  0.911698  
0.0326612  0.819276  
0.110153  0.668106  
0.0605503  0.75393  
0.908657  0.0855593  
0.682811  0.268089  
1  3.10046e-09  
0.0661518  0.7428  
0.138423  0.627947  
0.0396166  0.800961  
0.15326  0.608516  
0.131203  0.637781  
0.168472  0.589547  
0.0219218  0.85194  
0.184063  0.570975  
0.0349427  0.81307  
0.0180377  0.865696  
0.0109454  0.89538  
0.00508534  0.928688  
0.997696  0.00313354  
0.000992853  0.96849  
0.188015  0.566393  
0.068999  0.737323  
0.172337  0.584865  
0.180132  0.575581  
0.164634  0.594249  
0.157026  0.603735  
0.0126242  0.887643  
0.149515  0.613328  
0.142097  0.623043  
0.127631  0.642745  
0.134802  0.632846  
0.113596  0.66296  
0.120564  0.652777  
0.106745  0.673281  
0.100014  0.683749  
0.984814  0.0115981  
0.093396  0.694392  
0.0868984  0.705215  
0.0471915  0.782764  
0.0747886  0.726525  
0.0806989  0.715924  
0.0633326  0.74834  
0.057807  0.759569  
0.0524287  0.771027  
0.0421016  0.794813  
5.639e-11  0.999992  
0.0372576  0.806978  
0.0199546  0.858739  
0.0282283  0.831987  
0.0239777  0.845153  
0.0161732  0.872826  
0.00933653  0.903374  
0.00640348  0.919978  
0.136605  0.630398  
0.133  0.635308  
0.125853  0.645242  
0.15514  0.606121  
0.143943  0.620602  
0.140257  0.625491  
0.147653  0.615744  
0.151385  0.610918  
0.166551  0.591893  
0.158922  0.60135  
0.162724  0.596609  
0.170401  0.587204  
0.178175  0.577892  
0.182094  0.573275  
0.174276  0.582536  
0.197988  0.555041  
0.19  0.564111  
0.186037  0.56868  
0.193984  0.559564  
0.000381348  0.980472  
0.00180328  0.957535  
0.00386093  0.937864  
0.0446286  0.788745  
0.0551017  0.765263  
0.0661518  0.7428  
0.117064  0.657854  
0.106746  0.673279  
0.145794  0.61817  
0.16082  0.598976  
0.977049  0.0128817  
0.0077972  0.911698  
0.0143622  0.880158  
0.0027341  0.947711  
0.0718828  0.73189  
0.138423  0.627947  
0.124081  0.647748  
0.083696  0.710697  
0.0497905  0.776862  
0.971599  0.0165211  
0.191989  0.561835  
0.131203  0.637781  
0.682119  0.267818  
0.184063  0.570975  
0.176224  0.580209  
1  3.10046e-09  
0.0304221  0.825581  
0.0396152  0.800964  
0.110153  0.668106  
0.15326  0.608515  
0.168474  0.589544  
0.157028  0.603733  
0.0901323  0.69978  
0.90864  0.0855577  
0.00508534  0.928688  
0.0966908  0.689049  
0.199998  0.552789  
0.0633361  0.748333  
1.50333e-05  0.996123  
0.0605503  0.75393  
0.0777294  0.7212  
0.103366  0.678494  
0.0282308  0.83198  
0.0219212  0.851942  
0.0349383  0.813082  
0.026082  0.838501  
0.0180377  0.865696  
0.0109454  0.89538  
0.000992853  0.96849  
0.984417  0.0112796  
0.093396  0.694392  
0.997696  0.00313354  
0.195984  0.5573  
0.164637  0.594245  
0.188015  0.566393  
0.0199546  0.858739  
0.180133  0.57558  
0.172337  0.584865  
0.149515  0.613328  
0.142097  0.623043  
0.127631  0.642745  
0.134801  0.632847  
0.120561  0.652782  
0.113596  0.66296  
0.0578106  0.759562  
0.100014  0.683749  
0.0868984  0.705215  
0.0372602  0.806971  
0.0806989  0.715924  
0.069004  0.737314  
0.00640348  0.919978  
0.0747899  0.726523  
0.0524287  0.771027  
0.0471915  0.782764  
0.0421025  0.794811  
5.639e-11  0.999992  
0.0326602  0.819279  
0.0239786  0.84515  
0.0161732  0.872826  
0.0126242  0.887643  
0.00933653  0.903374  
0.136609  0.630393  
0.133  0.635308  
0.125853  0.645242  
0.143943  0.620602  
0.140257  0.625491  
0.147652  0.615745  
0.151385  0.610918  
0.155141  0.606121  
0.158922  0.60135  
0.166551  0.591893  
0.162725  0.596608  
0.170401  0.587204  
0.178176  0.577891  
0.182095  0.573274  
0.174278  0.582534  
0.19  0.564111  
0.186036  0.568681  
0.197988  0.555041  
0.193983  0.559565  
0.000381348  0.980472  
0.00180328  0.957535  
0.00386093  0.937864  
0.0551017  0.765263  
0.0661518  0.7428  
0.0901341  0.699777  
0.145794  0.61817  
0.191989  0.561835  
0.131203  0.637781  
0.160821  0.598975  
0.0143622  0.880158  
0.0304204  0.825585  
0.0027341  0.947711  
0.983004  0.0111261  
0.103366  0.678494  
0.071879  0.731897  
0.124081  0.647748  
0.0219207  0.851944  
0.083696  0.710697  
0.908288  0.0855245  
0.113596  0.66296  
0.0077972  0.911698  
0.134801  0.632847  
0.110153  0.668108  
0.0372602  0.806971  
1  3.10046e-09  
0.681973  0.26776  
0.106746  0.673279  
1.50284e-05  0.996123  
0.176224  0.580209  
0.0471915  0.782764  
0.0497905  0.776862  
0.138423  0.627947  
0.157029  0.603731  
0.0777314  0.721196  
0.0109464  0.895375  
0.0966908  0.689049  
0.0396152  0.800964  
0.997695  0.00313354  
0.0446285  0.788745  
0.199998  0.552789  
0.00508466  0.928693  
0.0605503  0.75393  
0.15326  0.608515  
0.168474  0.589544  
0.127631  0.642746  
0.117065  0.657853  
0.97088  0.0165089  
0.0868984  0.705215  
0.184063  0.570975  
0.0282295  0.831984  
0.0349383  0.813082  
0.0260789  0.83851  
0.0180369  0.865699  
0.000992853  0.96849  
0.976758  0.0128778  
0.195983  0.5573  
0.188015  0.566393  
0.180133  0.57558  
0.172337  0.584865  
0.164637  0.594245  
0.149515  0.613328  
0.142097  0.623043  
0.120561  0.652782  
0.100014  0.683749  
0.093396  0.694392  
0.0747925  0.726518  
0.0806989  0.715924  
0.0690014  0.737319  
0.0633361  0.748333  
0.0578102  0.759563  
0.0524294  0.771025  
0.0421031  0.79481  
0.0199546  0.858739  
5.639e-11  0.999992  
0.0326602  0.819279  
0.0239782  0.845151  
0.0161732  0.872826  
0.0126242  0.887643  
0.00933773  0.903368  
0.00640298  0.919981  
