0.250612  0.813156  1.67633  
1.70774  0.187603  0.780062  
0.291306  1.66545  1.21815  
1.02722  1.53854  0.461838  
0.0227535  0.0586032  1.73584  
0.368639  0.672654  1.26768  
1.5267  0.944016  0.71129  
0.0987811  0.16113  1.596  
1.51795  0.317744  1.23475  
0.65176  0.149479  1.44795  
1.23803  0.331472  1.91435  
0.536751  0.0150217  1.74845  
1.52422  0.586656  1.41244  
0.659544  0.8256  0.693664  
0.930029  1.09581  0.263193  
0.756452  1.63365  0.397179  
1.40872  0.829477  1.18076  
0.0937237  0.0282522  1.57199  
0.186579  1.56037  0.85848  
0.37664  1.03746  1.53305  
0.545406  1.39979  1.71472  
0.805629  1.55858  1.15202  
0.271458  0.641832  1.34303  
0.385182  1.0735  1.31923  
1.33915  0.101771  1.4139  
0.628236  0.935267  1.65011  
0.201637  0.0855421  1.82986  
0.109096  0.427867  1.30385  
0.448612  1.57519  0.424178  
0.281027  0.266627  1.7094  
0.518094  0.102117  1.83392  
0.691523  1.23386  1.04306  
0.0885024  1.01439  1.76965  
0.156074  0.394368  2.1721  
0.0131647  0.672873  1.61772  
0.812923  0.828076  2.01815  
0.0953662  2.04916  0.373401  
1.52742  1.09009  0.526678  
1.29967  1.0505  0.808674  
0.212019  0.0475207  2.29475  
0.0980381  0.0898614  1.7167  
1.30961  0.182248  1.38727  
0.210879  1.24936  1.15247  
0.205625  0.0161083  2.05283  
0.491794  0.361891  1.78941  
1.49582  0.172118  0.276713  
0.0565962  0.916303  1.25104  
1.85768  0.185768  1.17943  
0.691335  0.976947  1.18938  
1.89633  0.505609  0.23732  
1.45775  0.767869  1.05202  
0.58647  1.43233  1.03213  
1.62728  0.587245  0.014172  
0.0595182  0.223795  2.05817  
0.286751  1.82742  0.92378  
0.656952  1.40021  0.461572  
0.718638  0.848016  1.45317  
1.49038  0.790912  1.36073  
0.82962  1.1642  1.53172  
0.565722  0.966306  1.45406  
1.45747  0.0773796  0.77045  
1.4311  0.629809  1.08415  
1.28433  0.254982  0.629038  
1.75432  0.612134  1.093  
1.13528  0.273135  1.13683  
1.72202  0.199271  0.604059  
0.00538464  0.00163421  1.94992  
1.61427  0.562178  1.29184  
0.458193  0.918671  1.54945  
1.28897  0.235262  0.854654  
0.177324  0.355888  1.94918  
1.06478  1.4515  0.131338  
0.965942  1.42693  0.759941  
1.47348  0.69775  1.0096  
0.0509907  0.422767  1.45776  
1.00922  1.25903  0.904787  
0.694725  0.942047  1.26256  
0.816081  1.47863  0.507111  
1.50304  0.323817  0.623164  
1.59735  0.785014  1.18185  
1.67668  0.638299  0.450029  
0.479592  1.42003  0.898858  
1.32284  0.0924944  1.61965  
0.295221  1.54978  1.18018  
0.240781  0.307938  1.97082  
0.254882  1.42626  0.503948  
0.605175  0.135174  1.49559  
0.596906  1.46636  0.661201  
0.399469  1.87443  0.734309  
1.18457  1.00323  0.492852  
1.65375  1.19598  0.500271  
0.128866  1.01304  1.13623  
0.35358  0.00362051  1.44481  
0.949122  0.561048  1.69393  
0.991986  1.20755  0.518484  
0.864693  1.23202  1.01619  
0.012886  0.469393  2.02414  
0.979971  1.2223  0.517417  
1.13824  0.894382  1.19622  
1.66001  1.00804  0.44051  
1.07547e-17  1.27056e-16  2.08241  
1.942e-14  2.22682  0.34508  
2.33556  0.228414  0.229915  
1.4847e-16  2.20239e-17  2.45123  
1.84512e-12  2.15094  0.588963  
0.198231  2.02694  0.968419  
0.000351654  2.24891  4.52389e-05  
2.14341  0.203321  3.03754e-15  
0.0426017  0.165243  2.25762  
1.5135e-06  2.01553  0.0878648  
2.05151  8.11716e-05  0.861475  
1.51032e-16  3.94525e-17  2.54931  
3.94694e-13  0.532792  2.31168  
1.12972e-15  2.7461e-24  2.23565  
2.5095  0.25551  0.0421885  
0.307733  2.38733  0.480201  
0.323256  0.199019  2.27567  
0.312833  0.00142155  2.50885  
1.3599e-16  1.47636e-17  2.23393  
9.52074e-17  8.06003e-17  2.03721  
1.36497e-16  5.40072e-21  2.22916  
1.3036e-16  3.6158e-17  2.20932  
0.319944  2.20111  3.65974e-15  
0.00122289  2.31631  1.32291e-14  
0.710001  2.0673  0.0725436  
4.31573e-15  2.34858  4.14177e-14  
0.893101  0.206565  1.9441  
0.435092  2.2923  1.9677e-07  
1.95245  0.066294  1.51576e-15  
5.93758e-13  2.06766  0.734184  
1.12972e-15  2.7461e-24  2.23565  
7.56195e-22  1.19801e-16  1.9565  
3.1547e-19  6.58294e-13  1.23053  
8.26172e-11  2.17861e-14  1  
1.11439e-16  6.63025e-17  2.1177  
5.07777e-14  2.28054  0.518403  
1.35597e-16  1.93611e-17  2.23692  
4.9427e-14  2.21987  0.237503  
1.37227  1.4498  0.0111587  
3.1475e-13  2.18321  0.43554  
2.05614  1.41695e-10  0.207635  
0.453041  0.0144695  2.23528  
1.03276  1.86036  3.64908e-15  
0.152892  2.2283  1.31878e-13  
2.64956e-06  1.00001  5.40476e-08  
0.28569  0.250975  1.99588  
2.06595  0.0202528  1.2562  
1.81619e-12  2.11722  0.57973  
3.24574e-12  2.16868  0.461483  
1.23162  6.86881e-06  6.40128e-13  
2.09285  0.198525  1.20798e-15  
3.19183e-12  2.14475  0.533314  
8.39716e-10  2.02781  0.797659  
0.823674  2.01216  5.19427e-15  
1.12367e-14  2.00214  0.842059  
0.0639645  0.0716346  2.13077  
1.92122e-14  2.20299  0.341387  
1.14173  1.91649  0.522386  
1.61259e-12  2.23855  1.62179e-13  
2.62242e-17  1.10709e-16  1.85805  
0.628411  0.289079  2.00008  
1.89322  6.75156e-09  0.00402749  
0.32232  0.198443  2.26908  
7.77057e-10  2.22458  0.201271  
1.9685e-11  1.94375  0.924265  
7.18161e-17  9.17194e-17  1.90243  
1.06121e-17  1.25371e-16  2.05479  
0.856788  1.99153  2.46821e-13  
1.07008e-16  7.12474e-17  2.0995  
2.01834e-17  1.14515e-16  1.899  
0.000348949  2.23161  4.48908e-05  
0.0946982  1.13603  1.61369  
1.85152  0.000464343  0.00199875  
1.71324  0.144623  0.0510544  
0.000634075  1.87253  1.02649  
1.84405  0.270907  1.16994  
1.55343  1.11808  0.00539212  
0.798658  1.82949  0.74679  
0.0520587  0.684492  1.94932  
0.0197719  2.10752  0.623669  
0.98098  1.75388  0.885197  
2.24194  0.122883  8.12214e-15  
1.39626  1.4205  0.940528  
6.08436e-11  2.26202  0.001601  
0.00127069  2.23112  1.42954e-06  
1.34443e-16  2.16584e-17  2.22393  
0.00203812  2.14224  0.834362  
0.000114619  2.4879  8.32213e-07  
1.00426e-16  1.08321e-16  2.41232  
8.42504e-22  1.33474e-16  2.1798  
0.240535  0.0356808  2.27736  
1.46458e-16  3.82577e-17  2.47211  
1.48395e-16  2.01393e-17  2.4457  
1.97662  0.399557  0.0337278  
0.00428933  2.67421  0.0131604  
0.00414191  2.5823  0.0127081  
3.47612e-17  1.34832e-16  2.27397  
2.5064  0.255194  0.0421364  
5.0926e-13  0.687444  2.23299  
0.670745  0.308554  2.00218  
4.6441e-19  1.07737e-16  1.75949  
1.8342  0.363515  0.488894  
1.41235  1.09848  0.0962196  
1.72641  0.167423  0.174321  
0.00647376  0.202714  1.82537  
1.54539  0.0675246  0.973479  
1.80497  0.0591447  0.00109183  
1.5865  0.675731  0.267485  
0.884709  0.569557  1.56624  
1.3998  1.04022  0.029292  
0.602203  1.7106  0.0186235  
1.19511  0.0163457  1.05187  
1.72698  0.342265  0.539339  
1.07279e-16  1.75201  0.229023  
1.69617  0.0605979  0.00384337  
9.78688e-05  0.00034141  1.68347  
4.64376e-19  1.07729e-16  1.75936  
1.00522e-16  3.45369e-17  1.73585  
7.97617e-17  6.20363e-17  1.65022  
1.04423e-16  3.07103e-17  1.77758  
9.74989e-17  3.34981e-17  1.68364  
0.0282399  1.69753  2.93218e-07  
3.34331e-17  9.22824e-17  1.60294  
6.91741e-17  6.6597e-17  1.56816  
9.68544e-17  3.55203e-17  1.68477  
0.210798  1.8188  0.292561  
1.69389  3.67759e-06  0.00102409  
4.05391e-19  1.02069e-16  1.66693  
1.47291  0.667226  0.0966855  
7.77671e-17  6.0485e-17  1.60895  
4.07552e-17  8.99162e-17  1.61224  
0.817374  0.243194  1.29645  
1.02424e-16  1.79792e-17  1.69828  
2.48096e-14  1.68587  0.16676  
7.52278e-17  6.23666e-17  1.59586  
0.388761  1.63043  0  
0.828517  1.32837  0  
5.73849e-17  7.04182e-17  1.48352  
0.765179  0.776618  0.726815  
4.80078e-16  1.69473  0.000299439  
1.78625e-11  1.41921  0.756428  
2.58816e-10  1.00001  1.44915e-14  
2.0935e-05  0.257811  0.967521  
1.78494e-17  9.88916e-17  1.64112  
0.83494  0.83678  0.689923  
1.02579e-16  1.67523  0.215021  
9.14852e-17  1.49407  0.65964  
1.362  0.790671  0.0882338  
1.00001  8.51536e-19  0  
4.37118e-17  8.61898e-17  1.57826  
7.31562e-15  1.54855  0.559638  
1.03858e-16  1.69613  5.65358e-06  
3.33744e-13  6.1562e-14  1.00009  
1.05749e-16  2.01905e-17  1.7582  
0.763871  0.714582  0.902908  
9.25484e-17  1.51143  0.615405  
4.46909e-16  1.57764  0.500802  
2.99773e-13  1.63589  0.357328  
1.0071e-16  2.79367e-17  1.70682  
1.76447e-07  1.69701  0  
9.60429e-17  3.72352e-17  1.68225  
4.0542e-11  1.69343  6.22003e-05  
0.0998349  0.988971  1.31379  
0.504963  0.20042  1.59981  
1.12408  0.00110784  0.976976  
1.03427e-16  1.13817e-18  1.6892  
0.839354  1.16421  0.920088  
0.00339414  0.0132765  1.62956  
1.45816  0.0041047  0.699337  
1.04018e-16  1.69875  0.00172376  
1.05727e-05  1.41111  0.766402  
7.79645e-17  6.34714e-17  1.64184  
0.931356  1.34268  0.205965  
1.14506  0.968381  0.00779723  
0.497988  1.07133  1.07831  
0.362171  1.63985  1.77397e-07  
1.54969  0.570596  0.000719418  
0.137812  0.62636  1.55645  
1.20529  0.464244  0.79539  
0.647777  0.519292  1.39532  
1.6126  0.427564  8.53005e-05  
0.81965  1.44004  0.411823  
6.12915e-18  1.13768e-16  1.86066  
0.0559696  0.963607  1.38098  
1.25683  0.898079  0.0231682  
1.33975  0.394641  0.73615  
1.66998  0.235516  1.94364e-07  
0.0231748  0.655562  1.59195  
6.91005e-14  1.69799  3.45466e-09  
0.000388634  1.69225  0.123707  
1.62278  0.408294  0.0893066  
1.52834  0.000227347  0.601473  
1.70383  4.15509e-07  3.45088e-07  
1.01473e-16  1.65718  0.731657  
0.592311  0.933615  1.42687  
1.10276  0.218552  1.30628  
0.00103789  1.11042  1.60972  
0.822291  1.06363  1.24945  
0.0107208  1.83013  0  
1.90075  0.18433  2.65291e-10  
0.0422784  1.11676  0.661718  
1.15117  0.715433  0.0267307  
0.36366  0.755785  1.0174  
1.28134  0.0671405  0.370935  
1.51649  0.0855398  1.46821e-05  
0.0192997  1.31574  0.000159756  
6.50385e-18  8.18428e-17  1.34081  
7.41076e-10  1.47728  0  
6.01339e-10  0.803187  1.15776  
3.84719e-10  1.49599  0.000276569  
1.11213e-09  1.41462  5.00868e-13  
1.3107  0.197266  0.0208827  
1.22639  0.738398  1.38875e-12  
1.03699  1.00141  1.77498e-07  
0.000125281  0.000694159  1.19934  
1.24541  0.597485  2.04391e-12  
0.0832306  1.06774  0.746637  
0.900377  0.969558  0.048527  
0.98875  0.939782  2.43072e-05  
0.385725  4.96199e-16  1.21402  
0.62316  0.658586  1.05355  
1.03726  0.64464  0.000155223  
6.30718e-21  1.09052e-16  1.78095  
1.26668e-08  1.30861  1.93632e-12  
8.02175e-17  2.14515e-19  1.31006  
1  0  0  
0.612999  3.13192e-19  1.21275  
8.02595e-17  5.05058e-33  1.31074  
0.86123  0.980332  0.000126564  
0.731286  3.73627e-19  1.10114  
0.662246  3.38354e-19  1.18008  
8.97356e-20  8.61625e-17  1.40714  
6.63075e-19  7.11523e-17  1.16206  
0.615278  0.871494  0.75669  
0.756401  0.76656  0.74641  
0.929021  0.897692  1.04379e-05  
0.638269  0.849602  0.715006  
0.791073  0.982966  0.131097  
1.06973  0.576419  0.00391986  
0.883378  0.472244  0.737216  
6.12324e-17  1  0  
0.448067  0.848494  0.744389  
8.04964e-17  3.54567e-20  1.31461  
1.28273  0.199703  0.000412754  
4.97306e-17  4.67549e-17  1.11474  
7.80972e-09  0.67753  1.10854  
0.903302  0.000691705  0.852123  
7.10467e-13  0.627966  0.779704  
6.1214e-17  1.49858e-18  1  
0.647519  1.0402  0.000107843  
0.220831  1.11446  0.498159  
3.65437e-20  9.79116e-17  1.59902  
0.678132  0.677976  0.341278  
0.0147589  1.19153  0.425898  
0.811472  0.81782  4.6276e-05  
0.752464  0.0156428  0.749843  
0.312271  0.38802  1.13319  
0.460557  0.88036  0.632288  
0.914555  0.512555  0.654442  
0.625548  0.433476  0.937458  
0.000245647  0.000527185  1.16161  
0.830269  0.111003  0.9945  
0.389426  0.511183  0.974302  
0.658284  0.480323  0.890977  
0.974587  0.00576877  0.722618  
0.454461  0.81981  0.756083  
0.930396  0.536527  0.631238  
0.00331633  1.08155  0.63873  
0.252498  1.03605  0.612931  
1.00339  0.205935  0.645544  
0.983277  0.567022  0.728204  
1.3109  0  0  
0.531513  0.704377  0.878719  
0.00997038  0.914445  0.938259  
0.479581  1.15406  0  
1.25125  0.0461568  0.294269  
0.905058  0.917214  0.0148285  
0.282063  0.542732  1.06459  
0.663041  0.00313581  1.11864  
1.16401  0.465596  0.0586224  
0.0070222  1.29402  0.166402  
1.05196  0.0937141  0.732097  
0.596255  0.171492  1.07887  
1.19448e-08  0.807916  1.04244  
5.45501e-18  6.86445e-17  1.12458  
0.289215  0.697926  0.985301  
1.18032  0.166548  0.480562  
0.41316  1.1938  0.0264216  
1.23989  0.32394  0.0509537  
9.06004e-06  1.05053  0.751329  
0.143118  0.912214  0.90897  
1.21157  0.0175108  0.780935  
1.19656  0.347081  0.326413  
0.770625  0.0131832  1.0097  
1.29888  3.13066e-05  0.156691  
1.05863  0.0773766  0.807383  
0.00185576  0.621465  1.13327  
0.000131987  1.11214  0.634789  
3.12746e-05  0.083794  1.36028  
0.06985  1.30642  0.000317267  
0.0806915  0.12818  1.04448  
4.33048e-17  4.51883e-17  1.02214  
6.58026e-17  4.43114e-18  1.07707  
1.39461e-17  6.22884e-17  1.04243  
3.3206e-19  6.45359e-17  1.05396  
0.528528  0.793199  0.528991  
0.806103  0.143218  0.695386  
0.494961  0.402359  0.831719  
0.107116  0.39985  0.989883  
0.603396  0.583704  0.697376  
0.43126  0.11395  0.984757  
0.735234  0.46417  0.615423  
0.323701  0.979711  0.279476  
0.694387  0.28155  0.761038  
0.352977  0.577767  0.820594  
9.83895e-06  0.743436  0.774528  
0.992242  0.0161303  0.336854  
0.794816  0.197311  0.695568  
0.676669  0.6388  0.539442  
0.465891  0.539982  0.807618  
0.397664  0.587538  0.768872  
0.477193  4.34929e-05  0.923453  
0.860407  2.10736e-05  0.633857  
0.886618  0.591376  7.44654e-10  
0.319255  0.612655  0.837307  
4.39281e-17  0.7174  0.792685  
3.31617e-10  0.933895  0.51001  
0.22788  0.892323  0.48277  
0.742359  0.409201  0.616269  
0.148084  0.914715  0.49723  
0.249172  0.27435  0.929118  
0.894828  0.00737675  0.582052  
0.658617  2.05967e-05  0.844741  
3.23748e-06  0.640198  0.84097  
0.788106  0.469447  0.515113  
0.584695  0.367814  0.78022  
0.823394  0.530958  0.34543  
0.865489  0.642915  0.00326629  
0.651459  0.80051  0.218591  
0.365494  0.650221  0.733613  
6.06831e-17  8.18281e-18  1  
0.397688  0.700582  0.668674  
0.536858  0.780405  0.476207  
0.70637  4.00504e-15  0.707844  
0.822939  0.627446  0.225437  
1  0  0  
0.423933  0.863905  0.273395  
6.12323e-17  1  0  
0.16514  0.505749  0.847064  
0.619761  0.390053  0.743222  
0.448363  0.158022  0.879864  
0.58366  0.593338  0.554413  
0.948276  0.392826  1.37183e-10  
0.727109  0.686523  1.31239e-12  
0.51827  0.911402  3.49357e-05  
0.637384  0.855443  0.000204111  
0.8243  0.195774  0.634879  
1.05594e-09  0.421883  0.940824  
1.36809e-05  0.966961  0.379847  
3.74283e-06  0.543167  0.881355  
0.838385  0.000158436  0.669915  
0.872798  0.245717  0.421978  
0.167478  0.93748  0.433908  
0.943823  9.30205e-05  0.467966  
0.65987  0.351576  0.711249  
4.73082e-17  0.772601  0.634896  
0.912802  0.503152  0.122964  
0.500173  0.400712  0.818334  
0.420622  0.810627  0.528413  
0.88797  0.483819  0.300408  
0.342348  0.988695  0  
0.982002  0.00111814  0.366233  
0.662103  0.737752  0.391499  
0.9695  0.348502  0.0043982  
0.564374  0.000112133  0.896202  
0.737927  0.614171  0.473727  
0.137053  0.716028  0.765699  
0.587719  0.879748  0.0245989  
0.331315  0.791667  0.606833  
0.180157  0.730841  0.743553  
0.120951  0.681438  0.800588  
0.142452  0.866348  0.602653  
0.0135629  0.913448  0.590576  
0.678382  0.831229  0  
0.51253  0.55832  0.751023  
0.345429  0.475028  0.868166  
0.0944845  0.955515  0.395599  
0.329242  0.208634  0.975336  
0.711124  0.494927  0.651635  
0.974365  0.0127796  0.389966  
0.291206  0.621707  0.812681  
0.621419  4.58254e-07  0.875711  
0.61966  0.732531  0.490178  
0.261722  0.976977  0.326302  
0.922235  0.431756  0.314817  
0.671941  0  0.837718  
0.866346  0.11844  0.607101  
0.798167  0.502048  0.486185  
0.548774  0.90256  1.1055e-10  
0.547478  0.752883  0.568074  
2.05532e-12  0.95404  0.29968  
0.731694  0.52723  0.432034  
0.268102  0.444264  0.854846  
0.431122  0.696565  0.573526  
0.861881  0.437501  0.256424  
0.683288  0.678899  0.268726  
0.393323  0.473085  0.788346  
0.436897  0.859235  0.266152  
0.621252  0.49416  0.608154  
0.445831  0.250241  0.859432  
0.266466  0.662729  0.699848  
0.620879  0.606975  0.496076  
0.636055  0.284851  0.717143  
0.929808  0.249956  0.270148  
0.28178  0.255293  0.924892  
0.294405  0.728218  0.61889  
0.826907  3.32077e-13  0.562342  
0.261177  0.836457  0.481795  
0.258038  0.924518  0.280506  
0.311131  0.562327  0.76615  
0.41264  0.373852  0.83064  
0.707097  0.707116  1.81929e-20  
0.842045  0.377123  0.385667  
0.371375  0.674643  0.637917  
0.64644  0.391998  0.654563  
3.90028e-13  0.541926  0.840426  
0.652795  0.642155  0.401865  
0.946012  0.324131  3.09771e-16  
0.794566  0  0.607177  
0.875684  0.235406  0.421619  
1.46165e-10  0.290109  0.956994  
5.62262e-09  0.803113  0.595826  
0.892909  0.315887  0.320825  
0.473867  0.733748  0.486891  
0.60732  0.794458  4.45628e-09  
2.06151e-13  0.89506  0.445946  
0.857692  3.4444e-13  0.514164  
0.796166  0.605078  3.96124e-09  
0.937693  1.17858e-11  0.347464  
0.567916  0.57343  0.590466  
3.90016e-17  0.636944  0.77091  
0.753589  0.447189  0.481795  
1  0  0  
5.19256e-14  0.849519  0.527559  
0.708143  0.346854  0.615001  
0.32538  0.945583  1.45165e-10  
0.495443  3.72593e-12  0.86864  
2.56352e-12  0.752598  0.65848  
0.447623  0.501631  0.74027  
7.43526e-14  0.934627  0.355629  
0.384538  0.828456  0.407175  
0.725857  0  0.687846  
6.68632e-19  6.12287e-17  1  
4.45233e-11  1  0  
0.334015  1.73915e-15  0.942568  
0.677171  2.52275e-09  0.735826  
7.57558e-13  0.433002  0.901393  
1.78976e-12  0.365214  0.930924  
0.482331  0.875989  2.34551e-15  
0.678076  0.51035  0.528919  
0.61917  1.72318e-08  0.785257  
0.899584  8.5197e-13  0.436747  
2.65527e-10  0.696891  0.717177  
1.13774e-15  0.971218  0.238194  
0.557235  0.765872  0.320825  
0.566708  0.322175  0.758343  
0.876061  0.482201  0  
0.768353  0.555595  0.317723  
0.328134  0.768372  0.549483  
0.811715  0.475658  0.338921  
0.97245  3.54546e-09  0.233112  
0.530484  0.656627  0.536123  
0.418532  2.61338e-07  0.908202  
0.473351  0.587311  0.65651  
0.409879  0.91214  0  
0.912658  0.408725  1.05276e-10  
0.361044  0.599266  0.714512  
0.218043  0.975939  2.44072e-10  
0.222769  2.79274e-07  0.974871  
0.541288  0.840837  4.54208e-10  
0.557315  2.31963e-07  0.830301  
0.302223  0.352514  0.885661  
0.767521  0.307358  0.562532  
8.46262e-11  0.194166  0.980969  
0.839611  0.543188  0  
0.750147  0.661271  1.81929e-20  
0.662771  0.748822  2.27482e-10  
0.292258  0.511954  0.807768  
0.54198  0.475374  0.69302  
0.328775  0.88468  0.330528  
0.976153  0.217082  1.14181e-11  
0.612877  0.70185  0.363026  
2.28544e-12  0.485156  0.874428  
2.3686e-12  0.594994  0.803731  
0.716672  0.593512  0.36623  
0.421096  0.784573  0.455108  
0.826178  0.274015  0.492286  
0.481216  0.808647  0.338409  
0.510427  0.300539  0.805693  
0.759553  1.8928e-08  0.650447  
5.596e-17  0.913896  0.405949  
0.732549  0.525323  0.432906  
0.304306  0.572506  0.761337  
0.876237  0.239001  0.418434  
0.267541  0.444076  0.855113  
0.426882  0.783808  0.451018  
0.256162  0.737146  0.625297  
0.861973  0.438366  0.254633  
0.682632  0.679211  0.269605  
0.444104  0.251726  0.859887  
0.394334  0.465556  0.792312  
0.436066  0.859831  0.26559  
0.62313  0.605254  0.495355  
0.418797  0.701486  0.576651  
0.636006  0.290332  0.714985  
0.929304  0.256312  0.26589  
0.274959  0.66595  0.693475  
0.283002  0.257487  0.92391  
0.82495  0  0.565206  
0.256015  0.836816  0.483938  
0.257813  0.925606  0.277102  
0.372403  0.675265  0.636658  
0.649941  0.392782  0.650614  
0.382197  0.828419  0.409448  
0.414024  0.372752  0.830446  
5.47526e-17  0.894178  0.447711  
0.795045  7.60062e-20  0.60655  
3.90016e-17  0.636944  0.77091  
3.31919e-17  0.542065  0.840336  
0.750147  0.661271  0  
0.324297  0.945955  0  
0.842376  0.377916  0.384165  
0.473334  0.734183  0.486754  
0.446611  0.500641  0.74155  
0.333576  6.05184e-19  0.942723  
0.876196  0.481954  2.96318e-19  
0.60538  0.795936  2.23696e-19  
0.557733  0.765098  0.321806  
1.18852e-17  0.1941  0.980982  
0.544837  0.472369  0.692835  
0.796234  0.604988  0  
0.481747  0.87631  1.65004e-20  
2.64624e-17  0.432164  0.901795  
0.707097  0.707116  6.3024e-20  
6.12323e-17  1  0  
0.725857  0  0.687846  
5.1998e-17  0.849192  0.528084  
0.753612  0.44715  0.481795  
0.510018  0.300865  0.80583  
0.619755  8.88328e-21  0.784795  
1  0  0  
0.812546  0.47512  0.337683  
0.495443  1.40001e-20  0.86864  
0.29131  0.51136  0.808486  
0.937656  0  0.347564  
0.223101  0  0.974795  
0.653781  0.642294  0.400036  
6.11646e-17  2.88009e-18  1  
4.60196e-17  0.751557  0.659668  
0.856918  3.13428e-20  0.515453  
1.77845e-17  0.290443  0.956892  
0.568726  0.57313  0.589977  
0.305189  0.353215  0.884363  
4.91214e-17  0.802213  0.597039  
5.72159e-17  0.934407  0.356208  
0.899472  3.30967e-20  0.436978  
5.94622e-17  0.971091  0.23871  
4.26491e-17  0.696513  0.717544  
0.569143  0.320254  0.757307  
0.972536  2.82882e-20  0.232754  
0.617415  0.493852  0.612298  
2.23895e-17  0.365648  0.930753  
0.945964  0.324271  0  
0.41996  7.59364e-17  0.907543  
0.409879  0.91214  0  
0.912614  0.408822  0  
0.680261  0.512982  0.52354  
0.362361  0.59973  0.713455  
0.677567  0  0.735461  
0.556239  4.81627e-19  0.831023  
0.540763  0.841175  2.29265e-20  
0.767824  0.308872  0.561287  
0.839985  0.54261  0  
0.661717  0.749754  1.20539e-19  
0.533083  0.657686  0.532232  
0.326843  0.769197  0.549099  
0.71607  0.599073  0.358268  
0.321457  0.886164  0.333734  
0.21706  0.976158  4.51797e-20  
0.976153  0.217082  0  
0.892778  0.315015  0.322045  
2.99347e-17  0.48887  0.872356  
0.611966  0.702405  0.363488  
3.64556e-17  0.595365  0.803455  
0.709777  0.342359  0.615636  
0.478919  0.808157  0.34281  
0.826659  0.275444  0.490678  
0.769304  0.554353  0.31759  
0.475712  0.586905  0.655165  
0.759944  0  0.649988  
0.73253  0.52535  0.432906  
0.303887  0.572395  0.761588  
0.426756  0.783386  0.45187  
0.876016  0.239782  0.418451  
0.267084  0.445145  0.8547  
0.239306  0.87194  0.427146  
0.257066  0.736921  0.625192  
0.862162  0.437938  0.254728  
0.68237  0.679192  0.270314  
0.443857  0.252219  0.85987  
0.393457  0.466297  0.792312  
0.437106  0.859488  0.26499  
0.617189  0.494238  0.612215  
0.623455  0.604956  0.49531  
0.419594  0.701104  0.576536  
0.635323  0.290021  0.715718  
0.929266  0.254563  0.267697  
0.275148  0.665653  0.693686  
0.282623  0.256948  0.924176  
0.825115  3.01796e-20  0.564965  
0.281689  0.821513  0.495749  
5.47497e-17  0.89413  0.447807  
0.413941  0.372845  0.830446  
0.842382  0.377919  0.384148  
0.649535  0.392537  0.651167  
0.653903  0.64217  0.400036  
1.77845e-17  0.290443  0.956892  
0.382881  0.82894  0.407752  
0.794918  0  0.606716  
4.91214e-17  0.802213  0.597039  
1.18852e-17  0.1941  0.980982  
3.31793e-17  0.541859  0.84047  
0.945964  0.324271  0  
0.446832  0.501342  0.740944  
0.473466  0.734099  0.486754  
3.64468e-17  0.595221  0.803562  
0.753646  0.447093  0.481795  
0.333576  8.67744e-21  0.942723  
0.796234  0.604988  0  
0.937656  0  0.347564  
0.840097  0.542436  0  
5.19883e-17  0.849033  0.52834  
0.619755  8.88328e-21  0.784795  
3.90016e-17  0.636944  0.77091  
0.707097  0.707116  0  
1  0  0  
0.48192  0.876215  1.65004e-20  
2.08302e-17  5.75804e-17  1  
0.324265  0.945966  0  
0.291157  0.512155  0.808037  
2.64624e-17  0.432164  0.901795  
5.72159e-17  0.934407  0.356208  
0.60538  0.795936  0  
0.305184  0.353209  0.884368  
0.495452  1.40003e-20  0.868635  
0.876196  0.481954  4.08589e-20  
0.725721  0  0.687989  
2.99246e-17  0.488706  0.872448  
6.12323e-17  1  0  
0.21706  0.976158  0  
0.856918  3.13428e-20  0.515453  
0.568726  0.57313  0.589977  
0.372495  0.675025  0.636859  
4.60196e-17  0.751557  0.659668  
0.899472  3.30967e-20  0.436978  
5.94632e-17  0.971107  0.238645  
0.661676  0.74979  0  
4.26491e-17  0.696513  0.717544  
0.568669  0.319775  0.757865  
0.557733  0.765098  0.321806  
0.769304  0.554353  0.31759  
0.479714  0.807715  0.342739  
0.972536  2.82882e-20  0.232754  
0.32671  0.768999  0.549456  
0.419851  1.61264e-20  0.907593  
0.409879  0.91214  0  
0.544683  0.472977  0.692541  
0.912558  0.408947  0  
0.680758  0.511926  0.523927  
0.362222  0.599709  0.713544  
0.533016  0.657603  0.532403  
0.677567  0  0.735461  
0.223118  0  0.974791  
0.558076  0  0.82979  
0.540812  0.841143  2.29265e-20  
0.759925  2.77952e-20  0.650011  
0.767839  0.308597  0.561418  
0.750147  0.661271  0  
0.327938  0.885158  0.330079  
0.976153  0.217082  0  
0.892713  0.314683  0.322548  
2.23895e-17  0.365648  0.930753  
0.258193  0.925037  0.278646  
0.611978  0.702395  0.363488  
0.709789  0.342365  0.615618  
0.71607  0.599073  0.358268  
0.81234  0.475348  0.337858  
0.826737  0.27547  0.490533  
0.475902  0.586561  0.655335  
0.509644  0.301211  0.805937  
0.732503  0.525387  0.432906  
0.304411  0.571397  0.762128  
0.427421  0.783134  0.451678  
0.876022  0.239761  0.418451  
0.267528  0.444878  0.8547  
0.240413  0.872135  0.426124  
0.862118  0.437916  0.254918  
0.682383  0.679325  0.269945  
0.432911  0.69576  0.573154  
0.443937  0.252264  0.859815  
0.393649  0.466135  0.792312  
0.438091  0.859263  0.264091  
0.265277  0.662317  0.700688  
0.617484  0.494032  0.612083  
0.623281  0.605135  0.49531  
0.635318  0.290032  0.715718  
0.929291  0.25457  0.267604  
0.282384  0.256415  0.924398  
0.825115  3.01796e-20  0.564965  
0.281891  0.821444  0.495749  
0.259441  0.924849  0.27811  
4.91159e-17  0.802124  0.597157  
0.413768  0.372689  0.830601  
0.842474  0.37796  0.383907  
0.649723  0.392227  0.651167  
0.382548  0.828696  0.408558  
0.653909  0.642177  0.400016  
1.77596e-17  0.290037  0.957016  
0.794918  0  0.606716  
0.945964  0.324271  0  
0.473466  0.734099  0.486754  
0.372644  0.674947  0.636854  
0.75358  0.447054  0.481934  
2.08302e-17  5.75804e-17  1  
0.796234  0.604988  0  
0.937791  0  0.347201  
0.333576  8.67744e-21  0.942723  
0.725721  0  0.687989  
0.60538  0.795936  0  
0.475695  0.586728  0.655335  
0.495452  1.40003e-20  0.868635  
0.876196  0.481954  4.08589e-20  
0.707105  0.707109  0  
1  0  0  
3.31793e-17  0.541859  0.84047  
6.12323e-17  1  0  
3.90016e-17  0.636944  0.77091  
5.19883e-17  0.849033  0.52834  
0.32864  0.884991  0.329828  
0.48196  0.876193  0  
0.21706  0.976158  0  
0.85682  3.13392e-20  0.515616  
0.223118  0  0.974791  
0.619587  8.88088e-21  0.784928  
0.568654  0.573057  0.590117  
0.446474  0.50094  0.741432  
0.540812  0.841143  2.29265e-20  
2.64624e-17  0.432164  0.901795  
5.47487e-17  0.894114  0.44784  
4.60136e-17  0.751458  0.65978  
0.324291  0.945957  0  
5.72154e-17  0.934398  0.35623  
0.899564  0  0.436788  
5.94632e-17  0.971107  0.238645  
4.26491e-17  0.696513  0.717544  
0.557733  0.765098  0.321806  
0.568497  0.320082  0.757865  
0.769304  0.554353  0.31759  
0.972595  2.82899e-20  0.232507  
0.419797  1.61244e-20  0.907618  
0.410015  0.912079  0  
0.912546  0.408974  0  
0.680637  0.512087  0.523927  
0.361669  0.599818  0.713733  
0.677463  0  0.735556  
0.558076  0  0.82979  
0.304922  0.352899  0.884582  
0.767839  0.308597  0.561418  
0.290271  0.728619  0.620369  
0.611978  0.702395  0.363488  
0.840097  0.542436  0  
0.750276  0.661125  0  
0.661676  0.74979  0  
0.532669  0.657661  0.532678  
0.32671  0.768999  0.549456  
0.54461  0.473061  0.692541  
0.291292  0.512075  0.80804  
0.976153  0.217082  0  
0.892727  0.314941  0.322258  
2.23895e-17  0.365648  0.930753  
2.99246e-17  0.488706  0.872448  
3.64468e-17  0.595221  0.803562  
0.826856  0.275111  0.490533  
0.709932  0.342433  0.615415  
0.716166  0.599153  0.35794  
0.81234  0.475348  0.337858  
0.479185  0.808028  0.342742  
0.509314  0.301768  0.805937  
0.759839  2.21015e-20  0.650111  
1.18852e-17  0.1941  0.980982  
0.732487  0.525376  0.432947  
0.30439  0.571357  0.762167  
0.427421  0.783134  0.451678  
0.87605  0.239274  0.418669  
0.266853  0.444348  0.855187  
0.240433  0.872205  0.425971  
0.862089  0.437901  0.255041  
0.682339  0.679369  0.269945  
0.431852  0.696418  0.573154  
0.443945  0.25225  0.859815  
0.39345  0.465899  0.79255  
0.438072  0.859227  0.264239  
0.26549  0.66285  0.700103  
0.617484  0.494032  0.612083  
0.623114  0.605307  0.49531  
0.635103  0.290502  0.715718  
0.929281  0.254608  0.267604  
0.290255  0.728579  0.620423  
0.282389  0.256484  0.924377  
0.824993  0  0.565142  
0.281843  0.821461  0.495749  
0.259306  0.924886  0.27811  
4.91159e-17  0.802124  0.597157  
2.9924e-17  0.488696  0.872454  
5.47487e-17  0.894114  0.44784  
0.842366  0.378069  0.384036  
0.382554  0.828711  0.408523  
0.653907  0.642175  0.400022  
0.945949  0.324314  0  
0.324293  0.945957  0  
0.473454  0.73408  0.486793  
0.753526  0.447145  0.481934  
5.94632e-17  0.971107  0.238645  
0.333576  8.67744e-21  0.942723  
0.372644  0.674947  0.636854  
0.605318  0.795983  2.29265e-20  
6.12323e-17  1  0  
0.796212  0.605017  0  
3.90016e-17  0.636944  0.77091  
0.413709  0.372755  0.830601  
1  0  0  
3.81072e-18  6.11136e-17  1  
0.725721  0  0.687989  
3.31768e-17  0.541819  0.840495  
2.64624e-17  0.432164  0.901795  
0.937717  0  0.3474  
0.495452  1.40003e-20  0.868635  
0.876196  0.481954  4.08589e-20  
0.568384  0.320282  0.757865  
0.48196  0.876193  0  
0.707105  0.707109  0  
0.85682  3.13392e-20  0.515616  
0.840097  0.542436  0  
0.446757  0.501257  0.741046  
0.568667  0.573044  0.590117  
5.19883e-17  0.849033  0.52834  
4.60136e-17  0.751458  0.65978  
1.77596e-17  0.290037  0.957016  
0.619644  8.8817e-21  0.784883  
0.769303  0.554352  0.317595  
0.649759  0.391857  0.651354  
0.557733  0.765098  0.321806  
0.794918  0  0.606716  
5.72154e-17  0.934398  0.35623  
0.899445  2.33976e-20  0.437033  
4.26491e-17  0.696513  0.717544  
0.972547  0  0.232708  
0.677463  0  0.735556  
0.419547  1.18554e-20  0.907734  
0.410005  0.912083  0  
0.91249  0.409098  0  
0.680637  0.512087  0.523927  
0.361699  0.599753  0.713772  
0.223364  0  0.974735  
0.509314  0.301768  0.805937  
0.558004  0  0.829838  
0.304922  0.352899  0.884582  
0.540811  0.841144  2.29265e-20  
0.767839  0.308597  0.561418  
0.750183  0.66123  0  
0.661662  0.749802  0  
0.532351  0.657872  0.532736  
0.326706  0.768988  0.549473  
0.544335  0.472822  0.692921  
0.291099  0.511737  0.808323  
0.328731  0.884991  0.329737  
0.475783  0.586507  0.655469  
0.21706  0.976158  0  
0.976153  0.217082  0  
0.479419  0.807804  0.342944  
0.892615  0.314902  0.322609  
2.23849e-17  0.365574  0.930782  
0.611978  0.702395  0.363488  
3.64424e-17  0.59515  0.803615  
0.710004  0.342285  0.615415  
0.716166  0.599153  0.35794  
0.81234  0.475348  0.337858  
0.826856  0.275111  0.490533  
0.759839  2.21015e-20  0.650111  
1.18852e-17  0.1941  0.980982  
0.732298  0.52564  0.432947  
0.304245  0.571434  0.762167  
0.427421  0.783134  0.451678  
0.87605  0.239274  0.418669  
0.26764  0.444577  0.854822  
0.240019  0.872319  0.425971  
0.862089  0.437901  0.255041  
0.682339  0.679369  0.269945  
0.43179  0.696316  0.573325  
0.443927  0.25224  0.859828  
0.3935  0.465958  0.79249  
0.438072  0.859227  0.264239  
0.265716  0.662801  0.700064  
0.617484  0.494032  0.612083  
0.623112  0.605305  0.495315  
0.635171  0.290534  0.715645  
0.929281  0.254608  0.267604  
0.290118  0.728234  0.620892  
0.282303  0.256578  0.924377  
0.825049  0  0.565061  
0.281842  0.821458  0.495754  
0.259306  0.924886  0.27811  
4.91178e-17  0.802155  0.597116  
5.72154e-17  0.934398  0.35623  
0.413709  0.372755  0.830601  
0.842366  0.378069  0.384036  
0.649731  0.391903  0.651354  
3.31768e-17  0.541819  0.840495  
0.473454  0.73408  0.486793  
0.753538  0.447125  0.481934  
0.333576  8.67744e-21  0.942723  
0.509358  0.301695  0.805937  
0.605358  0.795953  2.29265e-20  
2.64617e-17  0.432153  0.9018  
0.796212  0.605017  0  
3.90016e-17  0.636944  0.77091  
5.90796e-18  6.09467e-17  1  
0.972547  0  0.232708  
0.382567  0.828737  0.408457  
1.77819e-17  0.2904  0.956905  
0.840097  0.542436  0  
0.707105  0.707109  0  
0.716317  0.59901  0.357879  
0.653907  0.642175  0.400022  
5.19896e-17  0.849055  0.528305  
0.856842  3.13401e-20  0.515579  
2.9924e-17  0.488696  0.872454  
0.372632  0.674925  0.636884  
1  0  0  
6.12323e-17  1  0  
0.945949  0.324314  0  
0.495452  1.40003e-20  0.868635  
0.532437  0.657801  0.532736  
0.324293  0.945957  0  
0.725751  0  0.687957  
0.544518  0.472981  0.692668  
0.87618  0.481984  0  
0.223364  0  0.974735  
5.47487e-17  0.894114  0.44784  
0.48196  0.876193  0  
0.937717  0  0.3474  
0.568667  0.573044  0.590117  
0.409978  0.912095  0  
0.446763  0.501058  0.741177  
0.759839  2.21015e-20  0.650111  
4.60136e-17  0.751458  0.65978  
0.794918  0  0.606716  
0.612333  0.702211  0.363246  
0.619644  8.8817e-21  0.784883  
0.769303  0.554352  0.317595  
0.305053  0.353051  0.884476  
0.899446  0  0.437032  
5.94632e-17  0.971107  0.238645  
4.26491e-17  0.696513  0.717544  
0.557707  0.765117  0.321805  
0.568384  0.320282  0.757865  
0.419547  1.18554e-20  0.907734  
0.912496  0.409087  0  
0.680628  0.51208  0.523945  
0.361699  0.599753  0.713772  
0.677463  0  0.735556  
0.558004  0  0.829838  
0.540811  0.841144  2.29265e-20  
0.767813  0.308587  0.561461  
0.750188  0.661224  0  
0.661662  0.749802  0  
0.326706  0.768988  0.549473  
0.291106  0.511749  0.808313  
0.32874  0.885017  0.32966  
0.21706  0.976158  0  
0.976153  0.217082  0  
0.892615  0.314902  0.322609  
2.23849e-17  0.365574  0.930782  
3.64443e-17  0.595181  0.803591  
0.709946  0.342404  0.615415  
0.812294  0.475321  0.338008  
0.479419  0.807804  0.342944  
0.826731  0.275486  0.490533  
0.475706  0.58657  0.655469  
1.18852e-17  0.1941  0.980982  
