1.04423  4.14091  
0.620315  4.42142  
1.34161  4.01724  
0.557165  4.54922  
1.83566  3.66629  
0.431844  4.38903  
1.63721  3.71766  
2.0547  3.25318  
1.33498  4.29444  
1.59743  4.01048  
1.81003  3.343  
1.73419  3.43376  
1.13445  4.32265  
1.52556  4.05459  
1.3207  4.15054  
0.569058  4.45437  
1.96213  3.25688  
0.796485  4.53424  
1.29184  4.24739  
2.008  3.06254  
1.07945  4.27569  
1.43018  4.11117  
1.77973  3.44446  
2.03446  3.00952  
2.15214  2.90837  
0.833492  4.36746  
1.44996  3.87511  
1.92516  3.13268  
0.810061  4.34648  
2.22253  2.52668  
1.76659  3.62362  
1.55244  3.88263  
2.07782  2.50839  
1.61355  3.60767  
1.45347  4.11184  
1.92818  3.434  
0.551522  4.55009  
2.31007  2.15886  
1.15881  4.07417  
1.25123  4.19885  
1.25881  4.12633  
1.94734  3.2927  
1.03332  4.33018  
1.80307  3.43928  
2.05076  2.95286  
1.97663  2.68265  
1.51106  3.85955  
2.21002  2.33007  
1.93402  3.38975  
0.580841  4.52105  
1.77487  3.58908  
1.77359  3.56638  
2.17281  2.79979  
1.90785  3.30373  
1.51792  4.03876  
0.59264  4.47297  
0.72313  4.44849  
2.05621  3.09651  
0.779865  4.40916  
1.09616  4.12395  
1.36282  4.16708  
1.88514  3.27686  
1.26462  4.32468  
1.95217  3.2979  
1.47889  3.82776  
1.84022  3.47913  
1.86912  3.4418  
1.91643  3.43002  
2.37951  2.09022  
0.945772  4.51827  
0.639499  4.4963  
1.60035  3.8089  
0.637004  4.52514  
2.03591  3.25269  
2.19811  2.58669  
2.07721  2.56339  
1.07304  4.39397  
1.37065  3.95335  
2.23724  2.31284  
2.29779  2.41795  
1.56781  3.96958  
1.27114  4.23724  
2.07201  2.87084  
1.63314  3.98237  
0.645513  4.51048  
1.66791  3.75036  
1.60233  3.85933  
0.763998  4.57417  
1.33808  4.15953  
1.52497  4.01312  
0.852737  4.56924  
1.74691  3.67218  
1.93397  3.572  
1.60873  4.04357  
2.08755  2.96879  
1.976  3.10472  
1.60225  3.55029  
1.11849  4.18484  
2.13439  2.55986  
1.36691  4.22681  
1.54788  3.69647  
0.912819  4.36139  
2.41174  0.548948  
2.02732  2.99685  
1.8724  3.0455  
0.873458  4.5161  
1.62467  3.72855  
1.71372  3.25254  
1.89202  3.49271  
1.10884  4.18388  
1.13742  4.23038  
1.7993  3.51446  
2.09909  2.29848  
2.39962  2.02803  
1.94606  3.19485  
1.41038  4.15407  
0.437409  4.43698  
2.44205  0.448775  
1.86261  3.02141  
2.23089  1.83233  
2.13657  1.86944  
0.00158348  4.00157  
2.2708  1.4118  
1.7125  3.24879  
0.491327  4.42579  
0.633252  4.56277  
1.36381  3.8274  
1.80055  2.60658  
1.26476  3.8962  
2.02206  2.46998  
0.930162  4.19521  
2.37477  1.44857  
1.9203  3.10462  
1.6393  3.27993  
1.10629  4.18412  
1.22876  4.13843  
1.99805  2.60678  
1.57924  3.54963  
1.87987  2.68461  
1.17481  4.02951  
1.01679  4.34642  
2.35178  1.49707  
1.72598  2.64544  
1.33497  3.85704  
1.41287  3.61967  
2.12072  2.67185  
2.54167  1.4047  
1.50619  3.07463  
1.11081  3.85352  
1.25276  4.30471  
2.00105  0.00105391  
2.26572  1.70772  
1.98858  2.4146  
2.35178  1.49707  
1.4755  3.8461  
0.404283  4.33937  
1.77666  2.89547  
1.9122  2.43304  
1.62147  2.8976  
1.38782  3.58541  
1.45386  3.97445  
1.42027  3.49119  
2.39189  2.02141  
1.2274  3.78789  
2.38956  0.404116  
0.435834  4.43531  
0.843828  4.25268  
2.54184  1.39308  
1.50015  3.62204  
2.22728  2.13503  
1.67201  3.39978  
2.00619  2.85759  
2.12398  2.67191  
1.13742  4.23038  
0.960622  4.36902  
1.42024  3.99811  
2.33447  2.04588  
1.09491  4.3345  
1.66084  3.55933  
0.922452  4.38535  
0.559041  4.51234  
1.24115  4.17666  
2.21262  2.54824  
1.60166  3.77459  
1.86963  3.30275  
1.36659  3.83228  
1.79688  3.63773  
2.09301  2.93507  
1.47887  4.01151  
1.75292  3.82613  
1.26486  3.63047  
2.12904  2.88585  
1.42311  4.14409  
2.1835  2.46196  
1.26985  4.1696  
1.6661  3.40991  
1.27278  4.29597  
2.37497  2.16726  
2.13853  2.89574  
2.01148  2.86067  
0.420372  4.37345  
1.85821  2.93073  
1.78982  3.15721  
1.06897  4.12465  
1.54527  3.48898  
2.24115  1.99827  
0.398803  4.37785  
1.92899  2.59932  
1.48328  3.78815  
1.82948  2.90627  
0.403548  4.35099  
0.931347  4.23288  
1.87415  2.84367  
1.44034  3.83253  
1.60726  3.38068  
0.958543  4.08633  
1.77439  2.94129  
1.69536  3.05725  
2.18317  1.73795  
0.992947  4.05447  
1.90979  2.49118  
0.550834  4.19408  
1.36772  3.24746  
0.627831  4.13869  
1.99586  1.93109  
1.97504  1.79682  
1.0336  3.91327  
1.41483  2.82935  
1.76566  2.6701  
2.24219  0.242197  
1.33205  3.42352  
1.53763  3.06095  
0.757386  4.04421  
1.86565  2.22398  
2.00061  0.000611978  
2.14393  1.31427  
1.06866  3.79069  
0.256327  4.22055  
0.873422  3.99531  
0.842918  4.21162  
2.17123  1.21323  
1.4945  3.39692  
1.8642  1.89137  
1.92978  2.39158  
0.384474  4.35537  
1.03107  3.58826  
1.47168  3.35958  
0.000558653  4.00056  
0.835706  3.84017  
1.02628  3.95313  
1.6209  2.65213  
1.59095  3.02822  
1.1482  3.62732  
1.48415  3.45072  
1.18136  3.46569  
1.65466  2.6106  
1.72524  2.93636  
2.0653  1.64286  
1.82863  2.64272  
1.9912  1.67955  
1.71151  2.20425  
0.890937  4.1446  
1.60923  2.72004  
0.99976  3.83471  
2.08568  1.62359  
1.51205  3.33592  
1.00756  3.98079  
2.05563  1.89237  
1.75845  2.84259  
2.31416  0.34053  
1.72737  2.86676  
2.23165  1.25707  
1.26648  3.31775  
0.302795  4.27116  
1.6388  3.03437  
1.6598  2.90775  
1.15373  3.73812  
2.09072  1.71604  
1.89581  2.47551  
1.40258  3.46104  
1.24795  3.93824  
2.02247  2.06706  
2.18791  1.31672  
0.951936  4.05422  
1.14479  3.88891  
1.81612  2.80936  
1.57147  3.30739  
0.851162  4.17972  
1.02923  3.99849  
1.33393  3.67125  
2.00145  2.18791  
1.38401  3.56176  
1.86499  2.74684  
1.56522  3.36274  
2.15302  1.6613  
0.826659  4.2292  
1.47773  3.41789  
1.63165  3.25336  
1.89045  2.69994  
2.11616  1.8493  
1.93202  1.71379  
1.28748  3.3882  
1.62371  2.76543  
1.36142  3.22144  
1.54433  2.88354  
1.79841  2.16702  
1.44682  3.04657  
0.941663  3.81285  
1.9192  1.65135  
1.29569  3.30436  
1.65157  2.59435  
0.638387  3.98288  
1.97143  1.40591  
2.1124  0.278107  
0.766144  3.8577  
0.725025  3.89289  
0.472721  4.06366  
1.0054  3.687  
2.06739  0.667602  
0.86315  3.80161  
1.39483  3.09678  
0.656965  3.9048  
1.8892  1.61786  
1.52572  2.7504  
0.097428  4.09292  
1.58417  2.63159  
1.58902  2.58712  
1.63099  2.50436  
1.7504  2.15724  
1.81866  1.88341  
1.95391  1.21795  
1.99194  1.02481  
2.04451  0.737581  
1.43842  3.03173  
0.851795  3.72703  
1.51483  2.77235  
1.5606  2.68824  
1.49836  2.81886  
1.56848  2.62986  
1.94575  1.40258  
0.897153  3.68394  
1.17436  3.33933  
2.00036  0.000360737  
0.876404  3.70454  
1.54016  2.77422  
1.75344  1.92622  
1.89588  1.59937  
1.89264  1.29641  
1.41394  2.8302  
1.67538  2.18741  
1.5808  2.61742  
1.96405  1.06668  
1.53575  2.69905  
0.00037356  4.00037  
0.663811  3.77444  
1.58509  2.61504  
0.963498  3.50608  
1.31438  3.02032  
1.50377  2.79867  
0.539548  3.9256  
1.08941  3.46656  
1.59524  2.41518  
1.12373  3.40119  
1.21713  3.36171  
1.20632  3.19292  
1.79806  1.97738  
1.67059  2.40279  
1.1731  3.36097  
1.121  3.45304  
0.651937  3.92154  
0.893936  3.6998  
1.3009  3.17432  
2.10524  0.105238  
1.47366  2.85737  
1.01309  3.59669  
1.98385  1.08279  
0.519277  4.02055  
1.34028  3.11405  
1.29412  3.24773  
0.734131  3.86997  
1.71826  2.26077  
0.604921  3.96273  
1.82807  1.63718  
0.881787  3.76378  
1.1386  3.48319  
2.0764  0.469576  
1.27749  3.276  
0.663411  3.91619  
1.88368  1.70889  
0.779478  3.84188  
1.69713  2.45244  
1.2497  3.47401  
1.77455  2.16361  
1.85573  1.90087  
0.407594  4.07939  
0.937827  3.66842  
2.097  0.322311  
1.90121  1.57558  
1.16972  3.46618  
0.497167  4.04113  
1.2333  3.22608  
1.29027  3.11105  
0.842527  3.70593  
1.88886  1.51138  
1.54737  2.62234  
1.67416  2.30975  
2.02139  0.386052  
1.41627  2.92392  
1.96899  1.05926  
1.51182  2.71978  
0.738558  3.77934  
1.26481  3.15908  
1.8401  1.75456  
2.00473  0.595674  
0.401832  3.99003  
1.74075  2.10517  
1.10123  3.49402  
0.530894  3.89905  
0.806017  3.72164  
1.87096  1.56637  
1.99236  0.788427  
1.45741  2.80899  
1.84421  1.55907  
0.345932  3.97975  
1.80931  1.70733  
1.46411  2.7268  
1.26502  3.09936  
0.892618  3.58616  
1.97626  0.689289  
1.92029  1.26583  
0.413404  3.93659  
1.86118  1.47355  
1.79094  1.78171  
1.92486  1.09293  
0.737001  3.71982  
1.56741  2.56808  
1.09051  3.35513  
0.881635  3.62922  
1.89203  1.29767  
1.63671  2.30035  
1.95282  0.871866  
0.964182  3.50492  
1.34438  2.97456  
1.41469  2.8282  
1.75245  1.92862  
0.954353  3.56982  
0.649345  3.78382  
1.76614  1.89693  
0.489481  3.88172  
0.000252639  4.00025  
1.20538  3.19295  
1.18942  3.26365  
0.818153  3.65144  
1.59523  2.41431  
1.31464  3.01685  
1.14692  3.27874  
1.82627  1.63391  
1.91054  1.2511  
1.55491  2.52103  
1.50826  2.62774  
1.37554  2.90628  
1.67687  2.18146  
1.02945  3.43389  
1.58507  2.45657  
0.603061  3.85782  
1.23342  3.15376  
2.00019  0.000194649  
1.17733  3.23571  
0.610242  3.85181  
1.43867  2.78251  
1.65699  2.24274  
1.61753  2.35846  
1.69521  2.12747  
1.64654  2.2736  
1.11947  3.31647  
1.57206  2.47622  
1.53286  2.58088  
1.29401  3.06417  
1.39724  2.87132  
1.5011  2.64962  
1.54181  2.54909  
1.48977  2.69984  
0.368101  3.97303  
1.01071  3.49524  
0.600955  3.86277  
1.08324  3.41533  
1.8367  1.61708  
1.715  2.05953  
1.77727  1.93279  
0.406418  3.9657  
0.0437119  4.04362  
0.927979  3.61726  
1.07606  3.42697  
1.67509  2.22139  
1.61728  2.36909  
0.952976  3.58025  
1.6439  2.34373  
2.03531  0.0353196  
0.61969  3.85551  
1.31689  3.01972  
1.32567  2.99515  
1.8517  1.51174  
1.19207  3.21193  
1.29864  3.04215  
1.8174  1.66993  
0.794591  3.67082  
0.944871  3.52554  
0.755802  3.70347  
0.872526  3.59935  
1.88405  1.34239  
1.79972  1.7449  
0.910228  3.56181  
0.713558  3.73683  
0.67075  3.76838  
1.78073  1.82118  
1.83495  1.59136  
0.83443  3.6353  
1.8682  1.42825  
1.76076  1.89722  
0.571304  3.83339  
1.94547  0.928229  
1.91577  1.14887  
1.71548  2.05646  
1.46118  2.73136  
1.26012  3.10625  
1.55198  2.5231  
1.14872  3.27449  
1.90039  1.24686  
1.63658  2.29931  
0.734671  3.72041  
1.02862  3.43051  
0.238114  3.97162  
1.8596  1.47243  
0.891476  3.58071  
1.36472  2.92412  
0.192052  3.98158  
1.79026  1.78336  
0.546085  3.84806  
0.289077  3.95807  
1.97906  0.577748  
0.430735  3.90618  
1.50695  2.63001  
1.43758  2.78101  
1.8919  1.29748  
1.75142  1.93148  
1.41417  2.82857  
0.9639  3.50485  
0.363987  3.93326  
9.64721e-05  4.0001  
1.82604  1.63184  
1.99063  0.387573  
0.64731  3.78474  
1.20595  3.19112  
1.31373  3.01611  
1.96599  0.734916  
1.08946  3.35449  
1.57397  2.46804  
0.814688  3.65315  
1.59454  2.41459  
2.00005  4.94495e-05  
1.95216  0.870007  
1.38891  2.87825  
1.92347  1.09623  
1.67722  2.17903  
0.489929  3.87818  
1.65698  2.24019  
0.596892  3.81778  
1.93837  0.985623  
1.90807  1.19899  
1.77124  1.85777  
1.87628  1.38523  
0.69188  3.75307  
0.854058  3.617  
1.97255  0.660874  
0.928355  3.54304  
0.519308  3.86286  
1.80857  1.70788  
1.23305  3.14943  
0.775512  3.68713  
1.84356  1.55103  
1.61553  2.35816  
1.28583  3.06383  
1.52932  2.57782  
0.996442  3.46828  
1.99591  0.257011  
1.17683  3.23433  
1.11937  3.31492  
1.33933  2.97075  
1.69665  2.11802  
1.48471  2.68013  
1.05972  3.39241  
1.73402  1.99332  
0.128463  3.9918  
1.98508  0.488536  
1.95905  0.805602  
0.327546  3.94605  
0.396816  3.92056  
0.623131  3.80096  
0.460332  3.89266  
1.93116  1.04074  
1.62751  2.32484  
1.21967  3.17012  
0.796319  3.66927  
1.8173  1.67024  
0.873084  3.59874  
1.56231  2.49737  
1.78079  1.82077  
1.88427  1.34097  
0.909852  3.56212  
0.756171  3.70309  
1.85206  1.50981  
1.83456  1.593  
0.671068  3.76812  
1.79952  1.74557  
0.714192  3.73628  
0.835414  3.63434  
0.945828  3.52444  
1.86829  1.42759  
1.76175  1.89343  
1.90015  1.24813  
0.624125  3.80025  
1.94525  0.929573  
0.366004  3.93245  
0.192842  3.98137  
1.63632  2.29998  
1.99062  0.386988  
1.97891  0.579446  
1.02802  3.43114  
1.11878  3.31563  
1.46171  2.73015  
1.28744  3.06105  
1.71539  2.05666  
1.79016  1.78365  
1.20528  3.19206  
0.891337  3.5808  
1.48507  2.67924  
0.547488  3.84722  
1.75184  1.92983  
1.3135  3.01645  
1.50743  2.62883  
1.41397  2.82893  
2.00002  1.55971e-05  
0.434338  3.90454  
1.89226  1.2952  
1.9236  1.09504  
1.55133  2.52459  
1.95926  0.80325  
1.36451  2.92447  
0.96418  3.50449  
1.84326  1.55229  
0.73542  3.71977  
1.86008  1.46984  
6.83801e-06  4.00001  
0.400973  3.91879  
0.815299  3.65256  
0.463682  3.89102  
1.14847  3.27477  
0.648041  3.7842  
1.5942  2.41539  
1.95248  0.866796  
1.97264  0.65938  
1.25991  3.10655  
1.82591  1.63228  
0.289588  3.95785  
1.67617  2.18217  
1.08915  3.35486  
1.96617  0.732668  
1.69565  2.12111  
1.93862  0.983392  
0.49289  3.87663  
0.599145  3.8163  
1.90808  1.19878  
1.77161  1.85626  
0.692425  3.75263  
0.927859  3.5435  
1.87668  1.38287  
0.85456  3.61648  
1.80857  1.70774  
0.776596  3.68614  
1.61534  2.35854  
1.38911  2.87778  
1.43832  2.77939  
1.33908  2.97112  
1.17657  3.23463  
1.99585  0.257693  
1.65707  2.23976  
0.996323  3.46834  
1.23406  3.14777  
1.57444  2.46671  
1.05883  3.39345  
1.73386  1.99374  
1.53037  2.57525  
0.126988  3.99194  
0.243774  3.97018  
1.98502  0.488691  
0.329066  3.94549  
1.93095  1.04204  
1.91619  1.14585  
0.520184  3.86234  
0.573829  3.83183  
1.58454  2.4407  
1.72435  2.02644  
1.51968  2.60044  
0.946511  3.5237  
0.873748  3.59809  
0.796578  3.66904  
0.714669  3.73591  
1.8172  1.67067  
0.910529  3.56143  
1.78087  1.82043  
1.79927  1.74659  
1.86823  1.42789  
1.85171  1.51151  
1.83478  1.59198  
1.88413  1.34174  
0.670842  3.76828  
1.76179  1.89327  
0.835744  3.63403  
0.756407  3.70289  
0.624792  3.79981  
0.574028  3.83171  
1.91599  1.14715  
0.193152  3.9813  
1.99063  0.386671  
1.55183  2.52336  
1.26139  3.10412  
1.71526  2.05708  
1.14958  3.2732  
1.12027  3.31361  
1.9662  0.732264  
1.95937  0.802135  
1.63667  2.29896  
1.99587  0.256879  
0.735321  3.71984  
1.97892  0.579214  
0.892269  3.57987  
1.86001  1.47018  
1.7901  1.78386  
1.92365  1.09468  
0.548263  3.84677  
1.50756  2.6285  
1.94556  0.926924  
1.89193  1.2971  
1.75217  1.92862  
1.28785  3.06036  
1.02829  3.43082  
0.963913  3.50478  
1.46186  2.72982  
0.401409  3.91861  
0.434425  3.9045  
1.20661  3.19004  
1.36501  2.92353  
1.71643e-06  4  
2  1.70701e-06  
0.29028  3.95765  
1.59489  2.41357  
0.996426  3.46822  
1.41423  2.8284  
0.329493  3.94535  
0.649008  3.78354  
1.95235  0.867926  
0.128825  3.99169  
0.816128  3.65182  
1.82594  1.63212  
1.67674  2.18043  
1.0903  3.35336  
1.3141  3.0154  
0.366361  3.93232  
0.493206  3.87647  
0.928662  3.54265  
1.90816  1.19819  
1.93846  0.984665  
0.599902  3.81582  
1.77146  1.85682  
1.84325  1.55232  
0.855018  3.61605  
0.776675  3.68607  
1.87621  1.38543  
1.80829  1.70889  
0.693175  3.75207  
1.05959  3.3925  
1.61586  2.35713  
1.65698  2.24002  
1.69614  2.11953  
1.17836  3.23201  
1.57345  2.46921  
1.73405  1.99307  
1.23431  3.14738  
1.43818  2.77967  
1.3898  2.87644  
1.33981  2.96979  
1.53046  2.57503  
1.48518  2.67899  
0.244088  3.9701  
1.98505  0.488255  
1.97273  0.658252  
0.520416  3.86221  
0.464573  3.89059  
1.93116  1.04047  
1.90016  1.24805  
1.70538  2.08966  
1.60532  2.38575  
1.64644  2.2709  
0.946247  3.52399  
1.78084  1.82056  
0.910399  3.56156  
0.873484  3.59835  
1.8346  1.5928  
0.796297  3.66928  
1.79912  1.7472  
1.81712  1.67104  
0.756142  3.70311  
1.88408  1.342  
1.85164  1.51187  
0.67087  3.76825  
0.835496  3.63425  
1.86809  1.4286  
0.714122  3.73633  
1.76194  1.89269  
0.624598  3.79994  
1.91587  1.14795  
0.574091  3.83167  
0.365925  3.93248  
0.892097  3.58004  
1.99058  0.38775  
0.193446  3.98125  
1.26099  3.10478  
1.46181  2.72991  
1.14922  3.27371  
1.63646  2.29956  
0.735253  3.71989  
1.78998  1.78436  
1.59501  2.41325  
1.85992  1.47065  
0.40079  3.91886  
1.97884  0.58034  
1.31378  3.01594  
1.71532  2.05685  
0.96383  3.50487  
1.3896  2.87681  
1.36459  2.92431  
0.996447  3.46819  
1.75209  1.92891  
1.41385  2.82916  
2  7.64895e-07  
0.547888  3.84698  
1.89185  1.29752  
0.815989  3.65194  
1.20627  3.19055  
1.50767  2.62825  
1.82593  1.63217  
1.90006  1.24862  
1.02821  3.43091  
1.92353  1.0955  
1.9523  0.86842  
0.434157  3.90462  
4.94697e-07  4  
1.55206  2.52279  
1.985  0.489059  
0.289916  3.95775  
1.08988  3.3539  
1.67681  2.1802  
0.648599  3.78382  
1.96616  0.732757  
0.492778  3.87668  
1.93833  0.985696  
1.9081  1.1986  
1.53021  2.57563  
0.599546  3.81604  
0.692688  3.75243  
1.77141  1.85699  
1.87617  1.38561  
0.854698  3.61635  
1.84315  1.55282  
1.80819  1.70934  
0.776288  3.6864  
0.928423  3.5429  
1.65688  2.24032  
1.43802  2.77999  
1.05945  3.39268  
1.11977  3.31428  
1.17801  3.23252  
1.69618  2.11942  
1.61617  2.35627  
1.57378  2.46837  
1.23384  3.14811  
1.28757  3.06083  
1.73405  1.99304  
1.48491  2.6796  
1.33961  2.97014  
1.93102  1.04146  
1.99582  0.258576  
0.128825  3.99169  
0.244358  3.97003  
1.97268  0.658926  
0.329257  3.94542  
1.95938  0.802096  
0.520768  3.86202  
1.94543  0.927979  
0.464146  3.89079  
1.74335  1.96033  
1.19211  3.21177  
1.37724  2.90049  
1.79918  1.74693  
0.910368  3.56159  
0.873498  3.59833  
1.76194  1.8927  
1.81703  1.6714  
1.78074  1.82096  
0.946412  3.52381  
0.835608  3.63415  
0.671018  3.76815  
0.755988  3.70323  
1.83461  1.59276  
0.796347  3.66924  
0.714273  3.73621  
1.88409  1.34194  
1.8516  1.51207  
1.86813  1.4284  
1.90007  1.24858  
1.93111  1.04078  
0.624303  3.80013  
0.366061  3.93243  
0.19342  3.98125  
1.82588  1.63236  
1.99061  0.387137  
1.26117  3.10448  
1.96618  0.732461  
1.462  2.7295  
0.854714  3.61633  
1.3646  2.9243  
1.71519  2.05729  
1.79008  1.78396  
0.735296  3.71986  
1.85996  1.47042  
1.92365  1.0947  
0.289916  3.95775  
0.648769  3.7837  
0.892096  3.58004  
0.816186  3.65176  
1.77143  1.85694  
1.63673  2.29879  
1.90804  1.19896  
1.75233  1.92803  
1.09015  3.35355  
0.964093  3.50458  
1.97887  0.579881  
1.7119e-07  4  
0.599449  3.8161  
2  1.78897e-07  
1.73393  1.99348  
1.20662  3.19003  
1.02846  3.43061  
1.05949  3.39263  
1.89194  1.297  
1.14936  3.27351  
1.41436  2.82814  
0.400957  3.91879  
1.59518  2.41279  
1.50791  2.6277  
0.492757  3.8767  
1.31394  3.01567  
0.547562  3.84717  
0.434237  3.90458  
1.55217  2.5225  
1.95231  0.86832  
1.67681  2.18018  
1.93832  0.985718  
1.84316  1.55273  
1.12002  3.31394  
1.87624  1.38526  
0.776322  3.68637  
0.692749  3.75239  
0.928493  3.54282  
1.8082  1.70928  
1.38985  2.87632  
1.17808  3.23241  
1.65683  2.24047  
1.43857  2.77886  
1.61607  2.35654  
1.57392  2.46802  
1.69619  2.11939  
1.28757  3.06082  
1.48495  2.67949  
1.23384  3.14811  
1.53013  2.5758  
1.33949  2.97037  
1.99585  0.257629  
0.244358  3.97003  
0.128901  3.99168  
0.996666  3.46794  
1.985  0.488962  
1.9727  0.658631  
0.329187  3.94545  
1.95937  0.802146  
1.94541  0.928155  
1.91597  1.14728  
0.46394  3.89089  
0.520402  3.86222  
0.573687  3.83191  
1.04579  3.40958  
1.1348  3.29378  
1.01249  3.44955  
0.873526  3.59831  
1.81698  1.67165  
0.946394  3.52383  
1.79916  1.74701  
1.78077  1.82083  
1.85158  1.51216  
1.88413  1.34174  
0.835672  3.63409  
0.756158  3.70309  
0.714326  3.73617  
1.76181  1.89317  
0.796584  3.66904  
0.910523  3.56143  
1.86818  1.42816  
1.8345  1.59324  
0.671137  3.76806  
1.91594  1.14747  
0.624388  3.80007  
0.573943  3.83176  
0.366164  3.93239  
1.09018  3.35351  
1.36493  2.92368  
1.99063  0.386822  
1.55233  2.52212  
1.26126  3.10434  
1.46182  2.72989  
1.7153  2.05693  
1.94547  0.927714  
1.63681  2.29858  
0.89194  3.58019  
1.79003  1.78415  
0.735486  3.71971  
1.23416  3.14761  
0.547785  3.84704  
1.80814  1.70954  
1.92358  1.09513  
1.77141  1.85698  
0.290046  3.95771  
1.31397  3.01561  
1.75224  1.92837  
0.434274  3.90456  
1.59524  2.41265  
1.02842  3.43066  
0.963991  3.50469  
1.85986  1.47092  
1.4142  2.82845  
1.87619  1.3855  
1.14943  3.27342  
1.97887  0.579881  
1.67686  2.18005  
0.599492  3.81608  
9.64841e-08  4  
0.776492  3.68622  
2  7.66389e-08  
0.816256  3.6517  
0.648769  3.7837  
0.193409  3.98125  
1.9594  0.801889  
1.95231  0.86828  
1.82577  1.63289  
1.89182  1.29771  
1.84316  1.55276  
1.20644  3.1903  
1.50791  2.6277  
1.96622  0.732051  
1.90811  1.19851  
0.492803  3.87667  
1.93836  0.985401  
1.28787  3.06032  
0.693086  3.75214  
1.65697  2.24004  
0.928554  3.54276  
0.854827  3.61623  
0.996487  3.46815  
1.05963  3.39246  
1.11998  3.314  
1.90004  1.24874  
1.61616  2.35628  
1.17809  3.2324  
1.73388  1.99365  
0.32926  3.94542  
1.69633  2.11892  
1.4851  2.67916  
1.43839  2.77923  
1.574  2.46781  
1.38984  2.87634  
1.53029  2.57544  
1.33982  2.96976  
0.520754  3.86203  
1.99584  0.257842  
0.128898  3.99168  
0.244358  3.97003  
1.98501  0.488778  
1.97271  0.65853  
0.400994  3.91878  
0.464031  3.89085  
1.93107  1.04106  
