3.6845  3.70709  3.23346  
3.65907  3.13574  4.87828  
4.87573  3.80459  7.53335  
2.61547  5.38133  3.89752  
5.11597  3.0369  3.33047  
4.78504  4.13409  4.0688  
1.90966  2.88166  1.95474  
2.56741  4.61184  3.8361  
2.94241  4.2905  4.50597  
8.13781  5.12816  8.42992  
4.47787  4.84532  3.33251  
4.37305  3.02505  3.90285  
8.58549  4.81144  5.93314  
3.41347  5.74823  6.37579  
4.07228  2.69995  2.31121  
3.39166  2.29475  3.37056  
5.93943  4.10319  2.49074  
6.71681  7.49836  5.24679  
3.68642  2.96511  3.0828  
2.71701  7.00971  2.65725  
3.0161  3.15165  2.26859  
3.69154  1.64887  3.69109  
3.70286  2.59664  5.87828  
6.02012  3.62249  5.00363  
2.4334  4.35644  3.37887  
2.59762  1.68185  5.11237  
4.28772  6.47697  3.82851  
7.87717  5.04713  9.37623  
3.60365  4.16826  6.68571  
7.52612  4.73557  4.82258  
3.42  2.17372  2.7459  
3.96309  3.59409  3.63953  
3.90783  5.76528  9.14104  
6.12041  5.04955  2.18523  
4.60085  2.03253  3.94274  
2.95619  10.8301  5.6727  
6.0672  6.83234  3.19242  
3.856  8.07632  7.04326  
5.04078  1.77029  3.32362  
4.23379  7.56363  10.8419  
2.98473  3.45051  3.02511  
7.15524  5.00908  6.98929  
2.94833  1.49091  2.89506  
4.02149  3.24902  2.88434  
6.37492  5.26254  3.91418  
3.80889  2.06794  3.60536  
2.81775  3.06758  3.75627  
1.87772  2.51048  4.39917  
1.90428  2.85914  4.08072  
3.1333  3.34997  6.86659  
9.0654  4.39723  3.10921  
4.64764  6.59924  5.38848  
4.60248  2.67327  2.35207  
6.11849  3.25209  3.57723  
4.24713  3.13148  4.62691  
4.31657  3.9154  4.40068  
3.99683  1.74145  2.70264  
2.09259  4.57727  3.91492  
2.08265  3.48851  2.67786  
10.2481  4.80877  2.99719  
6.19027  3.85752  6.72862  
3.71753  4.24337  3.8451  
4.61001  1.785  2.85295  
5.07983  7.31134  5.80119  
2.62119  1.24439  1.54297  
6.54705  5.20443  7.38503  
3.43782  7.94306  8.14429  
5.10934  3.80551  3.22404  
6.36548  2.00083  4.96025  
1.41737  2.35753  4.57045  
4.18651  2.27876  4.19635  
5.04167  1.88937  5.19751  
3.14075  2.59479  4.19475  
1.97422  3.83046  4.03456  
6.97129  2.84179  4.16752  
3.35851  1.66691  4.8259  
6.80223  3.34124  2.95482  
5.47177  5.5434  7.02294  
2.07651  3.19227  2.92674  
3.82969  2.65094  3.20094  
6.11138  6.35139  6.98488  
3.61362  4.66762  5.50767  
4.3669  3.7935  2.2712  
4.73494  9.11593  7.11697  
6.06148  8.35442  9.09644  
4.70013  5.60889  6.43135  
2.11266  2.56853  2.69958  
3.90602  3.15295  4.25135  
5.80672  5.0242  3.62028  
2.99603  1.74363  4.10454  
3.35864  2.85086  2.83333  
4.07259  2.65534  4.43615  
2.99797  4.00902  3.96728  
5.75216  5.11462  7.13734  
3.27484  7.90929  2.72987  
3.9748  1.93293  5.56517  
6.44452  6.5641  2.45154  
3.98859  4.64229  3.72402  
4.01466  3.1251  4.10391  
8.15756  4.69185  7.41893  
2.88006  3.50131  7.05748  
3.96827  10.8961  5.40989  
2.31054  4.90328  4.6454  
3.34392  3.74827  2.70883  
3.26366  5.32543  4.35003  
4.92488  2.88271  1.53505  
4.17667  3.82553  4.31278  
6.99139  3.63002  9.45325  
3.85425  2.38492  4.35655  
4.79576  1.64563  4.35628  
3.1136  3.55584  6.81862  
9.49051  9.60567  8.92126  
9.45258  9.60785  8.76516  
4.35401  4.85889  4.60369  
4.90874  3.37132  9.32174  
6.92888  3.39547  6.60884  
4.1091  4.24889  4.08518  
2.54539  6.18037  4.36409  
5.5486  2.68415  5.25249  
4.32148  3.38513  3.53557  
4.89882  4.18739  2.86284  
3.90981  1.91761  2.28983  
3.96648  6.57885  1.39814  
1.70628  3.75924  3.18588  
3.34172  0.867389  3.04124  
3.83765  1.35065  3.55396  
3.38035  5.41049  1.43171  
3.58723  1.03392  4.80357  
4.13259  2.51908  3.96577  
0.480889  4.12674  5.18545  
1.43388  1.41548  0.13867  
2.4786  2.05245  2.63903  
4.56511  2.50396  1.47059  
2.53578  1.95214  3.34906  
1.24511  2.36983  6.20463  
3.70316  0.731056  6.70562  
3.55768  0.386202  5.04775  
2.10849  3.43778  2.0702  
4.91774  0.430081  2.30892  
0.14831  5.32944  8.7423  
1.85675  0.498718  6.84407  
5.29662  1.63005  1.99088  
1.59702  5.24252  6.61659  
4.17714  3.14602  2.53412  
0.650504  6.7202  2.82904  
1.80219  6.45625  0.870985  
3.69534  0.507043  2.44627  
1.10115  4.9633  3.36263  
0.264461  2.68743  3.7097  
3.40487  4.11019  3.21514  
1.21044  4.66654  1.07979  
5.69997  3.96947  1.07058  
0.00185684  0.0171518  1.00078  
1.35195  0.601366  6.82287  
1.42804  1.48587  1.62082  
2.44591  3.27672  2.16144  
3.47558  3.12852  1.13262  
1.84336  3.38122  4.88193  
3.44111  2.76081  5.1031  
1.8675  2.16901  3.75234  
4.81419  0.264372  3.5243  
4.62326  3.05331  2.10028  
0.811617  0.896881  6.84172  
4.57474  2.63659  0.506498  
2.27151  0.642151  4.98736  
1.84301  3.81433  2.73529  
3.77921  5.25018  0.564418  
3.81977  3.00528  4.20481  
0.000121528  0.93193  1.39072  
3.55768  0.386202  5.04775  
3.83811  5.71582  1.98615  
1.51098  5.6273  3.62742  
2.20489  3.49449  3.23423  
2.94132  1.57432  5.8515  
2.30634  2.73526  6.42857  
6.75723  0.68737  5.61113  
3.92604  1.65908  2.95556  
6.12489  2.59892  1.8879  
5.21  2.05123  3.92962  
1.26135  6.68673  4.52429  
1.6107  3.21281  5.91783  
4.51782  1.79385  2.52292  
3.70768  4.02221  2.03972  
3.6126  1.57647  4.3988  
3.75123  1.2866  4.79881  
2.91929  3.00676  5.05611  
3.96205  1.41712  4.97759  
1.93632  2.63202  5.73298  
3.5577  2.91977  2.64192  
4.62911  3.64069  1.67755  
2.69898  4.81365  2.19616  
4.3552  2.09205  2.96667  
5.08726  3.86982  1.79037  
4.89574  1.00737  9.30202  
2.94281  3.15997  3.68892  
3.54693  2.49455  5.94936  
3.35854  3.26738  2.69626  
1.69704  3.00686  3.63503  
2.98104  3.47531  3.15743  
2.31075  4.90328  4.65725  
5.05899  3.30003  5.65855  
5.0553  3.30003  5.60435  
3.37723  2.87581  1.77025  
4.44624  2.07998  2.00895  
3.38234  2.42299  2.33751  
2.66989  2.54923  4.39113  
3.58704  2.12404  1.69363  
4.36099  1.9492  1.87076  
4.77116  1.40197  2.05622  
2.90159  1.66543  2.48506  
3.56623  2.10471  1.60875  
1.04211  5.20662  3.98709  
3.88854  2.93486  1.16365  
2.52559  2.64139  1.72795  
1.32589  4.17989  3.00787  
3.29202  2.39312  1.37449  
3.59037  0.953886  3.23395  
0.668584  6.11629  2.49323  
3.04312  1.49627  1.92637  
1.63904  2.59617  2.1021  
4.28477  2.72127  0.381477  
4.17454  2.74928  0.757552  
1.16765  0.0297774  2.50222  
1.48546  3.15856  1.37228  
3.16435  4.95748  0.381583  
4.44428  1.86977  0.577167  
3.79664  2.79921  0.210666  
1.37012  2.33866  1.62119  
2.81586  1.08876  1.34179  
1.34037  0.825001  1.82267  
1.49502  5.24428  0.182973  
5.10516  0.576202  1.25504  
1.18358  3.04655  1.63582  
2.99608  1.75168  0.789978  
3.36578  0.821159  1.38162  
3.88698  3.12588  0.126586  
3.92001  2.41788  0.399265  
3.67395  0.435227  3.30077  
0.251417  0.425969  5.4532  
2.23804  0.338877  1.80516  
0.55893  0.185608  2.45554  
4.17721  2.19376  0.591357  
2.12303  0.857411  2.77634  
3.99254  2.8878  0.817452  
0.0121173  0.430907  0.914933  
1.22658  1.03596  4.02902  
1.28875  0.390398  2.71066  
1.88628  2.19198  1.36041  
1.01647  0.10392  0.0518709  
0.0446903  3.59914  1.09503  
2.08097  4.93389  0.57597  
0.227351  0.954012  1.85578  
1.63252  2.51644  0.411702  
4.70183  2.28403  0.58888  
4.11796  0.999827  0.684064  
5.32512  1.56184  0.411202  
0.699058  3.18723  0.672801  
1.9949  1.5847  1.25028  
4.03031  1.61985  1.08404  
2.55985  3.26912  0.571353  
0.475721  2.95272  2.17288  
2.61599  2.13913  0.912801  
4.08032  0.869693  1.44026  
1.62158  0.436265  3.92639  
4.02218  3.22527  0.242419  
0.342376  2.33327  3.43161  
4.88922  1.76802  0.168325  
2.66043  1.11993  2.58267  
1.36857  3.45342  1.69692  
2.64802  2.18942  1.28999  
3.66834  4.1258  0.459134  
4.78553  1.32803  1.12593  
3.42665  2.09231  1.12261  
3.05735  3.90269  0.541305  
2.28328  1.45378  1.90915  
0.640217  3.66667  2.0543  
2.95882  2.86068  0.852668  
3.59183  1.02653  1.82345  
1.07405  1.74989  2.7212  
2.3498  2.95915  1.39635  
1.33355  1.41851  2.06797  
3.42198  3.13872  0.821776  
5.09285  1.66846  0.912249  
1.24544  1.62839  2.20444  
2.76318  3.13033  1.10602  
1.90333  2.89298  1.80264  
0.495768  1.19709  0.0357597  
4.42979  1.21678  1.38287  
2.84978  2.67061  1.03401  
2.87774  3.87298  0.723034  
3.88363  1.39172  1.43206  
2.39839  2.33732  1.71333  
2.81116  1.34214  2.15798  
3.55226  2.69994  0.896438  
4.13864  2.32684  1.05385  
2.13001  2.03769  2.97892  
4.89093  1.98121  1.11147  
0.466052  5.9365  2.32219  
4.0642  2.64681  0.887972  
3.5506  2.07068  1.71604  
1.1342  1.69855  1.41991  
2.69178  0.562446  0.792788  
1.24766  0.384541  2.44979  
0.944318  3.18958  0.900295  
1.11316  2.36842  0.47098  
2.12744  0.899056  0.457166  
1.12688  0.170722  3.53745  
2.7698  1.5715  0.0256899  
0.834201  1.8524  1.09425  
0.0599385  6.34585  1.2734  
1.92923  1.52208  0.201369  
1.42528  0.373996  1.67621  
2.97433  0.542819  0.232262  
0.14747  1.97749  1.45306  
1.59606  0.604999  1.09388  
2.70971  1.12567  0.0663198  
1.05804  2.98411  0.207078  
0.192597  0.946511  2.11915  
1.54771  0.018385  2.12652  
1.367  1.39422  0.523713  
0.343146  1.99403  1.2367  
2.70409  0.201755  0.432465  
3.19125  0.656386  0.00266351  
1.09978  0.308003  1.21137  
0.125283  0.542139  2.11116  
0.600887  2.19058  0.816545  
1.974  0.886804  0.168277  
1.33175  1.05727  0.434967  
3.61125  0.120202  0.0543598  
1.62937  2.17582  0.000262816  
1.16855  0.00154796  2.5918  
3.31648  0.00206852  0.391824  
1.63557  1.19926  0.0844177  
2.09613  1.64441  0.026917  
0.698414  3.41419  0.0431691  
0.172948  0.00637362  0.989797  
0.502882  4.2152  0.311599  
1.87724  0.0055896  1.5919  
0.303736  0.906965  0.558556  
0.611122  0.810795  0.0301801  
0.757523  2.01928  0.913102  
1.57324  0.410254  0.656186  
1.55781  2.23431  0.0245734  
2.47105  1.27362  0.000289488  
2.48666  0.00480322  0.899421  
7.58599e-05  0.000111179  1.00042  
0.00111285  0.432874  0.902714  
3.75251  0.00226154  0.0203831  
0.30694  0.258313  0.924896  
0.00159986  0.793639  2.84841  
0.0371343  0.446813  3.10614  
0.240749  0.073842  2.0252  
0.00844174  3.20839  0.91268  
0.578078  0.815622  1.09203  
0.00019891  2.31976  1.73995  
2.56306  0.345486  0.0148184  
3.55633  0.238763  0.0272742  
1.22512  0.168027  1.34864  
3.40617  0.046548  0.272217  
1.00197  1.68959  0.0512328  
0.167977  0.47424  2.73614  
1.00007  0.000145308  3.22524e-05  
0.0602673  1.22287  1.15016  
2.45429  0.708269  0.643997  
0.0290411  1.9839  1.03322  
0.690336  0.757256  2.82251  
0.413827  0.773704  1.73481  
2.24294  0.000131573  1.35572  
0.0962557  0.301465  3.37495  
1.99085  1.74193  0.00393697  
1.11184  1.61289  0.239218  
1.46648  0.115061  1.38285  
2.9911  0.0397663  0.582979  
1.45789  0.00994885  1.99677  
3.52539  0.0299082  0.191524  
0.860681  1.6736  0.909414  
0.000261825  0.537755  3.45853  
1.00676  0.0667767  2.62734  
0.240449  2.40833  1.00211  
3.4132  0.229765  0.0843869  
1.00051  2.73898  0.00260836  
1.94309  0.0015272  1.69005  
2.23416  0.280845  1.03769  
0.933727  3.30339  0.180578  
2.14502  0.394709  1.16856  
1.53958  0.0585162  1.75836  
1.94072  1.90522  0.00267449  
2.19782  1.58452  0.00665427  
1.3441  2.38587  0.0236462  
0.0974063  1.90776  1.09834  
1.69245  2.05798  0.00385097  
0.0729592  0.658555  2.94255  
1.94128  0.0568501  1.52652  
0.00381975  1.86384  1.97751  
1.67424  0.0304456  1.8011  
3.35757  0.275017  0.123107  
2.19199  1.54069  0.0479745  
2.52501  0.561203  0.627081  
2.47127  0.0618891  1.27566  
2.07941  0.292845  1.28765  
1.73162  0.00128349  0.00209641  
0.00011215  0.000144213  1.73506  
1.0194  0.0137038  0.841513  
1.56718  0.351908  0.000339802  
1.17062  0.412411  0.109109  
0.614516  1.10554  0.0134723  
0.0812204  1.04924  0.912855  
0.864826  0.428333  0.871992  
1.26401  0.0283047  0.385317  
0.845473  0.267269  0.913174  
1.68718  0.000697618  0.011433  
1.1001  0.172444  0.394232  
0.506056  0.0696236  0.991327  
0.341702  0.509735  0.942279  
1.17373  0.121264  0.38228  
1.06423  0.513828  0.105963  
1.56406  0.0132459  0.119103  
0.538949  1.05722  0.133099  
1.54742  0.276799  5.79948e-06  
0.000133414  0.000408784  1.00076  
0.32127  2.3362  6.84733e-05  
0.000748748  1.66675  0.242528  
0.896279  0.490549  0.507548  
0.581983  0.814813  0.0360563  
0.854493  0.345625  0.713297  
1.42052  0.00455764  0.23955  
1.00548  0.487424  0.209643  
1.00035  0.700551  3.52011e-06  
0.294297  1.71208  0.01323  
0.915651  0.569364  0.403822  
1.69061  0.000108878  0.0885213  
1.855e-05  0.431507  0.902195  
0.565578  0.951345  0.260546  
9.43393e-05  0.843524  0.537551  
0.817787  0.578823  0.00127665  
1.00189  0.721218  0.000140063  
0.870464  0.330748  0.540399  
0.619305  0.12509  0.963101  
0.708329  0.433104  0.557784  
1.69682  0.00634402  0.00153926  
0.592798  0.637233  0.849118  
0.663685  0.000440279  0.748054  
0.000113433  2.24335  7.8318e-05  
0.994902  0.112845  0.648227  
0.636381  0.935022  0.178096  
0.449129  0.0298023  0.982183  
1.00003  7.3184e-06  2.28657e-05  
0.910642  0.266765  0.605789  
1.05108e-05  1.12284e-05  1.00004  
1.07509  0.254664  0.139365  
2.68364e-06  1.08459  1.01428  
0.173599  2.4032e-05  1.18001  
0.988422  0.204113  0.397596  
0.29877  0.244705  0.922822  
1.35266  0.000852839  0.346161  
1.01185e-05  2.91674  0.0106985  
1.29115  0.336536  0.00372386  
0.763268  0.726789  0.345533  
0.718417  0.802332  0.449538  
0.0013501  1.00136  9.44721e-05  
0.55646  0.000967571  0.995515  
0.000240143  3.68032  3.97029e-05  
0.926534  0.309135  0.248537  
0.780969  0.04855  0.968249  
2.30547e-05  1.72789  0.00513343  
1.19142  0.00415255  0.454964  
1.04294  0.00161946  0.674716  
0.428269  0.95678  0.0137348  
3.98345e-06  0.432228  1.67079  
5.15574e-05  1.78511  0.0001002  
0.00125269  1.85751  8.66188e-05  
0.364052  1.4874  8.94406e-05  
1.95187e-05  3.12728  0.00208591  
3.04245e-05  1.20328  0.899507  
2.62357e-05  4.00824  0.000998673  
1.00086  0.358837  0.377547  
2.72053e-05  1.25524  0.90065  
0.363457  1.2079  0.0285913  
0.0558277  1.57923  0.0626575  
0.145602  1.01609  0.39379  
0.00554177  2.6318  0.000137444  
1.00597  0.036471  0.601531  
0.0345405  1.12532  0.489287  
0.300182  0.467175  0.956126  
0.881288  0.582278  0.48429  
0.644531  1.03961  0.00913549  
0.490402  0.509957  0.912338  
2.5912e-05  1.77767  0.899799  
0.107797  1.42304  0.164068  
0.3172  1.07765  0.229742  
0.217446  1.85842  0.0217582  
0.589591  0.0020687  0.975498  
1.57965  0.121222  0.00414124  
0.0727246  1.20603  0.361806  
0.835612  0.328179  0.88944  
0.534141  1.2653  0.00615838  
1.04005  0.208361  0.428692  
2.08746  1.83688e-05  0.0109308  
1.6674  0.0555127  5.23003e-05  
1.33186  0.0692046  0.254943  
0.516587  0.00172552  0.856278  
0.683339  0.736121  0.0069863  
0.654216  0.763283  0.0328561  
0.919785  0.396842  0.00353054  
0.331836  0.000125989  0.94337  
0.396325  4.50265e-05  0.918149  
0.574857  0.818975  0.00266207  
0.766754  0.646956  0.00212615  
0.707946  0.477629  0.538858  
0.486135  9.58331e-05  0.873921  
0.202224  6.11514e-05  0.979357  
0.452014  4.59826e-05  0.892086  
0.1036  0.000193855  0.994646  
0.927293  0.276324  0.27148  
0.545515  0.838755  0.112043  
0.409602  0.912904  0.0173944  
0.813228  4.71391e-05  0.581972  
0.68661  0.000509417  0.727054  
0.539886  0.62316  0.590243  
0.774014  0.000175656  0.633199  
0.598604  0.00095684  0.801088  
0.282953  0.960657  0.0170567  
0.751785  0.00014631  0.659436  
0.714352  0.70352  0.01492  
0.50285  3.89779e-05  0.864402  
0.832154  2.44423e-05  0.554575  
0.594483  0.803725  0.0315741  
0.912718  8.25821e-05  0.408612  
0.82543  0.56551  0.000267574  
0.80349  0.598467  0.0074147  
0.727089  0.687374  0.00746171  
0.467412  9.9433e-05  0.884089  
0.849842  0.418452  0.325528  
0.890199  0.458025  0.00137948  
0.25754  0.966926  0.00106353  
0.948297  0.0001639  0.31749  
0.793768  9.47976e-06  0.608238  
0.621539  2.95055e-05  0.783449  
0.729252  0.00019046  0.684304  
0.565061  0.826594  0.00376356  
0.906942  0.308735  0.28977  
0.66502  0.747743  0.00123995  
7.23572e-06  0.843433  0.537257  
0.677118  0.479591  0.574694  
2.40413e-05  1.00005  1.72179e-05  
1  4.98632e-06  3.82441e-06  
0.893037  4.97766e-05  0.450046  
0.341963  0.939886  0.000102249  
0.362795  3.83402e-05  0.931902  
0.241644  3.13523e-05  0.970397  
4.47459e-06  9.77073e-06  1.00001  
0.000138123  0.434139  0.90101  
0.0220908  0.405382  0.91467  
0.617329  0.551918  0.562781  
0.517231  0.856833  0.0293764  
0.846861  0.532334  0.00191628  
0.736123  0.422527  0.531197  
0.977215  0.215682  0.000260588  
0.9342  0.357478  0.000277724  
0.532748  8.94453e-05  0.846306  
0.45736  0.718347  0.610524  
0.87175  3.80484e-05  0.490015  
0.626553  0.780429  0.037914  
0.431301  0.902542  0.000818114  
0.526236  0.639659  0.575663  
0.751595  0.660781  0.00197201  
0.579306  0.000534287  0.815143  
0.664971  9.02448e-05  0.74691  
0.422898  0.000575842  0.906207  
0.304463  0.240598  0.92191  
0.55549  5.60543e-05  0.831568  
0.165629  0.986951  0.0257399  
0.215188  0.977443  0.00144614  
0.49762  0.660688  0.587866  
0.96757  0.000171748  0.252638  
0.719307  0.392379  0.585267  
0.584089  0.592767  0.56594  
0.000302019  0.472045  0.89852  
0.161563  0.000280644  0.986889  
0.491434  0.871527  0.000725284  
0.782147  0.624507  0.00233146  
0.635224  0.573308  0.545038  
0.381278  0.927687  0.0324748  
0.955467  0.30363  0.0272795  
0.907565  0.420914  0.00210712  
0.77764  0.457088  0.503919  
0.292356  9.30987e-05  0.956356  
0.987169  0.000222718  0.159739  
0.85293  0.00106388  0.522064  
0.705253  8.31627e-06  0.708976  
0.65193  0.507383  0.574521  
0.69835  0.718955  0.0111192  
0.881265  0.36119  0.315073  
0.464295  0.885966  0.00365743  
0.873919  0.486971  0.00112176  
0.447105  0.761291  0.620669  
0.930376  8.2023e-05  0.36663  
0.770623  0.35258  0.560294  
0.643687  0.000196862  0.765338  
0.473966  0.69307  0.600382  
0.580191  0.814573  6.67139e-05  
0.595379  2.7076e-07  0.803445  
0.554886  7.92372e-07  0.831927  
0.928275  2.28392e-07  0.371895  
0.637327  7.68089e-06  0.770594  
0.817836  6.23662e-07  0.575451  
0.762615  0.647033  5.965e-05  
0.524457  0.851291  0.0183253  
0.729195  2.45466e-07  0.684306  
0.858957  5.33367e-07  0.512049  
0.652672  0.757712  1.89251e-05  
0.774851  2.13118e-07  0.632144  
0.68162  9.02069e-07  0.731707  
0.82802  0.560864  2.10257e-05  
0.893544  4.5667e-07  0.448976  
0.113257  0.993603  0.000960345  
0.3243  0.945967  0.000124912  
0.645136  0.446727  0.632731  
0.929618  0.252491  0.268851  
0.873084  0.487661  1.855e-05  
0.986941  8.06798e-08  0.161087  
0.487822  0.83312  0.394865  
0.567294  0.746073  0.357161  
0.00157616  0.856669  0.516928  
0.911993  7.60071e-07  0.410206  
0.0119932  0.398762  0.917577  
0.24161  2.67919e-07  0.970374  
0.544935  0.58636  0.609593  
0.9738  0.227804  9.21787e-05  
0.718844  0.457576  0.524628  
0.464914  3.90844e-07  0.885356  
0.63137  0.504564  0.590028  
0.752464  6.17646e-07  0.658633  
0.158224  0.801652  0.579531  
0.554533  0.832201  0.000139285  
0.945815  7.74239e-08  0.324706  
0.615235  1.06287e-06  0.788344  
0.773579  0.529862  0.348582  
0.79703  1.13893e-06  0.60394  
0.568608  0.63908  0.519254  
0.628978  0.77752  0.00026454  
0.784115  0.620661  1.66394e-05  
0.802887  0.479291  0.357115  
0.285484  0.958501  0.000251486  
0.706721  1.46589e-07  0.707492  
1  4.06079e-07  2.07562e-07  
0.418201  0.695277  0.587333  
7.26294e-06  1.00001  3.49551e-06  
0.658355  4.87109e-07  0.752708  
0.891581  0.453014  4.02823e-05  
0.670168  0.653127  0.353693  
0.430119  0.90281  5.83707e-05  
0.000216884  0.4472  0.894617  
0.876084  1.55531e-07  0.482159  
3.66498e-05  0.842536  0.538705  
0.308442  0.750037  0.58942  
0.501182  0.624794  0.600892  
0.934288  0.35656  3.33972e-05  
0.358889  0.93343  2.48091e-05  
0.849199  0.528273  7.61362e-05  
0.741552  0.67096  2.113e-05  
0.533995  1.08062e-07  0.845489  
0.360168  1.31542e-07  0.932888  
0.675032  0.393815  0.627371  
0.494751  0.86907  1.2965e-05  
0.837927  2.39213e-07  0.545783  
0.254683  0.777429  0.575623  
0.681441  0.731973  0.000129153  
0.794028  0.314691  0.523067  
0.61876  0.623153  0.482456  
0.180513  0.983751  0.000171902  
2.40827e-06  4.93143e-06  1.00001  
0.575491  6.0692e-07  0.817808  
0.467679  0.665851  0.581921  
0.304439  0.248075  0.9199  
0.969873  2.2332e-07  0.243613  
0.714196  0.599866  0.361737  
0.903789  0.309115  0.297313  
0.759291  0.433262  0.486166  
0.808235  0.58923  0.000424803  
0.161038  9.04482e-08  0.986949  
0.499438  4.65957e-07  0.866351  
0.421643  5.00085e-07  0.906762  
0.602485  0.559245  0.570095  
0.35499  0.731953  0.585176  
0.539077  0.771915  0.367113  
0.734993  0.354968  0.57857  
0.600479  0.799751  0.000873323  
0.861359  0.393144  0.322084  
0.955249  0.295921  0.000109625  
0.682526  0.54016  0.494261  
0.226479  0.974159  0.000121714  
0.913166  0.407755  3.09966e-05  
0.720774  0.693442  0.000131651  
0.464096  0.88581  3.03297e-05  
0.396188  0.918336  0.000128039  
0.431333  0.736592  0.526565  
0.634517  0.687955  0.356025  
0.096276  0.818889  0.593073  
0.291957  4.18927e-07  0.956432  
0.861011  3.96757e-08  0.508586  
0.557032  3.9217e-08  0.830491  
0.600744  5.28189e-08  0.799441  
0.98937  2.63495e-08  0.14542  
0.818985  1.01564e-08  0.573816  
0.929204  4.80547e-08  0.369568  
0.775461  1.024e-08  0.631396  
0.233858  0.972305  5.52275e-05  
0.602718  0.797995  4.72937e-05  
0.96164  2.9769e-08  0.274313  
0.895427  2.04627e-08  0.445209  
0.469991  0.563469  0.681128  
0.730084  1.23269e-09  0.683357  
0.547268  0.571379  0.612178  
0.869303  0.374434  0.323105  
0.720645  0.69336  1.41893e-05  
0.805707  0.473491  0.356095  
0.768315  0.640131  6.67749e-05  
0.293214  3.82377e-08  0.956047  
0.925316  0.270567  0.266269  
0.791632  0.297624  0.53422  
0.894611  0.446953  4.0937e-05  
0.241059  7.13002e-09  0.97051  
0.915876  0.401677  8.6504e-05  
0.797165  2.79804e-08  0.603762  
0.934285  0.356539  1.07697e-05  
0.529672  0.848121  0.0183732  
0.832747  0.417515  0.363925  
0.663114  0.74857  6.17811e-05  
0.28764  0.957756  3.34529e-05  
0.602356  0.453798  0.656966  
0.430106  0.902806  2.91104e-05  
0.632501  0.612578  0.475267  
0.602329  0.715181  0.356303  
3.51345e-06  1  1.72603e-06  
0.625162  1.6853e-09  0.780495  
0.346291  0.728892  0.590762  
0.797985  0.603096  0.001165  
0.718358  0.457143  0.524447  
0.576061  0.817544  7.15748e-06  
0.287178  0.752247  0.595242  
0.000199339  0.394087  0.919251  
0.463956  9.03797e-08  0.885858  
0.876084  3.36896e-09  0.482159  
0.630049  0.776565  1.61391e-05  
0.746393  0.665552  5.04103e-05  
0.706721  1.38014e-08  0.707492  
1.05232e-06  3.59164e-06  1.00001  
0.000190134  0.860633  0.509997  
1  1.1412e-08  5.51687e-09  
0.945937  5.88486e-09  0.32435  
5.6503e-05  0.447462  0.894335  
0.0385572  0.93894  0.350405  
0.848495  0.529239  1.09244e-05  
0.412369  0.694293  0.592541  
0.437821  0.591828  0.67907  
0.837621  0.307892  0.451875  
8.21956e-05  0.814172  0.581045  
0.534096  2.98748e-09  0.845424  
0.495209  0.628112  0.600416  
0.824653  0.566446  0.000150279  
0.464884  0.81194  0.353509  
0.360167  4.96794e-09  0.932888  
0.317544  0.882144  0.348867  
0.450784  0.72498  0.5215  
0.972294  0.233896  3.21438e-05  
0.693781  0.720415  9.60914e-05  
0.743196  0.334915  0.579929  
0.766306  0.544136  0.342446  
0.753395  4.30152e-08  0.657568  
0.503992  0.532419  0.68809  
0.911998  2.6733e-08  0.410194  
0.839578  7.48806e-09  0.543239  
0.303529  0.253546  0.918545  
0.174788  0.792602  0.592867  
0.674513  0.391991  0.626434  
0.578821  6.78679e-09  0.815455  
0.187426  0.982337  8.00801e-05  
0.89772  0.322405  0.300948  
0.665074  2.9309e-08  0.746777  
0.715176  0.595454  0.366233  
0.362676  0.931947  3.24994e-05  
0.976087  6.25737e-09  0.217379  
0.617972  0.527465  0.583792  
0.778593  0.405753  0.47914  
0.161017  6.59616e-10  0.986952  
0.532829  0.769966  0.352188  
0.663981  0.659659  0.353862  
0.483004  0.875775  0.000101792  
0.217934  0.912753  0.347353  
0.550724  0.657401  0.514779  
0.402032  0.843802  0.357743  
0.422184  2.07982e-08  0.90651  
0.49837  4.40361e-08  0.866964  
0.546695  0.505247  0.668436  
0.873081  0.487654  5.23048e-06  
0.955228  0.295893  8.44574e-06  
0.682631  0.539798  0.492662  
0.247744  0.778834  0.576335  
8.62628e-06  0.842522  0.538704  
0.821931  2.70382e-10  0.569588  
0.894618  3.52361e-10  0.446832  
0.989409  4.50698e-10  0.145155  
0.92953  1.00286e-09  0.368746  
0.961505  4.8413e-10  0.274786  
0.238517  0.97116  2.32705e-05  
0.776507  5.43203e-10  0.630109  
0.505588  0.500227  0.703562  
0.730154  3.97664e-10  0.683282  
0.914132  0.4055  1.18073e-05  
0.71604  0.591801  0.370952  
4.75724e-06  0.84252  0.538701  
0.771862  0.635873  1.41102e-05  
0.799959  0.484612  0.354058  
0.662511  0.749057  9.79587e-06  
0.954246  0.299108  0.000511605  
0.808461  0.263431  0.527214  
0.158188  0.789466  0.593574  
0.719631  0.694397  3.48134e-06  
0.295395  1.09366e-09  0.955375  
0.241424  1.49571e-10  0.97042  
0.689816  0.723999  1.84952e-05  
3.00298e-05  0.448016  0.894055  
0.460742  0.00292752  0.88755  
0.603053  0.445439  0.662762  
0.848474  0.529249  4.03611e-06  
0.000135132  0.390973  0.920581  
0.335852  0.646544  0.685413  
5.72601e-06  0.860399  0.509732  
0.824221  0.566332  7.30621e-05  
0.626271  3.3848e-10  0.779606  
0.685823  0.538235  0.490049  
0.473931  0.806551  0.353507  
0.797997  1.05701e-09  0.602661  
0.536069  0.844191  0.0168524  
0.465636  0.52945  0.712423  
0.719994  0.454569  0.524426  
0.429814  0.902929  9.51207e-06  
0.360167  1.2711e-10  0.932888  
4.67076e-05  0.814034  0.580896  
0.945966  6.42646e-11  0.324265  
0.641677  0.602829  0.474626  
3.51345e-06  1  1.14958e-06  
0.534254  4.16428e-10  0.845324  
0.381187  0.702502  0.601598  
0.43112  0.736631  0.521331  
1  3.91456e-10  8.37666e-10  
0.828612  0.42299  0.366939  
1.05045e-06  2.08763e-06  1.00001  
0.747195  0.664617  1.39134e-05  
0.580685  2.89118e-10  0.814129  
0.287126  0.957897  1.54814e-05  
0.876339  3.86201e-10  0.481695  
0.630881  0.775892  7.95801e-06  
0.495095  0.628055  0.60039  
0.250775  0.684456  0.685547  
0.797829  0.602926  0.000111569  
0.123249  0.720067  0.687413  
0.706954  2.54262e-10  0.70726  
0.934284  0.356537  6.81995e-06  
1.40684e-05  0.937524  0.348059  
0.0451876  0.733904  0.700518  
0.894338  0.447435  2.18606e-05  
0.316247  0.882333  0.34864  
0.971891  0.235458  2.17819e-05  
0.606001  0.711545  0.355834  
0.747032  0.333203  0.575414  
0.865503  0.382945  0.323103  
0.534785  0.44716  0.719372  
0.911998  1.50426e-09  0.410194  
0.663942  0.393988  0.635841  
0.76227  0.549389  0.342378  
0.53993  0.76538  0.350601  
0.840834  4.60074e-10  0.541292  
0.754062  1.18113e-10  0.656803  
0.279901  0.754015  0.594722  
0.311736  0.261881  0.914199  
0.392936  0.607337  0.692232  
0.89614  0.321379  0.306265  
0.187899  0.982225  4.92767e-05  
0.36267  0.931929  2.07572e-05  
0.682466  0.642005  0.351157  
0.976171  1.97451e-10  0.217004  
0.545323  0.66607  0.509145  
0.794077  0.379381  0.475192  
0.581639  0.813558  3.09239e-05  
0.614048  0.531811  0.583458  
0.66795  4.12431e-10  0.744206  
0.484127  0.875036  3.67465e-05  
0.550069  0.564973  0.615336  
0.336448  0.787318  0.517496  
0.443246  0.584266  0.681024  
0.398039  0.845105  0.357049  
0.217554  0.912609  0.346239  
0.161017  3.40812e-10  0.986952  
0.852825  0.294694  0.432192  
0.422839  0.00150555  0.906206  
0.49856  9.35489e-10  0.866855  
0.928681  0.2649  0.25975  
0.873061  0.487646  3.29701e-06  
0.517018  0.490587  0.702187  
0.894481  7.14956e-11  0.447106  
0.989432  2.88771e-11  0.144999  
0.9275  6.00256e-11  0.373824  
0.961511  7.79221e-11  0.274767  
0.23851  0.971151  1.93035e-05  
0.777844  3.55763e-11  0.628457  
0.437221  0.588913  0.680056  
0.859375  0.398477  0.320881  
0.730689  6.50033e-11  0.682711  
1.58471e-06  0.842512  0.53869  
0.914122  0.405475  3.5455e-06  
0.773302  0.634057  1.87045e-05  
0.954232  0.299102  7.95505e-06  
0.660788  0.750587  8.3693e-06  
0.812149  0.261757  0.52167  
0.719523  0.694479  1.60724e-06  
0.293373  9.46971e-11  0.955998  
0.514463  0.784102  0.347755  
0.420119  3.20544e-11  0.907469  
0.456759  4.49549e-12  0.889591  
0.563098  0.379708  0.734307  
0.385383  0.603592  0.698239  
0.239383  2.98441e-11  0.970925  
3.31227e-06  0.390963  0.920428  
0.287241  0.957861  6.42045e-06  
2.72445e-05  0.813383  0.581804  
0.53589  0.844137  0.0167445  
0.797815  0.602908  1.38023e-05  
0.310562  0.884621  0.348765  
0.317745  0.649945  0.690866  
3.1744e-06  1  8.6526e-07  
0.623456  8.12787e-11  0.781858  
0.159659  0.6911  0.707661  
0.945966  5.99584e-11  0.324265  
0.822539  0.432765  0.369071  
0.716887  0.459121  0.524759  
0.443225  0.729794  0.520686  
0.658605  0.394736  0.640754  
0.706954  1.0785e-11  0.70726  
0.465651  0.811364  0.353535  
0.44938  0.529092  0.720824  
0.800269  5.75335e-11  0.599641  
0.000173618  0.728546  0.685141  
1  1.79173e-11  1.10645e-10  
0.577521  1.67708e-11  0.816375  
0.934283  0.356536  2.57356e-06  
0.630878  0.775886  2.01888e-06  
0.42956  0.903048  6.26235e-06  
6.47384e-07  1.04107e-06  1  
0.852524  0.294324  0.432063  
0.848469  0.529246  2.00876e-06  
1.05459e-05  0.447974  0.894054  
2.33912e-06  0.86035  0.509719  
0.744513  0.333105  0.578927  
2.59477e-06  0.937512  0.347981  
0.876206  1.82537e-10  0.481937  
0.529405  4.58815e-12  0.848369  
0.257593  0.674438  0.693539  
0.55077  0.567908  0.611877  
0.871617  0.490235  1.48323e-05  
0.747409  0.664369  4.28402e-06  
0.771793  0.535727  0.343485  
0.682544  0.640315  0.35344  
0.356927  2.48697e-11  0.934132  
0.894047  0.447998  1.08746e-05  
0.630286  0.614624  0.475114  
0.971616  0.236587  1.05789e-05  
0.501817  0.460437  0.737988  
0.157283  0.785195  0.599917  
0.160074  1.82319e-11  0.987105  
0.690918  0.722951  5.49823e-06  
0.32463  0.793302  0.51572  
0.911903  7.73269e-11  0.410406  
0.479259  0.643987  0.596682  
0.755275  1.04508e-10  0.655408  
0.573317  0.741928  0.349483  
0.889188  0.335921  0.3113  
0.839486  2.84663e-11  0.543381  
0.279601  0.754011  0.594454  
0.790848  0.377527  0.481973  
0.309975  0.267466  0.912651  
0.485489  0.874255  2.13806e-05  
0.187899  0.982216  4.80336e-06  
0.976171  1.22702e-11  0.217004  
0.362668  0.931925  5.66197e-06  
0.582188  0.813065  5.4771e-06  
0.666188  4.55366e-11  0.745784  
0.625741  0.517177  0.584068  
0.553303  0.66074  0.507844  
0.387072  0.849371  0.35926  
0.203955  0.915971  0.345756  
0.593769  0.447643  0.669391  
0.613042  0.704854  0.357658  
0.928696  0.264773  0.25972  
0.726016  0.577987  0.374327  
0.385433  0.69982  0.601461  
0.49233  1.13958e-10  0.870409  
0.687744  0.535738  0.490026  
0.823964  0.56667  8.60816e-06  
0.989432  4.83698e-13  0.144999  
0.858042  0.403822  0.317615  
0.238494  0.971147  6.94611e-06  
0.929479  8.3456e-12  0.368874  
0.961511  1.23452e-12  0.274767  
0.77843  4.76089e-12  0.627732  
0.449021  0.523596  0.724509  
0.730431  1.24824e-11  0.682986  
0.773302  0.634048  1.00258e-05  
0.800862  0.496702  0.335607  
0.914118  0.405456  2.02418e-05  
0.724853  0.57717  0.376467  
1.58471e-06  0.842511  0.538683  
0.150095  0.78567  0.600646  
0.954228  0.299094  1.50409e-06  
0.662463  0.749099  5.42936e-06  
0.812233  0.260696  0.521923  
0.721187  0.692752  6.21427e-06  
0.293373  9.61222e-12  0.955998  
0.419101  4.32319e-12  0.90794  
0.823842  0.566837  3.60579e-06  
0.521538  0.780981  0.344029  
0.660356  0.391726  0.640729  
0.239383  9.09801e-13  0.970925  
0.457473  4.88502e-12  0.889224  
6.98998e-07  0.390957  0.920418  
0.560838  0.384441  0.733426  
0.824992  0.428118  0.369077  
0.387153  0.84861  0.360844  
0.287427  0.957805  5.82019e-06  
0.488134  0.872797  1.27377e-05  
0.000110345  0.812242  0.583507  
0.623456  7.63975e-12  0.781858  
0.381657  0.701898  0.601443  
0.467156  0.810459  0.353519  
0.765912  0.543708  0.343293  
0.719159  0.460533  0.520605  
0.443401  0.730119  0.520017  
0.798701  0.601736  1.34363e-05  
2.19984e-06  0.93751  0.34798  
0.800269  8.41138e-13  0.599641  
0.401954  0.541274  0.739546  
7.22442e-06  0.728498  0.685074  
0.633308  0.773926  1.02082e-05  
0.538818  0.842273  0.0167354  
1.03013e-06  1  6.71809e-07  
2.42813e-06  0.860347  0.509713  
0.455516  0.436491  0.777165  
0.552095  0.568078  0.610488  
0.741545  0.330796  0.583799  
0.706954  8.37708e-13  0.70726  
0.576368  0.739191  0.348752  
0.945909  1.72095e-12  0.324433  
0.934143  0.356903  2.84898e-06  
0.839486  4.7618e-12  0.543381  
0.687316  0.634065  0.354654  
1.47397e-07  4.84018e-07  1  
0.91163  7.60703e-13  0.411013  
0.848469  0.529246  1.80872e-06  
0.876142  1.04063e-11  0.482054  
0.529405  7.90537e-13  0.848369  
0.311768  0.883915  0.348627  
1  2.16524e-12  5.98836e-12  
0.79043  0.371767  0.487492  
0.429557  0.903046  8.3496e-07  
1.96698e-06  0.447973  0.894051  
0.749312  0.66225  1.2225e-05  
0.356969  1.05439e-12  0.934116  
0.894047  0.447992  4.00445e-06  
0.621131  0.623066  0.475472  
0.971615  0.236581  3.32538e-06  
0.692629  0.721353  2.02065e-05  
0.585318  0.810833  1.42451e-05  
0.318544  0.64752  0.692428  
0.755275  3.58605e-12  0.655408  
0.321249  0.794445  0.515476  
0.311529  0.270034  0.911159  
0.886843  0.338728  0.314499  
0.187885  0.982194  2.34228e-06  
0.976171  1.49731e-12  0.217004  
0.265087  0.759677  0.594846  
0.362666  0.931921  1.73952e-06  
0.627887  0.516076  0.582737  
0.0735693  0.693956  0.72526  
0.683715  0.542258  0.488494  
0.666188  8.92288e-12  0.745784  
0.578095  4.51504e-12  0.815969  
0.541754  0.670053  0.507723  
0.445863  0.587449  0.675895  
0.585131  0.458329  0.66911  
0.852623  0.29395  0.43204  
0.205813  0.915492  0.345756  
0.159973  9.54339e-13  0.987121  
0.927108  0.270355  0.259745  
0.36293  0.608162  0.706535  
0.480469  0.643508  0.595985  
0.621406  0.695474  0.361062  
0.871512  0.490387  7.8921e-06  
0.171492  0.677872  0.715605  
0.494276  7.66124e-12  0.869305  
