0.275967  0.804341  0.526191  
2.83171  1.27392  3.63635  
0.581345  3.23509  3.66416  
0.319305  0.339585  1.93187  
0.985591  0.104634  0.1329  
0.930797  0.315224  0.185072  
1.37114  1.10192  3.11923  
0.407143  0.895549  0.179518  
0.517522  0.705723  0.483866  
0.228354  0.797129  0.558964  
0.150077  0.3082  1.94556  
3.09671  1.7807  3.64117  
0.0511259  0.0832966  1.38834  
0.539871  0.69649  2.65001  
0.0376901  0.15236  1.42949  
0.10311  0.947294  0.303319  
0.00157313  0.369005  1.79557  
0.133555  0.763299  0.63209  
0.627622  0.707952  0.323875  
0.476259  0.853282  0.212338  
0.975156  0.0940555  0.200561  
2.70838  0.913956  3.10767  
0.752066  0.1099  0.649861  
0.0616214  0.199353  1.53949  
0.710866  0.679395  0.181909  
0.473872  0.860825  0.185542  
0.581487  0.813507  0.00894775  
0.552952  0.560817  0.616221  
0.0921131  0.731122  0.676  
0.185855  0.709501  0.679755  
0.74877  0.480252  0.456839  
0.0166091  0.938264  0.345521  
0.260382  1.63005  3.14508  
0.604213  0.274405  2.41585  
1.90985  2.03238  3.80176  
0.645211  0.595396  0.478756  
0.422776  0.843871  0.330367  
1.37128  2.52384  3.43367  
2.10157  1.21178  3.40523  
0.987793  0.766647  2.94449  
0.468052  0.834344  0.291201  
0.659759  0.750043  0.0463971  
0.966348  0.27983  2.69391  
0.831896  2.17463  3.76742  
0.0563517  0.7534  0.655143  
0.591547  0.803103  0.0714005  
0.252161  0.831958  0.494227  
0.213301  0.820843  0.529829  
0.722239  2.00817  3.59628  
1.86344  3.04076  3.80668  
0.249888  0.66944  0.699576  
1.03199  0.867443  2.97675  
0.748062  0.65146  0.126503  
0.325088  0.428286  2.1798  
0.398761  0.688412  0.60587  
0.0232697  0.0431664  1.22151  
2.85948  1.7371  3.74612  
0.00997621  0.00494288  1.05432  
0.65815  0.309207  0.686462  
0.0732364  0.969055  0.235731  
0.289782  0.37545  2.09914  
0.384476  0.264102  2.01459  
0.00585907  0.0591972  1.19517  
1.14643  0.123331  2.59749  
0.0697424  0.295121  1.89315  
0.668189  0.74244  0.0480235  
0.872959  0.301694  0.383306  
0.0337233  0.00570575  1.16393  
0.804195  0.211736  2.68499  
0.749426  0.135793  0.648013  
0.1217  0.660987  2.30429  
0.167639  0.333831  1.91551  
0.969218  0.716741  2.9347  
0.135867  0.749152  0.648314  
0.212092  0.95441  0.210042  
0.169045  0.276202  1.91391  
1.56774  0.940626  3.31154  
0.946154  0.214193  0.24272  
0.776911  0.590614  0.218138  
0.89643  0.246232  0.368487  
0.380306  0.924834  0.007006  
0.00844762  0.013248  1.08162  
0.581721  0.742697  0.331667  
1.37493  1.44833  2.97684  
0.333792  0.841597  0.424614  
0.0601937  0.0972894  1.47929  
0.51574  0.872679  2.59928  
0.984781  0.572966  2.90568  
0.914975  0.0670259  0.397905  
0.847183  0.451688  0.279746  
0.90697  0.276198  0.317993  
1.60598  1.33867  3.29573  
0.742527  0.208454  0.636554  
0.0890885  0.00711583  1.40315  
0.972476  2.87438  3.97564  
0.506884  0.554725  0.65981  
0.21191  0.206129  1.8352  
0.532515  1.9634  3.25453  
0.659948  1.02248  2.82567  
0.883501  0.605425  2.7799  
0.54486  0.619527  0.565078  
0.760138  0.16307  0.628967  
0.960823  0.277163  1.58141e-14  
1.73865e-17  0.283943  1.48481  
1.71028e-17  0.279309  1.46058  
6.37859e-05  1.18437e-08  1.00038  
6.05836e-17  8.88965e-18  1  
6.1557e-18  6.09221e-17  1  
6.12322e-17  1.41976e-19  1  
3.24321e-17  5.1938e-17  1  
6.11557e-17  3.06322e-18  1  
3.04369e-18  6.11566e-17  1  
1.42333e-17  5.95551e-17  1  
6.09715e-17  5.64614e-18  1  
1.945e-18  6.12014e-17  1  
3.346e-19  6.12314e-17  1  
5.61728e-18  6.09741e-17  1  
4.22509e-17  4.432e-17  1  
3.04369e-18  6.11566e-17  1  
2.57079e-17  5.55743e-17  1  
7.0808e-18  6.08216e-17  1  
1.843e-19  6.12321e-17  1  
0.915152  1.7975e-06  0.403108  
0.243419  0.969918  0.00264278  
3.2556e-17  5.18605e-17  1  
0.650559  0.554376  0.519076  
0.770887  0.636972  3.12568e-20  
0.355502  0.740314  0.570573  
0.824076  0.379551  0.420524  
0.500054  0.501029  0.70634  
0.960823  0.277163  1.58141e-14  
0.00142644  0.914244  0.405162  
3.30687e-18  6.1143e-17  1  
0.414778  0.821826  0.390591  
0.797559  5.85961e-05  0.60324  
0.372114  0.601601  0.706829  
6.05836e-17  8.88965e-18  1  
0.946742  0.00630791  0.321931  
0.542986  0.534392  0.647758  
0.499701  0.703445  0.505434  
0.923454  0.272858  0.269781  
0.676283  0.278694  0.681888  
4.89573e-17  0.799533  0.600623  
0.839229  0.54368  0.0103649  
4.33048e-17  0.707221  0.706992  
0.805186  0.0996438  0.584591  
0.875621  0.000664148  0.482999  
0.432198  0.901779  0  
0.632442  0.64947  0.422144  
0.985622  0.168964  0.00115109  
6.12323e-17  1  0  
5.79206e-17  0.945916  0.324412  
0.316586  0.896627  0.309571  
2.00373e-18  6.11995e-17  1  
5.3652e-17  0.876204  0.48194  
0.709126  3.01332e-20  0.705081  
1  0  0  
0.700735  0.610864  0.368532  
0.000262019  0.844157  0.536095  
0.528611  0.848864  0  
0.901871  0.432006  9.01966e-17  
0.660036  0.751234  6.81224e-19  
0.884292  0.381778  0.268838  
1.945e-18  6.12014e-17  1  
0.356991  0.934108  0  
0.606463  0.365458  0.706146  
0.731161  0.447635  0.514807  
0.760253  0.000955177  0.649626  
0.425353  0.644575  0.635293  
3.36123e-05  0.972561  0.232646  
6.08133e-17  7.15143e-18  1  
0.45559  0.857926  0.23749  
6.08319e-17  6.99113e-18  1  
0.354573  0.855375  0.377638  
0.369437  0.640844  0.67293  
5.60534e-18  6.09752e-17  1  
0.0152739  0.987383  0.157614  
0.971305  0.218656  0.0935785  
0.00684258  0.899234  0.437415  
0.0193831  0.734523  0.678307  
0.913671  0.149902  0.377802  
0.9949  0.0813228  0.0596689  
6.30713e-18  6.09066e-17  1  
6.02882e-17  1.07114e-17  1  
1.37792e-18  6.12168e-17  1  
5.61728e-18  6.09741e-17  1  
3.98128e-18  6.11028e-17  1  
4.49289e-19  6.12307e-17  1  
6.0847e-17  6.85829e-18  1  
4.81462e-19  6.12304e-17  1  
4.75456e-18  6.10475e-17  1  
3.15877e-17  5.24558e-17  1  
0.545491  0.618972  0.565078  
2.72791e-17  5.48202e-17  1  
6.10896e-17  4.17903e-18  1  
6.10854e-17  4.24015e-18  1  
4.99527e-17  3.54137e-17  1  
0.000169398  0.753484  0.657466  
1.43778e-17  5.95204e-17  1  
1.55922e-17  5.92139e-17  1  
0.579769  0.597491  0.55396  
0.179955  0.916413  0.357495  
0.00109818  0.802769  0.596289  
0.447299  0.89314  0.0471571  
0.218085  0.824807  0.521663  
0.34928  0.902137  0.253283  
0.781193  0.62429  0.000153988  
0.275173  0.96135  0.00924688  
0.990071  0.140217  0.00989516  
0.623647  0.781686  0.00554059  
0.928663  0.370918  0.00225005  
0.431168  0.713783  0.551913  
0.864713  0.351734  0.358544  
0.732589  0.680672  6.44611e-16  
0.00480386  0.991805  0.127668  
0.791033  0.561991  0.24173  
0.898571  0.438829  3.30622e-08  
0.559867  0.788261  0.25533  
5.61211e-17  0.916527  0.399974  
0.654355  0.552044  0.516785  
0.915164  1.11886e-10  0.403083  
0.278239  0.702795  0.654723  
0.742502  0.568171  0.354786  
6.01742e-09  0.971131  0.238548  
0.669294  0.466515  0.578282  
5.47642e-17  0.894368  0.447332  
0.894108  1.61605e-20  0.447851  
0.92692  0.244967  0.284273  
0.467382  0.670081  0.576667  
0.663279  0.245378  0.707001  
0.243577  0.663856  0.707083  
0.368992  0.842242  0.39303  
0.945956  0.324296  0  
0.842612  0.371843  0.389536  
4.78992e-17  0.782254  0.62296  
0.782368  0  0.622817  
0.324365  0.945932  0  
0.420641  0.758629  0.497537  
0.568215  0.742367  0.354997  
0.804769  0.593589  0  
0.500483  0.499531  0.707097  
4.32984e-17  0.707117  0.707097  
0.613558  0.508293  0.604305  
0.707105  0.707109  3.12568e-20  
0.625173  0.625211  0.467195  
0.707216  0  0.706997  
2.00373e-18  6.11995e-17  1  
0.528019  0.527842  0.665266  
1  0  0  
0.912973  0.40802  5.75774e-09  
6.12323e-17  1  0  
0.429796  0.862966  0.26564  
5.19888e-17  0.849041  0.528327  
0.481952  0.876198  0  
0.758496  0.420026  0.498259  
0.608251  0.360932  0.706937  
0.876151  0.482036  2.53006e-20  
0.849358  0  0.527817  
5.71896e-17  0.933978  0.357332  
0.934526  0  0.355894  
0.841188  0.540743  2.53006e-20  
0.361042  0.608068  0.707038  
0.971159  1.93014e-20  0.238434  
0.436264  0.556487  0.707104  
0.56241  0.428636  0.707083  
0.409059  0.912508  4.72625e-06  
0.652915  0.757431  4.92211e-17  
0.758452  0.651728  0  
0.321819  0.730388  0.602466  
0.219263  0.975666  0  
0.73159  0.320222  0.601859  
0.505485  0.817331  0.276506  
0.815285  0.503862  0.285367  
0.588895  0.588499  0.55396  
0.662686  0.670004  0.334578  
0.975944  0.218021  6.29247e-06  
0.900488  0.302028  0.312891  
0.820068  0  0.572266  
0.303321  0.899993  0.313063  
6.0165e-07  0.817943  0.575299  
0.540306  0.841469  0  
0.746234  0  0.665684  
0.71136  0.533161  0.457936  
0.00102267  0.747574  0.664178  
0.531045  0.711352  0.460403  
0.687496  0.165387  0.707104  
0.815634  0.318897  0.482748  
0.645525  0.400769  0.650139  
0.410126  0.637268  0.652447  
0.317389  0.811763  0.49021  
0.308027  0.636679  0.706937  
0.593399  0.804908  0  
0.625772  0.32936  0.707058  
0.723819  0.629282  0.283002  
0.217271  0.940645  0.260731  
0.791455  0.459123  0.403491  
0.242812  0.877247  0.414103  
0.870405  0.244833  0.427145  
0.633725  0.721414  0.279202  
0.788122  0.279444  0.548429  
0.0890565  0.703166  0.705427  
0.580247  0.550108  0.600579  
0.237892  0.971291  0.000849301  
0.783009  0.41174  0.466227  
0.407142  0.590275  0.697001  
0.27451  0.699899  0.659383  
0.768516  0.177364  0.614756  
0.872191  0.489165  0  
0.585684  0.712659  0.386124  
0.899481  0.222128  0.376288  
0.920825  0.389977  0  
0.66155  0.749901  0  
0.346411  0.804478  0.482509  
0.528083  0.470243  0.707107  
0.721041  0.692892  0  
0.46698  0.53097  0.707107  
0.576596  0.409312  0.707107  
0.606099  0.4833  0.631716  
0.953761  0.300566  0  
0.271292  0.894118  0.356307  
0.814269  0.239969  0.528565  
0.971128  0.23856  0  
0.89413  0.447808  0  
0.66111  0.250867  0.707106  
0.798043  0.6026  0  
0.707107  2.47918e-20  0.707107  
0.800392  0.363019  0.477064  
0.496748  0.503232  0.707107  
0.290348  0.956921  0  
0.620899  0.650242  0.437801  
0.478879  0.647461  0.592848  
0.543547  0.839379  8.69495e-16  
0.432276  0.901741  0  
0.366373  0.693503  0.620342  
0.945808  0  0.324726  
4.89152e-17  0.798846  0.601535  
5.79313e-17  0.94609  0.323903  
0.710259  0.504024  0.491419  
0.75128  0.659984  3.93833e-19  
0.798694  2.04034e-19  0.601738  
5.14096e-17  0.839583  0.543231  
4.34004e-17  0.708783  0.705427  
6.12323e-17  1  0  
0.636158  0.568827  0.521285  
2.00373e-18  6.11995e-17  1  
0.443846  0.850334  0.282725  
0.637042  0.770829  0  
0.242123  0.664362  0.707107  
1  0  0  
0.695715  0.718318  7.05732e-20  
0.821437  0.420514  0.38524  
0.848995  0.528401  0  
0.43481  0.557621  0.707107  
0.381986  0.827682  0.41113  
5.36838e-17  0.876723  0.480995  
0.534557  0.542767  0.647807  
0.875891  0  0.482509  
0.987271  0.159049  0  
0.809172  0.489687  0.324726  
0.93437  0.356305  0  
0.742673  0.348352  0.571916  
0.36385  0.606312  0.707107  
0.682501  0.613124  0.397833  
0.517858  0.783161  0.344211  
0.601351  0.37199  0.707107  
0.450524  0.730709  0.512925  
0.911797  0  0.410641  
0.291064  0.743592  0.601957  
0.651899  0.462397  0.601013  
5.59998e-17  0.914546  0.404483  
0.551272  0.442831  0.707107  
0.219163  0.829985  0.512925  
0.307106  0.636935  0.707107  
0.735067  0.580353  0.350524  
0.840331  0.00439483  0.542056  
4.62669e-17  0.755596  0.655038  
0.568486  0.614248  0.547287  
0.534884  0.694366  0.48141  
0.754671  3.21313e-20  0.656104  
9.10161e-06  0.97675  0.214379  
0.349576  0.886582  0.302935  
0.881966  0.335247  0.331277  
0.974044  3.41508e-20  0.226357  
0.59862  0.739103  0.308838  
0.491068  0.871121  0  
0.322163  0.782756  0.532451  
0.365133  0.930955  1.78452e-19  
0.686818  0.168169  0.707107  
0.73106  0.433147  0.527196  
0.156379  0.689598  0.707107  
0.589976  0.807421  0  
0.632757  0.315656  0.707092  
0.670031  0.679325  0.299292  
0.704549  0.292187  0.646712  
0.923621  0.28154  0.260115  
0.853392  0.282936  0.437801  
0.175436  0.984491  0.000782811  
0.251429  0.928626  0.272831  
0.864166  0.441675  0.241122  
0.428029  0.620557  0.657039  
0.289977  0.673692  0.679745  
0.987882  0.155209  0  
0.817908  0.0500348  0.57317  
0.147053  0.909748  0.388245  
0.706662  0.630018  0.322033  
0.199001  0.746624  0.634784  
0.446864  0.724977  0.524139  
0.667823  0.232405  0.707107  
0.715255  0.553237  0.427012  
0.365616  0.825993  0.429023  
0.400775  0.582563  0.707107  
5.76719e-17  0.941853  0.336024  
0.539194  0.800848  0.260598  
0.35254  0.70753  0.612468  
4.48625e-17  0.73266  0.680595  
0.657004  0.386234  0.647433  
0.822568  0.494218  0.2813  
0.887859  0.411833  0.205182  
0.53805  0.728074  0.424748  
0.676805  0.710441  0.192894  
0.395375  0.91852  0  
5.91466e-17  0.965937  0.258777  
0.239724  0.665231  0.707107  
0.435357  0.900258  0  
0.766207  0.512048  0.388245  
0.580838  0.814019  1.37006e-07  
0.65527  0.265746  0.707107  
0.258151  0.781147  0.568478  
0.83841  0  0.545039  
0.72914  0.432551  0.530334  
0.805276  0.429992  0.408214  
0.83605  0.520022  0.174922  
0.453936  0.784818  0.421903  
0.943096  0.332521  5.78468e-07  
0.861383  3.02008e-20  0.507957  
0.739429  0.00678693  0.673201  
4.88998e-17  0.798594  0.60187  
0.480706  0.518577  0.707107  
0.748828  0.662764  0  
0.687672  0.530343  0.495825  
0.89619  0  0.443671  
0.629655  0.696229  0.344673  
0.685761  0.172427  0.707107  
4.32978e-17  0.707107  0.707107  
2.00373e-18  6.11995e-17  1  
0.479096  0.877763  0.000509072  
0.330825  0.863093  0.38161  
5.35126e-17  0.873928  0.486056  
0.694601  0.719395  0  
1  0  0  
6.12323e-17  1  0  
0.55886  0.433216  0.707107  
0.87815  0.478385  0  
0.958475  0  0.285176  
0.794964  0.606657  0  
0.85648  0.282052  0.432307  
0.365936  0.736302  0.569166  
0.857806  0.51389  0.00929447  
0.529458  0.848336  0  
6.25793e-15  0.930884  0.365316  
0.494824  0.647214  0.579881  
0.745777  0.337569  0.574338  
0.628047  0.324896  0.707107  
0.367963  0.603824  0.707107  
0.741489  0.592604  0.314665  
6.04081e-17  0.986539  0.163528  
0.707107  2.47918e-20  0.707107  
0.770893  0  0.636964  
0.333521  0.942743  0  
0.869566  0.340777  0.357388  
0.603169  0.369036  0.707107  
0.975896  0.218235  4.97115e-05  
0.531044  0.686131  0.497209  
0.0144147  0.75527  0.655255  
5.1243e-17  0.836862  0.547414  
0.915706  0.401849  6.17479e-08  
0.928429  0  0.371511  
0.234815  0.97204  0  
0.594414  0.565131  0.572101  
0.589079  0.767686  0.252279  
0.431996  0.559803  0.707107  
0.820783  0.284376  0.495425  
5.52267e-17  0.901921  0.431902  
0.669707  0.636715  0.382212  
0.640002  0.47199  0.606319  
0.391413  0.662414  0.638752  
0.708293  0.301917  0.638097  
0.451768  0.844821  0.286676  
0.98289  0  0.184194  
0.295677  0.64232  0.707107  
0.284232  0.924969  0.252279  
0.797553  0  0.603249  
0.285997  0.8387  0.463453  
0.509325  0.490498  0.707107  
0.913492  0.291957  0.283359  
0.460176  0.592695  0.661022  
0.523513  0.77079  0.363066  
0.378849  0.75929  0.529105  
0.567365  0.534726  0.626231  
0.65751  0.595643  0.461399  
