2.06748  2.74551  
1.65981  3.4726  
1.49325  4.12154  
1.35928  4.14198  
1.54337  3.85081  
2.02008  3.08059  
1.93006  3.48068  
2.15859  2.34384  
0.813442  4.47875  
2.29417  2.72947  
1.1472  4.15734  
1.06599  4.35552  
1.97944  2.75734  
1.82374  3.43653  
1.84238  3.60725  
1.61951  3.74079  
2.22556  3.06726  
1.22549  4.16066  
1.9255  3.05034  
0.617243  4.42657  
1.37183  4.2032  
1.87028  3.36745  
1.02922  4.31073  
0.598966  4.5966  
1.29476  4.30883  
1.79254  3.13056  
1.07759  4.38925  
2.25702  2.45472  
0.941985  4.33294  
1.33008  4.05777  
0.903168  4.47062  
1.35358  4.09983  
1.26142  4.29691  
1.77736  3.17086  
2.06123  2.96159  
0.578159  4.51214  
1.53388  3.65861  
0.631306  4.56813  
1.36333  4.24027  
1.50286  3.60074  
2.18697  2.38574  
1.33401  3.83037  
2.03593  2.76122  
1.82196  3.66573  
1.88374  3.36173  
0.721664  4.53042  
2.16061  2.7638  
0.94381  4.42517  
1.67319  3.70624  
2.04178  2.67501  
0.490596  4.47344  
1.91954  3.31907  
2.21173  2.71196  
0.99823  4.29111  
2.25  2.05785  
1.54995  3.69009  
1.03272  4.48338  
1.30391  4.3798  
1.30398  4.27325  
2.3822  1.34184  
2.23388  2.54957  
2.15136  2.70606  
0.774126  4.42288  
0.675383  4.47744  
1.3466  4.05943  
0.89579  4.40826  
1.20496  4.34797  
1.48761  3.98485  
1.62544  3.96129  
1.59038  3.84705  
2.02447  2.82123  
2.26404  2.07346  
2.15138  2.80486  
0.518382  4.51736  
1.52729  3.74041  
1.93336  3.33617  
0.584987  4.51048  
1.85683  3.1657  
1.59202  3.60677  
0.576921  4.50267  
0.763767  4.39922  
1.50473  3.9648  
0.740428  4.60061  
1.69577  3.40215  
1.81125  3.63857  
2.08924  3.13331  
1.91632  3.44176  
1.81243  3.64672  
1.89935  3.5761  
0.517815  4.51779  
1.65604  3.58476  
1.72603  3.58614  
1.29131  4.17518  
1.99209  3.14963  
1.51479  4.03578  
0.679015  4.57743  
1.01586  4.46003  
2.17094  2.60757  
2.33869  2.00948  
2.18179  2.87804  
1.66198  3.71959  
1.4984  3.85595  
1.54282  3.64641  
1.93082  3.06012  
2.47159  1.13518  
2.07554  2.81664  
2.04563  2.96376  
1.80556  3.36867  
1.26705  4.31072  
1.133  4.25866  
2.10446  2.93112  
1.06137  4.16876  
1.85408  3.65505  
1.16217  4.15792  
1.10849  4.43049  
1.99135  3.13209  
1.79429  3.6065  
2.46784  2.07122  
2.09396  3.17933  
2.37628  1.78474  
0.914121  4.39564  
1.94739  2.98772  
1.58296  3.74442  
2.10098  3.04956  
1.00964  4.23786  
1.49124  4.03675  
0.767227  4.42737  
1.12683  4.08093  
1.59475  3.67021  
0.930124  4.32567  
2.1531  2.15464  
2.04458  2.7317  
2.30982  1.7013  
1.95438  3.60221  
1.01922  4.20147  
1.43104  3.79606  
1.23032  3.99169  
1.05716  3.99821  
1.72543  3.11181  
1.39447  3.83253  
1.53463  3.92734  
1.50586  3.31935  
0.76281  4.43609  
1.41574  3.64699  
1.61537  3.28779  
1.49496  3.65146  
1.6415  3.03345  
1.22889  3.7838  
0.453205  4.45144  
2.41675  1.95852  
1.7383  2.78649  
1.44051  4.16984  
2.00286  0.00290641  
0.137163  4.1339  
1.94482  2.9575  
1.8746  2.63408  
1.91972  2.53644  
0.990928  4.06492  
1.38813  4.27011  
0.965165  4.45192  
1.9841  3.06856  
2.24303  2.53066  
1.8635  2.71017  
1.39171  3.9817  
1.70001  3.33256  
2.42462  0.428491  
0.658392  4.51425  
1.68318  3.5638  
1.80213  3.22845  
0.75523  4.6487  
1.55159  3.8233  
0.723531  4.56086  
2.57601  1.17257  
2.28879  1.84227  
1.20236  4.24446  
1.15181  4.126  
2.21065  2.41574  
1.7156  3.46665  
2.31508  2.17283  
1.08836  4.30297  
2.18648  2.54074  
1.80545  3.95301  
1.65794  3.72332  
1.06684  4.43193  
1.87647  3.20567  
1.40921  4.12066  
0.853209  4.51343  
1.9049  3.35112  
1.74151  3.3829  
2.19887  2.60312  
1.74062  3.66247  
1.74527  3.66281  
1.16006  4.36808  
1.99135  3.13209  
1.45321  4.35739  
2.0357  3.08718  
1.45417  4.35657  
1.79591  3.96955  
2.41265  0.576449  
1.29343  4.31214  
1.62637  3.40496  
1.62637  3.40496  
1.32836  3.81698  
1.95254  2.58239  
1.75292  2.91717  
1.28851  3.7333  
1.86185  2.72343  
1.21594  3.82498  
2.14678  1.75073  
1.47808  3.50957  
0.743788  4.23254  
1.77487  3.26845  
1.91662  2.41566  
2.03789  2.03029  
1.56995  3.35774  
1.27035  3.73659  
1.75387  2.89373  
0.444314  4.29554  
2.25643  1.2498  
0.615307  4.10688  
2.18992  0.775407  
0.790138  3.93384  
0.296138  4.28394  
1.85977  2.67727  
1.09542  3.73399  
1.72874  2.64482  
1.71057  2.85632  
1.5497  3.03075  
0.861968  3.81188  
1.23299  3.7619  
2.08585  1.39007  
1.24636  3.58187  
1.15796  3.57855  
1.57375  2.79553  
1.16164  3.52193  
0.56237  4.41102  
1.33918  3.59415  
1.20419  3.49677  
1.0368  3.58564  
1.62859  2.88712  
1.75182  2.77752  
2.19511  1.20975  
1.70621  2.20402  
1.40048  3.33477  
1.85946  2.0871  
1.88568  2.07233  
2.00078  0.000784567  
1.61659  3.20235  
0.772188  3.9169  
2.15609  1.38221  
0.00131898  4.00131  
1.58396  2.59148  
1.95174  1.57787  
1.47605  3.18427  
2.22647  0.22669  
0.976985  3.75295  
1.86562  2.37307  
1.84978  2.08796  
1.22308  3.29918  
1.38521  3.22773  
0.993782  3.83813  
2.0532  1.48783  
1.32435  3.49395  
1.13233  3.87246  
1.51204  3.47685  
1.83356  2.53465  
1.71544  2.77216  
0.964518  3.8992  
1.38638  3.44152  
1.51752  3.16138  
0.982763  3.85751  
2.18893  1.1243  
1.96963  1.74723  
1.71107  2.83549  
0.927022  4.12045  
0.593429  4.19549  
0.961644  3.9037  
1.70459  2.88105  
2.25044  0.361216  
1.8579  2.19256  
0.338088  4.29219  
1.53394  3.19899  
1.97849  1.79815  
0.975093  3.9485  
1.41508  2.83056  
1.13617  3.837  
1.2539  3.68852  
0.559461  4.22237  
1.40471  3.47147  
0.336358  4.19977  
2.09355  1.60426  
1.15116  3.79528  
1.69414  3.01774  
1.89217  1.73844  
1.33035  3.59553  
1.86488  2.62064  
0.711743  4.1844  
1.60021  3.16006  
1.09893  3.9127  
1.82007  2.76391  
0.885082  3.84358  
1.45543  3.06533  
1.12896  3.58462  
0.931057  3.77153  
2.08321  1.02028  
1.90864  1.86261  
1.56453  2.8025  
0.776582  3.87379  
1.26384  3.36889  
1.97594  1.42936  
1.40403  3.11894  
1.83827  2.01108  
0.593705  4.02908  
1.62656  2.58238  
1.00312  3.62846  
2.1069  0.161794  
0.888544  3.81003  
1.525  2.89256  
1.36834  3.17814  
1.82387  1.90405  
1.32742  3.14378  
1.72365  2.39952  
1.7401  2.16562  
1.39644  3.01891  
1.67667  2.39036  
1.16112  3.42612  
1.50286  2.97261  
1.08522  3.49551  
1.40504  3.01014  
1.31378  3.16302  
1.5703  2.75463  
1.98761  1.03364  
0.98565  3.58943  
0.838672  3.81194  
0.522983  3.98549  
2.04385  0.976051  
1.49864  2.81758  
1.31972  3.14723  
1.09695  3.4659  
1.79629  2.05333  
1.38569  3.02733  
0.63858  3.90976  
1.52719  2.77423  
1.6727  2.41069  
0.573689  3.94214  
1.89259  1.29832  
1.16893  3.36187  
0.904335  3.74729  
1.41454  2.82902  
0.962631  3.50739  
0.840361  3.63096  
1.75243  1.92952  
1.51051  2.62392  
1.33969  3.07467  
2.00037  0.000374482  
0.0006221  4.00062  
0.417526  4.13099  
0.686586  3.76097  
1.50018  2.81494  
1.20669  3.19336  
1.59629  2.41256  
1.8243  1.64898  
1.96839  1.08083  
1.68171  2.17401  
1.94536  1.33054  
1.95992  1.21778  
1.1282  3.41153  
2.09062  0.100371  
2.02467  1.03208  
0.524547  3.99836  
0.660485  3.9102  
1.85123  1.79081  
1.28622  3.23899  
1.69433  2.33554  
0.773867  3.86222  
0.464751  4.08832  
1.37055  3.08894  
2.05537  0.713051  
1.92231  1.44615  
1.77525  2.11051  
1.61307  2.56801  
1.47719  2.92265  
1.73956  2.22128  
1.21251  3.37297  
1.10219  3.52054  
1.81242  2.0077  
1.89924  1.66432  
1.59134  2.65145  
1.25099  3.31496  
2.00806  1.21795  
1.45043  3.02152  
0.939727  3.72037  
1.06536  3.56866  
1.68414  2.49422  
1.42294  3.07007  
1.65029  2.55485  
1.8352  1.99632  
2.02101  1.12249  
1.33106  3.2473  
0.476491  4.08164  
1.506  2.72331  
1.94667  1.15044  
1.07932  3.44056  
1.81111  1.85534  
1.75641  2.04749  
0.478495  3.99132  
1.12504  3.37453  
1.46861  2.80663  
1.35799  3.01462  
1.56724  2.59061  
1.96174  1.0624  
1.87924  1.52353  
1.78713  1.94799  
0.683609  3.82611  
1.63241  2.42291  
1.42062  2.90477  
0.572722  3.91696  
1.92381  1.2663  
1.29494  3.10249  
1.54  2.55439  
0.318998  3.99431  
1.33598  2.97756  
1.48862  2.67346  
1.10639  3.35428  
0.767404  3.74533  
0.561092  3.88261  
0.59363  3.86455  
0.377449  3.96667  
1.4824  2.69233  
1.37548  2.90556  
1.7154  2.06081  
1.49178  2.67068  
1.26044  3.10729  
1.04576  3.4698  
1.46082  2.73269  
1.14255  3.28714  
1.97874  0.601176  
1.07317  3.37624  
1.75053  1.93532  
1.06611  3.39053  
1.55536  2.51539  
1.78563  1.80297  
0.965845  3.50319  
1.5819  2.44851  
0.900855  3.57298  
1.41328  2.83068  
2.00098  0.651089  
1.92075  1.11727  
1.31453  3.01581  
1.89153  1.30156  
1.00308  3.53412  
0.000239872  4.00024  
1.28444  3.06938  
2.00028  0.000277932  
1.44632  2.7721  
0.650415  3.78301  
1.96597  0.789828  
0.335762  3.98536  
1.19395  3.27097  
1.20746  3.18923  
0.733369  3.77136  
1.95236  0.869734  
0.443055  3.90211  
1.63576  2.3533  
1.82204  1.65056  
1.4576  2.75628  
1.85808  1.48168  
1.59474  2.41456  
1.52315  2.67531  
0.82111  3.64782  
0.815655  3.73106  
1.63652  2.30086  
1.50846  2.62715  
1.67661  2.18161  
1.69359  2.13117  
1.44105  2.77639  
1.69513  2.14061  
1.8804  1.38788  
1.73449  1.99643  
1.76402  1.88923  
1.83063  1.61462  
1.24019  3.14057  
1.57565  2.46458  
0.92662  3.6121  
0.790061  3.72474  
1.83921  1.73588  
1.84639  1.58669  
1.01566  3.49353  
1.41674  2.82401  
0.813911  3.70322  
0.429912  3.95569  
1.04189  3.47828  
0.751161  3.76789  
1.2019  3.26609  
1.05908  3.46573  
1.06333  3.45955  
0.646218  3.86408  
2.03305  0.0359287  
0.338736  4.02719  
1.10243  3.40447  
1.37836  2.89839  
1.01239  3.4497  
1.66602  2.21316  
1.85131  1.51357  
1.78135  1.81863  
0.946064  3.52421  
0.713549  3.73679  
0.671029  3.76817  
1.86789  1.42978  
0.796935  3.66876  
0.910674  3.56131  
0.835759  3.63403  
1.76155  1.8942  
1.79932  1.74645  
1.88399  1.34262  
0.755608  3.70358  
1.83436  1.59398  
0.573328  3.83215  
1.90013  1.24825  
0.464619  3.8906  
0.195061  3.98096  
1.55173  2.52363  
1.71516  2.05745  
1.14927  3.27367  
1.99062  0.387294  
1.36452  2.92448  
1.67662  2.18083  
1.78964  1.78581  
1.26059  3.10547  
1.92353  1.09558  
1.63596  2.30106  
0.547693  3.84713  
1.97882  0.580764  
1.8596  1.47232  
0.291754  3.95724  
1.50779  2.62804  
0.963425  3.50534  
0.492652  3.87677  
1.91592  1.1477  
1.89185  1.29766  
1.0281  3.43107  
2.00003  2.54671e-05  
1.82565  1.63349  
1.75192  1.92956  
2.77959e-05  4.00003  
0.649281  3.78337  
1.8168  1.67246  
0.434251  3.9046  
1.20593  3.1911  
1.28735  3.06124  
0.734477  3.72053  
0.891894  3.58026  
1.59484  2.41375  
1.46208  2.72938  
0.816252  3.65172  
0.874241  3.59764  
1.9662  0.732467  
1.31337  3.0167  
1.95951  0.800896  
1.41429  2.82829  
1.08963  3.35425  
0.367346  3.93196  
0.599105  3.81634  
1.93833  0.985801  
1.90801  1.19928  
0.776589  3.68617  
1.87579  1.38778  
1.8083  1.70894  
1.8436  1.55075  
0.995904  3.46885  
1.77147  1.85682  
1.93095  1.0421  
0.855485  3.61563  
0.928707  3.54262  
0.520756  3.86205  
0.69289  3.75231  
0.24743  3.9693  
1.65627  2.24218  
1.11996  3.31407  
1.38978  2.8765  
1.95238  0.867766  
1.69643  2.11865  
1.23335  3.14892  
1.57324  2.46979  
0.400407  3.91904  
1.33918  2.97098  
1.0592  3.39302  
1.73397  1.99339  
1.17778  3.23288  
1.48536  2.67861  
1.61569  2.35763  
1.53027  2.57554  
0.128853  3.99171  
1.99583  0.2589  
1.98505  0.488341  
1.97262  0.65977  
0.328787  3.94561  
0.624105  3.80028  
1.43835  2.77937  
1.94534  0.928882  
1.22044  3.16893  
1.01289  3.44909  
1.68671  2.14943  
1.81696  1.67173  
0.910461  3.5615  
0.834888  3.63481  
1.88406  1.34213  
0.796652  3.66898  
0.946609  3.5236  
1.78088  1.82041  
1.7619  1.89283  
1.79927  1.74656  
0.714342  3.73616  
0.756034  3.7032  
0.671066  3.76812  
1.86811  1.4285  
1.85166  1.51176  
0.873194  3.59863  
1.83442  1.59364  
0.624478  3.80002  
1.90007  1.24858  
1.91579  1.1485  
1.55212  2.52263  
1.63677  2.29868  
1.14945  3.27338  
1.48492  2.67957  
1.99056  0.388197  
1.36499  2.92355  
1.71545  2.05644  
0.648655  3.78378  
1.02867  3.43036  
0.776467  3.68625  
0.735354  3.71982  
1.46176  2.73003  
0.892337  3.5798  
1.85993  1.47057  
1.92347  1.09594  
1.96612  0.733127  
0.547688  3.8471  
1.9788  0.58088  
1.314  3.01556  
1.89179  1.29788  
2  9.79192e-07  
0.964112  3.50456  
0.816094  3.65185  
1.75221  1.9285  
1.41418  2.8285  
0.692852  3.75231  
1.093e-06  4  
1.26107  3.10465  
1.20654  3.19016  
1.59521  2.41272  
0.434028  3.90468  
1.79001  1.78421  
0.290136  3.95769  
1.50789  2.62776  
1.95225  0.868887  
0.193055  3.98132  
1.0904  3.35323  
1.82561  1.6336  
1.67667  2.18062  
0.366031  3.93244  
0.492439  3.87686  
1.93822  0.986541  
1.53035  2.57528  
1.90798  1.19934  
0.599406  3.81613  
1.84309  1.55309  
0.854457  3.61658  
1.77134  1.85726  
1.87623  1.3853  
0.928538  3.54278  
1.12022  3.31368  
1.80823  1.70915  
1.69637  2.11882  
1.57382  2.46827  
0.996576  3.46805  
1.05981  3.39222  
0.573942  3.83176  
1.17819  3.23226  
1.61625  2.35605  
1.28805  3.06003  
1.65695  2.24012  
1.33977  2.96986  
1.43812  2.7798  
1.73409  1.99293  
1.38971  2.8766  
1.23453  3.14702  
0.463827  3.89095  
1.99579  0.259481  
0.129203  3.99165  
0.244301  3.97005  
1.98494  0.489969  
1.97264  0.65942  
0.400677  3.91891  
1.95936  0.802313  
0.520303  3.86227  
1.94539  0.928373  
0.32949  3.94535  
1.93104  1.04131  
1.04409  3.41167  
1.74302  1.96152  
0.980637  3.48617  
0.91022  3.56174  
0.796731  3.66891  
1.76189  1.89287  
1.81709  1.67117  
1.78074  1.82095  
1.79918  1.74692  
0.94634  3.52388  
0.873729  3.59811  
0.835618  3.63414  
1.83449  1.5933  
0.756559  3.70277  
1.85152  1.51245  
1.86805  1.42881  
0.670611  3.76844  
1.88407  1.34207  
0.714743  3.73585  
0.623967  3.80035  
1.91586  1.14803  
1.90005  1.24868  
0.193487  3.98124  
1.77143  1.85694  
1.14931  3.27358  
1.02835  3.43074  
1.65703  2.23986  
1.63676  2.29871  
1.79004  1.7841  
1.98507  0.487883  
0.892153  3.57998  
1.85987  1.47092  
1.17808  3.23241  
0.547608  3.84714  
1.9523  0.868349  
1.71533  2.05683  
1.97889  0.579646  
0.599346  3.81617  
0.290019  3.95772  
1.46181  2.72993  
1.31395  3.01565  
1.89189  1.29729  
1.96621  0.732212  
1.92356  1.09531  
1.75237  1.92791  
0.964024  3.50466  
0.6485  3.78389  
1.55233  2.52212  
1.4142  2.82845  
1.36491  2.9237  
1.20635  3.19044  
0.735603  3.71962  
1.59525  2.41262  
0.776674  3.68607  
1.57934e-07  4  
0.996852  3.46773  
1.09012  3.35359  
1.93836  0.985453  
1.26109  3.10462  
1.5079  2.62773  
0.244527  3.96999  
2  1.52213e-07  
0.81617  3.65178  
1.80819  1.70934  
0.434253  3.90457  
1.82585  1.6325  
1.67687  2.18001  
0.492802  3.87667  
0.366386  3.93231  
1.90809  1.19868  
1.99064  0.386538  
0.692615  3.75248  
1.97273  0.65824  
1.87612  1.3859  
1.23402  3.14782  
1.84309  1.55308  
1.57397  2.46789  
0.854715  3.61633  
0.928494  3.54282  
1.73397  1.99332  
1.05966  3.39242  
1.61625  2.35605  
1.11999  3.31399  
1.69622  2.11929  
1.48501  2.67936  
1.28772  3.06057  
1.3897  2.87663  
0.464048  3.89084  
1.53026  2.57551  
1.43821  2.7796  
1.33972  2.96995  
0.129202  3.99164  
1.99585  0.257556  
0.329342  3.94539  
1.95939  0.801982  
0.401154  3.91871  
1.93106  1.04115  
1.94545  0.927836  
0.520459  3.86219  
0.573751  3.83187  
1.70575  2.08845  
1.04416  3.41158  
0.873526  3.59831  
0.946456  3.52376  
1.78078  1.82079  
1.76191  1.8928  
1.79914  1.7471  
1.81706  1.67128  
0.835626  3.63413  
0.910436  3.56152  
1.85156  1.51224  
0.75614  3.70311  
1.83456  1.59298  
0.714188  3.73627  
0.67097  3.76818  
0.796392  3.6692  
1.86808  1.42868  
1.8841  1.34188  
0.57382  3.83183  
1.90008  1.24854  
1.93111  1.04081  
0.193505  3.98123  
1.26106  3.10465  
1.55226  2.52229  
1.46179  2.72996  
1.63669  2.2989  
1.73398  1.99329  
1.71528  2.05701  
0.892006  3.58013  
1.90808  1.19871  
1.8599  1.47076  
1.91598  1.1472  
1.92361  1.09496  
1.50782  2.6279  
1.78999  1.78429  
0.547676  3.8471  
0.290054  3.95771  
1.31392  3.01571  
1.99062  0.386893  
1.96621  0.732212  
1.8919  1.29723  
1.36491  2.9237  
1.97887  0.579934  
1.98502  0.488584  
0.963935  3.50476  
1.59518  2.41279  
2  2.99542e-08  
1.41414  2.82857  
0.434237  3.90458  
1.75232  1.92809  
1.67672  2.18047  
3.39601e-08  4  
1.9523  0.868349  
1.77141  1.857  
0.81628  3.65168  
0.648764  3.7837  
0.735345  3.71982  
1.02844  3.43063  
1.20638  3.19039  
1.82585  1.6325  
1.09019  3.3535  
1.01256  3.44947  
1.43823  2.77956  
1.1494  3.27346  
0.366211  3.93237  
1.12009  3.31385  
0.492683  3.87673  
0.624254  3.80016  
0.59929  3.8162  
1.48505  2.67928  
1.93835  0.98547  
1.87616  1.38567  
0.520557  3.86213  
0.776408  3.68629  
0.3294  3.94537  
1.84313  1.55288  
0.692852  3.75231  
1.80816  1.70945  
0.928573  3.54274  
0.854806  3.61624  
0.996498  3.46814  
1.05972  3.39234  
1.69616  2.11949  
1.65687  2.24034  
1.17814  3.23233  
1.6161  2.35645  
1.28779  3.06045  
1.57396  2.46792  
1.33967  2.97004  
1.53026  2.57551  
1.23402  3.14782  
1.38972  2.87657  
0.129  3.99167  
1.99584  0.258003  
0.244527  3.96999  
1.97272  0.658465  
1.9594  0.801878  
0.401034  3.91876  
1.94544  0.927908  
0.46383  3.89094  
1.01261  3.44942  
1.70591  2.08793  
0.910503  3.56145  
1.81707  1.67125  
0.835643  3.63412  
1.78077  1.82082  
1.76193  1.89272  
1.79915  1.74708  
0.946397  3.52382  
0.873471  3.59836  
0.755994  3.70323  
1.85159  1.51212  
1.86808  1.42869  
1.83454  1.59305  
1.8841  1.34192  
0.714266  3.73621  
0.670878  3.76825  
0.796529  3.66908  
0.573776  3.83186  
1.91593  1.14751  
1.90005  1.24869  
0.193505  3.98123  
1.55228  2.52223  
1.53026  2.57551  
1.26116  3.10449  
1.20647  3.19026  
1.14941  3.27344  
2  1.17252e-08  
1.63672  2.29882  
1.46187  2.7298  
1.79002  1.7842  
1.99062  0.386939  
0.366191  3.93238  
0.547702  3.84709  
1.48505  2.67928  
1.92355  1.0954  
0.735378  3.71979  
0.289899  3.95776  
0.599286  3.81621  
1.71534  2.0568  
1.8599  1.47076  
1.97887  0.579934  
1.365  2.92354  
1.31406  3.01545  
1.33976  2.96987  
1.75232  1.92807  
1.63528e-08  4  
0.964053  3.50463  
1.9523  0.868377  
1.41426  2.82834  
0.692807  3.75234  
0.64866  3.78378  
0.434162  3.90461  
0.892181  3.57995  
1.02845  3.43062  
1.93834  0.985583  
1.61621  2.35616  
1.89187  1.29741  
0.816322  3.65164  
1.38991  2.87621  
1.59524  2.41263  
1.82582  1.63265  
1.09017  3.35353  
1.67679  2.18025  
1.50786  2.62782  
1.96621  0.732211  
0.492748  3.8767  
1.90808  1.19874  
1.84313  1.55291  
0.776375  3.68632  
1.87616  1.38569  
1.43828  2.77946  
1.19245  3.21127  
0.854711  3.61634  
1.73404  1.99311  
1.7714  1.85701  
1.234  3.14785  
0.928514  3.5428  
1.80817  1.70939  
0.996595  3.46802  
1.69621  2.11931  
1.05961  3.39247  
1.65696  2.24007  
1.17816  3.23229  
1.12008  3.31386  
1.28776  3.0605  
1.57395  2.46795  
0.129025  3.99167  
1.99584  0.257918  
1.98501  0.488786  
0.24449  3.97  
0.400971  3.91879  
0.329299  3.94541  
1.97271  0.658553  
1.9594  0.801889  
1.94543  0.927974  
0.520655  3.86208  
0.463921  3.8909  
1.93106  1.04117  
0.624276  3.80015  
1.04411  3.41165  
0.98077  3.48602  
0.946428  3.52379  
1.76193  1.89273  
1.78077  1.82083  
1.79914  1.74711  
0.910503  3.56145  
0.873589  3.59824  
1.81707  1.67125  
0.835667  3.63409  
0.796611  3.66901  
1.83454  1.59305  
1.85157  1.5122  
0.756153  3.7031  
1.8841  1.34189  
0.671006  3.76816  
1.86809  1.4286  
0.573884  3.83179  
1.90007  1.2486  
1.91589  1.14781  
0.366172  3.93239  
1.70587  2.08806  
1.02849  3.43057  
1.97887  0.579934  
1.99062  0.386934  
1.36499  2.92356  
1.69624  2.11921  
1.79001  1.78423  
0.193507  3.98123  
1.90807  1.19881  
1.8599  1.47076  
0.520655  3.86208  
0.735424  3.71976  
1.09023  3.35344  
1.26122  3.10441  
1.14947  3.27336  
1.314  3.01556  
0.54772  3.84708  
1.17822  3.23221  
1.92355  1.09537  
0.28994  3.95774  
0.648705  3.78375  
1.75234  1.928  
1.93105  1.04125  
1.89188  1.29736  
1.61617  2.35627  
2.63997e-09  4  
0.492765  3.87669  
1.41422  2.82841  
0.434215  3.90459  
0.964053  3.50463  
2  2.26096e-09  
1.71534  2.05681  
0.816333  3.65163  
1.59521  2.41271  
1.63675  2.29875  
1.9523  0.868353  
0.892168  3.57996  
1.82583  1.6326  
1.46182  2.72989  
1.55229  2.52222  
1.20645  3.19028  
1.67679  2.18025  
1.50783  2.62788  
1.9662  0.732269  
1.93834  0.985583  
0.599394  3.81614  
0.692862  3.7523  
1.87618  1.38558  
1.84312  1.55294  
0.776547  3.68618  
1.97271  0.658553  
0.854777  3.61627  
1.80816  1.70947  
0.928583  3.54273  
1.77141  1.85701  
0.996627  3.46799  
1.05968  3.39239  
1.73404  1.99311  
1.65696  2.24008  
1.12014  3.31378  
1.23408  3.14773  
1.57392  2.46801  
1.53027  2.57548  
0.129025  3.99167  
1.48505  2.67928  
1.33971  2.96996  
1.43824  2.77953  
1.28787  3.06033  
1.38982  2.87638  
1.99583  0.258039  
1.98501  0.488786  
0.463935  3.89089  
0.244414  3.97002  
0.714345  3.73615  
0.329251  3.94542  
0.400918  3.91881  
1.9594  0.801877  
1.94544  0.92797  
0.624364  3.80009  
