0.25489  1.13599  
0.885548  0.657923  
0.265982  1.14009  
0.66128  0.943697  
0.656002  0.883925  
0.38502  1.12039  
0.493326  1.02771  
0.872288  0.668618  
0.55675  1.03733  
0.248142  1.16193  
0.93177  0.642487  
0.707915  0.903132  
1.04499  0.374915  
0.418555  1.09616  
0.459799  1.02468  
1.00662  0.521892  
0.34508  1.15086  
0.641317  0.942838  
0.78362  0.813691  
0.967655  0.542565  
0.468619  1.11094  
1.0459  0.387651  
0.308473  1.17927  
1.00288  0.449566  
0.323259  1.13482  
0.231102  1.18633  
0.525884  1.08063  
1.03224  0.372232  
0.647791  0.938109  
0.837145  0.754339  
0.677594  0.962805  
0.881193  0.646947  
0.857846  0.668505  
0.328053  1.16856  
0.728563  0.848063  
0.404916  1.12362  
0.342068  1.12008  
0.881962  0.675303  
1.19994  0.198854  
0.187033  1.15987  
0.547718  0.991513  
0.47194  1.05662  
0.275277  1.15059  
0.417724  1.11302  
1.16498  0.159705  
0.514789  1.09705  
1.0537  0.411465  
0.922718  0.583535  
0.459006  1.10462  
0.377953  1.1074  
0.923714  0.567137  
0.621847  0.999918  
0.452245  1.07818  
1.02429  0.380265  
0.442156  1.09021  
0.863419  0.735748  
0.921456  0.585959  
0.604284  0.940058  
0.204212  1.17307  
0.574661  1.00211  
0.725919  0.88073  
1.03799  0.408971  
0.819115  0.780799  
0.810271  0.747358  
0.63982  0.914654  
0.927438  0.61955  
1.17626  0.172516  
0.952021  0.512301  
0.809543  0.828988  
0.73859  0.845276  
0.204564  1.19445  
0.835938  0.764603  
0.66893  0.958899  
0.764059  0.874698  
0.660507  0.930427  
0.904949  0.597047  
0.756196  0.796467  
0.478006  1.06834  
1.16634  0.206643  
0.293135  1.16925  
0.703095  0.891673  
1.12476  0.398177  
1.10381  0.344495  
0.796409  0.744192  
0.867347  0.630049  
0.910893  0.640451  
0.868939  0.659015  
0.217241  1.14424  
1.1717  0.198222  
0.866357  0.594528  
1.07739  0.388249  
0.789556  0.733171  
0.4366  1.07663  
0.954892  0.530017  
0.183  1.19934  
0.770558  0.754459  
0.312828  1.15632  
0.447946  1.10851  
0.439636  1.10308  
0.522085  1.05237  
0.384327  0.996319  
0.277801  1.04441  
0.63046  0.75571  
0.467137  0.921947  
0.772639  0.5868  
0.0507977  1.11031  
1.09967  0.0864921  
0.0704766  1.08149  
0.51806  0.889031  
0.506869  0.894376  
0.725949  0.68656  
0.739267  0.634234  
0.778648  0.573344  
0.26509  1.04309  
0.618652  0.783859  
0.856181  0.46979  
0.0694921  1.06733  
0.682426  0.695488  
0.0411645  1.09849  
0.877566  0.37406  
0.736613  0.586774  
0.583961  0.789214  
0.697615  0.672186  
0.442955  0.913189  
1.04089  0.0620311  
0.520747  0.851044  
0.721743  0.653488  
0.917912  0.302257  
0.756185  0.553686  
0.530148  0.824519  
0.481405  0.873806  
0.62858  0.714374  
0.795161  0.509154  
0.0443586  1.04359  
0.505003  0.841367  
0.865785  0.399775  
0.96832  0.197619  
0.492144  0.895827  
0.956195  0.241298  
0.929077  0.301722  
0.825362  0.446456  
0.0327254  1.12424  
0.740658  0.604354  
0.47255  0.891181  
0.766337  0.58641  
1.05576  0.0411067  
0.985856  0.245524  
0.428469  0.931651  
0.375032  0.98299  
0.376734  0.96758  
1.00516  0.147556  
0.256547  1.01049  
0.337687  0.97438  
1.01996  0.11052  
0.727319  0.631293  
0.405293  0.9318  
0.982282  0.226779  
0.621049  0.74852  
0.59748  0.763526  
1.03541  0.099465  
0.459406  0.91329  
0.908004  0.391883  
0.789899  0.544653  
0.900177  0.366532  
0.0583  1.07562  
0.469329  0.904382  
0.40271  0.957328  
0.822134  0.507413  
1.05316  0.0642861  
0.876779  0.467742  
0.0351772  1.13428  
0.0815899  1.0468  
0.887066  0.370638  
0.991368  0.215178  
0.648685  0.723675  
0.939077  0.263779  
0.73131  0.654588  
0.476403  0.902445  
0.828481  0.494442  
0.274286  1.01739  
0.936763  0.30853  
0.245406  1.01829  
1.0271  0.131842  
0.62338  0.7529  
1.04811  0.148849  
0.780687  0.555729  
0.689639  0.674381  
1.0474  0.0925494  
0.563228  0.829015  
1.00962  0.171393  
0.407559  0.973315  
0.843562  0.473868  
0.884921  0.347913  
0.954806  0.278801  
0.713214  0.691565  
0.608164  0.799271  
0.045886  1.1021  
0.35903  0.991184  
0.930708  0.335951  
0.877481  0.45271  
0.603241  0.767406  
0.646723  0.703849  
0.90839  0.331662  
0.351887  0.952882  
0.732225  0.589655  
0.855259  0.388551  
0.497524  0.855841  
0.960463  0.210172  
0.0869112  1.02976  
0.986928  0.162955  
0.660958  0.678316  
0.928037  0.304425  
0.456076  0.878541  
0.0447157  1.06563  
0.754369  0.543418  
0.611874  0.729841  
0.874053  0.363738  
0.342019  0.950464  
0.711723  0.596113  
0.800802  0.472282  
0.447829  0.877114  
0.429899  0.902906  
0.288685  0.984744  
0.823257  0.43308  
0.90051  0.30358  
0.361467  0.948344  
1.06107  0.0455726  
0.963545  0.185553  
0.468334  0.854528  
0.742874  0.542881  
0.631099  0.692974  
1.06389  0.0340471  
0.986578  0.146346  
0.848811  0.373961  
0.371808  0.918821  
0.691879  0.609745  
0.225455  1.00184  
0.600801  0.727574  
0.869821  0.339512  
0.887465  0.33284  
0.793549  0.500622  
0.495779  0.828385  
0.0251015  1.06534  
0.290576  0.985725  
0.972466  0.188136  
0.944989  0.209028  
1.11767  0.0256005  
0.64974  0.668616  
0.869185  0.37271  
0.758671  0.524821  
0.60365  0.723946  
0.411462  0.897301  
0.0350072  1.04483  
0.915086  0.270338  
0.780717  0.49506  
0.663299  0.646464  
1.03308  0.0357826  
1.07329  0.033103  
0.0423594  1.02939  
0.312904  0.960256  
0.818434  0.428223  
1.02092  0.0755755  
0.701548  0.628283  
0.548335  0.778472  
0.517618  0.813283  
0.720526  0.568379  
0.589298  0.763362  
0.536426  0.79326  
0.713467  0.580622  
0.0312115  1.06529  
0.681484  0.62683  
0.938809  0.242697  
1.02904  0.0428039  
0.544311  0.803414  
1.09293  0.029966  
0.891306  0.326519  
0.578623  0.768838  
1.01261  0.0927266  
0.253142  1.01824  
0.990942  0.14243  
0.592251  0.747391  
1.07172  0.0338896  
0.959003  0.199407  
0.532476  0.803039  
0.367631  0.94127  
1.01116  0.0952301  
0.49323  0.850043  
0.433897  0.895868  
1.03921  0.0519494  
0.309314  0.980776  
0.57742  0.770521  
1.00169  0.102678  
0.708012  0.608152  
0.728967  0.56781  
0.649488  0.681017  
0.757232  0.542741  
0.049366  1.03591  
1.10739  0.0351723  
0.027486  1.13002  
0.373874  0.941354  
0.463958  0.85784  
0.337085  0.940595  
0.852111  0.366286  
0.514403  0.801461  
0.680503  0.617035  
0.659429  0.656032  
0.929843  0.227513  
0.5621  0.759186  
0.832181  0.398092  
0.025175  1.03017  
0.710495  0.577995  
0.875263  0.319882  
0.178384  1.01517  
0.950742  0.20249  
0.92669  0.244246  
0.80258  0.449336  
0.96583  0.173739  
0.977313  0.142436  
0.472369  0.84871  
0.321843  0.949609  
0.778188  0.501063  
0.511552  0.806657  
0.999207  0.101931  
0.51501  0.79826  
0.722625  0.556457  
0.681175  0.608536  
0.760658  0.5197  
0.441382  0.883492  
0.82915  0.404697  
0.0287378  1.02774  
0.821452  0.415331  
0.350793  0.930495  
0.368537  0.916918  
0.281997  0.97293  
0.394419  0.902932  
0.978358  0.132809  
0.258021  0.984412  
0.54303  0.77011  
0.639139  0.665453  
0.500108  0.813241  
0.594328  0.718666  
0.598039  0.712904  
0.474781  0.844421  
0.0205208  1.10069  
1.01008  0.0673943  
0.574008  0.742058  
0.693012  0.593802  
0.853059  0.358345  
0.737297  0.539322  
0.0233782  1.03158  
1.04489  0.023599  
0.168602  1.01642  
0.897926  0.281967  
0.954561  0.177437  
0.306855  0.955662  
0.807402  0.434438  
0.915916  0.250972  
0.789117  0.467282  
0.452921  0.86122  
0.247319  0.987377  
0.324167  0.940754  
0.200163  1.00205  
0.927931  0.227811  
0.8474  0.367729  
0.617473  0.695787  
0.482882  0.833476  
0.464981  0.853547  
0.872912  0.323231  
0.415709  0.893775  
0.660249  0.635946  
0.885159  0.304998  
0.773255  0.504569  
0.707516  0.579258  
1.03011  0.0280407  
0.863651  0.337798  
0.650477  0.660275  
1.02593  0.0318694  
0.970708  0.155199  
0.562497  0.752655  
0.228268  0.993404  
0.627657  0.684499  
0.149125  1.02127  
0.490519  0.8296  
0.186576  1.00749  
0.585097  0.73204  
0.800325  0.452375  
0.78423  0.482401  
0.0208774  1.0675  
0.877796  0.316987  
0.942238  0.204948  
0.745323  0.535656  
0.893802  0.292732  
0.71716  0.569613  
0.614191  0.698873  
0.832869  0.389453  
0.677077  0.623266  
0.840497  0.382987  
0.298666  0.967824  
0.276589  0.978964  
0.432342  0.891592  
0.178074  1.00775  
0.986006  0.112421  
0.427585  0.877956  
0.0273443  1.02641  
0.692557  0.594282  
0.454544  0.852706  
0.950046  0.190525  
0.612426  0.695119  
0.29563  0.9588  
0.791432  0.456514  
0.3436  0.933229  
0.399952  0.899918  
0.372438  0.911754  
1.02764  0.0225874  
1.00352  0.0828432  
0.856139  0.346839  
0.767732  0.493287  
0.565367  0.744876  
0.846044  0.364086  
0.224423  0.992311  
0.53587  0.774926  
0.828737  0.39518  
0.29979  0.954324  
0.168007  1.0101  
0.034132  1.02364  
0.570949  0.737889  
0.962798  0.157837  
0.197595  0.994727  
0.840838  0.370189  
0.758567  0.499674  
0.904178  0.260829  
0.540576  0.767942  
0.891074  0.283897  
0.831017  0.387267  
0.666792  0.615569  
0.924608  0.227291  
0.861415  0.335551  
0.443981  0.859944  
0.937065  0.199484  
0.457054  0.848981  
0.360819  0.913096  
0.736194  0.53401  
0.429614  0.875897  
0.61629  0.686084  
1.00516  0.0656673  
0.56033  0.751077  
0.777951  0.474913  
1.03353  0.021834  
0.288481  0.965892  
0.696227  0.578058  
1.01321  0.0608291  
0.0200753  1.03499  
0.478187  0.826223  
0.321264  0.940582  
0.407679  0.891209  
0.603881  0.699975  
0.591922  0.710882  
0.852127  0.351774  
0.786606  0.460597  
0.275287  0.971339  
0.64309  0.64927  
0.982168  0.113107  
0.504776  0.804731  
0.953326  0.172826  
0.240847  0.987768  
0.914538  0.25015  
0.675935  0.605411  
0.721188  0.555361  
0.819031  0.414756  
1.02314  0.0277225  
0.13752  1.01765  
0.974239  0.136339  
0.634334  0.664776  
0.994154  0.099616  
0.880484  0.309536  
0.392874  0.901748  
0.65784  0.634603  
0.181399  1.00324  
0.489151  0.821369  
0.79772  0.447643  
0.260567  0.981217  
0.928552  0.218327  
0.0234142  1.02852  
0.772974  0.484739  
0.864918  0.324694  
0.707156  0.572723  
0.520313  0.785424  
0.894496  0.277377  
0.552639  0.75925  
0.80646  0.430293  
0.813432  0.420701  
0.347299  0.930316  
0.419825  0.88463  
0.69374  0.581711  
0.513678  0.79626  
0.750384  0.526951  
0.629645  0.674549  
0.870624  0.319886  
0.968224  0.150908  
0.944436  0.194696  
0.553579  0.751573  
0.957207  0.162787  
0.776309  0.475483  
0.801833  0.431567  
0.578485  0.730282  
0.457067  0.848653  
0.569998  0.736315  
0.880954  0.301555  
0.845253  0.36269  
0.272477  0.970502  
0.952742  0.173808  
0.627219  0.672554  
0.666707  0.615174  
0.897605  0.275611  
0.988973  0.0976548  
0.138158  1.01751  
0.786036  0.46009  
0.739776  0.526531  
0.560234  0.744327  
0.670304  0.606877  
0.821103  0.395639  
0.511862  0.792735  
0.902052  0.259022  
0.264797  0.973865  
0.95891  0.156069  
0.61212  0.685791  
0.863839  0.324543  
0.461737  0.84376  
0.73277  0.5334  
1.00291  0.0648831  
0.803549  0.42736  
0.163018  1.00703  
0.338534  0.926291  
0.0198706  1.03295  
0.520577  0.783368  
0.440106  0.862385  
0.573506  0.73225  
0.298697  0.952851  
0.538993  0.765263  
0.934027  0.197934  
1.02156  0.0278472  
0.886545  0.285375  
0.0232114  1.02027  
0.771939  0.484158  
0.315329  0.941795  
0.619189  0.679872  
0.878177  0.309017  
1.03111  0.019473  
0.357764  0.906551  
0.92265  0.226306  
0.674115  0.600655  
0.483906  0.817938  
0.690633  0.576568  
0.648148  0.639214  
0.590312  0.709845  
0.417806  0.882277  
0.402797  0.89331  
0.642177  0.648414  
1.07737  0.0189178  
0.978351  0.110045  
0.77848  0.468282  
0.195596  0.993984  
0.757436  0.499168  
0.840739  0.367868  
0.717268  0.553813  
0.317431  0.940722  
0.63369  0.662853  
0.224002  0.988638  
0.7929  0.446872  
0.603084  0.694989  
1.01049  0.0546093  
0.851863  0.349963  
0.941976  0.189059  
0.947936  0.180549  
0.993015  0.0913758  
0.501368  0.800559  
0.827407  0.38369  
0.654791  0.629757  
0.973427  0.130988  
0.283381  0.965303  
0.748315  0.518624  
0.177334  1.00029  
0.0294311  1.01951  
0.914346  0.248458  
0.549114  0.754634  
0.53162  0.774848  
0.471587  0.834021  
0.704202  0.569409  
0.23462  0.98736  
0.812973  0.414246  
0.447863  0.854708  
0.431328  0.871556  
0.682385  0.597452  
0.256828  0.978071  
0.858609  0.335286  
0.386708  0.901467  
1.0234  0.0199356  
0.320955  0.939336  
0.493493  0.808538  
0.87044  0.316398  
0.637585  0.649231  
0.723545  0.544781  
0.981642  0.105529  
0.931934  0.199871  
0.317075  0.939398  
0.778622  0.467886  
0.863087  0.326745  
0.736674  0.52686  
0.786062  0.459786  
0.399769  0.889543  
0.0235109  1.01954  
0.433901  0.869218  
0.666214  0.614983  
0.968591  0.138847  
0.633647  0.662164  
0.830214  0.379695  
0.342424  0.920165  
0.744552  0.515793  
0.61444  0.679292  
0.314126  0.940177  
0.875777  0.306433  
0.668988  0.602297  
0.520659  0.779663  
0.402879  0.886873  
0.531311  0.772055  
0.720196  0.545467  
0.780765  0.463764  
0.177133  0.999555  
0.572786  0.729552  
0.970657  0.128253  
0.901942  0.258019  
0.469249  0.833045  
0.732424  0.529934  
0.626779  0.671667  
0.0278307  1.01905  
0.2978  0.952751  
0.757254  0.498601  
0.440168  0.861541  
0.549156  0.745571  
0.932173  0.197215  
0.947357  0.17837  
1.03377  0.0177726  
0.978439  0.108258  
0.64575  0.634793  
0.689334  0.573779  
0.0198263  1.02569  
0.957718  0.155811  
0.826365  0.383835  
1.02263  0.0190149  
0.255623  0.975964  
0.602767  0.694853  
0.716389  0.549015  
0.283385  0.964449  
0.879584  0.284552  
0.850672  0.343893  
1.00638  0.0540289  
0.500603  0.799402  
0.21829  0.986934  
0.538735  0.762225  
0.819723  0.393287  
0.492216  0.805203  
0.801515  0.427162  
0.987796  0.0902939  
0.865863  0.317747  
0.922149  0.22529  
0.460558  0.843865  
0.817797  0.395903  
0.162483  1.00512  
0.589998  0.709546  
0.637846  0.647771  
0.455595  0.847034  
0.338406  0.923363  
0.84042  0.367323  
0.611647  0.685664  
1.00205  0.064868  
0.77252  0.478673  
0.569178  0.736185  
0.42727  0.874828  
0.194579  0.993703  
0.481929  0.818004  
0.7929  0.446654  
0.385983  0.898767  
0.813015  0.412896  
0.5128  0.789776  
0.893361  0.273917  
1.0193  0.0299516  
0.65196  0.62932  
0.913969  0.247971  
0.952041  0.172346  
0.674288  0.596977  
0.845979  0.358916  
0.857728  0.335681  
0.13448  1.01677  
0.272419  0.970133  
0.355887  0.906468  
0.766831  0.48749  
0.941569  0.188374  
0.704252  0.568871  
0.447729  0.854452  
0.41796  0.881437  
0.604103  0.693631  
0.428143  0.873006  
0.491082  0.809109  
0.774535  0.476153  
0.778247  0.467408  
0.968258  0.126751  
0.455367  0.846585  
0.826205  0.383124  
0.161026  1.00668  
0.341943  0.920205  
0.761734  0.493087  
0.837937  0.367533  
0.732342  0.529488  
0.952079  0.171988  
0.633464  0.661918  
0.795424  0.442937  
1.00529  0.0532773  
0.433714  0.867204  
0.417981  0.881128  
0.425779  0.873903  
0.888982  0.271559  
0.957714  0.155379  
0.355559  0.905441  
0.766547  0.487129  
0.572637  0.729556  
0.812748  0.411108  
0.817951  0.393229  
0.255518  0.975661  
0.828584  0.378116  
0.980426  0.0993378  
0.665932  0.60206  
0.719255  0.542058  
0.16284  1.00398  
0.901832  0.258003  
0.651662  0.625311  
0.516728  0.77966  
0.447518  0.853858  
0.879314  0.28437  
0.297745  0.952473  
0.75718  0.498394  
0.999795  0.0660506  
0.967705  0.127985  
0.865732  0.316844  
0.589638  0.709572  
0.0381934  1.0167  
0.626701  0.671009  
0.334363  0.922238  
0.801197  0.426807  
0.0228914  1.0179  
0.850519  0.341026  
0.283304  0.96213  
0.613924  0.678455  
0.833293  0.371528  
0.500007  0.798158  
0.687127  0.573043  
1.00788  0.0493477  
1.0223  0.016728  
0.492098  0.805068  
0.385878  0.891997  
0.780344  0.463595  
0.546381  0.745599  
0.644318  0.633983  
0.0184017  1.02528  
0.598407  0.694266  
0.946851  0.179039  
0.479663  0.817284  
0.931811  0.195276  
0.215763  0.98513  
0.77167  0.478081  
0.73494  0.526555  
0.987327  0.0897191  
0.611322  0.682507  
0.313333  0.939442  
0.922165  0.224984  
0.458854  0.840565  
0.190236  0.994064  
0.637391  0.64732  
0.787282  0.44905  
0.528791  0.771007  
0.744423  0.515775  
0.402878  0.886538  
0.913709  0.247113  
0.439659  0.861415  
0.538663  0.762224  
0.872628  0.303934  
0.858896  0.32934  
1.01868  0.0290224  
0.672781  0.596548  
0.976625  0.109795  
0.468378  0.832997  
0.845505  0.358772  
0.716269  0.548949  
1.02008  0.0243024  
0.1771  0.999526  
0.135414  1.01558  
0.272877  0.969756  
0.940697  0.187362  
0.50959  0.790149  
0.703774  0.568764  
0.567505  0.7366  
0.964678  0.151682  
0.439655  0.85895  
0.946466  0.174432  
0.721017  0.538091  
1.00529  0.0532773  
0.771612  0.478397  
0.455336  0.846505  
0.425693  0.87382  
0.810872  0.416889  
0.280799  0.959789  
0.341613  0.920092  
0.41343  0.883005  
0.8332  0.372278  
0.732285  0.529366  
0.383251  0.894551  
0.159367  1.00489  
0.750488  0.510649  
0.793819  0.441469  
0.633334  0.66188  
0.297671  0.952418  
0.767742  0.484785  
0.845482  0.358367  
0.922088  0.223072  
0.458408  0.840144  
0.572593  0.729489  
0.614039  0.678265  
0.957282  0.155245  
0.0307588  1.01545  
0.976476  0.10037  
0.385836  0.891863  
0.491946  0.80499  
0.282897  0.955548  
0.718643  0.539218  
0.516604  0.779678  
0.0177359  1.03719  
0.850047  0.341131  
0.879068  0.284539  
0.801101  0.426192  
0.761998  0.489189  
0.82558  0.378008  
0.90171  0.257847  
0.651414  0.625143  
0.3093  0.936609  
0.967058  0.126614  
0.931603  0.195497  
0.665939  0.600345  
0.644729  0.629612  
0.440444  0.857972  
1.02236  0.0165062  
0.479633  0.817238  
0.0184721  1.01806  
0.21459  0.984974  
0.538646  0.76222  
0.353159  0.905322  
0.787508  0.445962  
0.687163  0.571969  
0.637212  0.64734  
0.597677  0.694043  
0.162479  1.00375  
0.227447  0.98295  
0.999754  0.0611646  
0.546043  0.745332  
0.865708  0.316831  
0.419928  0.876195  
0.499935  0.797998  
0.33409  0.921782  
0.757118  0.498006  
0.817982  0.390985  
0.743714  0.515199  
0.190346  0.993539  
0.268453  0.967023  
0.67173  0.596489  
0.255484  0.975636  
0.773667  0.472311  
1.00656  0.049281  
0.887225  0.271939  
0.509525  0.789423  
0.98543  0.0891262  
0.52593  0.770525  
0.779641  0.462395  
0.837121  0.366134  
1.01782  0.0236381  
0.734865  0.526462  
0.858611  0.327868  
0.913347  0.247096  
0.402327  0.886386  
0.940069  0.184554  
0.626625  0.670811  
0.87242  0.303991  
0.468301  0.832436  
0.81266  0.411394  
0.94711  0.171417  
0.716202  0.546384  
0.17718  0.999427  
0.433527  0.866821  
0.608944  0.682465  
0.70533  0.567326  
0.448662  0.853154  
0.589431  0.709311  
0.568254  0.734412  
0.452351  0.84638  
0.773712  0.472015  
0.419133  0.878216  
0.704791  0.567174  
0.42684  0.87083  
0.91712  0.244037  
0.7546  0.504253  
0.0198972  1.01671  
0.0364148  1.01504  
0.998775  0.0568848  
0.76764  0.484187  
0.671692  0.596312  
0.939515  0.184067  
0.161555  1.00369  
0.833179  0.371919  
0.297537  0.952216  
0.750423  0.510006  
0.618174  0.673023  
0.558305  0.741063  
0.967019  0.126599  
0.353054  0.905249  
0.499863  0.797971  
0.931558  0.195308  
0.458181  0.840049  
0.308805  0.936589  
0.0294549  1.01516  
1.01773  0.0164946  
0.76134  0.489015  
0.665849  0.597549  
0.516107  0.779584  
0.383033  0.894513  
0.857079  0.326504  
0.808277  0.41163  
0.278683  0.954995  
0.817801  0.390378  
0.743529  0.514803  
0.334405  0.918495  
0.708  0.564125  
0.878782  0.284379  
0.905028  0.255209  
0.386376  0.891596  
0.629127  0.663914  
0.546016  0.74504  
0.176971  0.997322  
0.491924  0.80494  
0.436891  0.855296  
0.998315  0.0573854  
0.479566  0.817029  
0.637164  0.647045  
0.784468  0.445854  
0.922088  0.223025  
0.946465  0.165142  
0.901803  0.256083  
0.849358  0.340918  
0.017552  1.01826  
0.597634  0.693741  
0.420497  0.873888  
0.644233  0.629136  
1.04029  0.0162918  
0.716387  0.539151  
0.825149  0.377941  
0.976501  0.0996579  
0.609963  0.676155  
0.265534  0.965159  
0.15707  1.00489  
0.77099  0.472943  
0.886741  0.271516  
0.985664  0.0871372  
0.225675  0.982662  
0.525228  0.770504  
0.872019  0.304188  
0.450362  0.847019  
0.837474  0.365578  
0.845579  0.357082  
0.412573  0.881208  
0.801066  0.426202  
0.589437  0.70922  
0.956978  0.154087  
0.573583  0.726564  
1.0065  0.0487306  
0.73482  0.525761  
0.912921  0.245672  
0.430713  0.864103  
0.401995  0.885834  
0.189577  0.99346  
0.732156  0.529643  
0.50723  0.789766  
0.937133  0.186092  
0.256755  0.973701  
0.468253  0.831959  
0.779263  0.462225  
0.686998  0.570875  
0.757003  0.496823  
0.566895  0.733675  
0.651722  0.623961  
0.627832  0.666301  
0.865742  0.316286  
0.538611  0.762192  
0.214368  0.984757  
0.789659  0.441861  
0.515629  0.780799  
0.981922  0.0871157  
0.730307  0.529713  
0.316311  0.934514  
0.915727  0.243241  
0.426605  0.869212  
0.903556  0.250879  
0.926733  0.221202  
0.0194584  1.01612  
0.761484  0.488643  
0.671236  0.596236  
0.162397  1.00352  
0.934137  0.193325  
0.500004  0.796219  
0.845564  0.357175  
0.382981  0.894502  
0.29679  0.952482  
0.429822  0.863557  
0.93139  0.194224  
0.750418  0.507376  
0.966317  0.126596  
0.352838  0.905071  
0.589429  0.70918  
0.157297  1.00487  
0.479527  0.816984  
0.825093  0.378573  
0.901613  0.252257  
0.981355  0.0873296  
0.716171  0.538965  
0.176953  0.997317  
0.0253159  1.01502  
0.665841  0.59749  
0.856978  0.326241  
0.643092  0.629258  
0.56345  0.731722  
0.553327  0.738272  
0.93706  0.182685  
0.450439  0.840434  
0.276784  0.955106  
0.878711  0.284372  
0.506419  0.788801  
0.597599  0.692096  
1.01753  0.0162522  
0.945373  0.165113  
0.333745  0.917447  
0.998305  0.0569389  
0.686975  0.570852  
0.808214  0.41157  
0.017577  1.0181  
0.435777  0.855203  
0.213505  0.984546  
0.784538  0.444719  
0.308549  0.935014  
0.734746  0.525656  
0.608188  0.675868  
0.420428  0.873199  
0.82949  0.37155  
0.922097  0.222739  
0.740284  0.514415  
0.525327  0.770222  
0.399617  0.885888  
0.817432  0.390516  
0.849351  0.340849  
0.264606  0.965168  
0.769072  0.472619  
0.634827  0.648355  
0.408482  0.882922  
0.613967  0.671793  
0.88665  0.271382  
0.871008  0.303444  
0.573349  0.72636  
0.38583  0.891551  
0.975844  0.0994428  
0.763995  0.480464  
0.54595  0.745028  
0.957042  0.149068  
0.496287  0.799537  
0.639153  0.644267  
0.757058  0.494295  
0.516088  0.779424  
0.220555  0.982423  
1.0039  0.0485822  
0.80104  0.426122  
0.24053  0.979574  
0.788552  0.442165  
0.91316  0.244366  
0.491839  0.804937  
0.189687  0.993342  
0.300062  0.951836  
0.538592  0.762125  
0.652809  0.621596  
0.731459  0.527404  
0.837018  0.364289  
0.468369  0.831646  
0.626699  0.664314  
0.703984  0.564314  
0.865825  0.313691  
0.778073  0.46222  
0.255708  0.973995  
0.412899  0.879785  
