1.66886  0.338014  2.66234  
0.110247  0.827094  3.82849  
0.553834  3.08969  1.91712  
0.6627  0.292365  4.49544  
2.81685  0.362114  1.68648  
0.113827  0.340232  4.84392  
1.21283  1.10017  3.92457  
0.318821  0.294673  5.50322  
0.0109311  0.0666166  5.9926  
0.890589  3.11646  2.93735  
1.76839  1.90181  2.8868  
1.55764  0.090976  3.59407  
0.064464  1.07593  4.77868  
1.08194  0.556463  4.10868  
1.72492  0.196045  2.61498  
1.77655  1.53485  0.565702  
0.0489616  1.01382  4.01746  
0.0435071  3.41411  2.8845  
0.488851  0.208833  4.77044  
1.83742  0.396403  2.75177  
0.168125  0.39399  5.07239  
0.0136129  0.248966  5.75363  
0.0175771  0.360438  4.84845  
0.471333  0.105275  5.66168  
2.69112  1.9587  1.76262  
2.64664  0.189892  1.7006  
2.91226  2.01097  1.46638  
1.13252  4.224  0.0972991  
2.02209  2.75113  1.29773  
0.502816  0.201686  4.6181  
1.10018  1.23247  3.53115  
0.981126  2.85997  3.06417  
0.259257  0.685205  4.96734  
0.0136084  0.344621  4.95863  
3.41482  1.63138  1.42762  
0.132002  0.687678  5.28384  
1.44082  1.77629  3.44712  
0.195014  0.18611  5.27325  
0.730924  3.00408  2.76974  
1.9636  0.240098  2.07272  
0.114709  0.121838  4.04978  
0.107606  2.47004  3.10668  
1.85918  1.00762  2.88778  
0.689777  1.41262  3.56867  
0.529285  0.296523  4.30415  
0.217518  3.82631  1.55998  
1.19958  2.52422  0.786691  
2.43296  0.480317  1.37287  
1.42835  1.51744  0.624584  
1.42881  1.19795  4.09797  
0.327159  0.00641694  6.12008  
1.3865  0.258055  3.35839  
0.124931  0.346432  4.77448  
2.6773  0.166872  1.87021  
0.225979  0.313308  6.57358  
0.0213201  0.12136  5.88421  
1.31165  2.94094  1.0406  
2.63911  0.361632  1.19435  
1.34395  0.540408  5.16928  
0.493504  0.421715  4.39445  
0.0794887  1.33448  4.72305  
2.70331  1.83196  1.57552  
0.283006  1.88797  3.97589  
1.18461  0.00989294  2.40155  
2.82947  1.17657  0.87694  
3.74699  1.0522  1.79801  
1.46724  0.638595  4.25934  
3.1906  1.73629  0.188607  
0.797117  0.811609  4.81533  
0.0617444  0.485678  5.83624  
0.404197  1.51356  5.30642  
1.32956  1.42307  4.67588  
0.0724633  0.0555976  5.63183  
0.40101  2.74774  2.98924  
2.61567  0.510562  1.41472  
2.89302  0.412125  1.81393  
3.49309  0.793274  0.729583  
0.190252  0.342493  6.8892  
0.424378  2.66261  3.26648  
1.76029  0.348331  1.71779  
1.44816  0.283926  3.40343  
0.325857  3.97694  0.811996  
1.7343  2.1458  0.791053  
2.81493  0.0893922  1.09632  
1.84067  1.09405  3.66915  
0.896648  2.15379  3.96955  
3.43354  0.38386  1.3123  
1.70959  1.53747  3.67631  
2.70829  1.90098  1.62832  
0.625499  0.440706  4.35967  
1.6422  0.173838  3.59788  
2.24903  1.8354  3.27188  
1.17551  0.30721  5.26391  
1.47667  1.72619  3.31669  
1.50129  1.8901  0.595536  
4.2152  0.0417546  0.319082  
0.0225399  1.22257  5.17148  
1.66539  2.31286  0.494562  
0.285422  0.212855  3.06896  
1.62017  0.747944  3.06025  
0.0909401  5.16216  0.0720333  
0.297072  0.494715  3.83792  
0.187039  3.85533  0.791336  
0.0413486  5.37264  0.80185  
4.30835e-20  1.62132e-20  4.93102  
0.230891  0.929041  3.82576  
4.58188  0.584174  0  
0.526884  6.74954  0.323379  
3.22798  1.57301  0.323147  
2.30282  0.809434  4.48877  
0.932987  0.0838626  4.51012  
4.63645  0.638339  1.43937  
0.0260338  0.335001  5.1937  
0.253876  3.25223  3.6147  
0.921686  0.0828468  4.45549  
4.08705  1.69564  0.124159  
4.05196  0.379028  0.760804  
3.19074  1.19658  1.24402  
0.0285679  0.0242781  6.40384  
0.08621  0.010103  5.25068  
0.000130885  0.00118674  3.23039  
0.121804  5.24946  0  
0.00281792  5.3923  2.70446e-06  
5.16377e-20  2.51632e-20  6.38664  
0.251861  2.10599  0.904802  
5.69044e-13  4.61052  0.00826479  
0.156333  3.24371  0  
0.00388011  5.55579  0.123126  
1.42892e-17  3.76052  0.724723  
2.10666e-20  3.96764e-20  5.05129  
2.9168e-20  2.09549e-20  4.16815  
3.04272  0.806847  0.767168  
3.29159e-20  1.52675e-20  4.00685  
3.14269  4.67642e-10  1.8828  
0.137226  4.74216  0  
1.68003e-06  1.32028e-06  2.9304  
1.98097  0  2.41302  
1.18565  5.53861  0.002022  
0.302713  0  3.63907  
4.26359  1.39294e-11  0.122062  
0.14998  0  4.62155  
4.99685e-20  2.16501e-24  4.15548  
4.36813e-22  4.09996e-20  3.44579  
3.39825e-11  2.47101  1.24855e-05  
5.32909e-06  0.000113852  4.06275  
1.00003  5.55624e-09  0  
4.96269  0  0.000577305  
0.178167  0  4.77822  
1.72426e-06  1.85346e-07  1.07489  
6.9899e-20  8.83226e-21  6.54716  
0.19117  1.90545  0.0718385  
0.167667  0.39557  3.8102  
5.21916e-14  0.500332  0.499669  
0.452478  0  2.88575  
0.342077  0.113395  2.84295  
2.53638  0.0742193  0.35719  
1.9873e-23  4.67185e-20  3.88668  
2.99803e-14  1.56558  1.19413  
0.0834081  1.05055  2.37566  
0.0045186  6.47002  0.0145589  
3.33792e-20  5.1047e-21  3.20026  
3.19734  0  0.740042  
0.000331814  3.87603  1.94314e-06  
4.25563  0  0.326842  
0.000387543  4.42389  4.91193e-16  
3.16207  1.75687e-08  0  
3.25823e-05  4.49639  3.2404e-06  
0.123975  3.3048  0.115684  
5.32484e-05  6.45805  0.00987688  
1.77774  0.309183  1.93142  
2.75357  2.16394  0.298959  
0.374064  3.40366  0  
0.698974  4.85787e-14  3.38804  
2.71596  1.60879  0.0719952  
5.18304e-06  2.14795e-07  4.99557  
2.07286  0.117753  2.08798  
3.81061  0.000215386  5.39006e-08  
0.302573  4.3584  0  
0.140508  2.86223  2.05857  
7.72222e-20  6.45654e-21  6.95859  
8.28443e-20  5.64671e-22  6.93615  
1.02153e-21  6.66508e-20  5.62752  
1.91572  3.22196  0.0537736  
6.73783e-21  6.42077e-20  5.89971  
9.29844e-21  5.90016e-20  5.67972  
0.0369981  0.347096  3.68568  
2.52128  0.262937  2.04274  
2.29517  0.0882721  2.27459  
2.77602  2.14933  0.0515852  
0.000137426  0.00992836  3.23901  
0.427706  4.01251  0.0861833  
0.376835  2.09372e-09  7.71509  
0.493008  3.84111  0.934499  
0.000982857  2.63149  3.23563  
5.78758  0.346447  0  
5.88564e-05  0.0842743  5.80281  
2.13305e-05  3.98348  1.90704  
4.89809  0.0296744  0.00391094  
0.488128  6.53153  0.155685  
0.000307638  2.62914  4.00259  
5.83652e-11  6.21063  2.13271e-10  
3.30172  1.77907e-08  0  
3.74018e-11  1.30053e-08  2.77678  
0  0.51055  3.32396  
0  0  3.56166  
1.19801e-08  0  2.91914  
1.70965  2.92734  0  
0  5.64208  0.40289  
2.18454e-21  3.08946  1.78596  
4.99433e-11  5.31445  1.82496e-10  
3.63151e-11  4.74585  9.13588e-10  
4.12839e-20  4.96966  2.27512e-08  
2.98349  0  0  
4.21932e-20  5.07911  6.82662e-10  
0.465148  4.2501  0  
2.76232e-09  4.39314  0.00140198  
0.0464554  3.75709  0.197019  
1.24227  3.76689  0.00056262  
0.00223983  6.38509  0  
1.03811e-11  3.51838  1.34314  
1.21448  0.268867  1.27706  
1.05175  1.66541  0.100009  
0.0169929  2.29541  0.0172371  
2.63667e-11  2.02164e-09  1.98329  
0.440074  0.696841  0.036657  
1.86313  4.73064e-13  0  
1.2565  2.51239  0.000277458  
5.34437e-20  6.43341  5.09698e-11  
0  2.18809  0.221091  
2.11661e-20  2.55504e-21  1.97262  
2.1253e-21  2.58596  0.202645  
0  0  2.09472  
4.13912e-08  2.99428  0  
4.15466e-11  2.30076  1.9283  
0  4.27762  0.0858839  
1.85731  0  0  
7.46208e-08  7.74604e-10  1.93791  
0.712814  0  0.374369  
1.00003  5.55624e-09  0  
2.78508e-11  2.66482  2.28916  
3.39007e-20  4.08089  2.15034e-10  
0.0566875  0  1.97468  
1.62619e-19  0.499965  0.500035  
1.43086e-20  1.72244  6.82673e-08  
0  1.52073  0.275108  
1.50081  2.33237  1.83854e-05  
5.36447e-10  3.7109  0  
0.515612  0  0.997623  
1.85723  0  2.14441e-14  
1.36511e-07  2.04852  0  
0.0603586  1.49755  1.57663  
1.55201  2.89774  2.68475e-07  
0  0.0661091  1.7931  
2.9631e-12  2.22565  1.09308  
3.4782e-09  1.21893e-09  1.00002  
9.0197e-13  3.41948  0  
0  4.51298  0.322263  
0  3.60665  0.212829  
1.02406  0  1.98139  
1.6372  0  0.859853  
1.15276e-21  2.28271e-20  1.99413  
0  0  2.08697  
1.34947  2.26229  0.0556034  
0  0.289337  1.64856  
1.28563e-21  5.27194  0.00587696  
0.347016  1.44211  1.67801  
2.83839e-21  4.01416  0.0234556  
1.97996e-11  4.64368  0  
7.97073e-19  2.45057  0.391312  
6.1663e-09  1.21485  1.83732  
2.03886e-21  2.88344  3.06876  
0.32894  1.36699  1.5906  
1.30216e-20  1.39934  1.7577  
2.1472e-11  2.05449  1.55455  
0  2.89869  0.355999  
1.06972  3.56825  4.94113e-05  
3.54149e-20  4.26316  5.72994e-10  
4.0386e-20  4.86157  2.30212e-10  
4.03534e-21  3.3038  0.30906  
1.64081e-12  5.97765e-14  2.04586  
1.8677  0  0  
1.48757  2.42082  0.00422558  
2.91783  1.7493e-13  0  
1.4108  2.63408  0  
1.41347  2.24831  0.0986756  
0.0380041  3.07359  0.251308  
0.653607  3.88906  1.80045e-07  
0.0482051  0  2.08892  
1.88428  1.01531e-08  0  
2.47012e-20  4.22488e-21  2.40544  
3.19907e-08  4.14789  2.89371e-10  
5.94306e-08  2.62059  0.552645  
1.71122  0  0.923635  
1.25659  2.56243  0.0387979  
0.0312204  3.90748  1.43488e-05  
0.543992  2.25086  1.46785  
1.44603  2.42416  0.0665733  
2.41121e-09  3.81544  0.00819761  
7.26862e-07  3.79388  0.299555  
0.410303  2.59409  1.53355  
2.99116e-14  4.22199  9.3747e-16  
0  4.18174  0.119032  
0.425009  3.11516  0.0492796  
0  5.51599  6.12398e-16  
2.06778  0  1.086  
3.04821  0  0.0725544  
1.41634e-22  3.71862  0.80349  
1.71328e-22  4.49822  0  
8.63373e-13  4.40664  0  
1.15505e-25  2.37173  1.45711  
4.93762e-19  1.51805  1.38764  
1.56302e-06  1.66844  1.30533  
0.61196  2.33336  1.53051e-06  
4.19525e-11  4.1661  0  
2.13874e-12  1.35328  1.44632  
8.77329e-25  2.19946  0.927492  
1.154  0.000177019  0.606174  
8.77863e-14  2.97277  0.0777389  
0.591662  0  1.14477  
0.695331  1.14381  1.08831e-13  
0.655766  1.07817  1.09728e-14  
4.45995e-06  0.91625  0.819515  
1.69647  0  0  
0.639552  1.1556  2.80166e-05  
1.09776e-32  1.22765e-40  1.60078  
0.352048  0  0.681155  
0  3.2491  0  
0  2.6177  1.19136  
0  0  1.60041  
0.000255224  2.55846  1.42037e-15  
1.36868e-11  3.02583  0  
1.89928e-06  1.6688  1.18676  
5.67694e-09  2.27123e-09  1.69216  
1.74287e-21  0.26151  1.8477  
2.19197e-20  2.28044  2.07081e-11  
3.82657e-21  2.25617  0.068981  
5.12961e-21  1.02494  0.828686  
3.80075e-27  1.02545  1.00356  
1.12592  0  0.591329  
0  3.18997  7.08315e-15  
2.11584e-33  8.72299e-33  1.58055  
1.24766e-20  1.29802  6.29411e-11  
3.29914e-09  1.39797e-09  1.00001  
0.672261  0  0.35307  
6.03751e-14  2.98138  6.61998e-16  
2.82987e-28  2.32424  0.132124  
0.53167  2.06318  0  
1.62619e-19  0.499965  0.500035  
1.68106  0  0  
0  1.81893  0.222301  
0.485535  2.54251  0  
1.71516  5.98843e-11  0  
0.157982  0.248975  0.706054  
0  1.23851  0.378203  
3.74644e-09  2.49201  0.110391  
2.89314e-21  2.93806  0.000726806  
8.26554e-15  3.67362  0.017614  
1.00003  5.5248e-09  0  
3.19298e-25  0.800478  1.04231  
0.268639  1.01641  0  
3.26558e-22  2.7353  0.0154123  
3.4151e-20  0.949474  0.923282  
0  2.45073  0.0479228  
4.48291e-14  3.07412  0  
4.77846e-12  2.43151  2.69952e-16  
1.48248e-22  3.89226  0  
0  0.316732  1.30234  
0  1.42489  1.66756  
0.582577  0  1.12719  
0  4.76024  5.28492e-16  
0.461593  1.76003  1.15444e-06  
0.226896  0.442607  1.28358  
0  4.73531  0.000626611  
0.658744  1.0355  0.0538776  
0  3.35007  1.52468  
2.91917e-21  1.72116  1.27855  
1.92387e-20  0.679497  1.35194  
1.36172e-25  1.81823  0.787658  
3.99404e-21  4.05604  0.000555591  
0.281861  0.429858  1.26895  
7.37465e-26  1.50007  1.41328  
0  1.99602  1.47224  
0.398987  0.630602  0.0331965  
8.75808e-12  1.49591  1.32068  
4.56108e-14  3.12772  0  
2.4189e-24  2.58153  0.668198  
1.24033e-10  1.28791  1.21819  
8.98951e-19  2.76379  0.0347921  
3.19044e-14  3.3313  0.0209428  
3.66655e-20  3.8185  0.0245665  
5.01874e-21  3.867  0.0181597  
0.475023  2.60631  1.02629e-15  
0.666228  1.26752  0  
1.30339e-28  2.14273  1.25614  
0  0.519373  2.13557  
1.02122e-25  2.09694  1.28829  
1.23996e-25  2.54609  0.897272  
2.50275e-33  9.37929e-33  1.73267  
0  3.33337  0.0446523  
0  0  2.20332  
1.93198e-28  1.71216  0.722969  
5.45039e-25  1.60779  0.961666  
7.60492e-29  0.673964  1.22665  
0.897973  1.47639  0  
0.758467  1.21101  0.0444467  
1.33117  0  0.699131  
0.429347  1.62445  1.27444e-05  
4.68554e-22  0.909167  0.999575  
1.45435e-21  1.24857  0.624589  
9.71199e-12  1.61764  0.0932292  
0.353376  1.06841  0.321131  
1.0137  0.532399  0.00126725  
7.19085e-22  0.61734  1.2393  
0.0348535  0.00317776  2.27615  
1.55796  8.60715e-09  0  
4.6565e-11  1.95683  7.41193e-07  
0.52385  0  1.01356  
0.979219  0  0.514284  
4.42611e-33  1.76612  0.0036794  
0  0  1.41233  
0.521191  0.991583  0  
5.36732e-22  0.28931  1.15994  
0.386873  0.611455  0.0322586  
0  0  1.40827  
0.980088  0.427681  0.122565  
1.49087e-29  0.176346  1.29099  
3.20088e-22  0.185241  1.23723  
1.78266e-29  0.121896  1.31734  
0  0.822987  0.656644  
1.48984e-33  0.441458  0.997384  
6.65824e-20  1.62466e-21  1.00656  
1.45551  0  0  
1.45112  4.06471e-13  0  
0  0.125858  1.3549  
6.56329e-34  0.754684  0.922254  
3.30768e-25  0.975718  0.515804  
7.57493e-31  0.584332  0.953955  
0.833617  0.43782  0.67799  
0.669118  0  0.35142  
3.646e-19  0.856184  0.856303  
1.1289e-33  0.45001  0.996241  
0.641776  0.989226  0.102482  
2.75136e-12  0.458269  0.983732  
0  1  0  
0  1.78949  5.4229e-05  
6.14053e-29  1.71648  4.93637e-07  
3.23142e-09  1.46568e-09  1.00001  
1.00003  5.5248e-09  0  
2.31019e-33  0.920904  0.522059  
2.08847e-23  1.32148  0.129518  
0.676943  0.334478  0.0215225  
1.0729e-21  0.921093  0.484  
5.90819e-29  0.435659  1.25984  
1.64954e-12  0.240117  0.759894  
1.78361e-34  1.15627  0.867745  
0.217904  0.824449  0  
1.62619e-19  0.499965  0.500035  
0.149962  0.236335  0.67021  
0.34796  0  0.673244  
8.04067e-34  0.924562  1.16782  
0.512275  0.269049  0.416639  
2.45048e-20  0.932947  0.338666  
4.349e-34  0.717384  0.99228  
1.35062e-21  1.10579  0.581051  
0.283659  0.857623  0.275778  
2.14746e-20  4.69698e-20  1.01006  
1.45553  0  0  
0.558268  0.732411  0.267891  
0.304635  0.929597  0.210631  
0.974267  4.75501e-11  0.511684  
1.00294  0.50368  0  
0.501383  3.78257e-09  0.970093  
1.03499e-28  0.740002  0.727945  
0.562828  0.925363  0  
4.7261e-22  0.957654  0.767025  
1.60974e-10  1.1938  0.257833  
0.312736  1.19244  7.7256e-05  
1.5994e-08  1.03648  0.629036  
0.532818  0.842122  0.170293  
0.263241  0.923767  0.27582  
2.02562e-28  1.44828  0.000123891  
0.559974  0.885043  0.0466923  
0.26602  0.405699  1.20393  
0  1.82241  0  
0.977492  0.485343  0.0274641  
1.04518e-23  0.775737  0.92654  
2.63596e-29  0.299434  1.40138  
0.522003  0.927828  0.0758108  
1.38378e-28  1.02037  0.669699  
0.536077  0.864526  0.153163  
0.314381  1.18948  0.000715386  
0.536806  0.969184  0  
0  1.36126  0.102226  
0.570856  0.897348  0.0453209  
1.88516e-33  0.558595  1.14261  
0.504822  0  0.976747  
0.372065  1.40773  0  
1.37176e-28  0.980782  0.964802  
0  1.77697  0.0449903  
0  1.71679  0.0461841  
3.83262e-19  0.363696  0.636304  
1.56539e-15  0.714302  0.285698  
5.05077e-21  0.620584  0.379416  
1.94202e-20  0.159051  0.840949  
2.54448e-17  0.138032  0.861968  
9.02074e-20  0.880688  0.119312  
7.68722e-15  0.206749  0.793251  
9.12062e-17  0.543807  0.456193  
1.41695e-18  0.56578  0.43422  
4.39228e-20  0.732958  0.267042  
2.04351e-20  0.172739  0.827261  
1.28269e-18  0.692492  0.307508  
1.6613e-21  0.0412054  0.958795  
7.92978e-18  0.608873  0.391127  
1.80736e-21  0.840171  0.159829  
2.07007e-15  0.464729  0.535271  
1.60136e-16  0.408377  0.591623  
2.0743e-21  0.286136  0.713864  
1.01572e-19  0.9262  0.0738003  
1.64081e-14  0.250064  0.749936  
3.92525e-20  0.119397  0.880603  
1.28853e-17  0.200465  0.799535  
0.36491  0.58703  0.104332  
0.69016  0.213293  0.149171  
1.33775e-16  0.933453  0.0665473  
1.26598e-16  0.759964  0.240036  
1.11793e-20  0.769745  0.230255  
1.42147e-21  0.966817  0.0331831  
5.47703e-22  0.0668335  0.933167  
1.84197e-19  0.320017  0.679983  
6.6505e-21  0.521109  0.478891  
7.4424e-20  0.678648  0.321352  
4.52027e-21  0.555401  0.444599  
2.22364e-17  0.480361  0.519639  
6.74664e-21  0.433425  0.566575  
4.31628e-21  0.166788  0.833212  
1.54726e-19  0.475699  0.524301  
0.688789  0.0847749  0.289871  
0.365594  0.696404  0  
0.663605  0.289789  0.0823823  
0.147902  0.233089  0.661003  
3.55967e-24  0.599892  0.400108  
0.709301  0.106365  0.25057  
2.65749e-21  0.108447  0.891553  
7.37467e-22  0.867206  0.132794  
0.383818  0.606627  0.0320039  
0.667038  0  0.350267  
0.694629  0.349204  0  
0  0  1  
1.62619e-19  0.499965  0.500035  
1.00003  5.5248e-09  0  
4.26202e-18  0.413867  0.586133  
0  0.740809  0.259191  
3.96295e-18  0.8154  0.184601  
0.230316  0.708664  0.155591  
8.36277e-16  0.392026  0.607974  
2.49565e-16  0.892924  0.107076  
3.34409e-18  0.333339  0.666661  
0.346604  0  0.67062  
8.78064e-20  0.857247  0.142753  
1.57552e-14  0.240114  0.759886  
2.55106e-22  0.299985  0.700015  
0.458593  0.226591  0.383311  
0.21512  0.813918  0  
0  1  0  
0.374705  0.491099  0.180796  
1.17474e-16  0.370358  0.629642  
0.207083  0.625729  0.201239  
8.48834e-22  0.0324628  0.967537  
6.21504e-16  0.399955  0.600045  
1.79812e-19  0.633359  0.366641  
3.02193e-17  0.785643  0.214357  
0.685697  0.340462  0.0192657  
5.17761e-21  0.724225  0.275775  
5.33902e-17  0.131014  0.868986  
7.96844e-15  0.214312  0.785688  
1.95591e-16  0.69981  0.30019  
4.91214e-19  0.457734  0.542266  
1.33077e-16  0.538715  0.461285  
1.34193e-15  0.571364  0.428636  
2.67904e-18  0.267047  0.732953  
5.6616e-17  0.800002  0.199998  
8.20159e-25  0.443359  0.556641  
6.18664e-20  0.654031  0.345969  
1.38814e-22  0.900573  0.0994266  
0  0.0798823  0.920118  
1.49991e-15  0.360145  0.639855  
6.1148e-19  0.833401  0.166599  
1.67772e-17  0.147925  0.852075  
0.479075  0.134941  0.543815  
1.49527e-16  0.615009  0.384991  
5.70341e-16  0.583425  0.416575  
7.91048e-17  0.382286  0.617714  
4.33774e-17  0.184882  0.815118  
3.28085e-20  0.0997954  0.900205  
1.44185e-15  0.346204  0.653796  
6.08588e-26  0.667128  0.332872  
9.4755e-17  0.642366  0.357634  
1.33287e-18  0.229998  0.770002  
2.5977e-18  0.427982  0.572018  
4.67059e-21  0.8669  0.1331  
7.41601e-21  0.833397  0.166603  
1.67433e-21  0.160001  0.839999  
4.00191e-21  0.0740041  0.925996  
3.50622e-21  0.137924  0.862076  
7.18732e-21  0.807698  0.192302  
1.34727e-21  0.206874  0.793126  
2.60455e-21  0.733345  0.266655  
1.69571e-21  0.172408  0.827592  
2.66566e-21  0.692302  0.307698  
3.97193e-21  0.407411  0.592589  
8.68157e-22  0.0399745  0.960025  
5.28486e-21  0.608689  0.391311  
2.54021e-21  0.851898  0.148102  
4.59777e-21  0.925946  0.0740538  
1.0062e-20  0.285679  0.714321  
2.44803e-21  0.250005  0.749995  
2.8806e-21  0.44445  0.55555  
1.8206e-21  0.428565  0.571435  
2.51296e-21  0.880033  0.119967  
1.78775e-21  0.230774  0.769226  
1.00253e-20  0.321421  0.678579  
2.78204e-21  0.200009  0.799991  
0.659818  0.288135  0.0819122  
6.26726e-22  0.933345  0.0666555  
8.0291e-21  0.300008  0.699992  
5.52841e-21  0.55551  0.44449  
2.65545e-21  0.266666  0.733334  
2.44318e-21  0.900005  0.099995  
9.17256e-21  0.666681  0.333319  
1.12985e-20  0.0666765  0.933323  
6.52296e-22  0.966723  0.0332766  
3.85185e-21  0.821431  0.178569  
1.05011e-20  0.359984  0.640016  
3.63319e-21  0.433374  0.566626  
0.35864  0.683156  0  
0.147902  0.233089  0.661003  
5.20356e-21  0.599983  0.400017  
0.672405  0.0826286  0.282927  
0.681529  0.10214  0.24074  
0.438184  0.114006  0.515753  
2.25242e-19  0.380953  0.619047  
7.64668e-21  0.10715  0.89285  
1.11362e-20  0.166666  0.833334  
0.381703  0.603284  0.0318275  
0.218069  0.670981  0.145042  
0.680196  0.341949  0  
0.203917  0.61616  0.198162  
3.18591e-24  5.25561e-05  0.999947  
5.03255e-22  0.148151  0.851849  
4.44267e-21  0.999949  5.09217e-05  
4.78504e-21  0.500001  0.499999  
0.21328  0.806956  0  
1.0532e-20  0.400006  0.599994  
1.26496e-21  0.120013  0.879987  
0.345825  0  0.669114  
5.48404e-21  0.840023  0.159977  
1.00003  5.5248e-09  0  
2.54701e-21  0.239993  0.760007  
0.664497  0  0.348933  
2.90756e-21  0.862063  0.137937  
0.442865  0.21882  0.370165  
2.51458e-21  0.615386  0.384614  
2.53595e-21  0.892823  0.107177  
0.366892  0.480859  0.177026  
1.00811e-20  0.740768  0.259232  
0.67265  0.207882  0.145386  
1.77345e-21  0.370364  0.629636  
0.670819  0.00744526  0.344718  
7.79505e-22  0.0333222  0.966678  
0.354996  0.571081  0.101497  
3.19797e-21  0.466649  0.533351  
2.07849e-19  0.185174  0.814826  
2.80057e-21  0.769229  0.230771  
9.34343e-21  0.724085  0.275915  
4.40842e-21  0.700024  0.299976  
0.438637  0.123551  0.49805  
2.51855e-21  0.521637  0.478363  
1.33913e-21  0.130442  0.869558  
5.12529e-21  0.633359  0.366641  
1.3945e-18  0.800002  0.199998  
1.03879e-20  0.333339  0.666661  
0.685642  0.30607  0.0533299  
4.37861e-21  0.479973  0.520027  
5.18017e-21  0.583331  0.416669  
4.70009e-21  0.538466  0.461534  
3.86246e-21  0.0800229  0.919977  
2.07449e-20  0.759964  0.240036  
0.676901  0.335826  0.0190135  
6.23508e-21  0.413766  0.586234  
2.08888e-21  0.214287  0.785713  
3.42155e-21  0.454546  0.545454  
2.85754e-21  0.566663  0.433337  
4.62435e-21  0.680002  0.319998  
6.98874e-21  0.653901  0.346099  
1.00245e-20  0.346131  0.653869  
1.94801e-21  0.0999915  0.900009  
9.12496e-21  0.64286  0.35714  
6.89251e-21  0.78577  0.21423  
7.83536e-21  0.391333  0.608667  
1.27017e-20  0.576646  0.423354  
8.80968e-21  0.620648  0.379352  
3.8135e-21  0.310342  0.689658  
2.6717e-21  0.444458  0.555542  
1.58529e-21  0.160001  0.839999  
2.37756e-21  0.0740657  0.925934  
2.67036e-21  0.137926  0.862074  
1.49251e-21  0.206892  0.793108  
2.46281e-21  0.733345  0.266655  
5.28486e-21  0.608689  0.391311  
7.0849e-22  0.172412  0.827588  
2.66566e-21  0.692302  0.307698  
8.81577e-21  0.379294  0.620706  
9.49443e-22  0.0384323  0.961568  
3.89183e-21  0.925927  0.0740729  
5.04416e-21  0.285711  0.714289  
2.18425e-21  0.250005  0.749995  
5.1292e-21  0.760004  0.239996  
3.87184e-21  0.407411  0.592589  
9.12496e-21  0.64286  0.35714  
3.98212e-21  0.230763  0.769237  
1.09826e-20  0.321423  0.678577  
2.68517e-21  0.299989  0.700011  
0.436201  0.122865  0.495283  
1.34229e-18  0.800002  0.199998  
7.12526e-21  0.666674  0.333326  
0.353994  0.674306  0  
1.17519e-21  0.0666736  0.933326  
0.147769  0.232879  0.660409  
0.350409  0.563702  0.100186  
1.47985e-21  0.119983  0.880017  
1.00471e-20  0.166666  0.833334  
1.09037e-20  0.440002  0.559998  
8.36732e-21  0.359999  0.640001  
2.84888e-21  0.888898  0.111102  
0.216664  0.66666  0.144108  
2.11797e-21  0.600007  0.399993  
0.665746  0.0818102  0.280125  
2.48808e-21  0.900005  0.099995  
0.66941  0.00742962  0.343994  
0.676114  0.101329  0.238828  
1.78984e-21  0.2  0.8  
2.54294e-21  0.857197  0.142803  
5.30292e-21  0.785743  0.214257  
0.4262  0.110888  0.501817  
6.90205e-22  0.933345  0.0666555  
1.21304e-21  0.107146  0.892854  
4.80322e-21  0.999949  5.09217e-05  
0.670555  0.207235  0.144933  
0.66368  0  0.348504  
0.203078  0.613626  0.197347  
4.09593e-24  6.37135e-05  0.999936  
2.6611e-21  0.39128  0.60872  
4.78102e-21  0.500001  0.499999  
0.651795  0.284631  0.0809161  
0.212045  0.802283  0  
5.16284e-21  0.555575  0.444425  
4.17341e-21  0.333329  0.666671  
0.38042  0.601256  0.0317205  
1.7542e-21  0.0999915  0.900009  
1.00003  5.5248e-09  0  
0.366202  0.479955  0.176693  
0.345825  0  0.669114  
1.64385e-21  0.214287  0.785713  
2.52981e-21  0.370372  0.629628  
4.65797e-21  0.5217  0.4783  
0.680196  0.341949  0  
2.49841e-21  0.240016  0.759984  
0.442543  0.218681  0.369907  
1.0532e-20  0.400006  0.599994  
2.55175e-21  0.740756  0.259244  
2.62466e-21  0.266666  0.733334  
7.79941e-22  0.0333222  0.966678  
4.40826e-21  0.699999  0.300001  
4.36594e-21  0.96671  0.0332898  
4.84579e-21  0.465523  0.534477  
6.98134e-22  0.416671  0.583329  
0.670507  0.332654  0.0189087  
1.99305e-21  0.433149  0.566851  
5.34336e-21  0.130435  0.869565  
2.09403e-19  0.185174  0.814826  
2.63455e-21  0.633333  0.366667  
1.91981e-21  0.766692  0.233308  
4.02415e-21  0.827601  0.172399  
6.98862e-21  0.65389  0.34611  
4.56085e-21  0.481461  0.518539  
0.68054  0.303896  0.0529386  
5.16748e-21  0.583331  0.416669  
5.2097e-21  0.538453  0.461547  
4.28151e-21  0.680002  0.319998  
1.23076e-21  0.0799821  0.920018  
2.6657e-21  0.148147  0.851853  
3.12076e-21  0.86665  0.13335  
3.20948e-21  0.34614  0.65386  
2.85754e-21  0.566663  0.433337  
2.44381e-21  0.724139  0.275861  
2.15341e-21  0.840008  0.159992  
5.31265e-21  0.81482  0.18518  
2.51458e-21  0.615386  0.384614  
1.85129e-21  0.45453  0.54547  
5.04018e-21  0.84615  0.15385  
3.98107e-21  0.310342  0.689658  
3.9142e-21  0.444453  0.555547  
1.58529e-21  0.160001  0.839999  
2.38615e-21  0.0740657  0.925934  
2.63782e-21  0.137926  0.862074  
6.27138e-21  0.608691  0.391309  
1.56014e-21  0.206892  0.793108  
4.46681e-21  0.733322  0.266678  
2.698e-21  0.454523  0.545477  
7.02809e-22  0.172412  0.827588  
2.45347e-21  0.692306  0.307694  
4.76168e-21  0.379329  0.620671  
8.81154e-21  0.230763  0.769237  
1.06577e-21  0.0384323  0.961568  
2.89886e-21  0.34615  0.65385  
3.89183e-21  0.925927  0.0740729  
4.19519e-21  0.285712  0.714288  
9.12496e-21  0.64286  0.35714  
5.1292e-21  0.760004  0.239996  
2.18425e-21  0.250005  0.749995  
0.208326  0.647357  0.186031  
2.71925e-21  0.4  0.6  
0.662965  0.0814685  0.278955  
2.6296e-21  0.299993  0.700007  
1.88887e-21  0.55556  0.44444  
4.19755e-21  0.666671  0.333329  
0.215989  0.664582  0.143659  
3.60925e-21  0.857142  0.142858  
0.350409  0.563702  0.100186  
5.39635e-21  0.827579  0.172421  
2.26515e-21  0.066671  0.933329  
0.147017  0.231694  0.657049  
9.69035e-21  0.440001  0.559999  
0.670105  0.332454  0.0188974  
0.674523  0.10109  0.238266  
1.19074e-21  0.107146  0.892854  
0.421942  0.109709  0.496737  
3.76568e-21  0.999906  9.39618e-05  
0.37945  0.599723  0.0316397  
2.67461e-21  0.240008  0.759992  
1.00003  5.5248e-09  0  
0.663293  0  0.348301  
9.83427e-25  6.37135e-05  0.999936  
4.81099e-21  0.500001  0.499999  
0.345639  0  0.668754  
1.00471e-20  0.166666  0.833334  
0.211617  0.800662  9.37979e-06  
0.651795  0.284631  0.0809161  
0.441706  0.218267  0.369207  
1.34229e-18  0.800002  0.199998  
0.667591  0.206319  0.144293  
0.352577  0.671608  0  
0.20267  0.612392  0.19695  
2.53312e-21  0.370372  0.629628  
4.54598e-21  0.740749  0.259251  
0.365633  0.479208  0.176418  
7.34511e-22  0.933345  0.0666555  
4.92196e-21  0.785716  0.214284  
0.678304  0.340997  0  
1.78984e-21  0.2  0.8  
1.10369e-21  0.033323  0.966677  
2.49221e-21  0.899998  0.100002  
1.00652e-20  0.433345  0.566655  
4.40949e-21  0.699999  0.300001  
7.60745e-22  0.966679  0.0333207  
2.67713e-21  0.478279  0.521721  
2.6286e-21  0.521709  0.478291  
3.14205e-21  0.41667  0.58333  
5.14757e-21  0.130435  0.869565  
4.01326e-21  0.391298  0.608702  
0.673269  0.300649  0.0523702  
2.64168e-21  0.633333  0.366667  
1.37985e-21  0.333331  0.666669  
4.4463e-21  0.766667  0.233333  
2.53841e-21  0.461537  0.538463  
5.16749e-21  0.583331  0.416669  
5.2097e-21  0.538453  0.461547  
2.62466e-21  0.266666  0.733334  
1.4488e-21  0.119983  0.880017  
0.43109  0.121425  0.48948  
8.36732e-21  0.359999  0.640001  
1.75452e-21  0.0799911  0.920009  
2.50298e-21  0.599987  0.400013  
2.65945e-21  0.148147  0.851853  
5.11655e-21  0.866689  0.133311  
1.64385e-21  0.214287  0.785713  
2.85754e-21  0.566663  0.433337  
2.57773e-21  0.724136  0.275864  
6.77254e-21  0.185179  0.814821  
4.28151e-21  0.680002  0.319998  
0.668728  0.00742205  0.343643  
3.27509e-21  0.653846  0.346154  
1.72362e-21  0.0999915  0.900009  
2.84888e-21  0.888898  0.111102  
2.51458e-21  0.615386  0.384614  
4.95491e-21  0.840003  0.159997  
5.19217e-21  0.81482  0.18518  
1.03768e-20  0.321423  0.678577  
3.92646e-21  0.407411  0.592589  
1.64888e-21  0.344804  0.655196  
2.41716e-21  0.0740657  0.925934  
2.63782e-21  0.137926  0.862074  
6.27138e-21  0.608691  0.391309  
2.1317e-21  0.206898  0.793102  
2.47465e-21  0.45456  0.54544  
4.4164e-21  0.733322  0.266678  
3.91823e-21  0.27587  0.72413  
7.02809e-22  0.172412  0.827588  
2.08067e-21  0.37501  0.62499  
2.46339e-21  0.692306  0.307694  
7.97899e-22  0.23324  0.76676  
3.99169e-21  0.391298  0.608702  
1.68202e-22  0.0384526  0.961547  
3.89183e-21  0.925927  0.0740729  
9.12496e-21  0.64286  0.35714  
4.41323e-21  0.760001  0.239999  
3.91656e-21  0.407411  0.592589  
2.04069e-21  0.296385  0.703615  
2.84612e-21  0.814815  0.185185  
5.3348e-21  0.119999  0.880001  
1.72885e-21  0.359958  0.640042  
1.34229e-18  0.800002  0.199998  
1.83667e-21  0.55556  0.44444  
3.9142e-21  0.444453  0.555547  
2.43061e-21  0.666671  0.333329  
0.363641  0.476599  0.175457  
0.349932  0.562935  0.10005  
2.09909e-21  0.933333  0.0666667  
2.51458e-21  0.615386  0.384614  
1.00471e-20  0.166666  0.833334  
0.650713  0.284159  0.0807921  
2.41389e-21  0.066671  0.933329  
0.351781  0.67009  0  
2.67883e-21  0.4  0.6  
2.50299e-21  0.599988  0.400012  
2.53841e-21  0.461537  0.538463  
0.674523  0.10109  0.238266  
0.44399  0.236558  0.353365  
1.19074e-21  0.107146  0.892854  
0.420442  0.109319  0.494971  
3.82584e-21  0.259258  0.740742  
0.441067  0.217952  0.368673  
3.98287e-21  0.310342  0.689658  
3.76568e-21  0.999906  9.39618e-05  
0.215184  0.662107  0.143124  
0.663244  0  0.348275  
2.18572e-21  0.500001  0.499999  
1.00003  5.5248e-09  0  
1.41949e-21  0.333331  0.666669  
1.00315e-25  6.37135e-05  0.999936  
2.68929e-21  0.888898  0.111102  
0.665263  0.205599  0.14379  
0.344755  0  0.667043  
0.37945  0.599723  0.0316397  
0.677439  0.340563  0  
6.10467e-22  0.740743  0.259257  
2.67461e-21  0.240008  0.759992  
0.211166  0.798957  9.35981e-06  
0.202529  0.611968  0.196814  
3.98192e-21  0.857142  0.142858  
0.145095  0.228665  0.648459  
0.686965  0.0665033  0.27936  
4.21873e-21  0.285712  0.714288  
1.78984e-21  0.2  0.8  
2.66096e-21  0.366688  0.633312  
1.4011e-21  0.0333351  0.966665  
2.49221e-21  0.899998  0.100002  
4.40731e-21  0.699999  0.300001  
7.64563e-22  0.966679  0.0333207  
0.666739  0.330784  0.0188025  
4.37041e-21  0.521723  0.478277  
2.67713e-21  0.478279  0.521721  
0.658957  0.080976  0.277269  
4.14783e-21  0.827582  0.172418  
5.14757e-21  0.130435  0.869565  
1.79842e-21  0.384628  0.615372  
2.64168e-21  0.633333  0.366667  
4.46421e-21  0.766667  0.233333  
0.671013  0.299642  0.0521947  
2.79852e-21  0.41667  0.58333  
4.52364e-21  0.185179  0.814821  
5.16749e-21  0.583331  0.416669  
3.86374e-21  0.538463  0.461537  
0.429124  0.120871  0.487248  
1.75452e-21  0.0799911  0.920009  
0.203451  0.632209  0.180381  
2.65945e-21  0.148147  0.851853  
5.18182e-21  0.866676  0.133324  
0.66676  0.00740021  0.342632  
1.64385e-21  0.214287  0.785713  
1.00652e-20  0.433345  0.566655  
2.85754e-21  0.566663  0.433337  
0.368771  0.490995  0.170458  
2.57773e-21  0.724136  0.275864  
3.19164e-21  0.653846  0.346154  
4.22214e-21  0.680002  0.319998  
1.88917e-21  0.0999971  0.900003  
4.95491e-21  0.840003  0.159997  
4.88146e-21  0.785716  0.214284  
1.66892e-21  0.344804  0.655196  
2.41716e-21  0.0740657  0.925934  
5.10339e-21  0.137927  0.862073  
2.49616e-21  0.206898  0.793102  
2.49993e-21  0.454541  0.545459  
4.42225e-21  0.733322  0.266678  
3.91823e-21  0.27587  0.72413  
7.02809e-22  0.172412  0.827588  
2.13034e-21  0.37501  0.62499  
2.46339e-21  0.692306  0.307694  
2.59975e-21  0.23329  0.76671  
3.89174e-21  0.391313  0.608687  
1.68202e-22  0.0384526  0.961547  
9.31193e-21  0.64286  0.35714  
3.89183e-21  0.925927  0.0740729  
4.42376e-21  0.760001  0.239999  
3.91656e-21  0.407411  0.592589  
4.05844e-21  0.296273  0.703727  
2.70818e-21  0.814815  0.185185  
5.14475e-21  0.119999  0.880001  
3.50659e-21  0.359971  0.640029  
4.88146e-21  0.785716  0.214284  
0.443838  0.236477  0.353244  
2.98528e-21  0.966665  0.0333346  
0.677169  0.065555  0.275376  
3.98639e-21  0.555554  0.444446  
2.41389e-21  0.066671  0.933329  
5.81964e-26  6.37135e-05  0.999936  
0.363449  0.476346  0.175364  
1.42808e-21  0.333331  0.666669  
1.64385e-21  0.214287  0.785713  
1.00471e-20  0.166666  0.833334  
2.70221e-21  0.666671  0.333329  
0.439079  0.216969  0.367012  
0.350742  0.668022  0  
0.144714  0.228065  0.646756  
0.215169  0.66206  0.143113  
2.51504e-21  0.600001  0.399999  
0.650352  0.284001  0.0807473  
0.672974  0.100858  0.237718  
3.91583e-21  0.857142  0.142858  
2.67883e-21  0.4  0.6  
1.19074e-21  0.107146  0.892854  
1.34229e-18  0.800002  0.199998  
0.419354  0.109036  0.49369  
3.81373e-21  0.999906  9.39618e-05  
2.42283e-21  0.500001  0.499999  
5.16749e-21  0.583331  0.416669  
3.87948e-21  0.444453  0.555547  
2.26244e-21  0.933333  0.0666667  
0.202421  0.611642  0.196709  
0.663244  0  0.348275  
0.37945  0.599723  0.0316397  
1.00003  5.5248e-09  0  
0.344401  0  0.666358  
0.34986  0.562819  0.100029  
0.673417  0.338541  0  
6.84915e-22  0.740743  0.259257  
4.40731e-21  0.699999  0.300001  
0.210586  0.796761  9.33408e-06  
2.67706e-21  0.478266  0.521734  
0.665263  0.205599  0.14379  
2.68538e-21  0.240008  0.759992  
0.663591  0.329222  0.0187137  
1.78984e-21  0.2  0.8  
2.65945e-21  0.148147  0.851853  
1.86451e-22  0.0333329  0.966667  
2.49221e-21  0.899998  0.100002  
1.38244e-21  0.285713  0.714287  
0.429124  0.120871  0.487248  
1.65024e-21  0.366646  0.633354  
4.39091e-21  0.521723  0.478277  
0.670037  0.2267  0.125115  
5.14757e-21  0.130435  0.869565  
0.658957  0.080976  0.277269  
2.64168e-21  0.633333  0.366667  
4.46397e-21  0.766667  0.233333  
0.666507  0.297629  0.0518442  
4.14783e-21  0.827582  0.172418  
2.51856e-21  0.461537  0.538463  
2.79039e-21  0.41667  0.58333  
3.86374e-21  0.538463  0.461537  
0.365826  0.487074  0.168874  
1.75452e-21  0.0799911  0.920009  
2.68417e-21  0.259259  0.740741  
0.203106  0.631135  0.180075  
5.18182e-21  0.866676  0.133324  
4.03378e-21  0.433323  0.566677  
2.85754e-21  0.566663  0.433337  
2.25953e-21  0.384625  0.615375  
3.98447e-21  0.310342  0.689658  
2.68929e-21  0.888898  0.111102  
2.57773e-21  0.724136  0.275864  
4.52364e-21  0.185179  0.814821  
0.664067  0.00733248  0.341229  
3.17628e-21  0.653846  0.346154  
4.22214e-21  0.680002  0.319998  
1.88917e-21  0.0999971  0.900003  
2.51458e-21  0.615386  0.384614  
4.94905e-21  0.840003  0.159997  
