1.83965  3.60695  
1.82421  3.74228  
1.82795  3.48639  
1.92329  3.03097  
2.31799  2.34679  
1.88305  3.04396  
1.92866  3.14551  
2.09783  2.91016  
1.39107  4.16639  
1.7679  3.46625  
2.29934  1.831  
1.97916  3.09233  
2.0075  3.48883  
1.90754  3.59201  
2.33338  2.03937  
1.7927  3.68037  
2.18369  3.01786  
1.52972  4.07248  
2.27275  2.30843  
2.01309  3.32444  
1.88682  3.51849  
2.34904  2.13636  
1.68131  3.43551  
2.31723  2.72416  
1.99965  2.96758  
1.8248  3.35487  
1.95135  3.38009  
2.22817  2.74488  
1.7483  3.76917  
1.88014  3.492  
2.08726  2.94581  
1.87908  3.34653  
2.07129  3.11923  
2.2709  2.42688  
1.94873  3.1714  
1.80982  3.37743  
1.9725  3.37138  
2.11349  3.4495  
1.60792  3.82828  
2.07398  3.3506  
2.09701  2.81278  
1.67789  3.53462  
2.25209  2.56917  
1.30894  4.30632  
1.95256  3.34929  
2.32572  2.34419  
2.33302  1.77801  
2.03861  3.49196  
2.38252  2.08382  
2.04198  3.29727  
1.7237  3.4177  
2.30207  2.76149  
1.52099  3.92708  
2.01716  2.91312  
1.89666  3.69578  
2.01633  3.44341  
1.83358  3.20059  
2.34576  1.8708  
1.16915  4.43167  
1.68357  3.50389  
2.36263  1.96287  
2.39328  2.07227  
1.69642  3.95609  
1.53101  4.05337  
1.92652  3.48622  
1.65025  3.56219  
1.92847  3.34208  
1.12243  4.25074  
2.15655  3.13303  
2.08687  2.63495  
2.32718  2.2525  
2.37374  2.20388  
2.2044  2.73606  
2.14193  2.79596  
2.37881  2.48208  
2.38869  1.55605  
1.78051  3.63921  
1.75261  3.58433  
2.15313  2.8024  
1.99694  3.38903  
2.22777  2.35973  
1.88912  2.99654  
1.74284  3.67575  
2.04249  3.32601  
2.29248  2.51425  
1.49093  4.03789  
2.40878  2.43436  
2.06033  3.36808  
1.74408  3.56035  
1.85734  3.296  
2.04421  3.0074  
1.54037  4.06119  
2.44832  1.46224  
2.05936  3.20214  
1.91637  3.18081  
1.61753  3.78027  
2.15023  2.91645  
1.66588  3.76644  
2.37032  2.17259  
2.37896  2.3661  
0.267853  4.06326  
2.10383  0.121697  
1.10831  3.44582  
0.88996  3.6815  
0.427842  3.98066  
1.56467  2.6664  
1.9102  1.53849  
1.44135  2.92629  
1.60275  2.57109  
1.71238  2.27626  
1.13302  3.41743  
1.46995  2.86703  
1.41335  2.97712  
0.966298  3.60653  
1.35901  3.07441  
1.3096  3.15772  
0.552527  3.92177  
1.19592  3.33039  
1.1658  3.37192  
1.69551  2.32374  
0.798961  3.75965  
0.999922  3.57003  
0.90547  3.66562  
2.02254  0.710616  
2.04289  0.387143  
1.24221  3.26162  
1.11691  3.43331  
1.55277  2.68947  
0.983105  3.58797  
1.2721  3.21637  
1.34506  3.09816  
0.207449  4.03759  
0.312853  4.0153  
1.64109  2.47359  
2.05  0.0532375  
1.79718  1.99666  
1.7248  2.23636  
1.93198  1.40373  
1.53037  2.73961  
0.63228  3.87672  
1.37267  3.05036  
1.86604  1.72569  
0.396996  3.98934  
0.527534  3.93431  
1.87571  1.68312  
1.98699  1.04609  
2.01127  0.833368  
0.826599  3.73613  
1.70397  2.29898  
1.05067  3.51332  
1.83107  1.86965  
1.18044  3.34976  
1.50105  2.80279  
1.47753  2.85155  
2.03346  0.563332  
1.68246  2.3609  
0.932096  3.6403  
0.738129  3.80578  
1.29459  3.18113  
1.90075  1.56621  
1.95933  1.24074  
1.59541  2.58905  
1.76281  2.11522  
0.684925  3.84309  
1.10002  3.45448  
1.97479  1.13664  
1.51566  2.77164  
1.9995  0.945165  
1.88378  1.64657  
0.712071  3.82617  
0.456847  3.96636  
1.57473  2.63858  
0.852432  3.71522  
0.782681  3.77192  
1.84789  1.80225  
1.4519  2.90284  
1.91642  1.49225  
1.65978  2.42371  
1.39986  3.00153  
0.578879  3.90761  
0.948878  3.62324  
1.94798  1.31454  
1.61729  2.53485  
0.870836  3.69759  
1.74403  2.17627  
1.21212  3.3057  
1.42656  2.9518  
1.1489  3.3921  
1.81334  1.93746  
1.08392  3.47404  
1.01744  3.55089  
1.78036  2.05584  
1.32345  3.13436  
0.263258  4.0272  
0.499854  3.9475  
0.362676  4.00093  
1.63032  2.50162  
1.67354  2.38593  
0.657686  3.86313  
0.76509  3.78563  
1.63946  2.50228  
1.85547  1.77081  
0.845313  3.72328  
1.43618  2.93607  
0.670981  3.85231  
1.65001  2.45018  
1.48968  2.82838  
1.46608  2.87585  
0.966318  3.60819  
1.30966  3.15694  
1.83861  1.84076  
1.16854  3.36623  
1.19568  3.33085  
1.4135  2.97638  
1.38696  3.02492  
1.00008  3.56986  
1.82189  1.90537  
1.67415  2.38422  
1.13234  3.41365  
1.09991  3.45453  
0.430689  3.97687  
0.354659  4.00332  
0.579364  3.90734  
2.02316  0.703104  
1.79756  1.9953  
1.45227  2.90211  
0.983336  3.58773  
1.32252  3.13591  
1.55331  2.68822  
1.725  2.23574  
1.2724  3.21591  
1.93166  1.40549  
0.650342  3.86554  
1.86642  1.72406  
1.89228  1.60693  
1.11698  3.43322  
1.85841  1.7584  
0.388541  3.99228  
1.98724  1.04422  
2.03363  0.560742  
0.870837  3.69759  
1.01801  3.55026  
1.181  3.34899  
0.826504  3.73621  
1.95956  1.23926  
1.64141  2.47273  
1.83134  1.8686  
1.05101  3.51293  
0.457084  3.96626  
2.05  0.051788  
2.04294  0.385826  
1.21256  3.30482  
0.905787  3.66532  
1.91692  1.48474  
1.98079  1.09314  
1.50149  2.80185  
0.207523  4.03757  
1.68292  2.35962  
1.2951  3.18032  
1.24271  3.26088  
2.01738  0.769446  
0.738468  3.80554  
2.01137  0.83235  
1.51761  2.76745  
1.90086  1.56569  
0.52666  3.93474  
1.34532  3.09773  
1.59628  2.58695  
1.76314  2.11413  
1.4002  3.00091  
0.312853  4.0153  
0.693952  3.83708  
1.97377  1.1438  
0.620945  3.88355  
1.99953  0.942911  
1.88326  1.64896  
1.94628  1.32139  
0.949066  3.62305  
1.84816  1.80116  
0.78257  3.77201  
1.53051  2.73931  
1.70433  2.29782  
1.74451  2.17474  
1.37311  3.04959  
1.62184  2.52331  
1.4266  2.95171  
1.1493  3.39159  
1.81341  1.93721  
1.66049  2.42178  
1.08439  3.47346  
1.4772  2.8522  
1.78075  2.05452  
1.57517  2.63755  
0.852349  3.71401  
0.49172  3.95122  
0.263456  4.02715  
1.96757  1.18654  
0.931905  3.64012  
1.90906  1.52498  
1.60684  2.56098  
1.74824  2.1815  
1.46916  2.88334  
1.73516  2.21366  
1.53718  2.72607  
1.56361  2.66568  
0.560839  3.91747  
0.809961  3.75583  
1.43996  2.92612  
1.26003  3.23545  
1.35966  3.07361  
1.38711  3.02466  
1.22842  3.28361  
1.67329  2.38681  
1.19629  3.32795  
1.00073  3.56916  
1.8227  1.9021  
1.13451  3.41095  
1.7698  2.09498  
1.06773  3.49339  
0.843879  3.72158  
1.101  3.45319  
1.51873  2.76753  
0.457084  3.96626  
1.3456  3.09725  
1.72394  2.239  
0.422529  3.98  
1.45255  2.90156  
1.11732  3.4328  
0.949367  3.62275  
1.55358  2.68762  
2.02322  0.70235  
0.983492  3.58757  
1.64154  2.47239  
1.93161  1.40577  
0.641169  3.87127  
1.24299  3.26046  
0.827076  3.73573  
2.03369  0.559811  
1.86657  1.7234  
0.38865  3.99224  
1.98735  1.04335  
2.04277  0.389827  
1.95979  1.23778  
0.526911  3.93461  
1.83152  1.86791  
1.50173  2.80136  
1.79773  1.99469  
1.05122  3.51269  
2.05  0.0507025  
1.68311  2.35908  
1.29531  3.17999  
0.207533  4.03757  
2.01147  0.831324  
1.18114  3.3488  
1.90099  1.56505  
0.905976  3.66514  
0.738517  3.8055  
1.40044  3.00047  
1.59643  2.58657  
1.75981  2.12514  
0.7821  3.77242  
1.97512  1.13428  
2.0066  0.881621  
1.99968  0.941591  
1.1493  3.39159  
0.579364  3.90734  
1.81374  1.93598  
0.304613  4.01745  
1.8834  1.6483  
1.94635  1.321  
1.91708  1.48387  
1.84837  1.80029  
1.53096  2.73831  
0.697981  3.83424  
1.08448  3.47337  
1.90944  1.52412  
1.78118  2.05306  
0.871048  3.6974  
1.21243  3.30499  
1.70396  2.29892  
0.491796  3.95119  
1.37328  3.04928  
1.62214  2.52255  
1.4268  2.95132  
1.89237  1.60808  
1.66094  2.42056  
1.0179  3.55039  
1.57543  2.63694  
1.61195  2.54994  
1.74118  2.18534  
1.47747  2.85166  
1.32393  3.13357  
1.27299  3.215  
2.03839  0.480385  
1.96767  1.18586  
0.346242  4.00588  
0.923353  3.64847  
0.658377  3.86045  
1.85632  1.76724  
0.262448  4.02737  
1.79534  2.02071  
1.94669  1.32253  
1.69403  2.32786  
1.4398  2.92642  
1.58887  2.60542  
1.73427  2.20706  
1.31035  3.15581  
2.04747  0.306198  
0.605285  3.89451  
0.764508  3.78963  
1.25842  3.2373  
1.6743  2.38494  
1.22802  3.2825  
1.03462  3.53168  
1.87643  1.68038  
1.06769  3.49343  
1.13326  3.41247  
0.809366  3.75047  
0.657255  3.86191  
1.92236  1.4561  
1.10087  3.45333  
1.90973  1.52319  
1.3456  3.09725  
1.79784  1.99429  
1.24311  3.26028  
1.1172  3.43295  
1.76336  2.11341  
0.983523  3.58753  
1.55368  2.68739  
1.64161  2.47221  
1.72533  2.23474  
2.04322  0.379023  
0.827076  3.73573  
0.632374  3.87666  
1.86665  1.72308  
0.38865  3.99224  
1.98735  1.04335  
2.03369  0.559811  
1.18121  3.3487  
2.02326  0.701933  
0.712243  3.82435  
1.05122  3.51269  
1.95974  1.23811  
1.50172  2.80137  
1.89252  1.60579  
0.207533  4.03757  
2.05  0.0503788  
1.5966  2.58615  
1.68313  2.35902  
1.29531  3.17999  
2.01148  0.831298  
1.90105  1.56476  
0.526836  3.93465  
0.738611  3.80543  
0.905976  3.66514  
1.62209  2.52269  
1.4527  2.90126  
1.93331  1.39635  
1.018  3.55027  
1.40057  3.00023  
0.685502  3.8427  
1.81354  1.93855  
1.83159  1.86761  
0.465607  3.96268  
1.99972  0.941231  
0.844731  3.72064  
1.97393  1.14266  
0.304692  4.01743  
1.91712  1.48367  
2.01754  0.767788  
1.88346  1.64805  
0.783078  3.77161  
1.84841  1.8001  
0.579411  3.90751  
1.7453  2.17223  
1.53096  2.73831  
1.70338  2.30064  
0.949367  3.62275  
0.871048  3.6974  
1.37347  3.04894  
1.21258  3.30479  
1.94383  1.33593  
1.42703  2.95099  
1.57404  2.64023  
1.1494  3.39145  
1.66048  2.4218  
1.08448  3.47337  
2.02829  0.637754  
1.47763  2.85133  
1.77916  2.06445  
1.32426  3.13302  
1.27311  3.21481  
2.03843  0.479625  
0.431205  3.97667  
0.931888  3.64014  
0.346266  4.00587  
1.51718  2.76839  
1.60702  2.56052  
0.263625  4.02712  
1.85633  1.76717  
1.82279  1.90171  
1.67412  2.38431  
1.22786  3.28274  
1.19697  3.32687  
1.16551  3.37002  
1.13373  3.41186  
1.06791  3.49318  
0.809171  3.75063  
1.95254  1.28345  
1.87408  1.69042  
0.614502  3.88738  
0.260982  4.02768  
1.92458  1.4442  
1.10098  3.4532  
1.85895  1.7561  
0.422732  3.97992  
1.61147  2.54944  
0.853449  3.71304  
1.90931  1.52375  
1.51939  2.76358  
0.667984  3.85426  
1.93845  1.3672  
2.02326  0.701933  
1.24315  3.26023  
1.45256  2.90154  
0.983596  3.58746  
2.02868  0.632528  
1.55357  2.68763  
0.207533  4.03757  
0.82714  3.73568  
1.11725  3.43289  
1.93169  1.40536  
2.04278  0.389655  
0.871048  3.6974  
0.641312  3.87118  
0.45713  3.96625  
1.3456  3.09725  
1.86657  1.7234  
1.18127  3.34862  
1.64161  2.47221  
1.96648  1.19386  
0.388576  3.99227  
1.79777  1.99455  
1.88346  1.64805  
1.8316  1.86757  
1.95974  1.23811  
1.05122  3.51269  
1.98739  1.04305  
0.694502  3.83662  
2.03369  0.559811  
0.783078  3.77161  
1.68315  2.35895  
2.01151  0.830928  
2.05  0.0503788  
0.905976  3.66514  
1.7253  2.23483  
2.01754  0.767788  
1.90109  1.56457  
0.738656  3.8054  
1.84842  1.80008  
1.29533  3.17996  
1.40055  3.00027  
1.50174  2.80133  
0.526689  3.93472  
1.5966  2.58615  
1.76338  2.11333  
1.78128  2.05266  
1.97395  1.14256  
1.99972  0.941234  
0.588108  3.9025  
0.304694  4.01743  
1.94647  1.32025  
1.81384  1.9356  
1.91712  1.48367  
1.53101  2.73821  
1.70473  2.29665  
0.949443  3.62268  
1.37341  3.04906  
1.74481  2.17379  
1.62216  2.5225  
1.21249  3.30492  
1.42701  2.95092  
1.14944  3.39139  
1.32426  3.13302  
1.66051  2.42171  
1.08444  3.4734  
1.47754  2.85152  
1.01813  3.55013  
0.560905  3.91729  
1.57534  2.63714  
2.03842  0.47991  
1.27321  3.21465  
2.04692  0.272766  
0.49151  3.95132  
2.00552  0.888915  
1.97983  1.10026  
0.346259  4.00587  
0.923597  3.64824  
1.99335  0.995255  
1.89241  1.60633  
1.67425  2.38393  
1.82284  1.90154  
1.19702  3.32679  
1.06793  3.49315  
1.95257  1.28325  
1.87406  1.6905  
0.809529  3.75033  
1.13351  3.41214  
1.92462  1.44398  
0.61467  3.88726  
1.10094  3.45324  
0.422721  3.97993  
1.85641  1.76682  
0.255443  4.02884  
1.61209  2.54791  
0.853557  3.71295  
1.90932  1.52368  
1.51951  2.76334  
1.93851  1.36684  
0.667656  3.85447  
2.02329  0.701554  
1.3456  3.09725  
1.74482  2.17375  
1.14954  3.39127  
1.11724  3.43289  
1.64167  2.47205  
1.72538  2.23459  
0.82714  3.73568  
0.641312  3.87118  
1.86669  1.7229  
1.29542  3.17981  
1.03443  3.53189  
0.388623  3.99225  
1.98742  1.04279  
0.983647  3.5874  
2.03372  0.559297  
1.18129  3.3486  
1.27326  3.21457  
1.05127  3.51264  
0.78304  3.77164  
1.93171  1.40524  
2.04257  0.394535  
1.68319  2.35884  
1.95976  1.23797  
1.24315  3.26023  
0.45713  3.96625  
0.207549  4.03757  
1.78113  2.0532  
1.45258  2.9015  
0.738707  3.80536  
1.53101  2.73821  
1.47758  2.85144  
0.526713  3.93471  
1.50176  2.80128  
1.59666  2.58601  
1.70473  2.29665  
1.99337  0.995123  
1.55366  2.68744  
1.90112  1.56441  
1.91716  1.48346  
2.03843  0.479647  
1.83164  1.86741  
2.05  0.0503122  
1.97397  1.14244  
0.491776  3.9512  
1.40052  3.00032  
0.906004  3.66511  
1.76351  2.11289  
1.99972  0.941247  
0.588121  3.90249  
1.66059  2.42151  
1.8835  1.64787  
0.694443  3.83666  
2.04689  0.272839  
1.94647  1.32025  
1.84845  1.79993  
0.949441  3.62268  
2.02874  0.631694  
1.79786  1.99421  
0.871143  3.69731  
0.304697  4.01743  
1.37348  3.04893  
1.21249  3.30492  
1.42695  2.95105  
1.81373  1.93602  
1.08449  3.47335  
1.01766  3.55065  
2.01152  0.830827  
1.5755  2.63677  
1.32427  3.13301  
2.01751  0.768088  
1.96647  1.19395  
1.98095  1.09195  
1.16551  3.37002  
2.00554  0.888715  
0.932041  3.63999  
1.62217  2.52249  
0.346259  4.00587  
0.561633  3.9169  
1.89252  1.60578  
1.82284  1.90154  
1.6743  2.38379  
1.03448  3.53184  
1.19702  3.32679  
1.16551  3.37003  
1.06793  3.49315  
1.95257  1.28325  
1.87406  1.6905  
0.809529  3.75033  
1.13347  3.41219  
1.92462  1.44399  
0.61467  3.88726  
1.10093  3.45326  
0.422721  3.97993  
1.85641  1.76682  
1.61209  2.54791  
0.255494  4.02883  
0.853557  3.71295  
1.90933  1.52364  
1.51951  2.76334  
1.9385  1.36692  
0.667747  3.85441  
0.45713  3.96625  
1.24321  3.26014  
1.57554  2.63667  
1.79786  1.99421  
1.11731  3.43281  
1.66059  2.42151  
1.27326  3.21457  
1.64175  2.47185  
1.74486  2.17362  
1.78108  2.05334  
1.55366  2.68744  
2.02329  0.701554  
1.72534  2.23469  
1.68319  2.35884  
0.82714  3.73568  
1.91716  1.48346  
1.93172  1.40519  
1.29542  3.17981  
1.45258  2.9015  
0.388623  3.99225  
1.96647  1.19395  
1.98742  1.04279  
1.76342  2.11321  
1.18129  3.3486  
1.95975  1.23806  
1.40052  3.00032  
1.59671  2.58588  
0.641206  3.87124  
1.0513  3.5126  
1.50183  2.80114  
0.906004  3.66511  
1.90112  1.56441  
2.04257  0.394535  
1.8835  1.64787  
1.83164  1.86741  
0.983647  3.5874  
2.05  0.0503122  
1.01766  3.55065  
0.20756  4.03757  
0.932041  3.63999  
1.86668  1.72295  
0.738709  3.80536  
2.03372  0.559297  
2.01152  0.830823  
0.526713  3.93471  
1.34563  3.09719  
1.974  1.14222  
1.99972  0.941247  
0.588208  3.90244  
1.32434  3.13289  
0.304736  4.01742  
0.694346  3.83672  
1.94651  1.32002  
1.08449  3.47335  
0.78304  3.77164  
1.84846  1.79989  
1.53103  2.73815  
1.70473  2.29665  
0.949379  3.62274  
0.871143  3.69731  
1.37348  3.04893  
0.491776  3.9512  
1.62217  2.52249  
1.21255  3.30483  
1.42693  2.95108  
1.14954  3.39127  
1.81373  1.93602  
1.47758  2.85144  
2.04689  0.272839  
2.0175  0.768167  
2.02874  0.631675  
2.03843  0.479647  
1.98096  1.09187  
2.00554  0.888678  
0.346259  4.00587  
1.99337  0.995123  
0.561662  3.91689  
1.89251  1.60584  
1.82284  1.90155  
1.67428  2.38385  
1.03451  3.53181  
1.19702  3.32679  
1.16551  3.37003  
1.06793  3.49315  
1.95257  1.28325  
1.87405  1.69055  
0.809529  3.75033  
1.13347  3.41219  
1.92462  1.44399  
0.614664  3.88727  
1.10093  3.45326  
0.422732  3.97992  
1.85642  1.76681  
1.6121  2.54789  
0.255494  4.02883  
0.853557  3.71295  
1.90933  1.52362  
1.51951  2.76334  
1.9385  1.36692  
0.667747  3.85441  
0.45713  3.96625  
2.02329  0.701554  
1.24321  3.26014  
1.79784  1.99427  
1.4526  2.90147  
1.11727  3.43286  
1.99337  0.995123  
0.983647  3.5874  
1.21255  3.30483  
2.04301  0.384245  
1.72532  2.23476  
1.34563  3.09719  
0.827161  3.73566  
1.64173  2.4719  
1.93172  1.40516  
1.74486  2.17362  
1.86668  1.72295  
1.98742  1.04279  
0.738709  3.80536  
1.95974  1.23809  
1.76345  2.1131  
2.0175  0.768167  
1.0513  3.5126  
1.83166  1.86733  
1.59671  2.58588  
1.29542  3.17981  
1.50183  2.80114  
1.18129  3.3486  
2.05  0.0503122  
1.42692  2.9511  
2.03372  0.559344  
0.20756  4.03757  
1.40052  3.00032  
1.55366  2.68744  
1.68322  2.35877  
1.90112  1.56441  
0.641206  3.87124  
0.526713  3.93471  
2.03843  0.479691  
2.01152  0.830823  
0.388623  3.99225  
0.906004  3.66511  
1.94651  1.32004  
1.974  1.14222  
1.99974  0.941131  
0.58818  3.90246  
1.81373  1.93602  
0.304736  4.01742  
1.8835  1.64787  
0.69442  3.83667  
1.91716  1.48349  
0.78304  3.77164  
1.84846  1.79992  
1.66059  2.42151  
1.53103  2.73815  
1.70476  2.29657  
0.949379  3.62274  
0.871143  3.69731  
1.37345  3.04899  
1.62217  2.52249  
1.14955  3.39126  
1.08449  3.47335  
1.47758  2.85145  
1.01766  3.55065  
1.7811  2.0533  
1.57554  2.63667  
1.32434  3.13289  
1.27327  3.21456  
2.04702  0.268098  
2.02874  0.631675  
0.491776  3.9512  
1.96647  1.19396  
1.98096  1.09187  
2.00554  0.888678  
0.932041  3.63999  
0.346259  4.00587  
0.561766  3.91683  
1.89251  1.60584  
1.82284  1.90155  
1.67428  2.38384  
1.03451  3.53181  
1.19702  3.32679  
1.16551  3.37003  
1.06793  3.49315  
1.95257  1.28325  
1.87405  1.69055  
0.809529  3.75033  
1.13347  3.41219  
1.92462  1.44399  
0.614666  3.88727  
1.10093  3.45326  
0.422732  3.97992  
1.85644  1.76671  
1.61213  2.5478  
0.255494  4.02883  
0.853557  3.71295  
1.90933  1.52363  
1.51951  2.76334  
1.9385  1.36692  
0.667779  3.85439  
0.45713  3.96625  
1.34563  3.09719  
0.738733  3.80534  
1.4526  2.90147  
0.983647  3.5874  
1.9874  1.04291  
1.64173  2.4719  
1.72532  2.23476  
2.02874  0.631684  
0.561772  3.91683  
1.93173  1.40514  
0.871143  3.69731  
0.641206  3.87124  
2.02329  0.701558  
1.24321  3.26014  
1.55368  2.68738  
1.18132  3.34855  
1.95974  1.2381  
1.99337  0.995123  
1.50178  2.80123  
1.29542  3.17981  
1.74486  2.17362  
1.11727  3.43286  
2.03372  0.559344  
1.90112  1.56441  
1.0513  3.5126  
2.05  0.0503122  
2.04301  0.384245  
0.388623  3.99225  
1.83166  1.86736  
1.37343  3.04902  
0.207577  4.03757  
0.526713  3.93471  
1.68321  2.35878  
2.0469  0.272778  
1.59671  2.58588  
2.01152  0.830823  
1.79784  1.99427  
1.86668  1.72295  
1.21255  3.30483  
0.906016  3.6651  
1.76345  2.11309  
1.99974  0.941131  
1.40052  3.00032  
1.974  1.14222  
1.01766  3.55065  
0.58818  3.90246  
1.98096  1.09187  
0.304736  4.01742  
1.8835  1.64787  
1.7811  2.05329  
0.694417  3.83667  
1.94651  1.32004  
1.91716  1.48349  
0.78304  3.77164  
1.84846  1.79992  
1.53105  2.73812  
1.70476  2.29657  
0.949379  3.62274  
1.62217  2.52249  
1.42692  2.9511  
1.14955  3.39126  
1.66059  2.42151  
1.81373  1.93602  
0.827161  3.73566  
1.08449  3.47335  
2.03872  0.474182  
1.47756  2.85147  
1.57557  2.6366  
0.491777  3.9512  
1.32434  3.13289  
1.27327  3.21456  
2.0175  0.768194  
1.96647  1.19396  
2.00554  0.888678  
0.932041  3.63999  
0.346408  4.00583  
1.89251  1.60582  
1.82284  1.90155  
1.67428  2.38384  
1.03451  3.5318  
1.19701  3.3268  
1.16551  3.37003  
1.06794  3.49314  
1.95257  1.28325  
0.809529  3.75033  
1.13347  3.4122  
1.92462  1.44399  
0.614669  3.88726  
1.10093  3.45326  
0.422732  3.97992  
1.85644  1.76671  
1.61213  2.5478  
0.255494  4.02883  
0.853558  3.71295  
1.90933  1.52363  
1.51951  2.76334  
1.9385  1.3669  
0.667779  3.85439  
0.45713  3.96625  
1.76345  2.11309  
1.79784  1.99427  
1.32434  3.13289  
1.89251  1.60582  
1.4526  2.90147  
1.99337  0.995117  
1.11727  3.43286  
1.34563  3.09719  
0.983665  3.58738  
0.906018  3.6651  
1.72532  2.23476  
1.93173  1.40514  
1.86668  1.72295  
0.388623  3.99225  
1.98741  1.04285  
2.02874  0.631684  
1.18133  3.34855  
1.64173  2.4719  
1.95974  1.2381  
1.7811  2.05329  
2.03372  0.559331  
1.0513  3.5126  
1.50178  2.80123  
2.01152  0.830823  
1.83166  1.86736  
1.55368  2.68737  
1.53106  2.73809  
2.043  0.384253  
2.05  0.0503122  
0.738733  3.80534  
1.68321  2.35879  
0.827161  3.73566  
2.02329  0.701559  
0.491777  3.9512  
0.641207  3.87124  
1.91716  1.48349  
1.29542  3.17981  
0.304736  4.01742  
1.24321  3.26014  
1.90112  1.56441  
1.87405  1.69055  
0.207577  4.03757  
0.52671  3.93471  
1.59673  2.58585  
1.96647  1.19396  
1.40052  3.00032  
1.97399  1.14225  
1.99974  0.941119  
0.588185  3.90246  
1.74486  2.17362  
1.8835  1.64787  
1.94651  1.32004  
0.694412  3.83668  
1.37343  3.04902  
1.84846  1.79992  
0.78304  3.77164  
1.70476  2.29657  
0.949365  3.62275  
0.871107  3.69735  
1.62217  2.52248  
1.21256  3.30482  
1.14955  3.39126  
1.66059  2.42151  
1.42692  2.9511  
1.81373  1.93602  
1.08449  3.47335  
1.47756  2.85147  
1.01766  3.55065  
1.57557  2.6366  
1.98096  1.09187  
1.27327  3.21456  
2.0469  0.272778  
2.03872  0.474182  
2.0175  0.768194  
2.00555  0.888645  
0.932041  3.63999  
0.346408  4.00583  
0.561772  3.91683  
