2.31837  0.54528  
2.91067  0.507048  
3.05537  0.486415  
1.48787  2.10446  
3.23691  0.755387  
2.797  0.88309  
3.04097  0.704119  
2.00177  0.876651  
1.51372  1.82648  
2.23541  1.1727  
4.20885  0.213616  
2.86432  0.562703  
0.132921  3.31964  
1.84211  1.01479  
0.988861  1.88887  
0.333932  4.1253  
3.63491  0.415985  
1.73274  1.95441  
2.68516  0.703354  
2.0018  1.06076  
1.08617  2.33344  
1.03897  2.06866  
2.8347  0.642718  
3.02674  0.49583  
2.11944  1.29138  
2.87412  1.88383  
2.85811  0.483671  
1.15575  0.864991  
2.23554  1.03577  
0.507426  3.24404  
4.04787  0.467368  
0.760126  2.78394  
2.19884  1.90113  
2.6843  0.467334  
1.01396  2.96729  
1.91719  1.2468  
4.52057  0.0364194  
1.29729  1.8824  
2.37508  1.5036  
1.81129  1.10121  
3.85486  0.439066  
1.73915  2.11473  
2.02967  1.11862  
0.131236  4.06891  
4.88784  0.0538693  
4.31345  0.251949  
0.178669  3.56369  
3.48788  0.356599  
2.25905  1.3732  
0.467308  3.41762  
2.90108  0.701618  
4.33416  0.178833  
3.61299  0.304223  
2.59744  0.908503  
1.27556  2.96564  
4.44258  0.00887264  
2.15132  0.924592  
2.28663  1.57449  
4.33008  0.0588902  
0.899922  2.20548  
2.44167  0.775137  
1.13004  3.02249  
2.9811  0.445559  
3.91466  0.377384  
0.649989  2.85093  
0.735664  3.05769  
2.37033  1.11148  
0.811709  3.46066  
1.73927  1.53867  
2.31044  0.792516  
3.34685  0.362973  
1.63876  1.72405  
0.796239  2.75662  
2.44571  0.818353  
2.81736  0.58441  
3.02343  0.867303  
1.20828  1.97481  
2.44443  1.13166  
0.204779  4.4469  
0.930347  2.14718  
2.53304  1.04834  
1.13045  2.43191  
3.41775  0.405268  
2.32457  1.19925  
0.508639  3.03354  
0.610527  2.69276  
2.62507  0.689895  
0.218955  3.72511  
0.442837  3.25874  
3.25349  0.522713  
2.37898  0.6343  
2.27822  0.96692  
3.2993  0.13329  
1.07352  2.5219  
2.59578  0.409661  
0.452745  3.67635  
0.687507  2.78534  
4.76787  0.212529  
4.29724  0.0596008  
1.96924  1.14268  
2.31388  0.45816  
2.32223  0.325553  
0.22092  4.80773  
5.17087  0.644127  
2.18075  0.380329  
2.5647  0.344925  
5.58243  0.268602  
1.65764  0.228239  
2.57003  0.446376  
0.706869  2.8658  
2.1849  0.86908  
4.84561  0.518694  
2.84083  0.574643  
2.69594  0.484946  
5.28839  0.428737  
2.05556  0.445683  
2.04954  0.382775  
5.91578  0.127879  
1.91746  0.403392  
5.68551  0.191683  
0.952283  2.7379  
0.117883  3.99566  
0.601331  2.9947  
1.18493  0.166116  
1.15824  0.16516  
0.102596  3.94148  
0.331338  3.36787  
3.90242  0.0189408  
0.128585  3.6834  
4.18309  1.20506e-05  
3.28312  0.0454911  
0.531772  3.0669  
0.00762152  4.18968  
0.233172  3.50812  
0.946865  2.50102  
0.532554  3.8857  
0.000383643  4.13829  
0.276267  0.517033  
0.000196688  4.45701  
1.09185  0.149011  
0.0729935  3.5546  
0.19731  3.31784  
0.0409217  3.98046  
4.64798  0.276086  
0.861686  0.116204  
0  4.61252  
5.07599  0.0476727  
2.84093  4.03721e-14  
0.0391101  3.80424  
4.51221  0.0332263  
0.770947  2.63569  
4.67168  0  
0.0148124  4.06031  
0.0278678  3.96809  
0.584495  2.92867  
2.01797e-09  4.44626  
3.16513  0  
5.12124e-07  4.45201  
3.33367  0  
0.257131  3.78046  
1.39022  0.187481  
0.1407  3.57915  
5.03148  2.29121e-05  
0.0966241  4.14566  
4.3775  0  
1.21964  0.164476  
0.118866  4.02898  
7.19679e-06  4.74205  
0.19216  3.94415  
0.888931  2.97541  
0.0775767  4.40777  
6.91148e-06  4.55406  
5.74444  0.082311  
1.32153e-06  5.21555  
4.43407  0  
5.37737  0.0894005  
2.20901  0.307567  
0.74319  3.26117  
4.92176  0.0929449  
0.0585346  4.5569  
0.0727386  4.8511  
4.63246  9.8627e-05  
0.780626  3.26146  
0.509686  4.21893  
0.0841946  4.82148  
1.49793  0.20443  
0.295605  5.03364  
0.230344  3.83352  
4.96234  0.00394557  
4.51667  0.194818  
0.350328  3.17845  
1.7122  0.229612  
1.51456  0.208972  
4.90965  0.174308  
5.84827  0.0151611  
5.65011  0.0274233  
1.57318  0.220544  
5.6712  0.0480587  
5.1376  0.102304  
5.08121  0.165004  
1.61332  0.216742  
0.549763  3.62729  
3.49969  0.0625754  
0.0160452  4.017  
0.602543  2.55341  
4.32409  0.000911729  
1.16845  0.156976  
3.955  0  
0.0003262  4.48309  
0.0227858  3.94939  
0.185359  3.47553  
0.83119  2.44546  
0.865047  2.30087  
0.279866  3.31312  
3.45007  0.0218589  
0.0800725  3.49306  
0.519705  2.52521  
3.86272  3.0971e-06  
0.00034741  3.97307  
0.99589  0.133794  
0.0328108  2.61136  
0.757858  1.46831  
0.857989  2.268  
0.592194  1.64463  
0.000404531  4.62632  
0.020535  2.58634  
1.64906e-07  4.18965  
0.134511  2.26771  
0.264808  2.03165  
0.140995  2.2245  
0.418186  1.81968  
7.67314e-06  3.04569  
3.00648  0.000114268  
6.51993e-06  3.07919  
0.0381874  2.52155  
0.00973365  2.68259  
2.41792  0  
0.0725107  2.3594  
0.0990216  2.37477  
1.90266e-05  2.91188  
0  2.91838  
0.00170039  3.00124  
2.65963e-06  4.14371  
0.139709  2.23739  
3.61303  0.0125905  
0.100932  2.35699  
0.95502  0.128302  
3.20854  0.074353  
0.00409473  2.7531  
0.344229  2.00737  
0.113986  2.26789  
0.835225  0.112209  
0.000102049  2.82053  
0.000247732  2.88951  
0.245672  2.07715  
3.33529  0  
0.0705917  2.41028  
0.272632  0.508851  
1.49657  1.3223e-06  
0.184536  2.12873  
0.119679  2.24492  
3.3053  0.000125626  
0.170513  2.17422  
0.0986624  3.1806  
0.163549  2.17635  
0.040515  2.48091  
0.194824  2.1069  
3.28648  0  
0.230835  2.07068  
0.255248  1.99015  
2.77243  0.0814731  
0.184648  2.20806  
0.857359  1.42771  
0.05361  2.51824  
0.742318  1.56923  
0.0791559  2.48701  
3.19071  2.81916e-06  
1.57991e-07  4.01395  
0.214757  3.17198  
3.2396  7.56641e-07  
3.30248  1.94128e-07  
0.964984  0.131696  
3.18244  0.000505048  
0.294178  2.06058  
0.0958377  2.52016  
7.00231e-06  3.307  
3.11769  0.0035315  
8.87777e-06  3.52384  
0.199522  2.44872  
0.970875  0.1325  
0.464856  2.27773  
0.0647938  3.23265  
0.911047  2.17569  
0.869961  2.22676  
0.0553712  3.31966  
3.44689  2.02617e-07  
3.3512  6.97465e-05  
0.249051  2.02173  
9.75804e-07  4.34872  
3.69236  0  
2.19666  0.0545448  
0.274501  1.95854  
0.266691  2.0022  
0.335106  1.91842  
0.162604  2.19484  
2.02296  0.0618624  
0.970559  0.871176  
0.277456  1.95283  
3.05071e-05  3.10663  
0.838801  1.02295  
0.20063  2.09804  
2.21078  5.28233e-06  
0.000978864  2.72272  
1.07797  0.14482  
8.11549e-20  3.14895  
2.23511  1.11418e-13  
2.30908  0  
0.00606235  2.65115  
0.00180791  1.85205  
7.07863e-20  2.74663  
0.950246  0.127661  
2.12047  0  
0.000735371  2.69743  
1.90743  0.117978  
0.00103445  1.68865  
0.913203  0.781538  
0.811758  0.913657  
2.85007e-05  2.73533  
3.1287e-06  1.87601  
1.92698  0.0840344  
0.842951  0.787336  
0.0828381  2.37615  
0.730714  0.928822  
1.03228  2.43528e-07  
4.73683e-05  1.75082  
7.6151e-20  2.95479  
0.482809  1.07148  
0.955685  1.00497  
0.265269  1.86015  
0.00614972  2.64291  
1.88978  0.121617  
0.0326243  2.55508  
0.303502  1.24398  
0.169096  1.19016  
0.585016  1.1509  
1.94786  0.0729891  
1.98889  0.0602352  
0.0350531  1.41816  
2.77817e-05  2.82909  
1.61191e-05  1.64146  
0.0919303  1.29685  
2.01285  0.0519086  
0.0119764  1.53609  
5.3085e-20  2.05979  
0.126549  1.25772  
0.785081  0.957438  
1.96906  4.01494e-05  
0.929183  0.759895  
0.946096  0.127105  
3.66149  1.82522e-13  
2.10272  8.24429e-05  
0.637344  1.08842  
0.95111  0.129803  
0.925369  0.730125  
0.0790444  1.3209  
0.81946  0.110092  
0.0229133  1.52472  
0.019779  1.53559  
2.10448  0  
0.266809  0.498474  
0.413783  1.25271  
0.000204145  2.53984  
0.607719  1.13607  
1.97542  0.0596022  
0.291342  1.80899  
0.872106  0.908604  
0.733848  1.04845  
0.501995  1.23186  
0.404025  1.6261  
1.93259  0.101424  
2.06623  0.0290842  
0.61329  1.13267  
0.728026  1.07672  
2.08724  0.0331549  
2.21744  0  
6.88758e-06  2.94314  
0.450276  1.54908  
2.20789  6.87086e-13  
6.94174e-06  2.87007  
0.429844  1.38697  
0.216179  1.9163  
0.695469  1.15294  
2.13317  1.43518e-13  
0.0586753  2.35238  
0.0507663  2.40615  
0.791469  1.01669  
7.08738e-06  2.93029  
0.159284  2.08636  
2.14183  0.00316697  
0.744663  1.10133  
1.77744  0.0946557  
1.7547  0.107028  
1.81385  0.0599232  
0.135798  1.56414  
1.85986  0.0259531  
1.64695  0.135118  
0.14217  1.45535  
1.96571  3.03897e-06  
0.000392198  2.39987  
0.7693  0.689848  
0  2.05244  
1.84197  2.94286e-06  
1.92008  7.91229e-07  
1.94687  0  
0.724241  0.780042  
0.130127  1.46217  
0.118078  1.50906  
0.978127  0.607246  
0.556539  0.937039  
0.141972  1.43467  
0.727032  0.632599  
1.36817  0.036424  
1.40392  0.0273144  
0.648518  0.453962  
0.617303  0.473807  
0.0551036  1.18988  
1.35441  0.0560303  
1.33327  0.0553427  
0.738617  0.566922  
0.705603  0.415129  
0  1.93542  
0.661859  0.395705  
0.49914  0.626703  
1.25382  0.0914606  
0.620978  0.575902  
0.940968  0.126402  
1.46623  9.97191e-06  
1.4752  0  
0  1.64257  
0.274426  0.911575  
1.27778  0.0897473  
1.45192  5.62776e-05  
0.299405  1.00462  
0.214816  0.929847  
0  1.96773  
0.178259  0.92051  
0.815532  0.109565  
0.246534  0.8373  
0.00323586  1.44113  
1.43192  0.023626  
7.44209e-05  1.08584  
0.265429  0.489433  
0.467514  0.947924  
0.623007  0.45073  
1.00445  3.89335e-05  
0.000114524  1.67096  
0.157764  0.956426  
0.225012  0.872072  
0.639788  0.507689  
0.114885  1.048  
0.234445  0.868648  
0.126331  1.03653  
0.132914  1.03859  
0.204463  0.912558  
1.839  1.25071e-05  
0.0753263  1.13269  
0.156469  1.02452  
0.584926  0.494612  
1.41825  0.0191023  
1.31169  0.069546  
0.0309504  1.72227  
1.24074  0.101792  
0.691198  0.44162  
0.00111835  1.63753  
2.02609e-07  1.72259  
0.704332  0.450011  
1.60033  2.55679e-06  
1.61058  0  
0.816093  0.521417  
0.942492  0.126621  
1.76472  0  
0.106419  1.16373  
0.526102  0.629003  
1.4263  0.0199031  
0.0650932  1.62315  
0.383815  0.987489  
0.525423  0.755167  
0.00428662  1.9091  
0.611324  0.475374  
0.51564  0.923081  
1.07715  0.144654  
0.000137603  2.0077  
0.228653  1.23692  
0.382618  1.10508  
0.358964  1.07759  
0.11891  1.47105  
0.563584  0.781109  
0.415749  1.01348  
0.16033  1.38018  
0.266905  1.20966  
0.123347  0.648967  
0.863499  0.0708801  
0.217256  0.5341  
0.36959  0.392245  
0.416812  0.354596  
0.255034  0.49517  
0.314985  0.438961  
0.921188  0.0403369  
0.0208884  0.855653  
0.202133  0.550661  
0.232938  0.517537  
0.461309  0.32092  
0.103129  0.67915  
0.327591  0.427795  
0.475882  0.310327  
0.383405  0.38098  
0.243445  0.506889  
0.114131  0.662424  
0.300991  0.451529  
0.1803  0.57562  
0.363683  0.397128  
0.976763  0.0118322  
0.800342  0.105613  
0.928168  0.0367054  
0.445041  0.33307  
0.825552  0.0915541  
0.899491  0.0516755  
0.872505  0.0660533  
0.250193  0.500056  
0.0766709  0.723346  
0.950574  0.0251801  
0.0512567  0.773995  
0.109178  0.669907  
0.185031  0.569973  
0.00360645  0.940299  
0.194852  0.55876  
0.348498  0.4099  
0.357302  0.402415  
0.293609  0.458312  
0.261635  0.488648  
0.237582  0.512724  
0.96517  0.0177709  
0.0916005  0.697533  
0.307059  0.446025  
0.408325  0.361133  
0.275059  0.475658  
0.499736  0.293294  
0.807282  0.101642  
0.454712  0.325832  
0.376206  0.3868  
8.8667e-05  0.99095  
0.421683  0.350775  
1.00037  2.87831e-05  
0.283134  0.468136  
0.146072  0.618028  
0.0229588  0.848769  
0.167799  0.590595  
0.319691  0.434775  
0.128857  0.641277  
0.0160069  0.873732  
0.0642221  0.746784  
0.11984  0.653992  
0.0355648  0.811672  
0.437803  0.338494  
0.213813  0.537795  
0.0109524  0.895629  
0.847682  0.0794207  
0.332838  0.423237  
0.151796  0.610705  
0.175712  0.581002  
0.161223  0.598738  
0.0412097  0.797327  
0.483491  0.304877  
0.0867606  0.705621  
0.225565  0.525173  
0.156996  0.604032  
0.0443853  0.789601  
0.0292085  0.829317  
0.099268  0.68513  
0.267275  0.483165  
0.206502  0.545781  
0.340748  0.41649  
0.140591  0.625233  
0.98856  0.00596521  
0.910638  0.0458638  
0.0570952  0.761381  
0.885933  0.0588909  
0.00709363  0.915969  
0.81576  0.0969795  
0.429394  0.3449  
0.390394  0.375328  
0.0705898  0.734541  
0.856968  0.0743912  
0.398879  0.368605  
0.83662  0.0854506  
0.938832  0.0311966  
0.468964  0.315401  
0.492202  0.298672  
0.132391  0.636325  
0.0811806  0.715404  
0.166845  0.591533  
0.178399  0.577627  
0.0572349  0.760762  
0.156732  0.604106  
0.856639  0.074452  
0.146639  0.617066  
0.136574  0.630441  
0.126513  0.644313  
0.090087  0.699855  
0.256518  0.493524  
0.0449762  0.787924  
0.368587  0.392886  
0.381974  0.381959  
0.244494  0.505536  
0.222201  0.528619  
0.188578  0.565744  
0.200234  0.552524  
0.0812089  0.715028  
0.107586  0.671997  
0.459621  0.322047  
0.491686  0.298796  
0.924419  0.038533  
0.876214  0.0639369  
0.0542072  0.767176  
0.00556759  0.925384  
0.476392  0.309789  
0.0480566  0.780782  
0.863035  0.0710031  
0.0767735  0.72292  
0.142294  0.622781  
0.152404  0.60961  
0.11339  0.663266  
0.34711  0.41084  
0.822085  0.093311  
0.0402999  0.799252  
0.404233  0.364207  
0.467056  0.316585  
0.290108  0.461383  
0.94988  0.0253819  
0.800007  0.105569  
0.41988  0.352019  
0.238542  0.511593  
0.846956  0.0796978  
0.0226609  0.849464  
0.935292  0.0328952  
8.91505e-05  0.990558  
0.0944574  0.692661  
0.0988324  0.685624  
0.326182  0.428876  
0.318232  0.43588  
0.262252  0.487894  
0.0126045  0.88773  
0.999849  7.55213e-05  
0.375233  0.387437  
0.353717  0.405259  
0.17262  0.584524  
0.21635  0.534865  
0.976429  0.0118558  
0.0340034  0.8156  
0.339052  0.417718  
0.483985  0.30431  
0.499988  0.292902  
0.89989  0.0513748  
0.194369  0.559127  
0.427029  0.346525  
0.435888  0.339782  
0.132202  0.636404  
0.061809  0.751386  
0.27622  0.474434  
0.30408  0.448566  
0.332585  0.423298  
0.0856412  0.707355  
0.452229  0.32752  
0.388745  0.376505  
0.361927  0.398396  
0.250501  0.499499  
0.182847  0.572394  
0.103218  0.678725  
0.206068  0.546053  
0.228138  0.522362  
0.16251  0.596875  
0.122077  0.650604  
0.0019161  0.956227  
0.0693329  0.736689  
0.0275696  0.833959  
0.311914  0.441507  
0.0176883  0.867003  
0.834295  0.0866022  
0.961154  0.0196154  
0.913851  0.0440445  
0.88627  0.0585808  
0.00912878  0.904455  
0.812839  0.098424  
0.988111  0.0059625  
0.26862  0.481714  
0.443925  0.333723  
0.397274  0.369703  
0.41115  0.35879  
0.283898  0.467179  
0.297767  0.45432  
0.176982  0.579308  
0.166845  0.591533  
0.156732  0.604106  
0.0572586  0.760712  
0.856584  0.074482  
0.146632  0.617075  
0.0988415  0.685609  
0.136533  0.630497  
0.126426  0.644436  
0.0900641  0.699893  
0.256518  0.493524  
0.0434293  0.791603  
0.368552  0.392915  
0.381974  0.381959  
0.244496  0.505535  
0.200234  0.552524  
0.0812089  0.715028  
0.459621  0.322047  
0.188578  0.565744  
0.107586  0.671997  
0.491656  0.298818  
0.419909  0.351996  
0.976429  0.0118558  
0.876214  0.0639369  
0.0226765  0.849413  
0.00558201  0.925287  
0.0480672  0.780758  
0.0767735  0.72292  
0.812839  0.098424  
0.238544  0.51159  
0.194392  0.559101  
0.347134  0.410819  
0.152404  0.60961  
0.061802  0.7514  
0.404219  0.364218  
0.290075  0.461414  
0.949922  0.0253608  
0.846978  0.0796858  
9.9761e-05  0.990012  
0.800007  0.105569  
0.113393  0.663261  
0.499988  0.292902  
0.0944529  0.692668  
0.22223  0.528588  
0.821988  0.0933645  
0.262252  0.487894  
0.999807  9.62692e-05  
0.913834  0.0440534  
0.924443  0.0385205  
0.332592  0.423292  
0.375233  0.387437  
0.17262  0.584524  
0.0126052  0.887727  
0.318232  0.43588  
0.0339862  0.815647  
0.395582  0.371047  
0.899897  0.0513712  
0.228155  0.522345  
0.435947  0.339737  
0.484005  0.304295  
0.283905  0.467173  
0.467056  0.316585  
0.863035  0.0710031  
0.21635  0.534865  
0.132202  0.636404  
0.29783  0.454262  
0.276239  0.474416  
0.304069  0.448576  
0.452246  0.327508  
0.388745  0.376505  
0.142303  0.622769  
0.361917  0.398405  
0.250501  0.499499  
0.182775  0.572478  
0.103218  0.678725  
0.206068  0.546053  
0.0176941  0.866981  
0.0856412  0.707355  
0.0542072  0.767176  
0.16251  0.596875  
0.122089  0.650588  
0.0402999  0.799252  
0.069325  0.736704  
0.889653  0.0567861  
0.0019161  0.956227  
0.0275696  0.833959  
0.834348  0.0865735  
0.961154  0.0196154  
0.935253  0.032915  
0.00912878  0.904455  
0.988111  0.0059625  
0.47643  0.309761  
0.26862  0.481714  
0.443926  0.333722  
0.427018  0.346534  
0.41115  0.35879  
0.353715  0.405261  
0.339027  0.41774  
0.311919  0.441503  
0.324596  0.430267  
0.176974  0.579318  
0.166845  0.591533  
0.156732  0.604106  
0.0572586  0.760712  
0.856584  0.074482  
0.146632  0.617074  
0.0988415  0.685609  
0.136533  0.630497  
0.126426  0.644436  
0.0900553  0.699908  
0.256518  0.493524  
0.0434188  0.791628  
0.368552  0.392915  
0.381974  0.381959  
0.24451  0.50552  
0.22223  0.528588  
0.200231  0.552528  
0.459616  0.32205  
0.0812133  0.715021  
0.188578  0.565744  
0.107583  0.672002  
0.491656  0.298818  
0.976429  0.0118558  
0.00558201  0.925287  
0.484005  0.304295  
0.821988  0.0933645  
0.0480672  0.780758  
0.0767735  0.72292  
0.91382  0.0440605  
0.876216  0.0639358  
0.404205  0.364229  
0.834348  0.0865735  
0.339027  0.41774  
0.152402  0.609613  
0.84697  0.0796904  
0.290075  0.461414  
0.964943  0.0176848  
0.949922  0.0253608  
0.800007  0.105569  
0.103215  0.678729  
0.347137  0.410816  
0.0944529  0.692668  
0.924447  0.0385185  
0.935253  0.032915  
0.435947  0.339737  
0.0226765  0.849413  
0.426999  0.346548  
0.21635  0.534865  
9.9344e-05  0.990033  
0.419913  0.351993  
0.499988  0.292902  
0.238544  0.51159  
0.262262  0.487885  
0.122085  0.650593  
0.194399  0.559093  
0.467049  0.31659  
0.0339862  0.815647  
0.999803  9.83345e-05  
0.375233  0.387437  
0.172623  0.584521  
0.899897  0.0513712  
0.318234  0.435878  
0.132202  0.636404  
0.113391  0.663264  
0.061802  0.7514  
0.0126046  0.88773  
0.276239  0.474416  
0.304069  0.448576  
0.332589  0.423295  
0.250501  0.499499  
0.452253  0.327502  
0.388745  0.376505  
0.0856428  0.707352  
0.361917  0.398405  
0.182775  0.572478  
0.142303  0.622769  
0.206068  0.546053  
0.228141  0.522359  
0.863065  0.0709868  
0.297828  0.454264  
0.16251  0.596875  
0.0402999  0.799252  
0.0693198  0.736713  
0.443926  0.333722  
0.0019161  0.956227  
0.0542072  0.767176  
0.0275696  0.833959  
0.0176941  0.866981  
0.889653  0.0567861  
0.00912878  0.904455  
0.812842  0.0984223  
0.988111  0.0059625  
0.47643  0.309761  
0.26862  0.481714  
0.395582  0.371047  
0.41115  0.35879  
0.353695  0.405277  
0.283905  0.467173  
0.311919  0.441503  
0.324596  0.430267  
0.176974  0.579318  
0.166845  0.591533  
0.0572586  0.760712  
0.156733  0.604105  
0.856584  0.074482  
0.146632  0.617074  
0.0988415  0.685609  
0.136533  0.630497  
0.126426  0.644436  
0.0900554  0.699908  
0.256517  0.493525  
0.0434188  0.791628  
0.368552  0.392915  
0.381973  0.38196  
0.24451  0.50552  
0.222234  0.528583  
0.200231  0.552528  
0.459616  0.32205  
0.188578  0.565744  
0.107583  0.672002  
0.491656  0.298818  
0.484009  0.304293  
0.976429  0.0118558  
0.21635  0.534865  
0.876216  0.0639358  
0.0176941  0.866981  
0.0480672  0.780758  
0.812851  0.0984177  
0.0767735  0.72292  
0.113391  0.663264  
0.238544  0.51159  
0.0226739  0.849421  
0.26862  0.481714  
0.194399  0.559093  
0.419913  0.351993  
0.924447  0.0385185  
0.0812133  0.715021  
0.290075  0.461414  
0.22815  0.522349  
0.84697  0.0796904  
0.404205  0.364229  
0.91382  0.0440605  
0.800007  0.105569  
0.00558547  0.925264  
0.999803  9.83345e-05  
0.262262  0.487885  
0.467049  0.31659  
0.0339862  0.815647  
0.949922  0.0253608  
9.89503e-05  0.990053  
0.152402  0.609613  
0.499998  0.292895  
0.0944529  0.692668  
0.375233  0.387437  
0.821988  0.0933645  
0.172623  0.584521  
0.435942  0.339741  
0.899897  0.0513712  
0.103215  0.678729  
0.061802  0.7514  
0.443926  0.333722  
0.347143  0.410812  
0.132202  0.636404  
0.318234  0.435878  
0.304069  0.448576  
0.0126046  0.88773  
0.276239  0.474416  
0.332589  0.423295  
0.452253  0.327502  
0.388751  0.376501  
0.361917  0.398405  
0.16251  0.596875  
0.250501  0.499499  
0.182775  0.572478  
0.00913334  0.904431  
0.142303  0.622769  
0.353678  0.405292  
0.206068  0.546053  
0.0856428  0.707352  
0.122085  0.650593  
0.0402999  0.799252  
0.0693198  0.736713  
0.0019161  0.956227  
0.0275696  0.833959  
0.0542119  0.767165  
0.863065  0.0709868  
0.834348  0.0865735  
0.964943  0.0176848  
0.938905  0.0310287  
0.889653  0.0567861  
0.988108  0.00596364  
0.47643  0.309761  
0.426999  0.346548  
0.41115  0.35879  
0.395582  0.371047  
0.283905  0.467173  
0.297828  0.454264  
0.339027  0.41774  
0.311919  0.441503  
0.324596  0.430267  
0.176974  0.579318  
0.166843  0.591535  
0.0572586  0.760712  
0.156733  0.604105  
0.856584  0.074482  
0.146632  0.617074  
0.0988415  0.685609  
0.136533  0.630497  
0.126426  0.644436  
0.0900559  0.699907  
0.256514  0.493528  
0.0434188  0.791628  
0.368551  0.392916  
0.381973  0.38196  
0.24451  0.50552  
0.222234  0.528583  
0.200231  0.552528  
0.459616  0.32205  
0.0812134  0.71502  
0.188578  0.565744  
0.107583  0.672002  
0.49166  0.298815  
0.419913  0.351993  
0.821988  0.0933645  
0.976429  0.0118558  
0.388751  0.376501  
0.0226739  0.849421  
0.0480688  0.780754  
0.0767735  0.72292  
0.152402  0.609613  
0.889653  0.0567861  
0.113391  0.663264  
0.924447  0.0385185  
0.484018  0.304286  
0.16251  0.596875  
0.238544  0.51159  
0.332589  0.423295  
0.194399  0.559093  
0.0542119  0.767165  
0.00558547  0.925264  
0.375233  0.387437  
0.467049  0.31659  
0.290075  0.461414  
0.404205  0.364229  
0.800007  0.105569  
9.89503e-05  0.990053  
0.0339859  0.815647  
0.435942  0.339741  
0.324596  0.430267  
0.846966  0.0796924  
0.297828  0.454264  
0.0944529  0.692668  
0.41115  0.35879  
0.132202  0.636404  
0.499998  0.292895  
0.262262  0.487885  
0.876216  0.0639358  
0.452253  0.327502  
0.172629  0.584514  
0.311919  0.441503  
0.949929  0.0253569  
0.21635  0.534865  
0.347143  0.410812  
0.206074  0.546046  
0.899903  0.0513679  
0.443926  0.333722  
0.318234  0.435878  
0.999803  9.83345e-05  
0.91382  0.0440605  
0.061802  0.7514  
0.0126046  0.88773  
0.276239  0.474416  
0.304069  0.448576  
0.988107  0.0059642  
0.361909  0.398411  
0.250501  0.499499  
0.182775  0.572478  
0.103215  0.678729  
0.142303  0.622769  
0.22815  0.522349  
0.0856428  0.707352  
0.122085  0.650593  
0.0402999  0.799252  
0.0693198  0.736713  
0.0019161  0.956227  
0.0275696  0.833959  
0.863065  0.0709868  
0.0176941  0.866981  
0.834362  0.0865657  
0.964943  0.0176848  
0.938905  0.0310287  
0.00913334  0.904431  
0.812851  0.0984177  
0.47643  0.309761  
0.26862  0.481714  
0.426999  0.346548  
0.395582  0.371047  
0.353682  0.405289  
0.283905  0.467173  
0.339031  0.417737  
