0.158958  1.76946  
1.91886  0.40958  
1.5264  1.53585  
0.569117  1.41814  
2.24553  0.835026  
1.61709  0.403076  
1.72571  1.06125  
0.596132  1.76318  
1.21125  1.11897  
2.22569  1.09338  
0.668649  1.63207  
0.609125  1.77021  
1.69266  0.212378  
1.20951  0.723991  
1.76605  0.822619  
1.65681  0.716653  
0.604  1.81911  
2.08557  0.172355  
1.61532  1.8683  
1.65024  0.464096  
0.783745  1.31259  
1.59167  1.48932  
1.09957  0.818769  
1.15096  2.12544  
1.3845  1.13133  
1.63201  0.879834  
1.67923  0.44041  
0.989895  1.76455  
1.46229  0.0128605  
1.67823  0.354257  
0.829651  1.56117  
2.25621  0.0782232  
1.28927  1.93114  
0.858637  1.56073  
0.374201  2.14565  
0.900786  1.30605  
1.51027  1.5125  
0.355497  1.6544  
0.795779  1.86033  
2.10217  0.989449  
0.899509  1.08355  
2.0116  0.719925  
0.965357  1.41175  
1.03658  1.43079  
0.200181  1.58997  
1.41007  0.859284  
0.856797  1.62937  
1.76772  1.35602  
0.584064  1.89074  
0.914985  1.23345  
1.08358  1.21134  
0.949157  2.24301  
1.3678  1.58689  
1.11481  1.58156  
1.62201  0.734776  
0.190398  2.20378  
0.723653  1.66911  
0.15692  1.50665  
1.96293  0.513516  
1.36536  0.0375619  
1.68028  0.925178  
0.492716  1.62237  
1.58684  1.32612  
0.830224  2.14766  
1.91615  1.02911  
0.524692  1.85857  
0.573236  1.51586  
1.47473  0.605765  
1.80727  0.905872  
1.65208  0.0898672  
1.046  1.20718  
1.9975  0.293842  
0.380477  2.0115  
1.59763  0.0169844  
1.0946  1.39593  
0.839944  1.66428  
1.77396  0.447196  
1.5824  0.485502  
1.78311  0.198075  
1.67613  0.584385  
1.33453  1.06928  
2.07825  0.261586  
1.85567  0.268819  
0.989994  1.53595  
0.0810577  1.82123  
1.82365  0.188134  
0.236811  1.81787  
1.677  0.128535  
1.6098  0.0764222  
1.46921  1.13243  
0.331978  1.73305  
0.995966  1.02204  
1.18027  1.0985  
1.5044  0.451103  
1.75968  0.604651  
0.996698  1.69081  
1.6085  0.571459  
1.73011  0.095231  
1.00784  1.0526  
1.11074  1.68628  
0.680612  1.91542  
0.389752  2.40382  
2.22046  0.727619  
1.36495  1.98372  
2.51622  0.207859  
2.15663  1.2752  
2.46781  0.362345  
0.341484  2.29143  
1.07683  2.07678  
9.7092e-06  2.38628  
2.46679  0.119814  
0.174927  2.2764  
2.03846  0.57281  
2.39745  0.0137753  
0.242048  2.30306  
0.885296  2.36236  
0.202492  2.36934  
0.165517  2.30112  
0.235295  2.2383  
2.06936  0.432938  
2.12895  0.0388608  
2.0145  0.593431  
2.1301  0.000820995  
2.08117  0.398783  
2.05837  0.48072  
1.98489  0.657698  
0.14528  2.07431  
1.96705  0.717599  
1.91903  0.782316  
1.7318  1.21176  
1.84787  0.884554  
1.95195  0.729256  
2.12428  0.092872  
2.01844  0.578413  
3.32742e-10  1.70186  
0.213767  2.51406  
1.82452  0.915358  
1.1668  1.83703  
2.03539  0.520413  
6.47481e-10  1.8972  
0.0010517  1.81042  
2.13153  0  
1.72075  1.0501  
2.131  0  
1  1.2702e-06  
8.02436e-08  1.76012  
2.13223  0.0130638  
1.30957  1.33986  
2.09846  0.314341  
1.93606  0.743507  
2.29773  0.0784732  
2.13069  0  
1.01968e-07  1.15925  
1.01006  1.4373  
1.77424  0.976134  
2.23082  0.262384  
1.61758  1.13815  
1.50977  1.22057  
1.98722  0.64115  
1.74176  1.01433  
0.79923  1.61523  
2.01584  1.09556  
2.11275  0.217593  
2.34275  0.0923746  
1.88067  0.837453  
0.00399476  1.84693  
2.06967  0.412964  
2.2841  0.641835  
1.1327  1.54477  
1.90005  0.959718  
7.22614e-06  1.94032  
2.03694  0.539474  
1.98942  0.702971  
2.09881  0.463287  
2.12771  0.264321  
2.13047  0.0292378  
2.13666  0.000326574  
1.04148  2.08706  
8.6117e-10  2.07841  
0.594427  2.1859  
4.09552e-09  2.06435  
1.23877e-07  2.15934  
0.228993  2.17885  
2.4521  0.126174  
0.0677207  1.83195  
2.18176  0.38337  
1.47519  1.86726  
0.000383745  2.13635  
2.14399  0.0134741  
0.000395865  2.17589  
0.364661  1.93516  
2.38144  0.0243944  
0.238173  1.97407  
5.67895e-05  2.28118  
9.46969e-06  2.47283  
0.026804  2.19563  
0.00111086  2.33205  
0.255417  2.16534  
0.0735461  2.26965  
1.46489  2.12897  
1.73571  0.0893172  
3.42382e-05  1.94308  
1.83136  1.02926  
1.80325  0.940686  
1.77701  0.966208  
0.0312594  1.82076  
0.0823529  1.7299  
1.34893  1.42819  
0.835755  1.57973  
1.68769  0.261367  
1.88718  0.00316914  
0.0192793  1.70868  
0.983117  1.53532  
1.64891  0.0825506  
1.8633  7.05581e-06  
0.804833  1.54516  
1.33628  1.29866  
0.00716205  1.65822  
0.00220039  1.74863  
0.571929  1.47933  
0.643471  1.42333  
1.60304  0.269796  
1.49011  0.548203  
1.43145  0.654405  
0.983297  0.996309  
1.56606  0.412005  
0.144753  1.62389  
0.549962  1.49196  
1.61831  0.203892  
0.947117  1.1955  
0.871596  1.19962  
1.30164  0.779255  
1.64292  0.656933  
1.24963  0.824035  
1.63382  0  
1  8.25476e-05  
0.982493  0.979502  
1.51303  0.498238  
1.53517  0.467204  
1.58531  0.325697  
1.00571  0.975794  
1.05323e-05  1.63587  
1.57368  0.362591  
0.782612  1.30044  
1.63158  0.137989  
1.36041  0.728247  
1.26261e-06  1.83265  
1.38666  1.19523  
0.291996  1.59957  
0.618833  1.44174  
0.486838  1.52206  
6.12325e-17  1  
0.679104  1.39383  
0.000423436  1.63607  
0.823669  1.25019  
2.21725  0.03709  
1.62964  0.124391  
1.12562  1.25517  
0.437954  1.55119  
1.63624  0  
1.17309  0.882589  
1.63478  1.70185e-05  
1.4535  0.601457  
0.353743  1.58265  
0.514947  1.50986  
0.252278  1.61422  
0.058525  1.63246  
1.00398e-16  1.63962  
1.3465  0.762786  
1.62265  0.173936  
1.72549  1.43433e-07  
0.319969  1.59376  
4.68658e-06  1.81343  
0.670298  1.40197  
1.65281  1.73191e-06  
1.63222  0.0892102  
1.60806  0.259703  
0.552357  1.58841  
0.120077  1.62928  
0.000688123  1.63576  
1.63548  4.15866e-08  
1.61887  0.201116  
1.37056e-05  1.6427  
3.23116e-05  1.63619  
1.63801  2.27207e-07  
1.24413  1.39443  
1.11435  1.13391  
1.41631  0.74646  
1.66097  0.000698063  
0.711726  1.49773  
1.60587  0.439442  
0.181291  1.62623  
1.63993  0.013013  
1.3753  1.11273  
1.63521  0.053538  
1.74543  4.76546e-08  
1.63852  1.36204e-07  
5.60044e-05  1.63627  
0.776478  1.51172  
1.49031  1.15341  
1.15652  0.767721  
1.43802  0.109794  
1.16447  1.01839  
1.44144  0.0285603  
0.0100048  1.37399  
1.32137  0.338104  
1.16445  1.01837  
0.000853361  1.38362  
1.36941  0.0264523  
0.0387149  1.33379  
8.43177e-17  1.37701  
0.945763  1.13668  
1.34757  0.0019586  
0.884848  1.17421  
0.00173792  1.39304  
1.21061  0.861005  
1.32338  0.0184385  
0.323627  1.31111  
0.949138  1.09305  
1.27456  0.112743  
0.125348  1.36096  
1.26269  0.178264  
1.0449  0.859297  
0.365677  1.19664  
1.27838  0.0816064  
1.24772  0.549928  
0.453919  1.15636  
0.938135  0.868286  
0.878748  1.01944  
1.2187  0.321733  
0.957687  0.720751  
1.02958  1.06128  
0.886917  0.906782  
0.175788  1.26644  
1.15883  0.459903  
1.12341  0.472858  
0.021602  1.46724  
1.19167  0.369262  
0.350417  1.20287  
1.04249  0.674538  
0.936357  0.804547  
1.22822  0.631369  
7.88262e-05  1.2817  
0.00206271  1.28532  
1.28202  0  
0.735098  0.740797  
1.2036  0.345215  
0.415096  1.1662  
1.28393  0  
4.02241e-05  1.31925  
1.16869  0.414204  
6.12323e-17  1  
0.324981  1.21252  
8.07121e-17  1.31813  
1  8.25476e-05  
0.0854366  1.27789  
0.970808  0.726935  
1.27033  0.14196  
0.266827  1.23653  
0.63344  1.15055  
1.01326  1.08728  
0.611234  1.0235  
1.25413  0.209318  
0.552125  1.08946  
0.732069  1.15788  
1.2424  0.249243  
1.20559  0.338671  
1.08939  0.51811  
0.739056  1.08472  
0.218984  1.25389  
0.809801  0.932582  
0.988494  0.861093  
0.435676  1.16071  
0.703844  1.12058  
0.093945  1.27749  
7.8521e-17  1.28235  
7.85953e-17  1.28356  
1.28652  0  
1.12181  0.617262  
0.736087  1.0242  
1.20065  0.411  
0.770624  1.19027  
0.454398  1.2271  
0.0120205  1.28338  
1.03121  0.862863  
0.241575  1.25826  
1.09178  0.726686  
1.26724  0.192002  
1.24552  0.365717  
1.28451  0.00621403  
0.53744  1.2677  
0.105644  1.28083  
1.3018  0  
1.13102  0.726374  
1.26905  0.412757  
1.28929  0.0730822  
1.21123  0.650524  
1.38349  0  
1.30273  0.0487913  
1.11022  0.890002  
0.695959  0.885329  
0.213568  1.07477  
1.01364  0.427391  
0.730044  0.838222  
0.0663336  1.13061  
1.15677  0  
0.905747  0.597703  
0.878468  0.756492  
0.541507  0.99688  
0.343883  1.06303  
0.885793  0.65881  
0.0543636  1.07162  
1.02827  0.366137  
0.707076  0.837592  
0.911447  0.591063  
1.0121  0.402076  
0.421575  1.001  
1.07127  0.0407489  
0.685965  0.861722  
0.882519  0.64055  
3.00894e-12  1.07095  
0.864704  0.622046  
0.881283  0.637384  
1.07131  0  
0.952408  0.484008  
0.861333  0.627749  
0.338671  0.978645  
1.10269  0.0522952  
0.662104  0.836251  
0.687295  0.826184  
0.802056  0.730416  
0.701413  0.809108  
0.642748  0.855754  
1.0636  0.0974763  
0.861754  0.625479  
0.388697  0.971635  
0.821852  0.68235  
1.11048  0.00931336  
0.669757  0.835693  
0.627176  0.860341  
0.908305  0.52131  
0.933278  0.388351  
0.868848  0.606425  
0.4014  0.929469  
0.70985  0.704353  
0.893234  0.585974  
0.986146  0.352135  
0.892994  0.555432  
1  8.25476e-05  
0.595581  0.873232  
6.62054e-17  1.08122  
1.07196  4.18056e-05  
0.658115  0.837188  
0.889415  0.572487  
0.865064  0.615332  
0.882813  0.576449  
1.104  1.45874e-05  
0.851667  0.637488  
0.541404  0.899994  
1.07112  2.15263e-06  
0.407161  0.981811  
0.873217  0.598776  
0.87694  0.590369  
0.58142  0.880042  
0.829943  0.670608  
0.361142  1.01471  
6.12323e-17  1  
0.690387  0.814671  
0.760833  0.755619  
0.585422  0.901815  
1.00848  0.313717  
0.156694  1.05175  
0.70188  0.809738  
1.04486  0.175937  
0.846832  0.684839  
0.941165  0.543146  
0.368221  1.0055  
0.450688  0.968638  
0.670082  0.852411  
0.864226  0.647077  
1.06386  0.0934577  
0.566888  0.924153  
1.06678  0.0830889  
0.975984  0.46232  
1.04036  0.203434  
0.0843479  1.0652  
0.293733  1.04649  
1.05722  0.140294  
0.991251  0.461121  
1.06873  0.0608446  
1.0557  0.152234  
1.0391  0.237726  
1.08473  0  
0.0460326  1.06896  
0.0661977  1.06743  
1.07065  0.0405301  
0.75567  0.804554  
0.070204  1.06724  
1.07465  1.41995e-05  
0.00191506  1.07504  
0.350877  0.936423  
0.3284  0.944545  
0.937413  0.349976  
0.664239  0.748083  
0.413725  0.910403  
0.282852  0.959167  
0.702196  0.711985  
0.517532  0.855665  
0.883216  0.468968  
0.63972  0.768608  
0.945613  0.325305  
0.718077  0.695964  
0.893685  0.448696  
0.771077  0.636743  
0.451418  0.892313  
0.980834  0.194847  
0.974995  0.222229  
0.228336  0.973583  
0.197762  0.980263  
0.903408  0.428789  
0.952631  0.304129  
0.181568  0.983379  
0.983865  0.178917  
0.9954  0.0958126  
0.615018  0.788513  
0.779909  0.625892  
0.96076  0.277445  
0.70985  0.704353  
0.441943  0.897044  
0.684309  0.729196  
0.359373  0.933195  
0.933203  0.359388  
0.898653  0.438675  
0.990131  0.140164  
0.941311  0.337577  
0.964164  0.26531  
0.140188  0.990125  
0.908199  0.418541  
0.0958934  0.995394  
0.755635  0.654995  
0.821365  0.570406  
0.91639  0.400287  
0.879002  0.47682  
6.12323e-17  1  
0.860949  0.508695  
0.573252  0.819381  
0.163084  0.986614  
0.477575  0.878591  
0.26799  0.963422  
0.292617  0.956235  
0.798308  0.602265  
1  8.25476e-05  
0.509915  0.860225  
0.630162  0.776467  
0.304406  0.952543  
0.400491  0.916301  
0.657425  0.753521  
0.948737  0.316068  
0.49364  0.869667  
0.432534  0.901623  
0.842503  0.538693  
0.735137  0.677919  
0.211808  0.977312  
0.977968  0.208758  
0.602226  0.798326  
0.31673  0.948516  
0.542028  0.840365  
0.971633  0.236494  
0.956383  0.292152  
0.672438  0.740155  
0.239226  0.970966  
0.421226  0.906956  
0.748098  0.6636  
0.889161  0.457601  
0.92563  0.378431  
0.383718  0.923452  
0.337849  0.941201  
0.695686  0.718346  
0.812125  0.58358  
0.251435  0.967876  
0.766487  0.642261  
0.831904  0.554921  
0.460961  0.887421  
0.557502  0.830176  
0.723934  0.689877  
0.921747  0.387796  
0.528833  0.848727  
0.589628  0.807686  
0.645464  0.763794  
0.871533  0.490337  
0.788631  0.614947  
0.852447  0.522814  
0.0613305  0.998118  
0.997856  0.065474  
0.987465  0.157875  
0.117736  0.99305  
0.992816  0.119668  
0.967936  0.251199  
0.807021  0.590608  
0.374901  0.927068  
0.328378  0.944546  
0.701531  0.712639  
0.608481  0.793569  
0.718326  0.695707  
0.67534  0.737506  
0.960778  0.277319  
0.742864  0.669443  
0.648472  0.761238  
0.766347  0.642427  
0.40979  0.91218  
0.937899  0.346907  
0.903299  0.429012  
0.254012  0.967201  
0.429041  0.903285  
0.349989  0.936754  
0.974903  0.222629  
0.44828  0.893893  
0.893883  0.448301  
0.467692  0.883891  
0.953583  0.301129  
0.304136  0.952629  
0.921823  0.387611  
0.995606  0.0936419  
0.98432  0.176391  
0.781387  0.624047  
0.0936546  0.995605  
0.630164  0.776462  
0.888973  0.457959  
0.862258  0.50647  
0.684075  0.729412  
0.934405  0.356212  
0.359335  0.933209  
0.509646  0.860384  
0.734821  0.678261  
0.898673  0.438619  
0.570666  0.821182  
0.438653  0.898657  
0.709919  0.704283  
0.967958  0.251112  
0.964097  0.265549  
0.265588  0.964087  
0.990484  0.137631  
0.842545  0.538626  
0.880478  0.474087  
0.949691  0.313189  
0.477306  0.878737  
1  8.25476e-05  
0.823379  0.567491  
0.997975  0.063603  
0.602226  0.798326  
0.61783  0.786311  
0.803012  0.595963  
0.117752  0.993043  
0.316228  0.948683  
0.208864  0.977945  
0.140172  0.990127  
0.917766  0.397122  
0.400278  0.916394  
0.0636721  0.997971  
9.64406e-05  1  
0.657501  0.753454  
0.977938  0.208897  
0.541883  0.840454  
0.669471  0.742838  
0.758672  0.651473  
0.176442  0.984311  
0.239638  0.970862  
0.971556  0.236808  
0.292163  0.956369  
0.907813  0.419375  
0.457963  0.888971  
0.957275  0.289178  
0.378138  0.925749  
0.158055  0.98743  
0.586564  0.809903  
0.337633  0.941278  
0.927001  0.375059  
0.942364  0.334591  
0.812219  0.583353  
0.557886  0.829918  
0.419359  0.907821  
0.525741  0.850645  
0.852634  0.522509  
0.748181  0.663495  
0.723869  0.689937  
0.695701  0.718332  
0.642402  0.766368  
0.771445  0.636296  
0.493463  0.869767  
0.791153  0.611618  
0.987429  0.158063  
0.871615  0.490191  
0.832087  0.554645  
0.993044  0.117745  
0.225547  0.974232  
0.912144  0.409869  
0.981305  0.192459  
0.192499  0.981297  
0.280263  0.959923  
0.390783  0.920483  
0.701429  0.71274  
0.328421  0.944531  
0.608499  0.793555  
0.718326  0.695707  
0.67534  0.737506  
0.742864  0.669443  
0.648472  0.761238  
0.766347  0.642427  
0.409823  0.912165  
0.967955  0.251122  
0.937902  0.346899  
0.428998  0.903305  
0.903299  0.429012  
0.349989  0.936754  
0.893883  0.448301  
0.222753  0.974875  
0.44828  0.893893  
0.467656  0.883911  
0.953583  0.301129  
0.304136  0.952629  
0.960773  0.277336  
0.981826  0.189782  
0.176442  0.984311  
0.509659  0.860377  
0.734821  0.678261  
0.570666  0.821182  
0.684119  0.729371  
0.971548  0.236843  
0.934405  0.356212  
0.630164  0.776462  
0.359326  0.933212  
0.823379  0.567491  
0.709921  0.704281  
0.781387  0.624047  
0.898666  0.438634  
0.984782  0.173797  
0.438602  0.898682  
0.964877  0.262703  
0.862297  0.506403  
0.337633  0.941278  
0.990484  0.137631  
0.140157  0.990129  
0.842545  0.538626  
0.880478  0.474087  
0.316228  0.948683  
0.477306  0.878737  
1  9.86299e-05  
9.64406e-05  1  
0.949691  0.313189  
0.586564  0.809903  
0.0936803  0.995602  
0.493482  0.869756  
0.987831  0.15553  
0.60223  0.798323  
0.208898  0.977937  
0.251084  0.967965  
0.917777  0.397097  
0.995824  0.0912967  
0.803012  0.595963  
0.92703  0.374987  
0.265594  0.964085  
0.957275  0.289178  
0.280285  0.959917  
0.75866  0.651486  
0.978527  0.206121  
0.400278  0.916394  
0.541876  0.840458  
0.83205  0.554701  
0.657501  0.753454  
0.23686  0.971544  
0.292163  0.956369  
0.907813  0.419375  
0.45795  0.888978  
0.748189  0.663486  
0.378138  0.925749  
0.942364  0.334589  
0.419379  0.907811  
0.525753  0.850638  
0.117716  0.993047  
0.0636721  0.997971  
0.852606  0.522554  
0.888989  0.457929  
0.669433  0.742873  
0.723869  0.689937  
0.695739  0.718295  
0.642402  0.766368  
0.771445  0.636296  
0.791153  0.611618  
0.617824  0.786316  
0.871615  0.490191  
0.812219  0.583353  
0.557899  0.829909  
0.993331  0.115293  
0.998112  0.0614162  
0.974875  0.222753  
0.192499  0.981297  
0.912173  0.409806  
0.158055  0.98743  
0.390749  0.920497  
0.921823  0.387611  
0.328421  0.944531  
0.701429  0.71274  
0.67534  0.737506  
0.742864  0.669443  
0.648472  0.761238  
0.766347  0.642427  
0.913587  0.406644  
0.409814  0.912169  
0.937902  0.346899  
0.428998  0.903305  
0.975514  0.219937  
0.90482  0.425793  
0.349989  0.936754  
0.895514  0.445033  
0.222753  0.974875  
0.44829  0.893888  
0.885618  0.464415  
0.467656  0.883911  
0.953583  0.301129  
0.304136  0.952629  
0.960773  0.277336  
0.995821  0.0913217  
0.942364  0.334589  
0.781439  0.623982  
0.630175  0.776453  
0.862282  0.506429  
0.570666  0.821182  
0.684119  0.729371  
0.176437  0.984312  
0.934405  0.356212  
0.900227  0.435421  
0.990484  0.137631  
0.964877  0.262703  
0.823379  0.567491  
0.359326  0.933212  
0.140157  0.990129  
0.695705  0.718328  
0.880478  0.474087  
0.477352  0.878712  
0.316228  0.948683  
0.993331  0.115293  
0.709926  0.704276  
0.718326  0.695707  
0.669433  0.742873  
1  9.86299e-05  
0.0936803  0.995602  
9.64406e-05  1  
0.972231  0.234023  
0.949691  0.313189  
0.734821  0.678261  
0.280285  0.959917  
0.803012  0.595963  
0.602249  0.798308  
0.208877  0.977942  
0.265594  0.964085  
0.842521  0.538664  
0.657501  0.753454  
0.978524  0.206132  
0.400278  0.916394  
0.509659  0.860377  
0.917778  0.397094  
0.871584  0.490246  
0.541876  0.840458  
0.438611  0.898677  
0.642402  0.766368  
0.117716  0.993047  
0.75866  0.651486  
0.390752  0.920496  
0.984784  0.173786  
0.236857  0.971545  
0.292163  0.956369  
0.957275  0.289178  
0.192501  0.981297  
0.45795  0.888978  
0.890627  0.454736  
0.586514  0.809939  
0.378138  0.925749  
0.337633  0.941278  
0.92703  0.374987  
0.419379  0.907811  
0.909285  0.416175  
0.251132  0.967953  
0.525793  0.850613  
0.981825  0.189788  
0.852606  0.522554  
0.748189  0.663486  
0.723869  0.689937  
0.771442  0.636299  
0.493495  0.869749  
0.617824  0.786316  
0.791153  0.611618  
0.812219  0.583352  
0.557899  0.829909  
0.83205  0.554701  
0.0636721  0.997971  
0.998112  0.0614233  
0.968695  0.248253  
0.158055  0.98743  
0.987843  0.155456  
0.921833  0.387587  
0.328421  0.944531  
0.701429  0.71274  
0.718326  0.695707  
0.67534  0.737506  
0.742864  0.669443  
0.648472  0.761238  
0.766347  0.642427  
0.913587  0.406644  
0.409814  0.912169  
0.937902  0.346899  
0.90482  0.425793  
0.975512  0.219948  
0.429  0.903305  
0.349999  0.93675  
0.895488  0.445085  
0.222757  0.974874  
0.44829  0.893888  
0.885618  0.464415  
0.467639  0.883919  
0.953583  0.301129  
0.304136  0.952629  
0.960773  0.277336  
0.995821  0.0913217  
0.771442  0.636299  
0.0936803  0.995602  
0.669433  0.742873  
0.630175  0.776453  
0.964877  0.262703  
0.862282  0.506429  
0.509659  0.860377  
0.734774  0.678312  
0.684119  0.729371  
0.968695  0.248253  
0.934405  0.356212  
0.781419  0.624007  
0.871582  0.49025  
0.0614044  0.998113  
0.359326  0.933212  
0.117736  0.993045  
0.438635  0.898665  
0.265594  0.964085  
0.140157  0.990129  
0.984784  0.173786  
0.842521  0.538664  
0.176437  0.984312  
0.570659  0.821187  
0.880478  0.474087  
0.602249  0.798308  
9.64406e-05  1  
0.477352  0.878712  
0.316228  0.948683  
0.709926  0.704276  
0.657501  0.753454  
0.949683  0.313214  
0.803012  0.595963  
1  9.86299e-05  
0.541876  0.840458  
0.208878  0.977942  
0.400278  0.916394  
0.978524  0.206132  
0.990484  0.137631  
0.91778  0.39709  
0.337633  0.941278  
0.823379  0.567491  
0.75866  0.651486  
0.236857  0.971545  
0.972231  0.234023  
0.292163  0.956369  
0.957275  0.289178  
0.45795  0.888978  
0.890627  0.454735  
0.586514  0.809939  
0.378138  0.925749  
0.927033  0.374979  
0.94237  0.334572  
0.419385  0.907808  
0.909278  0.41619  
0.52578  0.85062  
0.852606  0.522554  
0.748189  0.663486  
0.723869  0.689937  
0.900227  0.435421  
0.695705  0.718328  
0.642402  0.766368  
0.493495  0.869749  
0.617824  0.786316  
0.791153  0.611618  
0.812221  0.58335  
0.557899  0.829909  
0.83205  0.554701  
0.390752  0.920496  
0.998111  0.0614408  
0.993331  0.115293  
0.251132  0.967953  
0.158078  0.987427  
0.192501  0.981297  
0.280285  0.959917  
0.981825  0.18979  
0.987837  0.155493  
0.921832  0.38759  
0.328421  0.944531  
0.701429  0.71274  
0.718326  0.695707  
0.67534  0.737506  
0.742868  0.669438  
0.648472  0.761238  
0.766355  0.642417  
0.913587  0.406644  
0.409814  0.912169  
0.937904  0.346895  
0.90482  0.425793  
0.975508  0.219962  
0.429  0.903305  
0.349999  0.93675  
0.895488  0.445085  
0.222757  0.974874  
0.44829  0.893888  
0.885618  0.464415  
0.467639  0.883919  
0.953583  0.301129  
0.304136  0.952629  
0.960773  0.277336  
0.0936803  0.995602  
0.964877  0.262702  
0.823396  0.567467  
0.438635  0.898665  
0.781419  0.624007  
0.176437  0.984312  
0.630175  0.776453  
0.957275  0.289178  
0.862282  0.506429  
0.771442  0.636299  
0.509659  0.860377  
0.734774  0.678312  
0.570659  0.821187  
0.265603  0.964082  
0.541876  0.840458  
0.990484  0.137631  
0.927032  0.374983  
0.140157  0.990129  
0.493493  0.86975  
0.842525  0.538658  
0.900227  0.435421  
0.316228  0.948683  
0.158079  0.987427  
0.934405  0.356212  
0.477325  0.878727  
0.880478  0.474087  
0.995821  0.0913217  
9.64406e-05  1  
0.91778  0.39709  
1  9.94781e-05  
0.359326  0.933212  
0.949683  0.313214  
0.709926  0.704276  
0.602249  0.798308  
0.117736  0.993045  
0.400264  0.9164  
0.208878  0.977942  
0.68412  0.72937  
0.803012  0.595963  
0.978524  0.206132  
0.6424  0.76637  
0.657501  0.753454  
0.75866  0.651486  
0.984784  0.173786  
0.23685  0.971546  
0.972231  0.234023  
0.292163  0.956369  
0.45795  0.888978  
0.723869  0.689937  
0.890627  0.454735  
0.586514  0.809939  
0.378138  0.925749  
0.337633  0.941278  
0.942377  0.334553  
0.419385  0.907808  
0.909278  0.41619  
0.525783  0.850619  
0.852599  0.522567  
0.748189  0.663486  
0.669433  0.742873  
0.695705  0.718328  
0.617824  0.786316  
0.871582  0.49025  
0.791153  0.611618  
0.812221  0.58335  
0.557899  0.829909  
0.83205  0.554701  
0.0614044  0.998113  
0.998111  0.0614408  
0.993331  0.115293  
0.251132  0.967953  
0.192501  0.981297  
0.968695  0.248253  
0.280285  0.959917  
0.390752  0.920496  
0.987837  0.155493  
0.921832  0.38759  
0.981825  0.18979  
