566.075  560.707  
347.23  833.975  
790.814  1032.07  
1117.74  243.141  
1384.71  146.877  
26.6968  1059.26  
1003.72  60.0092  
311.605  860.924  
155.928  1171.23  
768.823  526.576  
891.265  784.575  
402.326  637.376  
658.043  235.545  
1241.16  925.399  
1076.95  155.357  
657.433  328.632  
716.029  439.728  
167.817  918.358  
476.549  980.818  
208.853  786.214  
1002.48  166.446  
1444.05  220.06  
865.42  780.78  
148.617  1370.75  
146.552  1197.15  
834.918  427.356  
976.994  437.418  
338.455  1235.61  
1010.54  367.741  
576.159  824.473  
346.231  1048.83  
395.023  771.675  
555.86  953.819  
560.943  1075.81  
385.944  925.314  
1076.89  665.802  
789.741  563.083  
436.538  1143.41  
526.246  984.586  
1209.84  439.46  
754.789  764.587  
658.952  739.496  
48.5732  936.93  
432.652  804.421  
889.903  341.112  
1217.39  466.295  
780.927  987.209  
390.891  845.505  
715.77  862.517  
1126.14  289.074  
1122.76  354.226  
1049.46  472.64  
520.616  1155.68  
913.138  265.685  
476.91  1056.24  
435.614  1250.55  
668.826  414.682  
575.794  1082.91  
948.191  704.431  
279.149  1297.46  
104.811  713.357  
253.807  1011.03  
231.104  961.759  
733.454  30.5873  
861.645  588.18  
928.443  582.772  
1193.05  686.048  
522.141  443.776  
687.223  636.363  
668.153  106.577  
472.764  1185.72  
396.827  961.008  
412.647  648.574  
635.453  757.243  
60.5535  1108.45  
1067.78  234.615  
1463.25  328.444  
673.649  177.327  
498.851  979.487  
939.64  880.373  
72.9894  952.447  
646.744  579.098  
1373.2  209.681  
266.757  787.074  
1342.89  856.881  
1076.37  379.943  
344.411  632.96  
1146.43  656.385  
1126.64  580.608  
838.053  234.441  
77.209  1093.58  
883.434  446.645  
108.986  984.546  
702.737  622.497  
959.371  885.18  
756.108  1020.14  
206.482  677.502  
219.857  925.533  
816.453  923.205  
356.87  990.199  
0.0872353  355.146  
175.706  0  
1.63675e-14  267.301  
174.644  0  
168.982  0  
0.00197669  227.427  
1.63567e-14  267.126  
0.0187906  194.336  
164.192  5.31035e-14  
0.0209744  162.179  
163.029  0  
2.16081e-09  208.34  
6.35015e-05  182.467  
1.59519e-14  260.515  
152.699  53.7724  
160.02  5.01452e-18  
153.667  0  
1.09043e-14  178.081  
0.00143508  155.271  
0.000665654  175.054  
77.684  116.694  
136.507  0  
128.64  33.211  
125.107  79.2952  
101.341  95.3874  
99.8238  107.491  
123.949  6.24369e-06  
1.99737e-06  154.575  
91.6346  101.93  
84.0014  107.004  
89.1186  102.8  
113.077  77.5395  
96.8623  93.9189  
0.00336234  130.475  
0.00459001  157.481  
126.374  121.142  
0.00840152  112.391  
1.52325e-11  119.665  
92.2798  0  
7.16556e-15  117.023  
136.157  0  
0.000156253  140.156  
7.6556e-15  125.025  
8.00849e-05  152.988  
116.669  0  
47.0462  141.745  
143.923  87.7203  
122.634  0.00728791  
125.118  0  
79.8514  101.739  
114.957  102.996  
5.21176e-15  85.1144  
124.666  93.922  
81.9958  78.8702  
55.1033  109.811  
0.00567681  194.769  
47.4665  79.4095  
6.84373e-15  111.767  
50.0619  0.00131624  
59.8173  105.105  
114.508  0.000110787  
0.00460897  55.0688  
62.9988  109.612  
143.013  17.5923  
64.2819  104.91  
105.122  1.02151e-11  
148.033  1.63052e-13  
107.141  0  
117.961  85.1366  
99.1539  60.4519  
144.087  0  
72.5554  52.9258  
5.36542  132.363  
72.5175  103.93  
133.542  143.492  
61.4979  126.121  
1.72711e-06  143.062  
128.021  78.9315  
5.05839e-06  136.79  
8.4851e-15  138.572  
131.926  122.638  
94.4568  120.676  
130.509  73.7871  
59.4402  131.234  
1.15982e-09  145.411  
9.24762e-15  151.025  
9.04586e-15  147.73  
0.0327245  146.132  
13.2668  136.851  
9.06677e-15  148.072  
66.3158  135.564  
146.496  1.29997e-18  
1.02131e-14  166.792  
0.0116944  150.335  
82.5629  137.345  
148.148  0  
0.0146069  151.068  
149.162  0  
151.57  1.17642e-05  
0.0131442  154.161  
46.5896  107.62  
0.0113096  135.129  
133.905  0  
7.81811e-15  127.679  
3.00034e-11  124.049  
1.11915e-05  123.023  
63.6119  106.921  
36.8746  107.208  
96.2987  79.8142  
133.341  0  
0.00202156  114.507  
131.121  0  
118.604  7.52172e-07  
125.998  1.76629e-17  
89.4886  81.5569  
107.243  28.9304  
6.86281e-15  112.078  
88.6891  82.5599  
95.7204  68.0584  
108.847  7.66971  
116.209  0.0112425  
6.12182e-15  99.9769  
63.6797  80.442  
70.5315  61.2799  
4.60043  97.8865  
64.4148  74.4593  
0.00424037  106.006  
71.3537  48.1079  
0.00808888  87.6676  
86.9766  0  
42.9598  96.9017  
80.2764  75.2481  
40.0213  84.9466  
6.82473e-15  111.456  
54.6306  60.4014  
65.1592  79.7429  
55.0912  90.4374  
68.8358  40.8308  
78.886  18.8924  
37.8288  17.3026  
3.73673e-05  87.959  
0.00460251  54.9916  
74.376  0.00458519  
84.097  0  
5.44579e-14  107.769  
0.00371067  100.268  
95.2242  4.53515e-09  
2.11644e-15  34.5641  
60.4034  101.531  
45.0605  0.000205604  
9.55995e-07  75.2538  
40.9144  61.1431  
56.2604  16.2318  
87.3563  0  
85.2219  8.25999e-07  
47.8318  41.6246  
91.0721  0.000406029  
0.00424508  81.1048  
71.3177  93.2793  
64.6536  62.911  
77.0745  0.000292357  
70.1551  67.222  
98.4146  0.402421  
84.4036  0  
47.5021  81.3653  
6.81738e-15  111.336  
5.75354e-15  93.9624  
8.50945e-05  69.355  
67.7599  86.7754  
5.4023e-15  88.2263  
43.6942  85.4716  
77.8608  54.4607  
49.3442  84.1538  
41.4488  95.3531  
99.0069  0  
6.19156e-15  101.116  
54.9339  58.5308  
94.3112  0.00930797  
0.000327503  104.125  
77.4312  69.5534  
2.87394e-05  90.2866  
90.1681  68.77  
92.9443  21.8085  
72.6972  78.6816  
34.3122  100.95  
46.1636  102.342  
76.1242  62.5126  
89.7194  62.0412  
21.6214  97.4427  
38.6057  100.077  
71.7977  86.0912  
108.719  0  
106.195  9.81147e-15  
97.2572  9.8182e-06  
106.364  0.00165195  
59.9159  95.6939  
95.0247  65.318  
49.2054  102.027  
109.373  0  
0.0379679  106.445  
9.88438e-15  161.424  
67.9439  30.4437  
87.97  0  
5.89724e-15  96.3093  
63.4846  45.3226  
51.4469  57.5812  
0.00460705  84.1695  
59.0469  46.6921  
31.8853  72.4538  
67.1793  29.343  
49.2152  58.4521  
0.0148052  82.2797  
76.2372  1.65865e-05  
76.1277  0  
5.19974e-15  84.9181  
0.000959033  78.0896  
33.1111  67.4354  
53.0146  56.6739  
61.6454  32.0815  
33.6128  66.9353  
71.2961  7.42937  
66.4071  0  
1.74667e-13  55.1026  
31.4274  14.0281  
37.9192  37.1097  
0.0566958  48.7916  
0.486423  43.7194  
53.8553  0  
38.4205  50.6673  
2.88001e-15  47.0341  
29.4284  21.2564  
69.5881  2.60567e-11  
6.53628e-08  53.4491  
0.00274568  50.1627  
42.9519  1.43031e-18  
2.76557e-15  45.1651  
74.098  0.0015405  
34.1856  0.00284216  
52.822  24.4196  
46.5539  0  
21.8435  19.4662  
63.7345  22.5458  
24.6823  2.64756  
19.2175  24.7047  
69.1205  0  
56.893  1.36599e-13  
29.1327  18.2549  
5.16655e-15  84.3761  
3.388e-15  55.3303  
68.6382  22.0305  
43.7449  2.24011e-14  
66.5829  0.000759739  
2.08614e-15  34.0692  
38.8953  9.96426e-15  
41.6718  1.38768e-18  
57.9445  0.0245525  
0.0020162  36.8353  
59.521  3.01063e-15  
23.6416  41.0152  
49.235  0  
37.014  0.265188  
26.6103  34.7823  
31.7061  62.462  
45.0844  0.101228  
3.59266e-15  58.6726  
34.3752  1.30697e-14  
49.0579  1.11435e-08  
37.3717  41.0015  
54.9061  37.1116  
49.4526  6.77483e-09  
61.1758  3.1834e-14  
67.4232  1.33772e-14  
36.7481  51.4134  
13.6083  60.3791  
3.80805e-15  62.1902  
38.8561  44.6811  
18.1833  58.6853  
49.2165  33.1894  
37.1721  39.266  
65.5702  1.1411e-11  
0.0111366  41.7317  
71.6446  9.76732e-15  
46.4982  41.7601  
72.2224  0  
57.3444  0.000260519  
0.000382545  65.1586  
39.4666  56.831  
47.9935  51.3687  
76.107  0  
51.9144  44.0549  
45.0472  2.89634e-09  
51.2851  47.5269  
49.2298  0.000561733  
57.9085  0.466189  
42.2833  0.00354381  
68.0466  0.000638104  
72.6043  2.79658e-13  
0.00323569  72.0745  
3.89519  68.7331  
42.3989  57.3492  
456.786  0  
32.6302  15.2332  
35.0518  9.32739e-20  
2.09919e-15  34.2824  
34.1341  0  
22.6102  13.4891  
30.7715  3.97118  
3.25679  27.5862  
21.2373  15.0941  
7.72596  27.0243  
31.4005  0.830054  
23.8564  11.0148  
10.0892  24.4311  
21.4295  14.1392  
1.97076e-15  32.185  
32.4086  0.00117219  
2.93952  27.7294  
32.0852  1.31405e-18  
34.0642  0  
0.310996  31.7618  
5.98259  13.6338  
9.47311  13.7457  
7.88048  13.3191  
17.1354  6.80676  
0.0015243  19.0447  
0.0488881  22.2451  
2.07738  13.7769  
7.03217e-06  25.103  
1.7888e-15  29.2133  
28.1061  0.000419138  
25.2383  0  
1.84352e-15  30.107  
12.3793  12.1886  
8.47605  19.62  
14.6916  6.22565  
17.507  0.000760685  
27.0057  0  
16.3218  5.27116  
13.0622  6.62147  
0.00257704  30.1881  
19.0454  0.00154977  
10.8901  6.74851  
2.80372  10.4873  
20.0211  0  
5.7235  8.53839  
1.96426e-15  32.0788  
15.511  11.1493  
29.0068  7.71881e-20  
2.14939e-05  23.145  
20.1349  5.64772  
0.0168995  12.0428  
13.9844  2.96472e-13  
18.2554  6.13221e-13  
0.933849  18.1361  
17.3999  0.0125814  
22.869  12.8425  
3.13856e-05  15.6558  
3.537e-05  13.829  
9.65808e-12  25.2257  
10.6954  12.3651  
0.678893  12.9894  
13.018  0.000948145  
1.13041  22.096  
8.60088  8.29769  
1.43373e-15  23.4147  
18.3259  4.79394  
27.141  1.93581e-14  
0.000477337  17.1041  
17.0403  8.8924  
26.1116  0.00198533  
0.000646406  25.5724  
1.79853e-15  29.3722  
22.0672  4.07566e-09  
11.306  18.2215  
22.925  2.36841e-11  
19.7591  0.00634414  
11.8505  16.3644  
3.70671  20.834  
0.00147881  24.2643  
32.0787  0  
20.3256  0.00195514  
24.25  0.00168348  
0.0239921  27.6998  
25.6218  0.000358767  
27.5438  9.17218e-19  
31.0613  0.00173292  
30.1663  0  
0.729254  22.5716  
23.7456  1.64593  
27.5067  4.38272  
18.9388  15.1732  
9.92633  6.84088  
28.63  9.53388e-19  
0.287004  29.9048  
2.76966e-05  31.0431  
0.762084  24.6273  
1.9661e-15  32.1089  
21.178  10.573  
25.9007  3.46987  
6.80111  23.4072  
0.943163  0.347711  
0.319885  0.953205  
0.55492  0.844015  
0.265719  0.969919  
0.964917  0.287096  
0.480824  0.882216  
0.584087  0.823008  
0.758775  0.656832  
0.681387  0.741044  
0.90475  0.436748  
0.366777  0.936528  
0.927641  0.388296  
0.417059  0.916308  
0.714399  0.709003  
0.979046  0.234862  
0.973149  0.261128  
0.304204  0.957924  
2.013  0.00115828  
0.424549  0.911259  
0.278441  0.966125  
0.164807  0.990383  
0.602904  0.803599  
0.216129  0.980481  
0.419997  0.913366  
0.000899868  1.00638  
0.705865  0.71353  
0.527556  0.854899  
0.598437  0.80822  
0.322758  0.951833  
0.869029  0.505188  
0.993939  0.135704  
0.833966  0.560435  
0.684023  0.735092  
0.797151  0.617636  
0.174268  0.987769  
0.296766  0.959749  
0.983692  0.207272  
0.446102  0.898113  
0.763203  0.651729  
0.88357  0.477385  
0.901313  0.43905  
0.12051  0.996615  
8.23896e-05  2.00996  
0.957875  0.304373  
0.727665  0.691137  
0.700539  0.721942  
2.01912  3.96691e-13  
0.00265157  1.00157  
0.990034  0.182229  
1.01931  0.00926007  
0.535624  0.848648  
0.258156  0.971429  
0.975662  0.242519  
0.0869926  1.00022  
0.490964  0.874666  
0.47378  0.884731  
1.00454  0.0304597  
0.914463  0.412525  
0.348082  0.943753  
0.387612  0.925924  
0.374354  0.929011  
0.862647  0.516009  
0.813738  0.589487  
0.559477  0.833116  
0.939151  0.350489  
0.849409  0.532131  
0.284406  0.963415  
0.961685  0.294685  
0.930682  0.376425  
0.999941  0.0802951  
0.668781  0.751782  
0.74649  0.674997  
0.9679  0.271847  
0.753453  0.661855  
0.612531  0.798051  
0.949533  0.328525  
0.588613  0.815402  
0.505023  0.86859  
0.790023  0.632637  
0.896182  0.454488  
0.923163  0.398176  
0.238494  0.976028  
0.841977  0.546814  
0.828782  0.570367  
1.01104  0.020975  
0.996305  0.117076  
0.625916  0.78605  
0.721709  0.697354  
0.135278  0.994783  
0.571684  0.828195  
0.438361  0.904067  
0.461909  0.892265  
0.63827  0.776052  
0.359603  0.939908  
0.336874  0.94718  
0.93578  0.363107  
0.64517  0.770952  
0.9532  0.318541  
0.82133  0.583035  
0.982227  0.214105  
0.428199  0.903685  
0.602146  0.798386  
0.387629  0.921815  
0.945584  0.325379  
0.712655  0.701515  
0.79355  0.608505  
0.696033  0.718009  
0.737524  0.675321  
0.64261  0.766193  
0.672408  0.740181  
0.413056  0.910706  
0.771346  0.636416  
0.251038  0.967977  
0.901661  0.432443  
0.448542  0.893762  
0.367583  0.929991  
0.892414  0.451218  
0.93674  0.350025  
0.97487  0.222773  
0.952667  0.304016  
0.912174  0.409804  
0.995839  0.0911288  
0.984321  0.176385  
0.62322  0.782046  
0.567603  0.823302  
0.776445  0.630186  
0.860346  0.50971  
0.821182  0.570666  
0.208884  0.97794  
0.506397  0.8623  
0.356356  0.93435  
0.933204  0.359348  
0.522456  0.852666  
0.897123  0.441781  
0.140217  0.990121  
0.265506  0.964109  
0.753463  0.65749  
0.964132  0.265424  
0.990486  0.137611  
0.0936575  0.995604  
0.538637  0.842538  
0.23972  0.970842  
0.948637  0.316366  
0.97792  0.208978  
0.916357  0.400362  
0.84045  0.541889  
0.438235  0.89886  
0.729346  0.684145  
0.878757  0.47727  
0.704311  0.709891  
1.42586e-05  1  
0.397194  0.917735  
0.176412  0.984316  
0.474129  0.880455  
0.987851  0.155403  
0.651214  0.758894  
1  4.69703e-05  
0.798328  0.602223  
0.313118  0.949714  
0.906365  0.422496  
0.59607  0.802932  
0.292262  0.956338  
0.678304  0.734781  
0.97154  0.236875  
0.956343  0.292246  
0.554353  0.832282  
0.419207  0.907891  
0.809909  0.586556  
0.925729  0.378187  
0.941272  0.337649  
0.378463  0.925616  
0.337633  0.941278  
0.457635  0.88914  
0.887327  0.461141  
0.663486  0.748189  
0.850936  0.525269  
0.763814  0.645436  
0.636247  0.771486  
0.742751  0.669567  
0.689948  0.723859  
0.61155  0.791205  
0.718233  0.695803  
0.92184  0.387572  
0.870006  0.493041  
0.78636  0.617769  
0.583462  0.812141  
0.280252  0.959927  
0.490365  0.871517  
0.829931  0.557867  
0.0635511  0.997979  
0.998121  0.0612689  
0.11771  0.993048  
0.993335  0.115262  
0.325052  0.945696  
0.225557  0.97423  
0.967961  0.251101  
0.157973  0.987443  
0.981297  0.192498  
0.19251  0.981295  
0.960778  0.277319  
0.406604  0.913605  
0.715823  0.698281  
0.752903  0.658132  
0.944533  0.328416  
0.701602  0.712569  
0.636863  0.770977  
0.675352  0.737495  
0.793562  0.60849  
0.301119  0.953586  
0.901778  0.432199  
0.327812  0.944743  
0.429004  0.903303  
0.936746  0.350009  
0.467575  0.883953  
0.974868  0.222784  
0.448291  0.893888  
0.892263  0.451516  
0.952642  0.304095  
0.253997  0.967205  
0.349829  0.936813  
0.544818  0.838554  
0.9599  0.280342  
0.984308  0.176461  
0.995829  0.0912387  
0.778946  0.627091  
0.630478  0.776207  
0.841785  0.539813  
0.734386  0.678732  
0.684249  0.729249  
0.208884  0.97794  
0.362041  0.932162  
0.38221  0.924075  
0.438632  0.898667  
0.316363  0.948638  
0.897123  0.441781  
0.964074  0.265633  
0.539459  0.842012  
0.822818  0.568305  
0.265613  0.96408  
0.990484  0.137626  
0.477154  0.87882  
0.339579  0.940578  
0.878715  0.477347  
0.709909  0.704293  
0.0936575  0.995604  
0.140183  0.990126  
8.71083e-05  1  
0.948673  0.316258  
0.510019  0.860163  
0.590106  0.807326  
1  4.94906e-05  
0.860395  0.509628  
0.573911  0.818918  
0.987435  0.158027  
0.801063  0.59858  
0.916388  0.400291  
0.977948  0.208846  
0.400633  0.916238  
0.933204  0.359348  
0.157987  0.987441  
0.657463  0.753487  
0.758479  0.651697  
0.602262  0.798299  
0.850614  0.525791  
0.176412  0.984316  
0.81243  0.583059  
0.971547  0.236847  
0.239702  0.970846  
0.769025  0.639218  
0.956374  0.292147  
0.292548  0.956251  
0.457955  0.888975  
0.560635  0.828063  
0.925729  0.378187  
0.941278  0.337632  
0.419335  0.907832  
0.887314  0.461165  
0.64573  0.763566  
0.669447  0.74286  
0.831955  0.554843  
0.745608  0.666385  
0.695707  0.718326  
0.906331  0.422568  
0.493464  0.869766  
0.723848  0.68996  
0.788866  0.614566  
0.616047  0.787709  
0.869778  0.493443  
0.526007  0.85048  
0.277346  0.96077  
0.0613692  0.998115  
0.998245  0.0592161  
0.117715  0.993047  
0.993335  0.115262  
0.225557  0.97423  
0.967961  0.251101  
0.910706  0.413056  
0.192493  0.981298  
0.981297  0.192498  
0.9205  0.390742  
0.608465  0.793581  
0.328449  0.944522  
0.798297  0.602265  
0.701432  0.712737  
0.718313  0.69572  
0.960769  0.277348  
0.675352  0.737496  
0.742867  0.669439  
0.648524  0.761194  
0.766364  0.642406  
0.409794  0.912178  
0.937892  0.346927  
0.429004  0.903303  
0.349986  0.936755  
0.222683  0.974891  
0.974876  0.222749  
0.44829  0.893888  
0.46768  0.883898  
0.953578  0.301147  
0.304101  0.95264  
0.885522  0.464598  
0.63019  0.776441  
0.68414  0.729351  
0.781441  0.623979  
0.862223  0.506529  
0.934347  0.356363  
0.359328  0.933212  
0.871589  0.490236  
0.438632  0.898667  
0.251128  0.967954  
0.90023  0.435415  
0.509671  0.860369  
0.964082  0.265606  
0.236838  0.971549  
0.265613  0.96408  
0.758662  0.651484  
0.990484  0.137626  
0.984785  0.173778  
0.842522  0.538662  
0.880474  0.474095  
0.477357  0.878709  
0.832159  0.554537  
0.208884  0.97794  
0.709924  0.704278  
0.734777  0.678308  
0.60224  0.798315  
0.570684  0.82117  
0.812239  0.583325  
8.71083e-05  1  
0.0936575  0.995604  
0.419381  0.90781  
0.917778  0.397095  
1  4.94906e-05  
0.995829  0.0912387  
0.949688  0.313197  
0.140169  0.990128  
0.723864  0.689942  
0.803101  0.595843  
0.977937  0.208899  
0.316216  0.948687  
0.400288  0.916389  
0.823395  0.567469  
0.657488  0.753465  
0.541854  0.840473  
0.176412  0.984316  
0.971547  0.236847  
0.292265  0.956338  
0.987843  0.155458  
0.457955  0.888975  
0.890878  0.454243  
0.957283  0.289154  
0.493464  0.869766  
0.378129  0.925753  
0.586495  0.809953  
0.337627  0.94128  
0.942376  0.334556  
0.52578  0.850621  
0.927033  0.37498  
0.669438  0.742868  
0.904854  0.425722  
0.909538  0.415622  
0.11773  0.993046  
0.852578  0.5226  
0.748164  0.663513  
0.695707  0.718326  
0.642403  0.766367  
0.771437  0.636306  
0.617809  0.786328  
0.79115  0.611623  
0.557907  0.829904  
0.0636943  0.997969  
0.998245  0.0592161  
0.993335  0.115262  
0.981297  0.192498  
0.967961  0.251101  
0.158048  0.987431  
0.192493  0.981298  
0.39076  0.920493  
0.280293  0.959914  
0.921842  0.387567  
0.328394  0.944541  
0.701432  0.712737  
0.718325  0.695708  
0.675352  0.737496  
0.742867  0.669439  
0.648523  0.761195  
0.766366  0.642404  
0.913616  0.406577  
0.409811  0.912171  
0.937915  0.346866  
0.904803  0.425831  
0.975508  0.219966  
0.429004  0.903303  
0.895464  0.445135  
0.349989  0.936754  
0.222748  0.974876  
0.44829  0.893888  
0.953578  0.301147  
0.885614  0.464423  
0.467641  0.883918  
0.304126  0.952632  
0.981835  0.189735  
0.176412  0.984316  
0.438632  0.898667  
0.0936575  0.995604  
0.734811  0.678272  
0.995823  0.0913079  
0.236838  0.971549  
0.823389  0.567478  
0.862287  0.50642  
0.570669  0.82118  
0.68411  0.729379  
0.723864  0.689942  
0.359328  0.933212  
0.972229  0.234031  
0.90023  0.435415  
0.964892  0.262645  
0.265613  0.96408  
0.990484  0.137626  
0.140169  0.990128  
0.842522  0.538662  
0.927033  0.37498  
0.477335  0.878722  
0.292155  0.956371  
0.880474  0.474095  
0.63019  0.776441  
0.802996  0.595985  
0.709924  0.704278  
0.541871  0.840462  
0.11773  0.993046  
8.71083e-05  1  
0.617825  0.786316  
0.316301  0.948659  
0.968682  0.248303  
0.917778  0.397095  
0.934421  0.35617  
0.586519  0.809936  
1  4.94906e-05  
0.781441  0.623979  
0.251128  0.967954  
0.657488  0.753465  
0.208884  0.97794  
0.642403  0.766367  
0.978523  0.206138  
0.509671  0.860369  
0.949688  0.313197  
0.400287  0.91639  
0.158078  0.987427  
0.60224  0.798315  
0.758662  0.651484  
0.984785  0.173778  
0.957265  0.289213  
0.457955  0.888975  
0.890666  0.454658  
0.832125  0.554588  
0.378129  0.925753  
0.337635  0.941277  
0.942376  0.334556  
0.419394  0.907804  
0.280293  0.959914  
0.909274  0.416198  
0.52578  0.850621  
0.852578  0.5226  
0.748194  0.66348  
0.669438  0.742868  
0.695707  0.718326  
0.771437  0.636306  
0.493464  0.869766  
0.871574  0.490265  
0.79115  0.611623  
0.812223  0.583347  
0.557881  0.829921  
0.0614249  0.998112  
0.998245  0.0592161  
0.993335  0.115262  
0.192493  0.981298  
0.39076  0.920493  
0.987837  0.155494  
0.921842  0.387567  
0.960778  0.277318  
0.608572  0.793499  
0.701432  0.712737  
0.718325  0.695708  
0.675352  0.737496  
0.742867  0.669439  
0.648476  0.761235  
0.766366  0.642404  
0.913601  0.406613  
0.409811  0.912171  
0.937909  0.346881  
0.904826  0.425781  
0.429004  0.903303  
0.349989  0.936754  
0.895487  0.445088  
0.974881  0.222727  
0.222748  0.974876  
0.44829  0.893888  
0.885614  0.464423  
0.467641  0.883918  
0.953588  0.301116  
0.304126  0.952632  
0.995823  0.0913079  
0.280293  0.959914  
0.984785  0.173778  
0.0936575  0.995604  
0.509671  0.860369  
0.73479  0.678294  
0.63019  0.776441  
0.570664  0.821184  
0.208884  0.97794  
0.684124  0.729366  
1  4.94906e-05  
0.93442  0.356173  
0.617825  0.786316  
0.438632  0.898667  
0.964085  0.265593  
0.265613  0.96408  
0.823392  0.567473  
0.140169  0.990128  
0.990484  0.137626  
0.842522  0.538662  
0.316282  0.948665  
0.493464  0.869766  
0.90023  0.435415  
0.862287  0.50642  
0.541871  0.840462  
0.657488  0.753465  
0.477335  0.878722  
0.921826  0.387604  
0.709924  0.704278  
8.71083e-05  1  
0.880474  0.474095  
0.400265  0.9164  
0.917778  0.397095  
0.949688  0.313197  
0.78141  0.624018  
0.812223  0.583347  
0.960778  0.277318  
0.981298  0.192495  
0.802996  0.595985  
0.359328  0.933212  
0.977941  0.20888  
0.852585  0.522589  
0.60224  0.798315  
0.758662  0.651484  
0.176412  0.984316  
0.236838  0.971549  
0.192493  0.981298  
0.971548  0.236844  
0.292155  0.956371  
0.457955  0.888975  
0.337635  0.941277  
0.890645  0.4547  
0.957281  0.289161  
0.586519  0.809936  
0.378129  0.925753  
0.927033  0.37498  
0.942376  0.334556  
0.419394  0.907804  
0.909274  0.416198  
0.525786  0.850617  
0.748194  0.66348  
0.669438  0.742868  
0.723865  0.689941  
0.695707  0.718326  
0.642403  0.766367  
0.771437  0.636306  
0.79115  0.611623  
0.871574  0.490265  
0.557899  0.829909  
0.832047  0.554705  
0.0614249  0.998112  
0.998245  0.0592161  
0.11773  0.993046  
0.993335  0.115262  
0.251128  0.967954  
0.967972  0.251057  
0.158078  0.987427  
0.987837  0.155494  
0.39076  0.920493  
