1.01679  0.41335  
1.01397  0.435922  
0.948752  0.498919  
1.00226  0.483114  
0.1995  1.19424  
0.956699  0.488953  
0.206792  1.15802  
1.06887  0.373976  
0.874144  0.724313  
1.06562  0.391992  
1.02877  0.489826  
0.709135  0.898024  
0.986979  0.484142  
1.15185  0.220679  
0.728872  0.804388  
0.484948  1.0627  
1.10527  0.318722  
0.314809  1.13929  
1.01599  0.473732  
0.623764  0.92527  
0.470728  1.04079  
0.190815  1.18034  
0.849786  0.669218  
0.420843  1.07129  
0.397101  1.07889  
0.884792  0.634788  
0.491796  1.08483  
0.574463  0.996363  
0.451797  1.09113  
0.381038  1.12855  
0.534058  1.05479  
0.420232  1.10464  
0.354687  1.12879  
1.07223  0.277688  
0.397232  1.11502  
0.414889  1.03051  
0.458195  1.10522  
0.170499  1.16256  
0.551493  1.04642  
0.746554  0.797891  
1.01966  0.333091  
0.22054  1.17977  
0.584998  0.993537  
0.245331  1.18574  
0.405058  1.11171  
0.213707  1.16668  
0.589069  0.992899  
0.819911  0.720252  
0.625781  0.974882  
0.604078  0.959722  
0.794621  0.79346  
0.318402  1.15511  
0.894267  0.612329  
0.15684  1.16755  
0.99501  0.424568  
0.583521  0.97654  
0.680858  0.941408  
0.896163  0.629659  
0.32143  1.16585  
0.457457  1.10359  
0.677884  0.908969  
1.03783  0.412823  
0.568819  0.975231  
0.939475  0.626357  
0.690555  0.874739  
0.21807  1.23095  
1.11774  0.2695  
0.665711  0.915759  
0.779641  0.760925  
0.384077  1.14946  
0.734504  0.875572  
0.798163  0.774666  
0.527014  1.03038  
0.395728  1.1576  
0.309546  1.12904  
0.982312  0.494473  
0.76591  0.815093  
0.558286  1.01506  
0.738721  0.906726  
0.467158  1.12685  
0.817964  0.722805  
0.262602  1.18262  
0.296004  1.1712  
0.202839  1.17038  
0.922457  0.624221  
0.171495  1.19177  
0.488378  1.02871  
0.752931  0.875386  
0.382864  1.07926  
0.309165  1.13187  
0.350035  1.13316  
0.399175  1.0881  
0.305273  1.12474  
0.785714  0.837558  
0.937521  0.574864  
0.924912  0.540472  
1.0392  0.424831  
0.615748  0.933218  
1.20713  0.180543  
0.603797  0.977001  
1.08129  0.0641005  
0.441444  0.951158  
0.719445  0.641395  
0.281056  1.0097  
0.969463  0.24504  
1.01689  0.151579  
0.906764  0.374288  
1.0245  0.105821  
0.984344  0.229497  
0.804994  0.522782  
0.893701  0.397633  
0.569817  0.796739  
0.319286  0.977168  
0.812556  0.489565  
0.901462  0.38541  
0.625953  0.736975  
0.962822  0.250808  
0.690278  0.655096  
0.673685  0.640459  
0.210511  1.02055  
1.08089  0.0309322  
0.409389  0.952332  
0.638319  0.695096  
0.58222  0.759923  
0.524683  0.808748  
1.01482  0.0913412  
0.386888  0.929357  
0.350552  0.945075  
0.54914  0.777578  
1.06929  0.0490997  
0.909185  0.277812  
0.425789  0.887093  
0.6488  0.670999  
0.0452044  1.05397  
0.864549  0.360732  
0.367044  0.941757  
0.28894  0.986474  
0.831795  0.414658  
0.736626  0.562311  
0.276086  1.01362  
0.271939  0.986211  
0.936605  0.231911  
1.01089  0.140999  
0.88455  0.324126  
1.03548  0.0371513  
0.459458  0.863727  
1.02073  0.117309  
0.923609  0.257864  
0.334984  0.951285  
0.991295  0.174705  
0.981263  0.148059  
0.661801  0.647546  
0.0653385  1.03464  
0.29783  0.97158  
0.798085  0.496415  
0.972647  0.194059  
0.468204  0.881693  
0.0288204  1.06179  
0.810168  0.432245  
0.8622  0.381862  
0.0611076  1.02908  
0.756328  0.526332  
0.59782  0.719056  
0.24188  0.993795  
0.361839  0.95605  
0.500378  0.830067  
1.08069  0.0352056  
0.709822  0.599812  
0.900006  0.300195  
1.02961  0.0650506  
0.0551702  1.03819  
0.857143  0.39262  
1.03674  0.0525971  
0.698093  0.627954  
0.48272  0.855506  
0.935569  0.254279  
0.0405236  1.05584  
0.820865  0.425397  
0.593217  0.744664  
1.01107  0.134576  
1.13224  0.0260062  
0.421983  0.91265  
0.635464  0.711128  
0.926716  0.273338  
0.496394  0.849779  
0.474925  0.874968  
0.653125  0.678157  
0.793826  0.522862  
1.12665  0.0301793  
0.498351  0.845106  
0.979622  0.190936  
1.1153  0.0311328  
0.832791  0.420202  
0.499112  0.847008  
0.765586  0.546647  
0.586353  0.762056  
0.721634  0.613004  
0.820086  0.44614  
0.551052  0.81754  
0.917935  0.31472  
0.214601  1.0017  
1.00849  0.0912132  
0.728486  0.554205  
0.865055  0.366363  
0.925554  0.24136  
0.412598  0.902292  
0.544181  0.774626  
0.783053  0.473889  
0.657556  0.639483  
0.0597509  1.02672  
1.03093  0.042727  
0.257414  0.979309  
0.596926  0.720443  
0.976457  0.146617  
0.812035  0.419712  
0.340572  0.938887  
0.491495  0.830584  
0.900423  0.28538  
0.704901  0.584102  
1.06964  0.0237339  
0.0258892  1.04409  
0.951745  0.200026  
0.678216  0.615825  
0.371675  0.92242  
0.455896  0.854783  
0.0319454  1.02913  
0.506808  0.800781  
0.823233  0.404626  
0.655804  0.638622  
0.304344  0.960556  
1.02166  0.0311975  
0.380801  0.908151  
0.61956  0.685667  
0.933113  0.218133  
0.723514  0.553425  
0.870378  0.322437  
0.894034  0.285236  
0.201614  1.00075  
1.00317  0.0814207  
0.879136  0.308898  
0.779082  0.468259  
0.847017  0.357278  
0.252979  0.975661  
1.00167  0.0887434  
0.974427  0.136788  
0.64263  0.655279  
0.359992  0.922916  
0.531876  0.778134  
0.0463403  1.02628  
0.471933  0.829864  
1.04492  0.023189  
1.01779  0.053724  
0.856603  0.351505  
0.952909  0.186621  
0.813754  0.414118  
0.0204208  1.04148  
0.747828  0.518999  
0.69527  0.58248  
0.950034  0.203857  
0.330214  0.937536  
0.763966  0.502092  
0.806588  0.417886  
0.760127  0.518693  
0.991258  0.109897  
0.571307  0.73952  
0.778757  0.495288  
0.40587  0.884505  
0.920991  0.23641  
0.590937  0.717537  
0.233389  0.987235  
0.96716  0.159858  
0.558563  0.755699  
0.910767  0.262908  
0.32595  0.951907  
0.787938  0.46125  
0.626581  0.675547  
0.739418  0.536032  
0.587577  0.733338  
0.542629  0.76921  
1.01393  0.0667069  
0.480922  0.825934  
0.861417  0.347602  
0.876675  0.317907  
0.79093  0.459176  
0.595161  0.714639  
0.0261604  1.03286  
0.988257  0.120794  
0.84193  0.393838  
0.960747  0.178359  
0.710641  0.578672  
0.528164  0.788176  
0.734094  0.550072  
0.867671  0.336346  
0.969654  0.152917  
0.966542  0.172565  
0.760982  0.513816  
1.00727  0.078705  
0.951315  0.200096  
0.658932  0.633357  
0.591847  0.717308  
0.987559  0.11355  
0.610999  0.703785  
0.968136  0.145406  
0.915601  0.249622  
0.7777  0.466481  
0.997452  0.0939404  
0.542015  0.768812  
0.887012  0.298703  
0.758565  0.503125  
0.992533  0.106406  
0.343544  0.934172  
0.594067  0.714396  
0.404201  0.885249  
0.357935  0.918009  
0.968864  0.144362  
0.0387046  1.02599  
0.743985  0.521742  
0.635604  0.65798  
1.00362  0.0760704  
0.584898  0.716098  
0.377678  0.906675  
0.681594  0.603922  
0.837256  0.373497  
0.0201665  1.02931  
0.557045  0.750331  
0.613284  0.691238  
0.294649  0.954765  
0.354363  0.9191  
0.939343  0.20755  
0.932845  0.21488  
0.309136  0.9521  
0.981834  0.124351  
0.650485  0.634946  
0.888578  0.296137  
0.715561  0.551711  
0.84607  0.355697  
0.393258  0.902539  
0.918476  0.235582  
0.87556  0.305282  
0.893671  0.283541  
0.691481  0.58228  
1.03508  0.0226945  
0.447952  0.851105  
0.582762  0.718023  
0.711216  0.569922  
1.01773  0.0275316  
0.471608  0.826125  
1.00076  0.0790328  
0.565442  0.742289  
0.637206  0.653505  
0.972251  0.129336  
0.0318901  1.02616  
0.329077  0.935115  
0.805935  0.411941  
0.425024  0.873639  
0.91464  0.250378  
0.506412  0.798425  
0.860667  0.337226  
0.746829  0.51637  
0.776217  0.467481  
0.516713  0.788748  
0.252042  0.974634  
0.184865  1.00423  
0.625499  0.674856  
0.950271  0.180999  
0.405298  0.882192  
0.736152  0.530925  
0.529975  0.7748  
0.987668  0.110006  
0.761744  0.497537  
0.946823  0.19313  
0.906363  0.263931  
0.901408  0.274822  
0.731303  0.535135  
0.7843  0.457446  
0.959485  0.167701  
0.819293  0.402387  
0.570237  0.737665  
0.771293  0.490141  
0.481027  0.823343  
1.01183  0.0565877  
0.200945  0.999927  
0.543618  0.763831  
0.219376  0.996323  
0.868166  0.320716  
0.764451  0.49424  
0.60274  0.706096  
0.258693  0.971536  
0.966851  0.149969  
0.659321  0.632792  
0.232369  0.986068  
0.852719  0.34414  
0.694113  0.578871  
0.684823  0.593635  
0.574175  0.733727  
0.677882  0.615144  
0.998095  0.0872652  
0.75576  0.505521  
0.324315  0.941055  
0.994822  0.101837  
0.0364192  1.02599  
0.834102  0.384156  
0.6205  0.683918  
0.506599  0.79787  
0.250766  0.9726  
0.956668  0.174693  
1.00222  0.0837975  
0.403972  0.886201  
0.654567  0.63243  
0.968058  0.141783  
0.831785  0.396991  
0.669194  0.614528  
0.582123  0.715768  
0.184277  1.004  
0.770036  0.48623  
0.891742  0.279965  
0.735266  0.530039  
1.00721  0.0658465  
0.648183  0.638282  
1.01341  0.0553893  
0.354302  0.917653  
0.0479927  1.02358  
0.61417  0.688854  
0.684764  0.59295  
0.835045  0.378073  
1.00316  0.0759401  
0.928896  0.224472  
0.294352  0.954697  
0.503857  0.799085  
0.445427  0.851018  
0.553082  0.746862  
0.373756  0.90592  
0.96139  0.149784  
0.728678  0.534666  
0.780262  0.457298  
1.01772  0.027475  
0.984363  0.108295  
0.893185  0.273737  
0.874717  0.305048  
0.94457  0.193829  
0.697246  0.568724  
0.527271  0.77374  
1.02748  0.0227132  
0.232293  0.985704  
0.471494  0.825532  
0.0196426  1.0268  
0.723111  0.548019  
0.969822  0.129016  
0.171586  1.00528  
0.542534  0.763471  
0.635231  0.652164  
0.862228  0.334486  
0.583228  0.713095  
0.805707  0.41046  
0.251895  0.970735  
0.613095  0.691035  
0.66556  0.618248  
0.97467  0.124407  
0.760161  0.490307  
0.706034  0.564829  
0.918009  0.232082  
0.560349  0.74119  
0.405129  0.881876  
0.650433  0.633919  
0.852538  0.341751  
0.746779  0.514386  
0.309315  0.947794  
0.909394  0.247708  
0.775746  0.466707  
0.167447  1.00755  
0.715127  0.551037  
0.932785  0.214359  
0.423671  0.873503  
0.569609  0.73354  
0.949716  0.180673  
0.845463  0.354895  
0.867521  0.320174  
1.00928  0.0610469  
0.623314  0.676323  
0.81856  0.402369  
0.282867  0.967629  
0.992466  0.0992317  
0.516516  0.788214  
0.601091  0.70561  
0.674568  0.608704  
0.324262  0.93883  
0.690992  0.580628  
0.218728  0.995241  
0.392227  0.901302  
0.887838  0.29463  
0.74049  0.525632  
0.200907  0.999839  
0.501276  0.804407  
0.958668  0.165774  
0.938585  0.207402  
0.837097  0.373033  
0.328827  0.934901  
0.481696  0.82333  
0.904865  0.266492  
0.755692  0.50533  
0.0264783  1.01937  
0.909171  0.246614  
0.951149  0.179066  
0.0197386  1.02338  
1.01029  0.0550064  
0.184552  1.00383  
0.567723  0.732364  
0.620016  0.682612  
0.403972  0.882965  
0.891733  0.277555  
0.735064  0.529968  
0.96632  0.141745  
0.825109  0.393807  
0.653803  0.632429  
0.754446  0.507138  
0.610091  0.694403  
0.937826  0.207978  
0.996092  0.0867864  
0.85249  0.340579  
0.627693  0.662944  
1.01772  0.0278635  
0.833049  0.378862  
0.684761  0.592717  
0.943106  0.193782  
0.670451  0.604768  
0.38597  0.901254  
0.974144  0.123793  
0.218918  0.993454  
0.445103  0.850989  
0.893175  0.2737  
0.901397  0.260984  
0.72809  0.534328  
0.503847  0.798415  
0.171752  1.00479  
0.40503  0.880799  
0.0196497  1.02659  
0.845308  0.354434  
0.86751  0.319878  
0.874511  0.304994  
1.00687  0.0655481  
0.613631  0.688367  
0.780244  0.457297  
0.999157  0.0747587  
0.340518  0.925929  
0.498738  0.805901  
0.861031  0.332042  
0.696972  0.56437  
0.775631  0.465853  
0.328508  0.934901  
0.560257  0.738108  
0.582527  0.713044  
0.28396  0.960248  
0.471816  0.822313  
0.0236606  1.0198  
0.759536  0.490223  
1.0218  0.0234104  
0.571243  0.726666  
1.02855  0.0202125  
0.294348  0.950848  
0.96139  0.147977  
0.201752  0.998405  
0.805706  0.410398  
0.885005  0.291162  
0.648102  0.635384  
0.527227  0.773735  
0.91741  0.227499  
0.369602  0.903353  
0.553085  0.746555  
0.634622  0.651851  
0.324141  0.937811  
0.969787  0.130246  
0.0351881  1.01776  
0.906535  0.248238  
0.949515  0.180602  
0.9843  0.108182  
0.746777  0.514057  
0.232284  0.985682  
1.00875  0.0570311  
0.423184  0.873501  
0.715822  0.54913  
0.819861  0.397514  
0.932784  0.214276  
0.690946  0.580465  
0.354154  0.917365  
0.599018  0.704849  
0.766329  0.484794  
0.542429  0.762676  
0.516513  0.788209  
0.250771  0.967305  
0.99254  0.0976851  
0.956304  0.165761  
0.665387  0.617848  
0.305957  0.947765  
0.165019  1.01099  
0.837543  0.371921  
0.623452  0.675126  
0.740674  0.525231  
0.436656  0.867453  
0.818557  0.402916  
0.488982  0.818113  
0.386185  0.901254  
0.948848  0.178769  
0.766322  0.485092  
0.403972  0.883115  
0.567454  0.732215  
0.74355  0.518862  
0.826948  0.389955  
1.01045  0.0544649  
0.612686  0.68675  
0.551172  0.751067  
0.513155  0.791803  
0.623452  0.675032  
0.891732  0.276939  
0.818573  0.396793  
0.443149  0.856534  
0.198036  1.00079  
0.966303  0.140925  
0.665245  0.617835  
0.423184  0.873501  
1.0214  0.0239669  
0.937826  0.208018  
0.820579  0.392787  
0.503847  0.798327  
0.860741  0.328451  
0.71319  0.54401  
0.983862  0.10833  
0.780243  0.457297  
1.01772  0.0275965  
0.170044  1.0046  
0.164561  1.00956  
0.405031  0.879968  
0.844759  0.35443  
0.021482  1.02006  
0.0276577  1.01733  
0.55296  0.746554  
0.599018  0.704697  
0.905675  0.244495  
0.469502  0.822301  
1.0279  0.0200284  
0.728083  0.534297  
0.882402  0.290074  
0.696891  0.564193  
0.609864  0.690046  
0.670388  0.603258  
0.291654  0.950676  
0.775536  0.465521  
0.0195642  1.02314  
0.961373  0.147869  
0.832972  0.378379  
0.570832  0.722434  
0.44502  0.850954  
0.759531  0.490198  
0.805706  0.410307  
0.634614  0.65185  
0.942431  0.190451  
0.560192  0.737694  
0.917384  0.222322  
0.22775  0.985697  
0.340478  0.925878  
0.999175  0.0721351  
0.85249  0.340533  
0.526903  0.773477  
0.250274  0.966068  
0.736255  0.525236  
0.516513  0.788209  
0.647694  0.635232  
0.969636  0.130178  
0.582381  0.712862  
0.303421  0.945876  
0.685418  0.581576  
0.325038  0.935491  
0.428515  0.868269  
0.893174  0.273674  
0.932784  0.214258  
1.00683  0.0568466  
0.87449  0.304864  
0.627411  0.661335  
0.949446  0.176633  
0.837555  0.368796  
0.354082  0.91421  
0.203955  0.997476  
0.74513  0.515914  
0.497522  0.805542  
0.388677  0.896522  
0.54242  0.762676  
0.48753  0.815598  
0.218169  0.992919  
0.662302  0.623822  
0.990714  0.0995305  
0.653773  0.632417  
0.620015  0.680776  
0.974067  0.123544  
0.901142  0.259981  
0.768715  0.480866  
0.86751  0.319846  
0.956303  0.167247  
0.995769  0.0864073  
0.754149  0.506197  
0.369011  0.903289  
0.28267  0.96027  
0.488586  0.81266  
0.423179  0.873501  
0.712525  0.545658  
0.665222  0.617821  
0.403965  0.883213  
0.567399  0.732157  
0.757207  0.498174  
0.612529  0.686645  
0.653768  0.632417  
0.891732  0.276093  
0.956303  0.163988  
0.932787  0.214396  
0.641594  0.647205  
0.197804  0.999337  
0.35406  0.914031  
1.01046  0.0522391  
0.700341  0.561272  
0.549455  0.75272  
0.966302  0.141126  
0.442402  0.855728  
0.620015  0.680261  
0.976146  0.120943  
0.369117  0.90296  
0.552819  0.746494  
0.822758  0.387095  
0.647694  0.635232  
0.942301  0.190356  
0.485995  0.813673  
0.905419  0.243532  
0.893174  0.273674  
0.860606  0.327082  
0.303377  0.945875  
0.969636  0.125166  
0.780243  0.457041  
0.713392  0.542734  
0.805706  0.410151  
0.67033  0.602837  
0.511039  0.79149  
0.526903  0.773477  
0.624309  0.661284  
0.0196102  1.02313  
0.215927  0.991087  
0.025847  1.01733  
0.445009  0.850954  
0.882252  0.28997  
0.744837  0.515747  
0.901071  0.259803  
0.0203226  1.01909  
0.324116  0.933727  
0.40503  0.879908  
0.519144  0.782903  
0.917249  0.222238  
0.696739  0.564037  
0.77544  0.46552  
0.281525  0.960066  
0.169915  1.00454  
0.609388  0.689731  
1.02789  0.0200078  
0.348202  0.916138  
0.383495  0.894275  
0.958  0.14956  
0.570769  0.721553  
0.469377  0.822161  
0.250273  0.966067  
0.949403  0.17663  
0.759531  0.490197  
0.999116  0.0712266  
0.493548  0.804901  
0.842427  0.354428  
0.736212  0.525235  
0.6622  0.6212  
0.983669  0.1083  
0.684991  0.581492  
1.01672  0.0286339  
0.582299  0.712854  
0.425478  0.868168  
0.291  0.950674  
0.87449  0.304891  
1.00683  0.0567539  
0.537702  0.763249  
0.228578  0.985677  
0.935553  0.205806  
0.634613  0.65185  
0.85236  0.340533  
0.560157  0.737516  
0.201349  0.997237  
0.995779  0.0817781  
0.816648  0.393543  
0.599029  0.702861  
0.837522  0.368673  
0.727899  0.534208  
1.01848  0.0228248  
0.160659  1.00956  
0.768497  0.480701  
0.989737  0.0983233  
0.340474  0.925872  
0.754149  0.505743  
0.832927  0.378445  
0.86751  0.319846  
0.503792  0.798207  
0.712299  0.544442  
0.157885  1.01063  
0.567379  0.733638  
0.837522  0.369109  
0.978179  0.119574  
0.612606  0.6865  
0.736212  0.525262  
1.01046  0.0519744  
0.230701  0.982003  
0.757023  0.494369  
0.653768  0.632417  
0.551225  0.746549  
0.194387  0.998346  
0.805706  0.410151  
0.802351  0.419644  
0.975134  0.121594  
0.441824  0.855746  
0.640281  0.645032  
0.86751  0.319846  
0.744833  0.515724  
0.169975  1.00451  
0.599018  0.702677  
0.815983  0.393173  
0.838891  0.354509  
0.546163  0.750794  
0.942302  0.190029  
0.860606  0.327043  
0.570432  0.721149  
0.969467  0.12494  
0.302858  0.944631  
1.01371  0.0298836  
0.19781  0.993203  
0.216733  0.990945  
0.917139  0.22239  
0.670257  0.60293  
1.00683  0.0569775  
0.891634  0.275946  
1.01834  0.0238137  
0.526903  0.773446  
0.405066  0.879443  
0.893174  0.273655  
0.469371  0.822161  
0.768189  0.4807  
0.738035  0.521558  
0.425479  0.867933  
0.69666  0.560348  
0.712699  0.542695  
0.882225  0.289714  
0.780243  0.457041  
0.347938  0.910626  
0.445006  0.850954  
0.803047  0.412317  
0.957706  0.149606  
0.0128877  1.05598  
0.905263  0.243531  
0.158614  1.00968  
0.0197465  1.01893  
0.383477  0.894146  
0.500589  0.798208  
1.02789  0.0199791  
0.684942  0.581469  
0.624255  0.66126  
0.250466  0.965767  
0.999116  0.0713882  
0.759474  0.490188  
0.989478  0.0970643  
0.48381  0.812027  
0.324115  0.932765  
0.0260281  1.01732  
0.753285  0.503175  
0.228345  0.983007  
0.932569  0.204311  
0.290806  0.950648  
0.609387  0.689693  
0.87449  0.304867  
0.557754  0.738213  
0.0153248  1.02865  
0.647636  0.635079  
0.582141  0.712854  
0.662171  0.619405  
0.852247  0.340533  
0.340473  0.923852  
0.634613  0.65185  
0.949402  0.176998  
0.5085  0.79147  
0.518997  0.782902  
0.77544  0.466073  
0.983621  0.108782  
0.36887  0.902951  
0.822515  0.387147  
0.537075  0.762959  
0.727862  0.534208  
0.617957  0.678347  
0.901246  0.256512  
0.278682  0.960249  
0.962268  0.14079  
0.995779  0.0818774  
0.832927  0.377778  
0.493099  0.803968  
0.953894  0.164849  
0.736212  0.526578  
0.742275  0.518816  
0.570425  0.723407  
0.166667  1.00451  
0.837339  0.368954  
1.0104  0.0515061  
0.550819  0.746452  
0.995759  0.0818993  
0.614832  0.677712  
0.567379  0.732334  
0.756922  0.494709  
0.653597  0.632417  
0.639741  0.645031  
0.214098  0.990945  
0.891634  0.27581  
0.0149966  1.02409  
0.670322  0.602823  
0.744784  0.515706  
0.441716  0.85574  
0.802197  0.415564  
0.976622  0.11964  
0.193328  0.996844  
0.163714  1.00495  
0.712699  0.542695  
0.89318  0.273607  
0.942301  0.189953  
0.852127  0.340533  
0.445006  0.850954  
0.815701  0.39316  
0.780243  0.457041  
0.969463  0.124939  
0.737255  0.521798  
0.405029  0.879409  
0.905263  0.243529  
0.613232  0.679765  
0.983574  0.105621  
0.508313  0.79147  
0.302167  0.944458  
0.340473  0.923706  
0.469357  0.822161  
0.526903  0.773366  
0.696637  0.560335  
1.0137  0.0273447  
0.0127539  1.03013  
0.0193892  1.019  
0.500028  0.798207  
0.917092  0.222351  
1.02789  0.0199569  
0.858708  0.327517  
0.75945  0.490188  
0.34776  0.910506  
0.571266  0.717851  
0.668927  0.604979  
0.58214  0.712854  
0.634665  0.648283  
0.803044  0.410189  
0.750565  0.503633  
0.957413  0.149568  
0.546079  0.748581  
0.277949  0.960221  
0.882206  0.289711  
0.425479  0.867931  
0.87449  0.304864  
0.999099  0.0714159  
0.838833  0.354508  
0.197791  0.992568  
0.250312  0.965767  
0.0264712  1.01716  
0.901074  0.256036  
0.684632  0.581307  
0.932022  0.203826  
0.324117  0.932707  
0.647601  0.635079  
0.599018  0.702676  
0.994102  0.0858089  
0.624071  0.661253  
0.290705  0.950631  
0.228051  0.980716  
0.482988  0.811867  
0.517799  0.782097  
0.66221  0.616607  
0.383445  0.894145  
0.557753  0.737695  
0.9535  0.160526  
1.00683  0.0570338  
0.77544  0.465529  
0.36884  0.902951  
0.822207  0.386934  
0.768189  0.4807  
0.537036  0.762916  
0.727862  0.534208  
0.962268  0.141268  
0.1555  1.01054  
0.949279  0.17723  
0.832927  0.378032  
0.492745  0.803966  
0.608969  0.687732  
0.86751  0.319885  
0.989346  0.0974615  
1.01834  0.0235453  
0.22775  0.980609  
0.802245  0.412446  
0.826654  0.38546  
0.653571  0.632417  
0.550896  0.746452  
0.615136  0.677607  
0.893174  0.273913  
0.717406  0.54059  
0.530333  0.770815  
0.56739  0.728989  
0.685956  0.579399  
0.607782  0.690467  
0.639627  0.645001  
0.197882  0.992563  
0.669899  0.602824  
0.441716  0.8557  
0.86751  0.320071  
0.77544  0.465526  
0.32236  0.93384  
0.712699  0.542695  
0.942301  0.189867  
0.819687  0.387112  
0.213383  0.987338  
0.545748  0.748468  
0.756928  0.493936  
0.495806  0.79916  
0.901071  0.256036  
0.737263  0.517931  
0.192916  0.994189  
0.917092  0.222351  
0.946502  0.176787  
0.682735  0.58172  
0.162351  1.00452  
0.445006  0.850954  
0.779169  0.457163  
0.815491  0.393275  
0.290705  0.947307  
0.405024  0.879409  
0.277919  0.960196  
0.52523  0.773366  
0.976363  0.118798  
0.229113  0.975111  
0.969463  0.124934  
0.469357  0.822161  
0.425474  0.867931  
1.08925  0.0195615  
0.869623  0.299489  
0.153118  1.01032  
0.0127469  1.02845  
0.0139862  1.02084  
1.02789  0.0199438  
0.0253128  1.01716  
0.750565  0.503129  
0.667388  0.604915  
0.696637  0.560334  
0.570531  0.717599  
0.999082  0.0712341  
0.83879  0.354489  
0.957558  0.146954  
0.60992  0.679259  
0.802341  0.410306  
0.630497  0.64858  
1.01357  0.0275715  
0.250466  0.965677  
0.383432  0.894145  
0.557753  0.737471  
0.340381  0.92371  
0.324115  0.932707  
0.0194929  1.01905  
0.536873  0.762705  
0.302166  0.944446  
0.983555  0.105739  
0.85873  0.326299  
0.95344  0.16019  
0.932021  0.203812  
0.75945  0.490188  
0.647601  0.633863  
0.891626  0.275669  
0.829939  0.368597  
1.00456  0.0540972  
0.599018  0.702676  
0.768196  0.4784  
0.905263  0.243529  
0.34776  0.910465  
0.993723  0.0845696  
0.662171  0.616512  
0.517023  0.782071  
0.624083  0.658043  
0.482973  0.811867  
0.368824  0.902951  
0.882206  0.289711  
0.852127  0.340509  
0.153266  1.00895  
0.727862  0.534208  
0.582124  0.712854  
0.507363  0.79147  
0.488623  0.803966  
1.01818  0.0234015  
0.96226  0.140744  
0.989346  0.0970975  
