1.39695  3.8698  2.51249  
1.61565  1.3633  5.16485  
0.902028  0.894683  6.33809  
0.96749  2.17048  5.62964  
1.06407  2.73565  5.38933  
2.13903  2.36289  2.39798  
0.796515  2.29308  5.64984  
1.4281  3.10766  4.5605  
1.71066  3.24098  3.49175  
1.08782  0.76502  6.30724  
1.30461  3.02521  4.27969  
1.86088  1.56907  4.81225  
0.885656  2.9468  5.25144  
1.38121  3.13161  4.61439  
0.766162  2.97501  5.35309  
1.09718  2.77384  5.17181  
1.99565  1.63285  4.25551  
2.38215  1.96395  2.60319  
1.98894  2.7773  2.55876  
1.12361  2.53161  5.3235  
2.22155  1.62731  2.40163  
1.07275  0.677378  6.41874  
1.2095  3.87574  2.18453  
1.62042  2.09278  5.05366  
1.29471  1.81212  5.63801  
0.969756  1.98042  6.02708  
0.810251  1.42924  6.22391  
1.49625  2.75644  4.55121  
1.74794  1.73127  5.12213  
1.36575  2.61394  4.96205  
1.187  3.26372  4.38608  
0.999006  3.0757  4.49929  
1.64652  2.59364  4.67509  
2.01937  2.72175  3.80927  
1.99591  1.42641  3.98909  
1.35021  1.64646  5.76698  
2.24268  1.37219  2.79061  
1.19375  1.71241  5.78435  
1.21204  3.87274  3.21393  
1.20052  1.48119  5.74636  
1.38025  3.7456  3.56207  
1.42558  2.5117  5.24341  
2.34115  1.01969  2.97787  
1.06819  2.65316  5.53685  
0.846212  1.19431  6.4338  
1.70328  1.15123  5.16358  
1.65873  2.51625  4.29237  
1.5458  2.80336  4.19908  
1.87313  3.47957  1.23195  
1.31082  3.34841  3.9332  
1.82702  2.33803  4.26121  
1.96525  1.93219  3.82589  
1.75562  2.37227  4.64676  
1.02897  1.4996  6.13337  
1.10979  2.13289  5.84385  
1.77313  2.8783  3.38454  
0.893893  3.98965  2.2635  
2.43073  1.12201  1.4987  
1.42515  1.87141  5.19387  
1.45142  2.4792  5.13041  
0.633664  1.73912  6.23805  
1.47913  1.51373  5.6854  
0.933801  3.06014  4.88137  
1.20108  2.33788  5.58817  
1.10724  3.97845  3.48389  
2.15954  2.40931  3.28799  
1.45846  3.41019  3.83462  
1.26122  2.2757  5.47424  
1.92221  2.52053  3.5004  
1.12864  2.37826  5.65517  
1.20265  2.26684  5.54444  
1.4839  2.11857  5.49168  
1.33576  2.72554  5.03974  
1.89591  2.19818  4.05979  
0.958564  1.35335  6.39347  
1.54696  2.0227  5.21875  
2.05335  2.50186  3.81889  
0.68111  1.64998  6.3842  
1.80013  2.38967  3.71474  
1.83388  3.10971  1.93165  
0.878232  1.45949  5.99821  
1.42177  1.58685  5.44157  
1.26263  2.27666  5.49077  
1.12383  2.0926  5.29835  
1.29902  1.31119  5.92987  
2.03174  1.75154  4.25353  
2.41073  0.968815  3.52068  
2.03247  2.90353  2.37591  
1.68363  3.68982  2.47239  
1.37331  2.60241  5.44071  
1.23501  1.67339  5.79247  
0.635829  2.23604  5.91083  
1.19136  3.4565  3.96647  
1.30751  2.25216  5.15978  
0.807601  3.49636  4.18158  
2.4004  1.22773  2.68221  
1.76956  2.92854  3.44735  
0.885655  1.95237  5.95368  
1.28273  4.09352  2.60206  
1.33583  2.52478  5.71733  
1.48555  2.54644  2.06207  
1.2735  3.13884  1.80578  
0.79386  1.16425  5.53639  
1.20827  0.734193  4.88468  
1.01314  3.49485  1.14958  
0.533675  0.938898  5.73291  
0.976796  2.50476  3.99583  
1.4552  0.390423  4.43629  
1.52227  2.35139  2.52572  
0.987077  0.972784  5.16888  
0.805017  3.6096  1.6037  
1.72022  1.86317  1.92431  
1.58673  2.7466  0.765934  
1.10257  0.21869  5.17603  
0.739034  3.27041  3.00869  
0.261349  2.75052  4.45456  
1.02477  2.24689  4.19648  
1.81252  0.2293  2.94  
0.501589  3.29987  3.29166  
0.552449  2.0432  5.02966  
0.734074  0.503151  5.6471  
1.21325  3.19608  1.38241  
1.49899  2.43857  2.11909  
1.86404  0.317937  2.63005  
1.03649  1.2722  4.93725  
1.01073  2.76795  3.38093  
0.935801  3.3275  2.23376  
1.19629  2.77697  2.79942  
1.63048  2.69638  0.2553  
1.42168  1.41453  3.90713  
1.66521  1.65746  2.64612  
1.4303  2.79496  1.56546  
1.3381  3.11043  0.198219  
0.777701  3.14579  3.15972  
1.92735  1.05759  1.48837  
0.824492  2.09391  4.65465  
1.85042  1.4999  1.49802  
0.28898  3.30155  3.4758  
1.52827  0.238107  4.10291  
1.08379  3.25289  1.88754  
1.98143  1.09  0.159704  
0.499095  3.53502  2.67236  
0.836279  3.72719  0.200649  
1.76261  0.205922  3.14003  
0.587782  3.90699  0.195544  
1.47727  2.85208  0.0565436  
1.35347  0.254198  4.59038  
1.58402  1.35848  3.40527  
0.0632061  0.36273  6.03151  
1.15212  3.03239  2.42282  
1.8684  1.15331  1.94105  
0.310825  1.92888  5.28959  
0.293381  1.23848  5.73344  
0.309041  2.85859  4.25092  
0.301272  3.20109  3.68037  
1.34846  2.08801  3.44073  
1.75257  2.14874  0.16857  
2.05  0.0558907  0.0549048  
1.40283  2.27612  2.95686  
1.07556  3.48445  0.195795  
0.206899  4.03662  0.189281  
1.96182  0.179341  1.8037  
1.67843  2.37163  0.186414  
0.312785  2.35047  4.89773  
1.07914  2.34059  3.8799  
0.191709  0.18502  6.03155  
1.8385  1.83914  0.17166  
0.262392  3.63077  2.64732  
0.982794  0.254451  5.35001  
0.237854  3.80298  2.1368  
1.80099  1.95924  0.584835  
2.01291  0.162741  1.20958  
1.1853  0.212657  4.99193  
1.25886  1.72529  4.11624  
0.549667  1.52021  5.42519  
0.67707  3.64283  1.8987  
1.9248  0.195229  2.13883  
1.32679  2.79128  2.15785  
0.365068  3.99511  0.346426  
1.2355  2.41539  3.33438  
0.657093  3.83789  0.722188  
1.65506  1.99803  2.14993  
0.522776  2.54971  4.51735  
0.493848  0.265599  5.89146  
0.550474  3.01464  3.79238  
1.55165  1.97359  2.8331  
1.25949  1.2518  4.47628  
1.91964  1.53613  0.169263  
1.1573  3.3835  0.205137  
1.22415  2.14947  3.75996  
1.58876  2.34501  1.78717  
0.790198  1.77946  4.99256  
1.70771  1.01729  3.13943  
0.99262  3.59134  0.364237  
0.801131  2.5886  4.10591  
1.0284  1.74796  4.6219  
1.33762  2.60325  2.60565  
1.61076  0.332923  3.99565  
1.72589  2.07629  1.2722  
1.72603  1.52895  2.46554  
1.01487  0.897573  5.26777  
1.78127  1.78569  1.66107  
1.36627  2.43896  2.85914  
1.56615  2.04641  2.8622  
1.26699  3.26743  0.189354  
1.49311  2.47392  2.25011  
0.620696  3.78328  1.35756  
1.76117  1.14183  2.69675  
1.20455  0.941077  4.86312  
1.33157  0.471989  4.61263  
0.729576  3.10338  3.3546  
1.25118  1.95407  3.95509  
0.561341  3.94173  0.688216  
1.06052  3.55052  0.176021  
0.551218  1.51782  5.42507  
1.00707  2.66756  3.63667  
1.16389  2.91725  2.68052  
0.559777  2.03833  5.02654  
1.74572  1.5385  2.33196  
1.20917  1.19254  4.62928  
2.01954  0.150042  1.08226  
0.242311  3.78993  2.10786  
0.295466  3.2078  3.65859  
1.29142  0.22664  4.77784  
0.31656  2.34701  4.89654  
1.7174  0.223896  3.35305  
1.81799  1.28266  2.21178  
0.669579  3.65454  1.87465  
1.03722  1.27028  4.93657  
1.05623  1.77509  4.55262  
0.817686  2.57097  4.09926  
0.67159  3.85649  0.17948  
1.98357  1.0713  0.143831  
0.77805  2.9136  3.63221  
1.42519  1.40343  3.90462  
1.69339  2.32827  0.171216  
0.740282  0.264465  5.67214  
1.74773  2.1748  0.161948  
1.16224  3.37062  0.337144  
1.61715  2.5345  0.191917  
0.937521  3.6346  0.0514879  
1.08781  3.24462  1.89405  
0.19273  0.180407  6.0315  
1.77287  0.221296  3.08634  
0.926435  0.263676  5.43368  
1.29252  2.9319  1.89886  
1.64061  1.63224  2.80622  
0.206873  4.03652  0.193937  
0.305668  2.82201  4.30706  
0.291216  3.49264  3.02384  
0.0631428  0.362734  6.0315  
1.87745  1.67528  0.155262  
1.30626  2.21304  3.40695  
0.988337  3.05838  2.82712  
1.51307  0.239647  4.13091  
1.93133  1.43014  0.140535  
1.13039  0.262613  5.08915  
2.05  0.050308  0.0513717  
0.298284  1.2322  5.73336  
1.80309  0.197392  2.93843  
1.40038  2.99897  0.196592  
1.94708  0.169976  1.94143  
0.525201  3.28069  3.2935  
0.313105  1.89323  5.31617  
0.54751  2.97932  3.95118  
1.30076  3.20472  0.188932  
1.80737  1.9631  0.16996  
1.87948  0.16275  2.4877  
1.50278  2.80333  0.328299  
0.844369  3.57048  1.61038  
1.46198  2.62079  1.84972  
0.782298  1.25199  5.33421  
1.55776  1.76164  3.04137  
1.8437  1.46582  1.67046  
0.427201  3.88451  1.32935  
1.66865  1.25629  3.07418  
1.66675  2.05921  1.89221  
0.482447  3.63544  2.37212  
0.825358  2.0893  4.65784  
1.37104  0.900935  4.38942  
1.60941  0.421556  3.78805  
1.62531  0.823611  3.55985  
1.25904  1.48961  4.31392  
1.42387  1.86692  3.45361  
0.722144  3.37273  2.71369  
0.990506  2.83413  3.30552  
1.39554  2.28061  2.98643  
0.793908  3.76217  0.203323  
1.01657  2.23592  4.18223  
0.493501  0.257494  5.90032  
0.557668  2.52927  4.50536  
0.295332  1.7564  5.4265  
1.31271  2.77588  2.3501  
1.57241  2.3811  1.7593  
1.22023  2.59732  3.06249  
1.25515  2.19773  3.6439  
1.91099  0.97436  1.75528  
0.908823  3.42113  2.17417  
0.800442  1.76762  4.97893  
1.57488  2.69702  0.201481  
1.53879  0.893468  3.85141  
1.43623  0.2445  4.36522  
1.02942  1.74162  4.62472  
0.847529  3.56555  1.62084  
1.55763  1.76149  3.04213  
0.622296  3.7823  1.35756  
1.00679  2.64816  3.59577  
0.243287  1.76024  5.44284  
1.20763  1.19477  4.63152  
0.241564  3.90869  1.5228  
1.76038  1.91953  1.40957  
0.97045  3.00528  3.00471  
1.09564  3.22634  1.91045  
1.44798  2.82503  1.0912  
0.559528  2.03932  5.02587  
1.93279  0.914087  1.60438  
0.297938  3.3515  3.35484  
0.760987  3.09033  3.32126  
0.798392  2.50386  4.22265  
1.67014  1.24915  3.0734  
0.80075  1.76701  4.9789  
0.296827  1.23342  5.73336  
0.317385  2.34588  4.89733  
1.55772  2.48129  1.54754  
1.35508  2.63723  2.41856  
1.58601  0.43042  3.85007  
1.56045  2.03286  2.62305  
1.94742  1.30499  0.283352  
1.74699  1.54539  2.29736  
0.736966  0.274658  5.67487  
0.264954  3.79028  2.07667  
1.2206  2.59666  3.06249  
1.16705  3.36628  0.208079  
1.52928  2.74027  0.195001  
1.99049  1.01613  0.151507  
0.829257  2.09358  4.64764  
0.290171  3.49523  3.01214  
1.2674  3.22227  0.187958  
0.991242  0.972958  5.15979  
1.0279  2.95584  2.94733  
1.83994  0.206317  2.7165  
1.80235  1.97606  0.178728  
1.60069  1.28934  3.35185  
1.05417  2.28214  4.01412  
1.42366  1.86462  3.45715  
1.96162  0.169914  1.80472  
1.39549  0.93659  4.28536  
0.953526  3.61855  0.0514798  
0.304102  3.19485  3.67852  
0.206873  4.03652  0.193937  
2.0229  0.704173  0.12909  
0.313404  1.88211  5.32477  
1.36309  2.1439  3.3084  
0.19273  0.180407  6.0315  
2.05  0.050308  0.0514998  
0.313246  2.81132  4.31852  
0.0631428  0.362734  6.0315  
1.65398  2.43747  0.1916  
1.50802  0.243169  4.1468  
1.90238  1.55618  0.167241  
0.756473  3.30211  2.82702  
2.01233  0.15689  1.19792  
1.29511  0.253759  4.73551  
1.34527  3.09609  0.203647  
1.12513  0.262713  5.09927  
1.68399  0.226619  3.49969  
0.808492  2.78368  3.79272  
0.551218  1.51782  5.42507  
1.25845  1.72098  4.12117  
0.78242  1.25285  5.33401  
0.907086  3.43441  1.95175  
1.91462  0.192234  2.20947  
1.71757  2.2564  0.188898  
0.527721  3.92895  0.353418  
1.16417  2.95193  2.47483  
0.414572  3.91936  1.10682  
1.43132  2.9356  0.354283  
1.85363  1.30435  1.83384  
1.76663  0.220645  3.11808  
0.836175  3.72657  0.204325  
1.42343  1.41059  3.90462  
0.924899  0.265541  5.43576  
0.556028  2.52938  4.50698  
1.01785  1.4801  4.84247  
0.483318  3.63502  2.37212  
1.25038  2.18835  3.61984  
1.67901  2.0347  1.85394  
1.19062  0.951624  4.78938  
1.84066  1.82966  0.174591  
0.494743  0.259131  5.89135  
1.60654  2.56011  0.184554  
1.06851  3.47626  0.55051  
0.543478  2.94586  3.91524  
0.662283  3.66238  1.85698  
1.66405  1.64907  2.65771  
0.670289  3.8514  0.202602  
1.80177  1.09139  2.48759  
1.48342  2.48945  2.07934  
1.29402  2.93007  1.89622  
1.3998  2.27985  2.95082  
0.731072  3.82118  0.43901  
1.70549  1.5686  2.65959  
1.26686  2.0832  3.86745  
1.36437  0.916083  4.38177  
1.24539  3.11173  1.541  
0.535635  3.12366  3.60258  
0.189662  2.57556  4.76953  
0.242583  3.81775  2.02443  
0.463632  2.06135  5.13913  
1.75963  1.17906  2.67317  
1.18563  2.78921  3.01542  
0.992899  2.83057  3.30618  
1.35731  2.64447  2.43002  
1.59166  0.170995  3.874  
0.61852  3.79574  1.31856  
0.544898  1.51002  5.43671  
0.791995  2.98978  3.45812  
1.57258  2.43932  1.56356  
0.244107  3.93909  1.32654  
1.24756  1.30348  4.55473  
1.07505  3.48469  0.0514798  
0.256775  3.87007  1.79578  
1.40806  2.56105  2.36493  
1.84398  1.828  0.206893  
1.41337  0.241471  4.43243  
0.615626  3.88551  0.197335  
1.41723  1.40367  3.92986  
0.0798435  0.783256  5.94765  
0.827705  1.83408  4.8877  
1.74693  1.5459  2.297  
1.94589  1.33453  0.137486  
1.96152  0.175903  1.80472  
0.300761  2.93712  4.14165  
1.00024  3.56866  0.177434  
1.00997  0.99634  5.11863  
1.68534  2.35101  0.183657  
0.977955  3.02608  2.93475  
1.68469  0.227611  3.49758  
1.06656  2.0654  4.25839  
1.54062  0.230449  4.04147  
1.34192  0.251883  4.6202  
1.89565  1.2553  1.49008  
1.99229  1.00615  0.125825  
0.266633  3.64622  2.5955  
0.735677  0.274237  5.67632  
0.19273  0.180407  6.0315  
1.15664  0.242587  5.04476  
1.61255  2.5805  0.15569  
2.05  0.050308  0.0514998  
0.896256  3.39595  2.13926  
0.29113  3.27848  3.52348  
1.17546  3.35664  0.050482  
1.32749  3.12957  0.162379  
1.56878  2.04584  2.55911  
0.305096  1.82482  5.37233  
1.74565  0.206717  3.22297  
0.206918  4.03767  0.0514798  
0.291899  2.8011  4.34576  
1.89009  1.61566  0.155672  
1.02398  1.49329  4.82718  
0.0631428  0.362734  6.0315  
1.47097  2.86747  0.159995  
1.85726  0.19045  2.61122  
1.31993  2.19426  3.38894  
0.579023  2.37427  4.66973  
1.77941  1.93081  1.15243  
0.836153  3.7292  0.197368  
0.819802  2.57473  4.09037  
0.673778  3.58712  2.13515  
1.74737  2.18948  0.131278  
2.01719  0.157154  1.12041  
1.80788  0.198507  2.90614  
0.301002  3.0984  3.86109  
1.09041  3.24817  1.89815  
1.02164  2.707  3.47882  
0.278252  2.23709  5.06872  
0.296941  1.23397  5.73306  
1.56776  1.33542  3.44944  
1.91517  0.182567  2.21145  
0.783245  1.25135  5.33336  
0.752316  3.30123  2.83988  
1.25967  1.72266  4.11636  
1.69085  2.06482  1.67313  
0.940092  0.234705  5.41603  
1.81899  1.28026  2.15493  
1.23405  2.42068  3.33911  
1.4287  1.8461  3.46769  
1.56577  1.77487  3.06557  
2.02746  0.66357  0.113054  
1.21063  0.726769  4.82975  
0.289382  3.48835  3.03673  
1.48342  2.48945  2.07934  
1.17426  2.93633  2.47483  
1.29532  2.92696  1.89923  
1.67002  1.25571  3.06808  
1.39985  2.27993  2.95048  
0.494984  0.260388  5.89109  
0.527595  3.93016  0.359242  
0.847529  3.56555  1.62084  
1.42222  2.97343  0.105129  
1.01894  2.7315  3.42712  
1.19242  0.953257  4.78492  
1.07891  3.31022  1.66173  
1.21999  1.42382  4.45835  
0.604188  3.82716  1.11606  
0.544125  1.51667  5.43252  
0.296222  3.34905  3.36311  
1.6324  2.49483  0.174199  
1.17642  2.73367  2.94413  
1.5103  2.78309  0.0781852  
2.02325  0.70209  0.0503673  
1.7361  1.72235  2.08108  
1.92415  1.44652  0.0503726  
1.0315  1.95808  4.4357  
1.32699  2.78998  2.15543  
0.495565  3.94947  0.0505023  
1.98485  1.06266  0.050375  
0.811806  3.64286  1.36715  
0.238526  3.91525  1.49359  
0.562601  2.05143  5.01209  
1.67153  1.24415  3.07278  
1.84476  1.81503  0.0506941  
0.265991  3.78107  2.11354  
0.291365  3.4872  3.03255  
0.767816  3.2784  2.87486  
1.17819  2.92697  2.48343  
2.05  0.0501989  0.0513851  
0.0794572  0.798506  5.94335  
1.97247  0.0503446  1.70437  
0.562832  2.82456  4.08891  
0.847834  0.0501493  5.55192  
1.0806  2.52338  3.61058  
1.26242  1.71995  4.11448  
1.1668  3.36828  0.0505043  
0.181402  4.04067  0.163328  
1.74988  0.0502937  3.21125  
1.80586  1.96516  0.0503769  
1.38736  0.0502383  4.5113  
0.314835  2.58701  4.62045  
0.249133  0.0501667  6.02019  
1.68748  2.34665  0.0504878  
0.311227  2.1725  5.07495  
0.404481  3.94878  0.879566  
0.499099  0.0503911  5.89678  
0.192807  0.180068  6.0315  
1.52241  1.76293  3.19501  
2.04994  0.0815583  0.0504413  
1.52268  0.0502724  4.10967  
0.682099  3.58394  2.13146  
1.3449  3.09843  0.0503665  
0.296068  2.92876  4.14985  
0.0631428  0.362734  6.0315  
0.206918  4.03767  0.0503656  
1.59165  0.050289  3.87229  
1.95578  1.26327  0.0503656  
1.88981  1.6186  0.0504891  
1.16154  0.0501981  5.03801  
0.954507  3.61756  0.0503714  
1.08726  3.47  0.0504489  
1.88331  0.0503682  2.44807  
1.57359  2.64128  0.0503668  
0.821497  2.34677  4.38605  
1.46329  2.88027  0.0503972  
2.00714  0.0503538  1.28547  
2.00702  0.87481  0.0503656  
0.294907  3.19271  3.68838  
1.64907  1.63603  2.75762  
1.38062  2.46434  2.68625  
1.08799  0.0501988  5.17866  
0.768885  0.985776  5.47143  
1.81778  1.29013  2.15496  
1.47709  2.5088  2.07068  
0.810182  3.7498  0.0505143  
1.74086  2.18635  0.0504878  
1.80717  0.0502997  2.91552  
1.69217  2.06043  1.67364  
1.93626  0.050322  2.04458  
1.23934  2.40238  3.33928  
1.05029  1.53062  4.74721  
1.26742  3.22358  0.0504946  
1.42428  1.40831  3.90472  
1.22729  2.11703  3.7805  
0.299411  1.23477  5.73171  
2.04892  0.181696  0.050384  
0.649782  3.86589  0.0503546  
0.793303  2.98343  3.4657  
1.25985  0.0502159  4.8277  
1.42315  1.86789  3.45547  
1.91409  0.960621  1.74144  
0.307852  1.77652  5.40674  
1.68142  0.0502819  3.52075  
0.274487  3.65019  2.57752  
0.992809  0.979627  5.15533  
0.797815  1.76078  4.98846  
1.55084  1.9517  2.81292  
0.694401  0.0505394  5.73003  
1.58257  2.361  1.74439  
0.95174  3.14236  2.7271  
0.924641  3.35325  2.18693  
1.56327  1.27483  3.51669  
1.6231  0.0489241  3.7494  
1.87511  0.106125  2.49304  
1.199  1.19986  4.64818  
0.527388  1.78554  5.26377  
0.910406  3.66093  0.0504577  
0.475023  0.0488556  5.91098  
1.37227  1.14044  4.24424  
0.234145  3.91046  1.52062  
0.745275  0.984943  5.49515  
1.67162  2.39124  0.0504395  
0.279752  2.72319  4.46339  
1.58466  2.34221  1.77667  
0.974905  2.84807  3.31978  
1.41672  2.96858  0.201655  
0.286302  1.49515  5.60003  
1.21377  2.14893  3.78002  
0.554826  2.82865  4.09159  
2.03325  0.566677  0.0503245  
1.89571  0.822193  2.05321  
1.79732  0.0489553  2.96162  
1.90836  1.5285  0.0504409  
0.640651  3.72485  1.62324  
1.25216  1.7237  4.1354  
0.979878  3.06664  2.83342  
1.87593  1.68214  0.0504405  
0.785629  1.51936  5.17561  
0.248705  3.80448  2.03202  
0.484826  3.95432  0.0504458  
1.28536  0.0489626  4.76458  
0.896938  3.4442  1.95341  
1.086  3.18112  2.13416  
1.46487  2.87712  0.0504623  
0.817114  2.09428  4.66529  
0.703274  0.0489051  5.71847  
1.97045  0.0489919  1.71181  
2.00644  0.880303  0.0504081  
1.5068  1.98537  2.96065  
1.68094  0.0489666  3.51657  
0.302153  1.84849  5.35566  
0.976983  3.59441  0.0503316  
2.04868  0.0490021  0.117076  
1.94831  1.30928  0.0503403  
1.57615  1.31745  3.42992  
0.153103  4.04412  0.150495  
1.20153  3.32046  0.0504458  
0.206918  4.03767  0.0505008  
1.34748  2.65367  2.41796  
0.652941  3.8639  0.0504424  
2.05  0.0501695  0.0513847  
0.278032  3.49968  3.00912  
1.11201  0.048934  5.13078  
0.0518107  0.0500073  6.05  
0.259634  3.64915  2.5913  
1.74362  1.55335  2.30922  
1.08173  3.47667  0.0504501  
1.62382  2.51828  0.0504895  
2.01529  0.0490016  1.14264  
0.0508854  0.0527979  6.05  
2.04974  0.114589  0.0503245  
1.33852  3.10923  0.0504644  
0.255999  0.0494549  6.01653  
1.83695  0.0490721  2.73667  
1.46349  0.0490277  4.29006  
1.08996  2.45808  3.68579  
1.7987  1.99117  0.0503329  
0.294021  2.90353  4.19042  
0.300433  2.35712  4.89902  
0.286527  3.24474  3.59009  
0.992999  2.6584  3.61298  
0.992132  0.753998  5.23617  
1.91287  0.048988  2.22309  
1.21417  2.6087  3.06195  
1.56892  0.0490402  3.94797  
0.532643  1.24183  5.59143  
0.79387  3.76303  0.050541  
1.41873  1.87132  3.46696  
0.69557  3.49125  2.41755  
1.04548  2.28933  4.02472  
0.520326  3.35726  3.11704  
0.771221  3.02571  3.42568  
0.402747  3.92369  1.10727  
1.54526  2.70645  0.0504422  
1.74751  0.0490467  3.21577  
1.02467  1.50957  4.81054  
0.561345  2.60442  4.405  
1.66203  2.07932  1.88839  
1.18576  0.955619  4.79816  
1.39394  2.28911  2.96088  
0.887946  0.0488793  5.49515  
1.86551  1.32137  1.69267  
1.52191  2.17166  2.57476  
1.38808  0.0489402  4.50494  
1.25225  3.06263  1.65328  
1.48052  2.50344  2.05968  
1.71344  1.37083  2.72795  
1.71531  2.26516  0.0503321  
1.41599  1.41399  3.92563  
1.83939  1.83673  0.0504566  
0.277584  0.977169  5.84674  
1.9773  1.11868  0.0503324  
1.55192  2.69141  0.0505403  
0.882734  3.40504  2.15531  
0.39097  3.95029  0.902089  
1.40056  1.53149  3.87696  
2.00021  0.0476858  1.34459  
1.17925  0.0575125  4.99444  
1.42851  0.085361  4.39678  
1.50443  2.33615  2.33249  
0.291093  1.49469  5.59805  
1.42111  2.96073  0.18339  
1.22038  3.12207  1.61235  
1.8712  1.70284  0.098834  
1.21078  2.33571  3.53334  
1.92476  0.93075  1.67239  
1.76727  1.19243  2.60441  
1.03864  2.0007  4.36836  
1.27141  2.91432  2.07861  
0.945403  3.62673  0.0504714  
1.67569  1.46231  2.84665  
1.21717  1.45291  4.45058  
0.303836  2.58467  4.62886  
0.233114  3.91098  1.51869  
1.64053  0.047761  3.67521  
0.824108  1.84858  4.89354  
0.248073  3.8032  2.03805  
1.5964  2.58666  0.0504677  
1.41834  1.87081  3.46895  
2.01074  0.0476868  1.19252  
1.5162  2.77048  0.0504648  
1.1181  3.43181  0.0505343  
0.286183  1.22732  5.74028  
0.611369  3.78964  1.35316  
1.94418  0.047698  1.95105  
1.03522  2.51132  3.74234  
0.888873  0.0480425  5.49074  
0.979027  3.06477  2.83969  
0.278009  3.49968  3.00912  
0.216604  1.95519  5.30198  
0.153102  4.0441  0.151996  
1.5402  0.0477277  4.04083  
1.20491  3.31569  0.0503436  
1.73164  2.21527  0.0503494  
2.04736  0.0476927  0.118209  
0.25584  0.0475311  6.01486  
1.37635  3.04388  0.050547  
1.24181  1.95971  3.92435  
1.62101  2.05718  2.22318  
1.24881  0.0476969  4.84455  
1.7957  2.00205  0.0504039  
2.05  0.0501691  0.0508404  
1.88183  0.0476703  2.43857  
1.00809  3.56116  0.0505815  
1.37395  0.0477041  4.53804  
0.0516308  0.0500029  6.05  
1.46499  2.87687  0.0504648  
0.0504287  0.053604  6.05  
0.206918  4.03767  0.0505388  
1.98409  1.06842  0.0503252  
2.04973  0.116004  0.050328  
1.36457  2.6169  2.42105  
0.68602  3.84235  0.0504431  
1.68148  2.36374  0.0503462  
1.21287  2.60564  3.07229  
1.90736  1.53352  0.0503931  
0.292896  2.90109  4.19481  
1.29859  1.64926  4.07673  
0.681941  0.0476004  5.73761  
0.282547  3.27151  3.53748  
1.77829  0.0476669  3.05407  
1.07682  0.0477671  5.19188  
0.679705  3.56265  2.21448  
1.71161  1.9076  1.89051  
0.816103  2.34528  4.39328  
1.84001  1.83422  0.0504095  
0.827359  3.73549  0.0505324  
0.773388  1.2537  5.34438  
1.08492  3.23915  1.92763  
0.48241  3.95539  0.0504614  
1.75006  1.52265  2.31283  
0.298791  2.23411  5.02089  
0.784556  2.98584  3.47794  
0.483509  0.0475551  5.90319  
1.71239  0.047798  3.37216  
0.513755  3.35806  3.12346  
1.4081  1.16608  4.12731  
1.0423  1.53357  4.76039  
1.94777  1.31249  0.0504327  
1.39374  2.28727  2.96326  
2.02585  0.66979  0.050328  
0.280441  1.76631  5.42949  
0.0658826  0.431686  6.02243  
1.83705  0.0478096  2.72659  
0.868327  3.5006  1.83416  
1.52156  2.1589  2.60286  
1.58198  1.36203  3.36729  
0.981131  0.969573  5.1778  
0.261997  3.6486  2.5913  
1.86296  1.10988  2.02684  
1.30529  3.16284  0.176963  
0.550744  2.82897  4.09609  
1.54761  2.50595  1.5478  
1.82099  1.63802  1.4986  
1.01827  2.2259  4.1621  
0.539611  1.51713  5.43511  
1.94104  0.920961  1.50224  
1.2029  2.3579  3.52199  
1.22022  1.67358  4.2624  
1.55343  1.76421  3.05761  
1.00888  1.48508  4.85533  
1.16114  0.710921  4.93931  
1.41518  2.97151  0.199591  
0.547541  2.03572  5.04002  
1.47651  2.50373  2.08438  
1.41709  1.87034  3.47429  
1.75534  1.1643  2.7019  
1.39423  2.28676  2.96211  
1.99444  0.0478078  1.42045  
0.734526  3.24597  3.01662  
1.3492  2.64404  2.43083  
0.508403  3.28859  3.29187  
1.74727  1.53291  2.31398  
1.79894  1.99033  0.0504987  
0.979072  3.06582  2.83697  
1.8395  1.83628  0.0504757  
1.28567  0.0476677  4.75946  
1.72725  2.22885  0.0505198  
1.99073  1.01654  0.0504172  
0.299964  1.8085  5.38666  
1.33939  3.10777  0.0504833  
0.283056  3.26352  3.55373  
1.95811  0.0478257  1.82121  
0.837291  0.0481478  5.55986  
1.04838  1.79528  4.54174  
0.481194  0.0477408  5.90473  
0.638458  3.87294  0.0505072  
0.0508476  0.0527863  6.05  
1.5166  2.76962  0.050509  
0.277583  3.49927  3.0105  
1.1591  3.3786  0.050527  
1.59853  2.58145  0.0504743  
1.03535  2.51044  3.74334  
1.06459  3.49709  0.0505626  
1.67991  0.0477661  3.5141  
1.35726  2.15001  3.32065  
1.24964  1.96809  3.89315  
0.255839  0.0478868  6.01486  
1.83649  0.0478052  2.72994  
0.945063  3.62707  0.0505765  
2.0475  0.0477121  0.0501964  
0.299659  2.21306  5.04116  
1.50139  0.0478007  4.16766  
0.206918  4.03767  0.0505443  
1.11903  0.0480766  5.11371  
0.982019  2.84282  3.31075  
0.0516308  0.0500012  6.05  
1.91201  0.0477199  2.21832  
0.297283  2.85467  4.26317  
0.153117  4.04468  0.0540666  
1.90176  1.56125  0.0504773  
1.76823  0.0477813  3.10557  
0.816056  2.34551  4.39308  
1.61888  2.06526  2.22017  
1.21383  2.60391  3.07223  
0.790044  1.77443  4.98764  
0.981656  0.978741  5.17322  
1.65052  2.44862  0.0503188  
2.01715  0.0478115  1.08875  
0.797119  1.29242  5.29435  
0.719158  3.446  2.50381  
0.914599  0.261169  5.44477  
1.59636  1.29063  3.369  
0.793837  3.76306  0.0505771  
1.10346  3.20669  1.94554  
1.39689  0.0477191  4.47608  
1.94765  1.31321  0.0503704  
1.52728  2.15732  2.57331  
0.286633  1.23789  5.73516  
0.546513  3.02524  3.77346  
0.294866  2.50929  4.72463  
1.46498  2.87689  0.0505468  
0.484137  3.95463  0.0505241  
0.681998  0.0475645  5.73756  
0.0678452  0.45176  6.01942  
1.86044  1.12632  2.02341  
1.58271  0.234914  3.88275  
1.41177  1.40751  3.94407  
0.409425  3.91836  1.13066  
2.02297  0.705393  0.0504015  
1.12593  3.04615  2.37018  
0.838363  3.57281  1.62589  
0.248117  3.80328  2.03765  
1.25074  3.24889  0.0505567  
1.71346  1.89749  1.89835  
0.261435  3.64766  2.5947  
1.20031  1.19719  4.64674  
0.0507911  0.0528679  6.05  
1.66279  1.45795  2.88323  
1.25984  2.99646  1.86462  
0.770722  2.72618  3.95009  
0.65339  3.66795  1.85881  
1.15666  2.86519  2.70672  
0.777939  2.51976  4.22434  
0.751971  3.08916  3.32121  
1.07814  0.0476547  5.18949  
1.68609  2.33929  0.180701  
1.60756  2.18861  1.99207  
1.59982  2.5681  0.17957  
0.732985  3.80522  0.0478185  
1.19842  1.19442  4.64301  
1.21288  2.14447  3.7735  
1.15715  3.3688  0.361034  
1.52367  1.30851  3.62666  
0.781087  1.51025  5.18  
1.84922  0.865852  2.34478  
1.48921  0.457771  4.16024  
1.721  2.05245  1.37099  
0.280505  0.972782  5.84706  
1.88627  1.62094  0.0477364  
1.04217  1.53477  4.75056  
1.63444  1.63176  2.82009  
0.282107  3.27154  3.52851  
1.07888  3.4746  0.047822  
1.98834  1.0132  0.0476923  
0.917012  0.0480551  5.45079  
1.51719  2.57932  1.50947  
0.248887  3.84145  1.84982  
0.507855  2.95625  3.92786  
1.8369  1.83416  0.0478482  
0.937914  3.15998  2.70662  
1.43838  2.36766  2.59251  
1.22963  2.40653  3.34928  
0.816436  2.1074  4.6444  
1.38697  0.047625  4.50311  
1.98505  0.047833  1.53511  
1.89225  1.21981  1.55739  
1.00072  2.898  3.13624  
1.24957  1.72593  4.12876  
1.71271  0.0476556  3.3707  
0.0515766  0.0500012  6.05  
0.300212  1.89024  5.32418  
1.39278  2.28417  2.95542  
1.81194  1.41756  1.98594  
1.02887  3.37312  1.61201  
0.72463  3.43076  2.52117  
0.153117  4.04468  0.0505722  
0.255839  0.0478632  6.01486  
0.758199  0.991491  5.47421  
0.189331  4.03743  0.0478085  
0.0508514  0.0524412  6.05  
0.483666  0.0478894  5.90308  
1.23607  3.26452  0.0477544  
1.40526  2.9845  0.0477364  
2.0475  0.0476489  0.0476947  
0.298363  2.85602  4.26058  
1.34755  2.64467  2.41914  
1.56727  0.048066  3.94785  
1.74426  2.16505  0.0478792  
0.507489  3.28462  3.29065  
1.14426  0.0475811  5.06487  
0.474809  3.68906  2.17342  
1.8757  0.0479118  2.48042  
0.260779  3.64791  2.58264  
0.291035  1.4941  5.59842  
1.53534  2.72058  0.0478237  
0.980134  0.976681  5.16894  
0.82585  3.73216  0.0477633  
1.66547  1.25859  3.07114  
1.92073  1.44895  0.0477377  
0.277498  3.50139  3.00499  
1.33548  1.94641  3.64704  
0.304705  2.35774  4.8908  
1.04367  2.287  4.03392  
0.943932  3.6232  0.0477977  
1.13525  3.07744  2.21428  
1.78831  0.0476237  3.00151  
2.02045  0.0476257  1.03106  
1.94519  0.0476909  1.94195  
0.797801  2.79135  3.78834  
1.54121  1.96233  2.81694  
0.600211  3.89172  0.0479568  
1.24872  0.0475864  4.84475  
1.41454  1.41018  3.92085  
1.3007  3.16487  0.0477544  
1.6874  1.89424  2.07806  
0.545995  2.53841  4.49756  
1.46307  2.87322  0.0477364  
0.682125  0.0475274  5.73743  
1.64911  2.44321  0.0478238  
1.64836  0.0476009  3.64406  
2.0176  0.736552  0.0477803  
0.0659894  0.453013  6.01928  
1.55582  1.55351  3.27576  
0.05036  0.055453  6.04999  
0.546337  1.78432  5.24761  
0.224629  3.94614  1.28008  
0.483707  3.9512  0.0478188  
1.80676  1.95014  0.0478823  
0.868779  3.48288  1.88471  
1.41622  1.87054  3.4624  
1.95982  1.21887  0.0477409  
1.50469  2.787  0.106157  
0.280596  0.973474  5.84678  
1.56168  2.40995  1.7285  
1.76714  0.142065  3.10782  
0.339646  4.0046  0.0479427  
0.54631  1.78411  5.24779  
0.462666  0.0475825  5.91683  
0.832989  3.57797  1.60784  
1.95289  1.26321  0.0477363  
1.98998  0.0477707  1.47613  
1.20788  3.14435  1.56829  
1.38153  2.4283  2.73633  
1.66405  1.2592  3.07692  
1.68025  0.0476255  3.51264  
1.70886  2.09659  1.35581  
1.54275  1.10477  3.70304  
0.964618  2.85819  3.31249  
1.38367  0.0479194  4.512  
0.653715  3.85933  0.0477366  
1.0287  3.37311  1.613  
1.9203  1.45126  0.0477774  
0.276795  3.38435  3.28386  
1.2133  2.60657  3.05418  
1.04177  1.52122  4.76271  
0.788708  3.76266  0.0477366  
1.41552  1.41266  3.91574  
1.71487  0.0478923  3.36094  
1.04489  2.28724  4.02868  
0.912497  0.0476097  5.45731  
0.977874  3.06087  2.83655  
1.95968  0.0478114  1.8059  
1.65176  1.64841  2.70654  
1.44225  0.0479422  4.34773  
1.4365  2.37267  2.59147  
0.226298  3.94498  1.28603  
1.98055  1.07378  0.0477565  
1.73091  2.20726  0.0478886  
1.32928  3.11804  0.0479436  
0.68258  0.0477189  5.73697  
2.0475  0.0477094  0.0477249  
0.255839  0.0480293  6.01486  
1.16068  0.0476672  5.03222  
0.295388  2.50445  4.72681  
0.13326  4.04382  0.0479281  
1.46307  2.87322  0.0479399  
0.0508514  0.0524412  6.05  
0.261958  3.65591  2.55599  
0.13034  4.04405  0.0655807  
1.21991  3.28815  0.0479427  
1.35399  1.8699  3.67593  
0.289918  3.08481  3.88342  
0.286223  2.0324  5.20746  
0.237207  3.86097  1.76661  
1.64836  2.44522  0.0479198  
1.78567  0.90826  2.71994  
0.0515591  0.0500005  6.05  
1.41574  2.03497  3.25542  
1.58528  0.0479827  3.88378  
0.525623  3.19882  3.45342  
1.08794  3.46363  0.04795  
1.89402  0.0478866  2.35253  
1.86845  1.70175  0.0478298  
1.82305  0.0478718  2.80914  
0.300823  1.55177  5.55993  
1.55449  2.67731  0.0479037  
1.09475  3.16512  2.11156  
0.538348  3.92516  0.0479191  
1.80783  1.94619  0.0478848  
0.0505867  0.0563781  6.04999  
1.24984  1.72678  4.12726  
0.717499  3.35812  2.75168  
0.944066  3.62307  0.0479488  
2.01739  0.0477946  1.08464  
1.74513  1.53143  2.30957  
0.560271  2.59859  4.40531  
1.54064  1.9641  2.81694  
0.816612  2.09355  4.65832  
1.27209  0.0477554  4.79127  
1.62035  2.06543  2.18598  
0.796247  1.53828  5.14321  
0.887526  3.39743  2.14505  
0.0660522  0.453003  6.01928  
2.01717  0.741507  0.0477868  
0.655999  3.65984  1.86619  
0.521267  0.992473  5.70497  
1.55643  1.5531  3.27362  
1.8504  1.29642  1.84649  
0.240599  3.73447  2.30105  
0.982441  0.961699  5.17124  
1.47715  2.49485  2.07941  
1.26091  2.92424  2.07941  
1.19021  2.37377  3.5224  
1.41321  2.96814  0.191192  
0.296219  2.27333  4.9766  
1.93226  0.892465  1.60984  
0.792187  2.80666  3.77306  
1.20233  1.19618  4.63319  
0.758199  0.991491  5.47421  
1.52344  0.0476684  4.09652  
1.07993  0.0476613  5.18629  
