0.168078  2.69822  1.51788  
0.000297214  0.00481862  6.65088  
1.7641  0.49173  2.9869  
1.46661  0.760317  2.70209  
0.2978  0.407555  0.294645  
1.59112  0.953923  3.00693  
0.0925313  1.14987  4.98886  
0.484656  0.358165  0.157179  
0.432302  0.48899  0.0787079  
0.0943415  0.199752  5.69749  
0.0506262  1.74136  3.22187  
0.464017  1.98081  1.30144  
0.486165  0.675235  6.31605  
0.0601065  0.934869  0.00502473  
1.42525  0.672107  1.5506  
0.848778  0.79607  3.8208  
1.69233  0.628667  1.26486  
0.481253  1.80357  4.16014  
0.856346  0.0427199  0.100935  
0.815423  0.00912905  0.175448  
0.821676  1.56743  3.01832  
0.959046  0.0891587  3.49839  
1.48893  0.915484  2.65455  
1.32414  0.412991  3.20351  
0.539349  1.4775  2.22392  
0.640878  0.182316  5.89595  
0.472472  0.188034  6.65508  
0.360599  0.520812  0.118589  
0.330437  2.31843  1.64463  
0.883277  0.459117  4.84624  
0.686034  0.256973  0.0569927  
1.80371  0.682685  2.80801  
0.981431  1.70625  1.38534  
0.17322  0.607257  0.219523  
0.491474  0.299589  0.208938  
0.12372  0.649198  0.227082  
0.138924  0.605224  0.255853  
0.408262  0.466074  0.125664  
0.456664  0.215119  0.328217  
0.230437  0.519593  0.24997  
0.760041  0.660227  4.42448  
0.328891  0.347573  0.323536  
1.84393  0.149328  3.78201  
0.266592  0.522397  0.211012  
0.406962  0.230205  4.46172  
0.648986  1.99268  1.86187  
0.454116  0.375997  0.169888  
0.83666  1.31095  4.21864  
0.36149  0.371169  4.97096  
0.947716  0.566736  3.59557  
0.689015  0.260812  0.050173  
0.210535  0.588263  0.201202  
0.4589  0.435587  0.105512  
0.610336  0.120216  0.269449  
0.0475719  0.905337  0.0470909  
1.02807  0.165606  5.53508  
1.26959  0.803685  1.87829  
0.780076  1.86617  1.82122  
0.226621  0.217751  5.41719  
0.256812  0.419824  0.323364  
0.182689  0.715671  0.10164  
0.0827599  0.650552  0.266688  
1.05043  0.860016  4.25443  
1.63171  0.300449  3.24028  
0.0906842  0.699406  0.20991  
0.747802  0.482427  4.85539  
0.98415  0.160686  4.11639  
0.980987  1.24929  3.22979  
1.67636  0.448465  2.77535  
0.651634  1.68807  3.39923  
0.664732  0.562796  5.2505  
0.891631  0.0114237  0.0969453  
1.56323  0.891375  2.3453  
0.970128  0.0216997  0.00817248  
0.217526  0.155224  6.19627  
0.507533  0.405892  0.0865751  
0.584111  0.199083  0.216806  
1.58541  0.913321  2.30236  
0.759761  0.0825509  0.157688  
0.421304  0.327511  0.251185  
0.464038  0.240233  0.295729  
0.834654  0.0847037  0.0806419  
0.138704  0.62363  0.237667  
0.944806  0.0368189  0.018375  
0.0322391  1.25817  4.68285  
1.53461  0.124472  3.39591  
0.778182  1.64967  1.84083  
1.54298  0.0880238  5.47696  
0.59761  0.145282  0.257108  
0.747585  1.76837  3.71822  
0.65301  0.344531  0.0024592  
0.0174036  2.31015  1.24674  
0.648925  0.152172  0.198904  
0.169461  0.220731  5.73587  
0.0666029  2.17054  2.99622  
0.188677  0.122045  6.37237  
0.226582  0.623955  4.87136  
0.508368  0.411521  0.0801102  
0.32799  0.576524  0.0954865  
0.034674  1.60791  4.12962  
0.391236  0.608764  1.66533e-15  
1.52261e-08  1.92023  3.32049  
0.579643  0.136714  0.283643  
1.95442  0.00170934  1.76186  
0.243245  1.7574  4.14857  
1.04894  0.652637  2.3427  
0.0110135  0.000159821  5.79184  
6.45898e-06  1.53433e-07  5.72034  
0.90779  0.006436  3.98993  
1.75551e-05  7.50286e-06  4.52627  
0.155481  1.03122  3.11446  
0.00269463  0.00224019  4.19483  
1.029e-09  3.45704e-09  4.22308  
1.12778  1.22004  2.79499  
8.27932e-09  6.51963e-09  3.75456  
0.0776105  0.102136  2.94133  
2.20453e-17  4.76763e-17  3.24782  
0  0  4.60705  
1.74098  0.216158  0.992408  
1.93429e-15  1.40406e-13  3.09682  
0.250081  0.607443  0.142476  
0.540643  0.2451  0.214257  
0.533616  0.133266  0.333118  
0.469263  0.201198  0.329539  
0.933993  0.031536  0.034471  
0.633343  0.333835  0.0328226  
0.690678  0.0688159  0.240506  
0.627227  0.0396045  0.333168  
8.73321e-07  0.93398  0.0660192  
0.0343989  0.816938  0.148663  
0.143674  0.677376  0.17895  
0.677812  0.143121  0.179067  
0.345446  0.585323  0.0692303  
0.431406  0.535433  0.0331603  
0.423654  0.24334  0.333006  
0.566662  0.100046  0.333292  
4.14831e-05  0.666896  0.333062  
0  1.50008  1.14668  
0.760127  0.239788  8.44747e-05  
0.0345078  0.723575  0.241917  
0.0133816  0.0512176  1.48057  
0.375253  0.485983  0.138764  
0.6667  1.20698e-06  0.333299  
0.999908  9.147e-05  8.02309e-07  
0.517177  0.482734  8.93424e-05  
0.195067  0.536497  0.268435  
2.55196e-21  1.03371e-19  1.95394  
0.333378  0.333319  0.333303  
0.817843  0.0342276  0.14793  
0  1.39679  2.05389  
0.407503  0.407436  0.18506  
9.49284e-05  0.999836  6.92635e-05  
0.50973  0.185565  0.304705  
0  6.71883e-11  1.6  
0.259031  0.740969  3.55264e-09  
6.047e-18  8.83932e-08  2.20631  
0.758395  4.25512e-05  0.241562  
0.103616  0.862558  0.0338259  
0.171423  0.828577  2.38388e-07  
0.236679  0.431413  0.331908  
0.582307  0.308356  0.109336  
0.105313  0.561995  0.332692  
8.3119e-06  0.00237435  1.85682  
0.900672  1.39993e-15  0.0993275  
0  0  2.33968  
0.75905  0.172298  0.0686521  
0.173174  0.723402  0.103424  
0.585972  0.172553  0.241475  
0.0667304  0.600811  0.332458  
0.317819  0.663964  0.0182169  
0.433039  0  4.21742  
0  0  2.00006  
0.1033  0.620538  0.276162  
0.765905  0.100325  0.13377  
0.0404139  0.23914  2.59099  
0.069696  0.791195  0.139109  
0.102445  0.692243  0.205312  
0.263213  6.45827e-05  3.34688  
0.0319355  0.868523  0.0995418  
0.654257  0.032821  0.312922  
0.800378  0.166637  0.0329842  
0.0982879  0.772745  0.128967  
0.700206  0.0324906  0.267304  
0.000195379  0  1.99447  
0.894663  1.13356  1.52351  
0  0.729998  1.31503  
1.10436  0  0.901106  
2.0792  0.0900866  1.09025  
0.862498  0.103346  0.0341565  
0  0  2.04367  
0  0.117638  1.74699  
4.45155e-16  1.61959e-09  2.6139  
0.0440555  0.62307  0.332874  
0.129662  0.810158  1.83277  
4.24429e-05  0.372889  1.9172  
1.72839  0.597439  1.86771  
2.12937  0.00796555  2.34975  
2.22781e-07  0.64055  2.47407  
0  0  3.04281  
0.000762809  0.00318088  2.7251  
0.330294  0  4.11725  
0.155158  1.02936  3.10872  
0  0  3.87437  
0  0  3.12008  
0.0250502  0.148732  2.94381  
0  0  2.99816  
0.000145445  0.000606497  2.67922  
0  0  2.80864  
0.0401469  0.23756  2.57388  
1.01331e-19  4.33079e-20  2.66812  
0  1.06881  2.30291  
0.420296  0.0899482  2.20258  
0  0  2.46086  
0  0  2.24559  
0.093695  4.97061e-10  2.1982  
0  1.05795e-08  2.20001  
0  0  2.00006  
0  0  2  
8.6886e-29  3.68629e-18  2  
9.48712e-06  0.34828  1.79051  
0.472034  0.19523  0.332736  
0.196138  0.47053  0.333333  
0.517631  0.259794  0.222575  
0  0  1.92875  
0.386789  0.579727  0.0334844  
0.596618  0.0700725  0.333309  
0.0700722  0.596756  0.333172  
0.263765  0.515394  0.220841  
0.759175  4.25949e-05  0.240783  
7.41692e-06  0.625062  2.40658  
0.678643  0.142826  0.178531  
0.214394  0.751204  0.0344022  
0.512927  0.00775761  1.45316  
0.141915  0.68089  0.177195  
0.569236  0.39726  0.0335035  
0.103391  0.621231  0.275378  
0.863276  0.102568  0.0341565  
0.139124  0.860876  1.04679e-08  
0.245727  0.421226  0.333046  
0.42119  0.245628  0.333182  
0.607213  0.285631  0.107156  
0.0276625  0.03646  1.01154  
9.49284e-05  0.999836  6.92635e-05  
0.482816  0.517112  7.17906e-05  
0.62079  0.103493  0.275717  
0  0.116117  1.72457  
0  5.33269e-11  1.6  
0.102695  0.565181  0.332124  
0.725389  0.0685508  0.206061  
0.999873  9.14668e-05  3.58874e-05  
0.740686  0.25923  8.44747e-05  
0.172463  0.724177  0.103361  
3.12575e-11  0.750362  0.249638  
0.759001  0.172484  0.0685149  
0.817099  0.0341  0.148801  
0.10023  0.833942  0.0658277  
0.333343  0.333354  0.333303  
9.44122e-05  0.896605  0.1033  
0.416459  0.416681  0.16686  
0.666984  1.13981e-05  0.333005  
0.51837  0.148374  0.333256  
5.99126e-06  0.667201  0.332793  
0.0342447  0.817278  0.148478  
0.148432  0.518273  0.333295  
0.795989  0.101982  0.102029  
0.28413  0.608525  0.107346  
0.899899  8.21736e-05  0.100019  
0.387549  0.30148  0.310972  
0.299974  0.366971  0.333055  
0.321338  0.431952  0.24671  
0.48544  0.374787  0.139773  
0.0334555  0.633465  0.333079  
0.633567  0.0332841  0.333149  
0.359283  0.502318  0.138399  
0.564642  0.102645  0.332713  
0.066635  0.900093  0.0332721  
0.655202  0.310732  0.0340656  
0.20727  0.585454  0.207275  
0.311349  0.65894  0.0297105  
0.58247  0.171897  0.245633  
0.654756  0.207063  0.138181  
0.429396  0.320588  0.250016  
0.0691215  0.723846  0.207033  
0.0129881  5.95497e-06  1.92469  
0.933378  0.0334312  0.0331907  
0.0488514  0.368201  1.69114  
0.241064  0.483471  0.275465  
0  0  4.50177  
0.480081  0.241124  0.278795  
0.690432  0.0336979  0.27587  
0.535274  0.132103  0.332623  
1.13538  0.129109  1.54793  
0.0338437  0.690507  0.275649  
0.489786  0.177046  0.333168  
0.700575  4.02179e-05  0.299385  
0  0  1.80002  
0  0.708003  1.27541  
0.00992963  0.0747211  1.37983  
9.60871e-18  2.7448e-15  1.83661  
0.156151  0.54563  1.61258  
9.36343e-15  7.51022e-15  3.85868  
0  0  4.50079  
0.0298455  0  3.75351  
8.89756e-17  2.01374e-16  3.1194  
0.0249893  0.14837  2.92987  
0  0  2.99816  
0.0399722  0.236612  2.56347  
8.19328e-05  3.50172e-05  2.61226  
7.39721e-06  0.623401  2.40018  
0.000160401  1.06448  2.28333  
0  0  2.4517  
0.0493379  0.00199567  2.03232  
0  6.98656e-10  2.2  
0  0  2.24543  
3.54899e-17  1.47398e-25  2.08495  
3.7215e-05  2.26758e-07  2.00477  
2.7858e-06  1.16167e-05  2.69645  
0  0  2.00005  
8.6886e-29  3.68629e-18  2  
7.413e-06  0.347427  1.78612  
0.000272594  0.0261982  1.8968  
0.4741  0.197696  0.328203  
0.245674  0.421135  0.333191  
9.44001e-05  0.89649  0.103416  
0.758513  4.25578e-05  0.241444  
0.141692  0.681029  0.177279  
0  0  1.80002  
0.518165  0.259867  0.221968  
0.596447  0.0702444  0.333309  
0.103544  0.62099  0.275466  
0.678634  0.142824  0.178542  
0.174744  0.0373972  0.913979  
0.196138  0.47053  0.333333  
0  0.115832  1.72033  
0.421113  0.245583  0.333304  
0.569524  0.396972  0.0335035  
0.607213  0.285631  0.107156  
0.285642  0.607186  0.107172  
0.387865  0.301841  0.310295  
0.482816  0.517112  7.17906e-05  
0.0271392  0.0357702  0.992403  
0.385714  0.580038  0.0342479  
0.655076  0.206932  0.137992  
9.49284e-05  0.999836  6.92635e-05  
0.740686  0.25923  8.44747e-05  
0.817296  0.0341082  0.148596  
0.0701726  0.596568  0.333259  
0  5.33269e-11  1.6  
0.137943  0.861963  9.42118e-05  
0.333331  0.333341  0.333327  
5.98938e-06  0.666991  0.333003  
0.666633  5.14714e-05  0.333316  
0.999873  9.14668e-05  3.58874e-05  
0.478495  7.54763e-06  1.33969  
5.73799e-05  0.750222  0.249721  
0.0341344  0.817384  0.148482  
0.148232  0.518473  0.333295  
0.0684927  0.724872  0.206635  
0.214331  0.750102  0.0355666  
0.41653  0.416752  0.166718  
0  0  2  
0  0  1.82468  
0.862267  0.103475  0.0342578  
0.518355  0.148323  0.333322  
0.75872  0.172438  0.0688422  
0.899899  8.21736e-05  0.100019  
0.642874  0.357109  1.62583e-05  
0.486412  0.374666  0.138922  
0.3  0.366703  0.333297  
0.585756  0.17241  0.241834  
0.0333927  0.63331  0.333297  
0.357206  0.499978  0.142816  
0.147411  0.559076  1.52736  
0.10252  0.56422  0.33326  
0.564071  0.102607  0.333322  
0.102411  0.795177  0.102412  
0.633025  0.0336435  0.333331  
0.066635  0.900093  0.0332721  
0.321976  0.42932  0.248704  
0.310346  0.655359  0.0342944  
0.724272  0.0688505  0.206877  
0.20727  0.585454  0.207275  
0.428572  0.321412  0.250016  
0.241556  0.655801  0.102643  
0.0481065  0.362674  1.66331  
0.62063  0.103467  0.275903  
0.933433  0.0332782  0.033289  
0.259651  0.518131  0.222218  
0.795901  0.10207  0.102029  
0.135059  0.540653  0.324288  
0.482792  0.241353  0.275855  
0.275601  0.552382  0.172016  
0.533657  0.133367  0.332976  
0.689711  0.0344178  0.275871  
0.500898  0.166926  0.332176  
0.866222  5.84048e-05  0.13372  
0.034391  0.689638  0.275972  
0.557933  0.136032  0.306035  
0  0.701468  1.26363  
0.0098086  0.0738103  1.36301  
0  0  4.4692  
0  0  3.85867  
0.0141405  0  3.62133  
0  0  3.0945  
0.0249827  0.148332  2.9291  
0  0  2.99631  
0  0  2.64799  
0.039983  0.236499  2.56252  
1.0585e-17  4.5239e-18  2.60476  
7.39721e-06  0.623401  2.40018  
0.000222092  1.0595  2.27277  
0  0  2.44501  
0  0  2.24543  
0  2.6122e-13  2.2  
0  0  2.00005  
0  0  2  
0  0  2  
0  0  1.92629  
1.3672e-09  7.9398e-12  1.92255  
3.4093e-07  0.347088  1.78434  
0.0442891  0.00179145  1.80975  
0.533581  0.133258  0.333161  
0.260486  0.517676  0.221837  
0.413951  0.551921  0.0341278  
0.769118  4.31528e-05  0.230839  
0.142686  0.678769  0.178545  
0.59604  0.0706285  0.333331  
0.103447  0.620652  0.275901  
0.621189  0.0689137  0.309897  
0.42861  0.238086  0.333304  
0.24204  0.435834  0.322126  
0.617352  0.14247  0.240178  
0.862267  0.103475  0.0342578  
0.143282  0.856624  9.42118e-05  
0.66662  0.333373  6.39376e-06  
0.0268813  0.0354303  0.982973  
9.49259e-05  0.99981  9.512e-05  
0.333331  0.333341  0.333327  
0.547014  0.307706  0.14528  
0.516968  0.48296  7.17906e-05  
0.999873  9.14668e-05  3.58874e-05  
0.666633  5.14714e-05  0.333316  
5.55024e-05  0.666653  0.333292  
0.468582  3.62399e-05  1.31201  
0.344726  0.620979  0.034295  
9.44001e-05  0.89649  0.103416  
0.162265  0.0347601  0.848855  
0.750196  0.21411  0.0356937  
0.0701723  0.596565  0.333263  
0.000271786  0.0261205  1.91029  
0  5.29631e-11  1.6  
0.5498  0.117492  0.332708  
0.248951  0.715482  0.0355666  
0.678479  0.178621  0.142899  
0.321942  0.570693  0.107365  
0.899899  8.21736e-05  0.100019  
0.502281  0.18101  0.316708  
0.148216  0.518488  0.333295  
0.0341285  0.817244  0.148628  
0.281073  0.38713  0.331797  
0.817296  0.0341082  0.148596  
0.416626  0.416706  0.166668  
5.73676e-05  0.750061  0.249882  
0.526121  0.406059  0.0678192  
0.387318  0.280471  0.332211  
0.467481  0.283894  0.248625  
0.196087  0.47058  0.333333  
0.137981  0.758735  0.103284  
0.724199  0.0689241  0.206877  
0.0332944  0.633409  0.333297  
0.102545  0.564194  0.33326  
0.379431  0.482337  0.138232  
0.208857  0.65198  0.139163  
0.621205  0.275673  0.103122  
0.066635  0.900093  0.0332721  
0.537722  0.248921  0.213358  
0.310665  0.447686  0.241649  
0.633266  0.0339085  0.332825  
0.795914  0.102057  0.102029  
0.470427  0.19625  0.333323  
0.172623  0.586377  0.241  
0.06893  0.7243  0.20677  
0.933433  0.0332782  0.033289  
0.344274  0.380001  0.275724  
0.276086  0.551455  0.172459  
0  0  1.82468  
0.57165  0.0950285  0.333322  
0.689727  0.241429  0.0688443  
0.00884988  0.0609887  1.37701  
0.55145  0.172373  0.276177  
0.630762  0.201752  0.167486  
0.135126  0.540586  0.324288  
0.866393  5.84163e-05  0.133548  
0.0343965  0.689749  0.275854  
0.500203  0.166787  0.33301  
0  0.701284  1.2633  
0  0  1.80002  
0.1471  0.557675  1.52353  
5.03214e-07  0.115664  1.71709  
0.0472194  0.356387  1.63427  
0.0666215  0.833439  0.0999392  
0.93327  0.0666941  3.58874e-05  
0.933425  0.0332779  0.0332974  
0.102403  0.564478  0.333119  
0.401101  0.26566  0.333239  
0.241043  0.551488  0.207469  
0.265533  0.401536  0.332932  
0.655462  0.103249  0.241289  
0.308178  0.597396  0.0944263  
0.599307  0.400681  1.18598e-05  
0.500154  0.166771  0.333075  
0.58636  0.344613  0.0690275  
0.0331388  0.966766  9.512e-05  
0.765358  0.167585  0.0670572  
0.692206  0.136803  0.17099  
0.563693  0.202597  0.23371  
0.452676  0.273685  0.273639  
0.866611  5.8431e-05  0.133331  
0.678479  0.178621  0.142899  
0.168973  0.498016  0.333011  
0.0677563  0.6094  0.322843  
0.899899  8.21736e-05  0.100019  
0.533137  0.133541  0.333322  
0.596435  0.0702338  0.333331  
0.756824  4.2463e-05  0.243134  
0.431698  0.568231  7.17906e-05  
5.80245e-05  0.75865  0.241292  
0.560603  0.298532  0.140865  
0.862146  0.137842  1.18598e-05  
0.0888859  0.577782  0.333333  
0.172807  0.552354  0.274838  
0.14311  0.679042  0.177848  
0.444276  0.222466  0.333257  
0.0340707  0.817301  0.148628  
0.13831  0.861636  5.35688e-05  
0.799847  0.200142  1.18598e-05  
0.355497  0.311264  0.333239  
0.42861  0.238086  0.333304  
0.622607  0.143683  0.23371  
0.195986  0.470909  0.333105  
0.233457  0.433532  0.333011  
0.335572  0.594575  0.0698523  
0.161933  0.0346889  0.847116  
0.591703  0.238083  0.170214  
0.666633  5.14714e-05  0.333316  
0.333331  0.333341  0.333327  
0.750036  0.214271  0.0356937  
9.49259e-05  0.99981  9.512e-05  
0.999873  9.14668e-05  3.58874e-05  
5.55024e-05  0.666653  0.333292  
0.437735  0.31752  0.244745  
0.315642  0.470137  0.214221  
0.0265651  0.0350136  0.971368  
0.259366  0.740582  5.208e-05  
4.08553e-10  2.37261e-12  1.07293  
0.502183  0.180992  0.316825  
0.188287  0.527768  0.283945  
0.817296  0.0341082  0.148596  
0.102865  0.7935  0.103635  
0.449336  0.383068  0.167596  
0.0334234  0.63328  0.333297  
0.280788  0.386281  0.332932  
9.47692e-05  0.899995  0.09991  
0.21956  0.642424  0.138016  
0.573266  0.393627  0.0331071  
0.344084  0.517175  0.13874  
0.413725  0.448814  0.137461  
0.385931  0.280742  0.333327  
0.633725  0.0332614  0.333014  
0.172381  0.760622  0.0669976  
0.517138  0.48279  7.17906e-05  
0.133354  0.533318  0.333327  
0.530672  0.255468  0.21386  
0.250044  0.572083  0.177873  
0.724199  0.0689241  0.206877  
0.446193  0.486089  0.0677179  
0.066635  0.900093  0.0332721  
0.899859  0.0668434  0.0332974  
4.49221e-05  0.865195  0.134761  
0.37979  0.343858  0.276352  
0.793769  0.102819  0.103412  
0.344861  0.655067  7.17906e-05  
0.0689135  0.724126  0.206961  
0.0344472  0.689893  0.27566  
0.620755  0.275769  0.103475  
0.470477  0.1962  0.333323  
0.478698  0.418969  0.102333  
0.137792  0.62068  0.241528  
0.724077  0.275917  5.67561e-06  
0.241313  0.689637  0.0690508  
0.571397  0.0952807  0.333322  
0.344955  0.413581  0.241464  
0.689738  0.241412  0.0688502  
0.551468  0.172378  0.276153  
0.688664  0.0344728  0.276863  
0.202051  0.797905  4.43149e-05  
0.319507  0.361175  0.319319  
0.66668  0.333308  1.18598e-05  
0.276764  0.450021  0.273215  
0.510112  0.358302  0.131586  
0.445154  0.221542  0.333304  
0.517652  0.344618  0.13773  
0.275926  0.448364  0.27571  
0.167901  0.498772  0.333327  
0.344991  0.51737  0.137639  
0.799965  4.48836e-05  0.19999  
0.598498  0.234216  0.167286  
0.237113  0.42956  0.333327  
0.500071  0.166606  0.333323  
0.44848  0.482801  0.0687191  
0.620874  0.103463  0.275663  
0.0331495  0.966755  9.512e-05  
0.586234  0.34479  0.0689764  
0.551728  0.172436  0.275836  
9.91461e-05  0.866325  0.133576  
0.137753  0.586317  0.275929  
0.0344423  0.689796  0.275762  
0.689738  0.241412  0.0688502  
0.320901  0.464825  0.214274  
0.896741  0.10325  9.50622e-06  
0.596435  0.0702338  0.333331  
0.137827  0.86212  5.35688e-05  
0.758475  4.25557e-05  0.241482  
0.143818  0.676328  0.179855  
0.586126  0.413802  7.17906e-05  
0.42861  0.238086  0.333304  
0.0265651  0.0350136  0.971368  
0.622681  0.1437  0.233619  
9.19553e-05  0.758616  0.241292  
0.0888873  0.57778  0.333333  
0.72429  0.103297  0.172412  
0.666675  0.333306  1.89105e-05  
0.166605  0.700061  0.133334  
0.344661  0.586413  0.0689256  
0.274493  0.392179  0.333328  
0.666633  5.14714e-05  0.333316  
0.560733  0.299037  0.14023  
0.259249  0.740699  5.208e-05  
9.08704e-11  5.27715e-13  1.02835  
0.899899  8.21736e-05  0.100019  
9.49259e-05  0.99981  9.512e-05  
0.517136  0.482789  7.5349e-05  
9.47233e-05  0.89956  0.100345  
5.55024e-05  0.666653  0.333292  
0.333331  0.333341  0.333327  
0.222111  0.444561  0.333327  
0.999873  9.14668e-05  3.58874e-05  
0.450021  0.380782  0.169197  
0.689677  0.0344391  0.275884  
0.148628  0.518044  0.333327  
0.161008  0.0344909  0.842281  
0.793767  0.103118  0.103115  
0.750036  0.214271  0.0356937  
0.533353  0.133325  0.333322  
0.682267  0.176698  0.141035  
0.502183  0.180992  0.316825  
0.425016  0.541074  0.0339103  
0.413783  0.27585  0.310368  
0.182024  0.545275  0.272701  
0.24166  0.725833  0.0325076  
0.241401  0.517174  0.241424  
0.0340707  0.817301  0.148628  
0.817296  0.0341082  0.148596  
0.0333563  0.633347  0.333297  
0.333358  0.66657  7.17906e-05  
0.537956  0.394834  0.0672098  
0.275882  0.655257  0.0688609  
0.17242  0.758855  0.0687255  
0.384652  0.416534  0.198814  
0.385977  0.280695  0.333327  
0.250061  0.607395  0.142544  
0.355381  0.311292  0.333327  
0.066635  0.900093  0.0332721  
0.933523  0.0330942  0.0333824  
0.633329  0.0333542  0.333317  
0.392836  0.357159  0.250004  
0.199984  0.799972  4.43149e-05  
0.0689583  0.724169  0.206873  
0.620623  0.275902  0.103475  
0.500133  0.24997  0.249897  
0.191345  0.475328  0.333327  
0.586179  0.206931  0.20689  
0.276062  0.55158  0.172358  
0.309777  0.414513  0.27571  
0.470593  0.196085  0.333323  
0.102465  0.795074  0.10246  
0.103432  0.654949  0.241619  
0.866868  0.0665521  0.0665798  
0.413874  0.448178  0.137948  
0.0667322  0.599935  0.333333  
0.827816  0.172173  1.08372e-05  
0.125024  0.541644  0.333333  
0.390027  0.508305  0.101667  
0.206899  0.586307  0.206794  
0.724015  0.275894  9.13895e-05  
0.571397  0.0952807  0.333322  
0.482295  0.310387  0.207319  
0.414044  0.585885  7.17906e-05  
0.311265  0.355407  0.333327  
0.482796  0.41379  0.103413  
0.444284  0.222412  0.333304  
0.699958  5.70495e-05  0.299984  
0.379348  0.413778  0.206873  
0.799964  4.48835e-05  0.199992  
0.166632  0.500041  0.333327  
0.620772  0.310356  0.0688717  
0.238115  0.428557  0.333327  
0.499947  0.166731  0.333323  
0.44848  0.482801  0.0687191  
0.241264  0.724355  0.0343807  
0.0332988  0.966606  9.512e-05  
0.0334661  0.698664  0.26787  
0.551783  0.172382  0.275836  
0.551749  0.275886  0.172365  
4.82749e-05  0.866651  0.1333  
0.241405  0.517183  0.241412  
0.413783  0.27585  0.310368  
0.344883  0.517208  0.13791  
0.344816  0.379451  0.275733  
0.689109  0.172633  0.138259  
0.148341  0.518327  0.333333  
0.0888873  0.57778  0.333333  
0.425016  0.541074  0.0339103  
9.19486e-05  0.758562  0.241346  
0.333305  0.666623  7.17906e-05  
0.142765  0.678146  0.179089  
0.137888  0.862058  5.35688e-05  
0.42861  0.238086  0.333304  
0.622681  0.1437  0.233619  
0.202547  0.662538  0.134916  
0.0263983  0.0347938  0.965269  
0.274493  0.392179  0.333328  
0.48279  0.310293  0.206917  
0.34466  0.586411  0.0689283  
0.999839  9.14637e-05  6.92864e-05  
0.666633  5.14714e-05  0.333316  
0.311027  0.355645  0.333328  
0.896608  0.103329  6.32973e-05  
0.259249  0.740699  5.208e-05  
7.56544e-05  0.666633  0.333292  
0.517136  0.482789  7.5349e-05  
9.49259e-05  0.99981  9.512e-05  
0.666675  0.333306  1.89105e-05  
0.560733  0.299038  0.140229  
0.333331  0.333341  0.333327  
0.596435  0.0702338  0.333331  
0.633367  0.0333161  0.333317  
0.450021  0.380782  0.169197  
0.355576  0.311097  0.333327  
9.47265e-05  0.89959  0.100315  
0.533342  0.133336  0.333322  
0.0340707  0.817301  0.148628  
0.250025  0.607309  0.142666  
0.135009  0.730075  0.134916  
0.159763  0.0342241  0.835766  
0.750036  0.214271  0.0356937  
0.502183  0.180992  0.316825  
0.817296  0.0341082  0.148596  
0.275882  0.655257  0.0688609  
0.321402  0.464324  0.214274  
0.500133  0.24997  0.249897  
0.598169  0.100436  0.301395  
0.586133  0.413795  7.17906e-05  
0.222354  0.444319  0.333327  
0.793767  0.103118  0.103115  
0.538074  0.394716  0.0672098  
0.758557  4.25603e-05  0.241401  
0.172378  0.758672  0.0689494  
0.655108  0.241441  0.103451  
0.899899  8.21736e-05  0.100019  
0.385977  0.280695  0.333327  
0.827557  0.172351  9.2416e-05  
0.724274  0.103295  0.172431  
0.413874  0.448178  0.137948  
0.066635  0.900093  0.0332721  
0.181838  0.545461  0.272701  
0.392844  0.357166  0.249991  
0.190411  0.476262  0.333327  
0.0689583  0.724169  0.206873  
0.724108  0.275801  9.13895e-05  
0.866862  0.0665584  0.0665798  
0.586234  0.206876  0.20689  
0.275992  0.55165  0.172358  
0.470593  0.196085  0.333323  
0.172374  0.586201  0.241425  
0.102465  0.795074  0.10246  
0  0  1.02835  
0.608397  0.357825  0.0337777  
0.655233  0.0688822  0.275884  
0.0677777  0.60939  0.322832  
0.0999976  0.633202  0.2668  
0.275848  0.448236  0.275916  
0.125024  0.541644  0.333333  
0.0333381  0.633365  0.333297  
0.389989  0.508344  0.101667  
0.571397  0.0952807  0.333322  
0.413862  0.586066  7.17906e-05  
0.199976  0.799943  8.11609e-05  
0.933576  0.0331854  0.0332382  
0.482775  0.413772  0.103454  
0.199856  0.499552  0.300592  
0.598169  0.100436  0.301395  
0.134784  0.730427  0.134788  
0.444465  0.222227  0.333308  
0.699952  6.31821e-05  0.299984  
0.379348  0.413778  0.206873  
0.799964  4.48835e-05  0.199992  
0.620788  0.310328  0.068884  
0.448409  0.482792  0.0687991  
0.499967  0.16671  0.333323  
0.241411  0.724209  0.0343807  
0.0332988  0.966606  9.512e-05  
0.0334703  0.698752  0.267778  
0.551783  0.172382  0.275836  
0.551749  0.275886  0.172365  
9.75184e-05  0.866602  0.1333  
0.413795  0.275858  0.310348  
0.344836  0.517254  0.13791  
0.344916  0.379351  0.275733  
0.482776  0.413773  0.103451  
0.274493  0.392179  0.333328  
0.0263555  0.0347373  0.963703  
9.26211e-05  0.758561  0.241346  
0.86682  0.0665998  0.0665798  
0.321402  0.464324  0.214274  
0.249976  0.607191  0.142833  
0.560733  0.299038  0.140229  
0.137888  0.862058  5.35688e-05  
0.428607  0.238085  0.333308  
0.425076  0.54107  0.0338535  
0.622752  0.143729  0.233519  
0.633338  0.0333453  0.333317  
0.166654  0.500019  0.333327  
9.47516e-05  0.899828  0.100077  
0.0888873  0.57778  0.333333  
0.538073  0.394715  0.0672114  
0  0  1.0232  
0.5165  0.483407  9.2574e-05  
0.533342  0.133336  0.333322  
0.238115  0.428557  0.333327  
0.758526  9.52873e-05  0.241379  
0.275851  0.448242  0.275907  
0.333331  0.333341  0.333327  
0.596439  0.0702296  0.333331  
0.34466  0.586411  0.0689283  
0.999839  9.14637e-05  6.92864e-05  
0.181837  0.545462  0.272701  
7.56509e-05  0.666601  0.333323  
0.450021  0.380782  0.169197  
0.666675  0.333306  1.89105e-05  
0.724108  0.275801  9.13895e-05  
0.142806  0.678342  0.178853  
0.159207  0.034105  0.832857  
9.49259e-05  0.99981  9.512e-05  
0.817304  0.0341003  0.148596  
0.89649  0.103447  6.32973e-05  
0.502183  0.180992  0.316825  
0.25951  0.740409  8.11609e-05  
0.0340707  0.817301  0.148628  
0.222259  0.444414  0.333327  
0.750036  0.214271  0.0356937  
0.0333381  0.633365  0.333297  
0.199976  0.799943  8.11609e-05  
0.172378  0.758672  0.0689494  
0.241372  0.517216  0.241412  
0.190502  0.476171  0.333327  
0.899894  8.6742e-05  0.100019  
0.385977  0.280695  0.333327  
0.3333  0.666613  8.73037e-05  
0.827557  0.172351  9.2416e-05  
0.500016  0.249953  0.250031  
0.724073  0.103495  0.172431  
0.130932  0.535735  0.333333  
0.392844  0.357166  0.249991  
0.413789  0.448264  0.137948  
0.0666771  0.900051  0.0332721  
0.655161  0.241388  0.103451  
0.102465  0.795074  0.10246  
0.0689583  0.724169  0.206873  
0.586234  0.206876  0.20689  
0.793767  0.103118  0.103115  
0.275933  0.5516  0.172467  
0.608276  0.357947  0.0337777  
0.470593  0.196085  0.333323  
0.655205  0.0689102  0.275884  
0.0677493  0.60946  0.322791  
0.275882  0.655257  0.0688609  
0.389989  0.508344  0.101667  
0.571427  0.095251  0.333322  
0.48279  0.310293  0.206917  
0.413862  0.586066  7.17906e-05  
0.311087  0.355585  0.333328  
0.103373  0.62059  0.276037  
0.688911  0.17283  0.138259  
0.355576  0.311097  0.333327  
0.172374  0.586201  0.241425  
0.933539  0.033184  0.0332773  
0.666597  8.70781e-05  0.333316  
0.206661  0.655351  0.137988  
0.586121  0.413786  9.2574e-05  
0.599916  0.0999999  0.300084  
0.134784  0.730427  0.134788  
0.699956  6.31824e-05  0.299981  
0.102573  0.564094  0.333333  
0.379348  0.413778  0.206873  
0.344836  0.517254  0.13791  
0.799964  4.48835e-05  0.199992  
0.620738  0.310304  0.0689577  
0.238081  0.428592  0.333327  
0.448406  0.482789  0.0688046  
0.500005  0.166673  0.333323  
0.0332988  0.966606  9.512e-05  
0.0334703  0.698752  0.267778  
0.551783  0.172382  0.275836  
0.517527  0.344717  0.137756  
9.75184e-05  0.866602  0.1333  
0.241372  0.517216  0.241412  
0.413795  0.275858  0.310348  
0.344916  0.379351  0.275734  
0.482776  0.413773  0.103451  
9.47537e-05  0.899849  0.100057  
0.222218  0.444454  0.333327  
0.274543  0.392129  0.333328  
0.3333  0.666613  8.73037e-05  
9.26211e-05  0.758561  0.241346  
0.275855  0.655194  0.0689506  
0.321402  0.464324  0.214274  
0.571427  0.285725  0.142848  
0.817304  0.0341003  0.148596  
0.596439  0.0702296  0.333331  
0.385977  0.280695  0.333327  
0.142827  0.67844  0.178734  
0.622719  0.143763  0.233519  
0.655161  0.241388  0.103451  
0.0888873  0.57778  0.333333  
0.0263036  0.034669  0.961806  
0.241391  0.724149  0.0344598  
0.428584  0.238108  0.333308  
0.0677493  0.60946  0.322791  
0.666672  0.333309  1.89105e-05  
0.0689578  0.724163  0.206879  
0.666597  8.70781e-05  0.333316  
0.137888  0.862058  5.35688e-05  
0.750036  0.214271  0.0356937  
0.0340722  0.817339  0.148589  
0.425113  0.541118  0.0337691  
0.500016  0.249953  0.250031  
0  0  1.0232  
0.999839  9.14637e-05  6.92864e-05  
0.333339  0.333332  0.333329  
0.389989  0.508344  0.101667  
0.259251  0.74065  9.88844e-05  
9.49259e-05  0.99981  9.512e-05  
0.34466  0.586411  0.0689283  
7.56509e-05  0.666601  0.333323  
0.533342  0.133336  0.333322  
0.102465  0.795074  0.10246  
0.181837  0.545462  0.272701  
0.166688  0.499985  0.333327  
0.517223  0.482684  9.2574e-05  
0.450021  0.380782  0.169197  
0.633338  0.0333453  0.333317  
0.502231  0.181009  0.31676  
0.586234  0.206876  0.20689  
0.0333381  0.633365  0.333297  
0.758526  9.52873e-05  0.241379  
0.538129  0.394633  0.067238  
0.249976  0.607191  0.142833  
0.172378  0.758672  0.0689494  
0.899894  8.6742e-05  0.100019  
0.827557  0.172351  9.2416e-05  
0.413862  0.586066  7.17906e-05  
0.724123  0.103445  0.172431  
0.133319  0.533348  0.333333  
0.89649  0.103447  6.32973e-05  
0.413789  0.448264  0.137948  
0.199976  0.799943  8.11609e-05  
0.0666758  0.900033  0.0332909  
0.44446  0.222232  0.333308  
0.392869  0.35714  0.249991  
0.793767  0.103118  0.103115  
0.482785  0.310298  0.206917  
0.275933  0.5516  0.172467  
0.470593  0.196085  0.333323  
0.172374  0.586201  0.241425  
0.608276  0.357947  0.0337777  
0.655231  0.0689129  0.275856  
0.86682  0.0665998  0.0665798  
0.275851  0.448242  0.275907  
0.571438  0.0952399  0.333322  
0.724108  0.275801  9.13895e-05  
0.311087  0.355585  0.333328  
0.103399  0.620742  0.275859  
0.159207  0.034105  0.832857  
0.195958  0.470715  0.333327  
0.35549  0.311183  0.333327  
0.688911  0.17283  0.138259  
0.933425  0.0332887  0.033286  
0.206661  0.655351  0.137988  
0.586121  0.413786  9.2574e-05  
0.138001  0.655517  0.206482  
0.658552  0.136308  0.20514  
0.102565  0.564102  0.333333  
0.241391  0.724149  0.0344598  
0.344836  0.517254  0.13791  
0.799915  9.31127e-05  0.199992  
0.238081  0.428592  0.333327  
0.448292  0.482903  0.0688046  
0.500005  0.166673  0.333323  
0.0332988  0.966606  9.512e-05  
0.0334703  0.698752  0.267778  
0.551783  0.172382  0.275836  
0.5172  0.344893  0.137906  
9.75184e-05  0.866602  0.1333  
0.241372  0.517216  0.241412  
0.413795  0.275858  0.310348  
0.344916  0.379351  0.275734  
0.482776  0.413773  0.103451  
0.159207  0.034105  0.832857  
9.47583e-05  0.899892  0.100013  
0.274542  0.39213  0.333328  
0.827495  0.172413  9.2416e-05  
0.32143  0.464296  0.214274  
0.750036  0.214271  0.0356937  
0.89649  0.103447  6.32973e-05  
0.333339  0.333332  0.333329  
0.172411  0.75864  0.0689494  
0.428584  0.238108  0.333308  
0.688911  0.17283  0.138259  
0.622719  0.143763  0.233519  
0.137937  0.862009  5.35688e-05  
0.666657  0.333301  4.17616e-05  
0.758526  9.52873e-05  0.241379  
0.538129  0.394633  0.067238  
0.517164  0.482744  9.2574e-05  
0.275865  0.655184  0.0689506  
0.142827  0.67844  0.178734  
0  0  1.02132  
0.586121  0.413786  9.2574e-05  
9.49259e-05  0.99981  9.512e-05  
0.596439  0.0702296  0.333331  
0.133319  0.533348  0.333333  
9.26211e-05  0.758561  0.241346  
0.999839  9.14637e-05  6.92864e-05  
0.0889022  0.577765  0.333333  
0.181837  0.545462  0.272701  
0.344635  0.586368  0.0689977  
0.502231  0.181009  0.31676  
0.259251  0.74065  9.88844e-05  
0.450021  0.380782  0.169197  
0.533342  0.133336  0.333322  
0.425171  0.541033  0.0337967  
7.56509e-05  0.666601  0.333323  
0.196063  0.47061  0.333327  
0.0340558  0.817328  0.148616  
0.817361  0.0340439  0.148596  
0.102465  0.795074  0.10246  
0.699926  9.26485e-05  0.299981  
0.0263036  0.034669  0.961806  
0.222218  0.444454  0.333327  
0.0333366  0.633336  0.333328  
0.249987  0.60718  0.142833  
0.899894  8.6742e-05  0.100019  
0.385977  0.280695  0.333327  
0.620738  0.310304  0.0689577  
0.3333  0.666613  8.73037e-05  
0.500016  0.249953  0.250031  
0.93341  0.0333037  0.033286  
0.724151  0.103449  0.1724  
0.4138  0.448276  0.137924  
0.666597  8.70781e-05  0.333316  
0.0666758  0.900033  0.0332909  
0.633347  0.0333361  0.333317  
0.392869  0.35714  0.249991  
0.44446  0.222232  0.333308  
0.0689554  0.724138  0.206906  
0.379314  0.413791  0.206895  
0.655161  0.241388  0.103451  
0.793767  0.103118  0.103115  
0.389989  0.508344  0.101667  
0.470593  0.196085  0.333323  
0.586234  0.206876  0.20689  
0.172415  0.586206  0.24138  
0.724108  0.275801  9.13895e-05  
0.608353  0.35787  0.0337777  
0.655231  0.0689129  0.275856  
0.0677493  0.60946  0.322791  
0.571427  0.285725  0.142848  
0.866629  0.0666712  0.0666994  
0.482785  0.310298  0.206917  
0.275872  0.448276  0.275852  
0.571438  0.0952399  0.333322  
0.413836  0.586092  7.17906e-05  
0.103449  0.620692  0.275859  
0.311087  0.355585  0.333328  
0.166675  0.499998  0.333327  
0.199976  0.799943  8.11609e-05  
0.275954  0.551641  0.172405  
0.205054  0.692485  0.10246  
0.35549  0.311183  0.333327  
