0.763976  1.17733  6.47936  
1.10102  0.700766  4.46114  
0.672293  0.644174  5.39778  
0.584886  0.596186  5.32227  
0.66603  0.712546  5.89638  
0.699406  0.860603  6.30217  
0.551585  0.871863  4.90741  
0.599448  0.731351  6.0417  
0.551075  2.24847  3.09267  
0.622404  0.821822  6.55961  
0.624017  0.879804  4.14651  
0.625682  0.637866  5.8296  
0.856563  0.748838  6.31049  
0.998135  1.00441  3.36271  
1.02595  0.669473  6.59041  
0.72106  0.900927  4.82891  
0.671379  0.698337  6.65572  
0.589418  0.743265  6.15939  
0.768738  1.00166  3.52574  
0.476972  0.609343  5.30162  
0.477236  0.79578  5.45965  
0.756194  0.769407  6.54071  
0.72732  2.51449  2.70596  
0.592471  0.930886  5.80319  
0.560985  1.38871  5.87574  
1.36388  0.652368  1.68097  
0.582689  0.859832  5.9619  
0.722174  0.711747  4.63364  
0.820875  1.27156  5.08731  
0.609973  0.925081  4.37187  
0.54644  1.04543  6.3435  
0.544642  0.931652  5.42795  
0.479262  0.880599  4.18868  
1.47394  0.834642  5.99641  
0.639766  0.698126  6.504  
0.814806  0.756112  4.40272  
0.743058  1.5241  3.32197  
0.596296  1.96525  3.2904  
0.482531  0.854382  4.1429  
0.540608  0.70097  5.01451  
0.626954  1.22355  6.19132  
1.12398  1.32984  6.33032  
0.550346  0.610099  5.30007  
0.817305  0.572632  5.87312  
0.856073  0.809295  5.09727  
0.91724  0.677089  5.28562  
1.24982  0.903031  5.48708  
0.691399  0.645516  5.89702  
0.740383  0.751045  5.10734  
1.45004  0.93204  4.71769  
0.610795  1.14751  6.50614  
1.63836  0.546349  1.74769  
0.737374  2.16753  6.08346  
0.658997  1.54274  3.36503  
0.79972  0.556113  5.33934  
0.645694  0.654333  5.38094  
1.19027  0.728098  3.0554  
0.752067  1.03473  6.47097  
0.893723  0.824274  4.62731  
0.765515  1.05343  4.4102  
0.614926  0.635626  5.46265  
1.4046  0.619595  1.73496  
0.742026  1.31215  6.66093  
0.526483  0.541787  6.2704  
0.831348  0.748394  6.3267  
0.529693  0.566231  5.73554  
0.616788  1.60295  6.46029  
0.506246  1.45513  4.5963  
0.681141  0.608838  5.64499  
0.909432  0.733349  6.42918  
0.705961  1.06124  3.61215  
0.986081  0.64133  3.0962  
0.931674  0.547139  6.32016  
0.642628  0.616583  6.53058  
1.54253  0.980977  6.53927  
1.0229  1.04028  6.18938  
0.915939  0.703139  4.92568  
0.776154  1.39773  4.07319  
0.53277  0.61399  6.3034  
0.68738  1.19687  4.34079  
0.541568  0.660956  5.34701  
0.495046  0.507293  6.47568  
0.882276  0.769797  6.59513  
0.553616  1.43914  6.53778  
0.539932  0.647645  5.36335  
1.38637  0.968035  6.40463  
0.612646  0.502856  6.21749  
0.71391  2.25679  5.58541  
0.65269  1.95472  6.31187  
0.706028  0.730021  5.62714  
0.706727  0.829551  5.83146  
0.692905  1.39208  5.88953  
0.566468  0.651474  6.30415  
0.928439  1.34351  4.25602  
1.10815  0.802235  3.94341  
0.764265  0.812552  2.97838  
1.178  0.689183  4.17498  
0.635654  2.53239  3.76226  
0.828799  2.55376  6.35994  
0.816048  1.03109  2.95551  
0.441285  0.480037  5.43694  
0.57265  0.492874  5.36687  
0.570185  0.58064  5.3074  
0.769287  1.13674  3.26165  
0.440331  0.581343  5.28528  
0.823372  0.447945  4.83125  
0.445163  1.74311  2.83832  
0.380901  0.385066  6.33067  
1.04119  0.501658  2.83325  
0.47007  1.06358  4.0489  
0.51339  1.43902  3.00918  
1.15375  1.00173  1.75345  
1.00426  1.79972  1.19941  
0.702469  0.413917  4.07633  
0.530407  1.35436  3.18046  
0.440051  0.382857  5.28108  
0.559599  1.13912  2.80442  
0.911069  0.531859  2.86435  
0.742189  1.9936  0.372474  
0.690563  0.656373  2.73474  
0.574755  1.97309  1.62254  
0.500924  2.12293  1.92541  
0.571135  2.41216  1.69536  
0.466646  0.398443  5.17129  
0.60881  2.37254  0.409153  
1.12437  1.24443  0.376159  
0.597731  0.688128  2.95827  
1.02539  0.382089  2.7506  
1.0277  0.765755  1.73587  
0.374303  0.651048  4.06293  
1.3607  0.459808  1.54689  
0.416051  1.57361  3.5683  
1.17244  0.88323  1.69466  
0.921288  1.59353  0.545364  
1.19974  1.26251  0.631466  
0.761404  1.16119  1.74535  
1.473  0.417784  1.59339  
0.661203  2.09552  0.389309  
0.459265  0.99033  2.72299  
0.943785  1.08633  1.66565  
0.337388  0.26725  5.03004  
0.369878  3.10764  0.281778  
2.20506  0.368252  0.356773  
0.364117  1.25872  2.68077  
0.830692  1.6573  2.33843  
2.16806  0.461701  0.428713  
0.313063  0.314079  6.17257  
0.225657  0.951538  3.84139  
1.02654  1.29117  0.339021  
1.20908  0.576216  0.128878  
0.236989  0.23699  6.23209  
2.02221  0.599415  0.702345  
0.709415  0.561219  2.74435  
1.46491  0.540903  1.6387  
0.765637  1.73255  0.299624  
0.432601  1.48191  2.77402  
0.864151  0.326639  2.66882  
0.829468  0.483601  2.96447  
0.530604  2.49497  0.321671  
0.419867  3.44798  0.41421  
0.499462  0.333776  3.86222  
0.791895  0.479681  3.34609  
0.985141  0.82693  1.57061  
1.69896  0.355812  1.54699  
1.88546  0.447864  0.430408  
0.526737  0.552986  3.97435  
0.869338  0.978312  1.56332  
0.589991  1.38578  1.51266  
1.2456  1.2009  0.507044  
0.5299  0.810577  2.69744  
0.3793  4.1435  0.379946  
0.365937  2.35582  1.52091  
0.647277  2.59811  0.4713  
0.830431  0.688214  2.84837  
0.647712  0.617998  3.37398  
0.844493  1.26135  1.63498  
0.974372  1.63601  0.417376  
1.45487  0.447534  2.01748  
0.836808  1.80315  0.371319  
0.649065  0.326785  3.95713  
0.814813  1.23906  1.65352  
0.575001  0.803188  3.64759  
0.601442  0.75081  2.76939  
0.445418  0.486423  4.20783  
0.309981  0.272126  5.86585  
0.449125  1.00644  3.19345  
0.706531  2.03518  1.24982  
0.431882  0.809984  4.58411  
0.330549  0.467248  5.09531  
0.66752  0.679114  2.87085  
0.436048  0.639443  3.94132  
1.10819  0.315578  2.76969  
0.636259  0.717323  2.72426  
0.396837  0.371506  5.8321  
1.63207  0.678537  0.393496  
0.648299  0.902006  2.79977  
1.47926  0.82336  0.430007  
0.40351  1.79448  2.78748  
0.730868  0.382105  3.96328  
0.826915  1.62637  1.73751  
0.456294  0.734755  4.26609  
0.51855  3.05972  0.442408  
1.10696  0.353002  2.79965  
0.47801  0.488425  5.21706  
1.73414  0.559838  0.390417  
0.289097  0.324508  5.02978  
1.52407  0.815034  0.457809  
0.911569  0.45213  2.75306  
0.699347  0.542678  3.52849  
0.792051  0.425673  2.87016  
1.18965  1.14141  0.631544  
0.659315  0.661382  3.16438  
0.636271  2.29365  1.1963  
1.01709  0.350441  2.77016  
0.628163  2.41539  0.373651  
0.874233  0.479093  2.75377  
0.399584  3.46863  0.934104  
1.38488  0.840138  0.348421  
0.774447  1.02744  1.67527  
0.667831  2.03273  0.312856  
0.709673  0.556105  2.70771  
1.5263  0.466705  1.64065  
0.32219  3.19691  0.30231  
0.212691  1.35535  2.59006  
1.551  0.316499  1.51366  
0.713858  0.82855  1.41124  
1.09103  0.954201  0.237314  
0.243755  0.408035  5.01187  
0.289719  3.28634  0.233463  
0.825357  1.47654  0.268808  
1.58266  0.456496  0.294841  
0.572356  0.960473  1.38395  
2.05985  0.457518  0.424326  
0.35635  1.86964  1.43659  
0.314381  0.240279  3.75166  
0.452768  0.594922  2.71042  
0.514098  2.09851  0.277764  
1.19415  0.566184  0.116351  
0.321238  0.28672  5.08436  
0.26699  0.754828  3.82773  
0.247146  0.855507  2.5061  
1.74736  0.38146  0.255135  
1.44712  0.68914  0.517555  
0.237528  3.71719  0.376325  
0.963083  1.40991  0.356068  
1.60451  0.4018  0.553456  
0.810977  0.644729  1.38988  
0.698496  1.88351  0.294786  
0.502854  0.51018  2.56335  
1.98721  0.288893  0.293204  
0.146847  0.31235  4.91581  
0.451564  1.1383  1.3482  
0.102983  0.103173  5.96807  
1.27699  0.940902  0.339246  
0.162169  3.80367  0.159233  
1.06428  0.523275  1.56577  
0.511107  2.53254  0.458622  
0.628553  1.68295  0.18791  
0.857632  1.37292  0.39439  
0.830498  0.854643  1.49285  
1.15377  0.32339  1.38577  
0.555076  0.453594  2.5743  
0.26897  0.969504  3.88283  
0.661085  0.333978  2.76207  
0.940907  1.03064  0.184111  
0.44401  1.39214  1.51767  
2.21247  0.216725  0.216716  
0.865719  0.239154  2.60286  
0.247001  2.60751  1.45511  
0.681593  0.885982  1.55943  
1.94988  0.331523  0.279289  
0.375519  2.52759  0.195735  
0.715945  0.318197  2.58789  
1.53524  0.510195  0.699829  
0.539267  2.05008  1.13523  
0.734915  0.321459  3.21407  
0.824713  1.44503  0.474765  
1.60635  0.47284  0.257777  
0.455795  0.773514  2.63939  
0.432908  0.609517  3.18071  
0.813574  1.55839  0.322744  
1.1252  0.491975  1.54568  
0.529288  0.688861  2.72921  
0.865242  1.43426  0.341328  
0.238692  0.221964  5.56517  
0.50424  0.210576  3.77861  
0.803704  0.303453  2.61418  
0.458933  2.80098  0.327425  
0.85701  1.68184  0.386212  
1.62532  0.49083  0.319082  
0.22278  0.208551  6.16864  
0.334781  3.74029  0.314363  
1.0458  1.15201  0.296895  
0.289965  2.6259  1.58873  
0.659556  1.32353  1.56371  
1.08579  0.337766  2.72347  
0.207465  0.227777  4.94301  
0.387266  1.21485  2.6901  
0.356455  0.506047  3.83797  
1.14052  0.636162  1.55338  
0.296056  0.4484  4.0464  
0.286971  1.15434  2.75975  
0.77286  1.36269  0.221674  
1.00514  0.322781  2.12765  
0.417298  0.175534  4.24175  
1.5627  0.305867  0.258969  
0.189363  1.53844  2.75834  
1.84935  0.198297  1.85828  
0.179059  2.35131  1.37276  
0.534304  0.958397  1.45571  
1.18274  0.725587  0.20201  
0.687439  1.51554  0.198797  
2.23916  0.24506  0.249796  
0.0882605  0.353593  5.69923  
0.220315  2.96534  0.13383  
0.194327  0.103124  4.9202  
1.44005  0.383418  0.25881  
0.0867438  0.177676  4.94036  
0.272489  0.190116  3.67307  
0.104478  0.140276  4.89937  
0.232957  0.212532  3.88088  
1.09321  0.182394  1.31817  
0.774881  1.12864  0.144175  
0.173043  0.0813118  4.85145  
0.980257  0.740434  0.0911073  
1.90688  0.169074  0.152501  
0.546388  0.227663  2.47694  
0.153839  1.95194  1.27917  
0.249676  1.58414  1.30814  
0.148132  1.0729  2.48458  
0.714444  0.124271  2.57931  
0.105303  0.210749  4.86465  
0.799346  0.437772  1.37122  
0.367484  2.04717  0.101124  
0.696488  0.144382  2.99784  
0.67595  1.24502  0.0862065  
0.911381  0.348437  1.35629  
0.149403  0.10086  5.37508  
0.161941  0.280349  3.63361  
1.41397  0.355407  0.201529  
0.27593  2.46869  0.112191  
0.866793  0.0147933  2.53872  
1.30136  0.107676  1.28013  
2.09508  0.10335  0.113647  
0.457538  1.60541  0.0896428  
0.384496  0.0157655  3.61904  
0.445018  0.398428  2.51956  
0.275571  0.553274  2.87871  
0.512626  0.901167  1.2919  
0.216963  0.267197  4.84785  
0.0388486  3.97443  0.0385943  
0.308293  0.154293  3.73466  
0.325884  0.688022  2.65029  
1.00489  0.22168  1.27422  
1.10537  0.474343  0.0266305  
0.0311664  0.0312256  5.98368  
0.357899  1.11823  1.25777  
0.23173  0.240787  4.33601  
0.83457  0.939895  0.0904699  
0.364125  0.350458  2.42525  
1.55935  0.220592  0.0990375  
1.36349  0.45025  0.687507  
0.630608  0.643499  1.28622  
0.285168  0.686455  2.6663  
0.272866  1.43075  1.35355  
0.636946  1.43136  0.251962  
0.172484  2.88304  0.116955  
0.742254  1.19167  0.40841  
0.250373  2.6915  0.308689  
0.332872  2.27417  0.399293  
0.674601  0.592121  1.55007  
0.131069  0.132033  5.97305  
0.926441  0.901664  0.14611  
0.561432  0.791542  1.38799  
0.752191  0.160282  2.504  
1.48081  0.330098  0.123007  
0.485411  1.0177  1.31123  
0.167859  1.00874  2.62842  
0.623396  1.51419  0.143066  
0.121263  0.742338  3.69914  
0.501866  0.863676  1.76971  
1.38445  0.443258  0.205211  
1.2605  0.137411  2.25903  
0.140417  0.504971  4.00787  
0.245803  2.73733  0.229465  
0.237586  1.70701  1.29881  
0.739344  0.612441  1.32516  
1.37043  0.465008  0.156461  
0.538676  0.225456  3.5384  
0.148751  0.452316  4.0891  
0.341419  0.632686  2.50589  
0.333166  0.711007  2.52663  
0.124427  1.50182  2.52809  
0.0835335  0.273023  5.11576  
0.138301  0.13837  5.59733  
0.804795  1.04672  0.103061  
0.347768  0.569407  2.63232  
0.122443  0.567625  3.68668  
0.187868  0.762115  2.43724  
0.134271  0.0867937  5.77903  
0.528976  0.659892  1.31942  
0.114851  0.195465  4.12323  
0.186656  1.59267  1.4136  
0.216861  0.105782  4.48502  
0.999978  0.709376  0.087217  
0.258613  0.0465854  3.85065  
0.766091  0.0632148  2.97839  
0.110569  0.0869853  4.82849  
1.21306  0.0672757  1.71711  
1.0795  0.554446  0.0871055  
0.049842  0.459665  3.59863  
0.829114  0.820469  0.999828  
0.462085  0.817716  1.63521  
1.03448  0.120077  2.04828  
0.316777  2.01102  0.155095  
0.21165  1.45282  1.37633  
1.65701  0.101408  0.992951  
0.250959  0.50343  2.39973  
0.131611  0.794956  2.43029  
0.531741  1.42637  0.0561923  
0.3355  1.89683  0.152451  
1.25264  0.360029  0.166337  
0.535793  0.628199  1.21325  
0.239055  0.476822  2.59297  
0.736004  0.409297  1.23351  
1.64354  0.123524  0.0514741  
0.124973  0.807268  2.39622  
0.200553  2.43824  0.0810232  
0.152043  0.150713  3.84789  
0.795091  0.329663  1.3053  
0.973638  0.626726  0.113903  
0.541432  1.26843  0.0609024  
1.6832  0.0878121  0.819748  
0.690327  1.07498  0.0471919  
0.244934  2.10485  0.0748675  
0.215495  1.30167  1.22609  
0.740838  0.992268  0.0637244  
0.00577037  0.00561263  5.93766  
0.205335  1.53352  1.24314  
0.337864  0.34053  2.39593  
0.758412  0.318066  2.17039  
0.419646  1.55069  0.0710692  
0.79569  0.905628  0.0893839  
0.113285  2.93336  0.0626  
0.0216059  0.601488  3.59573  
1.75824  0.0793567  0.204608  
1.04554  0.0901884  1.22454  
0.00619527  1.58692  2.40035  
1.29573  0.311572  0.0595001  
1.5158  0.167038  0.64807  
0.00790829  3.99749  0.00798676  
0.906718  0.182045  1.20193  
0.833775  0.772295  0.0275554  
1.08755  0.454923  0.00709712  
1.99776  0.0054821  0.00549541  
0.513237  0.133147  2.41071  
0.376344  0.881213  1.21164  
0.157503  0.168618  3.60611  
0.328903  0.4335  2.46932  
0.379689  0.00568192  3.59422  
0.5641  0.10343  2.39859  
0.101391  0.892337  2.39489  
0.116046  1.70865  1.20325  
1.50834  0.178401  0.055588  
1.19906  0.402485  0.119126  
0.713242  0.408754  1.27092  
1.33282  0.27  0.39943  
0.132338  0.225276  3.60442  
0.923647  0.6935  0.115131  
1.04773  0.547832  0.227526  
0.342709  1.02226  1.70471  
0.647824  1.15817  0.124251  
0.226354  0.52123  2.51041  
0.412513  0.243937  2.39721  
0.376703  1.8051  0.0723586  
0.506558  1.41836  0.473101  
0.463799  0.823082  1.33192  
0.12291  2.81496  0.673423  
0.79897  0.305407  1.70528  
0.709767  1.02734  0.121742  
0.431124  0.211484  2.5403  
0.908631  0.723793  0.116911  
0.251602  0.0705321  3.59891  
0.291708  2.03223  0.367425  
0.106776  1.75875  1.20762  
1.00603  0.619066  0.0627025  
0.637507  1.184  0.198122  
0.607917  1.20787  0.284622  
0.499616  0.71227  1.49355  
0.748039  0.372948  1.63263  
1.4101  0.239656  0.0595629  
0.521104  0.664548  1.25526  
0.853326  0.281699  1.71892  
0.362806  0.949341  1.96507  
1.39031  0.24116  0.120394  
0.738439  0.974569  0.405412  
0.938005  0.668867  0.374733  
0.600014  0.501641  1.20043  
0.119998  0.806586  2.54392  
0.363196  1.07648  1.2484  
1.4392  0.161699  0.00077728  
1.29285  0.25405  0.0470077  
0.386036  0.804568  1.64119  
0.564557  1.20456  0.0507979  
0.334661  1.74981  0.217896  
0.133171  0.664631  3.18588  
0.00221233  1.5397  2.92578  
0.196071  1.3626  1.19385  
0.719891  0.318487  1.36579  
0.976168  0.528645  0.377943  
0.475034  0.691237  1.194  
0.212065  2.11369  0.81381  
0.779634  0.256458  1.41301  
1.14184  0.381025  0.0443284  
0.418538  1.54192  0.0648206  
0.631286  1.03557  0.392971  
0.21878  0.54567  2.39183  
0.604395  1.12332  0.0572413  
0.757117  0.834407  0.23127  
1.32713  0.00171683  1.48905  
0.840305  0.188041  1.70935  
0.207115  0.0965827  3.587  
0.991439  0.543584  0.0414829  
1.34422  0.222926  0.00105641  
0.427249  0.769546  1.20592  
0.256758  0.385226  3.16581  
1.04979  0.0839674  1.2026  
0.117963  0.819204  2.39428  
0.541566  1.25234  0.0541409  
0.811401  0.00175573  2.40278  
0.232532  0.46636  2.64342  
0.00212903  3.85039  0.902908  
0.754514  0.301131  1.20876  
1.16849  0.363691  0.000834493  
0.22369  2.15097  0.0767447  
0.32805  0.328524  2.42792  
1.66327  0.0586142  0.00112778  
0.704322  0.932816  0.12134  
1.26691  0.27412  0.0397327  
0.388703  0.00182076  3.58912  
0.105698  0.253705  3.58678  
0.00193644  1.4404  3.91758  
0.794324  0.799435  0.0452831  
0.201248  1.32205  1.23688  
0.101989  2.71478  0.0931157  
0.311879  1.84317  0.0669946  
1.10358  0.425952  0.000834493  
0.693973  0.376205  1.19373  
0.550327  0.563298  1.19587  
0.444253  1.47243  0.0656674  
0.544276  0.104893  2.39247  
1.98624  0.00169059  0.00157493  
1.55841  0.0784759  0.68276  
0.910646  0.166227  1.21186  
0.334301  0.969287  1.19618  
0.00186798  0.00188444  5.9033  
0.588063  0.490708  1.26199  
0.742667  0.891441  0.000819031  
0.392861  1.57556  0.295782  
0.00208373  3.99629  0.00208174  
0.00173842  0.174005  4.8069  
0.91387  0.643014  0.000776265  
0.645701  1.05938  0.000973853  
0.17139  2.38631  0.00116182  
1.47022  0.144358  0.000949475  
0.991069  0.091314  1.62613  
0.166309  0.66128  2.40213  
0.12292  1.64096  1.19597  
0.00208889  3.99131  0.00208174  
1.36873  0.00169497  1.19978  
0.457385  0.671067  1.50651  
0.637093  0.425645  1.26567  
0.265353  1.14516  1.19632  
0.365853  1.67995  0.0657919  
0.14075  0.143339  3.96134  
0.102759  1.73414  1.19571  
1.53947  0.109054  0.00106332  
0.680954  0.995381  0.000770328  
0.868764  0.693352  0.0474791  
0.579151  1.15496  0.185129  
0.475499  1.38606  0.122795  
0.2658  1.95231  0.332817  
0.820031  0.747064  0.169399  
0.422779  0.213453  2.40361  
1.02879  0.483776  0.173469  
1.42036  0.172923  0.00077728  
0.116613  1.57882  1.72411  
0.502765  0.603062  1.41312  
0.845289  0.223039  1.19705  
0.190502  2.23541  0.379228  
0.219443  1.20784  1.85057  
1.95261  0.00157158  0.196902  
0.359107  0.240006  2.98199  
0.117372  2.56335  0.652687  
0.352049  0.88893  1.4193  
0.125815  0.7084  2.86012  
0.935632  0.601774  0.0761415  
1.19177  0.337806  0.0515435  
0.478225  0.12028  2.97786  
0.285646  1.04258  1.49531  
1.24594  0.264144  0.447251  
1.30933  0.230499  0.156705  
0.563618  1.2053  0.0370096  
0.217378  0.543075  2.39036  
0.686851  0.381588  1.19282  
0.729206  0.888574  0.116172  
0.973844  0.567316  0.000311905  
0.83688  0.185945  1.75531  
0.231066  0.0691941  3.58518  
1.92114  0.000530725  0.570559  
1.30532  0.000552488  1.71946  
0.619766  1.08064  0.120799  
0.311987  0.000573481  4.3641  
0.859883  0.689283  0.155244  
0.473405  0.118139  2.95053  
0.457501  1.43522  0.0645294  
1.43596  0.137753  0.477978  
0.679881  0.964281  0.185032  
0.258373  1.98251  0.256886  
0.351612  0.882049  1.4111  
0.254374  0.381586  3.17074  
0.217488  1.19562  1.73876  
0.99203  0.534159  0.0545932  
0.795204  0.794353  0.0562046  
1.05231  0.0812492  1.19608  
1.65711  0.0596105  0.000286545  
0.71531  0.934966  0.000235852  
0.32873  0.328804  2.40942  
0.583252  1.17744  0.000271936  
0.116732  1.56205  1.74678  
0.000634671  2.70039  1.20145  
1.29369  0.258108  0.000209677  
0.488542  1.36244  0.0646104  
0.000629782  0.73756  3.59834  
0.116127  0.815088  2.39144  
0.289411  1.92845  0.000241272  
0.405876  0.812418  1.19467  
0.00075696  0.167445  4.843  
1.97807  0.000515377  0.000295655  
0.000708506  3.92189  0.000421837  
0.106959  1.70551  1.19448  
0.000707315  1.60833  2.39564  
0.164916  0.659686  2.40176  
0.190619  2.29687  0.000402792  
0.433106  1.51499  0.000243243  
0.781313  0.250405  1.41677  
1.0847  0.443886  0.000329627  
0.816207  0.00058562  2.39115  
0.000864059  0.000868636  5.87425  
0.534168  0.107164  2.39681  
0.890413  0.177743  1.21566  
0.123805  2.61614  0.000253489  
0.000636035  0.644113  4.12732  
0.373511  0.000645896  3.59151  
1.5197  0.117409  0.0002432  
1.03185  0.483434  0.106639  
0.241053  1.20448  1.20164  
0.554591  0.552741  1.19695  
0.0987444  2.76041  0.000253273  
0.892636  0.669666  0.00024971  
1.36406  0.000544088  1.20021  
1.18566  0.337739  0.0533193  
0.364673  1.67645  0.0722355  
0.322098  0.969862  1.27196  
1.11639  0.391284  0.168151  
0.194712  1.35856  1.19339  
1.41625  0.167444  0.0560482  
0.643612  1.04516  0.0586485  
0.647799  0.405198  1.29363  
0.231275  0.46257  2.65836  
0.2045  2.14956  0.607271  
0.10134  0.000668507  4.77114  
0.476428  0.669673  1.21886  
0.418108  0.210396  2.41749  
0.235643  2.11755  0.000342015  
0.741396  0.31835  1.19493  
0.0985179  0.264459  3.58521  
0.933688  0.598078  0.102445  
0.531464  1.25656  0.131197  
0.316571  1.79334  0.235547  
1.3542  0.214617  0.000207743  
0.834429  0.750115  0.000255464  
0.146532  0.146328  3.70189  
0.931989  0.155347  1.19275  
0.000700816  1.49142  2.97292  
1.57591  0.0718131  0.500353  
0.757379  0.838193  0.175487  
0.392517  1.56855  0.303388  
0.284009  1.04204  1.41795  
0.000668369  2.59054  1.71211  
0.579544  0.482837  1.40735  
1.23153  0.307528  0.000260191  
0.357095  0.237878  2.97406  
0.126209  0.69841  2.89821  
0.112327  2.58721  0.555456  
0.9894  0.0902268  1.6179  
0.000732826  3.82836  0.416432  
0.175038  2.36482  0.000420085  
0.423816  0.74128  1.3571  
0.505522  0.591363  1.4277  
0.349942  1.74023  0.000203911  
0.604317  1.13539  0.000278493  
1.16834  0.362418  0.000151333  
0.000695408  0.000712493  5.87779  
0.686711  0.381449  1.19268  
1.04355  0.487215  0.000168407  
0.217654  0.540931  2.39081  
0.836153  0.185695  1.76621  
0.473019  0.117885  2.95501  
1.3218  0.000420879  1.50986  
0.423747  0.74127  1.35469  
0.19582  0.105039  3.58508  
0.311168  0.000565154  4.35651  
1.92683  0.000399747  0.480946  
0.457308  1.43495  0.0653443  
0.774747  0.838871  0.000193195  
0.351413  0.881995  1.41095  
0.258186  1.98228  0.257271  
0.254012  0.381179  3.17545  
1.43703  0.137001  0.478878  
0.206235  1.23843  1.64454  
0.989326  0.0900731  1.61777  
0.973804  0.55532  0.0535128  
1.32707  0.220951  0.109053  
0.794854  0.794002  0.0557889  
0.356793  0.237751  2.97386  
0.0986936  2.75985  0.000400354  
0.741625  0.318083  1.19422  
0.235329  2.11796  0.000150842  
0.000573352  0.72462  3.60574  
0.191183  2.29377  0.000301333  
0.147387  0.147486  3.67871  
0.112273  2.5871  0.556144  
0.116039  0.814464  2.39116  
0.565876  1.21229  0.00022628  
0.000524103  2.69677  1.20169  
0.106879  1.70535  1.19445  
1.3655  0.000407871  1.19588  
0.554309  0.552447  1.19759  
1.41176  0.169848  0.0559198  
0.423694  0.211616  2.39258  
0.406043  0.811841  1.19458  
0.891088  0.67137  0.000144954  
1.18775  0.335533  0.0535659  
1.29272  0.258675  0.000169196  
0.000663624  0.174262  4.80627  
0.100025  0.260595  3.58509  
0.432879  1.51504  0.000224188  
1.9804  0.000342025  0.000222249  
1.04889  0.0808787  1.20423  
0.000763271  0.000799245  5.87149  
0.283802  1.04184  1.41774  
1.07933  0.44918  0.000168407  
0.527549  1.26427  0.13192  
0.16478  0.65955  2.40162  
0.000560328  3.91872  0.000391187  
1.51768  0.118199  0.000266348  
0.891155  0.177412  1.21306  
0.709145  0.944977  0.000277746  
0.372826  0.000572903  3.59089  
0.391947  1.56862  0.312101  
1.65693  0.0594581  0.000177977  
0.808257  0.000490311  2.39888  
0.124033  2.61406  0.000293077  
0.000529336  1.60262  2.39748  
0.233196  0.466846  2.57568  
0.240849  1.20386  1.20287  
0.289291  1.92829  0.000231079  
0.52869  0.105611  2.42395  
0.460243  0.68925  1.25601  
0.364369  1.67609  0.0726214  
0.629132  1.07142  0.0593353  
0.322642  0.967854  1.27187  
0.194161  1.35963  1.19321  
0.487774  1.36368  0.063527  
0.104099  0.000307266  4.77098  
0.647718  0.404802  1.29513  
0.325884  0.326132  2.43705  
1.11642  0.391198  0.16406  
0.931789  0.15516  1.19257  
0.316451  1.79319  0.235898  
0.504789  0.600785  1.34625  
0.114085  1.57685  1.7079  
1.00768  0.504207  0.166973  
0.781401  0.250138  1.41667  
0.739046  0.872472  0.114878  
1.23084  0.307851  0.000158835  
1.57583  0.0717417  0.500281  
0.839901  0.721284  0.110219  
0.664802  0.997598  0.117371  
0.932072  0.599028  0.11002  
0.000589482  0.635426  4.14946  
0.204637  2.14791  0.610508  
0.579375  0.482869  1.4059  
0.00056502  2.58301  1.71145  
0.126192  0.697753  2.89803  
0.174666  2.36568  0.00030727  
0.000568325  3.82298  0.417095  
0.577418  1.15341  0.192127  
0.000587021  1.48236  2.95572  
0.348416  1.74418  0.000238098  
0.60471  1.13446  0.000228502  
0.000603618  0.000605175  5.87716  
0.686468  0.381256  1.19261  
1.36776  0.205215  0.000167399  
1.04634  0.457184  0.22964  
0.835885  0.18595  1.76184  
0.472668  0.118078  2.95495  
0.423691  0.741213  1.35463  
1.10423  0.398231  0.231578  
0.221388  0.0777333  3.585  
1.93416  0.000269426  0.385928  
1.30766  0.000335149  1.71054  
0.448652  1.41899  0.368998  
0.351378  0.881961  1.41091  
1.43695  0.136917  0.478794  
0.258149  1.9818  0.256995  
0.25386  0.381027  3.1753  
0.77422  0.839396  0.000209811  
0.000478903  1.48454  2.96251  
0.206288  1.23759  1.64937  
0.531058  0.105201  2.41399  
0.794442  0.794476  0.0561  
0.709147  0.944783  0.000209811  
0.191142  2.29367  0.000222738  
1.04917  0.0806911  1.20456  
1.65702  0.059312  0.00014038  
0.147276  0.147495  3.67865  
0.0004283  2.70036  1.20244  
1.98101  0.000234012  0.00018916  
0.217102  0.542974  2.39016  
0.116235  0.813496  2.39101  
1.29263  0.258597  0.000150136  
1.36835  0.000281384  1.19507  
0.204527  2.14767  0.612709  
0.419166  0.216387  2.39298  
0.892507  0.669339  0.000180001  
0.289255  1.92809  0.000249141  
0.40609  0.812036  1.194  
0.809169  0.000331193  2.40007  
0.000677618  0.000671617  5.87182  
0.000453705  3.92168  0.000464896  
0.973158  0.556229  0.0510343  
0.565816  1.21224  0.000126544  
1.51941  0.117263  0.000183717  
1.02254  0.510341  0.000177864  
0.10672  1.70546  1.19426  
0.000487994  2.58609  1.71901  
0.577219  1.15356  0.192045  
0.432837  1.51498  0.000258455  
0.000502833  0.73593  3.59013  
1.08244  0.445836  0.000198994  
0.890405  0.177827  1.21297  
0.124032  2.61345  0.000274025  
0.741598  0.31796  1.19415  
0.113998  1.5767  1.70881  
0.0986016  2.75981  0.000240155  
0.356717  0.237668  2.97377  
0.373591  0.000448979  3.59126  
0.164757  0.659624  2.40116  
0.240771  1.20395  1.2022  
0.553949  0.552777  1.19728  
0.000413908  1.60237  2.39777  
0.000546746  0.172704  4.81495  
0.23363  0.467154  2.56325  
1.18017  0.336492  0.110247  
0.36426  1.67598  0.0725118  
0.629087  1.07137  0.0592901  
0.32264  0.967853  1.27104  
0.194239  1.35892  1.19311  
1.41566  0.167409  0.0557761  
0.647544  0.404763  1.29478  
0.487646  1.36346  0.0648707  
0.104616  0.000133415  4.77084  
0.324484  0.32538  2.45193  
0.459949  0.69006  1.25279  
0.235488  2.11705  0.000303639  
0.100708  0.258667  3.58501  
0.932602  0.598333  0.109872  
0.316402  1.79314  0.235849  
0.174624  2.36548  0.000193727  
1.3266  0.221047  0.109836  
1.14744  0.381717  0.000125197  
0.778314  0.252078  1.42824  
0.840227  0.720693  0.110113  
0.733999  0.880092  0.116447  
0.664576  0.997313  0.120322  
1.57572  0.0716563  0.500914  
0.000443443  0.635639  4.13463  
0.28388  1.04133  1.41765  
0.391808  1.56842  0.313308  
0.527153  1.26483  0.131826  
0.579258  0.482756  1.40641  
1.22465  0.290584  0.231578  
0.931255  0.154992  1.19258  
0.112207  2.58704  0.556078  
0.126072  0.697632  2.89791  
0.000481792  3.82524  0.423539  
0.504668  0.600778  1.3457  
0.989119  0.0899268  1.61894  
0.784666  0.0002774  2.54919  
0.818783  0.744325  0.174132  
1.26425  0.252461  0.375486  
0.686344  0.381374  1.19257  
0.977709  0.528426  0.30165  
0.217094  0.542966  2.39015  
0.835729  0.185863  1.7641  
0.674363  0.972813  0.183072  
1.93568  0.00021138  0.385928  
0.311973  0.00047984  4.32188  
0.60755  1.08664  0.268096  
0.423547  0.741165  1.3554  
0.178755  0.125588  3.58498  
1.30642  0.000320476  1.70887  
0.472721  0.118053  2.95209  
0.35129  0.881872  1.41082  
0.000455877  2.56293  1.90041  
0.258369  1.98087  0.25777  
0.253858  0.381043  3.17327  
0.723903  0.871215  0.401426  
0.000417162  1.48551  2.96432  
0.000488726  0.172354  4.81658  
0.204474  2.1476  0.613014  
0.741485  0.317962  1.19414  
0.815556  0.000287347  2.3909  
0.709604  0.943955  0.000188215  
1.43689  0.136861  0.478739  
0.328417  0.328431  2.40982  
0.58576  1.17159  0.000187295  
0.19124  2.29301  0.000257921  
0.541087  1.22686  0.198736  
0.106701  1.70566  1.19405  
1.00382  0.531512  0.000191926  
1.27838  0.269437  0.000190071  
0.289163  1.92819  0.00025933  
0.348752  1.74306  0.000232583  
1.04883  0.0806526  1.20471  
0.554035  0.552567  1.19725  
0.902217  0.65641  0.000170305  
0.16483  0.659188  2.40119  
0.43203  1.5168  0.00023526  
0.794398  0.794433  0.0561583  
0.647485  0.404712  1.29509  
1.9803  0.000215056  0.000178045  
0.391961  1.56788  0.313441  
1.07978  0.448495  0.000264661  
1.6572  0.0591998  0.000209163  
0.363888  1.67696  0.072571  
0.000423849  3.91936  0.000272308  
0.0985643  2.75968  0.00032991  
0.000630922  0.000636943  5.87289  
0.89038  0.177804  1.21295  
0.123814  2.61434  0.000332425  
0.533413  0.107219  2.39649  
0.175058  2.36337  0.000291331  
0.372977  0.000423283  3.5912  
0.116229  0.813718  2.39077  
0.283866  1.04132  1.41764  
0.000420255  1.59948  2.3982  
0.000418968  2.69627  1.20238  
0.104806  8.06246e-05  4.7708  
0.240593  1.20407  1.20254  
0.000353544  0.731478  3.60165  
1.51349  0.120147  0.000212629  
0.147272  0.147319  3.67858  
1.36623  0.000268312  1.19559  
0.406042  0.811988  1.19395  
0.49563  1.34524  0.0639123  
1.1732  0.357777  0.000159181  
1.39746  0.174155  0.115489  
0.000467817  0.635411  4.11911  
0.322578  0.967787  1.27105  
0.316316  1.79301  0.236582  
0.194211  1.35889  1.19308  
0.64309  1.04558  0.057167  
0.230485  0.461944  2.66856  
1.03016  0.484375  0.108438  
0.460002  0.690153  1.25142  
0.417165  0.210319  2.4191  
0.235437  2.11699  0.000288941  
0.104555  0.250186  3.58498  
0.935183  0.595267  0.106862  
0.844419  0.714541  0.110803  
1.33171  0.222016  0.0534359  
1.57569  0.0716268  0.500884  
0.11398  1.57671  1.7088  
0.778281  0.252041  1.42812  
0.769589  0.846513  0.000170076  
1.21139  0.315018  0.052625  
1.1115  0.396573  0.154476  
0.579178  0.482675  1.40633  
0.356726  0.237817  2.96933  
0.126025  0.697586  2.89787  
0.456771  1.43613  0.0641639  
0.112211  2.58666  0.556024  
0.000435745  3.82416  0.423482  
0.930835  0.155254  1.19256  
0.504443  0.60104  1.34499  
0.989123  0.0899048  1.61782  
0.206277  1.23728  1.64929  
0.830339  0.755316  0.000187015  
0.974823  0.531684  0.302845  
0.68638  0.381385  1.19252  
1.26364  0.25272  0.379133  
0.522241  1.30457  0.000182388  
0.835813  0.18577  1.76409  
0.217058  0.54293  2.39012  
1.53454  0.109812  0.000155881  
0.472564  0.118111  2.95259  
0.610692  1.0963  0.121977  
0.423534  0.741153  1.35539  
0.727895  0.876562  0.2476  
0.173961  0.131861  3.58497  
1.9338  0.000237629  0.385945  
0.310983  0.000424006  4.35391  
1.3064  0.000302583  1.70885  
0.351271  0.881853  1.4108  
0.258368  1.98076  0.257745  
0.253861  0.380939  3.17413  
1.43686  0.136835  0.478721  
0.681926  0.959472  0.184677  
0.206246  1.23725  1.64991  
0.0985506  2.75967  0.000316157  
1.00266  0.532782  0.000170745  
0.1911  2.29356  0.000250463  
1.65718  0.0591813  0.000194733  
0.000404101  2.69625  1.20237  
0.406023  0.811969  1.19393  
0.000469001  0.165942  4.84679  
0.106687  1.70564  1.19403  
0.808278  0.000333069  2.39995  
1.27837  0.26942  0.000172914  
0.164804  0.659155  2.40119  
0.000448455  0.729661  3.59654  
0.41738  0.21719  2.39481  
0.116147  0.813777  2.39083  
0.240774  1.2035  1.20257  
1.36647  0.000258792  1.19526  
0.528251  0.105197  2.42723  
0.147176  0.14722  3.67973  
0.289192  1.92808  0.000190664  
0.456722  1.43601  0.0651428  
1.04901  0.0806563  1.20407  
0.553954  0.552608  1.19721  
1.50343  0.125225  0.000189488  
0.741465  0.317942  1.19412  
0.585676  1.17172  0.000190319  
0.000430134  3.82407  0.424104  
0.000416863  3.91937  0.000309631  
0.90239  0.656146  0.000179841  
1.08083  0.447386  0.000254843  
0.000616571  0.000614765  5.87287  
0.716464  0.932339  0.000181283  
0.778262  0.252023  1.42812  
0.890594  0.177783  1.21208  
0.794366  0.794401  0.0565006  
1.11071  0.396546  0.16319  
0.373185  0.000406504  3.59085  
0.00043768  2.58478  1.71156  
0.000404367  1.60188  2.39596  
0.124039  2.61308  0.000254185  
0.935113  0.595044  0.109236  
0.233202  0.466826  2.57164  
0.494202  1.34842  0.0640791  
0.36386  1.67692  0.072692  
1.17262  0.358298  0.000144519  
0.32262  0.967922  1.26977  
0.194188  1.35893  1.19307  
1.3968  0.174553  0.115403  
0.642738  1.04618  0.0571448  
0.647482  0.404703  1.29484  
0.103998  0.000119608  4.77079  
0.45998  0.690131  1.2514  
0.235364  2.11724  0.000259902  
0.123304  0.212414  3.58497  
0.324546  0.32456  2.4544  
1.03014  0.484357  0.10842  
0.844307  0.714442  0.112487  
1.33148  0.22198  0.0554858  
0.17402  2.36792  0.000256212  
0.43219  1.51637  0.000208493  
0.542413  1.2235  0.203427  
0.316304  1.79295  0.237211  
0.113958  1.57668  1.7089  
1.57566  0.0716029  0.500861  
1.21004  0.316127  0.0526064  
0.000477782  0.633684  4.12415  
0.356684  0.237784  2.97027  
0.770092  0.845702  0.000172753  
0.283837  1.04129  1.41761  
1.98003  0.000209491  0.000212971  
0.391949  1.56786  0.313429  
0.204463  2.14759  0.613002  
0.57916  0.482658  1.40632  
0.126009  0.697569  2.89785  
0.112227  2.58585  0.56102  
0.930877  0.15525  1.19253  
0.504424  0.601021  1.34497  
0.000447207  1.48229  2.96535  
0.989104  0.0898865  1.6178  
