1.60997  4.49541  
0.688789  3.79577  
1.00333  3  
1.88314  2.87169  
1.56014  4.45919  
0.835081  3.30139  
1.20403  4.56355  
1.13435  4.55063  
1.21557  3.79244  
0.82491  4.49542  
1.04223  4.39815  
0.99807  3.37619  
1.34841  2.86913  
0.920198  2.92941  
1.05524  4.33341  
1.36065  3.48059  
0.925749  2.92773  
1.06787  3.58058  
0.982872  4.39959  
1.36602  2.18284  
1.17494  4.37356  
1.56464  2.64206  
1.38373  2.15032  
0.952611  3.33016  
1.63316  4.48597  
1.27475  2.08411  
0.78685  4.56254  
1.44607  2.82445  
1.05699  3.05574  
1.78513  3.66826  
0.931942  3.65519  
1.17893  4.58471  
0.705544  3.85224  
1.15382  4.54842  
1.09815  4.39088  
0.741529  4.50447  
1.31873  2.71822  
1.082  4.36298  
1.19017  3.84171  
0.835914  2.91949  
0.799363  4.51554  
1.34998  2.1177  
1.11393  4.49056  
1.16687  4.22965  
1.07947  4.40998  
1.68885  4.58893  
0.989864  3.00073  
0.906476  2.91325  
1.52253  4.27133  
1.02276  4.34363  
1.90243  2.9545  
1.04491  4.03177  
1.91524  1.40208  
0.58113  4.09442  
1.15619  4.57121  
1.24505  3.7598  
1.19845  4.10377  
1.12687  4.46547  
1.07564  3.65017  
1.0715  4.13399  
1.58742  4.23413  
0.64803  3.83193  
0.926219  2.92665  
1.40267  2.74485  
1.74896  3.67871  
0.96306  3.12858  
0.595745  4.56184  
1.13017  4.27032  
1.85015  3.11911  
1.51169  2.33776  
1.39609  3.01244  
0.981014  4.13951  
2.26667  4.49599  
1.55704  3.20482  
0.741238  4.44354  
0.897456  3.54611  
1.54976  4.28609  
1.32558  2.18541  
1.10557  3.90753  
1.35532  2.2302  
1.88431  2.66323  
1.52716  2.37355  
1.50212  2.38428  
0.748672  4.30315  
1.04854  4.16528  
1.33406  2.3048  
1.4275  2.37024  
1.2777  2.55268  
0.798976  3.20034  
1.16937  2.82252  
0.725169  3.9808  
0.955719  3.61571  
1.08382  3.75634  
0.898464  3.51059  
1.12424  4.44143  
1.52752  2.93629  
0.964649  3.19248  
1.07495  3.45737  
1.37897  2.59068  
0.989303  4.40428  
1.45985  2.2285  
0.9374  3.51184  
0.639824  4.25059  
0.950077  2.98124  
0.555678  4.45356  
1.40334  2.17393  
1.27569  2.79662  
0.683968  3.76827  
0.618349  3.97384  
0.620694  3.84357  
0.878611  3.03422  
1.27953  2.18135  
0.937085  2.9795  
0.638001  3.73689  
0.490081  4.38097  
0.777685  3.62462  
0.562354  3.96218  
0.843293  2.84619  
0.784735  3.25581  
1.78513  1.19674  
0.701531  2.76822  
0.682431  2.90531  
1.11333  2.37981  
1.68354  1.6911  
0.429362  3.83624  
1.61081  1.61743  
1.30381  2.06139  
0.660699  3.01416  
1.66591  1.22944  
1.10361  2.57071  
1.18741  2.35946  
0.322318  4.24168  
0.353275  3.89214  
0.444826  3.72838  
0.310571  4.20605  
1.74317  1.15579  
0.706506  2.70917  
1.69778  1.21038  
1.05058  2.62328  
1.20015  2.62779  
0.677304  2.67565  
0.62276  3.1317  
1.6974  1.32649  
2.32689  0.327607  
0.37073  3.45361  
1.70463  1.12034  
0.653481  2.69784  
0.441106  4.33292  
0.614238  2.62656  
1.62758  1.04199  
0.559541  3.63311  
0.254797  4.1687  
1.74545  1.65613  
0.588723  3.01082  
0.454485  3.55682  
1.0372  1.81233  
0.364473  3.54147  
1.62205  1.58482  
0.385665  3.47694  
1.7766  1.78107  
1.12018  1.88437  
0.709018  2.7192  
0.742616  2.74904  
1.16622  1.93787  
0.491376  3.5735  
1.75145  1.38762  
1.14483  2.18581  
0.684853  3.14417  
1.72249  1.70032  
1.12991  2.43073  
1.14872  2.08318  
0.453984  4.24366  
1.90041  1.30801  
0.815013  3.09742  
1.12143  2.56147  
1.20742  2.1194  
1.25911  2.03285  
0.394325  4.28503  
0.705253  3.11529  
0.426186  4.32198  
1.19096  1.98647  
1.84174  1.24702  
0.507417  3.60298  
1.7857  1.50536  
1.15878  2.33332  
0.697311  3.31553  
1.06344  1.83415  
0.715501  3.42337  
0.49524  4.00067  
1.83656  1.30923  
0.574459  4.36994  
0.764425  2.77576  
1.24567  2.005  
0.808359  2.86953  
0.525564  3.80001  
0.7753  2.77188  
0.715078  3.56515  
0.364738  4.2931  
0.462125  4.36316  
0.58502  3.66239  
1.70614  1.85107  
0.693665  3.06569  
0.470231  3.59544  
0.716904  2.78419  
1.71993  1.46875  
0.432327  3.94952  
1.20605  1.96851  
1.64783  1.79019  
0.417363  4.16244  
0.329659  4.22383  
1.09387  2.40657  
0.609297  3.40208  
0.647314  3.16653  
1.70426  1.4386  
1.09727  2.17373  
0.669332  2.76364  
1.66516  1.58693  
0.431847  3.54148  
1.12418  1.88186  
0.69847  2.70606  
2.38728  0.795998  
2.36027  0.361271  
1.6205  1.03644  
0.304457  4.02366  
0.353549  3.43724  
2.26838  0.942202  
1.58406  1.16018  
1.60946  1.57407  
0.572085  2.70538  
1.05563  1.84334  
1.55385  1.53389  
0.536755  2.5887  
0.591579  2.6013  
0.583421  2.65682  
0.3101  4.00677  
2.28822  0.58112  
1.63298  1.80796  
1.6152  1.08977  
0.552872  2.94144  
0.314639  3.40522  
0.220599  4.11682  
0.582581  2.6156  
0.986095  1.758  
2.30747  0.334667  
0.931399  1.71654  
0.495355  3.15741  
1.56786  1.22469  
1.55971  1.02583  
1.76777  1.17258  
0.52606  2.59651  
0.941063  2.09094  
2.07144  0.076231  
0.026664  3.91915  
0.888275  2.18687  
0.264389  4.18146  
1.50758  1.32366  
0.238481  4.15533  
0.987634  2.43134  
0.51735  3.09674  
1.5518  1.27665  
1.59985  1.00531  
2.32698  0.829087  
1.60893  1.01254  
0.268155  3.35748  
0.550905  2.5502  
0.34676  3.42901  
2.33482  0.626288  
1.57859  1.61957  
2.44  0.444297  
1.03197  2.04618  
0.324888  3.80137  
0.644007  2.6429  
0.56811  3.1094  
1.68401  1.21626  
1.59911  1.45872  
1.02097  2.24688  
1.0831  1.84517  
0.342718  3.54072  
0.575535  2.97986  
1.05131  1.93758  
2.34236  0.584188  
2.28391  1.02108  
0.340239  3.78723  
1.72308  1.13997  
0.612046  2.95386  
0.65188  2.66879  
2.35133  0.637763  
1.62994  1.49937  
1.03661  2.16924  
0.630096  2.85464  
1.05894  1.99549  
0.57676  3.32332  
0.348864  3.78128  
1.65871  1.44615  
1.04947  2.04661  
0.333016  4.10119  
0.27549  4.17036  
0.603147  3.27207  
1.59973  1.81395  
0.270173  4.2363  
2.24646  0.373851  
0.143167  4.03729  
1.51258  1.08684  
0.416888  3.121  
0.121388  4.01254  
1.47064  1.25546  
0.418949  2.99396  
1.49562  1.1472  
2.09606  0.653222  
0.145668  3.9144  
0.429151  2.81865  
1.45599  1.32417  
0.937263  1.69518  
0.194632  3.34047  
0.537827  2.54207  
1.5137  0.943972  
0.467139  2.49726  
0.901716  1.75041  
0.129938  3.89839  
0.147114  3.45634  
1.42106  1.14422  
0.921019  1.68509  
0.878088  1.76518  
0.171134  3.24396  
0.827907  2.16834  
2.06147  0.641345  
0.822832  2.25946  
0.143062  3.62745  
2.11183  0.3484  
1.4309  1.08817  
1.34901  1.18591  
2.08418  0.258938  
2.1283  0.128469  
0.161131  3.24653  
0.388094  3.06342  
0.393878  3.09734  
0.460218  2.46107  
0.40496  2.6886  
1.44411  0.896902  
0.461981  2.48359  
1.39705  0.847515  
0.445526  2.64054  
0.0205675  3.95063  
0.864879  1.89721  
1.5435  0.964348  
0.834075  1.62139  
0.890848  1.66605  
1.39242  1.22678  
2.01913  0.0229577  
0.133948  3.2074  
0.8468  2.11459  
0.792314  1.98538  
0.107598  4.00438  
0.358173  2.69807  
0.391534  2.42115  
0.127476  3.6836  
0.426914  2.59765  
0.121977  3.86048  
2.09848  0.101806  
0.0840316  3.98489  
0.137041  3.56216  
0.844699  1.96397  
0.434301  2.57575  
0.886274  1.7398  
0.442683  2.47543  
0.34578  2.95616  
1.41259  1.18345  
0.497747  2.49433  
0.401375  2.97759  
2.07107  0.621183  
0.0870902  3.98099  
1.38135  1.65783  
0.842688  2.13645  
0.876859  1.99025  
1.46877  0.884949  
1.42589  1.13816  
0.476532  2.47987  
0.8777  1.87496  
0.910875  1.70624  
1.43521  1.08758  
0.160226  3.40802  
0.187298  3.29986  
0.128145  3.92497  
1.47313  0.880941  
0.44868  2.50325  
1.47522  0.915938  
0.88042  1.79175  
1.4362  1.09879  
2.07916  0.624702  
0.415229  2.8661  
2.10782  0.340772  
2.15472  0.1566  
0.43409  2.64549  
2.07056  0.752952  
0.895729  1.75027  
0.421591  2.7708  
0.112358  4.06245  
0.169414  3.60899  
0.447113  2.55047  
0.467337  2.48095  
1.37658  1.33394  
0.390818  2.53552  
0.136162  3.2285  
1.42515  0.851634  
0.417175  2.43795  
0.858073  1.63092  
0.0874752  3.99014  
2.09371  0.0947721  
0.85424  1.6719  
1.33577  1.59013  
1.33879  1.57082  
0.822927  1.8228  
1.98916  0.606156  
0.112243  3.4491  
2.04765  0.164297  
1.33254  1.59757  
2.00611  0.311308  
0.827661  1.80651  
1.37272  1.06773  
0.374106  2.44736  
0.843411  1.67971  
1.35316  0.992616  
0.790179  1.80253  
0.794202  1.84163  
0.331971  2.8196  
1.42136  0.828264  
0.813173  1.65356  
0.318593  3.05696  
0.361786  2.51647  
1.98087  0.510569  
0.745942  2.28715  
1.38517  0.803415  
0.0931557  3.30556  
0.100293  3.50216  
1.96962  0.672337  
0.386667  2.41438  
0.770094  1.98603  
1.9925  0.352054  
0.399029  2.40928  
1.36874  0.860243  
0.0634762  3.64437  
1.32578  1.22634  
0.327186  2.90338  
0.83625  1.71254  
0.835524  1.59669  
0.10488  3.19141  
0.0748721  3.44677  
0.352052  2.60358  
0.826128  1.60471  
0.801044  1.71403  
0.00477076  3.92831  
0.357018  3.00039  
1.35485  1.15295  
0.395446  2.39374  
1.96288  0.732895  
0.377576  2.62682  
1.99723  0.301292  
0.775383  2.31682  
1.33588  1.08883  
0.781561  1.86336  
0.343328  2.68566  
2.00639  0.0081317  
0.0378968  3.98714  
0.758146  2.13081  
0.34055  2.71864  
1.31342  1.32526  
2.00206  0.348091  
1.35933  0.904999  
0.0427161  3.93375  
0.752413  2.22124  
0.786833  1.85303  
0.776615  1.92178  
0.33829  2.76495  
1.98569  0.468821  
0.383733  2.40608  
0.818959  1.62543  
0.767752  2.07079  
0.346818  3.07522  
1.97893  0.618235  
0.742026  2.35815  
0.330396  2.87857  
0.357623  2.75616  
0.360812  2.53111  
0.810828  1.71344  
2.05033  0.0517066  
1.40889  0.871224  
0.855096  1.62315  
0.131495  3.21527  
1.38835  0.93799  
2.02282  0.207787  
1.98579  0.615506  
1.34047  1.41896  
0.115965  3.36341  
0.0850957  3.86013  
1.37656  1.03664  
1.33977  1.43042  
1.40395  0.888054  
0.0954255  3.7077  
2.01146  0.284601  
1.99766  0.435488  
1.3294  1.10867  
0.375144  2.4216  
0.778031  1.86763  
0.767674  1.97426  
0.33733  2.7209  
1.3187  1.22534  
0.78902  1.77051  
0.75761  2.09168  
1.98645  0.0369976  
1.34082  1.00397  
1.91587  0.762185  
0.351519  2.57468  
0.331439  2.79152  
0.322792  2.90229  
1.30796  1.35547  
0.317135  2.98089  
0.304926  3.15584  
0.36127  2.49623  
0.751746  2.16422  
0.0992174  3.19622  
0.371374  2.43754  
0.3287  2.82482  
0.764813  2.00522  
0.0654182  3.54638  
1.98383  0.0485539  
1.9636  0.178113  
0.74494  2.25481  
1.9239  0.640844  
1.38327  0.799003  
1.30075  1.45044  
0.792011  1.74871  
1.94298  0.3875  
1.94826  0.328658  
1.34497  0.970295  
1.97241  0.112922  
1.32197  1.18676  
0.0821771  3.32164  
0.770457  1.94327  
0.0534473  3.73239  
0.357826  2.52138  
0.000870938  3.94426  
0.1078  3.18081  
1.30439  1.40179  
0.833389  1.59355  
0.314204  3.02328  
0.754772  2.12575  
0.319747  2.94299  
0.390942  2.39026  
0.797378  1.71088  
1.38903  0.795216  
1.95344  0.271914  
0.00458331  3.89538  
1.91967  0.702949  
0.823698  1.60198  
1.99969  0.00109154  
0.785509  1.79905  
1.3748  0.815074  
0.775278  1.89335  
1.32495  1.15476  
0.379051  2.40831  
0.354398  2.54891  
1.33382  1.06536  
0.33942  2.69596  
0.101203  3.18968  
0.0470247  3.82856  
0.0713499  3.45742  
1.31127  1.31367  
1.93288  0.514382  
1.35596  0.895955  
1.36756  0.839056  
0.0596204  3.63891  
0.809817  1.64377  
0.311168  3.06379  
0.348556  2.60212  
1.35059  0.929928  
0.367724  2.45599  
0.0933676  3.22497  
1.36203  0.863571  
0.0767232  3.38564  
1.32737  1.12925  
1.31619  1.25421  
1.93814  0.448483  
1.29575  1.52069  
0.33414  2.75755  
1.338  1.02753  
0.740345  2.31739  
1.92807  0.580662  
0.760559  2.05618  
0.0875716  3.26814  
1.95877  0.223112  
0.748914  2.20193  
1.99328  0.014665  
1.97812  0.0780108  
0.325552  2.86531  
0.780723  1.8412  
0.802789  1.67833  
0.342757  2.6603  
0.814996  1.62405  
1.96678  0.153364  
0.30801  3.11099  
1.92552  0.612652  
1.33028  1.09767  
1.31361  1.28165  
1.3089  1.34032  
0.374842  2.42165  
0.767527  1.97304  
0.777737  1.86719  
0.761774  2.03797  
0.788663  1.77174  
0.751767  2.16128  
0.351247  2.57446  
0.345357  2.63068  
0.336763  2.72404  
0.331116  2.79139  
0.304661  3.15526  
0.325433  2.86402  
0.361529  2.49285  
0.316776  2.98133  
0.354218  2.54852  
0.370976  2.43818  
0.307765  3.10981  
1.98534  0.040322  
0.000423316  3.95322  
0.0930328  3.22559  
0.785431  1.79804  
1.96264  0.184503  
0.310833  3.0655  
0.107327  3.18057  
1.92266  0.654596  
1.99227  0.01606  
0.342471  2.66052  
1.3009  1.44541  
1.94277  0.386571  
1.30574  1.38089  
0.0818381  3.32212  
0.832803  1.59333  
1.96776  0.143555  
0.319734  2.94032  
1.3895  0.795002  
1.93262  0.514128  
0.797278  1.70984  
0.378761  2.40834  
0.744559  2.25704  
0.823806  1.60113  
1.38244  0.799503  
1.99991  0.00022794  
1.94792  0.32776  
1.35449  0.903117  
0.814687  1.62434  
1.32173  1.18726  
0.0707257  3.46313  
0.101353  3.18855  
0.0531607  3.73386  
1.31119  1.31125  
0.000568765  3.94536  
1.95277  0.276419  
0.0989641  3.19601  
0.35734  2.52344  
0.754552  2.12582  
1.36043  0.869857  
0.774796  1.89602  
0.339635  2.69118  
0.390729  2.39006  
0.00431881  3.89515  
1.99973  0.000477217  
1.33289  1.07219  
0.348266  2.60203  
0.764569  2.00562  
1.36602  0.843986  
1.97341  0.103924  
0.770336  1.94202  
1.34253  0.987658  
0.328297  2.82688  
1.33797  1.02599  
0.0593065  3.63766  
0.809226  1.64529  
0.367293  2.45717  
0.0651356  3.54661  
0.0763136  3.38746  
1.29548  1.52106  
1.92772  0.581579  
1.93768  0.448681  
1.31667  1.24523  
1.32707  1.1301  
0.0465876  3.82952  
0.333932  2.75718  
0.780731  1.83915  
1.91811  0.723168  
1.34828  0.94434  
0.748865  2.19927  
0.758843  2.07285  
0.0873586  3.26803  
0.74013  2.31793  
1.95783  0.227148  
0.791972  1.74656  
1.37286  0.819728  
1.97923  0.0695613  
0.802922  1.67624  
0.313814  3.02322  
0.322587  2.90175  
0.374788  2.42162  
1.30268  1.42096  
1.30882  1.3407  
0.771765  1.92655  
0.363832  2.47744  
0.777691  1.86725  
0.7617  2.03836  
0.788634  1.77162  
0.342439  2.66037  
0.351188  2.57452  
0.331103  2.79138  
0.33676  2.72332  
0.751714  2.16151  
0.304611  3.15533  
0.361042  2.49592  
1.31351  1.28241  
0.325409  2.86375  
0.0989254  3.19604  
0.316729  2.98175  
0.354159  2.5487  
0.370944  2.43812  
0.30773  3.11016  
0.785401  1.7979  
0.0763055  3.38705  
0.7445  2.25712  
1.93262  0.513953  
0.107431  3.18053  
0.0707102  3.46293  
1.94271  0.386769  
1.36741  0.838192  
0.00427197  3.89512  
1.30571  1.38085  
0.0818298  3.3217  
0.748845  2.19893  
1.38931  0.794963  
0.357303  2.52337  
0.065029  3.54758  
0.832915  1.59329  
0.319653  2.94103  
1.98523  0.0405861  
1.32213  1.18245  
1.97337  0.103945  
0.754554  2.1253  
1.38274  0.799051  
1.35447  0.902941  
0.780701  1.83908  
0.378733  2.40827  
1.99972  0.000408614  
0.101298  3.18855  
1.34819  0.944523  
0.0531106  3.73358  
1.99982  0.00027767  
1.92262  0.654616  
1.93765  0.448644  
0.000494467  3.94683  
1.33277  1.07304  
1.3003  1.45312  
0.367185  2.45751  
0.823789  1.60108  
0.774685  1.89666  
1.95271  0.276585  
1.31125  1.31013  
0.791966  1.74626  
0.797208  1.71011  
0.333828  2.7578  
0.33959  2.69123  
0.390853  2.39  
1.96256  0.184722  
0.764555  2.00529  
1.34247  0.987797  
1.36033  0.870111  
0.328276  2.82662  
0.0592761  3.63726  
0.809563  1.64368  
0.310762  3.06623  
0.0930429  3.22522  
0.348256  2.60167  
1.31664  1.24494  
1.92763  0.582334  
0.0466187  3.82838  
1.32782  1.12192  
0.00048882  3.94712  
1.91803  0.72343  
1.29546  1.52051  
1.94788  0.327695  
0.758828  2.07265  
0.740098  2.31783  
0.0873329  3.26795  
1.96831  0.139036  
1.95777  0.227326  
0.768867  1.95737  
1.97919  0.0695532  
1.33794  1.0259  
0.313778  3.02308  
1.99218  0.0161065  
0.803047  1.67539  
1.37476  0.814323  
0.322549  2.90182  
0.81466  1.62419  
0.345249  2.63136  
1.31352  1.28213  
0.374786  2.42161  
1.30883  1.34048  
1.30258  1.42222  
0.363798  2.47759  
0.767448  1.97271  
0.761684  2.03845  
0.788617  1.77163  
0.751697  2.16163  
0.345286  2.63076  
0.351171  2.57458  
0.336713  2.72374  
0.33106  2.79147  
0.304576  3.15567  
0.325382  2.86396  
0.361084  2.49557  
0.370893  2.43829  
0.0989273  3.19598  
0.316712  2.98157  
0.354187  2.54839  
0.307693  3.11026  
0.744492  2.25711  
1.322  1.18369  
1.3057  1.38084  
0.000476748  3.94726  
1.9226  0.654719  
1.34816  0.944604  
0.777679  1.86724  
1.36038  0.869822  
1.94271  0.38666  
0.00427365  3.8951  
1.38945  0.794954  
0.0530945  3.73356  
0.357292  2.52338  
1.97914  0.0696504  
0.833005  1.59328  
1.98524  0.0404555  
0.319636  2.94107  
1.30027  1.45349  
0.797266  1.70966  
0.107398  3.18052  
0.803038  1.67538  
1.35446  0.902935  
1.95272  0.276378  
0.10124  3.18867  
1.29545  1.52063  
0.0707205  3.46259  
0.37852  2.40887  
0.34241  2.66053  
0.78538  1.79797  
0.823801  1.60103  
1.96255  0.184712  
0.754559  2.12516  
0.081775  3.32218  
0.0465824  3.82877  
1.9677  0.14354  
0.390758  2.39  
1.99968  0.000429849  
1.94788  0.327685  
1.33278  1.07289  
1.3826  0.799203  
0.774722  1.89621  
0.339549  2.69163  
1.99984  0.000216931  
1.31119  1.31073  
0.00050534  3.94581  
1.93262  0.513727  
1.97337  0.103872  
0.310751  3.06615  
1.36744  0.838067  
0.764541  2.00531  
1.92762  0.582279  
1.34247  0.987733  
0.809547  1.64371  
1.37474  0.814305  
0.328229  2.82708  
0.059236  3.63768  
0.0930001  3.22543  
0.748831  2.19898  
0.348205  2.60207  
0.367239  2.45712  
0.0650837  3.54637  
0.0762729  3.38728  
0.0873152  3.26793  
1.31663  1.24493  
1.93763  0.448631  
0.333882  2.75707  
1.32699  1.13037  
1.91801  0.723695  
0.758824  2.07251  
0.740079  2.31787  
0.79196  1.74621  
1.95777  0.227227  
1.33793  1.02588  
0.7703  1.94185  
0.780706  1.83897  
0.322529  2.90181  
0.313747  3.02332  
1.99219  0.0160457  
0.814651  1.62417  
1.92031  0.688746  
0.374732  2.42179  
1.30803  1.35056  
1.30255  1.42248  
0.76739  1.97334  
0.777654  1.86745  
0.363739  2.47795  
0.761667  2.03855  
0.788585  1.77186  
0.751681  2.16178  
0.351126  2.57494  
0.342376  2.66086  
0.336684  2.72403  
0.331026  2.79187  
0.304541  3.15611  
0.325351  2.86431  
0.361017  2.49602  
0.316686  2.98187  
0.0988612  3.1962  
0.370872  2.43838  
0.354149  2.54869  
0.307659  3.1107  
0.107426  3.18052  
1.32205  1.18316  
0.832948  1.59328  
1.92306  0.647858  
0.0706791  3.46312  
1.30028  1.45328  
1.9427  0.386687  
1.3894  0.79495  
0.0530418  3.7343  
0.357259  2.52361  
1.99218  0.0160645  
0.0817204  3.3227  
0.00426622  3.8951  
0.000400321  3.95116  
0.319603  2.94149  
0.754539  2.12537  
1.34251  0.987427  
1.9677  0.14354  
0.785364  1.79809  
0.814609  1.62431  
1.35447  0.902874  
0.823697  1.60121  
0.37861  2.40859  
1.99967  0.00043227  
0.809555  1.64366  
1.96255  0.184709  
0.101293  3.18852  
0.000488304  3.94653  
0.348186  2.60221  
0.390758  2.39  
0.744466  2.25738  
0.0650279  3.54718  
1.29543  1.52082  
1.95271  0.276436  
1.33277  1.07291  
0.0465193  3.82957  
1.97336  0.103874  
0.310711  3.06663  
1.38258  0.799214  
1.93763  0.448628  
0.774679  1.8966  
0.367199  2.45732  
1.93262  0.513764  
0.339525  2.69184  
1.98523  0.0404829  
1.99983  0.000217364  
0.345252  2.63106  
0.797204  1.71004  
1.31118  1.31089  
1.36742  0.838122  
0.764524  2.00547  
0.328195  2.82749  
1.31663  1.24493  
0.0591698  3.63866  
0.0929324  3.22581  
1.95776  0.227224  
0.0762141  3.38798  
1.30569  1.38097  
1.91799  0.723883  
1.92762  0.582283  
0.333844  2.75749  
1.3278  1.12205  
1.94787  0.327682  
1.34814  0.944701  
1.36035  0.869939  
0.748806  2.19927  
0.758816  2.07256  
0.0872551  3.26842  
0.740066  2.31804  
0.79194  1.74633  
0.770278  1.94206  
0.780689  1.83906  
1.97913  0.0696803  
1.33792  1.02588  
0.313718  3.02369  
0.803021  1.67545  
1.37472  0.814358  
0.322505  2.90208  
1.30881  1.3406  
0.374734  2.42178  
1.30255  1.42248  
0.36374  2.47793  
0.771737  1.92668  
0.777653  1.86745  
0.761666  2.03855  
0.788599  1.77175  
0.75168  2.16178  
1.32455  1.156  
0.351126  2.57494  
0.345254  2.63103  
0.336683  2.72403  
0.331025  2.79186  
0.30454  3.15611  
0.325351  2.8643  
0.36111  2.49537  
0.316676  2.98201  
0.0988587  3.19621  
0.370848  2.43849  
0.354149  2.54868  
0.307658  3.1107  
1.98523  0.0404917  
1.29543  1.52081  
0.785363  1.79809  
0.80302  1.67545  
1.96255  0.184708  
1.34335  0.980751  
0.744466  2.25738  
0.107419  3.18052  
1.32139  1.19049  
1.9427  0.386686  
0.328195  2.82749  
1.92306  0.647857  
1.35558  0.896207  
1.38946  0.794948  
0.053041  3.7343  
0.768834  1.95755  
0.357242  2.52373  
0.833012  1.59328  
1.36165  0.863412  
0.754538  2.12537  
0.000403597  3.95093  
0.00426567  3.8951  
0.0817194  3.3227  
0.10129  3.18852  
0.797238  1.70982  
0.065027  3.54718  
0.319602  2.94149  
0.322493  2.90224  
1.99983  0.000216496  
1.38258  0.799218  
1.33792  1.02588  
0.823713  1.60118  
1.34916  0.937564  
0.774685  1.89654  
0.0706784  3.46312  
1.99966  0.000443073  
1.3002  1.45434  
0.000499054  3.94595  
1.93262  0.513752  
0.764523  2.00547  
0.367196  2.45733  
1.95271  0.276412  
1.97913  0.0696793  
1.33277  1.07293  
1.31116  1.31104  
0.390758  2.39  
0.339525  2.69183  
0.378619  2.40856  
1.97336  0.103873  
1.36742  0.838121  
0.0591711  3.63863  
1.37471  0.814356  
0.809555  1.64366  
0.31072  3.06648  
0.0929314  3.22581  
0.342376  2.66086  
0.348172  2.60234  
1.30569  1.38096  
0.0762207  3.38788  
1.3278  1.12202  
1.91799  0.723882  
1.93763  0.448627  
0.0465201  3.82954  
1.92762  0.582283  
0.333848  2.75743  
1.31663  1.24492  
1.94787  0.327681  
0.748808  2.19923  
0.758814  2.07257  
0.0872537  3.26842  
1.96769  0.143564  
0.814607  1.62431  
0.740063  2.31804  
0.791939  1.74633  
1.95776  0.22726  
0.780688  1.83906  
0.313716  3.02369  
1.99218  0.0160632  
