1.10688  2.26447  5.66002  
1.11498  2.06353  5.41256  
0.643288  2.85408  5.43288  
2.24678  2.01817  2.84117  
0.811485  3.65567  4.24943  
0.950258  1.03818  6.41858  
1.38758  1.85645  5.40772  
0.500482  0.503297  6.50048  
0.553367  2.99611  5.29738  
1.14754  1.23171  5.89374  
0.655701  4.40569  1.07106  
0.992267  2.16512  5.62298  
1.45132  2.2948  4.78039  
0.710622  0.820131  6.57341  
1.99443  2.48406  2.82512  
1.77441  2.41756  4.0167  
1.17415  3.73035  3.4955  
1.5198  2.58797  4.30455  
0.474395  3.23336  4.73473  
1.94998  1.60849  4.23735  
0.809452  1.0478  6.38714  
0.52734  1.31637  6.40945  
0.484469  1.10715  6.41132  
1.1372  2.58514  5.31939  
0.533884  0.652486  6.48113  
1.13313  2.82207  5.04371  
0.767468  1.59647  6.13919  
1.4573  2.24677  5.10393  
0.592231  2.36672  5.96348  
1.11622  1.98144  5.77938  
0.539258  1.84389  6.08123  
1.45364  2.46164  4.75824  
1.6996  3.02319  3.37175  
1.36248  1.97976  5.37536  
0.527443  0.527486  6.52744  
0.82726  1.00249  6.32827  
2.07271  2.17699  3.14243  
1.67009  3.04115  3.45628  
1.34034  2.22686  5.33429  
0.945587  3.11765  5.33888  
0.581793  0.582517  6.58179  
0.61654  3.28523  5.07092  
0.633544  1.13691  6.56404  
0.557801  0.863038  6.45502  
0.55315  0.568841  6.55115  
0.491775  1.0137  6.43912  
0.955101  1.66078  6.03854  
1.58415  3.11551  4.28703  
0.574327  0.677055  6.56215  
0.538521  0.849874  6.45283  
0.490532  2.61502  5.57033  
0.953432  2.21794  5.74328  
0.645339  2.77164  5.55514  
1.46132  1.6777  5.53537  
1.3065  1.32391  5.82342  
1.70923  3.3853  2.52321  
1.57666  2.7916  3.95253  
0.721083  0.494541  6.3783  
1.20838  2.37088  5.43302  
0.817149  1.39012  6.17633  
2.01386  2.15142  3.31678  
0.705697  3.08163  5.10352  
0.524509  0.682204  6.4686  
0.495853  1.38805  6.34467  
0.558837  0.898091  6.53722  
0.909235  2.79477  5.62465  
0.829178  0.970973  6.29206  
0.908905  1.49654  6.19146  
0.729944  2.5946  5.60087  
1.30401  3.27619  4.01345  
1.54759  3.89384  1.14564  
2.39781  2.04011  1.39092  
1.63159  2.69099  3.97579  
0.6581  1.19067  6.50137  
1.20793  2.37825  4.88591  
0.554215  0.714163  6.50441  
1.76403  2.51908  4.25814  
0.602004  0.643253  6.55658  
0.403941  0.416818  6.39319  
0.749258  0.947125  6.26265  
1.45455  1.86365  5.36704  
0.498673  0.505451  6.49212  
1.78926  2.14226  4.1205  
2.06758  2.58309  2.92731  
1.0529  2.47278  5.44245  
0.937458  2.31823  5.22956  
1.83811  2.69457  3.27481  
0.568261  0.715209  6.56359  
1.77073  1.25393  4.93271  
0.50676  3.1487  5.0118  
0.552072  1.09397  6.40596  
1.89107  2.66522  2.46879  
0.703615  2.47151  5.60767  
0.773623  1.01795  6.46317  
0.707068  1.40014  6.41613  
1.57443  2.47853  4.11524  
0.820731  1.86337  6.10685  
1.73191  2.91408  3.4047  
0.828997  4.17447  3.16325  
1.30761  2.83767  4.51294  
0.698808  3.45181  4.5565  
1.5407  2.68059  4.44407  
1.54922  1.54016  5.53715  
1.20763  2.93008  4.82034  
0.553123  2.60313  5.69499  
0.597924  0.626415  6.52068  
0.504568  0.513187  6.49113  
0.789966  1.79813  6.37255  
0.477191  0.478515  6.4764  
0.924962  1.24326  6.29872  
1.18799  2.19921  5.91131  
1.21257  1.62164  6.11125  
0.883843  2.04464  5.97779  
0.544953  0.775795  6.33657  
1.35124  1.43414  5.94199  
0.93479  1.12634  6.22847  
1.55006  2.9713  4.37447  
0.523549  1.89829  6.12185  
1.24917  2.15452  5.52551  
0.934585  4.34236  1.92386  
0.925924  3.40098  4.23009  
0.536145  0.544415  6.53613  
1.70337  1.87997  4.28635  
0.496495  2.85901  5.22098  
0.882356  1.96976  5.33005  
1.86335  2.95372  2.82892  
0.622478  2.27876  5.72065  
0.725584  2.72286  5.57169  
1.44415  1.37553  5.39825  
1.6954  3.46478  1.23999  
0.905777  2.94811  4.97256  
1.93592  2.12618  3.95094  
0.587148  3.14703  4.9888  
1.85837  2.29596  3.50896  
1.66166  2.79742  4.17656  
1.55113  0.731804  4.853  
2.10334  2.22641  3.23109  
0.405093  1.86129  5.90433  
1.49202  3.6359  0.548886  
1.48726  2.35022  4.73717  
0.265842  4.1579  0.171912  
1.02982  3.44574  3.74392  
1.29409  2.27478  4.80512  
0.626108  3.06933  4.36607  
1.56831  3.59849  2.51919  
1.70673  2.59366  3.36552  
1.19675  1.38798  5.74697  
1.44968  3.56685  3.27465  
1.49331  1.84444  5.07316  
1.71955  2.89034  3.0601  
2.00438  0.00442749  0.00438028  
0.0805189  0.0804846  6.08035  
1.79253  3.20222  0.566549  
1.22882  2.58945  4.88729  
0.381127  3.81415  3.45106  
0.540039  3.36142  4.7931  
1.3941  0.471312  5.54613  
1.41847  2.85339  3.65031  
1.63093  3.1378  2.82684  
1.69746  2.15849  4.06432  
1.15134  4.01664  2.30491  
1.34333  3.95965  2.43198  
1.30467  1.93394  5.53607  
0.641209  2.54361  5.37252  
0.85161  3.76829  3.83263  
1.37348  2.75973  4.63939  
1.87696  1.30783  4.80568  
1.53464  0.46401  5.44936  
1.79331  3.53035  0.809622  
1.15252  1.32688  5.8164  
1.98921  1.18929  4.62767  
0.683262  2.93435  5.2168  
1.2924  2.83015  4.49374  
1.21821  3.44374  3.82966  
1.35927  1.25111  5.98998  
1.35088  3.71642  3.28363  
0.587196  3.08759  5.18174  
1.1811  3.27438  4.34928  
1.3026  1.10409  5.99596  
1.08442  1.7104  5.92931  
0.875142  2.44783  5.63826  
1.82567  1.63672  5.02398  
0.586473  2.81903  5.523  
1.29508  3.98015  2.52301  
1.41235  2.23842  5.27409  
1.95256  2.73072  2.57025  
0.955194  3.64865  3.93939  
1.35571  2.78839  4.47187  
1.66759  2.47161  4.22605  
0.547785  2.68427  5.61986  
1.83793  1.4674  4.80582  
0.590748  2.67336  5.50575  
1.95135  1.81765  4.37239  
2.48555  0.777258  2.27704  
0.902275  4.02778  2.71537  
0.566791  4.53946  0.835301  
1.36741  1.08019  5.99258  
0.409555  0.412442  6.40815  
1.44186  2.59547  4.58061  
0.655054  3.18407  5.1865  
0.477162  2.94727  4.84397  
1.67701  1.84879  4.18635  
1.38339  3.59559  0.884939  
0.640354  3.80398  3.48288  
1.54298  1.60021  4.52644  
0.950769  4.13526  0.781516  
0.118568  0.118568  6.11857  
2.11319  1.84222  1.62386  
0.317174  3.11594  4.44399  
0.681009  2.86105  4.85949  
0.410119  2.36598  5.64094  
0.883661  3.32055  3.60555  
1.62229  1.85359  3.84347  
0.376507  1.94436  5.89638  
1.4205  3.07387  2.81624  
0.381974  3.01789  4.89062  
0.947655  2.37244  5.08634  
1.48256  1.82823  4.62185  
1.15309  2.26461  4.72921  
1.01877  2.6789  4.18898  
1.92021  0.512412  3.25108  
0.770572  2.63411  5.04064  
1.47905  2.46147  3.33463  
0.667422  2.63753  5.18551  
1.67689  1.43307  3.68323  
0.271677  2.49804  5.22086  
0.919759  3.70495  2.03705  
1.93212  1.3613  2.78631  
0.488517  3.89811  2.67769  
0.961925  0.43524  5.76462  
1.50426  0.186231  4.33028  
1.5002  2.96234  0.128911  
1.1665  2.99975  3.8092  
1.19713  3.38047  2.36245  
2.00163  0.00163132  0.00163132  
1.87152  1.96982  2.27962  
1.80222  0.398078  3.79943  
1.77439  1.28752  3.24881  
1.3608  3.32734  0.311812  
0.272558  3.43101  3.928  
0.479937  3.58471  3.07296  
1.62208  2.07566  2.50576  
0.809344  1.63293  5.61542  
0.00139883  0.00139883  6.0014  
1.69377  2.75413  0.282  
0.251305  2.88447  4.33929  
1.5502  2.73238  3.30628  
0.00144127  4.00129  0.00128639  
1.22153  0.459782  5.16827  
0.485163  2.68528  4.93176  
0.474225  3.6311  3.86407  
1.80922  2.3338  0.278545  
1.08563  2.43953  4.60929  
1.00446  3.80368  0.478171  
1.59792  1.13358  4.22181  
0.717223  1.31426  5.7583  
1.02462  1.53617  4.85794  
1.20253  3.5719  0.311507  
0.774642  3.1213  3.64629  
1.43044  2.85252  2.61701  
1.72844  1.24933  4.12819  
1.17448  2.05597  3.76489  
1.29086  3.10431  2.69962  
0.804693  2.45864  4.98528  
1.00995  1.30827  5.48809  
0.343814  2.81434  4.90371  
1.27351  3.27764  1.9389  
0.998727  3.27315  3.0249  
0.737011  3.48219  3.23464  
1.30321  1.78111  4.69613  
0.755489  2.8068  4.77277  
0.74827  3.71595  2.98711  
1.62611  3.12761  1.00955  
0.977375  3.43146  2.95029  
1.16272  3.10895  3.99018  
0.499785  1.52342  5.89205  
1.89616  1.42322  2.95073  
0.511573  2.45234  5.21363  
1.11608  3.50111  2.65256  
0.512482  1.86347  5.3492  
1.78488  2.6612  2.23614  
0.345028  3.86688  2.90046  
1.08173  3.97132  0.336416  
1.19038  3.55428  2.26053  
1.2668  2.87654  3.74989  
0.554529  2.76699  4.99155  
1.90486  2.31819  1.68828  
0.340901  3.80568  3.32039  
1.21854  0.790527  5.55374  
0.901989  3.5127  3.01308  
0.903245  0.66513  5.94449  
0.864808  2.07352  5.32242  
0.698509  1.2546  5.90784  
1.58753  2.32498  3.70441  
1.48623  1.58981  4.68448  
0.690321  3.51886  3.79681  
0.4787  1.76378  5.89962  
0.723053  2.34847  5.25439  
1.0441  2.63581  4.61721  
1.00437  1.72737  5.6034  
1.65268  2.36505  2.04014  
1.43301  1.28129  4.1363  
0.900603  2.97035  3.84206  
1.09672  1.45823  4.92196  
0.913165  2.01016  4.71046  
1.31418  2.80199  2.83274  
0.810872  1.12157  5.44172  
1.18766  1.65549  4.53246  
1.72299  0.594186  3.85672  
1.00991  3.21387  3.02562  
1.64656  1.59454  3.52055  
0.27657  3.40784  3.45333  
0.891448  3.05724  3.28225  
1.737  0.540527  3.5282  
0.352124  3.21457  3.82274  
1.18467  2.83088  2.89409  
1.90991  0.140503  2.65362  
1.76572  2.3512  0.13885  
1.23683  3.28578  1.23553  
1.82027  0.56914  3.23965  
1.70619  2.10483  1.69456  
1.24118  3.33989  0.123611  
1.49051  2.98038  0.469968  
0.42027  3.78308  2.11836  
0.479379  0.94961  5.75338  
0.726131  1.47077  5.42411  
1.01778  2.55539  3.86083  
1.57264  2.00695  3.06958  
0.737872  1.54259  5.26582  
1.72158  2.36631  0.272842  
1.77425  0.144613  3.31361  
1.18157  2.86659  2.82597  
1.85344  0.337012  2.78022  
1.87439  1.13338  1.86944  
0.73195  3.12535  3.41466  
0.890226  0.137049  5.54313  
1.76526  1.54897  2.33606  
1.61687  1.61755  2.83428  
1.50059  0.000693948  3.96966  
0.222267  3.63287  2.66302  
1.01398  1.76888  4.54722  
1.91137  1.60081  0.223699  
1.09897  3.4824  0.126565  
1.33704  2.67342  2.44116  
1.54899  2.53211  0.000521979  
2.0005  0.000504254  0.000504254  
0.000802507  2.04417  5.15882  
0.211229  3.46173  3.21611  
0.888186  3.428  2.22198  
0.989162  2.95562  3.71023  
1.17112  3.20649  1.89673  
1.36557  3.06462  0.141183  
0.000551797  0.000551797  6.00055  
1.81015  1.13313  2.73523  
1.79039  1.93626  0.121893  
1.84743  0.143542  3.04484  
1.93993  0.116484  2.18756  
0.000808762  4.00078  0.000800625  
1.01977  2.28857  4.34622  
1.4063  1.63958  3.74409  
1.15459  0.190209  4.8987  
0.69924  3.89524  0.702096  
0.247366  2.82083  4.19602  
0.83646  3.81819  0.141876  
1.24139  2.17765  3.40365  
1.21962  1.94523  4.15955  
0.737776  0.996721  5.52395  
1.41174  1.15159  4.23905  
1.658  0.617383  3.70349  
1.37216  0.1553  4.67366  
1.08664  0.146099  5.26033  
0.251328  1.65324  5.58134  
0.224057  2.60071  4.80703  
0.224607  3.33863  3.58008  
0.430517  3.52091  2.81834  
1.68179  1.04475  3.36817  
1.46476  2.70448  1.85268  
1.54917  2.19614  2.6562  
0.88814  3.19504  3.10621  
0.983123  0.189241  5.41011  
1.55212  1.31333  3.76833  
1.22416  1.44307  4.49927  
0.752467  1.77326  5.06316  
0.98628  1.49177  4.97326  
1.61732  2.41701  1.4521  
1.96433  1.44412  0.298392  
1.88681  0.476993  2.41447  
0.790213  1.99216  4.98317  
1.38635  2.44299  3.02559  
0.76877  3.03854  3.57947  
0.853316  3.79612  0.282563  
1.70726  1.39294  3.16642  
0.777729  2.34261  4.66362  
1.206  1.69889  4.37309  
0.623685  3.88242  1.93383  
0.742857  1.21958  5.44421  
0.314942  1.81564  5.45001  
0.242365  2.30153  5.10921  
1.34211  3.2573  0.486689  
1.4876  2.62123  2.11747  
1.93071  0.14359  1.91571  
0.383434  3.73172  2.07413  
1.65241  2.19022  1.61782  
0.503489  2.75683  4.18696  
1.07203  2.82312  3.02977  
1.70441  1.50619  2.406  
1.07624  0.0836156  5.17295  
0.877925  3.08102  3.08536  
1.20438  3.08416  1.81819  
0.468421  3.29615  3.28276  
1.44241  2.88313  0.21385  
1.97016  0.610125  1.10753  
1.55257  0.790788  3.60522  
0.23656  3.12101  3.84093  
1.14974  3.23787  1.34888  
1.83229  1.49733  1.46035  
0.4582  2.52274  4.54096  
1.63732  1.16216  3.18059  
0.728283  2.96708  3.40133  
1.37046  1.14609  4.16601  
0.000480247  3.57721  2.6867  
1.113  0.0454991  5.05578  
0.246721  1.74592  5.39695  
0.765269  2.29443  4.36053  
1.87597  1.53947  0.118314  
0.178909  3.82108  1.71522  
1.21024  3.26149  0.106609  
0.736898  2.00922  4.82548  
1.20574  1.67992  4.07587  
0.901753  3.17759  2.51032  
0.993036  1.48897  4.71701  
0.471145  0.944384  5.65748  
0.668625  3.27441  3.02464  
0.000436772  3.24934  3.50045  
1.55551  0.172882  3.78364  
0.780711  3.74567  0.156184  
1.58481  1.8098  2.47978  
1.47494  2.70241  0.000310316  
1.03399  3.42481  0.000432856  
0.175038  3.72372  2.41163  
1.76532  1.10177  2.29694  
0.000353105  2.8318  4.2384  
1.63109  2.31749  0.129762  
0.79438  3.55953  1.37397  
1.27697  3.08045  0.0576963  
0.000292593  0.000292593  6.00029  
1.78836  1.79241  0.000361266  
1.37606  0.000504612  4.35602  
1.13124  2.89494  2.49891  
0.66818  3.81369  0.50722  
1.91918  1.12927  0.0710267  
0.567477  3.8044  1.30224  
0.246561  2.13511  5.02299  
1.38784  1.8007  3.47048  
0.72359  1.20471  5.29881  
1.87959  0.129921  2.0551  
1.14397  2.53474  3.22541  
1.00536  2.52651  3.55124  
2.00031  0.000310537  0.000359538  
0.000297968  4.00027  0.000700581  
0.886354  0.000525524  5.37991  
0.217815  0.928557  5.80545  
1.72156  0.000293367  3.05564  
1.37358  2.96961  0.0519908  
1.96271  0.117293  1.51563  
0.669273  3.45725  2.45162  
0.242249  2.49006  4.72889  
1.15868  1.16132  4.62377  
1.4426  2.35214  2.22705  
1.56877  2.59051  0.0316201  
1.85134  0.923013  1.8256  
1.60473  2.20796  1.8292  
1.69822  1.87535  1.57039  
1.622  1.38504  2.90351  
1.6609  0.151841  3.49701  
0.5853  3.22976  3.23089  
0.173397  3.40053  3.17755  
1.50713  1.48817  3.32501  
0.920416  0.691028  5.23345  
1.73176  2.13257  0.111095  
0.208532  0.408725  5.93985  
1.81957  0.0673128  2.71776  
0.723904  2.69584  3.90881  
1.40086  2.6297  1.81596  
0.463422  2.94669  3.92818  
1.96614  0.969136  0.0963045  
0.501517  2.0157  5.03831  
1.40143  2.16676  2.80821  
1.20688  2.17175  3.74194  
0.705444  0.585922  5.62175  
1.29357  2.80336  2.13755  
0.604505  3.67772  1.81577  
0.798809  3.4826  2.00831  
0.995355  1.967  4.4582  
1.31408  0.873386  4.33093  
0.341573  3.93283  0.98311  
0.754244  1.76715  5.04911  
1.46159  0.594672  4.15704  
1.14776  0.675438  4.82898  
0.243275  2.71568  4.44246  
0.484411  1.15666  5.57057  
0.468196  2.90991  3.88026  
0.000621432  1.66023  5.45982  
1.14138  2.51094  3.19299  
0.445537  3.37666  2.92638  
1.60079  0.000155835  3.59762  
1.92504  0.000167372  1.62917  
0.911637  2.96539  2.96016  
1.49854  1.06032  3.64257  
1.14836  1.1505  4.60044  
1.89686  1.26916  0.000196211  
0.742955  3.71402  0.000170102  
1.76079  1.89735  0.000115622  
1.46962  1.88806  2.93264  
1.9404  0.970389  0.000146073  
1.98069  0.00011444  0.834238  
0.433365  0.212188  5.84928  
1.4291  2.45468  2.01966  
0.931965  3.53796  0.153492  
1.61795  1.20808  3.04025  
1.14008  2.73334  2.74083  
1.95578  0.000143824  1.25695  
1.86685  8.91024e-05  2.15341  
1.85722  1.48512  0.000205623  
1.81009  0.000170152  2.55312  
1.37577  0.000115711  4.35537  
0.852333  3.61883  0.000162517  
1.40342  2.15445  2.80025  
0.000170061  3.85105  1.623  
0.000338964  1.40565  5.61748  
0.000127338  2.40111  4.79902  
1.60865  1.61167  2.62174  
1.20074  0.000170489  4.79889  
0.685555  3.19606  2.97045  
1.70917  2.07766  0.000119883  
0.65419  0.000120157  5.67018  
0.000189394  3.25485  3.48818  
1.92052  1.1172  0.000274683  
0.433965  3.90482  0.000109851  
0.000220661  3.92036  1.19296  
1.20118  1.6809  4.08246  
0.656627  3.77855  0.000167882  
1.28673  3.06261  0.000194564  
1.47657  2.69828  0.000109907  
7.4601e-05  7.4601e-05  6.00007  
2.00012  0.000122371  0.000160372  
0.000194263  3.57733  2.68519  
0.968916  2.66934  3.39601  
0.000151311  4.00012  0.000148031  
1.01137  2.52039  3.53713  
1.33388  1.3346  4.00374  
0.767723  2.05104  4.61303  
1.72097  8.23058e-05  3.05735  
0.000149892  2.82856  4.24279  
1.03981  3.41716  0.000145719  
0.902689  3.16302  2.48197  
1.78925  1.78778  0.000126001  
0.000115794  1.93457  5.25181  
1.02932  0.000146703  5.14478  
0.989523  3.31469  1.58247  
1.17771  3.23322  0.000129648  
0.000163195  3.3964  3.16993  
1.04956  3.11026  2.08598  
0.000174846  3.07245  3.84221  
0.723181  1.20684  5.30956  
0.839363  0.000124289  5.44632  
1.50814  2.36989  1.70735  
1.50838  1.50412  3.23296  
1.97021  0.689338  0.000159567  
0.235713  2.22145  4.94036  
1.37162  2.9117  0.000225232  
0.765326  2.29755  4.34248  
0.64294  3.50807  2.14426  
1.37051  1.59735  3.65504  
1.63238  2.31144  0.000108704  
1.66462  0.000121224  3.32653  
0.812374  3.44748  1.82393  
1.41429  2.82852  0.000206617  
0.990406  1.48626  4.71273  
1.75422  1.17419  2.28571  
0.000655167  0.941035  5.83227  
1.58426  1.96852  2.16894  
1.23979  2.89226  1.8457  
0.000110469  3.70445  2.26398  
1.55455  0.000116079  3.77551  
1.48276  0.000596163  4.02699  
1.35896  2.03859  3.17078  
1.19055  2.14597  3.59313  
0.495575  1.72852  5.20797  
1.56382  2.49206  0.138969  
0.000425976  2.6195  4.53541  
0.747596  2.74908  3.738  
0.581915  3.68539  1.54971  
1.82662  1.34569  1.37962  
1.89754  0.000179506  1.89746  
0.935672  0.914213  5.12572  
1.69444  1.86591  1.52756  
1.32401  2.4286  2.64817  
1.11185  0.667072  4.88853  
1.2854  0.642146  4.49584  
0.000665383  1.66141  5.45908  
1.14102  2.51022  3.19416  
0.450111  3.37426  2.92576  
1.92491  2.79562e-05  1.62896  
0.911847  2.96349  2.96148  
1.49787  1.06688  3.63982  
1.59931  0.79936  3.39754  
0.742808  3.71391  0.000162714  
1.46749  1.88653  2.93499  
1.41423  2.82844  0.000393919  
0.479987  1.20369  5.53794  
1.04041  3.12189  2.0809  
1.98061  1.763e-05  0.833927  
1.42827  2.44829  2.03843  
0.930855  3.53894  0.154752  
1.28526  0.641717  4.49525  
1.70664  2.08565  9.69866e-05  
1.89743  1.26466  0.000111221  
0.852182  3.61876  7.85227e-05  
1.80857  2.78059e-05  2.56179  
1.40134  2.15603  2.80502  
3.22274e-05  2.40102  4.79892  
2.31404e-05  1.40451  5.618  
2.75416e-05  3.39626  3.1698  
1.94031  0.970146  0.000128548  
1.60962  1.61072  2.61643  
0.903338  3.16127  2.48428  
1.6639  2.1215e-05  3.32922  
1.97119e-05  3.25477  3.48781  
1.85678  1.48654  0.000111522  
1.20112  1.6806  4.08196  
1.28812  3.05994  0.000105793  
0.000481895  3.85098  1.62262  
0.481887  2.90373  3.87161  
1.83002  1.32947  1.37258  
0.654139  2.94891e-05  5.67005  
1.14993  1.14978  4.59625  
1.95564  2.57208e-05  1.2571  
1.69737  1.12972  2.68322  
1.92011  1.11939  4.00121e-05  
0.684703  3.19568  2.96741  
1.0095  2.52447  3.5341  
1.37568  2.42383e-05  4.35528  
5.74237e-05  3.75122  2.08304  
2.62323e-05  4.00002  6.32111e-05  
1.029  2.95881e-05  5.14502  
0.581817  3.68491  1.55001  
4.33595e-05  2.82864  4.24241  
2.00002  1.79841e-05  6.2785e-05  
1.17646  3.23481  9.83018e-05  
1.4743  2.70298  0.000144508  
1.78884  1.789  0.000108732  
1.03979  3.41695  9.84767e-05  
1.72089  2.41969e-05  3.0574  
8.00278e-05  1.93469  5.25154  
1.35837  2.03845  3.16948  
4.03695e-05  3.57778  2.68317  
1.96999  0.690569  0.000105242  
1.23514e-05  1.23514e-05  6.00001  
1.13958  2.73512  2.73518  
0.838804  3.14421e-05  5.44688  
1.89742  2.88427e-05  1.89718  
1.5545  1.51766e-05  3.77521  
0.49505  1.73326  5.19988  
0.768085  2.05065  4.60756  
1.63204  2.31215  0.00010188  
1.20022  4.57257e-05  4.79959  
0.657131  3.77795  0.000104067  
0.722378  1.20392  5.29559  
2.92022e-05  3.07267  3.84156  
1.50876  2.36986  1.6964  
1.61636  1.21229  3.03033  
0.653569  3.49009  2.17951  
0.000182673  0.899506  5.84635  
0.433916  3.90474  0.000123368  
1.37515  2.90451  7.8862e-05  
1.37021  1.59879  3.6542  
1.7653  1.24149  2.11825  
1.58107  1.97619  2.17397  
0.765569  2.29709  4.34216  
1.23796  2.88768  1.85649  
1.73223  1.99945  0.000168514  
1.53615  2.56149  6.28455e-05  
1.48306  0.000421427  4.02571  
0.991427  1.48707  4.70962  
1.50756  1.50612  3.23163  
0.969508  2.66868  3.39374  
3.30602e-05  2.62276  4.53025  
0.987195  3.31574  1.57914  
0.931335  0.931059  5.1229  
0.246063  2.22113  4.9359  
1.86679  1.61553e-05  2.15325  
1.19315  2.14766  3.5792  
2.98216e-05  3.9202  1.1927  
1.69194  1.87278  1.53168  
0.747567  2.74889  3.73771  
0.418421  2.75485e-05  5.86727  
1.3231  2.42601  2.64646  
1.33425  1.33447  4.00339  
1.11093  0.666213  4.88823  
0.483261  2.90112  3.86821  
1.141  2.5102  3.19427  
0.450102  3.37423  2.92569  
1.9249  0.000179692  1.62883  
1.14942  1.14925  4.5976  
0.742774  3.71392  5.90096e-05  
1.49797  1.06986  3.63725  
1.59923  0.7996  3.39763  
1.89128  1.30088  5.8638e-05  
1.94029  0.970122  0.000198487  
1.61629  1.21222  3.03026  
1.41422  2.82843  7.63845e-05  
0.00017603  1.66113  5.45845  
0.479867  1.20384  5.53785  
1.75855  1.90527  7.83253e-05  
1.42813  2.44829  2.03898  
0.93084  3.53887  0.154707  
1.28499  0.642076  4.49577  
1.1396  2.73509  2.73511  
0.931447  0.931187  5.12259  
1.63203  2.31213  6.66761e-05  
9.63537e-05  2.40016  4.79984  
1.86669  2.90461e-05  2.15392  
1.19999  0.000462459  4.80004  
0.765952  2.29786  4.34048  
0.000216192  3.85108  1.62198  
1.03983  3.41688  7.1778e-05  
1.85683  1.48619  0.000100372  
2.33347e-05  1.93477  5.25144  
4.06904e-05  1.40452  5.61797  
0.747553  2.74889  3.73771  
1.60967  1.61044  2.61639  
1.20114  1.68062  4.08176  
0.43391  3.90473  8.36211e-05  
0.768143  2.05054  4.60751  
1.98059  4.29028e-06  0.833915  
1.37019  1.59874  3.65411  
0.903239  3.16148  2.48375  
1.70662  2.08561  9.94222e-05  
2.02468e-05  4.43643e-05  6  
1.40077  2.15761  2.80473  
0.000166311  0.899459  5.84634  
1.46743  1.88654  2.93489  
6.67085e-06  3.25477  3.48778  
1.04071  3.12141  2.08091  
1.53647  2.56069  0.000138789  
0.838773  7.40286e-06  5.44686  
1.9201  1.11936  0.000107743  
1.37558  8.0765e-06  4.35547  
1.5545  1.41238e-05  3.77517  
1.15186e-05  2.82838  4.24273  
1.766  1.23634  2.11953  
1.47431  2.70291  0.000113241  
0.246055  2.22113  4.93588  
2  4.10433e-06  7.41778e-05  
6.34831e-06  4  0.000228643  
0.654131  1.29265e-05  5.67002  
1.78883  1.78897  5.8188e-05  
1.95562  3.503e-06  1.25707  
1.36792e-05  3.92018  1.19267  
0.987181  3.31569  1.57905  
9.86886e-06  3.57765  2.68349  
1.97006  0.689545  4.50886e-05  
1.72067  0.000107791  3.05842  
1.28811  3.05993  0.000114293  
1.80859  1.59055e-05  2.56148  
0.722364  1.20391  5.29554  
1.17634  3.23497  0.000413071  
3.21849e-05  3.07272  3.84142  
1.50873  2.36983  1.69637  
0.653553  3.49005  2.17945  
1.37538  2.90403  8.33884e-05  
1.66406  0.000173263  3.3284  
0.851546  3.61933  7.77182e-05  
0.991397  1.487  4.70948  
1.58106  1.97618  2.17396  
1.19313  2.1476  3.57926  
1.0095  2.52444  3.53406  
1.90008e-05  3.75101  2.08388  
1.00479e-05  3.39625  3.16976  
1.02899  0.000107871  5.14497  
1.23792  2.88765  1.85646  
0.911806  2.96337  2.96165  
1.48308  3.35963e-06  4.02546  
1.50747  1.50776  3.23002  
0.49505  1.73327  5.19983  
0.969736  2.66754  3.39503  
0.581769  3.68463  1.55145  
8.73854e-05  2.62276  4.5302  
1.70242  1.13464  2.64943  
0.657127  3.77793  9.77647e-05  
1.73287  1.54053  1.90658  
0.418588  4.45058e-05  5.86712  
1.32321  2.42576  2.64625  
0.684575  3.19562  2.96741  
1.89739  5.62192e-06  1.89717  
1.87784  1.01148  1.40089  
1.33355  1.33337  3.99934  
1.35834  2.03841  3.16946  
1.11089  0.666563  4.88816  
1.64157  2.00611  1.64079  
1.141  2.5102  3.19427  
1.9249  0.000220445  1.62882  
1.04048  3.12173  2.08084  
1.1494  1.14938  4.59757  
1.49783  1.06975  3.63783  
1.94029  0.970114  7.1617e-05  
1.61628  1.21222  3.03026  
1.41421  2.82843  0.00020072  
0.479816  1.20379  5.53784  
1.98059  4.1319e-06  0.833911  
1.75864  1.90494  0.000102521  
1.42803  2.44811  2.04007  
0.763711  3.58792  1.33645  
1.28488  0.642016  4.49603  
0.483286  2.90115  3.8682  
1.13958  2.73509  2.7351  
1.02899  8.87269e-05  5.14496  
1.85689  1.48589  0.000232475  
1.80849  5.80984e-05  2.56207  
0.931128  3.53855  0.154819  
1.63203  2.31212  3.01151e-05  
1.19999  0.000460244  4.80003  
5.93273e-05  3.85107  1.62197  
0.00046329  1.40452  5.61796  
0.58176  3.68463  1.5514  
1.60967  1.61043  2.61638  
1.37546  2.90388  0.000166335  
0.000244257  2.40016  4.79982  
0.450097  3.37422  2.92569  
1.70252  1.13471  2.64878  
0.767903  2.0499  4.6085  
1.59911  0.799531  3.39813  
6.72695e-07  3.25493  3.48744  
1.40103  2.15754  2.80364  
0.657125  3.77793  0.000167944  
0.969732  2.66754  3.39503  
1.00957  2.52431  3.53406  
1.37548  1.40525e-06  4.35575  
0.85985  3.61146  0.000226996  
1.78883  1.78897  5.98978e-05  
1.58503e-05  4.18747e-05  6  
2  1.29456e-06  0.000188097  
1.70662  2.08561  9.45984e-05  
1.70258e-05  2.82837  4.24272  
7.02975e-07  3.57765  2.68347  
6.69238e-06  4  0.000164666  
1.4743  2.70291  4.06219e-05  
1.03983  3.41688  0.000230351  
1.23782  2.88782  1.85643  
0.911727  2.96312  2.96244  
1.7206  2.24798e-06  3.05874  
0.747549  2.7489  3.73774  
1.28821  3.05975  0.000126218  
0.903237  3.16147  2.48374  
1.11089  0.666562  4.88815  
1.95561  8.33844e-07  1.25706  
1.89739  8.70751e-07  1.89716  
0.722357  1.20392  5.29553  
1.17634  3.23496  9.79957e-05  
9.34656e-07  3.07276  3.84133  
1.89024  1.30692  2.84939e-05  
1.86669  5.05608e-06  2.15388  
1.50842  2.37062  1.69631  
0.838771  6.13833e-07  5.44685  
0.419084  1.77928e-06  5.8668  
2.44061e-06  1.93478  5.25143  
1.97006  0.689541  2.4685e-05  
1.73289  1.54061  1.90618  
0.65358  3.49022  2.17871  
0.654158  0.000249386  5.66998  
0.433902  3.90473  0.000221551  
1.37019  1.59873  3.6541  
1.66406  0.000240953  3.32839  
1.46744  1.88655  2.93489  
0.987166  3.31565  1.5793  
1.70162e-06  0.8994  5.84636  
0.991389  1.48701  4.70948  
1.76599  1.23633  2.11953  
1.58106  1.97618  2.17396  
1.20113  1.68065  4.08171  
0.765952  2.29786  4.34046  
1.19312  2.14759  3.57922  
1.08641e-05  3.751  2.08385  
0.000194722  3.39625  3.16976  
1.53647  2.56068  2.89441e-05  
1.48308  2.30935e-06  4.02546  
1.50747  1.50776  3.23001  
0.495036  1.73325  5.19981  
1.87734  1.01062  1.40792  
8.50114e-05  2.62276  4.53022  
1.92002  1.11988  0.000189624  
0.931446  0.931179  5.12258  
0.246055  2.22114  4.93585  
1.5545  8.06268e-07  3.77516  
7.29893e-05  3.92013  1.19306  
1.3232  2.42576  2.64625  
0.684673  3.19552  2.96742  
1.33352  1.33351  3.99932  
1.35854  2.03782  3.16949  
1.141  2.51021  3.19428  
0.483286  2.90115  3.8682  
1.64143  2.00639  1.64124  
0.450098  3.37424  2.92564  
1.9249  0.000350987  1.62881  
0.931128  3.53855  0.154964  
1.14939  1.14938  4.59757  
1.49783  1.06975  3.63783  
1.46743  1.88654  2.93488  
1.59911  0.79953  3.39813  
1.94029  0.970113  4.42871e-05  
1.04048  3.12173  2.08084  
1.61628  1.21222  3.03026  
0.479805  1.20378  5.53784  
1.98059  1.73001e-07  0.833927  
1.42803  2.44812  2.04005  
1.75864  1.90494  0.000109015  
1.28485  0.642403  4.496  
1.13958  2.73508  2.7351  
1.70659  2.08572  0.000275805  
0.76371  3.58792  1.33645  
1.95561  4.82657e-07  1.25706  
0.859889  3.61142  5.92818e-05  
1.85689  1.48589  5.34066e-05  
0.969731  2.66753  3.39502  
1.8085  0.000450172  2.56204  
1.4012  2.15681  2.80412  
0.903236  3.16147  2.48374  
0.000672652  3.39625  3.16976  
0.768233  2.04931  4.60859  
0.000590398  3.25493  3.48744  
1.5545  2.47463e-07  3.77516  
0.000374981  2.39999  4.80001  
1.58106  1.97607  2.17382  
1.36461e-06  2.8284  4.24268  
1.37548  5.43445e-06  4.35575  
2  5.96448e-05  5.30771e-05  
0.000177465  4  5.1543e-05  
1.78883  1.78897  7.69646e-05  
1.20116  1.68071  4.08156  
1.2  0.000477902  4.8  
1.72058  2.33599e-06  3.05882  
0.00046535  3.85113  1.62165  
0.000347201  1.93477  5.25143  
1.16592e-05  1.19196e-05  6  
1.03983  3.41688  5.02306e-05  
0.000500099  3.57764  2.68347  
1.00957  2.52431  3.53406  
1.02899  8.69224e-05  5.14496  
1.41421  2.82843  0.000114307  
1.4743  2.70291  0.000156506  
1.28822  3.05974  4.66253e-05  
0.911728  2.96312  2.96244  
1.76601  1.23635  2.11933  
1.60975  1.61051  2.61582  
1.3232  2.42576  2.64624  
1.89739  1.90744e-07  1.89716  
1.63203  2.31212  0.000285699  
0.684675  3.19552  2.96742  
0.000429354  1.40452  5.61796  
0.657125  3.77793  0.000182422  
0.722357  1.20392  5.29553  
1.17634  3.23495  0.00020899  
1.50842  2.37062  1.69631  
6.64006e-07  3.07285  3.84118  
0.43386  3.90475  8.94549e-05  
0.838458  2.20399e-07  5.44728  
1.97006  0.689524  9.47344e-05  
1.73295  1.54033  1.90623  
0.654041  3.48951  2.18004  
1.37546  2.90386  7.5906e-05  
1.37019  1.59873  3.6541  
1.66406  0.000438082  3.32837  
5.81619e-07  0.8994  5.84636  
0.991381  1.48703  4.70947  
1.11089  0.666566  4.88815  
0.765949  2.29785  4.34046  
0.000316829  2.62276  4.53021  
0.000424971  3.751  2.08388  
1.23782  2.88782  1.85642  
1.53646  2.56068  3.08498e-05  
1.88998  1.30839  6.24314e-05  
1.48308  2.00406e-07  4.02545  
1.50754  1.50715  3.23031  
0.495008  1.73328  5.19973  
0.58176  3.68463  1.5514  
1.70253  1.13491  2.64851  
0.987166  3.31564  1.5793  
0.654181  0.000457102  5.66996  
0.931446  0.931177  5.12257  
1.19312  2.14759  3.57922  
0.2445  2.22112  4.93582  
1.86669  1.0483e-05  2.15388  
1.92002  1.11988  0.000218372  
0.000450586  3.92012  1.19306  
0.747549  2.7489  3.73774  
0.41903  2.4138e-06  5.86683  
1.87734  1.01062  1.40792  
1.33334  1.33333  3.99998  
1.35854  2.03781  3.16949  
1.141  2.51021  3.19428  
0.483286  2.90115  3.8682  
0.450098  3.37424  2.92564  
1.64143  2.00639  1.64124  
0.911707  2.96305  2.96265  
1.04047  3.12171  2.08095  
1.14939  1.14938  4.59757  
1.46744  1.88655  2.93488  
1.59911  0.799531  3.39812  
1.61628  1.21222  3.03026  
1.41421  2.82843  6.46584e-05  
0.479771  1.20386  5.53782  
1.98059  4.87014e-08  0.833927  
1.42803  2.44812  2.04005  
0.761172  3.59106  1.33051  
1.1396  2.73509  2.73509  
1.70658  2.08574  0.000344045  
1.95561  2.68965e-08  1.25706  
1.8085  0.000438581  2.56204  
0.859887  3.61142  0.000303049  
2.14045e-07  2.39999  4.80001  
0.000152125  2.82846  4.2426  
1.11089  0.666564  4.88815  
1.2  0.000446712  4.8  
1.94029  0.970113  5.20492e-05  
0.768156  2.04876  4.60926  
1.4743  2.70291  9.21417e-05  
0.000428612  1.40452  5.61796  
0.903224  3.16143  2.4839  
0.654199  0.000610629  5.66994  
1.5545  5.43323e-08  3.77516  
1.8569  1.48582  3.63857e-05  
0.931128  3.53855  0.154963  
0.987079  3.31575  1.57928  
1.20116  1.68071  4.08155  
1.23782  2.88782  1.85642  
0.000668916  3.25493  3.48744  
1.00967  2.52414  3.53407  
1.28485  0.642402  4.496  
1.97006  0.689524  3.59755e-05  
1.6099  1.60984  2.6159  
0.684683  3.19556  2.96728  
1.88998  1.30839  0.00021615  
1.37548  0.000507263  4.35574  
0.000158447  4  0.000331201  
0.654032  3.48946  2.18023  
1.58106  1.97618  2.17396  
0.000278263  0.000581677  6  
1.03983  3.41688  9.25337e-05  
0.000581976  3.57764  2.68348  
1.49783  1.06975  3.63783  
1.89732  0.000328155  1.89774  
1.02899  8.6113e-05  5.14496  
1.75864  1.90493  0.000118951  
1.40152  2.15635  2.80348  
0.000538315  2.62276  4.53021  
1.78883  1.78897  3.63041e-05  
1.92002  1.11988  0.000192867  
2  5.79887e-05  0.000117145  
1.72058  8.51995e-08  3.05882  
1.9249  0.000350265  1.62881  
0.00035106  1.93477  5.25142  
0.991381  1.48703  4.70947  
1.28825  3.05968  0.000105996  
0.000450867  3.92012  1.19306  
1.63203  2.31212  9.52589e-05  
0.722357  1.20392  5.29553  
1.17634  3.23495  0.00015583  
0.747549  2.7489  3.73774  
2.39625e-06  3.07288  3.84112  
0.419053  0.0001346  5.86682  
1.70253  1.13491  2.64851  
1.50845  2.37053  1.69632  
0.838458  4.50534e-08  5.44728  
0.433862  3.90475  0.000150745  
1.37546  2.90386  9.30015e-05  
1.37021  1.59865  3.65411  
1.60751e-07  0.8994  5.84636  
1.76601  1.23635  2.11933  
0.765949  2.29785  4.34046  
1.19312  2.14759  3.57922  
0.000443293  3.751  2.08388  
0.000663574  3.39625  3.16976  
0.657125  3.77793  0.000334194  
1.53646  2.56068  0.000210199  
1.66406  0.000469331  3.32837  
1.48308  3.86954e-08  4.02545  
0.495177  1.73323  5.19969  
0.969902  2.66729  3.39502  
0.581759  3.68463  1.55142  
1.73295  1.54033  1.90623  
0.931446  0.931177  5.12257  
0.244501  2.22112  4.93582  
0.000520074  3.85113  1.62164  
1.86669  3.04433e-05  2.15388  
1.50754  1.50715  3.23031  
1.3232  2.42576  2.64624  
1.87734  1.01062  1.40792  
1.33334  1.33333  3.99998  
1.35854  2.03781  3.16949  
