1.96943  0.833857  
1.11152  1.63646  
4.94047  0.247213  
2.18916  1.21961  
0.651872  2.10187  
3.65113  0.182977  
1.30604  2.95542  
4.71789  0.28701  
3.64407  0.439772  
2.05881  1.40531  
1.97872  1.01963  
0.471869  3.21917  
2.81202  0.61064  
3.18327  0.482392  
2.59724  0.753735  
1.11792  1.6716  
0.862477  3.08516  
1.51064  1.93884  
1.23006  2.63108  
3.97305  0.411669  
2.43139  0.638841  
3.29386  0.465526  
0.21212  3.86591  
2.33606  1.15686  
3.08369  0.313509  
0.771421  3.15983  
0.108686  3.94378  
2.34865  1.76804  
2.15008  1.90529  
1.32975  2.58419  
0.115404  3.2329  
3.44043  0.473711  
2.68804  0.614898  
1.14486  2.98484  
1.95252  1.31378  
1.86837  1.44735  
2.25748  0.866286  
3.69506  0.347123  
3.16482  0.505349  
1.38651  1.40923  
3.85756  0.259213  
2.2498  0.827485  
0.440639  2.8897  
0.42729  3.11683  
2.08003  0.989799  
1.159  2.41301  
2.66704  0.465944  
1.08555  2.04389  
3.09379  0.530743  
4.19386  0.0535941  
1.25115  2.27495  
0.151288  3.93921  
4.73299  0.00696581  
1.76036  1.7121  
3.70796  0.387456  
4.98083  0.00999427  
2.38191  0.797486  
1.18754  2.25024  
0.537621  2.93453  
1.34908  1.83135  
4.40914  0.0739781  
2.8363  0.746275  
2.47251  1.01589  
0.267158  3.47441  
4.52506  0.0298436  
0.124822  3.90665  
1.38332  1.72815  
3.08129  0.438872  
1.83306  1.0232  
1.43448  1.77445  
2.33343  0.892825  
2.87959  0.693832  
3.97973  0.337677  
2.07284  1.42337  
4.42249  0.111306  
1.26421  2.84302  
2.47902  1.05558  
1.80604  2.52372  
0.0267451  4.57772  
3.72499  0.475756  
1.41478  2.17062  
0.09734  3.56544  
0.866609  2.29271  
2.09211  0.894281  
1.6881  2.48659  
4.07186  0.492273  
0.0707039  4.2828  
1.47563  2.45906  
3.31826  0.289373  
2.41971  0.834653  
2.09095  1.25824  
4.19447  0.33985  
1.18594  2.08143  
2.98143  0.517976  
1.48787  1.60459  
1.80558  0.835972  
2.18503  1.94124  
0.465986  2.99899  
1.6703  1.50997  
2.30551  0.654361  
5.85935  0.235939  
0.0892233  3.79353  
2.0368  0.414671  
4.48108  0.53002  
2.27534  0.336224  
2.23982  0.309915  
2.12722  0.403416  
2.27161  0.309748  
2.03505  0.756007  
1.90315  0.272722  
1.90504  0.260458  
1.8057  0.246219  
1.68778  0.25127  
1.69821  0.229618  
1.63529  0.221143  
1.55773  0.215537  
1.53283  0.214262  
1.51987  0.215925  
5.427  0.168596  
3.29172  6.18175e-05  
0.0141176  4.46224  
0.075824  3.89572  
3.12391  0.12694  
3.15799  0  
0.155939  3.72406  
0.0141183  4.21102  
0.360104  3.7612  
3.26094e-05  4.46378  
1.04263  2.70077  
0.842692  2.78021  
0.2848  3.72217  
0.422285  3.08932  
5.76702  0.219849  
6.88852e-12  4.32032  
0.181053  3.58218  
0.582045  2.93145  
5.0197e-07  4.62715  
0.191921  3.27665  
0.0229535  3.78137  
6.75736e-07  5.08261  
0.640865  2.93814  
0.0693421  3.96441  
0.829457  0.112179  
0.0946036  3.48212  
4.50856e-08  4.08514  
0.807717  3.16115  
0.275712  0.511762  
1.09215  0.149135  
3.04753  1.6868e-05  
1.07349  0.146378  
1.06823  0.169967  
0.311642  3.41708  
0.784271  3.21715  
0.0324167  4.03946  
3.20222  5.47609e-10  
0.71831  2.83923  
0.0864968  3.83363  
9.37236e-05  5.80811  
0.966172  2.48074  
2.16064  0.341472  
0.375709  3.14664  
0.247613  3.40628  
0.0311875  4.59757  
0.224439  3.75387  
0.950746  2.8122  
1.0401  2.66723  
0.0104975  4.85819  
0.564335  3.37368  
5.10515  4.90391e-07  
0.00128305  5.01949  
4.702  6.6313e-12  
3.95872  7.45507e-06  
5.97253  5.79336e-12  
1.10884  0.162972  
0.323248  4.27476  
0.00393131  5.04609  
4.73069  0.0221272  
4.71721  6.96912e-09  
0.726733  3.41741  
1.09299  0.19038  
4.51823  0.0554715  
1.20661  0.163187  
4.71004  0.0351343  
0.441536  4.28094  
4.31975  4.19016e-12  
4.86529  1.88683e-07  
0.809125  3.16666  
0.609771  3.95859  
0.485248  4.15743  
5.25269  0.0848876  
1.22352  0.165458  
4.93476  0.0772654  
1.44834  0.204507  
5.34664  1.18933e-05  
1.36022  3.05202  
4.10509  0.479078  
5.15707  0.172573  
1.47977  0.224855  
6.17228  0.0306527  
1.58606  0.211702  
4.05978  0.0709642  
4.12331  0.0143061  
0.520418  3.44473  
0.00286866  5.9932  
1.07928  0.158645  
0.395369  3.88024  
0.0274278  5.09531  
4.03607  0.0230358  
0.269729  4.84877  
0.00244775  5.11384  
1.07781  0.145804  
0.0109079  4.97816  
3.81516  0.0876958  
0.00425836  4.9898  
3.89438  0.0707265  
0.0279822  4.92276  
0.408049  2.11631  
0.904338  1.56781  
0.249766  2.42299  
0.793741  2.83519  
0.0602994  2.81196  
0.670524  2.43977  
0.746081  1.70724  
4.90687  0.00647613  
0.000509419  2.99188  
0.000114441  3.13084  
0.218673  4.04898  
0.959481  0.130245  
4.08834  4.49383e-06  
0.842599  1.60343  
0.159311  2.46612  
0.464991  1.94235  
0.637801  1.80235  
1.04439  3.04057  
0.253927  2.12935  
3.5543  0  
2.51871  2.76852e-06  
0.0964493  4.33962  
0.938288  0.137921  
0.409038  3.10438  
2.4591  2.59053e-08  
2.60035e-08  2.82515  
0  3.35373  
0.00135194  5.03002  
0.397624  3.56196  
0.0974125  2.28127  
0.831551  3.02568  
0.817807  0.110603  
3.31464  0  
0.0311126  2.5351  
1.52231  9.63988e-05  
0.196739  2.08617  
0.176613  2.42785  
0.0646722  2.42394  
0.00902277  2.67201  
3.51252  0.00463585  
0.170313  2.1482  
0.0461766  2.49449  
2.99356  1.48123e-09  
2.57823  0.130476  
0  3.17053  
0.0715372  2.48706  
0.178568  2.13555  
0.185955  2.10162  
0.193819  2.85971  
0.966536  0.131317  
2.24409e-05  3.40533  
0.0619072  3.58848  
3.50237  9.89944e-05  
0.255135  2.89727  
0.0303913  3.93027  
0.792593  1.89145  
2.89541  0.0051192  
0.0823983  3.03949  
0.528762  2.44677  
2.55554e-06  3.97284  
2.79424  0.0335069  
1.06852  0.14451  
0.771756  2.04847  
0.0478011  3.24639  
0.271887  0.504662  
0.0242247  3.31733  
0.353572  3.10234  
0.606879  3.14514  
3.51106  0  
3.20768  0  
7.98153e-06  3.58988  
0.302807  2.53787  
0  4.67681  
2.18682e-06  4.2712  
0.971577  0.132007  
7.28798e-05  4.0711  
0.240847  3.00543  
0.192668  4.12411  
4.306e-05  4.77549  
3.93611  0  
1.05176  0.182402  
3.6209  0.0942484  
0.318812  3.72806  
0.0550317  4.70979  
3.64769  0.00218458  
0.000267526  3.17284  
1.60417  0.218063  
4.33989  2.10461e-11  
1.06721e-05  3.47651  
2.23255  0.0477354  
0.172117  2.21763  
0.343177  1.90788  
3.48975  1.04234e-05  
0.00023785  2.82088  
0.944574  0.1284  
3.2996  1.60013e-11  
5.62872e-06  3.22126  
2.84703e-05  3.03948  
3.04169  5.55688e-05  
2.2454  0.0224467  
0.518914  1.78735  
0.165099  2.20678  
0.0102956  2.58976  
1.93216  0.101452  
0.0629449  1.98394  
0.380792  1.38174  
0.90815  0.757666  
2.49769  6.07384e-05  
0.663851  0.998244  
0.413744  1.1829  
0.93017  0.136728  
0.596528  1.09554  
2.0151  0.0321069  
0.184195  2.17006  
0.256441  1.44235  
2.15762  0.000116864  
0.000635988  2.67552  
0.823496  0.785995  
0.599458  1.72973  
1.94762  0.0917372  
2.1744  2.76048e-12  
2.0771  0.00686369  
0.939421  0.127322  
2.28451  0.000458187  
0.0696337  1.77915  
0.189399  1.51032  
0.294058  1.81697  
0.610411  1.08108  
0.0623555  1.42113  
2.11387  0.00679962  
2.31263  0  
0.812178  0.109842  
0.642974  1.09507  
0.107957  1.27561  
2.00729  0.0596661  
9.39647e-05  1.68372  
0.26808  0.498272  
0.86999  1.05716  
0.0284771  1.56138  
0.0898663  1.35474  
2.30387  2.39967e-07  
0.0601422  1.45928  
0.693957  0.928338  
0.858143  1.15587  
2.02521  0.0872675  
5.1168e-05  1.83874  
0  2.0256  
2.14985  0  
2.09229  1.76211e-11  
2.25348  1.37603e-14  
1.89653  0.10268  
0.936611  0.127141  
2.11925  0.00218285  
1.97402  0.0680443  
2.96324e-07  2.02769  
1.03177  1.06303e-05  
2.01255  0.0530032  
2.11978  3.77389e-06  
1.9406  0.095202  
0.526507  1.60594  
2.14333  2.03865e-10  
3.36563e-08  3.52997  
2.17345  1.04221e-11  
2.22221  1.28119e-12  
0.332977  1.40757  
2.96798e-06  2.43548  
0.245815  1.78119  
0.0396827  2.16018  
2.22033  0.000105168  
0.405847  1.69218  
2.01582  0.0516828  
0.218002  1.84731  
0.918994  0.962541  
2.09108  0.0207445  
1.92286  0.109003  
7.53959e-08  4.15574  
2.39516  1.11403e-11  
0.944307  0.127711  
2.36221  9.73117e-08  
9.14248e-05  3.05734  
0.000117377  2.69053  
0.671797  1.22806  
0.0489419  2.34339  
2.12388  0.0454118  
1.87554  0.115686  
0.233907  1.33802  
0.747443  0.715859  
1.8773  0.0310719  
0.190096  1.40215  
0.602958  0.937429  
0.823171  0.69042  
0.418195  1.12022  
0.269112  1.24175  
1.99094  2.96287e-05  
0.091504  1.60306  
1.19125  0.161108  
0.21073  1.34149  
0.179207  1.34763  
0.289293  1.21819  
0.0813826  1.65439  
0.00883749  1.86097  
0.584978  0.822612  
0.464043  0.721455  
0.523389  0.602327  
0.934912  0.126711  
0  1.6409  
1.39139  0.0396308  
0.143451  1.0581  
1.42935  0.0248225  
0.483764  0.642444  
0.346035  0.815522  
0.711801  0.490504  
1.23892  0.0981553  
0.304506  1.19039  
0.575122  0.528963  
1.48865  2.58553e-08  
1.4068  0.0225328  
0.740008  0.461293  
0.118876  1.09977  
0.704501  0.763631  
0.164683  0.954408  
0.0852244  1.49305  
0.159205  1.01349  
0.262583  0.498207  
1.91874  0  
0.63611  0.376181  
0  1.08093  
0.690404  0.536656  
0.15617  1.05554  
0.925621  0.136013  
0.303456  0.924692  
0.809627  0.109497  
0.539975  0.5639  
1.01536  1.04612e-05  
0.23336  0.857686  
0.680456  0.499751  
0.938869  0.126976  
0.203471  0.899792  
0.160401  0.992095  
0.13115  1.03534  
0.0386555  1.36508  
0.223347  0.882619  
0.617075  0.467087  
1.33642  0.059868  
0.0449723  1.5478  
1.46119  0  
1.28963  0.0795462  
0.547556  0.644279  
0.000458888  1.55367  
1.46621  2.77649e-05  
1.45328  0.0132482  
0.407803  1.04299  
1.51121  0  
0.936313  0.1271  
0  1.81883  
0.154273  1.46688  
1.52117  4.25578e-05  
0.13894  1.12182  
0.162887  1.36446  
0.439107  0.930654  
0.188714  1.34369  
1.4193  0.0271916  
0.272141  1.06575  
0.362101  1.01569  
0.829388  0.50634  
1.25574  0.106627  
0.0880932  1.54202  
0.528501  0.8206  
0.00818775  1.79988  
0.595645  0.68766  
0.000112839  1.88323  
0.130018  1.46114  
1.6422  0  
1.43196  0.0202433  
1.1166  0.151013  
1.32209  0.0639286  
0.233224  1.23175  
0.446541  0.969832  
0.861875  0.559788  
1.63489  0.0206576  
0.0365481  1.63041  
0.313673  1.16005  
0.043501  1.73983  
0.140374  1.42699  
0.994921  0.00353023  
0.122421  0.651513  
0.112022  0.666979  
0.213841  0.53921  
0.168783  0.591254  
0.0528288  0.772335  
0.129039  0.642319  
0.472743  0.313878  
0.295912  0.457126  
0.188787  0.567212  
0.312485  0.442122  
0.810605  0.100473  
0.26506  0.486483  
0.394482  0.373681  
0.282456  0.46976  
0.412759  0.358734  
0.0461573  0.786411  
0.0403099  0.801264  
0.199715  0.554761  
0.228874  0.523067  
0.149342  0.614905  
0.87095  0.0677982  
0.425769  0.348536  
0.919106  0.0422187  
0.829608  0.0901341  
0.0199576  0.862128  
0.0425622  0.795804  
0.482782  0.306461  
0.143587  0.622238  
0.847601  0.0801391  
0.974912  0.0139266  
0.236636  0.514623  
0.36302  0.398582  
0.290431  0.462095  
0.402235  0.366735  
0.183844  0.572902  
0.803821  0.105085  
0.0870902  0.706001  
0.000105952  0.993638  
0.277865  0.474375  
0.372227  0.390834  
0.500681  0.293839  
0.468103  0.317004  
0.0611571  0.754437  
0.0697888  0.736996  
0.98628  0.00786874  
0.163662  0.59682  
0.258997  0.492212  
1.00269  6.15227e-06  
0.134818  0.63421  
0.94802  0.027401  
0.341298  0.416726  
0.0293591  0.831046  
0.896876  0.0538699  
0.00377034  0.94145  
0.107811  0.673043  
0.838699  0.0848287  
0.435049  0.341295  
0.315834  0.439098  
0.206394  0.546792  
0.12518  0.647559  
0.0576513  0.761589  
0.224225  0.528386  
0.0109313  0.897782  
0.887757  0.0585765  
0.452435  0.328472  
0.417617  0.354714  
0.356379  0.403993  
0.387849  0.378068  
0.0953653  0.692537  
0.302393  0.451  
0.194343  0.560818  
0.326299  0.429737  
0.958743  0.0217501  
0.155151  0.607325  
0.173444  0.585528  
0.0505141  0.77813  
0.24565  0.506168  
0.0814688  0.716216  
0.116228  0.660469  
0.818127  0.0966004  
0.033755  0.818393  
0.21704  0.535505  
0.93391  0.0344938  
0.015841  0.875732  
0.0249016  0.844466  
0.271058  0.480879  
0.881585  0.0620361  
0.859207  0.0738462  
0.0751762  0.727572  
0.491548  0.299889  
0.102438  0.681632  
0.444436  0.334802  
0.381093  0.383582  
0.251729  0.499685  
0.349036  0.410418  
0.335286  0.42192  
0.00789441  0.912669  
0.460021  0.323022  
0.912543  0.0458167  
0.0667367  0.741666  
0.0912997  0.697843  
0.210492  0.541206  
0.110544  0.667519  
0.0572583  0.760714  
0.866391  0.0691996  
0.0809709  0.715447  
0.0434077  0.791656  
0.159549  0.600565  
0.232481  0.517838  
0.256512  0.49353  
0.200218  0.552544  
0.244514  0.505518  
0.381969  0.381965  
0.353679  0.405292  
0.45954  0.322107  
0.188518  0.565815  
0.491554  0.298892  
0.31183  0.441583  
0.339041  0.417729  
0.324638  0.430231  
0.821974  0.093373  
0.976438  0.0118519  
0.276146  0.474505  
0.924447  0.0385187  
0.0226629  0.849459  
0.152464  0.609534  
0.00557811  0.925314  
0.800097  0.105519  
0.0767645  0.722937  
0.1149  0.661032  
0.404226  0.364213  
0.467055  0.316586  
0.0542292  0.767129  
0.290091  0.4614  
0.085581  0.707459  
0.304189  0.448467  
0.94994  0.0253517  
0.094239  0.693017  
0.0480715  0.780749  
8.99819e-05  0.990515  
0.876136  0.0639793  
0.0126245  0.887642  
0.174264  0.582551  
0.262398  0.487753  
0.318273  0.435844  
0.222152  0.528671  
0.0275659  0.833971  
0.484025  0.304282  
0.347092  0.410855  
0.999996  2.59521e-06  
0.499893  0.29297  
0.375232  0.387439  
0.238543  0.511593  
0.419923  0.351986  
0.899865  0.0513884  
0.120594  0.652735  
0.0339824  0.815658  
0.476423  0.309767  
0.132337  0.636219  
0.847039  0.0796535  
0.216244  0.53498  
0.194425  0.559065  
0.0618153  0.751374  
0.0403166  0.799211  
0.332646  0.423246  
0.452211  0.327534  
0.964933  0.0176905  
0.388881  0.376397  
0.139612  0.626354  
0.360363  0.399699  
0.106169  0.674165  
0.397377  0.369622  
0.163625  0.595495  
0.250514  0.499488  
0.205834  0.546312  
0.411166  0.358778  
0.226779  0.523789  
0.18259  0.572695  
0.00188525  0.956582  
0.0693212  0.736713  
0.0176907  0.866995  
0.859776  0.0727592  
0.834358  0.0865685  
0.938926  0.0310185  
0.913877  0.0440315  
0.889741  0.0567397  
0.00913326  0.904433  
0.444227  0.333497  
0.812837  0.0984257  
0.988155  0.00594074  
0.145387  0.618705  
0.43592  0.339759  
0.101938  0.680724  
0.427067  0.346498  
0.268614  0.481722  
0.127612  0.642772  
0.282359  0.468626  
0.297824  0.454268  
0.366999  0.394196  
0.166974  0.591376  
0.17696  0.579334  
0.0572583  0.760713  
0.156758  0.604074  
0.85656  0.0744947  
0.146669  0.617026  
0.098838  0.685615  
0.13797  0.628557  
0.126472  0.644371  
0.090051  0.699915  
0.256512  0.49353  
0.0434193  0.791627  
0.221988  0.528844  
0.368459  0.392992  
0.381968  0.381964  
0.244513  0.505517  
0.200209  0.552553  
0.0812153  0.715017  
0.18858  0.565742  
0.107583  0.672001  
0.491685  0.298798  
0.484024  0.304282  
0.976427  0.0118569  
0.419922  0.351986  
0.949923  0.0253601  
0.821985  0.0933659  
0.0226828  0.849392  
0.0480714  0.780748  
0.0767748  0.722917  
0.459591  0.322069  
0.290085  0.461405  
0.152388  0.60963  
0.113386  0.663272  
0.318251  0.435862  
0.812857  0.0984144  
0.194397  0.559095  
0.00191562  0.956232  
0.347023  0.410913  
0.103193  0.678764  
0.876221  0.0639331  
0.404225  0.364213  
0.182778  0.572475  
0.467055  0.316586  
0.262289  0.487858  
0.00557811  0.925313  
0.216365  0.53485  
0.375232  0.387438  
0.924446  0.0385187  
0.297845  0.454249  
0.0944605  0.692656  
0.162563  0.596809  
0.033985  0.81565  
0.499892  0.29297  
0.311929  0.441494  
0.999841  7.96541e-05  
0.427018  0.346534  
0.899897  0.0513708  
0.846976  0.0796871  
0.17262  0.584524  
0.238542  0.511592  
0.435919  0.339758  
9.99453e-05  0.990003  
0.132282  0.636295  
0.80002  0.105562  
0.061805  0.751394  
0.0126245  0.887641  
0.276213  0.47444  
0.304052  0.44859  
0.332631  0.423258  
0.452242  0.327511  
0.268613  0.481721  
0.388767  0.376489  
0.361824  0.398482  
0.250507  0.499494  
0.122084  0.650594  
0.142319  0.622748  
0.205978  0.546152  
0.228049  0.522455  
0.0856011  0.707423  
0.0402905  0.799275  
0.0693211  0.736711  
0.0542117  0.767166  
0.0275658  0.83397  
0.863063  0.070988  
0.00913325  0.904432  
0.0176907  0.866994  
0.397299  0.369683  
0.834357  0.0865684  
0.964932  0.0176905  
0.938917  0.0310228  
0.910309  0.0458987  
0.889656  0.0567844  
0.988107  0.00596444  
0.476422  0.309767  
0.444048  0.333631  
0.411154  0.358787  
0.35367  0.405298  
0.282384  0.468602  
0.324638  0.43023  
0.339065  0.417707  
0.17696  0.579334  
0.166855  0.591521  
0.0572583  0.760713  
0.156743  0.604092  
0.856583  0.0744822  
0.146632  0.617074  
0.098838  0.685615  
0.136542  0.630483  
0.126444  0.644411  
0.256512  0.49353  
0.0434233  0.791617  
0.36855  0.392917  
0.381968  0.381964  
0.244513  0.505517  
0.222232  0.528585  
0.200235  0.552524  
0.0812153  0.715017  
0.459592  0.322068  
0.18858  0.565742  
0.107583  0.672001  
0.491685  0.298798  
0.484024  0.304282  
0.347126  0.410826  
0.876221  0.0639331  
0.821985  0.0933659  
0.0402905  0.799275  
0.00557811  0.925313  
0.0480714  0.780748  
0.0767748  0.722917  
0.152388  0.60963  
0.238542  0.511592  
0.924446  0.0385187  
0.282374  0.468611  
0.404197  0.364235  
0.1134  0.66325  
0.467055  0.316586  
0.419919  0.351988  
0.290073  0.461416  
0.0693211  0.736711  
0.846974  0.0796882  
0.80002  0.105562  
0.499905  0.29296  
0.194397  0.559095  
0.949923  0.0253601  
0.262289  0.487858  
0.964972  0.0176699  
0.899897  0.0513708  
0.452251  0.327504  
0.0126168  0.887675  
0.0226742  0.849421  
0.375232  0.387438  
0.999809  9.56638e-05  
0.976427  0.0118569  
0.0900588  0.699902  
9.8734e-05  0.990064  
0.162543  0.596833  
0.0944534  0.692667  
0.033985  0.81565  
0.318251  0.435862  
0.435919  0.339758  
0.216365  0.53485  
0.297845  0.454249  
0.132212  0.636391  
0.834357  0.0865684  
0.17262  0.584524  
0.326194  0.428866  
0.061805  0.751394  
0.276242  0.474413  
0.311917  0.441504  
0.304052  0.44859  
0.332599  0.423286  
0.910309  0.0458987  
0.388767  0.376489  
0.361878  0.398437  
0.250507  0.499494  
0.182778  0.572475  
0.863063  0.070988  
0.103193  0.678764  
0.142308  0.622762  
0.395624  0.371013  
0.206077  0.546043  
0.812857  0.0984144  
0.22814  0.52236  
0.0856389  0.707359  
0.122084  0.650594  
0.00191562  0.956232  
0.411154  0.358787  
0.0542117  0.767166  
0.0275658  0.83397  
0.0176907  0.866994  
0.938917  0.0310228  
0.889656  0.0567844  
0.00913325  0.904432  
0.988107  0.00596444  
0.476427  0.309763  
0.268613  0.481721  
0.443929  0.33372  
0.427018  0.346534  
0.35367  0.405298  
0.339033  0.417734  
0.17696  0.579334  
0.166851  0.591526  
0.156737  0.6041  
0.0572583  0.760713  
0.856583  0.0744822  
0.146632  0.617074  
0.0988438  0.685606  
0.136542  0.630483  
0.126444  0.644411  
0.0900554  0.699908  
0.256512  0.49353  
0.0434233  0.791617  
0.36855  0.392917  
0.381968  0.381964  
0.244513  0.505517  
0.22224  0.528577  
0.200235  0.552524  
0.0812153  0.715017  
0.459592  0.322068  
0.107583  0.672001  
0.18858  0.565742  
0.491666  0.298811  
0.484024  0.304282  
0.419919  0.351988  
0.821985  0.0933659  
0.949923  0.0253601  
0.876221  0.0639331  
0.113387  0.663271  
0.311917  0.441504  
0.238542  0.511592  
0.976427  0.0118569  
0.152407  0.609606  
0.924446  0.0385187  
0.0226742  0.849421  
0.404197  0.364235  
0.194397  0.559095  
0.999809  9.56638e-05  
0.290073  0.461416  
0.22814  0.52236  
0.846974  0.0796882  
0.142308  0.622762  
0.262289  0.487858  
0.467055  0.316586  
0.00558415  0.925273  
0.0944534  0.692667  
0.80002  0.105562  
9.8734e-05  0.990064  
0.0767748  0.722917  
0.411153  0.358788  
0.318211  0.435898  
0.375235  0.387436  
0.061805  0.751394  
0.17262  0.584524  
0.499995  0.292897  
0.132212  0.636391  
0.033985  0.81565  
0.899897  0.0513708  
0.347126  0.410826  
0.435919  0.339758  
0.0480714  0.780748  
0.216365  0.53485  
0.27624  0.474415  
0.012608  0.887715  
0.122084  0.650594  
0.304062  0.448582  
0.889656  0.0567844  
0.332585  0.423298  
0.452251  0.327504  
0.388767  0.376489  
0.361896  0.398422  
0.250507  0.499494  
0.182778  0.572475  
0.103216  0.678728  
0.35368  0.40529  
0.206077  0.546043  
0.0856389  0.707359  
0.162522  0.59686  
0.0402905  0.799275  
0.0693211  0.736711  
0.476427  0.309763  
0.00191562  0.956232  
0.0542117  0.767166  
0.0275686  0.833962  
0.863063  0.070988  
0.0176907  0.866994  
0.834357  0.0865684  
0.964949  0.017682  
0.938917  0.0310228  
0.910313  0.0458966  
0.00913325  0.904432  
0.812857  0.0984144  
0.988107  0.00596444  
0.268633  0.481702  
0.443929  0.33372  
0.427018  0.346534  
0.395624  0.371013  
0.282374  0.468611  
0.339033  0.417734  
0.29783  0.454262  
0.326181  0.428878  
0.176969  0.579324  
0.166851  0.591526  
0.0572583  0.760713  
0.156735  0.604102  
0.856583  0.0744822  
0.146632  0.617074  
0.0988438  0.685606  
0.136535  0.630494  
0.126436  0.644421  
0.0900554  0.699908  
0.256512  0.49353  
0.0434233  0.791617  
0.36855  0.392917  
0.381968  0.381964  
0.244513  0.505517  
0.22224  0.528577  
0.200235  0.552524  
0.459603  0.32206  
0.0812153  0.715017  
0.107583  0.672001  
0.18858  0.565742  
0.491675  0.298804  
0.484024  0.304282  
0.924446  0.0385187  
0.0226742  0.849421  
0.00558415  0.925273  
0.0480714  0.780748  
0.152401  0.609615  
0.821985  0.0933659  
0.290078  0.461411  
0.113387  0.663271  
0.913828  0.0440564  
0.976422  0.0118592  
0.404197  0.364235  
0.39559  0.371041  
0.846974  0.0796882  
0.876221  0.0639331  
0.467055  0.316586  
0.238542  0.511592  
0.297827  0.454264  
0.318213  0.435897  
0.132207  0.636398  
0.80002  0.105562  
0.499995  0.292897  
0.435919  0.339758  
0.0944534  0.692667  
9.8734e-05  0.990064  
0.262273  0.487874  
0.949923  0.0253601  
0.812843  0.0984219  
0.899897  0.0513708  
0.216351  0.534865  
0.999809  9.56638e-05  
0.017692  0.866989  
0.375235  0.387436  
0.411153  0.358788  
0.0767748  0.722917  
0.283882  0.467194  
0.172622  0.584522  
0.033985  0.81565  
0.938893  0.0310352  
0.347126  0.410826  
0.061805  0.751394  
0.419919  0.351988  
0.194397  0.559095  
0.012608  0.887715  
0.27624  0.474415  
0.304062  0.448582  
0.332589  0.423295  
0.452259  0.327498  
0.388756  0.376497  
0.361909  0.398411  
0.250507  0.499494  
0.182778  0.572475  
0.103216  0.678728  
0.268633  0.481702  
0.142306  0.622766  
0.20608  0.54604  
0.22814  0.52236  
0.0856389  0.707359  
0.162507  0.596879  
0.122084  0.650594  
0.0402991  0.799254  
0.339033  0.417734  
0.0693211  0.736711  
0.0275686  0.833962  
0.00191562  0.956232  
0.0542117  0.767166  
0.863063  0.070988  
0.834357  0.0865684  
0.964941  0.017686  
0.889656  0.0567844  
0.35368  0.40529  
0.00913325  0.904432  
0.988107  0.00596414  
0.476427  0.309763  
0.443929  0.33372  
0.427018  0.346534  
0.324596  0.430267  
0.311917  0.441504  
