2.95915  0.979317  
2.91769  0.989138  
2.93062  0.990413  
2.87944  0.988158  
2.92095  0.990463  
2.93645  0.98365  
2.86511  1.01732  
2.96213  0.97979  
2.90204  0.987739  
2.90678  0.967193  
2.9367  0.971622  
2.94821  0.987597  
2.95778  0.979727  
2.9217  0.980901  
2.8914  0.999698  
2.90928  0.991298  
2.94623  0.985101  
2.95526  0.983716  
2.86963  1.01347  
2.90561  0.995885  
2.91886  0.980953  
2.95737  0.978542  
2.94871  0.976727  
2.85484  1.00396  
2.91453  0.998477  
2.90755  0.985049  
2.94992  0.980053  
2.89334  0.996272  
2.93319  0.972612  
2.96812  0.981804  
2.88807  0.998214  
2.94532  0.981738  
2.90852  0.987207  
2.93029  0.983573  
2.83279  1.02311  
2.96159  0.983615  
2.93493  0.98155  
2.94954  0.984676  
2.9469  0.978146  
2.86697  1.01143  
2.93071  0.988114  
2.94502  0.981891  
2.88945  1.00057  
2.88408  1.00222  
2.91605  0.99868  
2.82709  1.05964  
2.94843  0.98569  
2.89193  1.00004  
2.9342  0.976247  
2.89724  0.992922  
2.91625  0.9929  
2.87436  1.00194  
2.93964  0.98009  
2.92256  0.982739  
2.91639  0.987275  
2.8577  1.01698  
2.90485  1.00273  
2.90618  0.989972  
2.84707  1.02641  
2.95954  0.985549  
2.93016  0.979503  
2.93648  0.983338  
2.93108  0.989241  
2.85006  1.03774  
2.95868  0.979469  
2.93159  0.979904  
2.90269  0.99815  
2.93628  0.988561  
2.91828  0.980338  
2.95768  0.974621  
2.88677  1.00121  
2.92108  0.980779  
2.93874  0.977156  
2.91838  0.97992  
2.93181  0.984989  
2.94918  0.986809  
2.90762  0.986955  
2.96744  0.984339  
2.88228  0.985843  
2.92597  0.976191  
2.9503  0.980534  
2.89608  0.994151  
2.94097  0.983441  
2.91476  0.989816  
2.94253  0.981869  
2.92822  0.988017  
2.93035  0.986805  
2.92032  0.98214  
2.95049  0.976948  
2.89848  0.994568  
2.92193  0.990719  
2.92245  0.988053  
2.95506  0.987309  
2.94409  0.983055  
2.92147  0.985453  
2.92376  0.989415  
2.89708  0.98696  
2.87823  0.996494  
2.92554  0.983351  
2.90189  0.993409  
2.92945  0.967643  
2.87993  1.00238  
2.90607  0.990966  
2.91799  0.988194  
2.80162  1.06895  
2.78807  1.08079  
2.95491  0.984913  
2.9447  0.976884  
2.92101  0.990071  
2.82292  1.05098  
2.92372  0.978613  
2.80423  1.07139  
2.92379  0.975977  
2.89937  0.989435  
2.89155  0.996188  
2.91782  0.974637  
2.87186  1.01464  
2.83621  1.03446  
2.86026  0.966056  
2.79297  1.0642  
2.77324  1.09965  
2.75595  1.12448  
2.91542  0.952962  
2.76752  1.1058  
2.90193  0.95296  
2.53732  1.53905  
2.92079  0.969184  
2.78078  1.06673  
2.81949  0.997381  
2.74524  1.15928  
2.72876  1.22882  
2.82656  0.986476  
2.78931  1.10648  
2.69684  1.2903  
2.74869  1.16026  
2.91332  0.918131  
2.94211  0.971514  
2.74554  1.14546  
2.85838  1.01108  
2.71737  1.1668  
2.85036  1.00096  
2.69605  1.21784  
2.93474  0.987211  
2.74941  1.08209  
2.84082  0.963507  
2.66091  1.27425  
2.8044  1.02262  
2.75819  1.10439  
2.91093  0.956639  
2.86263  0.94839  
2.7746  0.957768  
2.35461  1.75251  
2.54281  1.62076  
2.8988  0.97023  
2.63907  1.41799  
2.61067  1.48605  
2.93482  0.944852  
2.76216  1.06531  
2.73626  1.13849  
2.8797  0.972078  
2.7134  1.1826  
2.84914  1.0197  
2.79706  1.03471  
2.82642  1.02131  
2.743  1.13304  
2.8049  1.03247  
2.937  0.969287  
2.84488  1.00508  
2.79304  1.07511  
2.78455  1.08985  
2.83662  1.03413  
2.76654  1.14333  
2.89225  0.989039  
2.80333  1.06698  
2.80633  1.079  
2.85933  0.996293  
2.79277  1.0762  
2.81721  1.03654  
2.95259  0.962125  
2.76542  1.16282  
2.75419  1.19063  
2.86318  0.99256  
2.80756  1.05651  
2.77764  1.1269  
2.78366  1.12103  
2.83792  1.02302  
2.85489  1.00983  
2.83048  1.02768  
2.90182  0.971785  
2.87218  0.986636  
2.74523  1.12027  
2.7774  1.14101  
2.87905  0.980794  
2.87549  0.986208  
2.88512  0.974087  
2.82837  1.04515  
2.95338  0.969823  
2.88208  0.994758  
2.84307  1.03316  
2.83343  1.04193  
2.76706  0.870878  
2.77259  0.861088  
2.76923  0.861609  
2.6955  0.935563  
2.83197  0.852838  
2.72935  0.899328  
2.74413  0.886379  
2.76658  0.857868  
2.77187  0.849932  
2.72293  0.892384  
2.65334  1.16332  
2.66997  0.997033  
2.74616  0.860128  
2.64328  1.23268  
2.83135  0.843705  
2.69121  0.919612  
2.67336  0.977426  
2.61283  1.13231  
2.72499  0.854683  
2.69941  0.877376  
2.62329  1.05465  
2.55685  1.16394  
2.28886  1.70479  
2.44799  1.60931  
2.70486  0.863676  
2.78519  0.823634  
2.46775  1.42994  
2.51963  1.2999  
2.62889  0.991879  
2.63356  0.982432  
2.78807  0.816072  
2.45103  1.46225  
2.74092  0.851684  
2.82461  0.840595  
2.68319  0.91882  
2.55393  1.17925  
2.4314  1.43329  
2.64097  1.09548  
2.65199  1.1718  
2.72303  0.854859  
2.55222  1.16999  
2.54039  1.2024  
2.76947  0.85506  
2.55298  1.24104  
2.81118  0.824826  
2.76225  0.835833  
2.38087  1.63869  
2.16496  1.67712  
2.58406  1.07329  
2.52118  1.23122  
2.7678  0.826857  
2.56618  1.27147  
2.40462  1.55392  
2.59385  1.11104  
2.59914  1.03097  
2.78618  0.829568  
2.70481  0.91334  
2.64198  0.919511  
2.5921  1.17431  
2.72558  0.839181  
2.55998  1.13619  
2.49954  1.30074  
2.65763  0.99256  
2.60962  1.00176  
2.48469  1.38569  
2.48474  1.38387  
2.38286  1.63158  
2.75575  0.871512  
2.44047  1.6056  
2.76864  0.837269  
2.60054  1.07928  
2.69737  0.864723  
2.5284  1.26927  
2.7544  0.840586  
2.67453  0.912806  
2.73478  0.857186  
2.572  1.13736  
2.52452  1.34524  
2.51635  1.34951  
2.77261  0.830477  
2.60636  1.14376  
2.54563  1.25709  
2.8062  0.827245  
2.7582  0.850807  
2.67189  0.872965  
2.71472  0.877489  
2.64204  0.955836  
2.64541  1.01496  
2.44307  1.61938  
2.53239  1.29711  
2.46252  1.54435  
2.76757  0.84565  
2.61719  1.10812  
2.50995  1.48952  
2.66427  0.984189  
2.74245  0.859879  
2.67621  0.94564  
2.70878  0.899225  
2.59027  1.18788  
2.57802  1.26542  
2.39327  0.414475  
1.93138  1.13879  
2.2874  0.425724  
2.24249  0.467777  
2.26747  0.445313  
1.72137  1.22505  
1.918  1.16035  
2.27893  0.430878  
1.97994  1.09117  
2.02263  0.958107  
2.21949  0.511956  
2.08734  0.806655  
2.29961  0.411704  
1.6498  1.28768  
1.72867  1.21964  
2.13274  0.661624  
2.05184  0.916063  
1.93299  1.13245  
2.11837  0.699028  
2.0666  0.838295  
2.16897  0.582336  
1.85636  1.1762  
2.08143  0.803955  
1.58196  1.39429  
2.15541  0.615528  
1.71452  1.20923  
1.53135  1.539  
2.20174  0.507863  
1.65135  1.23931  
1.45496  1.72916  
2.22921  0.474516  
1.95512  1.07737  
2.13244  0.656214  
1.98487  1.03173  
1.39454  1.89889  
1.49724  1.61612  
2.08373  0.794784  
1.81507  1.19678  
2.02486  0.939925  
2.35277  0.394563  
2.04167  0.90999  
2.09794  0.730616  
1.29223  1.99842  
2.36917  0.39155  
1.60922  1.31199  
2.24054  0.451572  
2.12879  0.660715  
2.02233  0.956822  
2.00924  0.960935  
2.20553  0.533858  
1.5307  1.52289  
2.26449  0.438069  
1.75996  1.1921  
2.05625  0.863531  
2.18082  0.543407  
1.60371  1.31573  
1.9114  1.14511  
1.62674  1.30351  
1.43832  1.77991  
1.92429  1.11806  
2.28941  0.401708  
1.38967  1.91216  
1.55261  1.44642  
2.00213  0.981167  
2.25731  0.441315  
1.62894  1.30154  
1.97864  1.04705  
2.27724  0.425019  
1.6983  1.21996  
2.11825  0.70619  
2.14687  0.63465  
2.24369  0.458607  
2.21519  0.493722  
1.96618  1.06718  
2.17267  0.569339  
2.11397  0.718999  
1.94933  1.10268  
1.68863  1.23104  
1.64775  1.28513  
1.5878  1.39027  
2.06928  0.833762  
2.00095  0.993373  
2.02938  0.936439  
2.19176  0.583634  
2.17791  0.570442  
1.99625  1.02722  
2.29273  0.41922  
2.02393  0.944245  
2.33957  0.401975  
1.9774  1.06455  
2.35095  0.396635  
2.02341  0.955389  
2.14702  0.653187  
2.06659  0.849904  
2.32312  0.401497  
1.29907  2.00529  
2.00504  0.992657  
1.66541  1.2543  
2.1059  0.735729  
1.56268  1.46465  
0.792797  2.23787  
1.9281  0.302383  
1.19067  1.46031  
2.03101  0.167927  
1.93106  0.296878  
1.39821  0.986066  
2.07029  0.143601  
1.99429  0.19945  
2.1092  0.135614  
2.01465  0.177338  
1.66702  0.873536  
1.32935  1.087  
1.16399  1.53056  
2.03439  0.16523  
1.7661  0.699246  
1.85421  0.462709  
1.42301  0.963954  
1.94532  0.270375  
1.80727  0.592798  
1.75677  0.709946  
1.96459  0.236143  
1.79852  0.600978  
1.35015  1.04902  
1.60506  0.925894  
1.7048  0.815002  
1.72631  0.770607  
1.23531  1.32733  
1.71301  0.805015  
1.28747  1.18771  
1.94768  0.264323  
1.26263  1.25266  
0.707129  2.44077  
1.1656  1.52135  
1.90575  0.33938  
1.1382  1.58841  
1.6938  0.840176  
1.6705  0.864133  
1.32244  1.09539  
1.40264  0.981302  
0.864762  1.77845  
1.19519  1.4498  
2.11913  0.134527  
1.11268  1.63613  
1.09227  1.67003  
1.9987  0.183941  
1.81524  0.55725  
1.86589  0.433454  
1.83912  0.500325  
1.82917  0.527592  
0.717173  2.38533  
1.79527  0.618379  
1.87914  0.40181  
0.636489  2.57387  
1.77383  0.670067  
1.43022  0.951807  
1.20632  1.41185  
1.3115  1.12483  
0.825205  1.90352  
1.38441  0.989327  
0.747135  2.16554  
1.62649  0.913228  
2.04103  0.15108  
0.922502  1.74391  
1.7222  0.788224  
1.92747  0.30041  
1.95421  0.255734  
1.19073  1.46002  
1.64543  0.899304  
1.45484  0.947799  
1.15309  1.55864  
2.07794  0.139027  
1.36496  1.0239  
0.729335  2.34577  
1.85019  0.471004  
1.75234  0.724719  
1.21486  1.38682  
1.2739  1.219  
1.77113  0.677382  
0.901984  1.75366  
1.89444  0.3701  
1.78206  0.645851  
1.98855  0.205207  
1.74641  0.737366  
2.01969  0.171703  
1.71678  0.802558  
1.85959  0.452156  
1.68472  0.848802  
1.91815  0.312607  
1.90237  0.350439  
1.29508  1.17027  
1.41678  0.971036  
1.17762  1.49076  
1.33367  1.08334  
1.97461  0.22669  
1.93438  0.290025  
1.66117  0.882846  
1.73728  0.756476  
1.82381  0.541921  
2.05287  0.14787  
1.36037  1.03186  
1.18064  1.21506  
1.21217  1.12937  
0.660567  2.05036  
1.93282  0.118878  
1.22813  1.08912  
1.09804  1.44481  
1.19592  1.17271  
1.14933  1.30421  
0.530761  2.45154  
0.968192  1.65442  
1.36178  0.886873  
0.827566  1.6813  
1.95984  0.0958227  
1.33214  0.909397  
0.631159  2.15612  
1.06118  1.53084  
1.27928  0.981036  
1.03708  1.5766  
1.71616  0.57244  
1.88532  0.181648  
1.73456  0.526092  
1.69447  0.624849  
0.810733  1.69261  
1.87464  0.199703  
1.76784  0.440504  
1.97418  0.0870235  
1.55379  0.845079  
1.78903  0.386679  
1.80966  0.336143  
1.83164  0.285494  
0.695825  1.92915  
0.98281  1.64435  
0.582704  2.31662  
1.07478  1.50114  
1.23676  1.06852  
1.17198  1.23954  
1.08891  1.46768  
1.89715  0.163327  
1.70504  0.599683  
2.04966  0.0696284  
0.594119  2.28426  
1.60108  0.798727  
1.26872  1.00038  
0.78078  1.72623  
1.30184  0.945288  
0.74985  1.78179  
0.522312  2.4603  
1.79962  0.360458  
0.641231  2.12219  
1.74543  0.498236  
1.31883  0.923475  
1.14034  1.3298  
1.8529  0.240599  
1.20428  1.15017  
1.92375  0.128641  
0.606168  2.24213  
1.632  0.75256  
1.10729  1.42079  
0.668345  2.02265  
1.75597  0.471079  
1.02379  1.5978  
1.38042  0.878215  
0.622987  2.18496  
0.84819  1.67335  
1.65924  0.701951  
1.82124  0.308972  
0.719905  1.85624  
1.29105  0.961411  
1.4208  0.870175  
1.72501  0.550305  
1.05119  1.55093  
0.793472  1.70969  
1.34644  0.89708  
1.94502  0.107376  
1.18728  1.1965  
1.25239  1.03349  
1.1564  1.28399  
1.2194  1.11083  
2.00363  0.0753923  
1.13071  1.35691  
1.11834  1.39112  
1.91001  0.145417  
0.682136  1.97466  
0.736207  1.81328  
1.58124  0.821698  
0.766771  1.74866  
0.654317  2.07283  
0.559783  2.43259  
0.705989  1.89713  
1.68339  0.65033  
1.84213  0.262782  
1.00696  1.62032  
1.646  0.727653  
1.6163  0.777564  
1.67179  0.675833  
0.874163  1.66978  
1.78027  0.408774  
0.572395  2.37992  
1.86309  0.220747  
1.52358  0.860615  
0.658403  2.05813  
0.592937  2.28418  
1.14555  1.31499  
1.12878  1.36233  
0.625419  2.17643  
1.11117  1.41049  
0.644454  2.10842  
1.03612  1.57824  
0.609601  2.23076  
1.19486  1.17561  
1.33012  0.911366  
0.544869  2.404  
1.27981  0.980108  
1.36162  0.886966  
0.576797  2.3308  
1.52455  0.860263  
1.69206  0.630481  
0.829931  1.68008  
1.73427  0.526841  
2.04962  0.0696294  
0.692289  1.94066  
1.72428  0.552138  
1.89739  0.162976  
1.10323  1.43144  
1.30171  0.945466  
1.67217  0.67503  
1.23452  1.07378  
0.878509  1.66961  
1.08636  1.47391  
1.02189  1.60059  
1.97212  0.0881507  
1.81905  0.314031  
1.60137  0.798359  
1.78718  0.391326  
1.87355  0.201616  
1.80835  0.339272  
1.31674  0.92593  
1.74403  0.501822  
1.92355  0.128863  
1.25999  1.01762  
1.18595  1.20022  
1.76588  0.445555  
1.06909  1.5139  
1.65954  0.701354  
1.26817  1.00145  
1.82974  0.289704  
0.812322  1.69132  
1.77652  0.418306  
0.748964  1.7837  
0.635054  2.14222  
0.781016  1.72589  
1.17061  1.24343  
0.432175  2.47023  
1.20356  1.15208  
0.601378  2.2577  
0.618424  2.2008  
1.13809  1.33615  
1.38137  0.877875  
0.853844  1.67208  
0.665345  2.0333  
1.70337  0.603705  
0.719135  1.85841  
0.563468  2.36468  
1.85082  0.24478  
0.535894  2.41947  
1.64566  0.728284  
1.2904  0.96245  
1.34478  0.898361  
1.68234  0.652678  
1.42499  0.869921  
1.75501  0.473555  
0.985086  1.64249  
1.04683  1.5592  
1.12116  1.38342  
0.585278  2.30701  
1.57688  0.826056  
1.15475  1.2887  
1.05675  1.53993  
1.79771  0.365145  
1.63297  0.750908  
2.00227  0.0757623  
1.9459  0.106617  
0.651331  2.08359  
1.55115  0.846839  
1.2505  1.03755  
1.21896  1.11195  
0.678707  1.98643  
0.732117  1.82352  
0.705584  1.89837  
0.763124  1.75524  
0.511178  2.45022  
1.71395  0.577901  
1.6167  0.776964  
1.86276  0.221378  
1.88503  0.182127  
1.0061  1.62135  
1.90869  0.147155  
0.957052  1.66006  
1.84098  0.265202  
0.796685  1.70605  
0.681305  1.9775  
1.17703  1.22523  
1.19482  1.17573  
1.16117  1.27036  
0.873391  1.66981  
1.32956  0.911925  
0.617279  2.20474  
1.3638  0.885747  
1.05795  1.5375  
1.71226  0.582076  
0.791667  1.71183  
0.650713  2.08583  
0.955876  1.66056  
1.88479  0.182521  
1.03425  1.58138  
1.69322  0.627767  
1.86022  0.226227  
1.67113  0.677256  
1.80771  0.340809  
1.42254  0.870061  
0.74605  1.79013  
0.553655  2.38663  
0.573277  2.34018  
1.10415  1.42904  
1.13629  1.34124  
1.29032  0.962574  
1.76396  0.450495  
1.23251  1.07857  
1.14472  1.31733  
1.16979  1.24578  
0.379539  2.51049  
1.63034  0.755353  
1.61377  0.781299  
0.625604  2.17578  
0.425082  2.47145  
0.806766  1.69601  
1.25849  1.02068  
1.38017  0.878308  
0.687882  1.95526  
1.01891  1.60483  
1.31774  0.924751  
1.83951  0.26835  
1.74318  0.504018  
1.85124  0.243941  
0.395752  2.48854  
0.6607  2.04988  
1.82971  0.289781  
2.04948  0.069633  
1.7031  0.604352  
0.590261  2.29229  
0.852782  1.67229  
0.760909  1.75939  
1.59766  0.803061  
0.529299  2.42936  
1.75419  0.475657  
0.77849  1.72959  
1.97109  0.0887357  
1.65844  0.703567  
1.87284  0.202886  
1.92334  0.129096  
2.00163  0.0759418  
1.20171  1.15705  
0.716104  1.86705  
1.07859  1.49237  
0.824776  1.68284  
0.632994  2.14958  
1.78577  0.394865  
1.26614  1.00537  
1.90923  0.14644  
1.06923  1.51358  
1.89526  0.166134  
1.55789  0.842182  
1.68159  0.654371  
1.72267  0.556202  
1.34464  0.898473  
0.642264  2.11632  
1.04687  1.55912  
1.81855  0.315206  
0.980562  1.64611  
0.609274  2.23185  
1.79673  0.367561  
1.15374  1.2916  
1.94442  0.107903  
1.18571  1.20088  
1.24859  1.04172  
1.08799  1.46994  
1.12002  1.38652  
1.2172  1.11643  
0.673211  2.00553  
0.729782  1.82954  
0.701317  1.91164  
1.64386  0.731614  
1.57919  0.823773  
1.7749  0.42244  
1.52713  0.859283  
0.499967  2.4588  
1.00287  1.62507  
1.30339  0.943124  
1.27755  0.984097  
1.73283  0.530509  
1.39294  0.874383  
0.618983  2.19887  
1.16714  1.25332  
1.13428  1.34691  
0.956045  1.66048  
1.73086  0.535497  
0.998494  1.62984  
0.56131  2.36973  
1.66638  0.687293  
1.71067  0.585965  
1.68951  0.63637  
1.57534  0.827534  
1.35351  0.892004  
0.538106  2.41587  
1.90946  0.146142  
0.583568  2.31194  
1.29343  0.957709  
1.77247  0.428653  
0.362175  2.54714  
1.86045  0.225785  
1.81597  0.321212  
1.83922  0.268962  
0.73663  1.81224  
0.410228  2.47715  
0.681199  1.97787  
1.76142  0.457036  
0.626511  2.17258  
1.3376  0.904354  
1.09518  1.45208  
0.720604  1.85429  
1.01547  1.60954  
1.655  0.710402  
1.15785  1.27984  
1.73939  0.51375  
1.22145  1.10567  
1.59413  0.807364  
1.42247  0.870065  
1.78204  0.404282  
1.05925  1.53484  
1.80565  0.345782  
1.25446  1.02909  
1.92332  0.129123  
2.04926  0.0696385  
0.317279  2.71258  
1.69969  0.61252  
0.799599  1.70294  
0.353149  2.57215  
1.30613  0.939374  
0.611163  2.22553  
1.37541  0.880171  
1.96988  0.0894276  
1.3197  0.922481  
1.62634  0.761939  
0.547957  2.39814  
0.654314  2.07284  
0.435506  2.4699  
1.82734  0.295091  
0.391075  2.49378  
0.377056  2.51485  
1.11266  1.4065  
0.846426  1.67382  
1.872  0.204366  
1.26704  1.00361  
1.19001  1.18895  
0.595256  2.27703  
0.70719  1.89346  
0.765502  1.75092  
1.88409  0.183665  
1.27994  0.979874  
1.89742  0.162934  
1.84939  0.247694  
1.12669  1.36812  
1.67746  0.66351  
1.72033  0.562068  
1.55735  0.842572  
0.57207  2.34333  
0.980695  1.64601  
1.64011  0.738416  
0.512908  2.44862  
2.00083  0.0761682  
0.339659  2.61741  
1.03881  1.57364  
1.17476  1.23165  
1.94654  0.106074  
1.23971  1.06165  
1.144  1.31939  
1.07708  1.49586  
0.640402  2.12302  
0.668989  2.02038  
0.323606  2.6833  
0.693466  1.93681  
1.52938  0.858375  
1.20571  1.14635  
0.779762  1.72771  
0.751604  1.77805  
0.820329  1.68556  
1.79489  0.372096  
0.878443  1.66961  
1.611  0.78528  
1.74944  0.487908  
1.06033  1.53261  
0.500056  2.45874  
1.82457  0.301353  
0.537956  2.41612  
1.78442  0.398263  
1.63827  0.741695  
1.13215  1.3529  
1.76537  0.446863  
1.84483  0.257101  
1.11114  1.41056  
1.6071  0.790721  
0.345939  2.59516  
1.00635  1.62105  
1.32927  0.912218  
1.80518  0.346909  
1.15195  1.29672  
0.638802  2.12878  
1.57106  0.831476  
0.365126  2.53987  
0.95429  1.6612  
0.327485  2.66624  
1.36745  0.88383  
1.73118  0.534699  
1.81566  0.321946  
0.75426  1.77252  
1.04999  1.55323  
1.27356  0.991309  
1.5924  0.80942  
1.97275  0.0878048  
0.628551  2.16538  
0.787989  1.71641  
0.678288  1.98787  
0.259843  3.02412  
1.64918  0.721666  
0.851119  1.67265  
0.987207  1.64068  
1.12189  1.3814  
0.723336  1.84674  
0.379289  2.51092  
1.39453  0.873996  
0.694235  1.9343  
1.19917  1.16388  
1.79477  0.372398  
2.04862  0.0696557  
1.92289  0.12961  
0.290183  2.85419  
1.02337  1.59842  
0.355478  2.56529  
1.31411  0.9291  
0.552438  2.38916  
0.270094  2.96748  
0.336749  2.62841  
1.23474  1.07327  
1.34671  0.896869  
0.156035  3.27059  
1.66431  0.691592  
0.231825  3.15935  
1.75652  0.469669  
0.318479  2.70689  
1.16397  1.26235  
1.8773  0.195079  
0.309064  2.75305  
0.591412  2.28882  
0.422866  2.472  
0.665275  2.03355  
0.299691  2.80209  
1.83546  0.277095  
1.14215  1.32467  
1.07332  1.50445  
0.280393  2.90928  
1.67837  0.661505  
1.10001  1.43976  
1.21791  1.11461  
1.55061  0.847186  
1.62351  0.766482  
1.85644  0.233568  
0.740116  1.80382  
0.648971  2.09211  
1.77576  0.420239  
1.18194  1.21142  
1.89859  0.161222  
0.817046  1.68779  
1.69154  0.631682  
1.70402  0.602144  
0.610311  2.22838  
1.25476  1.02845  
1.94669  0.105942  
0.522903  2.43776  
0.710256  1.88421  
0.574876  2.33596  
1.29416  0.956585  
0.249027  3.0807  
0.213613  3.22115  
1.99851  0.076859  
1.42887  0.869748  
0.395245  2.48907  
1.74401  0.501882  
0.769226  1.74441  
1.71787  0.568197  
1.08564  1.47566  
0.597415  2.2703  
1.05906  1.53523  
1.8245  0.301516  
1.7842  0.39882  
0.540626  2.4116  
1.6377  0.742706  
1.76509  0.447575  
1.13123  1.35547  
1.84658  0.25347  
1.1102  1.41307  
1.60635  0.791752  
0.343788  2.60256  
0.503438  2.45647  
1.37158  0.881846  
1.15108  1.2992  
1.57006  0.832369  
0.637325  2.13408  
0.957845  1.65971  
1.69113  0.632619  
1.08457  1.47822  
1.73085  0.535527  
0.692665  1.93943  
1.99847  0.0768723  
1.02182  1.60068  
0.767447  1.74748  
1.19834  1.16613  
1.59151  0.810458  
0.554906  2.38397  
1.97268  0.0878395  
0.626886  2.17126  
1.67796  0.662426  
0.362635  2.54597  
1.87718  0.195285  
1.805  0.34736  
0.420089  2.47282  
0.334664  2.63655  
1.70369  0.602946  
1.27265  0.992991  
0.676787  1.99307  
0.853109  1.67222  
1.85631  0.233833  
0.377262  2.51448  
1.7946  0.372829  
0.787474  1.71707  
1.83532  0.27739  
2.04854  0.0696579  
0.721848  1.85083  
1.31303  0.930436  
0.153043  3.2718  
0.752617  1.77592  
1.75628  0.470277  
1.92289  0.129613  
1.54926  0.848047  
0.297475  2.81405  
1.16316  1.26468  
1.12088  1.38417  
1.94655  0.106063  
1.23391  1.07524  
0.39791  2.4864  
0.229305  3.16935  
1.2932  0.958058  
1.71752  0.569064  
0.257424  3.03712  
1.07216  1.50708  
0.287799  2.86751  
1.39605  0.873644  
1.64863  0.722711  
0.663833  2.03869  
0.316159  2.71794  
0.589532  2.29448  
1.35001  0.894433  
1.8155  0.322314  
0.278165  2.9219  
1.09905  1.44224  
0.353123  2.57222  
1.14131  1.32704  
1.62284  0.767533  
0.647445  2.09762  
1.21704  1.11683  
1.89849  0.161363  
0.814777  1.68944  
0.990231  1.63798  
1.04867  1.55574  
0.608856  2.23324  
0.708767  1.88868  
0.525353  2.43468  
1.25406  1.02994  
1.18192  1.21147  
0.246554  3.09298  
0.572822  2.34137  
0.210901  3.22815  
0.738565  1.80754  
0.267956  2.97945  
1.42624  0.869859  
0.306849  2.76439  
1.74371  0.502651  
1.66383  0.692596  
1.77551  0.420875  
1.32814  0.913357  
0.325347  2.67556  
