2.6173  2.94588  6.44934  
6.03147  4.48588  6.63537  
3.63547  2.64529  3.386  
6.72414  4.35311  5.64736  
3.01642  3.23221  4.4904  
4.32235  4.75444  4.77755  
4.16795  1.70339  5.14624  
2.33408  3.35336  4.40128  
2.53468  1.8401  4.17746  
6.46542  6.33599  6.53721  
2.51371  5.01284  3.81988  
2.80835  4.42244  6.18257  
5.21281  4.34009  6.15252  
4.25294  2.11833  3.12029  
6.3257  3.86417  4.98509  
2.923  3.30801  3.1221  
2.40266  1.27479  6.95313  
5.4679  4.37569  6.37213  
6.15546  6.74577  6.34691  
5.00403  7.34212  10.2943  
6.25471  7.27114  4.24602  
3.04308  2.53904  3.38115  
4.01745  2.52854  3.58319  
2.96499  2.28313  2.54078  
6.33051  7.21927  5.72541  
2.25946  2.43377  3.71971  
3.17929  3.53036  3.6112  
4.69181  4.36198  3.90271  
6.38901  3.16308  4.07521  
3.06959  3.65458  6.10881  
2.29575  2.28048  4.73238  
2.61404  8.55539  6.35972  
4.93492  5.42972  4.96955  
2.78003  2.8952  4.44035  
4.23986  3.63751  3.19345  
2.69248  0.983553  3.4701  
4.64904  5.48448  8.74508  
3.09375  3.28604  5.12736  
4.09259  2.19633  2.38318  
3.67298  2.41448  3.99602  
2.44664  4.30344  6.40511  
4.40763  8.37358  4.37927  
1.95387  5.2656  4.2427  
3.39382  4.15531  2.40786  
4.71214  3.79548  4.7138  
2.06262  4.37412  4.5636  
6.84867  9.68484  6.52698  
5.26026  3.83391  6.58153  
8.62589  3.86398  2.06746  
6.0659  1.99395  4.31216  
2.94232  1.89417  4.11086  
2.94346  2.44038  2.95955  
3.40493  6.07229  4.04108  
7.98563  5.92725  3.71608  
5.501  3.9598  2.6512  
1.57255  2.54544  2.6727  
7.82105  5.82734  4.25778  
7.80293  4.3611  6.80354  
1.82261  1.15779  3.98332  
3.33106  3.00811  4.85962  
3.48344  3.82315  4.08952  
9.51127  4.85267  7.67108  
3.0188  4.45286  6.25658  
7.49534  5.27915  6.14939  
3.79111  5.29071  5.27399  
3.80007  5.98874  4.78805  
2.33675  4.05215  4.10041  
4.09324  4.72395  4.98671  
3.14206  6.65723  3.76175  
5.06219  2.62335  3.23212  
4.16119  5.75597  2.5973  
3.28864  4.84422  4.08028  
4.93069  3.72459  2.90283  
4.08551  6.85883  7.43887  
5.74143  8.50324  3.89509  
3.21264  2.62388  2.68017  
3.62239  3.536  4.52457  
3.19474  3.05672  3.17728  
2.63832  3.9548  4.74151  
3.10471  3.13302  3.80167  
3.62084  2.16625  4.61695  
2.41102  4.69749  4.58967  
9.08162  10.2149  5.28573  
6.97556  6.98658  5.93869  
2.86913  4.11454  4.42141  
4.06737  8.16651  6.37591  
6.1812  4.24024  1.9137  
5.57054  2.97162  6.60668  
5.21947  4.7402  2.59261  
3.14139  2.86392  4.12945  
1.72819  2.46098  4.30613  
3.3254  10.707  5.49523  
4.65382  3.25011  4.08554  
2.69913  2.22223  2.91853  
5.13474  3.38582  5.2119  
5.13029  2.50086  5.3488  
2.89889  5.62016  2.01364  
4.32601  2.48938  5.68983  
4.52042  4.20209  4.26487  
3.5416  2.46869  4.39996  
2.40893  0.62947  1.28033  
3.26882  0.0463093  4.01604  
3.92899  4.78645  3.01566  
2.39541  1.59113  3.75692  
2.04766  4.39187  1.6969  
4.9852  1.03022  4.03523  
2.85899  4.87915  0.593954  
2.60146  4.18715  4.46113  
1.99491  4.62679  6.19  
5.0115  4.25506  2.93237  
2.63766  2.87194  5.42885  
3.52267  2.15534  5.23158  
3.14958  2.65183  4.83117  
3.62788  3.64196  4.04675  
1.34492  5.3926  5.05255  
1.64772  3.10978  6.53845  
2.54033  2.79798  4.27895  
1.82644  2.69374  5.88127  
1.49938  2.23658  4.10942  
4.43692  1.65623  2.03855  
2.07313  3.13806  2.78566  
2.32382  6.18163  2.43312  
2.65804  1.10938  5.23259  
2.67749  1.32334  3.52852  
6.10365  1.5731  3.7557  
5.12729  5.20081  0.621707  
3.18108  3.99281  2.17402  
1.16262  1.83008  4.76626  
1.85036  3.67082  2.23307  
2.01249  3.45979  3.0053  
1.52099  1.47033  7.68583  
1.30179  1.98268  3.78777  
2.55476  2.35314  5.78515  
1.90617  2.11741  6.25835  
4.04287  1.07267  3.15899  
1.1416  0.953414  7.13872  
1.56741  4.51468  3.34728  
2.96709  7.63668  2.25045  
2.22027  1.60861  2.32903  
3.1822  1.23441  2.50907  
2.45326  2.35451  5.98259  
6.56865  4.49524  0.459373  
4.15262  3.27636  1.5757  
0.204688  1.58953  4.8741  
1.78144  1.25276  7.40588  
4.64215  1.64702  0.195428  
4.20022  2.97091  3.7086  
3.90583  5.34799  1.24297  
2.45602  3.2623  3.59116  
2.93664  0.681745  4.92969  
3.96299  3.91737  2.10713  
2.43593  0.764251  0.208998  
1.76126  4.61487  1.43759  
3.89199  3.76281  2.15035  
1.35441  3.44176  0.00135266  
0.127417  5.43621  6.19106  
0.780388  2.90883  3.61911  
5.32725  6.60645  1.26755  
2.6977  5.06  2.82775  
5.35975  4.07891  0.358762  
0.0197497  0.0600404  0.920519  
2.45778  9.08511  1.00591  
3.21787  1.95537  4.51117  
5.63752  1.95798  1.6554  
1.37956  3.08125  3.05639  
3.88624  2.59524  1.66183  
1.85496  1.21777  3.99028  
0.472349  1.05469  0.525954  
2.83099  1.47356  5.06318  
2.77602  5.32107  2.52586  
0.947433  4.72114  2.10209  
3.57254  2.1214  3.80392  
0.279449  3.42569  6.27202  
3.5108  1.05533  6.75706  
1.40287  9.18975  2.10628  
0.342119  4.87656  8.55292  
5.72536  2.54119  2.57961  
3.49131  1.6477  3.64285  
3.13815  3.2605  6.0619  
3.43842  5.91295  1.68181  
3.4589  4.05992  2.81109  
4.7089  3.09252  2.0139  
0.88978  4.02018  4.18054  
5.87835  1.23625  4.42137  
3.29199  2.48761  3.13199  
0.630227  4.9986  4.98805  
3.33003  3.69913  2.52791  
0.911638  6.50509  4.47877  
0.69076  3.26067  7.41467  
4.09302  2.42091  2.99919  
1.88292  8.00155  2.51048  
8.35279  2.39028  2.88394  
1.58391  1.46118  4.41135  
2.71214  4.28958  3.20564  
1.75762  7.30003  3.98223  
3.31371  3.29509  3.08977  
1.76307  2.2273  6.47634  
5.012  1.65595  4.50799  
2.12396  5.19554  3.86448  
4.30283  2.61577  3.70288  
0.546183  3.22802  0.665366  
3.03094  2.00774  0.597843  
0.25662  1.67455  4.14041  
0.874527  0.0688004  3.56099  
1.81816  2.4757  0.821259  
0.170395  3.25325  1.38858  
0.137266  1.35115  3.48552  
1.93995  0.699662  1.13165  
0.585883  0.0958639  2.3519  
0.664458  3.92861  1.40568  
1.81137  2.12487  2.42606  
0.733469  2.82895  2.85369  
0.592443  1.9407  4.0656  
6.77723  2.81519  0.680953  
1.46203  5.24711  0.679292  
3.20615  0.738687  1.91035  
1.97597  1.99158  1.71194  
1.08003  1.55746  2.80718  
0.58081  1.94135  1.9393  
2.04838  0.41981  1.90958  
0.267309  4.51885  1.86162  
1.24426  0.317211  3.28604  
0.291865  1.56969  2.6364  
1.59566  0.124951  2.95741  
0.587217  3.16764  2.31288  
0.222933  3.00401  3.36883  
0.879706  1.87561  0.999496  
1.6401  0.299286  1.8297  
1.63576  1.53766  2.82403  
2.72411  0.489431  1.17578  
1.21524  0.607238  4.55589  
0.595267  0.932944  2.18141  
4.23081  0.0544975  0.472883  
0.51159  2.79144  0.7212  
0.188755  1.83347  2.27951  
0.316542  4.69058  0.585222  
3.85457  0.562352  0.946217  
0.715543  2.596  1.99271  
0.31082  1.09981  3.02004  
0.745442  2.02916  1.70075  
2.37305  1.74966  0.236161  
1.94211  0.00106638  1.96095  
0.346226  0.92587  3.24237  
0.0179377  0.0559235  0.932857  
0.939923  0.0636968  0.000451629  
0.860686  0.732314  2.91722  
3.68658  0.0718504  3.26503  
2.21519  0.0294737  1.82864  
0.177647  0.580435  0.258286  
0.486148  0.26264  0.472082  
3.14109  1.29538  1.39374  
0.51375  0.543005  0.42864  
0.591152  1.01227  3.57909  
1.31031  1.67377  0.388593  
1.38355  2.39425  0.577015  
1.49935  0.815792  1.63957  
2.16316  1.03869  0.353423  
1.21592  1.43215  1.5527  
1.65147  2.29154  1.25676  
0.000669336  1.07859  2.70159  
1.79026  1.42139  2.16576  
4.3172  2.55878  0.000343015  
0.306269  0.143251  4.04796  
0.0406073  3.89634  2.50975  
0.157381  0.505669  4.36143  
1.27165  1.26472  2.7579  
3.91017  3.66574  0.0247824  
6.92562  1.6018  0.268248  
0.164474  0.458446  5.15951  
0.975997  1.63057  1.91345  
1.7663  0.44499  4.14377  
0.806718  4.37327  0.947164  
1.27826  0.48157  3.17049  
4.12922  1.24865  1.27238  
1.25649  2.68275  0.802924  
0.152375  2.64724  2.76284  
0.133093  1.3079  5.06174  
1.31755  1.30915  2.66052  
0.847417  2.65502  1.59336  
0.834387  0.633715  3.84981  
0.345641  0.35717  5.77012  
3.80266  2.30138  0.394506  
0.0973885  0.902672  0.101927  
3.0499  0.380412  2.30063  
0.191314  2.98205  2.49787  
1.50402  0.894322  2.199  
1.06768  4.83763  1.08297  
0.646781  1.35944  2.83839  
0.935737  2.83491  1.3038  
1.27452  2.08561  0.902633  
3.72527  1.78624  0.929959  
2.0316  1.76424  1.22095  
2.70451  0.368956  2.59268  
1.85195  0.487079  2.43378  
2.47843  0.797913  1.83722  
1.49066  1.80061  2.04052  
1.51076  2.06927  1.67449  
1.17324  2.7749  1.18214  
0.57605  1.55734  3.35662  
1.2292  2.54671  1.74254  
0.320285  0.0563455  1.801  
1.06298  0.0331113  0.745547  
0.17561  1.21219  1.0467  
0.642566  0.0654284  1.65052  
0.897787  0.37454  1.4722  
1.43562  1.74343  0.55542  
0.161606  1.04251  1.2558  
1.07991  1.14413  0.728189  
0.160671  2.05024  0.818781  
0.267777  0.332208  1.9733  
0.553296  0.843326  1.70525  
0.780772  2.08526  1.38477  
0.298491  0.411559  2.32483  
0.224759  0.97854  1.83219  
1.51986  0.257332  1.16278  
0.306222  0.758644  1.75661  
0.160728  0.626709  2.4273  
0.706905  1.0286  1.24591  
0.657684  0.472125  1.69751  
0.380948  0.29505  1.94841  
0.452157  1.92001  0.484868  
1.29489  0.00243213  1.56145  
0.000480945  2.13275  0.689313  
0.584152  1.03437  0.867164  
0.228309  0.112313  1.83725  
0.374261  0.0182029  1.92793  
1.19776  0.0102529  0.943863  
1.78772  1.28927  0.00658309  
0.545492  0.58409  1.71184  
0.863754  1.50447  0.240976  
0.00214895  0.605282  1.58583  
1.82963  0.000274943  1.76875  
0.731231  0.150887  0.218217  
0.0634196  1.30644  0.686971  
0.000257893  0.277459  2.18344  
0.226134  0.31974  2.83468  
2.41798  0.112261  0.24844  
0.00631569  0.00102609  2.26606  
0.70278  2.3324  0.21606  
0.31461  1.08264  1.03647  
0.521548  0.117087  1.0304  
0.0539286  0.899384  0.0538864  
0.163164  2.12788  0.592692  
0.484864  0.48924  0.391463  
0.186433  3.46962e-05  3.20218  
1.34834  0.47228  0.200419  
0.785247  1.85418  0.000276254  
0.0485339  0.64337  0.505938  
0.0792657  0.817107  1.43495  
6.63568e-05  8.04155e-05  1.00009  
0.275828  0.469097  0.482332  
0.177683  0.580942  0.24146  
0.43065  3.19631  0.431323  
0.953928  0.0588815  0.000822918  
0.673955  0.844743  1.28544  
0.863611  1.02823  0.648458  
0.725539  0.300758  0.972685  
0.177759  0.574394  1.99709  
1.02601  0.000123109  0.483144  
0.386732  0.152192  0.508306  
0.404673  0.428162  1.52007  
0.213744  0.33722  0.640778  
0.0299552  1.8437  1.29957  
1.81198  1.03637  0.000114892  
0.954133  0.0384842  0.48642  
0.390032  0.0378127  2.36403  
0.21513  1.17302  0.991889  
1.78806  0.303012  0.754434  
0.410806  0.786685  1.54544  
0.90215  0.728146  0.863358  
0.23702  0.934738  1.35006  
0.665998  1.34717  0.601798  
0.335227  0.886315  1.30149  
0.151901  0.330273  1.94254  
0.541299  1.79541  0.524931  
0.426932  3.82621  0.47637  
0.100394  0.786042  1.88397  
0.0733963  0.543785  1.83619  
0.0176976  1.54608  1.71254  
1.22501  1.13412  0.592071  
0.488926  1.28413  0.914139  
0.191749  0.708481  1.58903  
0.648285  3.01027  0.418845  
0.44232  0.848055  1.37247  
0.0412695  1.03686  1.58437  
0.0433064  1.54822  1.30878  
1.42272  0.173179  1.14837  
1.02248  0.0787336  1.38058  
0.0040595  0.0749038  3.21408  
0.729943  0.288294  1.16741  
0.0642965  2.58427  0.727411  
1.50437  1.17467  0.216831  
2.58318  0.559424  0.388873  
0.110355  0.184156  3.04371  
2.32637  0.346714  0.777881  
0.949994  0.0805875  1.34013  
3.61627  0.631983  0.245107  
0.267854  0.263195  1.98289  
1.39748  0.140769  1.44985  
0.366262  2.0989  1.27541  
0.052947  0.732919  0.696929  
0.123992  0.00967235  1.705  
0.0570224  0.0840939  1.40253  
0.322349  0.728455  0.817211  
0.10793  0.60256  0.964464  
0.374262  0.17493  0.915773  
0.430841  0.0385707  1.04289  
0.300206  0.00800261  1.22507  
0.41128  0.363579  0.844035  
0.0384645  0.0965396  1.3177  
0.0376743  0.66868  0.82791  
0.147638  0.441845  0.866776  
0.391757  0.0582787  0.992399  
0.107161  0.0837859  1.2102  
0.636447  0.112481  0.807177  
0.586626  1.29207  0.55953  
0.00165613  0.00122582  1.50036  
0.270339  0.148888  0.935914  
0.434114  0.0135958  0.98951  
0.000143273  9.78264e-05  1.19627  
0.586195  0.0110367  0.413781  
0.0283941  1.5355  0.175145  
0.573055  0.520461  0.348133  
0.688065  0.893203  3.52565e-06  
0.513935  0.510571  0.37179  
0.246184  0.290705  0.671832  
0.0151999  0.411935  1.09632  
0.050374  0.159431  0.958863  
0.203367  0.985051  0.460337  
0.17958  0.101243  0.797611  
0.0960269  0.348503  0.814831  
0.937298  0.734486  0.0696792  
0.105058  0.245617  0.696493  
0.416557  0.0299015  1.03272  
0.50829  0.112144  0.387181  
0.202872  0.439346  0.42097  
0.267674  0.0466408  0.878316  
0.313112  0.748592  0.0401526  
0.429853  0.446083  0.80623  
0.313119  0.0643689  0.630947  
0.0365682  0.632315  0.788756  
8.79066e-05  0.504909  0.622987  
0.0639993  0.829144  0.735576  
0.203366  0.814054  3.34003e-05  
0.38337  0.12759  0.48961  
0.0520364  0.476361  1.02595  
0.662038  0.157273  0.187425  
0.579876  0.345474  0.304094  
0.177332  0.579816  0.24288  
0.232972  6.71973e-05  0.768755  
3.2263e-05  3.49524e-05  0.999973  
0.0196745  0.649937  0.352511  
0.00771572  1.40072  0.000924234  
0.699436  0.231793  0.0741414  
0.0667071  0.38055  0.554844  
0.0282274  0.19683  0.801212  
1.00089  0.000271966  2.5435e-05  
0.042976  0.817224  0.496546  
0.946118  0.0548017  3.254e-05  
0.607865  0.0662199  0.327705  
0.843965  8.84677e-05  0.804364  
0.71395  0.774707  0.0730173  
0.000570998  0.536768  0.929079  
0.457528  0.5576  0.438462  
0.750754  0.1103  0.592887  
1.07087  0.0483085  0.607652  
0.173388  1.18856  0.242049  
0.6699  0.573672  0.216154  
0.439506  0.411742  0.63486  
0.0541629  0.634096  0.624273  
0.576072  0.0377915  0.79338  
0.535991  0.0392256  0.97847  
1.1648  0.0918874  0.00031258  
0.082279  0.119638  1.12178  
0.0487928  0.24847  1.17647  
0.612748  0.85539  0.231433  
0.132274  0.238054  1.01677  
0.718015  0.368207  0.555069  
0.0558264  0.496084  1.04907  
0.427627  0.498592  0.576708  
0.472091  0.910271  0.385638  
0.135056  0.77791  0.542478  
0.266508  0.272923  0.833386  
0.500852  0.370611  0.656952  
0.135823  0.0798317  1.1224  
0.22889  0.113391  1.28637  
0.547222  0.253428  0.77082  
0.248026  0.113662  1.03629  
0.603886  0.228883  0.754401  
0.0417854  0.763974  0.698934  
0.20812  0.300772  0.959601  
0.0861599  0.245782  1.08161  
0.345904  0.269088  0.82986  
0.26712  0.0347398  1.05162  
0.195766  0.0942437  1.11774  
0.0901924  0.414741  0.983568  
0.0311422  0.479312  0.79804  
0.0701104  0.286742  1.1287  
0.0507633  0.914081  0.0369175  
0.0623302  0.329498  1.17194  
0.439898  0.123351  0.440587  
0.0505786  0.171685  0.788202  
0.377484  0.0923082  0.552335  
0.0195991  0.717763  0.277597  
0.520555  0.0268475  0.476758  
0.675252  0.162121  0.170148  
0.240733  0.0732014  0.690379  
0.00833468  0.0667801  0.926719  
0.0244483  0.394706  0.592202  
0.398978  0.13676  0.471463  
0.128805  0.543432  0.330255  
0.198119  0.569168  0.262978  
0.297731  0.0791591  0.633465  
0.448699  0.150835  0.402345  
0.352342  0.14015  0.533496  
0.0656803  0.492267  0.451902  
0.198758  0.471822  0.387126  
0.169372  0.0569209  0.780659  
0.972505  0.00143904  0.0322056  
0.0320886  0.131451  0.845472  
0.100516  0.848232  0.059839  
0.246924  0.71609  0.0666858  
0.821153  0.0339724  0.162727  
0.477236  0.0186206  0.511258  
0.873115  0.0962646  0.0319714  
0.0554871  0.784089  0.175166  
0.681978  0.22803  0.0983269  
0.563017  0.101147  0.343986  
0.142485  0.0276379  0.831799  
0.190823  0.659698  0.152525  
0.379295  0.127675  0.494723  
0.275267  0.0681895  0.658387  
0.560376  0.162653  0.278639  
0.104056  0.341195  0.556171  
0.0236042  0.877375  0.104683  
0.0176837  0.616725  0.375065  
0.0324541  0.107509  0.865125  
0.644758  0.250136  0.162641  
0.0657539  0.207405  0.741946  
0.64505  0.151771  0.203258  
2.68348e-05  1.0055  4.4261e-05  
0.257355  0.729861  0.0393255  
0.618517  0.0686889  0.314061  
6.44328e-05  2.05957e-05  0.999968  
0.101543  0.870495  0.0326563  
0.35382  0.0324985  0.614871  
0.144036  0.434844  0.421322  
1  1.78849e-05  1.52583e-05  
0.0921308  0.241577  0.68259  
0.167013  0.537993  0.30496  
0.495531  0.166627  0.351661  
0.181473  0.59319  0.225729  
0.0330999  0.519401  0.457739  
0.226739  6.43447e-05  0.77334  
0.137605  0.526995  0.350222  
0.725049  0.241294  0.0345255  
0.021337  0.685926  0.305434  
0.565111  0.0148855  0.422299  
0.0660262  0.525149  0.410549  
0.068446  0.275611  0.656481  
0.186729  0.813302  1.18283e-05  
0.029056  0.301147  0.670155  
0.460716  0.153661  0.386577  
0.242047  0.693841  0.0852769  
0.0330794  0.240661  0.727361  
0.0578415  0.182032  0.775262  
0.0698445  0.409754  0.522483  
0.58222  0.170399  0.256136  
0.187997  0.790835  0.0333798  
0.854663  0.039224  0.107975  
0.411931  0.13979  0.451837  
0.173837  0.556102  0.278605  
0.171735  0.487606  0.373414  
0.705519  0.172032  0.137993  
0.336777  0.124008  0.559185  
0.224621  0.0676959  0.709617  
0.0136609  0.746883  0.250011  
0.13625  0.397881  0.473322  
0.502271  0.106226  0.39414  
0.531956  0.157417  0.319006  
0.0607186  0.0297252  0.924666  
0.186036  0.0643623  0.752869  
0.32543  0.0687287  0.609401  
0.700971  0.234727  0.0699116  
0.41887  0.0322477  0.561546  
0.206235  0.634506  0.182878  
0.620666  0.146143  0.238336  
0.891551  0.0134165  0.102815  
0.0335044  0.453375  0.514914  
0.0682107  0.316152  0.62886  
0.684425  0.102448  0.258924  
0.261265  0.73455  0.0340849  
5.57263e-05  0.373505  0.626678  
0.0567041  0.820574  0.13706  
0.203334  0.683291  0.129426  
0.271992  0.0229989  0.706984  
0.664986  0.226295  0.125801  
0.138828  0.416541  0.451091  
0.116315  0.370914  0.520522  
0.409035  0.0968684  0.505138  
0.190732  0.609872  0.203654  
0.568553  0.168891  0.262805  
0.157235  0.461848  0.384944  
0.832829  0.0328968  0.134542  
0.165496  0.498099  0.337959  
0.640145  0.0238039  0.338123  
0.713071  0.0964911  0.204042  
0.020103  0.385363  0.59556  
0.472905  0.019292  0.50916  
0.84065  0.0934327  0.0669196  
0.0688508  0.484868  0.451536  
0.302004  0.100701  0.59752  
0.167306  0.735179  0.100225  
0.0305217  0.300921  0.669406  
0.239627  0.726789  0.0338585  
0.127654  0.366851  0.514186  
0.44395  0.149917  0.408105  
0.629407  0.0678442  0.302934  
0.695185  0.169471  0.135464  
0.0971359  0.805241  0.0992299  
0.031667  0.133589  0.835622  
0.0560095  0.73874  0.211255  
0.141888  0.0335507  0.82779  
0.601358  0.0661405  0.333895  
0.0696978  0.208548  0.722302  
0.869027  0.0980406  0.0333701  
0.0186721  0.749676  0.23974  
0.215763  0.648051  0.136506  
0.0688189  0.552018  0.379489  
0.526806  0.0190516  0.457923  
0.999999  3.50545e-06  9.9014e-06  
0.545721  0.182014  0.272662  
0.104507  0.344342  0.551243  
0.0686658  0.275892  0.655525  
0.67511  0.224884  0.100099  
0.823693  0.0328767  0.144194  
0.412901  0.137861  0.449494  
0.171799  0.518297  0.310338  
0.0264001  0.833052  0.141922  
0.144191  0.43458  0.421297  
0.362243  0.0344508  0.603517  
0.622389  0.206568  0.171318  
2.85181e-05  1.68285e-05  0.999968  
0.18312  0.59584  0.221277  
0.397745  0.133357  0.469728  
0.182432  0.563027  0.255807  
0.321272  0.106965  0.571856  
0.163052  0.47921  0.361079  
2.17968e-05  1.00001  1.09977e-05  
0.59855  0.203073  0.202556  
0.260977  0.0671391  0.672432  
0.100369  0.867669  0.0324022  
1.11022e-05  0.371707  0.628313  
0.240007  0.723848  0.0366747  
0.724103  0.240957  0.0349777  
0.699528  0.0254088  0.276269  
0.0334697  0.465378  0.501408  
0.2267  3.6173e-06  0.773312  
0.0348901  0.10658  0.859096  
0.0229356  0.877194  0.101193  
0.0124771  0.681949  0.30588  
0.0984565  0.301651  0.603089  
0.581367  0.0203279  0.400012  
0.462045  0.154055  0.383963  
0.186708  0.813299  5.84885e-06  
0.739265  0.0851437  0.17603  
0.131147  0.379887  0.49357  
0.231222  0.691815  0.0777506  
0.520162  0.173292  0.306796  
0.578545  0.19197  0.229638  
0.0342055  0.239661  0.72672  
0.173001  0.760317  0.0674024  
0.48529  0.102945  0.412318  
0.439933  0.0297553  0.535131  
0.493252  0.165151  0.342793  
0.180678  0.0620609  0.759418  
0.0818101  0.238212  0.683256  
0.721512  0.175909  0.102883  
0.139576  0.588545  0.273072  
0.0677133  0.0175061  0.915065  
0.0287705  0.917021  0.0652823  
0.919497  0.0138352  0.0678074  
0.612652  0.141211  0.247988  
0.20911  0.62301  0.171369  
0.0926469  0.775078  0.133181  
0.278544  0.0932494  0.629239  
0.267411  0.0294636  0.705187  
0.0191487  0.616703  0.364456  
0.359881  0.120124  0.520251  
0.765492  0.031773  0.20306  
0.697918  0.232314  0.0699372  
0.0613694  0.168809  0.778919  
0.136633  0.411363  0.452151  
0.651936  0.217179  0.131011  
0.213909  0.0683858  0.719748  
0.0258655  0.524041  0.450176  
0.0685359  0.411901  0.519716  
0.808497  0.0987915  0.100713  
0.553028  0.102819  0.344405  
0.22626  0.671065  0.105658  
0.14894  0.444763  0.408991  
0.569328  0.167972  0.26279  
0.709269  0.0888064  0.204036  
0.129835  0.359946  0.520147  
0.0616657  0.69482  0.24764  
0.343758  0.03399  0.626114  
0.0676955  0.483313  0.449789  
0.305813  0.101992  0.592325  
0.166748  0.500185  0.33317  
0.0313971  0.838113  0.133121  
0.47124  0.0222432  0.507248  
0.239428  0.726885  0.0337113  
0.260721  0.067139  0.672267  
0.233505  0.70032  0.0663649  
0.030382  0.300889  0.668964  
0.0317383  0.133397  0.834964  
0.464617  0.162483  0.380637  
0.22379  0.670897  0.105553  
0.695132  0.169464  0.13541  
0.20087  0.600235  0.200458  
0.624438  0.0676076  0.308165  
0.552171  0.103191  0.345145  
0.0687832  0.552898  0.378378  
0.596178  0.0647233  0.339721  
0.100234  0.866688  0.0331942  
0.674667  0.224696  0.10067  
0.867982  0.0989494  0.0331305  
0.21522  0.646564  0.138256  
0.0278619  0.662248  0.312209  
0.396411  0.132161  0.471484  
0.171632  0.515524  0.312948  
0.17228  0.759015  0.068949  
0.0343199  0.106921  0.8588  
0.823217  0.033981  0.143076  
0.545656  0.181758  0.272602  
0.0333071  0.824721  0.145893  
0.484664  0.102509  0.412925  
0.363695  0.0353607  0.6011  
0.063181  0.729367  0.210544  
0.0686938  0.413021  0.51831  
0.999997  3.02468e-06  5.10682e-06  
0.526439  0.032099  0.452782  
7.50207e-07  1  3.69661e-06  
0.622376  0.206491  0.171185  
0.0689951  0.275553  0.655515  
0.486711  0.162353  0.351283  
0.413661  0.137898  0.448468  
0.144184  0.434557  0.421279  
0.0321509  0.501912  0.468627  
0.599503  0.199556  0.20104  
0.140248  0.0342219  0.825901  
6.6968e-05  0.370036  0.629911  
0.724633  0.241125  0.0342496  
0.225763  2.54943e-06  0.77425  
0.693741  0.0291938  0.278187  
0.0675146  0.017631  0.914939  
0.73655  0.0981708  0.176289  
0.916779  0.0178539  0.067659  
0.104119  0.341337  0.554586  
0.19262  0.578042  0.230176  
0.0690572  0.207248  0.723717  
0.279284  0.0929442  0.627903  
2.97629e-05  2.48566e-05  0.999968  
0.186706  0.813298  2.29082e-06  
0.216515  0.0680114  0.71552  
0.578603  0.0236869  0.399107  
0.321307  0.106922  0.571822  
0.160681  0.705446  0.134217  
0.445551  0.148525  0.406013  
0.126732  0.379882  0.493544  
0.0257976  0.609797  0.367953  
0.229648  0.688728  0.0817658  
0.0974028  0.769042  0.134111  
0.159499  0.476091  0.365269  
0.168873  0.0654634  0.775829  
0.578518  0.19191  0.229597  
0.0331478  0.234929  0.731971  
0.433801  0.0321611  0.53612  
0.0266763  0.906934  0.0673008  
0.723023  0.174593  0.103214  
0.1384  0.584689  0.276942  
0.206894  0.618156  0.176489  
0.0591456  0.169706  0.774126  
0.612911  0.140282  0.247191  
0.0982335  0.301309  0.601184  
0.518021  0.172577  0.309522  
0.185751  0.555697  0.259412  
0.699712  0.23285  0.067568  
0.766364  0.0321593  0.202058  
0.27169  0.0337329  0.696155  
0.360064  0.120296  0.519943  
0.136829  0.411058  0.452145  
0.651852  0.217196  0.130994  
0.76993  0.199754  0.0314728  
0.0272818  0.70604  0.277859  
0.807021  0.0923511  0.100965  
0.0334988  0.401046  0.578928  
0.239933  0.723568  0.0365544  
0.0812866  0.240711  0.679128  
0.099361  0.802024  0.0987586  
0.429921  0.0322804  0.538708  
0.238472  0.7279  0.0339013  
0.569607  0.167663  0.262796  
0.120309  0.359935  0.52013  
0.0680878  0.483297  0.448987  
0.166669  0.500063  0.333308  
0.70723  0.0932002  0.201866  
0.260672  0.0672027  0.672251  
0.1782  0.534923  0.287022  
0.0993978  0.300124  0.601036  
0.0320922  0.300961  0.668843  
0.233503  0.700318  0.0663052  
0.345201  0.033678  0.621337  
0.69515  0.169446  0.13541  
0.0331255  0.133138  0.834565  
0.464813  0.154996  0.380262  
0.223597  0.670611  0.105874  
0.552184  0.103089  0.344933  
0.0999033  0.801427  0.0988087  
0.307329  0.102494  0.590281  
0.0655683  0.69276  0.244828  
0.068753  0.552892  0.378364  
0.171817  0.0572254  0.771077  
0.0687795  0.722193  0.211949  
0.734809  0.0910673  0.175737  
0.822962  0.0341644  0.143072  
0.674511  0.224641  0.100858  
0.277276  0.0922415  0.630527  
0.171049  0.513557  0.315544  
0.866707  0.100148  0.0332754  
0.098904  0.28853  0.618149  
0.690458  0.0341009  0.27657  
0.534694  0.0268528  0.440443  
0.215214  0.646555  0.138245  
0.104225  0.341217  0.554579  
0.395516  0.131862  0.472668  
0.0343072  0.10691  0.858796  
0.545654  0.181757  0.272597  
0.0329952  0.502889  0.465006  
0.626743  0.0677377  0.305556  
0.229723  0.688971  0.0814219  
8.99824e-05  0.367126  0.632868  
0.622266  0.206455  0.171285  
0.0690068  0.207129  0.723872  
0.599156  0.0667047  0.334496  
0.486692  0.162131  0.351222  
7.50207e-07  1  6.19643e-07  
0.100228  0.866683  0.0331175  
0.144018  0.434095  0.421896  
0.363268  0.0357196  0.601051  
0.1867  0.813276  2.83722e-05  
0.999997  2.58144e-06  1.27587e-05  
0.239979  0.723691  0.0363412  
0.139936  0.0342841  0.825859  
0.724632  0.241125  0.0342496  
0.616466  0.139322  0.244424  
0.0337279  0.823547  0.1441  
0.0332003  0.661724  0.306494  
0.221233  2.83311e-05  0.778867  
2.90871e-05  2.61106e-05  0.999967  
0.192344  0.577133  0.230584  
0.445906  0.148132  0.406004  
0.214744  0.0680605  0.717271  
0.324336  0.107954  0.567767  
0.200028  0.59984  0.200222  
0.126765  0.379881  0.493542  
0.44871  0.0334434  0.517937  
0.578515  0.191908  0.229586  
0.0329985  0.233857  0.733169  
0.0565866  0.16895  0.774786  
0.172068  0.758998  0.068946  
0.0272294  0.905831  0.067158  
0.206868  0.620214  0.173121  
0.158527  0.472051  0.370644  
0.724287  0.173612  0.103452  
0.0688441  0.413887  0.517287  
0.138356  0.585046  0.276614  
0.0675588  0.0175561  0.914936  
0.916703  0.0163993  0.0674738  
0.517515  0.172403  0.310131  
0.27061  0.033753  0.695828  
0.766531  0.0330433  0.200504  
0.0969708  0.769205  0.133856  
0.699608  0.232974  0.067473  
0.0861809  0.238691  0.681869  
0.185384  0.555583  0.259333  
0.0689798  0.275542  0.655499  
0.360061  0.120057  0.519943  
0.137408  0.412505  0.450112  
0.482898  0.103432  0.413825  
0.0278037  0.614499  0.360977  
0.647902  0.21585  0.136392  
0.76778  0.199908  0.0324494  
0.0332066  0.402015  0.572631  
0.41366  0.137887  0.448464  
0.577703  0.0278944  0.396413  
0.599579  0.199562  0.20092  
0.161728  0.704184  0.13416  
0.807015  0.0923662  0.100956  
0.0313404  0.743996  0.237304  
0.238455  0.72786  0.0338351  
0.705759  0.093427  0.201981  
0.0678633  0.48323  0.448969  
0.077762  0.230925  0.692153  
0.123646  0.359953  0.520104  
0.166666  0.500062  0.33328  
0.569535  0.16764  0.26284  
0.260806  0.0671228  0.672083  
0.179235  0.534672  0.287335  
0.627247  0.0677806  0.304993  
0.413737  0.033613  0.55302  
0.308862  0.103022  0.588245  
0.233395  0.699993  0.0667318  
0.344439  0.0342993  0.621365  
0.464812  0.154943  0.380262  
0.0336344  0.308996  0.658201  
0.0329179  0.133292  0.833831  
0.102687  0.312029  0.585554  
0.223568  0.670611  0.105868  
0.669292  0.166237  0.167669  
0.0998071  0.800121  0.100105  
0.589488  0.0324323  0.381803  
0.0687504  0.552892  0.378363  
0.19232  0.577127  0.230564  
0.068362  0.723535  0.208488  
0.999997  9.86271e-07  6.37024e-06  
0.100228  0.866679  0.0331577  
0.545654  0.181755  0.272597  
0.276778  0.0924462  0.631047  
0.171087  0.513553  0.315528  
0.599484  0.066726  0.333839  
0.322358  0.106551  0.571216  
0.731624  0.0980428  0.173809  
0.0689517  0.413774  0.517284  
0.865641  0.101189  0.0332683  
0.215492  0.646342  0.13825  
0.536067  0.0306964  0.433898  
0.0665133  0.691356  0.243518  
0.395148  0.131719  0.473148  
0.0343391  0.106873  0.858795  
0.0335645  0.824123  0.143091  
0.822953  0.0340192  0.143054  
0.51751  0.172396  0.310124  
0.363096  0.0358782  0.601053  
0.0334201  0.501844  0.464915  
0.0991828  0.76766  0.133859  
7.27259e-05  0.366902  0.633056  
0.139929  0.0342567  0.825844  
0.689581  0.0341284  0.276319  
0.674389  0.224768  0.100854  
0.767742  0.199952  0.032416  
0.240007  0.723782  0.0362169  
0.0341215  0.660556  0.305429  
0.144156  0.433963  0.421894  
6.54142e-07  1  3.06716e-07  
0.0957916  0.287306  0.617134  
0.16189  0.704043  0.134151  
0.104601  0.340858  0.554594  
2.74166e-05  2.74594e-05  0.999967  
0.127118  0.379863  0.493541  
0.0690057  0.207127  0.723872  
0.724582  0.241109  0.0343131  
0.486545  0.162076  0.351414  
0.186692  0.813238  8.18989e-05  
0.622264  0.206455  0.171285  
0.222168  1.11626e-05  0.777862  
0.214266  0.0685272  0.717292  
0.448681  0.0334496  0.517913  
0.445299  0.147931  0.406794  
0.599941  0.200034  0.200409  
0.229722  0.688968  0.0814204  
0.578515  0.191907  0.229585  
0.0332585  0.233588  0.733171  
0.172107  0.759004  0.0689313  
0.137803  0.585846  0.276627  
0.0304547  0.90421  0.0671481  
0.1744  0.0582236  0.767564  
0.206787  0.620203  0.173107  
0.157444  0.472005  0.370693  
0.724042  0.173295  0.102766  
0.914353  0.0192081  0.0675472  
0.699575  0.232971  0.0674725  
0.0675378  0.0175421  0.914935  
0.270601  0.0336314  0.695819  
0.0561791  0.16865  0.775178  
0.618575  0.13858  0.243018  
0.0665735  0.261756  0.671855  
0.766888  0.0331109  0.200105  
0.200048  0.600102  0.199874  
0.185315  0.555575  0.25932  
0.0232081  0.741184  0.236013  
0.360058  0.120053  0.519942  
0.137402  0.412504  0.450103  
0.647869  0.215837  0.136305  
0.482795  0.103415  0.413802  
0.0272118  0.613353  0.359946  
0.0286243  0.401235  0.57066  
0.413794  0.137932  0.448284  
0.551804  0.103299  0.344933  
0.805668  0.0938894  0.100966  
0.703514  0.0959968  0.200991  
0.237783  0.72854  0.0337212  
0.0771583  0.230923  0.692139  
0.0681828  0.483357  0.448553  
0.166666  0.500061  0.333279  
0.120067  0.359953  0.520104  
0.260916  0.0671504  0.671943  
0.569535  0.167638  0.262834  
0.178332  0.53457  0.287339  
0.627245  0.0677767  0.304986  
0.233392  0.699993  0.066722  
0.41315  0.0344148  0.552592  
0.344432  0.0342861  0.621314  
0.0341369  0.309884  0.656284  
0.102936  0.311588  0.585544  
0.032887  0.133314  0.833817  
0.46481  0.155077  0.38026  
0.223559  0.670611  0.105864  
0.310084  0.103409  0.586598  
0.0998146  0.800307  0.0998854  
0.599941  0.199693  0.200403  
0.588636  0.0306785  0.380944  
0.0962113  0.287763  0.616491  
0.726207  0.10126  0.173887  
0.0690632  0.723876  0.207286  
0.215485  0.646339  0.138245  
0.0687478  0.552891  0.378362  
0.622053  0.206686  0.171294  
0.0332346  0.499924  0.466958  
0.599455  0.0667429  0.33382  
0.104526  0.339124  0.556416  
0.276775  0.0922417  0.631045  
7.2867e-05  0.365184  0.634787  
0.170933  0.513553  0.315525  
0.174357  0.058183  0.767547  
0.395147  0.131716  0.473146  
0.034339  0.106873  0.858795  
0.620987  0.137877  0.241462  
0.0342899  0.822876  0.143078  
0.139889  0.034279  0.825843  
0.363091  0.0358728  0.601045  
0.545653  0.181754  0.272596  
0.217914  4.15977e-05  0.782122  
0.206782  0.620201  0.173103  
0.100213  0.866546  0.0333203  
0.229719  0.688967  0.0814185  
0.865121  0.101744  0.0332983  
0.185315  0.555574  0.259314  
0.53313  0.0334361  0.433798  
0.0326265  0.398251  0.569784  
2.66841e-05  2.75867e-05  0.999967  
6.45248e-07  1  3.04215e-07  
0.143991  0.433466  0.422553  
0.999997  4.43121e-07  5.42052e-06  
0.517506  0.172391  0.310121  
0.240152  0.723641  0.0362202  
0.674386  0.224767  0.100854  
0.186284  0.813676  8.62238e-05  
0.822748  0.0342164  0.143057  
0.0333211  0.233519  0.73317  
0.0346499  0.658599  0.306885  
0.192322  0.577123  0.230562  
0.724352  0.241033  0.0346185  
0.689578  0.0341123  0.276317  
0.0690057  0.207126  0.723871  
0.487469  0.162377  0.350163  
0.360057  0.120047  0.519942  
0.214218  0.0685111  0.717294  
0.445288  0.147931  0.406791  
0.324431  0.107208  0.568462  
0.200038  0.600102  0.199874  
0.126662  0.379862  0.493541  
0.0309899  0.902545  0.0668881  
0.448678  0.0334272  0.517906  
0.580903  0.192702  0.226447  
0.767406  0.200209  0.0324238  
0.172068  0.759004  0.0689313  
0.0675514  0.690156  0.243451  
0.159418  0.471955  0.370748  
0.724782  0.172591  0.102809  
0.913562  0.0204709  0.0674656  
0.551797  0.103302  0.344929  
0.0689501  0.413773  0.517282  
0.137797  0.586423  0.275904  
0.0675351  0.0175435  0.914935  
0.0561459  0.168554  0.775303  
0.0665199  0.261688  0.67183  
0.0321303  0.61045  0.358779  
0.27045  0.0337394  0.69582  
0.766685  0.0332344  0.200104  
0.100007  0.767129  0.133197  
0.0286137  0.739995  0.235565  
0.700273  0.233196  0.0665405  
0.647696  0.215779  0.136534  
0.137401  0.412502  0.450102  
0.482794  0.103412  0.413801  
0.164184  0.702059  0.13421  
0.413791  0.137931  0.448283  
0.803417  0.0970802  0.100608  
0.667626  0.165732  0.166758  
