5.01054  7.79918  8.15869  
3.32989  4.44549  3.4578  
4.62526  2.79495  6.2763  
2.61486  1.57457  2.98804  
1.82223  1.86795  3.42465  
7.33265  5.48428  5.70351  
2.64929  1.38191  3.67117  
3.57685  2.83937  3.75551  
4.27532  3.21926  4.62592  
3.32705  2.49278  3.75632  
2.51855  2.71468  2.98992  
3.386  3.49709  4.77613  
2.58611  3.58575  4.44497  
2.79043  2.78578  4.23438  
4.75503  3.78084  4.17288  
1.51856  4.8192  1.7688  
7.27894  3.33603  3.91179  
3.97215  2.32067  4.24429  
2.4442  1.93033  1.97663  
3.3222  2.37712  3.37727  
3.69841  8.63901  4.99414  
7.53077  7.10155  1.67361  
3.52806  2.66498  3.46702  
7.2692  8.36822  5.71793  
2.86668  3.81271  2.26989  
7.0098  4.76571  2.8489  
3.86399  2.93319  4.2928  
8.53743  6.75266  2.98056  
4.1029  6.24391  6.43835  
2.11715  5.34907  2.46969  
2.5483  4.28557  2.79815  
7.8589  5.73734  7.19032  
2.42725  3.33748  4.94435  
3.86861  4.5934  7.0013  
4.6802  2.70054  2.90756  
6.84812  2.88677  7.12455  
1.24985  5.42353  4.26796  
3.66797  1.64157  5.8803  
5.78105  5.32817  6.74917  
3.66591  3.7191  5.24944  
3.01442  1.06005  4.32479  
8.17735  7.67582  4.12731  
1.66506  2.47499  3.95569  
4.43922  4.24785  5.49364  
4.05882  7.05236  4.47245  
3.47183  3.09638  4.57658  
6.81594  9.63894  4.19411  
8.42644  12.3528  6.38313  
2.92909  3.84789  3.8975  
2.76433  1.6647  4.06359  
7.5993  9.39958  3.4428  
4.44319  2.45398  3.70423  
2.08755  1.61925  2.22775  
1.72784  3.22018  2.33782  
1.96622  3.59214  4.79312  
1.91525  1.53925  2.94102  
6.63309  5.14415  6.38319  
4.35131  2.15629  2.98034  
6.00668  8.78522  6.19969  
3.81684  3.37059  4.24424  
3.19918  2.40279  3.21577  
4.67229  3.91875  3.20785  
8.45977  4.53958  4.82259  
3.01237  2.98721  4.73134  
3.38851  3.2246  3.55883  
4.63291  3.16068  4.30063  
1.40017  2.33561  3.5004  
3.04384  1.12109  3.65206  
8.8731  1.38864  9.21104  
5.33823  4.61433  6.13112  
4.27639  7.09199  7.28336  
5.24506  5.15152  4.53523  
2.0131  2.48431  5.20008  
3.26463  1.74576  4.9029  
4.10562  3.2078  4.15852  
3.64194  4.48905  2.66203  
2.46161  5.43721  5.02672  
4.02609  2.8754  3.20694  
2.84075  3.5696  3.97476  
1.87989  3.99093  2.75662  
4.44415  2.8081  6.84748  
6.22808  5.53621  3.24038  
5.02948  7.57645  5.69289  
2.95201  3.80643  3.49123  
3.60263  1.264  6.11994  
10.2912  10.0829  5.47749  
2.3008  6.00786  5.75851  
9.41997  6.99323  6.11955  
4.08152  5.99882  4.32473  
4.38271  3.31836  3.21374  
5.93734  6.27153  6.78212  
2.22093  2.29933  4.38429  
5.92255  3.83149  4.9437  
3.22327  3.15084  3.06403  
2.96352  2.56877  3.03974  
3.08937  1.92932  4.16587  
2.91281  3.40933  2.91182  
3.42275  4.79616  3.38816  
4.42859  2.96294  6.90314  
4.78295  3.43687  4.4268  
2.39179  2.86658  2.13982  
2.57656  3.19191  3.32767  
4.26381  2.91856  5.48665  
1.7529  2.80724  3.97372  
5.30968  4.89153  3.06943  
3.1189  4.9336  2.36776  
1.4973  4.49941  2.98162  
4.35512  2.45791  3.4828  
2.35599  2.70358  5.67224  
5.49812  1.96128  1.76561  
3.71666  2.08834  2.99563  
3.99053  3.85418  5.42154  
7.13045  3.68406  11.8566  
4.64644  4.01765  5.81468  
7.27037  8.04689  3.4323  
2.32415  9.24802  4.90552  
3.79915  4.96886  3.81044  
2.85662  3.1764  6.83844  
4.43683  2.4841  5.01675  
3.4869  3.48366  3.77631  
0.387136  5.25044  5.08728  
3.53974  1.18631  4.27117  
0.131869  0.106639  0.849413  
6.4306  7.35322  0.836129  
2.08341  4.11113  2.89507  
3.00132  2.38871  3.58623  
2.60869  4.10413  2.5717  
8.06038  0.985943  2.91736  
3.10836  2.01306  4.71355  
4.60591  4.84598  1.33302  
0.420801  4.1041  3.05184  
2.28377  3.77176  4.53176  
7.3169  6.7377  0.593971  
10.6257  5.1829  0.77759  
2.55868  2.85345  2.93446  
0.585784  8.79429  0.396699  
5.43889  1.27032  5.15923  
2.09675  1.97103  4.0291  
3.27556  1.80403  2.43248  
2.53568  3.17361  1.6737  
4.04476  0.884599  3.46298  
7.06573  0.0253853  2.51448  
2.30444  3.72064  6.30444  
3.96854  1.0256  1.43802  
4.02922  2.64159  1.17628  
1.23214  8.88074  8.42966  
1.26902  1.60115  0.000571161  
2.31899  2.28463  4.40261  
4.77859  0.888835  3.4866  
4.12556  2.21063  5.10148  
4.09213  0.0540226  4.33388  
2.65006  1.19832  4.00047  
2.05902  3.45125  4.4344  
3.88764  0.267194  7.22599  
2.11495  4.28032  2.26379  
0.662936  0.606266  4.89092  
1.36072  6.21621  1.37766  
3.96246  1.8669  3.67663  
5.05702  1.37131  0.692051  
1.70832  1.74059  6.44614  
2.8386  4.15909  1.42121  
1.57887  4.38766  0.889125  
5.60331  7.45274  0.412325  
3.97892  1.66983  4.66877  
0.26301  3.10718  3.32427  
0.345585  1.00025  6.22291  
0.931891  2.47126  2.85997  
4.7755  2.6748  2.96456  
6.12873  2.39457  2.23172  
3.04593  4.60513  1.41508  
1.1042  6.88913  3.40577  
1.90127  3.88978  2.87291  
2.12885  2.06661  4.28904  
3.77324  1.36243  5.73849  
1.00667  4.81721  6.18737  
4.37951  2.62731  2.40973  
0.603395  5.53714  2.54477  
1.68457  4.28175  3.31561  
1.18422  0.769834  0.729414  
2.12542  3.34709  4.14138  
2.01552  2.79944  4.25021  
2.50154  2.00206  4.29609  
3.06434  2.6197  3.81547  
3.68351  2.94316  3.02379  
2.46202  2.87234  3.9956  
8.3956  5.47387  1.92542  
3.3042  3.09678  3.12242  
1.88447  2.95554  7.31477  
1.45802  8.01018  6.30649  
4.69627  2.68712  5.37886  
3.18661  3.09509  3.58609  
1.86585  3.61303  4.6005  
3.55651  3.05021  3.56462  
7.37637  2.81943  3.4408  
5.12064  2.17386  5.0922  
3.595  4.87567  3.40805  
2.52737  2.58871  6.85351  
2.29251  4.88749  3.86847  
4.40195  2.96262  3.49648  
3.23236  2.58651  5.0082  
1.88995  1.12358  4.076  
4.8869  6.77868  1.23654  
1.07001  6.06684  2.9179  
4.29711  2.67693  1.54364  
2.28405  1.10629  2.8011  
0.721756  2.38121  4.53483  
1.74501  0.828257  5.18429  
4.58671  0.952804  1.84163  
1.20916  2.5648  2.48444  
0.502381  2.8979  4.22296  
2.15495  3.96041  1.71318  
4.35935  0.518776  3.47806  
0.458486  6.31962  4.70486  
5.37491  4.47116  1.10989  
1.88904  1.42791  2.74819  
2.19049  2.4272  1.787  
3.46508  0.5686  2.95805  
1.59189  1.02273  3.40114  
0.98569  1.72382  3.18627  
0.471221  1.85381  4.35851  
1.36813  1.98207  1.45346  
1.86127  3.23694  0.72292  
2.27865  0.300152  2.60913  
0.16005  1.88865  3.06062  
5.80913  2.14754  0.232483  
1.62135  1.07955  4.95324  
2.66888  4.07456  0.229896  
0.173831  2.38446  2.72397  
3.40288  0.25733  1.30396  
0.0756863  11.226  0.00536985  
2.98182  0.19161  2.82698  
0.212775  2.34429  3.3067  
2.57159  0.937264  1.36203  
1.11585  4.2359  0.379912  
3.88022  3.61928  0.321392  
2.42531  0.596364  0.56543  
0.160344  0.181566  4.51068  
0.956344  2.34818  1.07769  
0.874249  1.85478  2.562  
0.980921  0.315347  3.51021  
0.974476  0.174443  0.173973  
0.288397  1.75652  5.95099  
0.000944057  1.64714  1.93207  
0.501098  0.471593  4.71112  
6.22705  0.219489  0.731223  
1.8132  0.722447  3.49835  
1.883  0.417172  2.81532  
0.0270996  0.952194  0.0236422  
0.0742116  0.0416727  0.910674  
0.842123  7.36381  1.61469  
1.94472  5.25039  0.000678933  
2.70912  0.002137  0.334983  
0.519941  1.66834  1.80009  
3.75504  6.40805  0.157272  
2.25997  0.987227  1.76739  
0.028302  2.7619  4.36062  
4.3602  0.0593255  3.94379  
0.127589  2.3905  3.35018  
3.99167  4.97546  0.00391662  
1.15378  1.12686  2.1513  
1.04736  1.19896  1.96277  
1.8843  0.854116  0.950883  
0.159207  0.533435  0.336353  
0.16732  3.12787  1.56595  
2.59823  0.0154669  0.912402  
3.49543  3.75342  0.530934  
0.337269  0.497968  4.39419  
0.642932  1.37529  4.05881  
1.53909  0.734464  3.09259  
0.909673  2.58053  1.59578  
3.29897  1.37858  1.61823  
0.29379  2.76934  2.36028  
2.26165  0.334738  3.62457  
3.59261  0.684693  2.2998  
4.12102  3.31007  0.556335  
2.66035  4.12129  0.418584  
3.0439  0.826379  2.13374  
5.01278  3.91914  0.229762  
3.03553  5.08739  0.194446  
0.385011  0.793583  2.0883  
3.29224  0.112542  2.90892  
0.144461  2.14942  5.61108  
2.78816  0.253314  3.50679  
5.46777  3.66488  0.216087  
2.44485  2.68459  1.10921  
9.36811  0.883639  0.896972  
1.72498  0.218114  5.61721  
2.20864  0.024077  3.12492  
1.12143  0.312673  4.60794  
0.995684  4.00545  1.18564  
3.79498  0.467602  2.43907  
0.330431  3.2183  2.31158  
4.41666  3.44079  0.980124  
3.06641  1.50127  1.14903  
1.34709  0.466844  4.17177  
1.4247  2.88561  1.49324  
5.22253  4.88036  0.95767  
1.18338  1.7575  2.04589  
1.77918  0.974557  2.70352  
2.48411  1.27534  1.39747  
2.10596  0.274218  1.33314  
1.81463  0.577479  0.998777  
2.54248  1.50545  0.594342  
1.75164  0.747504  1.08223  
0.113636  3.24954  0.863937  
1.70175  0.0554616  2.11766  
1.37943  1.20658  1.15516  
0.644104  2.37031  0.803716  
0.407791  1.14557  1.57885  
2.05836  0.106949  1.60785  
0.21304  2.06836  1.35362  
2.52006  0.593872  0.732671  
0.144248  3.48162  0.706449  
1.83997  3.38782  0.130505  
1.27029  0.177121  1.53243  
0.9948  1.71597  0.711917  
2.56651  1.66217  0.144939  
0.180491  0.743806  2.0962  
0.968152  1.39622  0.336445  
2.78694  0.000359492  0.543795  
0.189981  1.44014  0.982336  
1.20624  2.16261  0.153857  
1.12107  5.92756  0.296389  
0.0322814  5.81889  0.00962132  
0.930431  0.0834875  1.50284  
0.101683  2.89061  0.309965  
1.07168  0.000304642  2.34188  
0.260215  4.26574  0.165976  
0.196488  1.78331  0.620421  
0.97233  0.734571  0.704993  
0.380848  1.43898  1.23304  
4.19889  0.00171868  0.000217122  
0.000509017  0.00258068  1.93241  
2.18989  2.03004  0.000124197  
0.0877725  4.87273  0.000283188  
0.89909  2.26285  0.117739  
0.0390704  0.969281  0.0239358  
0.0157602  4.28845  0.0141027  
1.03658  2.10886  0.562941  
2.26159  1.44938  0.0485985  
2.29092  0.0935828  0.356842  
0.0936276  0.910955  1.42342  
0.494825  0.0256965  0.494031  
1.43839  4.73987  0.000704384  
0.0207719  8.47114  0.00606208  
0.000223717  7.83216e-05  1.00072  
0.0749811  4.80462  0.111652  
0.145145  0.529169  0.325871  
1.3422  0.188179  1.07111  
1.0324  7.03959e-05  0.000179029  
0.484389  1.69952  1.13974  
0.454866  0.189347  0.572879  
1.52706  0.195757  0.965502  
0.733664  0.191789  0.0758136  
0.036307  0.441717  0.549913  
0.0291342  8.10934  0.00718343  
1.3085  0.534684  0.0783701  
0.0148214  6.41179  0.0108872  
1.86713  0.261391  0.931625  
0.0186467  4.18182  0.0110756  
0.0273765  3.14004  0.242159  
0.0455148  3.93404  0.00333573  
0.620955  0.718712  1.24513  
3.07819  0.178339  0.117785  
0.248212  0.576108  1.65926  
2.05119  0.157815  0.65422  
0.438545  2.99973  0.25302  
0.933852  0.628898  1.0368  
4.19702  0.0963167  0.0282035  
0.885888  1.92706  0.348171  
0.655887  0.873003  1.44122  
0.898537  1.23366  0.940132  
2.21511  0.00480692  3.27215  
1.33384  0.290833  1.00406  
1.65905  0.423693  0.869048  
3.55421  0.187656  0.160479  
0.813416  0.816725  1.19758  
0.552521  0.704498  1.55109  
0.0612845  4.56739  0.134248  
1.04368  2.61466  0.0798708  
1.86339  0.201178  0.92822  
0.508316  0.705727  2.38713  
0.829376  2.38683  0.415589  
0.159375  7.42617  0.375856  
0.141254  2.64981  0.953608  
0.0971641  0.0852605  3.12703  
3.04266  0.292009  0.240611  
0.000600262  1.06162  1.53322  
0.363942  1.12262  1.41619  
1.33225  5.50449  0.0245714  
2.38516  4.57989  0.0200028  
0.730327  4.97054  0.047527  
0.0438919  4.62848  0.529484  
0.0576419  7.64248  0.172935  
4.87781  0.000344847  1.37535  
3.77285  0.568634  0.0631825  
1.11195  3.66756  0.0692377  
4.03402  0.964819  0.0593912  
4.65768  3.00835  0.00380401  
0.22271  2.98087  0.509972  
0.713837  0.369785  1.20357  
0.981058  1.98526  1.57101e-05  
0.170486  2.71782  0.0414491  
0.345645  0.524947  0.845269  
0.545314  1.20493  0.199112  
0.760891  0.628079  0.268641  
1.16769  0.219042  0.139445  
0.0595703  0.425124  1.08552  
4.67134  0.440352  0.00022825  
0.169289  1.34627  0.0463451  
0.792503  0.912398  0.126779  
0.130585  0.832073  0.441148  
0.147099  0.672366  0.552001  
3.64154  0.0159645  0.00460692  
0.11368  0.555854  0.760486  
0.470181  0.829379  0.277468  
1.23928  0.0241272  0.34352  
0.877372  0.0531747  0.716287  
1.43981  0.0423501  0.096592  
0.0822906  0.834021  0.477003  
0.0297313  5.53541  7.00504e-06  
0.000356773  1.70227  3.85519e-05  
0.562277  1.15129  1.49847e-05  
0.572772  0.0121272  0.986907  
0.419535  0.996833  0.174573  
2.95702  0.0120533  4.97971e-06  
0.52637  0.95703  0.0799652  
2.78571  0.0117001  1.6701e-05  
0.0715371  0.52033  0.555383  
0.0122589  1.3659  0.0905851  
0.726508  0.189647  0.0839241  
0.250602  0.00189584  0.999807  
0.0115762  0.613415  0.720299  
0.791743  0.482047  0.177326  
0.0351508  0.359954  0.609853  
2.28874e-05  0.70791  1.00241  
0.793223  0.505529  0.0437566  
0.531346  0.0443937  0.807541  
5.0076e-05  1.00014  4.38499e-05  
3.06953  0.461177  4.13441e-06  
0.70128  0.000112612  0.994243  
0.442396  0.137544  0.628733  
0.48725  0.0315489  0.488742  
0.28495  1.02423  0.235739  
6.91838e-05  2.42887e-05  1.00002  
0.0612623  0.237749  1.2096  
0.145113  0.529113  0.325829  
1.00002  7.43066e-05  3.35655e-05  
0.304015  0.570708  0.451329  
0.641223  0.0732484  0.487926  
1.17805  0.0896103  0.150261  
0.741981  0.0254507  0.242474  
0.987038  0.506996  0.0562812  
0.962169  0.102433  0.240719  
0.39122  1.97041e-05  1.58145  
0.484658  0.887027  0.158701  
0.0354298  0.784135  0.582495  
1.71845  0.00715182  0.0625967  
0.0244469  0.784998  0.212332  
4.01993  0.390879  3.4363e-06  
0.0805177  0.56054  0.376364  
0.0393751  0.653611  0.412074  
0.0272104  4.59244  9.41837e-06  
0.271234  0.0773201  0.653373  
0.0638162  0.19991  0.739768  
1.79578  0.0138864  1.79423e-05  
2.71776  0.0241216  0.00367119  
0.0606551  1.82768  7.84142e-06  
1.72152e-05  0.0429906  1.62449  
0.844433  0.130139  0.0337523  
0.00296193  0.752455  0.998343  
0.19639  0.0211769  0.81112  
0.551567  0.112077  0.337599  
0.029886  0.110763  0.907217  
0.667443  3.5776  1.75515e-06  
0.283076  1.43677  9.79421e-06  
9.97446e-06  0.341491  1.08425  
2.12403  0.757617  3.97836e-05  
0.0297272  4.0485  7.46529e-06  
0.00508321  1.89722  2.53143e-05  
0.0141294  2.56015  1.79077e-05  
0.561955  1.81949  0.000225849  
0.675338  1.06709  2.07465e-05  
3.21552e-05  0.0611102  1.52282  
3.3773  1.02019  1.46209e-05  
0.985565  0.648051  0.0314873  
3.5645  0.00225796  1.66752e-05  
0.0262461  1.68551  1.15766e-05  
0.0132755  4.07588  1.5844e-05  
0.629356  2.79453e-06  1.5603  
1.4063  0.48175  2.35392e-05  
1.01787  1.17498  6.57984e-06  
0.669518  2.09269  4.22067e-06  
1.06448  0.764693  1.11806e-05  
5.19072  0.0160936  9.21578e-06  
0.00143307  1.85486  0.0674815  
0.358825  0.000163044  1.27139  
0.0427185  0.672606  0.678534  
0.255748  1.27023  0.0433541  
0.151812  0.323556  0.971706  
0.548366  0.0941771  0.370822  
0.756619  0.209559  0.0482389  
0.163971  0.0228967  0.821049  
0.0543405  0.348013  0.618082  
0.367837  0.102667  0.534202  
0.444239  0.0991723  0.469333  
0.280715  0.0806784  0.645402  
0.61146  0.131936  0.265037  
0.0237575  0.102657  0.889737  
0.567078  0.144659  0.320541  
0.153095  0.542311  0.313024  
0.154749  0.456672  0.412478  
0.0794062  0.232189  0.700293  
0.931209  0.0158141  0.0631712  
0.0525094  0.796026  0.178395  
8.97049e-05  0.994491  0.0268329  
0.2492  0.700942  0.128217  
0.0324753  0.31421  0.658911  
0.861813  0.00839344  0.136395  
0.453913  0.0353354  0.53408  
0.717957  0.200922  0.0974559  
0.674328  0.197822  0.150111  
0.146855  0.532375  0.327348  
0.103737  0.00839858  0.893856  
0.736075  0.133613  0.133259  
0.260615  0.0735643  0.667066  
0.586936  0.0318789  0.414793  
0.115552  0.367678  0.530887  
0.894961  0.0317899  0.100701  
0.199036  0.646464  0.171366  
0.729136  0.190695  0.0816184  
0.657065  0.175483  0.177671  
0.14488  0.473558  0.391096  
0.485731  0.0307586  0.485492  
0.0710619  0.212146  0.717941  
0.0328459  0.935885  0.0420294  
0.186885  0.025491  0.795635  
0.101259  0.660748  0.246511  
0.631905  0.135722  0.239002  
0.577622  0.11706  0.305482  
0.0359642  0.572942  0.392285  
0.143998  0.520892  0.350531  
0.176027  0.613188  0.218104  
0.309788  0.0974162  0.618968  
5.47505e-05  0.999971  2.50441e-05  
0.513008  0.109741  0.39934  
0.626621  0.015026  0.3691  
0.0815133  0.865257  0.107809  
5.69449e-05  6.13211e-05  0.999976  
0.454803  0.0990816  0.454705  
0.771319  0.215131  0.0372217  
0.40494  0.0632374  0.54139  
1  3.26521e-05  2.94006e-05  
0.378745  0.104421  0.517629  
0.0229512  0.475181  0.512631  
0.693011  0.0210414  0.293255  
0.317196  0.03016  0.673869  
0.123109  0.403674  0.478607  
0.642602  0.190586  0.195603  
0.269259  0.72444  0.113522  
0.0330649  0.332992  0.635773  
0.0190423  0.515973  0.477516  
0.0333516  0.836187  0.137495  
0.125059  0.418703  0.456737  
0.0325205  0.147636  0.822327  
0.0271973  0.747327  0.232091  
0.742372  0.194918  0.0650662  
0.743836  0.0262905  0.234663  
0.493013  0.103206  0.415029  
0.842291  0.127737  0.0336526  
0.0287553  0.894386  0.090365  
0.810151  0.033075  0.177084  
0.227991  0.667904  0.150699  
0.544374  0.132328  0.358812  
0.700388  0.186325  0.128468  
0.0288189  0.945746  0.0338456  
0.0469919  0.279145  0.675963  
0.00947848  0.680175  0.313626  
0.0249602  0.0665543  0.932836  
0.062571  0.174502  0.769085  
0.0518191  0.394979  0.570086  
0.963851  0.0294565  0.0332249  
0.155856  0.56602  0.280321  
0.0291929  0.777119  0.196349  
0.795798  0.170635  0.0342322  
0.597141  0.150596  0.280141  
0.339724  0.0978122  0.574422  
0.0179887  0.237926  0.74915  
0.396368  0.111811  0.497198  
0.992482  8.73824e-05  0.0982486  
0.020554  0.915443  0.0671829  
0.133248  0.443393  0.431064  
0.144856  0.0212442  0.84986  
0.0295909  0.133818  0.840886  
0.10324  0.719344  0.200448  
0.476292  0.0991469  0.43242  
0.237755  0.0281389  0.759325  
0.0403017  0.610389  0.35841  
0.77491  0.0297367  0.203053  
0.186045  0.598549  0.236893  
0.423708  0.129924  0.463921  
0.806053  0.0285582  0.167508  
0.530469  0.143581  0.327337  
0.452741  0.131064  0.418277  
0.0933623  0.642034  0.268725  
0.957706  0.0102307  0.0330114  
0.0143146  0.47719  0.510925  
0.442678  0.0296781  0.529199  
0.88986  0.00863455  0.102775  
0.161767  0.463619  0.387021  
0.701963  0.0230303  0.281322  
0.27288  0.0108779  0.717198  
0.622116  0.169732  0.209276  
0.738034  0.199945  0.0655343  
0.154963  0.417915  0.45446  
0.189097  0.647561  0.164545  
0.704831  0.191998  0.106533  
0.13489  0.0194737  0.846309  
0.00822095  0.681042  0.311272  
0.614284  0.0247871  0.373467  
0.336116  0.0999744  0.567397  
0.157471  0.483704  0.362762  
0.515374  0.103049  0.381829  
0.170576  0.58282  0.247212  
0.763161  0.202455  0.0345259  
0.201362  0.70077  0.0982235  
0.841486  0.12513  0.0335831  
0.0339684  0.510401  0.456722  
0.0231661  0.943826  0.0337118  
0.829732  0.0294986  0.143373  
0.653517  0.0212976  0.32672  
0.272901  0.100261  0.639041  
0.106652  0.35758  0.536029  
0.132053  0.850162  0.028837  
0.532109  0.0335799  0.435831  
0.483708  0.138731  0.379174  
0.146204  0.535312  0.318778  
0.387283  0.106577  0.506697  
0.032134  0.825194  0.144873  
0.724792  0.197719  0.080759  
0.609572  0.165649  0.225449  
0.0277191  0.720348  0.252475  
0.21456  0.0676043  0.718536  
0.0338254  0.304225  0.66237  
0.0289016  0.132577  0.839028  
0.99994  3.79383e-05  5.23702e-05  
0.1315  0.437075  0.431767  
0.553451  0.14937  0.298323  
0.215682  0.748531  0.0361025  
0.303442  0.0915202  0.606201  
0.401169  0.0272425  0.574422  
0.731813  0.0251368  0.24446  
2.67815e-05  6.70265e-05  0.999976  
0.165257  0.558756  0.279787  
0.0267552  0.910196  0.0677395  
3.72056e-05  0.990719  0.00991412  
5.08338e-05  0.999932  4.34527e-05  
0.0338226  0.148444  0.818349  
0.0378556  0.616615  0.346986  
0.0710206  0.214643  0.714598  
0.208252  0.0305432  0.763486  
0.575032  0.165443  0.268517  
0.102576  0.00957849  0.889297  
0.409109  0.123357  0.476133  
0.680929  0.179775  0.139444  
0.184037  0.629493  0.186936  
0.242805  0.0686424  0.688785  
0.767635  0.167671  0.0665623  
0.443815  0.127767  0.429955  
0.654289  0.172438  0.173424  
0.920886  0.0196233  0.0665753  
0.989513  5.96433e-05  0.0163437  
0.102002  0.726769  0.171683  
0.0959864  0.284285  0.621771  
0.0313131  0.869488  0.0994704  
0.101677  0.322776  0.576493  
0.200778  0.670023  0.134035  
0.01365  0.237766  0.748663  
0.0147666  0.441588  0.545  
0.733535  0.133106  0.133726  
0.124705  0.39738  0.479059  
0.0937907  0.662628  0.243632  
0.0105182  0.0676587  0.922807  
0.0336844  0.575074  0.391488  
0.770073  0.030442  0.20103  
0.17218  0.0242528  0.804605  
0.519238  0.141561  0.34359  
0.208287  0.723111  0.0692817  
0.11015  0.788494  0.102588  
0.484451  0.0323723  0.485178  
0.350322  0.016583  0.635916  
0.0586103  0.174046  0.767976  
0.0337453  0.346473  0.620021  
0.630639  0.134316  0.235221  
0.13872  0.517061  0.344512  
0.0868616  0.256031  0.658984  
0.173887  0.610733  0.216306  
0.135632  0.452569  0.411898  
0.0287211  0.770926  0.201122  
0.367725  0.101203  0.532048  
0.802962  0.0307433  0.166743  
0.951249  0.0218077  0.0337975  
0.532909  0.143594  0.32366  
0.150755  0.414774  0.45425  
0.434664  0.0312822  0.534696  
0.704114  0.189962  0.106109  
0.609435  0.02785  0.364187  
0.00995284  0.682772  0.308597  
0.196425  0.665298  0.139672  
0.0320394  0.867837  0.100213  
0.134886  0.0205026  0.845431  
0.136751  0.452479  0.410887  
0.0189134  0.472314  0.510141  
0.734606  0.200083  0.0654875  
0.690838  0.0229269  0.28982  
0.0242529  0.942787  0.0333617  
0.127971  0.376963  0.501837  
0.366845  0.100316  0.532971  
0.0981568  0.604012  0.307894  
0.101702  0.3231  0.575252  
0.266374  0.0895764  0.645522  
0.166419  0.567643  0.266234  
0.720363  0.205032  0.0790279  
0.336771  0.102923  0.560959  
0.102886  0.723518  0.173767  
0.351033  0.0262263  0.63312  
0.0708955  0.214614  0.714539  
0.553053  0.148919  0.298065  
0.243261  0.0686348  0.688158  
0.388329  0.106636  0.505085  
0.0330963  0.501825  0.465435  
0.548412  0.0342851  0.418564  
0.195977  0.596446  0.22617  
0.107109  0.35703  0.536029  
0.840983  0.125713  0.033581  
0.395983  0.029423  0.574827  
4.37151e-05  0.999927  4.30404e-05  
0.133249  0.835845  0.0312672  
0.0310943  0.824501  0.144484  
0.0284935  0.770863  0.201036  
1.70088e-05  6.32477e-05  0.999974  
0.605443  0.164323  0.230372  
0.638866  0.028328  0.334971  
0.200222  0.680451  0.119608  
0.151764  0.464572  0.384017  
0.999887  9.14985e-05  4.08134e-05  
0.83061  0.0311092  0.138866  
0.918876  0.0138801  0.068157  
0.21728  0.746906  0.0361258  
0.273193  0.011179  0.715892  
0.762606  0.202931  0.0345523  
0.166471  0.541373  0.295844  
0.169366  0.50943  0.322255  
0.034933  0.305857  0.659631  
0.483108  0.0333576  0.48438  
0.037897  0.628838  0.333384  
0.0580447  0.174044  0.767963  
0.0287383  0.907729  0.0672159  
0.202302  0.703909  0.0938295  
0.104924  0.0132755  0.88269  
0.290242  0.0974751  0.613962  
0.201841  0.0339206  0.766291  
0.680851  0.179767  0.139415  
0.72834  0.028249  0.243875  
0.175823  0.618303  0.206083  
0.481353  0.137809  0.38101  
0.0336407  0.148317  0.81813  
0.131554  0.436857  0.431679  
0.434438  0.130198  0.436493  
0.213572  0.0681764  0.718345  
0.0315846  0.717606  0.251452  
0.653101  0.17367  0.173519  
0.0138376  0.23815  0.748131  
0.101595  0.298616  0.603093  
0.0314594  0.133557  0.835611  
0.0213843  0.419871  0.561268  
0.133086  0.399854  0.470008  
0.417056  0.124908  0.459575  
0.207835  0.723087  0.0691427  
0.0335386  0.571903  0.394849  
0.733814  0.132906  0.133306  
0.191356  0.64084  0.170147  
0.172041  0.0307338  0.800309  
0.98405  4.61714e-05  0.0162621  
0.516614  0.139638  0.343931  
0.0100118  0.0677393  0.922502  
0.0971134  0.660198  0.243638  
0.575401  0.159467  0.266038  
0.622054  0.17081  0.207351  
8.10308e-05  0.987296  0.0128334  
0.0875402  0.261681  0.651602  
0.162321  0.485727  0.353261  
0.108899  0.789124  0.102562  
0.0341315  0.351393  0.61463  
0.768665  0.03112  0.201017  
0.137821  0.517812  0.344406  
0.630626  0.134261  0.235189  
0.76708  0.166896  0.0661778  
0.501969  0.100405  0.397906  
0.452028  0.136092  0.414643  
0.16798  0.541302  0.291594  
0.917365  0.0148975  0.0683129  
0.134785  0.0209338  0.845382  
0.827854  0.0338484  0.138867  
0.535616  0.143537  0.321054  
0.434226  0.0314361  0.534549  
0.144024  0.412872  0.451671  
0.435138  0.130276  0.435705  
0.101789  0.32335  0.57488  
0.0239037  0.942757  0.0333584  
0.691266  0.0245756  0.286898  
0.0329976  0.86719  0.100206  
0.767218  0.0324945  0.200601  
0.198575  0.662424  0.1395  
0.400766  0.131125  0.476854  
0.733578  0.199808  0.0666609  
0.0238061  0.47122  0.507962  
0.173576  0.488053  0.349619  
0.136787  0.452415  0.410845  
0.266089  0.0887835  0.645501  
0.69765  0.207661  0.105174  
0.0150751  0.237714  0.748155  
0.84096  0.129354  0.0335595  
0.104925  0.0234784  0.874939  
0.133471  0.834229  0.0326257  
0.103035  0.724879  0.172152  
0.0711114  0.214375  0.714532  
0.621421  0.17205  0.206859  
0.416004  0.133511  0.455951  
0.0333229  0.501328  0.465412  
0.201041  0.67859  0.120695  
0.865314  0.0355904  0.101126  
0.10706  0.356993  0.535986  
0.553592  0.0341992  0.412456  
0.553048  0.148908  0.298062  
0.134726  0.503103  0.362537  
0.680848  0.17976  0.139405  
0.4837  0.0339085  0.483293  
0.168832  0.569168  0.262242  
0.393913  0.0335406  0.572888  
0.0315499  0.824497  0.144473  
0.605428  0.164274  0.230328  
0.218387  0.745879  0.0360483  
4.37151e-05  0.999927  3.23232e-05  
7.29062e-06  2.4622e-05  0.999974  
0.726009  0.03208  0.242388  
0.0323583  0.767859  0.20123  
0.131506  0.436839  0.431679  
0.999886  9.14247e-05  3.65893e-05  
0.289675  0.0983598  0.613919  
0.76704  0.166879  0.0661958  
0.0346296  0.304704  0.660753  
0.102662  0.307135  0.591591  
0.0367955  0.63267  0.33067  
0.184194  0.590932  0.228363  
0.762225  0.202998  0.0348316  
0.200948  0.0333888  0.765765  
0.71774  0.203957  0.0789891  
0.175782  0.618164  0.206083  
0.031093  0.905321  0.0668424  
0.0341042  0.147839  0.818148  
0.243134  0.0687376  0.688153  
0.199287  0.638249  0.168684  
0.481748  0.138242  0.380073  
0.800372  0.0331769  0.166738  
0.648115  0.0312934  0.322537  
0.152204  0.466558  0.381308  
0.0332053  0.716395  0.251158  
0.652622  0.17405  0.173457  
0.213329  0.0684396  0.718294  
0.0257559  0.415459  0.560003  
0.372137  0.101681  0.526572  
6.03411e-05  0.980412  0.019667  
0.13369  0.398835  0.468464  
0.0331836  0.567828  0.399057  
0.983317  5.83109e-05  0.0220339  
0.17091  0.514547  0.314964  
0.336531  0.102855  0.560723  
0.207818  0.723084  0.0691148  
0.51614  0.139985  0.343923  
0.604172  0.03141  0.36716  
0.733712  0.132895  0.133414  
0.630623  0.134217  0.235184  
0.0108818  0.0677071  0.922499  
0.0910048  0.267246  0.643854  
0.101144  0.657398  0.243647  
0.169539  0.0317446  0.800419  
0.106172  0.791649  0.102806  
0.316036  0.0194049  0.666909  
0.0312739  0.133592  0.835249  
0.572553  0.167388  0.266944  
0.451228  0.137018  0.412304  
0.947681  0.0196714  0.033748  
0.0580117  0.174044  0.767962  
0.126104  0.374994  0.500566  
0.2023  0.703902  0.0938113  
0.501408  0.100209  0.398443  
0.0955875  0.605197  0.302846  
0.174035  0.553253  0.27659  
0.0339608  0.345007  0.62115  
0.946362  0.0202404  0.0337548  
0.134831  0.0199441  0.84538  
0.833218  0.0336634  0.133225  
0.767397  0.0329441  0.200304  
0.0314351  0.133534  0.83513  
0.43489  0.13113  0.434524  
0.20187  0.640449  0.159757  
0.41352  0.151926  0.453002  
0.18517  0.536447  0.286271  
0.697056  0.0233671  0.280264  
0.200128  0.0332756  0.76666  
0.0250708  0.941632  0.0334126  
0.733572  0.199819  0.0666425  
0.0882879  0.242622  0.6766  
0.0333402  0.866536  0.100212  
0.13804  0.412525  0.45009  
0.320784  0.100894  0.579088  
0.0238292  0.469929  0.507117  
0.26597  0.0886128  0.645478  
0.162472  0.487995  0.349576  
0.839241  0.128128  0.0335132  
0.133406  0.833872  0.032754  
0.719453  0.205082  0.0758978  
0.313878  0.0233407  0.66662  
0.100045  0.0278589  0.872586  
0.0711057  0.214371  0.714531  
0.219345  0.745077  0.0360563  
0.243133  0.0687367  0.688148  
0.103163  0.309945  0.587038  
0.402293  0.130857  0.468482  
0.208618  0.668433  0.124904  
0.170759  0.514033  0.315637  
0.343259  0.104582  0.552342  
0.107045  0.356981  0.535982  
0.152173  0.466553  0.381289  
0.677945  0.179016  0.143131  
0.288831  0.0965041  0.61503  
0.651496  0.174448  0.174125  
0.543943  0.145775  0.310558  
0.762388  0.203032  0.0346037  
0.976426  7.96111e-05  0.0247302  
0.482685  0.0343216  0.483333  
0.171618  0.0342892  0.794691  
0.434764  0.0313366  0.533927  
4.60946e-05  0.999927  3.20627e-05  
0.377971  0.103303  0.519014  
0.131214  0.435872  0.432943  
0.134311  0.502042  0.36373  
0.999886  9.12292e-05  3.39588e-05  
5.35761e-05  0.976435  0.0313464  
0.604762  0.164096  0.231166  
0.10329  0.724594  0.17215  
0.20833  0.722589  0.0691247  
0.554155  0.0341946  0.411715  
0.0284144  0.416178  0.556746  
0.725451  0.0329512  0.242325  
2.14379e-05  6.73962e-05  0.999972  
0.620667  0.172556  0.206858  
0.0347916  0.304507  0.660762  
0.0374815  0.64367  0.319381  
0.390631  0.0344619  0.575077  
0.480114  0.137775  0.382176  
0.0333288  0.501309  0.465402  
0.0339351  0.8227  0.144249  
0.182676  0.594293  0.223236  
0.862042  0.0346496  0.103387  
0.0333363  0.143575  0.823362  
0.646026  0.0324852  0.322806  
0.655499  0.1381  0.207445  
0.198071  0.628563  0.174115  
0.767047  0.166861  0.0661185  
0.793738  0.0341967  0.172342  
0.691881  0.200076  0.108938  
0.0316189  0.902402  0.0669134  
0.0335827  0.715882  0.250743  
0.0580036  0.174044  0.767961  
0.225895  0.700287  0.0834185  
0.601323  0.0325991  0.367124  
0.17243  0.552149  0.275575  
0.0333904  0.567601  0.399058  
0.132786  0.398815  0.468462  
0.568681  0.166006  0.267084  
0.00984793  0.0677032  0.922499  
0.448844  0.13723  0.414321  
0.100486  0.658423  0.241524  
0.0910035  0.269632  0.640609  
0.103137  0.793951  0.103423  
0.208851  0.0687103  0.72322  
0.516125  0.139981  0.343909  
0.733712  0.132886  0.133414  
0.0956967  0.602588  0.302696  
0.916973  0.0268305  0.0679274  
0.50044  0.0999836  0.399608  
0.0342924  0.344907  0.62111  
0.183376  0.572696  0.2489  
0.124749  0.375106  0.50023  
0.0144667  0.237677  0.74812  
0.175781  0.618161  0.206068  
0.0313528  0.768289  0.200478  
0.13678  0.452411  0.410822  
0.0680883  0.203643  0.730784  
0.135191  0.0208474  0.845034  
0.103901  0.344435  0.553692  
0.0314199  0.133588  0.835108  
0.0283165  0.939731  0.0335956  
0.168471  0.507649  0.324102  
0.111451  0.756257  0.136729  
0.59035  0.185234  0.237267  
0.434235  0.132088  0.434475  
0.200104  0.0332972  0.766648  
0.0333204  0.866774  0.0999368  
0.707753  0.0336275  0.260175  
0.131375  0.375032  0.500034  
0.0812783  0.243472  0.675394  
0.139898  0.412481  0.450059  
0.644493  0.03328  0.322417  
0.0321105  0.470377  0.504461  
0.136788  0.452408  0.410822  
0.350008  0.105638  0.544562  
0.162287  0.485635  0.352892  
0.264336  0.0900085  0.650033  
0.838533  0.131118  0.0335002  
0.916622  0.0154918  0.0679222  
0.100311  0.0320627  0.868789  
0.185647  0.545409  0.273251  
0.969463  7.76833e-05  0.0309208  
8.17503e-05  0.969755  0.0305991  
0.103241  0.724332  0.172446  
0.543837  0.14573  0.310488  
0.0711037  0.214371  0.714531  
0.133402  0.83387  0.0327431  
0.296197  0.0994531  0.605637  
0.214108  0.688872  0.0972373  
0.242174  0.0689993  0.68892  
0.406749  0.1351  0.458622  
0.0333996  0.501305  0.465402  
0.671538  0.196522  0.132714  
0.107044  0.35698  0.535982  
0.199504  0.615052  0.188153  
0.034303  0.142626  0.823325  
0.173805  0.611205  0.215395  
0.0339138  0.822299  0.14393  
0.604762  0.164095  0.231166  
0.0334442  0.715878  0.250721  
0.322858  0.101497  0.575776  
0.131206  0.435872  0.432941  
0.761335  0.204177  0.0346289  
0.6831  0.0339658  0.288613  
0.722444  0.206042  0.0719231  
4.29111e-05  0.999926  3.35648e-05  
0.191578  0.572095  0.237937  
0.171263  0.0342221  0.794598  
0.206048  0.0680991  0.726035  
2.32579e-05  2.99537e-05  0.999972  
0.86164  0.0346184  0.103772  
0.999886  8.41387e-05  3.31823e-05  
0.793638  0.0341576  0.172278  
0.17417  0.522138  0.304069  
0.379162  0.0343056  0.586945  
0.0370891  0.642119  0.320901  
0.0347916  0.304494  0.660736  
0.132324  0.3974  0.470356  
0.557178  0.0344962  0.4085  
0.10264  0.58991  0.310746  
0.219192  0.744926  0.0359768  
0.651483  0.174444  0.1741  
0.479125  0.13911  0.382017  
0.15217  0.466553  0.381288  
0.031641  0.415305  0.554239  
0.482673  0.0344359  0.483264  
0.834333  0.0331672  0.133367  
0.103077  0.793833  0.10324  
0.73352  0.133082  0.13342  
0.0941775  0.274374  0.635191  
0.0342567  0.344851  0.620977  
0.0311848  0.90232  0.0667879  
0.0333768  0.567435  0.399208  
0.376236  0.131109  0.499398  
0.566986  0.166656  0.266907  
0.655359  0.138017  0.206703  
0.233518  0.706333  0.0686437  
0.207167  0.66771  0.12525  
0.103427  0.310443  0.586273  
0.100245  0.658456  0.241335  
0.0105273  0.0676979  0.922498  
0.433278  0.0329575  0.533994  
0.312866  0.0232868  0.664203  
0.603662  0.032725  0.364177  
0.512451  0.139278  0.348469  
0.620633  0.172546  0.206852  
0.448796  0.137373  0.414308  
0.133973  0.500898  0.365196  
0.202853  0.628  0.169563  
0.0580042  0.174044  0.767961  
0.766789  0.033317  0.200306  
0.693154  0.217303  0.103784  
0.766581  0.166754  0.0667749  
0.500435  0.0999832  0.399605  
0.0142205  0.237675  0.748118  
0.0329376  0.767274  0.199939  
