3.54741  3.76651  3.17707  
4.1445  5.13284  4.89973  
4.31159  1.19198  2.56032  
3.11584  3.14303  3.85557  
3.60072  2.97079  3.34457  
4.76727  3.64101  2.00083  
1.72711  2.97835  3.23744  
1.34045  3.11754  5.0344  
5.01839  5.58858  5.14744  
3.60791  3.83341  4.46872  
5.34649  7.83643  3.88918  
3.75794  3.82916  4.87205  
1.9958  2.51109  4.81843  
3.53403  2.42094  3.4346  
3.01372  3.43818  4.35354  
4.19906  5.70806  8.45197  
2.95978  3.02631  2.81439  
3.24246  1.86617  3.21127  
4.60271  2.57292  2.60146  
3.35966  2.28586  4.57171  
3.57424  7.54278  3.52082  
6.99277  9.31018  6.31672  
4.25848  5.00232  4.07695  
4.9783  4.69859  5.74281  
3.54496  1.95068  3.73445  
1.41611  4.23904  3.96266  
1.5987  3.40478  4.89711  
7.00535  9.88019  8.68362  
8.56786  5.42619  5.57443  
4.44126  2.58063  4.94575  
3.10737  4.54123  2.15778  
5.51129  3.39511  4.74238  
4.95035  4.51013  8.60812  
2.05733  2.01093  3.98657  
3.48222  2.93906  2.40813  
3.5829  2.78405  4.64717  
5.47196  3.9831  6.4019  
2.35396  3.58053  2.77891  
5.21562  4.42682  7.16605  
4.77006  2.82029  1.79331  
8.37185  3.97654  5.86841  
3.04999  2.63758  3.45371  
4.01648  2.10334  3.58696  
1.5668  1.35959  4.61689  
2.99864  5.34722  8.24127  
2.75147  2.87236  6.73682  
7.3904  5.35478  4.12131  
2.79931  2.10231  4.7863  
3.80448  4.99093  4.37952  
6.01967  4.53224  5.40388  
11.1685  5.40325  3.56038  
6.9281  5.1699  2.60328  
4.59438  2.55563  2.1433  
2.57041  4.06998  3.6759  
8.28937  4.55983  2.49675  
1.73625  5.65252  1.78853  
2.85719  3.02583  2.70884  
4.42595  4.42773  2.4064  
5.22147  4.19264  3.34703  
4.32713  3.10507  5.63982  
6.23547  4.64111  4.03032  
1.64518  3.80447  3.41203  
4.65133  2.69932  3.87119  
6.09254  7.33093  3.7894  
6.38594  4.25172  3.06211  
2.44202  3.04496  3.24652  
7.71624  9.70148  9.77147  
7.26248  4.00051  5.89374  
2.70815  2.32296  4.35416  
5.50504  5.29849  4.09507  
3.95477  2.36444  3.38326  
1.53305  5.30928  1.37436  
2.33452  3.97816  3.59082  
2.77203  6.23673  2.40057  
3.9962  6.18424  5.63727  
3.77326  6.54969  6.35547  
3.22833  2.66713  5.87581  
0.911796  4.86719  4.47724  
6.48468  5.42328  3.71115  
7.27587  6.22508  3.76995  
6.42021  8.33746  4.13148  
2.62769  5.52863  4.22539  
2.34407  2.03165  3.28672  
2.8014  5.59967  4.40221  
3.86552  1.65677  2.39141  
6.98524  2.12242  2.63108  
6.27382  13.2338  4.19797  
1.89956  2.95099  3.95276  
4.3326  7.74206  7.37171  
4.36348  3.00358  2.23473  
1.20638  3.11413  3.94897  
1.60954  4.00484  2.99267  
4.62612  7.44927  7.25581  
11.0403  3.65949  4.63621  
5.56937  3.61801  7.82258  
3.04528  4.64382  4.8473  
4.72132  4.1493  4.79901  
1.38037  3.93705  4.20526  
2.42473  0.6996  3.30484  
2.26606  4.2885  5.50206  
3.17833  4.63448  3.49512  
5.96412  8.40858  6.51326  
2.71051  2.50983  6.35808  
6.45563  9.0723  2.68465  
4.13927  2.70504  4.19689  
4.78502  5.97138  6.10883  
7.55994  7.26877  8.1331  
6.18991  3.59355  5.38741  
6.83103  2.54566  7.82296  
3.55652  4.89115  5.64922  
4.06558  5.93397  5.58006  
2.91973  3.88529  5.61291  
5.21826  3.54609  3.85941  
5.83563  2.31632  8.66191  
4.50549  4.75796  3.28983  
2.91506  2.50565  7.57574  
4.89152  2.62199  4.70782  
3.45573  5.71613  3.19903  
4.31327  3.81525  3.14905  
3.39068  5.75573  3.28175  
6.21121  0.325122  3.70193  
5.24258  4.163  0.934667  
3.70561  0.316039  0.622682  
4.83698  6.26853  5.19963  
0.771721  8.80365  4.52791  
1.40366  3.71717  5.66303  
0.907059  3.18227  4.01601  
5.86564  1.18056  2.47828  
6.94203  7.35567  1.13913  
3.97126  5.47111  1.10606  
3.61171  5.99066  0.481189  
3.55079  1.68341  2.19347  
1.06701  1.40307  4.31675  
2.0918  1.03692  5.31517  
3.48233  3.2744  4.46193  
2.19697  0.449634  9.17409  
2.40251  0.902923  4.30969  
1.21461  6.25857  2.27904  
9.32334  0.580386  2.68463  
0.674568  6.36874  5.22242  
1.89439  0.40815  0.376814  
0.208058  2.25115  0.319223  
3.2442  5.67154  2.32566  
0.511728  2.82207  9.4469  
2.82331  6.12472  2.90012  
4.38207  0.0293352  2.34621  
1.67143  9.60101  3.95902  
1.33942  5.26614  1.98689  
8.10434  1.7688  1.22192  
0.019549  0.082614  0.908933  
4.16449  1.5884  5.14313  
1.40997  4.01763  0.000642974  
4.45537  6.16106  0.908503  
5.27079  8.20027  0.187322  
0.0782712  6.71102  8.30861  
6.3136  3.51887  0.625593  
1.421  1.31569  1.30418  
2.58732  3.76903  2.79705  
6.10775  0.0337024  8.42973  
0.762674  0.671743  6.01417  
0.815736  3.58976  4.52043  
1.86771  8.11859  0.311633  
5.42641  3.3688  1.26627  
5.43637  4.3386  0.358009  
5.68214  11.6642  0.748183  
0.933793  4.07292  3.60708  
3.1789  0.395013  5.58784  
3.77921  1.23617  3.90582  
3.34711  3.08128  2.90158  
1.21421  3.88476  3.91242  
2.86488  0.883189  5.04033  
5.11472  5.59338  1.0315  
2.17449  1.33342  3.52952  
2.52206  1.85223  4.72017  
3.96671  5.08811  2.32418  
3.45858  8.93199  0.516307  
1.80899  1.99274  6.09097  
3.467  2.55289  2.14868  
1.08746  6.61237  7.5392  
9.39339  0.775324  5.75013  
4.21727  1.85152  1.79432  
1.52824  6.8777  6.13366  
2.55335  6.23557  2.65286  
1.76797  1.65569  4.33463  
1.53311  3.92559  3.22779  
1.76876  7.56792  1.2121  
2.18314  2.90953  3.24103  
1.68764  6.40584  2.84875  
1.60408  3.25772  4.03386  
3.84332  3.98362  3.1722  
3.51413  6.53355  1.99391  
2.83581  2.24398  3.52312  
3.38154  7.07697  0.948027  
6.02941  1.36935  5.99622  
4.46081  1.82895  2.94441  
4.49448  3.35213  2.59301  
2.3876  4.11681  3.837  
2.35487  3.92588  3.97195  
4.00373  1.29261  2.87855  
2.83672  1.82356  6.78579  
3.36581  1.79234  2.18913  
1.50055  2.35237  2.70615  
1.37428  0.683467  4.89574  
3.26353  1.3981  2.37177  
2.01205  0.740835  4.02157  
1.90289  2.694  1.79318  
0.264671  2.81334  3.58123  
3.75366  3.269  0.896064  
5.83116  1.32687  1.34294  
0.444686  1.95619  3.46837  
0.161743  3.96542  5.08026  
8.46957  3.28953  0.507205  
0.661259  4.06799  2.11907  
0.245228  2.22809  8.13768  
3.74055  0.684181  3.16911  
0.68597  2.84614  3.20114  
1.05495  2.21901  2.76245  
0.765841  1.13653  3.4841  
2.81737  1.51638  1.60798  
0.40757  3.39625  2.83146  
2.01512  0.459703  2.74283  
1.12075  2.605  2.3782  
2.12821  1.10128  1.19303  
0.151763  2.03384  3.06847  
1.25893  3.64652  0.378048  
2.30333  0.136043  3.17644  
0.391511  1.51078  3.37794  
0.381954  2.91684  1.18619  
1.34335  0.0391349  3.22869  
0.45776  5.49129  0.40322  
0.516868  1.56874  0.000107772  
1.40508  0.855236  1.83001  
0.28696  1.81659  2.12476  
1.44241  5.48285  0.236312  
1.94965  0.00115989  0.302875  
0.139857  3.39577  1.25774  
1.06615  1.09894  2.59496  
0.784986  2.53915  1.2075  
0.58054  0.319164  3.07017  
0.700909  0.298138  0.29489  
1.32356  0.139235  5.09272  
1.44985  0.0151271  3.85578  
0.0572545  7.01993  0.299035  
1.39881  1.66501  2.68227  
5.94399  1.33728  0.254853  
0.220198  0.811429  2.95706  
0.0593246  7.69965  3.42977  
0.000590312  2.2451  0.090063  
0.825441  0.0561621  4.24063  
5.84798  0.819078  0.555908  
2.98235  0.448356  0.575133  
3.64205  7.86713  0.000908164  
0.799245  1.84925  2.93705  
0.217269  0.991305  0.0445859  
0.510056  0.726905  0.651667  
1.41363  0.727911  1.90383  
1.39239  0.521334  3.94465  
0.555342  1.28969  0.67692  
4.08101  2.47776  0.247506  
0.202573  1.48973  6.46761  
1.03093  0.681939  5.3855  
2.51042  0.015408  6.57965  
0.344152  0.251866  4.62274  
0.132103  4.81972  3.46607  
2.82746  2.63542  0.272695  
0.015462  0.0864054  0.898612  
0.00114002  5.23543  3.25127  
0.348352  1.73866  2.14399  
1.90622  1.04488  1.6829  
1.84345  0.687146  2.46353  
1.54913  3.41436  0.638854  
1.91454  0.5199  2.89003  
1.95587  5.11309  0.392209  
0.442186  2.88094  1.97505  
1.95639  1.35219  2.16847  
1.37387  0.922694  2.78873  
2.2877  0.748902  1.88526  
0.35581  5.7462  1.21922  
2.96365  2.37856  0.721658  
0.1625  2.03071  5.14627  
0.897821  4.15554  1.10908  
0.362655  6.6125  1.81869  
3.26106  0.255883  1.09979  
5.94547  1.87005  0.213355  
2.90676  4.47043  0.488739  
5.83553  2.73889  0.216177  
2.92261  0.201403  3.86321  
9.79699  1.86879  0.255808  
0.718445  0.69476  4.51378  
5.69895  0.489784  1.02265  
0.503847  4.4253  1.98476  
2.2622  1.67737  1.09673  
0.914329  0.54833  3.29971  
0.200868  2.28505  3.53061  
1.28635  1.04005  2.84088  
0.381151  1.02665  5.14056  
4.23456  1.02146  1.40989  
3.56195  0.783002  2.35907  
0.698104  2.64109  1.9485  
0.30304  1.68798  5.20361  
4.1726  4.67057  0.0545066  
0.0045561  0.0189806  5.29639  
1.25035  0.941526  0.859968  
0.0930148  0.00946757  3.92694  
1.72186  0.0259735  2.42321  
3.01135  0.0189626  2.07079  
0.114545  6.40488  0.679948  
0.0440887  1.61783  2.05435  
1.02268  0.176457  2.16368  
0.256136  0.922143  2.04793  
0.0071938  0.0391565  3.71164  
0.746168  0.0251181  3.47475  
0.0167949  0.946414  2.16788  
1.84897  2.15908  0.167905  
0.0248524  0.0402798  3.29249  
0.0100884  0.726924  2.71547  
0.00956318  0.194026  3.01868  
0.255263  0.53907  2.13173  
0.295143  0.984182  1.56708  
0.0131357  0.996685  2.09537  
0.0189349  0.00969292  3.47478  
0.0939479  0.0104308  2.96638  
0.00366988  0.92676  2.69107  
0.00279952  0.0205435  3.44095  
0.0515538  0.0358383  2.54327  
0.00626961  0.59615  2.926  
0.00342342  0.303587  3.01334  
0.00395164  0.183284  3.15016  
0.00243213  0.313195  3.07798  
0.0053479  0.435943  2.97023  
0.015402  0.0867952  0.89792  
0.0145589  0.228923  2.82636  
0.0116569  0.00076482  3.5967  
0.000219886  0.206695  3.0649  
0.366502  0.411182  1.75277  
0.000313308  1.00252  2.50154  
0.327135  0.320715  0.603261  
2.09068  1.14255  0.104601  
0.1085  1.09926  0.10786  
0.868438  0.000165989  0.274543  
0.0070276  0.439311  2.60112  
3.4346  0.851319  0.0425215  
0.00669094  0.148565  2.95841  
0.0122247  0.0593524  3.45269  
0.00309744  0.000541309  3.85242  
0.612074  0.208374  0.987148  
0.383905  2.44043  0.234773  
0.012366  0.251009  2.73207  
0.000198893  2.88294  0.139396  
0.0130968  0.000735357  3.78293  
0.158034  0.53724  0.322918  
0.505864  0.885948  0.000211245  
0.00301252  1.22853  2.20979  
0.00111599  0.00041084  4.14922  
2.43834  0.786083  0.122507  
0.0121795  0.00222434  4.14062  
1.63549  0.159607  1.39383  
0.000233149  0.128202  3.15251  
0.691285  0.323659  0.155546  
0.020252  0.0520366  2.59632  
0.0261496  0.605434  0.519562  
0.000467376  2.59251  0.687834  
0.11541  0.0279269  1.19199  
2.39337  0.738257  0.124605  
0.00213203  0.51586  3.02316  
0.144606  0.000926597  3.56236  
0.00458955  0.926948  2.12663  
1.56612  0.133703  1.49938  
0.00271493  0.00511855  4.96191  
0.00101449  2.06238  1.61274  
0.00999221  0.119639  3.33854  
2.73748  0.0653023  0.778361  
0.764532  0.0110353  2.31106  
0.012514  1.84276  1.85045  
1.90053  2.32165  0.000430932  
0.0106339  0.0282297  3.17251  
0.00204215  0.956568  2.56087  
3.7801  0.000106367  3.47969  
3.6161  0.00137461  0.343015  
0.196705  1.63298  0.648332  
0.431654  0.0234206  2.47194  
0.0925778  1.53392  1.17071  
0.212298  5.01055  0.0611518  
0.000176312  6.11434  3.14706  
0.406959  0.0026373  3.27936  
0.00108209  4.90977  1.8544  
1.20859  0.000277459  2.94984  
0.136795  0.0690689  2.53201  
1.68648  0.239006  0.466136  
1.35927  3.18585  0.000684935  
4.46922  0.000558118  0.983406  
0.0870526  0.948682  1.66074  
0.96339  0.000398905  3.93368  
1.6217  0.117761  1.41986  
0.965235  1.39024  0.506426  
0.603175  1.67441  0.44081  
2.87029  0.808828  0.171304  
1.1419  0.834541  0.722109  
2.60856  0.000485231  2.10268  
1.53559  2.16814  0.146503  
0.0891818  0.0635222  1.52411  
0.667845  0.172722  1.02988  
0.0351914  1.23251  0.570553  
0.594969  0.519631  0.644013  
0.46527  0.268625  0.999074  
0.910259  0.331239  0.464651  
1.01669  0.529233  0.222133  
0.88535  0.197217  0.502645  
1.88167  0.0230448  0.310869  
0.115434  0.0122154  1.39859  
0.388585  0.663401  0.389986  
0.365132  0.49036  0.769054  
0.0618227  0.162667  1.39335  
0.614017  0.924489  0.110943  
0.754898  0.0297846  0.733621  
0.63885  0.733436  0.293875  
0.119382  0.000183878  2.32187  
1.17373  0.140151  0.274136  
0.100954  1.04769  0.237341  
0.995942  0.628751  0.0684329  
0.253461  3.11533e-05  1.3707  
1.45545  7.88236e-05  0.266251  
0.00419207  0.257229  1.28512  
0.0625491  0.346615  0.882625  
0.012574  4.58244e-05  2.09427  
0.539456  0.00540863  1.08636  
0.305357  0.283879  0.651636  
0.000164027  1.27555  0.495164  
0.0149349  0.750215  0.257209  
0.0666634  0.96997  0.113607  
0.750242  0.0891056  0.601875  
0.921924  0.0379195  0.584813  
0.0619242  0.615133  0.365522  
0.000120232  0.467564  1.01816  
0.466502  0.123276  0.74611  
0.501273  0.0325827  0.534395  
0.334734  0.720119  0.131301  
0.18488  0.000102831  1.32089  
0.178754  0.475532  0.520318  
0.155773  0.537348  0.310519  
0.0470407  0.754973  0.566412  
0.703543  0.000115216  0.370369  
0.0171517  0.222566  1.22848  
0.000361464  3.46427  0.106324  
0.891069  0.184949  0.29687  
0.637459  0.00178421  1.11025  
0.000243765  1.00162  6.27048e-05  
0.00941237  0.935246  0.467298  
1.09468  0.000143757  0.00122279  
1.23668  0.173922  0.0679479  
0.388845  0.129437  0.482792  
0.582504  0.776009  0.0927819  
1.69124  0.0187409  0.000132573  
0.0171909  0.0437655  0.943196  
0.00957306  0.229096  1.26278  
0.757824  1.01919  0.000289589  
0.758887  0.336255  0.0425671  
0.115747  0.848921  0.0374329  
0.57151  3.22246  3.24566e-05  
3.36525  0.000143411  0.00616939  
0.0322392  0.408076  0.58574  
0.260484  0.0341398  0.746776  
0.0840278  0.257675  0.700099  
0.504344  0.834364  4.1587e-05  
0.000152711  2.00223  0.00689048  
6.24904e-05  0.0242795  1.8349  
0.116877  1.2594  0.129563  
0.690257  0.136142  0.539986  
0.186982  0.0139395  1.24725  
1.58859  0.834891  0.000123964  
2.80688  0.0103124  0.000296699  
0.000133935  6.50481e-05  1.29087  
4.13931  0.0102943  0.000311762  
5.42062e-05  2.32299  0.108441  
0.148951  5.40155e-05  1.36659  
4.22562  0.000381911  0.000406494  
0.1833  1.23166  0.0467776  
0.0610981  4.26579e-05  2.63918  
0.0059753  0.264577  1.12519  
0.610397  1.56809  2.5054e-05  
0.0148527  0.906115  0.577285  
3.77457  0.002467  0.000382307  
2.47052  0.000385784  0.000891429  
1.01664  0.637388  0.0265428  
3.99526  0.00233197  0.000287522  
2.77955  0.00116096  0.00039532  
0.00597025  0.349493  1.15983  
0.00317636  0.465493  1.10944  
0.210294  0.622469  0.417003  
0.0495427  1.26432  0.195683  
3.84397  0.00169251  0.00181486  
0.000253354  0.00104261  1.65508  
0.00255071  1.95466  0.00216935  
0.121407  0.323957  0.866882  
0.253891  0.951526  0.139603  
2.06716  0.0143041  0.0250591  
0.119906  0.193267  1.04006  
1.00573  0.292301  0.310044  
0.838651  1.01733  0.000137111  
0.0432365  0.488681  0.875313  
0.784149  0.0311331  0.215442  
0.167003  0.551049  0.293914  
0.167977  0.526527  0.325722  
0.0322449  0.712056  0.27978  
0.188143  0.620092  0.197546  
0.544141  0.81615  0.0363821  
0.275284  0.704211  0.0920329  
0.270105  0.0232669  0.724986  
0.167228  0.574884  0.266868  
0.360285  0.122747  0.536916  
0.450959  0.164369  0.41504  
0.0216018  0.662126  0.330379  
8.72723e-05  0.896965  0.270233  
0.199047  0.644935  0.169364  
0.030229  0.383692  0.608387  
0.662934  0.087854  0.330595  
0.022214  0.0693801  0.917453  
0.00865538  0.974297  0.0305426  
0.6784  0.0197252  0.319054  
0.422113  0.141004  0.451598  
0.407654  0.0182636  0.59047  
0.258324  0.088991  0.675231  
0.0173591  0.818748  0.174488  
0.0671204  0.290414  0.644133  
0.035696  0.611629  0.35476  
0.429345  0.146156  0.438816  
0.155922  0.513502  0.343831  
0.735324  0.01472  0.26252  
0.0215643  0.402634  0.584672  
0.00983436  0.785252  0.212582  
0.578993  0.034756  0.411519  
0.0231982  0.210447  0.783723  
0.860922  0.0115664  0.137136  
0.18544  0.60795  0.212891  
0.486312  0.214169  0.365578  
0.352549  0.0234252  0.644326  
0.923733  0.0217392  0.069033  
0.178558  0.586208  0.241292  
0.148218  0.483602  0.404331  
0.502609  0.833959  1.79353e-05  
0.0981639  0.0139158  0.906156  
0.297627  0.0992666  0.604449  
0.198464  0.630417  0.181814  
0.024476  0.105391  0.883253  
0.202999  0.661679  0.143912  
5.05596e-05  4.76471e-05  1.00011  
0.841171  0.0143751  0.154947  
1.00005  1.63377e-05  2.13838e-05  
0.299467  0.715673  0.0770749  
0.163916  0.55996  0.277707  
4.4846e-05  1.00006  3.09611e-05  
0.11784  0.84861  0.0338312  
0.750642  0.30844  0.039811  
0.389565  0.129264  0.481309  
0.662303  2.68358e-05  0.338311  
0.178607  0.0129443  0.82036  
0.478188  0.0226292  0.513352  
0.0141401  0.744547  0.250755  
0.0304055  0.309113  0.6656  
0.142081  0.783563  0.0780414  
0.243337  0.016094  0.747923  
0.313501  0.104744  0.58702  
0.444412  0.0165545  0.54552  
0.0478697  0.455416  0.502728  
4.37887e-05  0.902194  0.107049  
0.0456244  0.579311  0.391653  
0.79661  0.0203281  0.200753  
0.697098  0.0285914  0.299879  
0.0268588  0.535905  0.458692  
0.33871  0.115707  0.558087  
0.51341  0.264246  0.344874  
0.0885963  0.352714  0.587704  
0.144948  0.0586758  0.854735  
0.270305  0.0938874  0.65117  
0.519324  0.018118  0.481183  
0.0313895  0.691561  0.299533  
0.462793  0.16858  0.399193  
0.0193553  0.169501  0.825431  
0.897583  0.0219288  0.100986  
0.605224  0.0288448  0.379911  
0.139578  0.769435  0.0975452  
0.268034  0.681195  0.11588  
0.0273059  0.870325  0.103702  
0.824787  0.0286918  0.172667  
0.965319  0.0255938  0.0352088  
0.161669  0.536692  0.308912  
0.0149999  0.933515  0.0678556  
0.632036  0.0521553  0.356562  
0.0281618  0.234507  0.763463  
0.170173  0.469322  0.420745  
0.759752  0.0160279  0.242347  
0.0259085  0.0331003  0.962059  
0.209897  0.0209805  0.78375  
0.3771  0.125835  0.50044  
0.549743  0.0122279  0.445889  
0.311613  0.0280032  0.695939  
0.151751  0.499676  0.372652  
0.0155733  0.519633  0.477383  
0.713918  0.0137884  0.284934  
0.155122  0.4296  0.558877  
0.570462  0.0288636  0.410233  
0.0527185  0.654074  0.32077  
0.855759  0.0103636  0.136985  
0.395147  0.131604  0.473414  
0.0174364  0.929821  0.0676391  
0.500461  0.1667  0.333908  
0.246246  0.0892368  0.672574  
0.068198  0.309377  0.622822  
0.0248374  0.407303  0.577195  
0.0592266  0.46396  0.490129  
0.171512  0.557093  0.278838  
0.536073  0.179138  0.28711  
0.0316737  0.303504  0.672559  
0.130109  0.403339  0.478359  
0.20557  0.0685018  0.727215  
0.474231  0.0179651  0.509695  
0.370408  0.129309  0.506335  
0.311097  0.0110414  0.687841  
0.0570182  0.182883  0.773912  
0.610817  0.20413  0.188536  
0.133735  0.736417  0.131592  
0.0133705  0.692256  0.295316  
0.0186359  0.0678251  0.915306  
0.623332  0.208798  0.174743  
0.0196695  0.510091  0.476793  
0.142006  0.0115416  0.851526  
0.753016  0.00960975  0.241847  
0.33669  0.113843  0.551414  
0.488328  0.163017  0.349348  
0.69908  0.234052  0.0727824  
0.911377  0.0248563  0.0678007  
0.0656662  0.26785  0.667794  
0.509215  0.0199189  0.4735  
0.0933112  0.388356  0.521895  
0.202549  0.664963  0.133174  
0.999997  1.63935e-05  2.82681e-05  
0.741116  0.262036  0.0274957  
0.0169017  0.75278  0.238543  
0.840584  0.0109835  0.151737  
0.146001  0.820432  0.0344064  
0.502605  0.833943  1.96494e-05  
0.177611  0.58766  0.235212  
2.59725e-05  0.999942  6.3867e-05  
0.369435  0.0143136  0.621302  
2.87071e-05  1.97684e-05  1  
0.136902  0.455816  0.409183  
0.686646  0.229907  0.0866484  
0.656378  9.92157e-05  0.344717  
0.383674  0.129325  0.490416  
0.246458  0.72776  0.0352999  
0.0341126  0.33864  0.629979  
0.236817  0.678936  0.0991369  
0.216549  0.0721562  0.711849  
0.0353359  0.611685  0.353167  
9.23448e-05  0.89614  0.103992  
0.0286177  0.147976  0.825075  
0.520834  0.172872  0.306914  
0.0328127  0.838158  0.135082  
0.554161  0.185203  0.261996  
0.268573  0.0915411  0.642356  
0.795269  0.0144506  0.19601  
0.15928  0.532868  0.309425  
0.0600077  0.200342  0.752542  
0.428282  0.142461  0.43004  
0.605534  0.0209291  0.376605  
0.137206  0.771316  0.10251  
0.545714  0.0201434  0.437171  
0.194122  0.637602  0.170051  
0.128962  0.437435  0.437066  
0.241384  0.702246  0.0680793  
0.885254  0.0216974  0.0998873  
0.129903  0.417208  0.459574  
0.142275  0.484829  0.373445  
0.130113  0.709857  0.165133  
0.583002  0.196327  0.224546  
0.245215  0.0125922  0.743839  
0.310675  0.103545  0.586072  
0.0705819  0.318898  0.611728  
0.184179  0.60953  0.207632  
0.652571  0.223761  0.136622  
0.444091  0.0265246  0.539965  
0.953415  0.0288271  0.0335409  
0.699485  0.0157594  0.294397  
0.032358  0.441507  0.543474  
0.0929637  0.352022  0.565029  
0.0164086  0.959395  0.0341437  
0.445903  0.149135  0.406933  
0.057482  0.547931  0.41288  
0.139637  0.795469  0.067594  
0.150511  0.50938  0.340513  
0.0167987  0.78605  0.209327  
0.167047  0.570561  0.263415  
0.0237967  0.242145  0.748788  
0.0329167  0.134428  0.842963  
0.17214  0.0171732  0.814937  
0.103264  0.00188368  0.896863  
0.414537  0.137744  0.44836  
0.464197  0.158427  0.382512  
0.668113  4.35443e-05  0.332239  
0.0647342  0.240104  0.700564  
0.0303291  0.532887  0.45431  
0.0454938  0.649902  0.307638  
0.170026  0.0304496  0.815799  
0.199949  0.642038  0.160357  
0.172116  0.556396  0.277557  
0.0292895  0.300794  0.670403  
0.0250745  0.782613  0.204056  
0.136876  0.399252  0.480038  
0.241275  0.699048  0.0691965  
0.13811  0.795755  0.0670561  
0.125544  0.65024  0.237365  
0.535253  0.178755  0.286485  
0.4729  0.024769  0.509961  
0.0668199  0.299954  0.636521  
0.132984  0.435119  0.434968  
0.0570028  0.45652  0.490277  
0.245954  0.0825175  0.672226  
0.0165757  0.714085  0.27235  
0.310373  0.103401  0.586329  
0.0528186  0.169856  0.783381  
0.230875  0.689507  0.0812775  
0.601027  0.199944  0.199256  
0.0175952  0.0677611  0.915244  
0.15106  0.509709  0.339478  
0.556354  0.185345  0.258525  
0.137671  0.0274407  0.851607  
0.746473  0.0176631  0.244802  
0.0249768  0.508508  0.475027  
0.182274  0.603142  0.215039  
0.905875  0.0278907  0.0676982  
0.145719  0.820128  0.0342302  
0.502547  0.83384  0.000121276  
0.668378  0.22269  0.109318  
0.383867  0.130994  0.489015  
0.508438  0.0206963  0.472641  
0.0260512  0.764951  0.223069  
0.444423  0.148233  0.407671  
0.52086  0.172862  0.30644  
0.832572  0.0234894  0.147828  
0.158831  0.532772  0.308793  
0.177601  0.587591  0.234967  
0.201059  0.659906  0.13951  
0.0353456  0.344621  0.622149  
0.786454  0.0192879  0.202487  
0.429499  0.142142  0.428595  
0.111185  0.365969  0.52364  
2.12274e-05  7.28841e-05  1  
0.656352  2.00732e-05  0.343662  
0.999934  1.30594e-05  6.21126e-05  
0.648652  0.216045  0.136729  
2.36698e-06  0.999941  6.26898e-05  
0.725214  0.241441  0.0344658  
0.0210772  0.434576  0.545378  
0.241491  0.724358  0.0346213  
0.322111  0.107215  0.571546  
0.0353175  0.611637  0.353122  
0.137417  0.454166  0.409237  
0.0664419  0.266716  0.667391  
0.033265  0.148072  0.820675  
0.0263835  0.235799  0.742976  
0.00599976  0.927345  0.0678002  
0.214594  0.0715288  0.713947  
8.91463e-05  0.892561  0.107699  
0.374927  0.0199625  0.612667  
0.698942  0.007251  0.29399  
0.462303  0.154131  0.383747  
0.128599  0.700586  0.171955  
0.196323  0.627342  0.179443  
0.060226  0.20869  0.736451  
0.276298  0.0937061  0.631781  
0.140183  0.472745  0.388016  
0.0659468  0.242102  0.694205  
0.145207  0.494683  0.36205  
0.133421  0.414614  0.459108  
0.600296  0.0231657  0.377109  
0.0325633  0.834629  0.134727  
0.622685  0.208219  0.17019  
0.0416485  0.677708  0.28244  
0.494479  0.16745  0.341065  
0.244921  0.0139552  0.742373  
0.699514  0.233177  0.0675362  
0.173094  0.0634127  0.769588  
0.440184  0.021909  0.541139  
0.944694  0.0263994  0.0324825  
0.071272  0.323389  0.605529  
0.00693778  0.959182  0.0340573  
0.167275  0.56911  0.263937  
0.0438054  0.548849  0.410908  
0.582289  0.194265  0.224009  
0.36041  0.120308  0.519632  
0.545358  0.0191317  0.436459  
0.106085  0.346171  0.557749  
0.871328  0.022046  0.109465  
0.41191  0.136946  0.451762  
0.671471  8.3787e-05  0.328613  
0.101404  0.00803484  0.896845  
0.309398  0.00534845  0.687715  
0.134325  0.767945  0.0985143  
0.228518  0.66742  0.111178  
0.0236354  0.13412  0.842448  
0.726565  0.240187  0.0338776  
0.34344  0.0313535  0.647762  
0.128987  0.415137  0.456638  
0.201038  0.640607  0.160106  
0.066008  0.298991  0.635139  
0.0296591  0.30162  0.670343  
0.167452  0.568868  0.263817  
0.0299806  0.133228  0.83737  
0.0701416  0.210232  0.730359  
0.0077293  0.925515  0.0675895  
0.132163  0.43406  0.434557  
0.310234  0.00457952  0.686818  
0.150919  0.509541  0.339649  
0.101432  0.00180509  0.896841  
0.234949  0.699987  0.0671378  
0.18214  0.60302  0.214926  
0.242571  0.0809787  0.676732  
0.0616459  0.71501  0.23746  
0.0607584  0.454441  0.489137  
0.48628  0.163236  0.352082  
0.0146209  0.713389  0.272268  
0.740974  0.0188897  0.246882  
0.171863  0.55525  0.277445  
0.900666  0.0339685  0.0673866  
0.159487  0.530543  0.310427  
0.4445  0.148164  0.407385  
0.214587  0.0715152  0.713922  
0.502547  0.83384  0.000120993  
0.13771  0.0217243  0.843978  
0.0337722  0.148174  0.818458  
0.110658  0.366167  0.523437  
0.383837  0.127976  0.488459  
0.021376  0.506668  0.473823  
0.0671486  0.24328  0.69176  
0.723345  0.240826  0.0359723  
0.202004  0.658687  0.139483  
0.13695  0.794985  0.0682568  
0.491806  0.024685  0.485386  
0.324494  0.108183  0.567505  
0.0349181  0.345663  0.619635  
0.578664  0.0291813  0.396348  
2.23272e-05  0.892408  0.107658  
0.177593  0.587545  0.234904  
0.0515603  0.67391  0.282686  
0.13969  0.45105  0.410584  
0.99993  1.26807e-05  6.27264e-05  
2.0548e-05  4.01009e-06  0.999998  
0.0174795  0.765685  0.218476  
0.582156  0.193932  0.22399  
1.98341e-06  0.99994  6.25674e-05  
0.653483  9.63821e-05  0.346554  
0.241351  0.724169  0.0345385  
0.673698  5.63894e-05  0.326417  
0.511064  0.170603  0.319096  
0.784118  0.0189468  0.200917  
0.0354459  0.614007  0.35066  
0.101819  0.313164  0.593585  
0.373466  0.0220214  0.611418  
0.652136  0.217382  0.131393  
0.429262  0.142253  0.428582  
0.697822  0.00897833  0.294001  
0.83322  0.0213055  0.145847  
0.017075  0.0677582  0.915229  
0.131333  0.699282  0.171878  
0.229578  0.689389  0.0811736  
0.310325  0.103403  0.586308  
0.254932  0.0227104  0.72676  
0.603957  0.0288229  0.369122  
0.276266  0.0921925  0.631736  
0.197326  0.624689  0.178574  
0.698087  0.232552  0.0698779  
0.168663  0.0610245  0.775259  
0.556333  0.185322  0.258412  
0.127006  0.403758  0.470172  
0.464622  0.154863  0.380661  
0.144929  0.4929  0.362395  
0.620523  0.206832  0.172841  
0.0323764  0.834274  0.134151  
0.0618874  0.181081  0.765475  
0.133987  0.76641  0.0998603  
0.0309225  0.43376  0.543362  
0.943608  0.0231735  0.0334251  
0.024313  0.235049  0.741578  
0.41298  0.137531  0.449565  
0.00705805  0.959143  0.0339973  
0.43568  0.021766  0.543608  
0.0443679  0.546031  0.411425  
0.666915  0.222287  0.110953  
0.0303366  0.0997592  0.874527  
0.872829  0.0303827  0.0995871  
0.0666621  0.266133  0.667387  
0.100719  0.336138  0.563428  
0.535225  0.178958  0.286473  
0.360345  0.122705  0.519675  
0.145691  0.820133  0.034224  
0.539603  0.0223913  0.439426  
0.122437  0.643879  0.236646  
0.140197  0.474104  0.385862  
0.227483  0.667023  0.110986  
0.60095  0.199925  0.199175  
0.033113  0.768022  0.207301  
0.0484916  0.670016  0.284022  
0.201721  0.638618  0.160173  
0.167138  0.567888  0.26509  
0.134148  0.414607  0.452637  
0.0299883  0.133031  0.837308  
0.727833  0.238843  0.033875  
0.309266  0.0042244  0.6868  
0.150881  0.509529  0.339649  
0.13693  0.794983  0.068167  
0.0675738  0.269565  0.663457  
0.486188  0.168273  0.351921  
0.057949  0.172008  0.779713  
0.00740773  0.958787  0.034103  
0.101432  0.00173916  0.896841  
0.233855  0.699843  0.0671097  
0.131996  0.434345  0.433937  
0.0313356  0.588121  0.384021  
0.0575224  0.454094  0.488988  
0.13972  0.472647  0.387706  
0.0254688  0.23418  0.741434  
0.276247  0.0941903  0.63172  
0.310325  0.103394  0.586296  
0.097779  0.312881  0.589747  
0.06361  0.700303  0.247624  
0.111589  0.369157  0.519499  
0.369662  0.0223222  0.61149  
0.177855  0.059343  0.76332  
0.0202218  0.506432  0.473611  
0.739274  0.0189609  0.246612  
0.900912  0.0321956  0.0670559  
0.830277  0.0309835  0.146735  
0.159347  0.530502  0.310335  
0.502545  0.833839  0.000118559  
0.0683005  0.240359  0.69211  
0.507212  0.168925  0.324048  
0.103114  0.344216  0.552805  
0.0309755  0.792736  0.177562  
0.488574  0.0281071  0.485193  
0.0533255  0.544714  0.408247  
0.328852  0.109609  0.561677  
0.177592  0.587536  0.234899  
0.0352601  0.346345  0.618489  
0.652155  7.26366e-05  0.347887  
0.14569  0.820112  0.0342204  
0.241345  0.724158  0.0345165  
2.33309e-05  2.31366e-06  0.999995  
0.200777  0.621788  0.178452  
0.136108  0.023917  0.842087  
2.01984e-06  0.99994  6.25512e-05  
0.203382  0.657499  0.139505  
0.133813  0.695313  0.172883  
0.99993  1.09626e-05  6.26745e-05  
0.141093  0.451156  0.408039  
0.943602  0.0262232  0.0333628  
0.723127  0.240725  0.0361927  
0.697503  0.00902265  0.29398  
0.255177  0.0239586  0.721832  
0.067353  0.205548  0.73102  
0.035285  0.625376  0.339904  
0.411282  0.137044  0.451797  
0.58213  0.193917  0.223982  
0.652498  0.21747  0.130314  
0.429254  0.142205  0.428577  
0.196894  0.604372  0.200873  
0.0340284  0.149248  0.816833  
0.000103304  0.891962  0.108004  
0.576502  0.0302577  0.396307  
0.0173528  0.0677434  0.915224  
0.229537  0.689383  0.0811326  
0.383759  0.131261  0.48847  
0.695194  0.231726  0.0733309  
0.554637  0.184762  0.260643  
0.133139  0.401186  0.468279  
0.135118  0.76346  0.103159  
0.785762  0.0303077  0.191842  
0.620787  0.206908  0.172386  
0.600282  0.199706  0.200054  
0.144918  0.492859  0.362281  
0.0292083  0.100617  0.872202  
0.540269  0.0302665  0.437016  
0.464584  0.154831  0.380637  
0.122318  0.643334  0.236112  
0.0314581  0.431893  0.54332  
0.673652  2.30318e-05  0.326382  
0.871334  0.0283806  0.100705  
0.00956807  0.923371  0.0680792  
0.222296  0.666946  0.111045  
0.172064  0.552987  0.277752  
0.0334457  0.296792  0.672306  
0.214998  0.0711365  0.713936  
0.602122  0.0296464  0.368899  
0.433979  0.0232161  0.54374  
0.0325014  0.833768  0.133997  
0.535628  0.178497  0.285927  
0.670889  0.223621  0.105643  
0.4445  0.148155  0.407383  
0.0160203  0.712056  0.272442  
0.359932  0.120052  0.52022  
0.238823  0.0831563  0.681774  
0.0374588  0.797363  0.172774  
0.166914  0.568031  0.265092  
0.168505  0.0576464  0.775479  
0.239394  0.0798713  0.680887  
0.0981979  0.300792  0.602954  
0.131928  0.434251  0.434  
0.15309  0.509358  0.339658  
0.728848  0.237615  0.0337741  
0.136921  0.794973  0.0683061  
0.697487  0.0085832  0.293973  
0.0574357  0.453876  0.488976  
0.0488079  0.645898  0.306528  
0.00767112  0.958606  0.0340152  
0.13185  0.3954  0.474455  
0.233666  0.699843  0.0671044  
0.103071  0.00183638  0.895186  
0.0249538  0.234044  0.7414  
0.0275291  0.711314  0.271408  
0.359929  0.119872  0.520207  
0.0524274  0.169371  0.779435  
0.573225  0.0325716  0.39687  
0.111445  0.369226  0.519469  
0.361296  0.028264  0.612765  
0.485526  0.161812  0.352755  
0.0232391  0.505549  0.472294  
0.145114  0.82082  0.0342632  
0.900861  0.0330663  0.0670345  
0.0687945  0.241415  0.69  
0.0298503  0.132973  0.8373  
0.602645  0.0310559  0.367009  
0.276244  0.0929238  0.63171  
0.65245  0.217466  0.130301  
0.582122  0.193915  0.223982  
0.508559  0.169376  0.322155  
0.160332  0.529604  0.31045  
0.203107  0.656875  0.14007  
0.99993  1.16532e-05  6.25048e-05  
0.486522  0.0272952  0.486727  
0.034165  0.149101  0.816829  
0.0346101  0.626957  0.338541  
0.502544  0.833839  0.000111503  
0.670866  0.223596  0.105651  
2.1716e-05  3.05879e-06  0.999994  
0.13664  0.69134  0.173395  
0.138108  0.0270161  0.836681  
0.0353882  0.347859  0.616822  
0.732533  0.0145642  0.25361  
0.310323  0.103392  0.586295  
0.333306  0.111095  0.555779  
0.434201  0.0237593  0.54303  
0.429249  0.142191  0.428577  
6.92503e-05  0.891496  0.10851  
0.00874371  0.923311  0.068089  
0.723127  0.240712  0.0361877  
1.58654e-06  0.99994  6.24608e-05  
0.241342  0.724155  0.0345162  
0.22215  0.666939  0.110977  
0.652152  3.61857e-05  0.347883  
0.171003  0.553912  0.275434  
0.177588  0.587536  0.234884  
0.780452  0.0258512  0.194457  
0.252302  0.0272664  0.721656  
0.828545  0.0279203  0.146694  
0.14185  0.450048  0.408393  
0.0170962  0.0677417  0.915223  
0.229519  0.689379  0.0811213  
0.18097  0.06045  0.758883  
0.869005  0.0319879  0.101179  
0.203939  0.620023  0.178435  
0.383753  0.128351  0.488459  
0.695132  0.231677  0.0732919  
0.137348  0.412304  0.452105  
0.412508  0.137389  0.450174  
0.554636  0.184756  0.260634  
0.14491  0.492845  0.362262  
0.620756  0.206907  0.172376  
0.461508  0.153894  0.384766  
0.0593362  0.70065  0.2438  
0.102855  0.311807  0.587281  
0.0681936  0.205315  0.72794  
0.201667  0.638337  0.160086  
0.032338  0.833767  0.133967  
0.135115  0.763675  0.101677  
0.0315018  0.432113  0.538892  
0.0322242  0.776071  0.192399  
0.0681738  0.272259  0.659825  
0.0541469  0.561791  0.386404  
0.4445  0.148144  0.407377  
0.677254  8.06604e-05  0.322868  
0.943493  0.025834  0.0333749  
0.0327614  0.295549  0.672092  
0.0277271  0.100545  0.872098  
0.223203  0.0738186  0.704074  
0.103395  0.345173  0.551506  
0.139334  0.473044  0.387678  
0.534738  0.178179  0.287121  
0.538259  0.024977  0.437709  
0.198191  0.601147  0.201029  
0.123588  0.641556  0.23613  
0.600025  0.200061  0.200054  
