0.201966  0.979393  
2.17097  0.662459  
2.20048  1.34605  
0.198254  0.980151  
2.07357  1.03681  
0.0938883  0.995583  
0.895281  2.48804  
2.35435  0.551427  
0.101973  0.994787  
0.238344  0.971181  
1.86997  1.96533  
1.47135  1.99695  
2.39343  0.0925461  
2.50808  0.180805  
2.67055  0.892708  
0.296577  0.955009  
2.57071  0.124455  
2.59504  0.175473  
2.41429  0.0855159  
1.12672  1.70022  
1.20008  2.17689  
0.160782  0.98699  
2.17776  0.131551  
1.47219  1.85637  
1.14192  2.09334  
0.00941416  0.999956  
1.72977  1.48506  
0.172015  0.985094  
1.43368  1.91951  
0.0623647  0.998053  
0.278258  0.960506  
2.38699  0.405227  
2.12391  1.05798  
1.76299  1.79954  
2.40347  0.161976  
1.93286  1.58038  
0.245871  0.969303  
2.1077  1.38337  
0.00584846  0.999983  
0.0543893  0.99852  
1.44044  1.82734  
0.290221  0.95696  
1.55039  1.98554  
0.182215  0.983259  
2.26943  1.51387  
2.38266  1.24224  
2.30522  1.08526  
1.82046  1.83148  
0.135761  0.990742  
2.39966  0.872473  
2.05292  1.88897  
2.44046  0.674608  
2.2678  0.982819  
1.82246  1.70849  
0.252284  0.967653  
1.32988  2.18965  
0.213431  0.976958  
1.87782  1.76244  
0.217795  0.975995  
1.65237  1.58815  
2.40968  1.41983  
2.3649  1.01763  
1.13408  2.15999  
2.34298  0.124225  
1.28124  2.40921  
2.53079  0.545305  
1.0404  2.24616  
1.68895  1.77156  
1.86199  1.91595  
1.96866  0.695877  
2.35926  1.44491  
2.25027  0.983115  
2.32161  0.841024  
0.925116  2.07965  
2.50025  1.19483  
1.16131  2.33843  
2.03284  1.66529  
1.96871  1.63183  
2.15867  1.15151  
2.3707  0.385479  
0.191338  0.981524  
1.79464  1.4527  
1.77904  1.78554  
0.0786727  0.996901  
2.5015  1.27441  
2.45531  0.453362  
2.4346  1.06545  
2.23957  0.658523  
2.32666  0.598329  
1.6186  2.1564  
1.84916  1.20524  
2.37949  0.870005  
0.119761  0.992803  
2.3345  0.96728  
2.30046  0.742902  
0.252586  0.967574  
2.38182  0.751518  
0.786517  2.27653  
2.23703  1.43154  
0.109161  0.994024  
2.31214  0.349481  
1.91353  0.000152124  
1.80171  0.000143234  
1.60536  4.61048e-13  
1.51908  7.7184e-06  
1.62736  1.14822e-13  
1.51545  2.07671e-13  
1.62598  1.06308e-16  
1.54271  3.85025e-16  
1.51075  2.2892e-14  
1.45905  0.000118419  
1.63694  4.12405e-18  
1.68167  1.58927e-18  
1.53888  3.84067e-16  
1.5054  1.31622e-14  
1.48096  1.04492e-13  
1.57211  1.02786e-16  
1.43274  1.45493e-13  
1.52235  1.12625e-14  
1.54493  0  
0.25594  0.966693  
0.25178  0.967784  
0.262347  0.964974  
1.39743  2.11748e-14  
0.205656  0.978624  
1.53099  0  
0.240312  0.970696  
0.126431  0.991975  
0.18128  0.983431  
0.194668  0.980869  
0.160665  0.987009  
0.0567042  0.998391  
1.36828  2.36911e-15  
0.100801  0.994907  
1.10213  3.22389e-06  
0.301114  0.953588  
0.271425  0.96246  
0.0648457  0.997895  
0.0772095  0.997015  
0.203372  0.979102  
9.60301e-05  1  
0.12185  0.992549  
0.17114  0.985247  
0.283244  0.959048  
0.216643  0.976251  
0.259774  0.965669  
0.248119  0.96873  
0.309004  0.951061  
0.18711  0.982339  
0.141563  0.989929  
0.0499024  0.998754  
0.0889472  0.996036  
1.50141  1.60446e-16  
1.26667  3.70519e-06  
0.0389712  0.99924  
0.023238  0.99973  
0.234012  0.972234  
0.11277  0.993621  
0.275687  0.961247  
0.06143  0.998111  
0.135127  0.990828  
1.41836  4.14891e-06  
0.152756  0.988264  
0.227305  0.973824  
0.219977  0.975505  
0.162998  0.986626  
0.119824  0.992795  
0.295107  0.955464  
0.129668  0.991557  
1.42993  1.00892e-13  
0.176199  0.984355  
0.245371  0.969429  
0.199209  0.979957  
0.189762  0.98183  
0.157585  0.987505  
1.478  1.53315e-06  
1.45638  0  
1.31122  8.55033e-07  
0.0968324  0.995301  
0.030504  0.999535  
0.183211  0.983074  
1.521  9.26856e-17  
0.018827  0.999823  
1.40346  4.3197e-16  
0.122917  0.992417  
0.205499  0.978657  
0.0590299  0.998256  
0.220173  0.975461  
1.35565  6.44315e-12  
1.36785  0  
0.204081  0.978954  
1.17011  1.07469e-08  
0.306575  0.951847  
1.37136  6.18859e-17  
1.39746  8.8684e-18  
1.36147  2.18618e-06  
1.43362  4.54129e-17  
1.40927  3.51722e-16  
1.47432  3.71435e-18  
1.41984  5.77592e-13  
0.271382  0.962472  
0.122912  0.992418  
0.194992  0.980805  
0.112906  0.993606  
0.00432068  0.999991  
0.033974  0.999423  
0.0100372  0.99995  
0.0448719  0.998993  
0.0303353  0.99954  
0.0360141  0.999351  
0.0243321  0.999704  
0.146226  0.989251  
0.0706614  0.9975  
0.0520122  0.998646  
0.172079  0.985083  
0.0655746  0.997848  
0.0479026  0.998852  
0.011837  0.99993  
0.097975  0.995189  
0.026676  0.999644  
0.265588  0.964087  
0.30403  0.952662  
0.0437404  0.999043  
0.178967  0.983855  
0.0329773  0.999456  
0.145222  0.989399  
0.155441  0.987845  
0.236856  0.971545  
0.283236  0.95905  
0.253988  0.967207  
0.222705  0.974886  
0.28616  0.958182  
0.195149  0.980774  
0.163233  0.986587  
0.1008  0.994907  
0.0749323  0.997189  
0.150055  0.988678  
0.292142  0.956375  
0.0176288  0.999845  
0.277253  0.960797  
0.0394483  0.999222  
0.0689496  0.99762  
0.216857  0.976203  
0.112849  0.993612  
1.00131  7.83798e-13  
0.309004  0.951061  
0.125101  0.992144  
0.203389  0.979098  
9.99105e-05  1  
0.135097  0.990832  
0.189669  0.981848  
0.259798  0.965663  
0.152911  0.98824  
0.208632  0.977994  
0.245395  0.969423  
0.298131  0.954525  
0.0889698  0.996034  
0.271428  0.962459  
0.231188  0.972909  
0.171164  0.985243  
0.0592025  0.998246  
0.160365  0.987058  
0.187106  0.98234  
0.050307  0.998734  
0.0906784  0.99588  
0.120147  0.992756  
0.16851  0.9857  
0.0682051  0.997671  
0.251096  0.967962  
0.0819628  0.996635  
0.242516  0.970148  
0.117592  0.993062  
0.107945  0.994157  
0.050307  0.998734  
0.225554  0.974231  
0.139984  0.990154  
0.13009  0.991502  
0.0958745  0.995393  
0.197931  0.980216  
0.214296  0.976769  
0.288768  0.957399  
0.306846  0.951759  
0.184242  0.982881  
0.280288  0.959916  
0.0627227  0.998031  
0.300854  0.95367  
0.176274  0.984341  
0.0840078  0.996465  
0.268382  0.963313  
0.256889  0.966441  
0.239378  0.970927  
0.0567444  0.998389  
0.227988  0.973664  
0.220014  0.975497  
0.20033  0.979729  
0.205558  0.978645  
0.165852  0.986151  
0.0935386  0.995616  
0.180893  0.983503  
0.142319  0.989821  
0.0436351  0.999048  
0.00987488  0.999951  
0.231907  0.972738  
0.0911741  0.995835  
0.0983882  0.995148  
0.0699355  0.997552  
0.115278  0.993333  
0.127383  0.991854  
0.0773517  0.997004  
0.137603  0.990487  
0.0865995  0.996243  
0.155435  0.987846  
0.132521  0.99118  
0.0936544  0.995605  
0.122388  0.992482  
0.0546986  0.998503  
0.160664  0.987009  
0.165855  0.98615  
0.173702  0.984798  
0.105585  0.99441  
0.0266383  0.999645  
0.181756  0.983344  
0.289177  0.957276  
0.211636  0.977349  
0.262702  0.964877  
0.103129  0.994668  
0.277243  0.9608  
0.225553  0.974231  
0.192256  0.981345  
0.304136  0.952629  
0.239651  0.970859  
0.254012  0.967201  
0.195208  0.980762  
0.163269  0.986582  
0.135109  0.990831  
0.178887  0.98387  
0.100788  0.994908  
0.125132  0.99214  
0.292155  0.956371  
0.271046  0.962566  
0.217174  0.976133  
0.214374  0.976752  
0.259798  0.965663  
0.0750531  0.99718  
0.171146  0.985246  
0.203388  0.979098  
0.309015  0.951057  
9.99105e-05  1  
0.14521  0.989401  
0.268513  0.963276  
0.152902  0.988241  
0.168466  0.985707  
0.0889674  0.996035  
0.142676  0.989769  
0.231188  0.972909  
0.245391  0.969424  
0.283245  0.959048  
0.112856  0.993611  
0.0592163  0.998245  
1  6.24459e-16  
0.241982  0.970281  
0.265603  0.964083  
0.0458963  0.998946  
0.187109  0.982339  
0.236837  0.971549  
0.0503525  0.998732  
0.228303  0.97359  
0.1201  0.992762  
0.184425  0.982847  
0.158077  0.987427  
0.251129  0.967954  
0.0682131  0.997671  
0.248245  0.968697  
0.0819709  0.996635  
0.197867  0.980229  
0.108006  0.99415  
0.222758  0.974874  
0.0394665  0.999221  
0.130104  0.9915  
0.0960432  0.995377  
0.206107  0.978529  
0.208876  0.977942  
0.256884  0.966442  
0.139295  0.990251  
0.27438  0.961621  
0.200642  0.979665  
0.14722  0.989104  
0.301129  0.953583  
0.295012  0.955494  
0.286203  0.958169  
0.0636858  0.99797  
0.280239  0.95993  
0.306781  0.95178  
0.176424  0.984314  
0.219959  0.975509  
0.150328  0.988636  
0.298074  0.954543  
0.0178497  0.999841  
0.0329636  0.999457  
0.117734  0.993045  
0.103193  0.994661  
0.110429  0.993884  
0.115297  0.993331  
0.122662  0.992448  
0.127608  0.991825  
0.132602  0.991169  
0.0796574  0.996822  
0.137629  0.990484  
0.0866279  0.996241  
0.147782  0.98902  
0.0936747  0.995603  
0.142682  0.989769  
0.160674  0.987007  
0.0547685  0.998499  
0.165892  0.986144  
0.173782  0.984784  
0.1056  0.994409  
0.155487  0.987838  
0.181749  0.983345  
0.0266587  0.999645  
0.277334  0.960774  
0.289175  0.957276  
0.117743  0.993044  
0.145232  0.989398  
0.239686  0.97085  
0.304136  0.952629  
0.187112  0.982339  
0.0984194  0.995145  
0.254012  0.967201  
0.19521  0.980761  
0.251129  0.967954  
0.100804  0.994906  
0.0889692  0.996034  
0.0750549  0.997179  
0.292155  0.956371  
0.27146  0.96245  
0.217181  0.976131  
0.203388  0.979098  
0.259798  0.965663  
0.309015  0.951057  
0.179089  0.983833  
0.135111  0.99083  
0.211636  0.977349  
1  1.33155e-17  
9.99105e-05  1  
0.125132  0.99214  
0.0960432  0.995377  
0.152915  0.988239  
0.298131  0.954525  
0.0394691  0.999221  
0.171146  0.985246  
0.231185  0.97291  
0.283241  0.959049  
0.219966  0.975507  
0.0592163  0.998245  
0.158077  0.987427  
0.112856  0.993611  
0.0819723  0.996635  
0.245391  0.969424  
0.0503334  0.998732  
0.120197  0.99275  
0.0682161  0.997671  
0.108007  0.99415  
0.140152  0.99013  
0.22556  0.974229  
0.222756  0.974874  
0.130104  0.9915  
0.072765  0.997349  
0.208877  0.977942  
0.200653  0.979662  
0.274375  0.961623  
0.307145  0.951663  
0.262691  0.96488  
0.192502  0.981297  
0.268531  0.963271  
0.236844  0.971548  
0.295137  0.955455  
0.265614  0.964079  
0.184427  0.982846  
0.286199  0.95817  
0.15034  0.988634  
0.280279  0.959918  
0.168511  0.9857  
0.0913185  0.995822  
0.176432  0.984313  
0.197927  0.980217  
0.248255  0.968695  
0.242533  0.970143  
0.234006  0.972235  
0.30113  0.953583  
0.228363  0.973576  
0.214407  0.976744  
0.256899  0.966438  
0.20613  0.978525  
0.0183153  0.999832  
0.16328  0.98658  
0.189803  0.981822  
0.0330337  0.999454  
0.0459669  0.998943  
0.0636389  0.997973  
0.103199  0.994661  
0.110429  0.993884  
0.115297  0.993331  
0.122662  0.992448  
0.0727652  0.997349  
0.127615  0.991824  
0.132602  0.991169  
0.0796574  0.996822  
0.13763  0.990484  
0.142688  0.989768  
0.147782  0.98902  
0.155491  0.987837  
0.0936771  0.995603  
0.160674  0.987008  
0.0547685  0.998499  
0.165892  0.986144  
0.1056  0.994409  
0.181749  0.983345  
0.0866279  0.996241  
0.0266835  0.999644  
0.289175  0.957276  
0.265614  0.964079  
0.2569  0.966438  
0.21164  0.977348  
0.145232  0.989398  
0.125134  0.99214  
0.304137  0.952628  
0.112857  0.993611  
0.277334  0.960774  
0.251131  0.967953  
0.179089  0.983833  
0.0394691  0.999221  
0.27146  0.96245  
0.248257  0.968694  
0.259798  0.965663  
0.16328  0.98658  
0.100804  0.994906  
0.135114  0.99083  
0.298131  0.954525  
0.292155  0.956371  
0.245393  0.969424  
0.152915  0.988239  
0.0889698  0.996034  
0.217181  0.976131  
0.203388  0.979098  
1  3.26748e-18  
9.99105e-05  1  
0.22556  0.974229  
0.197927  0.980217  
0.239686  0.97085  
0.195212  0.980761  
0.171146  0.985246  
0.168515  0.985699  
0.231185  0.97291  
0.254012  0.967201  
0.075056  0.997179  
0.234011  0.972234  
0.187112  0.982339  
0.0592163  0.998245  
0.176432  0.984313  
0.0503544  0.998731  
0.120198  0.99275  
0.158078  0.987427  
0.184427  0.982846  
0.0682161  0.997671  
0.108007  0.99415  
0.150345  0.988634  
0.140153  0.99013  
0.130106  0.9915  
0.0819733  0.996635  
0.0960442  0.995377  
0.0984194  0.995145  
0.208878  0.977942  
0.236844  0.971548  
0.200653  0.979662  
0.307147  0.951662  
0.192502  0.981297  
0.0459669  0.998943  
0.30113  0.953583  
0.222756  0.974874  
0.295137  0.955455  
0.173784  0.984784  
0.286205  0.958169  
0.2627  0.964878  
0.280284  0.959917  
0.0913185  0.995822  
0.274395  0.961617  
0.268531  0.963271  
0.242535  0.970143  
0.228368  0.973575  
0.0636978  0.997969  
0.309016  0.951057  
0.219967  0.975507  
0.214407  0.976744  
0.283243  0.959048  
0.20613  0.978525  
0.0183264  0.999832  
0.117743  0.993044  
0.189803  0.981822  
0.0330363  0.999454  
0.0984209  0.995145  
0.103199  0.994661  
0.11043  0.993884  
0.115297  0.993331  
0.122662  0.992448  
0.0727665  0.997349  
0.0913197  0.995822  
0.132604  0.991169  
0.0796574  0.996822  
0.13763  0.990484  
0.0866296  0.996241  
0.0936778  0.995603  
0.160674  0.987008  
0.155491  0.987837  
0.0547685  0.998499  
0.165892  0.986144  
0.173784  0.984784  
0.1056  0.994409  
0.181755  0.983344  
0.0266835  0.999644  
0.277334  0.960774  
0.289176  0.957276  
0.265613  0.96408  
0.197928  0.980217  
0.21164  0.977348  
0.145232  0.989398  
0.22556  0.974229  
0.200653  0.979662  
0.254012  0.967201  
0.176432  0.984313  
0.17909  0.983833  
0.100805  0.994906  
0.158078  0.987427  
0.125135  0.99214  
0.0503544  0.998731  
0.292155  0.956371  
0.309016  0.951057  
0.0819733  0.996635  
0.0394691  0.999221  
0.259798  0.965663  
0.27146  0.96245  
0.0889702  0.996034  
0.203388  0.979098  
0.0592173  0.998245  
0.075056  0.997179  
9.99105e-05  1  
0.217183  0.976131  
0.298131  0.954525  
0.120198  0.99275  
0.135114  0.99083  
0.307149  0.951662  
0.195212  0.980761  
0.222758  0.974874  
0.283243  0.959048  
0.127616  0.991824  
0.304137  0.952628  
0.112858  0.993611  
0.171146  0.985246  
0.245393  0.969424  
0.152915  0.988239  
0.187112  0.982339  
0.251131  0.967953  
0.0682161  0.997671  
0.140153  0.99013  
0.236844  0.971548  
0.242535  0.970143  
0.10801  0.99415  
0.228368  0.973575  
0.130106  0.9915  
0.142688  0.989768  
0.208881  0.977941  
0.239686  0.97085  
0.192502  0.981297  
0.231185  0.97291  
0.219967  0.975507  
1  1.99019e-18  
0.30113  0.953583  
0.147785  0.98902  
0.295137  0.955455  
0.184428  0.982846  
0.286205  0.958169  
0.280286  0.959917  
0.274395  0.961617  
0.0960447  0.995377  
0.268531  0.963271  
0.0636978  0.997969  
0.168515  0.985699  
0.262701  0.964877  
0.2569  0.966438  
0.248258  0.968694  
0.150345  0.988634  
0.234011  0.972234  
0.214407  0.976744  
0.0183264  0.999832  
0.20613  0.978525  
0.117743  0.993044  
0.16328  0.98658  
0.189803  0.981822  
0.0330376  0.999454  
0.0459758  0.998943  
0.0913197  0.995822  
0.0984209  0.995145  
0.103199  0.994661  
0.115297  0.993331  
0.122662  0.992448  
0.0727677  0.997349  
0.127616  0.991824  
0.132604  0.991169  
0.0796594  0.996822  
0.13763  0.990484  
0.142689  0.989768  
0.147785  0.98902  
0.155492  0.987837  
0.0936778  0.995603  
0.160674  0.987008  
0.0547685  0.998499  
0.165892  0.986144  
0.0866296  0.996241  
0.105601  0.994409  
0.181755  0.983344  
0.0266835  0.999644  
0.265614  0.964079  
0.197928  0.980217  
0.21164  0.977348  
0.277336  0.960773  
0.145232  0.989398  
0.242535  0.970143  
0.304137  0.952628  
0.173785  0.984784  
0.17909  0.983833  
0.195212  0.980761  
0.16328  0.98658  
0.100805  0.994906  
0.2569  0.966438  
0.075056  0.997179  
0.289176  0.957276  
0.0394691  0.999221  
0.27146  0.96245  
0.135114  0.99083  
0.298131  0.954525  
0.309016  0.951057  
0.203388  0.979098  
0.22556  0.974229  
0.184429  0.982846  
0.112858  0.993611  
0.239686  0.97085  
0.245393  0.969424  
0.262701  0.964877  
1  1.99019e-18  
0.292155  0.956371  
9.99105e-05  1  
0.274395  0.961617  
0.0889702  0.996034  
0.0330376  0.999454  
0.259798  0.965663  
0.150345  0.988634  
0.231186  0.972909  
0.0592173  0.998245  
0.283243  0.959048  
0.217183  0.976131  
0.187112  0.982339  
0.171146  0.985246  
0.152915  0.988239  
0.0503545  0.998731  
0.108011  0.99415  
0.120198  0.99275  
0.158078  0.987427  
0.251131  0.967953  
0.0682168  0.997671  
0.0819733  0.996635  
0.0459761  0.998943  
0.236845  0.971548  
0.140155  0.99013  
0.11043  0.993884  
0.222759  0.974873  
0.234011  0.972234  
0.130106  0.9915  
0.0960447  0.995377  
0.286205  0.958169  
0.208881  0.977941  
0.200653  0.979662  
0.307149  0.951662  
0.192502  0.981297  
0.30113  0.953583  
0.248258  0.968694  
0.29514  0.955454  
0.280286  0.959917  
0.176432  0.984313  
0.0636984  0.997969  
0.254012  0.967201  
0.268532  0.963271  
0.168515  0.985699  
0.20613  0.978525  
0.228369  0.973575  
0.219967  0.975507  
0.125135  0.99214  
0.214407  0.976744  
0.0183264  0.999832  
0.117743  0.993044  
0.189803  0.981822  
0.0913197  0.995822  
0.0984209  0.995145  
0.103199  0.994661  
0.115297  0.993331  
0.122662  0.992448  
0.0727677  0.997349  
0.127616  0.991824  
0.132605  0.991169  
0.13763  0.990484  
0.142689  0.989768  
0.147785  0.98902  
0.155492  0.987837  
0.0936778  0.995603  
0.0866296  0.996241  
0.160675  0.987007  
0.165892  0.986144  
0.105601  0.994409  
0.181755  0.983344  
0.289176  0.957276  
0.150345  0.988634  
0.21164  0.977348  
0.17909  0.983833  
0.0266839  0.999644  
0.0796594  0.996822  
0.0503551  0.998731  
0.145232  0.989398  
1  1.99019e-18  
0.16328  0.98658  
0.100805  0.994906  
0.268532  0.963271  
0.075056  0.997179  
0.0889703  0.996034  
0.0547685  0.998499  
0.292155  0.956371  
0.125135  0.99214  
0.0394691  0.999221  
0.27146  0.96245  
0.217183  0.976131  
0.259798  0.965663  
0.231186  0.972909  
0.309016  0.951057  
0.152915  0.988239  
0.0682168  0.997671  
0.135113  0.99083  
0.173785  0.984784  
0.277336  0.960773  
0.254012  0.967201  
0.0592173  0.998245  
0.203388  0.979098  
9.99105e-05  1  
0.304137  0.952628  
0.171146  0.985246  
0.158078  0.987427  
0.283243  0.959048  
0.30113  0.953583  
0.22556  0.974229  
0.214407  0.976744  
0.11286  0.993611  
0.239686  0.97085  
0.189803  0.981822  
0.298133  0.954524  
0.245393  0.969424  
0.187112  0.982339  
0.096045  0.995377  
0.120198  0.99275  
0.251131  0.967953  
0.0819738  0.996634  
0.236845  0.971548  
0.286206  0.958168  
0.108011  0.99415  
0.140155  0.99013  
0.222759  0.974873  
0.130106  0.9915  
0.208881  0.977941  
0.200653  0.979662  
0.30715  0.951661  
0.20613  0.978525  
0.192502  0.981297  
0.168515  0.985699  
0.110431  0.993884  
0.29514  0.955454  
0.242535  0.970143  
0.184429  0.982846  
0.195212  0.980761  
0.280286  0.959917  
0.176433  0.984313  
0.274395  0.961617  
0.197928  0.980217  
0.262701  0.964877  
0.0183268  0.999832  
0.2569  0.966438  
0.265614  0.964079  
0.248258  0.968694  
0.234011  0.972234  
0.228369  0.973575  
0.219967  0.975507  
0.117743  0.993044  
0.033039  0.999454  
0.0636989  0.997969  
0.0459763  0.998943  
0.0913197  0.995822  
0.0984209  0.995145  
0.115297  0.993331  
0.122662  0.992448  
0.0727677  0.997349  
0.127616  0.991824  
0.132605  0.991169  
0.0796594  0.996822  
0.13763  0.990484  
0.142689  0.989768  
0.0866296  0.996241  
0.147785  0.98902  
0.103199  0.994661  
0.155492  0.987837  
0.0936778  0.995603  
0.160675  0.987007  
0.0547696  0.998499  
0.165893  0.986144  
0.173785  0.984784  
0.105601  0.994409  
0.181755  0.983344  
0.21164  0.977348  
0.145232  0.989398  
0.301131  0.953583  
0.304137  0.952628  
0.17909  0.983833  
0.2569  0.966438  
0.265614  0.96408  
0.239686  0.97085  
0.200653  0.979662  
0.16328  0.98658  
0.0750562  0.997179  
0.22556  0.974229  
0.214407  0.976744  
0.0394697  0.999221  
0.292155  0.956371  
0.0266839  0.999644  
0.259798  0.965663  
0.110431  0.993884  
0.217183  0.976131  
0.203388  0.979098  
0.11286  0.993611  
0.245393  0.969424  
0.135113  0.99083  
0.309016  0.951057  
0.277336  0.960773  
0.189803  0.981822  
0.298133  0.954524  
0.187112  0.982339  
1  1.99019e-18  
0.100805  0.994906  
0.195212  0.980761  
0.0889703  0.996034  
0.125135  0.99214  
0.171146  0.985246  
0.0592173  0.998245  
0.27146  0.96245  
0.231186  0.972909  
9.99105e-05  1  
0.283243  0.959048  
0.152915  0.988239  
0.262701  0.964877  
0.0503551  0.998731  
0.150345  0.988634  
0.120198  0.99275  
0.274395  0.961617  
0.15808  0.987426  
0.096045  0.995377  
0.251131  0.967953  
0.0682168  0.997671  
0.0819738  0.996634  
0.108011  0.99415  
0.140155  0.99013  
0.29514  0.955454  
0.22276  0.974873  
0.130106  0.9915  
0.208881  0.977941  
0.30715  0.951661  
0.192502  0.981297  
0.184429  0.982846  
0.289177  0.957276  
0.286206  0.958168  
0.254012  0.967201  
0.176433  0.984313  
0.280286  0.959917  
0.168515  0.985699  
0.268533  0.96327  
0.248258  0.968694  
0.242535  0.970143  
0.234011  0.972234  
0.228369  0.973575  
0.219967  0.975507  
0.20613  0.978525  
0.0183268  0.999832  
0.117743  0.993044  
0.197928  0.980217  
0.033039  0.999454  
0.236845  0.971548  
0.0636989  0.997969  
0.0459763  0.998943  
0.0913197  0.995822  
0.0984209  0.995145  
0.103199  0.994661  
0.110431  0.993884  
0.115297  0.993331  
0.122662  0.992448  
0.0727677  0.997349  
0.127616  0.991824  
0.132605  0.991169  
0.0796594  0.996822  
0.13763  0.990484  
0.0866296  0.996241  
0.147785  0.98902  
0.0936778  0.995603  
0.160675  0.987007  
0.105601  0.994409  
0.181755  0.983344  
0.0266839  0.999644  
0.096045  0.995377  
0.21164  0.977348  
0.171146  0.985246  
0.277336  0.960773  
0.22556  0.974229  
0.239686  0.97085  
0.0750562  0.997179  
0.0547696  0.998499  
0.16328  0.98658  
0.100805  0.994906  
0.125135  0.99214  
0.140155  0.99013  
0.254012  0.967201  
0.231186  0.972909  
0.292155  0.956371  
0.0889703  0.996034  
0.27146  0.96245  
0.145232  0.989398  
0.192503  0.981296  
0.217183  0.976131  
0.135113  0.99083  
0.301131  0.953583  
0.259798  0.965663  
0.203388  0.979098  
0.289177  0.957276  
0.187112  0.982339  
0.309016  0.951057  
0.173785  0.984784  
0.29514  0.955454  
0.265614  0.96408  
0.242535  0.970143  
1  1.99019e-18  
9.99105e-05  1  
0.245393  0.969424  
0.283243  0.959048  
0.262701  0.964877  
0.11286  0.993611  
0.236845  0.971548  
0.304137  0.952628  
0.195212  0.980761  
0.0682168  0.997671  
0.152915  0.988239  
0.298133  0.954524  
0.251131  0.967953  
0.0503551  0.998731  
0.165893  0.986144  
0.120198  0.99275  
0.15808  0.987426  
0.176433  0.984313  
0.200653  0.979662  
0.155492  0.987837  
0.0819738  0.996634  
0.130106  0.9915  
0.108011  0.99415  
0.22276  0.974873  
0.208881  0.977941  
0.17909  0.983833  
0.30715  0.951661  
0.184429  0.982846  
0.286206  0.958168  
0.280286  0.959917  
0.0394697  0.999221  
0.0183268  0.999832  
0.14269  0.989767  
0.274395  0.961617  
0.268533  0.96327  
0.168515  0.985699  
0.0636989  0.997969  
0.2569  0.966438  
0.248258  0.968694  
0.197928  0.980217  
0.150345  0.988634  
0.189803  0.981822  
0.234011  0.972234  
0.228369  0.973575  
0.219967  0.975507  
0.0592173  0.998245  
0.214407  0.976744  
0.20613  0.978525  
0.117743  0.993044  
0.033039  0.999454  
0.0459763  0.998943  
