1.55656  2.84004  
1.96169  1.93173  
1.5022  2.83941  
1.31731  2.99852  
1.4499  2.81876  
1.53663  2.45572  
1.29833  2.80854  
1.18726  3.35009  
1.45507  2.55081  
1.23317  3.30847  
1.3562  2.93239  
1.43536  2.68741  
1.72923  2.32385  
1.85827  2.22631  
1.91843  1.99836  
1.56822  2.38349  
0.949234  4.11308  
1.27796  3.05361  
1.62061  2.40016  
0.847953  3.72397  
1.0692  3.21605  
1.3745  3.48142  
1.69349  2.49825  
1.40998  2.52039  
1.27155  3.02491  
2.04193  1.33666  
0.919744  3.90459  
1.57108  2.47351  
1.6948  2.37202  
1.2768  3.13839  
1.31752  2.73563  
1.0889  3.40868  
1.10112  3.14384  
2.11958  1.2212  
1.39259  2.91689  
1.67742  2.58359  
1.54174  2.89184  
1.33521  3.05776  
1.12675  3.08181  
1.26662  2.87731  
1.31982  3.10838  
1.97848  1.58476  
1.16577  3.24779  
1.83995  2.02817  
1.71837  2.24267  
1.78698  2.03437  
2.06925  1.95695  
1.64189  2.63909  
1.58568  2.49357  
2.15538  1.47484  
1.3655  2.87208  
2.19053  1.13426  
1.73468  2.10052  
1.43575  2.91704  
1.79626  2.05082  
1.38413  3.04484  
1.94727  1.51406  
1.56814  2.676  
1.75654  2.22505  
1.6062  2.52166  
1.29648  3.16765  
2.0629  1.30072  
1.48544  3.05141  
1.3002  2.77129  
1.69971  2.33737  
1.11376  3.31557  
1.49851  2.45405  
1.22521  2.96444  
1.59973  2.57241  
1.7921  2.24905  
1.54775  2.48014  
1.82255  1.79303  
1.81929  1.84032  
1.47249  2.69961  
2.2161  1.39398  
1.87606  1.96182  
1.75403  1.79552  
1.63702  2.55012  
1.27129  2.84928  
1.3083  3.36503  
1.04712  3.49207  
0.982303  3.50923  
1.75297  2.28898  
1.18453  3.24519  
1.29016  2.79897  
2.09898  1.35917  
1.56383  2.32989  
1.71064  2.1783  
1.53289  2.62568  
1.55111  2.44023  
1.52958  2.5826  
1.44092  3.01188  
0.761925  4.17498  
1.82157  2.10654  
1.94209  1.92608  
1.62487  2.13674  
1.98539  1.74204  
1.61354  2.39631  
1.8372  2.34344  
1.67579  2.33969  
1.58179  2.29308  
1.17335  3.01226  
1.12086  3.18838  
1.53639  2.41443  
0.94065  3.77294  
1.90951  1.93196  
1.95849  1.85313  
1.82671  2.17829  
1.52567  2.58198  
1.86536  1.84669  
1.03608  3.72183  
1.10506  3.5387  
1.60602  2.40408  
1.16754  3.22249  
1.02226  3.72273  
1.90326  1.83248  
1.72578  2.16927  
1.34339  2.96748  
1.10891  3.34746  
0.727336  3.76018  
1.70474  1.79293  
0.872646  3.5431  
2.23006  0.860645  
2.06563  1.09457  
1.57754  1.78264  
1.52745  1.90209  
1.88668  1.35747  
1.31803  2.21649  
1.83307  1.32209  
0.422242  4.40452  
1.15473  2.61051  
1.07599  2.93196  
2.01088  1.04643  
0.912564  3.13237  
0.629559  3.68649  
1.71136  1.37206  
1.90726  1.53615  
2.19253  0.193302  
1.50844  2.18003  
0.583526  3.8742  
1.0905  2.6422  
1.4492  2.11403  
0.231368  4.22899  
1.16068  2.19798  
2.08017  0.683752  
0.457125  4.07723  
1.48082  1.81099  
1.01485  3.13739  
2.42698  0.641647  
1.16034  2.85058  
1.97824  1.10481  
1.59962  1.64282  
0.828759  3.21334  
1.52091  2.6606  
1.49634  2.5288  
2.03788  0.944777  
1.91156  1.77799  
1.6618  1.60776  
1.00622  2.94593  
2.37533  0.844871  
0.493486  4.27213  
1.31565  2.89591  
1.26195  2.76285  
2.37905  0.469429  
2.30196  0.967457  
1.83478  1.78222  
1.84945  1.68809  
0.854834  3.60628  
1.86886  1.60731  
1.00289  3.44926  
1.01579  3.0685  
0.71765  4.10424  
1.01915  3.50857  
1.77707  1.78141  
1.24323  2.80371  
0.994206  3.51043  
0.976423  3.53361  
0.540012  4.40195  
2.46207  0.616753  
2.35531  0.930522  
1.40531  2.35442  
1.95688  1.43286  
1.03775  3.11368  
2.15226  1.88996  
2.23338  0.970657  
0.971722  3.58251  
1.78091  1.78454  
1.58815  2.15322  
0.516647  3.7509  
0.968883  3.58939  
1.81158  1.80472  
1.17416  2.98861  
2.17371  1.26503  
0.613309  4.29097  
1.75385  1.85868  
1.37039  2.74184  
1.29429  2.96483  
1.75328  2.08688  
0.744861  4.15244  
2.34606  1.08268  
2.18359  0.867446  
1.0217  2.99334  
2.11815  1.15812  
1.4895  1.93742  
0.896906  3.13525  
1.70735  1.51411  
1.19982  2.36283  
2.38497  0.473562  
0.570836  3.78565  
2.212  0.614645  
1.67059  1.50709  
1.61404  1.64672  
1.37126  2.02113  
1.32525  2.18443  
2.22283  0.455259  
0.484334  4.20514  
1.71156  1.46401  
1.83133  1.25049  
1.16592  2.55644  
1.38355  1.88209  
1.28749  2.22227  
1.66182  1.28921  
1.72109  1.21093  
1.34247  2.09501  
1.15722  2.21956  
0.227772  4.18578  
2.1587  0.497449  
1.63419  1.05888  
1.17712  2.28062  
1.9927  0.685321  
1.34358  1.7811  
1.86446  1.39325  
0.399458  3.96697  
0.436166  3.87279  
0.392907  3.91372  
1.53544  1.48576  
1.01902  2.4042  
1.4866  1.4936  
1.9217  0.778557  
2.02427  0.6389  
0.864669  2.96456  
1.61071  1.2033  
0.559957  3.52219  
1.38332  1.53706  
1.53974  1.3574  
1.92337  0.947818  
1.09368  1.98338  
0.884038  2.4993  
1.22518  2.11346  
2.07231  0.075543  
0.134773  4.13253  
0.47241  3.57607  
0.570958  3.28098  
0.838804  2.80711  
1.76656  0.887379  
1.55866  1.61858  
1.9463  0.697076  
2.04453  0.745881  
2.14419  0.414085  
1.56419  1.31485  
2.0831  1.06959  
1.89356  0.874326  
0.469856  3.86493  
1.90158  0.834349  
0.347409  3.96272  
2.27308  0.389484  
1.02465  2.34174  
0.664844  2.9421  
0.750446  3.06079  
1.42729  1.62809  
0.642005  3.47903  
1.79796  0.987114  
0.995979  2.85031  
0.514996  3.75197  
1.25703  1.80158  
1.01372  2.64913  
1.53044  1.65129  
0.851477  2.87008  
1.36962  1.82051  
1.93013  0.917241  
1.64746  1.50853  
1.06735  2.5716  
1.63038  1.4424  
1.28718  2.07859  
0.936225  2.83368  
1.8269  0.978847  
1.79127  1.10533  
1.13503  2.54591  
1.14192  2.53418  
0.847215  3.03578  
0.634278  3.73061  
0.417352  4.25494  
2.24527  0.415904  
1.75875  1.25994  
0.786041  3.18796  
0.70617  3.63977  
1.43577  1.78674  
0.519528  3.76915  
1.37394  1.93785  
0.764168  3.24908  
0.860235  2.6974  
1.53363  1.28657  
0.314554  4.03452  
2.19337  0.205789  
1.55497  1.22229  
1.07993  2.09981  
0.623765  3.03572  
0.303947  3.98812  
1.09205  2.08211  
1.64968  1.00223  
1.48658  1.29426  
1.16544  1.89828  
1.04232  2.18498  
1.2889  1.65243  
0.920247  2.40577  
2.0015  0.498585  
2.08151  0.324695  
0.416326  3.58449  
1.12321  1.99692  
1.478  1.28565  
1.09469  2.02953  
1.2209  1.77283  
0.396017  3.44867  
0.205929  4.06595  
0.525924  3.19646  
0.67685  2.84052  
1.30409  1.62203  
0.312105  3.62438  
1.68817  0.831271  
1.8082  0.591918  
1.41389  1.39491  
1.6669  0.877152  
1.21254  1.78595  
1.97183  0.296721  
1.42676  1.32291  
0.637818  2.98656  
1.06186  2.11038  
0.169746  3.91785  
0.8495  2.33656  
1.34767  1.35175  
0.556514  2.91608  
0.797997  2.68865  
1.10564  2.02103  
1.56115  0.911134  
1.54957  1.12001  
0.0246194  4.02372  
1.83433  0.538874  
0.997123  2.05122  
1.49055  1.24497  
0.466154  3.34808  
0.444353  3.1836  
0.716354  2.62517  
1.9146  0.383368  
0.347655  3.51176  
1.55629  1.16753  
1.24652  1.56633  
0.316747  3.76796  
1.11945  1.80447  
0.832071  2.56581  
0.967526  2.29639  
1.8787  0.470304  
0.951835  2.33232  
1.77311  0.682555  
0.239419  3.75858  
1.53568  1.1904  
2.01495  0.0178147  
1.7305  0.742833  
0.950206  2.31143  
0.425482  3.36255  
0.274506  3.74608  
0.806832  2.61238  
1.18534  1.86417  
1.45968  1.3227  
0.983524  2.27846  
1.11071  2.00465  
0.701771  2.82953  
1.66785  0.89127  
1.76156  0.732202  
2.04424  0.411541  
1.8995  0.58076  
0.551284  3.16117  
0.970113  2.29458  
1.68053  0.863923  
1.4701  1.31358  
0.97756  2.28927  
0.316146  3.61347  
0.823887  2.60581  
1.7267  0.821273  
1.10174  2.02692  
1.76509  0.738983  
1.08284  2.11789  
1.55812  1.11656  
1.5043  1.2395  
2.12071  0.128041  
1.19244  1.83246  
0.684549  2.8863  
0.850968  2.53424  
1.59597  1.05262  
0.615884  3.04879  
1.50919  1.24294  
1.49175  1.12107  
0.687898  2.75014  
0.154102  3.94646  
1.10314  1.89423  
0.813843  2.47743  
1.84133  0.545508  
1.35805  1.39573  
1.57385  0.978102  
1.2814  1.53143  
0.449747  3.21581  
0.747275  2.61366  
1.8973  0.367046  
0.245903  3.63577  
1.46099  1.18058  
0.92342  2.25424  
1.67578  0.745939  
1.1733  1.73791  
0.0794165  4.07864  
1.04478  1.92416  
0.168416  3.76886  
0.222589  3.65943  
1.48856  1.05881  
1.94799  0.211898  
1.85292  0.391994  
1.01491  1.98708  
0.63284  2.74848  
1.26292  1.48861  
0.918741  2.17774  
0.33221  3.35705  
0.937498  2.14298  
1.39099  1.23888  
1.14575  1.71827  
1.71279  0.608201  
0.109929  3.89297  
0.00547129  4.00343  
1.07839  1.85144  
0.850693  2.31516  
1.56558  0.877264  
0.374639  3.2594  
0.797825  2.41659  
1.9684  0.199235  
2.00437  0.00551719  
1.29235  1.42904  
1.00612  2.08071  
1.89124  0.329422  
0.562794  2.88228  
0.89681  2.22015  
1.4523  1.11928  
0.283634  3.44595  
0.109219  3.89913  
0.757475  2.4945  
1.13752  1.73736  
0.8591  2.29022  
0.831606  2.34348  
1.20516  1.59879  
1.76682  0.478593  
0.492192  3.02444  
0.425897  3.15814  
1.99738  0.160068  
1.32657  1.35587  
0.955043  2.09662  
0.692537  2.62273  
1.92342  0.267113  
1.65601  0.702117  
0.567477  2.9035  
1.90358  0.284353  
1.62176  0.854131  
0.533913  2.94842  
1.1137  1.79498  
0.731145  2.54773  
1.65593  0.831427  
0.1542  3.81161  
0.595979  2.82532  
0.768835  2.4757  
1.64687  0.730551  
0.984492  2.04245  
0.251871  3.59653  
0.137669  3.8829  
0.193098  3.7261  
1.98647  0.177758  
1.52667  1.04525  
1.06741  1.8822  
1.10028  1.81803  
0.688854  2.73087  
0.140354  3.85868  
1.27975  1.45689  
0.816952  2.38643  
1.7292  0.689481  
0.866002  2.2854  
1.43468  1.22826  
0.242982  3.6295  
1.9389  0.257411  
0.747697  2.53944  
1.94765  0.24451  
0.131407  3.8924  
0.329944  3.43916  
0.972837  2.06945  
0.852849  2.31485  
1.01228  2.01882  
2.06857  0.0890762  
0.505992  2.98853  
1.30434  1.39169  
1.4227  1.15491  
1.57043  0.859516  
1.45562  1.08918  
0.343754  3.31291  
1.79713  0.406178  
0.633611  2.73329  
1.68712  0.626207  
1.85645  0.28748  
1.39262  1.21516  
0.932672  2.135  
0.233904  3.53276  
0.198197  3.60409  
0.169134  3.6624  
1.15114  1.69813  
0.132159  3.73676  
0.570268  2.85994  
1.71407  0.572299  
1.82596  0.348537  
0.109601  3.78133  
1.01359  1.97328  
0.617178  2.76605  
0.21969  3.56112  
1.1351  1.73023  
1.83989  0.320589  
1.49694  1.00652  
1.93389  0.132611  
0.903216  2.19407  
1.3787  1.24307  
1.75773  0.485067  
0.870443  2.25962  
1.25985  1.48072  
1.91852  0.163391  
0.0712118  3.85815  
0.357506  3.2855  
1.70052  0.599429  
0.422363  3.15573  
1.61606  0.768242  
0.850673  2.29917  
1.52468  0.951031  
0.705272  2.59001  
1.78476  0.430871  
1.55531  0.889699  
1.07519  1.84994  
0.789986  2.42048  
0.485844  3.02865  
1.89212  0.21617  
0.52095  2.95868  
0.885236  2.22991  
1.99956  0.00151417  
0.551722  2.8969  
0.918756  2.16291  
1.31907  1.36219  
0.753619  2.49322  
1.67142  0.657608  
0.0010042  3.99901  
0.147212  3.70607  
1.72961  0.541178  
1.43885  1.12266  
0.820476  2.35943  
0.287812  3.42476  
0.683722  2.63305  
1.58433  0.831721  
1.94819  0.104029  
1.19631  1.60775  
0.952067  2.09629  
1.81187  0.37665  
0.183795  3.63291  
0.721649  2.55712  
1.22645  1.5475  
1.40932  1.1818  
1.36158  1.27725  
1.34737  1.30562  
1.46884  1.06267  
0.32416  3.35223  
0.651787  2.69681  
0.979096  2.04232  
1.16723  1.66596  
1.97354  0.0534187  
1.05907  1.8823  
1.60067  0.798959  
1.64331  0.713742  
1.289  1.42231  
0.454356  3.09174  
1.04149  1.91734  
0.0397663  3.9212  
1.8675  0.265425  
0.587456  2.82544  
0.303882  3.3927  
0.255437  3.48971  
1.10284  1.7947  
0.390612  3.21917  
1.74494  0.51058  
0.774593  2.45118  
1.24099  1.51845  
0.996479  2.00734  
0.0867377  3.82706  
0.0245082  3.9521  
1.5406  0.91922  
1.7996  0.400888  
0.610383  2.77934  
0.932516  2.13507  
1.74245  0.515204  
0.376961  3.24618  
0.343852  3.31242  
1.39234  1.21542  
1.18301  1.63409  
1.71409  0.571908  
1.57291  0.854269  
0.275745  3.44859  
0.575462  2.84918  
1.54286  0.914365  
1.88118  0.237755  
0.233686  3.53271  
0.205084  3.58992  
0.3033  3.39348  
0.161411  3.67726  
0.0161369  3.96785  
0.124211  3.75167  
0.0863107  3.82748  
0.183374  3.63336  
0.627284  2.74551  
1.26013  1.47982  
0.75328  2.49354  
0.219423  3.56123  
1.11811  1.76385  
1.99972  0.000683406  
1.93364  0.132819  
1.31883  1.36241  
0.527882  2.94433  
1.83983  0.320415  
1.3789  1.24228  
0.655709  2.68866  
1.13459  1.7309  
0.0709428  3.8582  
0.789694  2.42069  
0.497469  3.00517  
1.01046  1.97917  
0.466527  3.06706  
0.42868  3.14272  
0.820478  2.35913  
0.557814  2.88446  
1.04138  1.91731  
1.99966  0.000801542  
1.15091  1.69827  
0.000605204  3.9989  
0.109136  3.78185  
1.4682  1.06368  
1.72959  0.540885  
1.5576  0.884857  
1.0722  1.85568  
1.49983  1.0004  
1.78484  0.430388  
1.8945  0.211085  
1.97344  0.0532348  
0.688893  2.62229  
0.884764  2.23058  
0.774231  2.45162  
0.289232  3.42162  
1.43906  1.12194  
1.94846  0.103183  
1.19863  1.60281  
1.61597  0.768143  
1.67429  0.651498  
0.146636  3.70685  
0.357205  3.28569  
0.850367  2.29934  
1.85385  0.292377  
0.946529  2.10704  
1.16722  1.66564  
1.64409  0.711905  
1.92076  0.158596  
0.592933  2.81423  
0.390171  3.21976  
1.58736  0.825371  
1.86755  0.264976  
1.40922  1.18163  
0.978828  2.04245  
1.81179  0.376496  
1.75764  0.484809  
1.22605  1.54798  
1.34733  1.30544  
1.52769  0.944695  
1.10141  1.79728  
0.254879  3.49034  
1.70088  0.598332  
0.409465  3.18118  
0.0397842  3.92053  
0.323696  3.35269  
1.28978  1.42052  
0.72134  2.55741  
0.913621  2.17284  
0.447725  3.10464  
1.2413  1.51748  
1.48414  1.03181  
0.865215  2.26965  
1.66058  0.678922  
1.36136  1.27736  
1.82586  0.348364  
1.4227  1.15464  
1.77018  0.459669  
1.24515  1.50972  
1.74253  0.514967  
0.370382  3.25927  
0.932556  2.13492  
0.34385  3.31233  
1.71415  0.571727  
1.3924  1.21523  
1.57277  0.854476  
0.303287  3.39346  
0.275781  3.44848  
1.21446  1.57112  
1.88119  0.23764  
1.54291  0.914211  
0.575469  2.84909  
0.233687  3.53266  
1.18306  1.63392  
0.197897  3.60424  
0.161421  3.6772  
1.15088  1.69827  
0.124222  3.75158  
0.183396  3.63324  
1.81168  0.37667  
1.46826  1.06351  
0.789727  2.42058  
0.621724  2.75659  
0.497501  3.00503  
1.01046  1.97911  
0.109107  3.78182  
0.75333  2.49337  
0.14664  3.70675  
0.219462  3.56111  
1.40925  1.18154  
1.84001  0.320015  
1.72958  0.540874  
1.49991  1.00022  
1.13466  1.73071  
1.61601  0.768008  
1.94853  0.102982  
1.85392  0.292198  
0.428728  3.14258  
0.0398129  3.92041  
1.31899  1.36205  
1.37875  1.24253  
1.43905  1.12193  
0.527853  2.94432  
1.07204  1.85595  
0.592925  2.81418  
1.55768  0.884668  
1.9997  0.000623922  
1.19888  1.60228  
1.34739  1.30526  
1.2602  1.47964  
0.289548  3.42094  
1.10144  1.79716  
0.000577081  3.99888  
1.93585  0.128329  
0.357184  3.28567  
0.82038  2.35927  
1.82592  0.348212  
0.946648  2.10674  
0.55772  2.88459  
0.0709294  3.85819  
1.67428  0.651459  
1.78498  0.430076  
1.89452  0.210997  
0.884744  2.23054  
0.688812  2.62241  
1.16711  1.66582  
1.48429  1.03145  
1.64413  0.711768  
1.9208  0.158435  
0.390063  3.2199  
1.58738  0.825266  
1.86758  0.264882  
1.66061  0.678805  
0.978837  2.04235  
1.75764  0.484752  
1.23003  1.53997  
0.254859  3.49031  
0.323762  3.35251  
0.466505  3.06702  
1.52777  0.944494  
0.0240563  3.95192  
0.655592  2.68884  
1.70097  0.598096  
1.9735  0.0530512  
0.850431  2.29917  
1.04144  1.91714  
1.28987  1.4203  
0.721356  2.55732  
0.447761  3.10451  
0.913602  2.17283  
0.409441  3.18116  
0.774245  2.45154  
0.87016  2.25971  
1.11809  1.76383  
1.36138  1.27727  
0.086308  3.82742  
1.42259  1.15483  
0.610376  2.77927  
1.74252  0.514979  
1.24517  1.50969  
0.370408  3.2592  
1.57272  0.85458  
0.93255  2.13492  
0.337165  3.32569  
1.71415  0.571721  
0.30328  3.39346  
0.575454  2.8491  
1.39237  1.21527  
0.275771  3.44847  
1.88119  0.237636  
0.233716  3.53259  
1.18303  1.63397  
0.197892  3.60423  
1.5429  0.914206  
0.161428  3.67716  
0.124219  3.75158  
1.15098  1.69805  
0.497491  3.00503  
0.183397  3.63322  
0.884757  2.2305  
1.66067  0.678682  
1.01046  1.9791  
0.357172  3.28567  
0.109117  3.78178  
1.72969  0.540631  
0.753326  2.49336  
0.219443  3.56113  
1.9337  0.132611  
0.0709264  3.85816  
1.13466  1.7307  
1.61602  0.767982  
0.428721  3.14257  
0.557875  2.88426  
1.55789  0.884233  
1.2602  1.47961  
1.97347  0.0530825  
1.46828  1.06345  
1.31896  1.3621  
0.0863163  3.82739  
0.000615703  3.99878  
1.11814  1.76374  
1.67428  0.651449  
1.07176  1.8565  
0.627387  2.74524  
1.58737  0.825278  
1.9997  0.000619369  
1.78501  0.429993  
0.146634  3.70675  
1.49991  1.00019  
0.289586  3.42085  
1.19878  1.60245  
0.688844  2.62233  
0.527893  2.94423  
1.37871  1.24259  
1.81167  0.376667  
1.84  0.320013  
1.89457  0.210886  
0.978874  2.04227  
1.94853  0.102958  
1.75771  0.4846  
0.820378  2.35925  
1.4391  1.12181  
1.3474  1.30522  
0.946687  2.10663  
0.254859  3.4903  
1.1671  1.66581  
1.64416  0.711708  
1.92082  0.158387  
0.592931  2.81415  
1.40925  1.18152  
0.39006  3.2199  
0.789787  2.42045  
0.774258  2.4515  
1.86763  0.264754  
0.913643  2.17273  
1.10145  1.79712  
1.22991  1.5402  
1.52773  0.944557  
0.46656  3.0669  
1.70104  0.597939  
0.655658  2.6887  
1.21444  1.57114  
0.850435  2.29914  
0.0398076  3.9204  
1.04143  1.91716  
1.28991  1.42019  
1.85391  0.292197  
0.721351  2.55732  
0.870156  2.2597  
0.323705  3.35261  
0.409475  3.18106  
0.447755  3.1045  
1.48419  1.03164  
1.82592  0.348181  
1.36141  1.27719  
0.0240561  3.95191  
1.90783  0.184346  
1.7426  0.514806  
0.93257  2.13487  
0.370404  3.2592  
0.33716  3.32569  
1.71418  0.57164  
0.303327  3.39335  
1.21064  1.57872  
1.39243  1.21515  
1.96119  0.0776204  
0.575468  2.84907  
1.88128  0.23745  
0.268852  3.4623  
0.233712  3.53258  
0.197915  3.60418  
1.54295  0.9141  
1.15103  1.69796  
0.12424  3.75153  
1.9359  0.1282  
1.3615  1.277  
0.109158  3.78169  
1.70107  0.597874  
1.0105  1.979  
1.13472  1.73056  
0.357184  3.28564  
0.621747  2.75651  
0.753354  2.4933  
0.946656  2.10669  
1.22609  1.54782  
0.850484  2.29904  
1.94859  0.102827  
0.497504  3.005  
0.21944  3.56113  
1.37874  1.24253  
1.84007  0.319873  
0.0863123  3.82738  
0.0709578  3.85809  
0.77428  2.45145  
1.61611  0.767787  
0.409485  3.18104  
0.428718  3.14257  
1.72977  0.540463  
0.16143  3.67715  
0.978895  2.04221  
1.195  1.61001  
1.31904  1.36192  
1.07175  1.8565  
0.557817  2.88437  
0.688863  2.62228  
1.92091  0.158185  
0.000614614  3.99878  
1.89464  0.210728  
1.8118  0.376409  
1.55796  0.884085  
1.78507  0.429857  
1.49996  1.00008  
0.146643  3.70672  
1.11815  1.76371  
0.289582  3.42084  
1.99984  0.000330672  
1.99977  0.000466757  
1.04147  1.91706  
0.820481  2.35904  
1.26025  1.47951  
1.43917  1.12167  
1.5728  0.854413  
0.884799  2.23041  
0.592973  2.81406  
1.67435  0.651305  
0.18341  3.63319  
1.46832  1.06337  
1.64422  0.711568  
1.4093  1.18141  
0.390055  3.21989  
0.789809  2.42039  
1.8677  0.264612  
1.58745  0.825109  
0.655639  2.68873  
1.75777  0.484469  
1.10149  1.79703  
0.254855  3.49029  
1.52778  0.944455  
0.466564  3.06688  
1.34747  1.30507  
1.97558  0.0488405  
0.0398284  3.92035  
1.16715  1.66571  
1.28996  1.42008  
0.527909  2.94419  
0.721391  2.55723  
0.323703  3.3526  
0.913659  2.17269  
0.447754  3.1045  
1.24135  1.51731  
1.48425  1.03151  
1.85398  0.292041  
1.82597  0.348062  
0.870163  2.25968  
1.6607  0.678603  
0.0240902  3.95183  
1.60189  0.796232  
1.9079  0.1842  
1.42269  1.15463  
1.7426  0.514802  
0.932607  2.13479  
0.370402  3.2592  
1.5728  0.854412  
0.337183  3.32564  
1.71425  0.571504  
0.303331  3.39334  
1.39247  1.21506  
1.21064  1.57872  
0.268852  3.4623  
0.197921  3.60416  
1.54302  0.913955  
0.161441  3.67712  
0.575496  2.84901  
0.124244  3.75152  
1.15104  1.69792  
0.0863251  3.82735  
0.183411  3.63318  
0.621751  2.7565  
0.870195  2.25961  
1.01053  1.97894  
1.13472  1.73056  
0.753363  2.49328  
1.97358  0.0528458  
1.72981  0.54038  
0.946656  2.10669  
1.22613  1.54775  
1.94862  0.102765  
1.84011  0.319783  
1.88129  0.237421  
0.820454  2.35909  
1.26027  1.47947  
0.466587  3.06683  
1.5  1  
1.5278  0.944398  
1.37879  1.24242  
1.66076  0.67848  
0.0709527  3.8581  
1.34749  1.30502  
0.428724  3.14256  
1.0718  1.85641  
1.31904  1.36192  
1.43917  1.12167  
0.109162  3.78168  
0.850499  2.299  
1.55796  0.884084  
0.357182  3.28564  
1.99981  0.00038323  
1.19499  1.61001  
0.88482  2.23036  
1.61618  0.76764  
0.00061927  3.99876  
0.146651  3.7067  
0.219458  3.56109  
1.78509  0.429815  
0.497541  3.00492  
0.289603  3.4208  
0.323712  3.35258  
0.557817  2.88437  
0.774295  2.45141  
1.67438  0.651249  
1.89467  0.210664  
0.390079  3.21985  
0.68889  2.62222  
1.46835  1.0633  
1.64425  0.711507  
1.92092  0.158157  
1.40934  1.18133  
0.789838  2.42033  
0.0398274  3.92035  
1.58745  0.825107  
1.86773  0.264548  
1.81178  0.37645  
0.233722  3.53256  
1.7578  0.484405  
0.978933  2.04214  
1.10152  1.79697  
1.11818  1.76364  
0.254867  3.49027  
1.70111  0.597788  
0.655667  2.68867  
0.409483  3.18104  
1.16717  1.66567  
1.04148  1.91703  
1.28997  1.42006  
0.721422  2.55716  
0.91367  2.17266  
0.59298  2.81404  
0.527911  2.94418  
0.44779  3.10442  
1.24142  1.51716  
1.48428  1.03145  
1.82602  0.347959  
1.85402  0.291957  
1.93382  0.132361  
1.36149  1.27702  
0.0240887  3.95182  
