2.95915  0.979317  
2.91769  0.989138  
2.93062  0.990413  
2.87944  0.988158  
2.92095  0.990463  
2.93645  0.98365  
2.86511  1.01732  
2.96213  0.97979  
2.90204  0.987739  
2.90678  0.967193  
2.9367  0.971622  
2.94821  0.987597  
2.95778  0.979727  
2.9217  0.980901  
2.8914  0.999698  
2.90928  0.991298  
2.94623  0.985101  
2.95526  0.983716  
2.86963  1.01347  
2.90561  0.995885  
2.91886  0.980953  
2.95737  0.978542  
2.94871  0.976727  
2.85484  1.00396  
2.91453  0.998477  
2.90755  0.985049  
2.94992  0.980053  
2.89334  0.996272  
2.93319  0.972612  
2.96812  0.981804  
2.88807  0.998214  
2.94532  0.981738  
2.90852  0.987207  
2.93029  0.983573  
2.83279  1.02311  
2.96159  0.983615  
2.93493  0.98155  
2.94954  0.984676  
2.9469  0.978146  
2.86697  1.01143  
2.93071  0.988114  
2.94502  0.981891  
2.88945  1.00057  
2.88408  1.00222  
2.91605  0.99868  
2.82709  1.05964  
2.94843  0.98569  
2.89193  1.00004  
2.9342  0.976247  
2.89724  0.992922  
2.91625  0.9929  
2.87436  1.00194  
2.93964  0.98009  
2.92256  0.982739  
2.91639  0.987275  
2.8577  1.01698  
2.90485  1.00273  
2.90618  0.989972  
2.84707  1.02641  
2.95954  0.985549  
2.93016  0.979503  
2.93648  0.983338  
2.93108  0.989241  
2.85006  1.03774  
2.95868  0.979469  
2.93159  0.979904  
2.90269  0.99815  
2.93628  0.988561  
2.91828  0.980338  
2.95768  0.974621  
2.88677  1.00121  
2.92108  0.980779  
2.93874  0.977156  
2.91838  0.97992  
2.93181  0.984989  
2.94918  0.986809  
2.90762  0.986955  
2.96744  0.984339  
2.88228  0.985843  
2.92597  0.976191  
2.9503  0.980534  
2.89608  0.994151  
2.94097  0.983441  
2.91476  0.989816  
2.94253  0.981869  
2.92822  0.988017  
2.93035  0.986805  
2.92032  0.98214  
2.95049  0.976948  
2.89848  0.994568  
2.92193  0.990719  
2.92245  0.988053  
2.95506  0.987309  
2.94409  0.983055  
2.92147  0.985453  
2.92376  0.989415  
2.89708  0.98696  
2.87823  0.996494  
2.92554  0.983351  
2.90189  0.993409  
2.8727  0.995995  
2.93683  0.980996  
2.85049  0.978802  
2.93087  0.972825  
2.89255  0.973165  
2.7763  1.08683  
2.77484  1.10598  
2.83022  1.00143  
2.69151  1.23562  
2.73685  1.1764  
2.85314  1.00098  
2.84788  1.01152  
2.84793  1.02168  
2.92667  0.977488  
2.92325  0.979729  
2.85002  1.01358  
2.91435  0.984295  
2.84648  1.02707  
2.94698  0.977377  
2.8591  0.99986  
2.77712  1.08348  
2.78501  1.06798  
2.77122  1.08855  
2.6464  1.34016  
2.80626  1.00456  
2.83849  0.958642  
2.88743  0.976064  
2.78185  1.0734  
2.87146  0.950748  
2.66382  1.36109  
2.79316  1.02406  
2.57035  1.58096  
2.5646  1.59867  
2.70158  1.20257  
2.63614  1.37545  
2.85533  0.949834  
2.82933  1.02315  
2.23882  1.75601  
2.57609  1.4701  
2.56499  1.56712  
2.80001  1.07278  
2.66301  1.21966  
2.73428  1.11915  
2.6538  1.31711  
2.13046  1.88375  
2.93584  0.982911  
2.75799  1.15322  
2.4784  1.73992  
2.61078  1.37887  
2.75501  1.09596  
2.92629  0.943322  
2.91348  0.948932  
2.73477  1.20091  
2.89286  0.98553  
1.27746  3.31298  
2.5055  1.63599  
2.80355  1.04318  
2.81299  0.972913  
2.84087  1.00735  
2.66648  1.34491  
2.86944  0.902364  
2.74579  0.952301  
2.72202  1.10818  
2.85966  0.978898  
2.85151  1.01337  
2.7077  1.17196  
2.80437  1.01694  
2.69479  1.18497  
2.88977  0.972624  
2.89804  0.949522  
2.85979  0.965882  
2.83612  0.984269  
2.95026  0.961494  
2.76958  1.10066  
2.89518  0.984865  
2.80759  1.03009  
2.74692  1.16049  
2.79698  1.09306  
2.76109  1.12055  
2.78548  1.08745  
2.82371  1.01542  
2.85725  0.982143  
2.93395  0.964085  
2.7944  1.08427  
2.80268  1.06419  
2.80532  1.04117  
2.83637  0.998116  
2.92424  0.971144  
2.82848  1.01874  
2.88068  0.977258  
2.82091  1.04106  
2.81556  1.0585  
2.84658  0.996626  
2.87905  0.991552  
2.84438  0.997915  
2.84605  0.998285  
2.95229  0.972293  
2.89728  0.976064  
2.92755  0.972594  
2.8896  0.993152  
2.61153  1.33419  
2.81081  0.957376  
2.76391  1.04156  
2.49318  1.62052  
2.58745  1.42738  
2.76739  1.02242  
2.64243  1.25981  
2.73247  1.07918  
2.47006  1.63036  
2.5576  1.44226  
2.01145  2.14026  
2.37156  1.76545  
2.86234  0.905939  
1.74864  2.54813  
2.78589  0.939415  
2.74412  0.975069  
2.45894  1.68869  
2.54453  1.51512  
2.7139  1.06192  
2.78626  0.924655  
2.46662  1.59949  
1.6174  2.60547  
2.51884  1.49312  
2.71773  0.924964  
1.86851  2.40011  
2.38952  1.67828  
1.98047  2.19311  
1.95347  2.23162  
1.95935  2.1847  
2.82867  0.887109  
2.54383  1.38459  
2.05513  2.05473  
1.85696  2.41684  
1.83809  2.45712  
2.20321  1.72593  
2.52263  1.42333  
2.54999  1.40495  
2.55827  1.30827  
2.77134  0.916126  
2.2099  1.69734  
1.59236  2.54147  
1.66433  2.48831  
2.23366  1.69025  
2.59894  1.29232  
2.64913  1.21494  
1.92846  2.26874  
2.78678  0.901463  
2.50759  1.5681  
1.93451  2.24554  
0.868097  4.8681  
2.84702  0.861786  
2.61584  1.24413  
1.54799  2.71045  
2.70514  1.01581  
2.63408  1.27455  
1.84934  2.44167  
1.96925  2.11536  
2.54564  1.497  
2.64265  1.12273  
2.47543  1.54218  
1.61276  2.67395  
2.43612  1.61539  
1.90056  2.33242  
2.08258  1.92888  
2.12475  1.72304  
2.66788  1.03475  
2.60717  1.18544  
2.42936  1.67178  
2.66346  1.11287  
1.65947  2.53418  
2.8249  0.8966  
2.70838  1.06437  
2.80862  0.901427  
2.60687  1.27231  
1.95893  2.22653  
2.7236  0.976266  
1.55329  2.76223  
2.85384  0.894388  
2.71861  1.04007  
2.17536  1.74554  
2.56605  1.3538  
1.67162  2.54193  
2.25653  1.6905  
2.12541  1.85749  
1.85263  2.45958  
2.48861  1.57349  
2.00587  2.13467  
1.94686  2.30398  
2.77142  0.931841  
2.68783  1.086  
2.65525  1.15928  
1.73296  2.52008  
2.46182  1.62295  
2.5208  1.53885  
1.93498  2.36637  
2.79739  0.920131  
2.60851  1.31155  
1.65982  2.58028  
2.82804  0.914042  
2.55369  1.39419  
1.54687  2.40141  
2.61081  0.744707  
2.54991  0.786092  
2.65671  0.714394  
2.34847  1.37095  
2.29922  1.45032  
2.45713  1.07488  
1.50015  2.42836  
2.29359  1.47976  
2.2619  1.51866  
1.98555  1.80024  
2.39699  1.2346  
2.50646  0.896348  
1.91621  1.8998  
1.78289  2.0894  
2.47526  0.988126  
2.32376  1.40311  
1.04614  3.35728  
1.32402  2.98451  
1.47683  2.49126  
2.42676  1.15858  
1.84112  1.97899  
2.58373  0.738265  
1.87833  1.90287  
1.51152  2.35764  
2.52684  0.803421  
2.56625  0.750281  
2.28495  1.45183  
1.92638  1.72252  
1.52857  2.35028  
2.02351  1.57952  
1.93606  1.7127  
1.90285  1.78043  
2.18754  1.54018  
1.1441  3.16741  
1.96315  1.64005  
1.71383  2.22456  
1.00213  3.53398  
1.27993  3.04617  
1.39329  2.55379  
2.41791  1.14694  
1.07615  3.20626  
2.29829  1.44121  
2.02663  1.58212  
1.36129  2.71356  
2.51832  0.827737  
0.878289  3.95726  
2.06404  1.55453  
1.44502  2.41258  
0.989814  3.68854  
2.67521  0.698483  
2.30935  1.4405  
2.5539  0.756241  
2.25635  1.49916  
1.41081  2.48685  
2.46367  0.961097  
1.82485  1.95108  
2.63442  0.710355  
1.77132  2.08395  
1.33581  2.76526  
2.42539  1.05368  
2.06608  1.54575  
2.38259  1.26748  
1.28066  2.94363  
2.38977  1.21659  
2.10673  1.54283  
1.01697  3.3691  
2.31276  1.35519  
1.53753  2.34892  
2.4851  0.872638  
1.80826  2.01371  
2.28206  1.49325  
1.53537  2.34773  
1.11963  3.17561  
1.99627  1.60446  
2.53702  0.784601  
2.36118  1.32211  
1.32101  2.86965  
1.65069  2.33246  
2.68227  0.704352  
1.95164  1.67846  
1.03859  3.35171  
1.49295  2.38895  
2.04963  1.55596  
2.04377  1.56602  
2.23829  1.52531  
1.33965  2.7596  
1.38804  2.66862  
2.35066  1.34262  
1.7953  2.06879  
1.10012  3.19694  
1.40125  2.54673  
1.76861  2.19387  
2.33445  1.35211  
2.35523  1.33567  
1.39103  2.66303  
2.18197  1.54246  
2.55802  0.757426  
1.12069  3.18063  
1.00969  3.71081  
0.692245  2.81749  
0.72519  2.77754  
1.50135  1.27171  
1.75129  1.11274  
1.79334  1.10108  
1.3814  1.60032  
1.40869  1.53547  
1.86084  1.02116  
1.44816  1.41875  
1.41057  1.52676  
1.39565  1.56079  
1.81765  1.08458  
1.36614  1.67899  
2.13421  0.37131  
1.02713  2.0074  
1.05787  1.96593  
1.51862  1.23509  
1.50863  1.26083  
1.48768  1.3063  
1.99147  0.680153  
1.40248  1.54366  
1.27  1.85624  
1.93305  0.824811  
2.09085  0.458598  
0.875157  2.66081  
2.17466  0.343447  
1.58262  1.14889  
2.20253  0.315811  
1.96027  0.767149  
2.12009  0.395528  
1.44859  1.40492  
1.4273  1.45136  
1.35134  1.68791  
1.8315  1.02434  
0.69522  2.80741  
0.721242  2.78236  
2.03653  0.570316  
1.54319  1.18849  
0.688231  2.8377  
2.00519  0.631106  
2.2785  0.314871  
1.25086  1.89778  
0.978734  2.1179  
1.90656  0.891715  
1.0345  1.96879  
1.07308  1.95027  
1.01937  2.01541  
1.1083  1.91521  
1.76824  1.1087  
0.466216  3.55981  
1.3709  1.61671  
1.86951  0.981416  
2.05756  0.508109  
2.05457  0.52558  
1.57476  1.16154  
2.14443  0.351165  
1.50089  1.27215  
0.901567  2.42832  
1.48414  1.31023  
1.31407  1.77493  
0.926669  2.27396  
1.38731  1.56463  
1.65525  1.11989  
1.80349  1.09457  
1.00448  2.04973  
0.726672  2.76015  
1.30122  1.79377  
2.04823  0.535829  
0.954617  2.21622  
1.07554  1.94003  
1.7836  1.10218  
1.37242  1.60921  
1.41213  1.50834  
0.847992  2.72735  
1.46727  1.36617  
0.941386  2.23722  
2.18663  0.331347  
1.66892  1.11687  
1.52538  1.22429  
1.8084  1.08724  
2.02953  0.589258  
2.13188  0.374975  
0.892956  2.61636  
1.38318  1.59009  
1.90341  0.908593  
1.73471  1.11348  
2.09749  0.45397  
2.08784  0.472229  
1.5367  1.20793  
1.46322  1.37612  
1.51197  1.24229  
2.06611  0.503814  
1.26158  1.8847  
1.82976  1.03168  
2.04138  0.559106  
1.86415  1.01117  
1.28551  1.8511  
2.00331  0.645933  
1.89676  0.970936  
1.01733  2.02481  
1.89706  0.232816  
1.74135  0.599012  
1.69465  0.712292  
2.00897  0.109925  
1.06238  1.61753  
0.693018  2.09824  
1.87282  0.28031  
1.75622  0.566177  
1.71005  0.678244  
1.11897  1.48645  
1.82024  0.403438  
1.85812  0.312567  
1.66418  0.769807  
1.29567  1.0302  
1.08167  1.57174  
1.38576  0.9188  
1.63801  0.813267  
1.96011  0.144153  
1.26112  1.10398  
1.60739  0.852169  
0.456669  2.52265  
1.62585  0.829086  
1.20567  1.25112  
1.83071  0.372925  
1.308  1.00936  
1.04793  1.63138  
0.622131  2.3085  
1.39993  0.908429  
0.416487  2.69407  
1.12583  1.46778  
1.15089  1.40555  
1.73273  0.620077  
1.18865  1.29473  
0.588993  2.40883  
1.90653  0.215164  
0.430498  2.54753  
0.643336  2.2477  
0.663682  2.16744  
0.879886  1.70183  
1.34682  0.949938  
1.33878  0.960425  
1.76381  0.540356  
0.808814  1.75501  
1.2799  1.06076  
0.707269  2.03898  
0.782732  1.79516  
2.07542  0.0964525  
0.467318  2.51904  
1.70303  0.692058  
1.94707  0.157005  
0.28549  3.37756  
0.384429  3.02231  
1.09797  1.53492  
1.59369  0.863479  
1.78654  0.484222  
1.8634  0.29801  
2.02544  0.103335  
1.99612  0.115713  
0.768091  1.83756  
1.67212  0.751852  
1.26733  1.08703  
0.725766  1.97349  
0.73875  1.93422  
1.2265  1.19055  
1.44565  0.895993  
1.84433  0.340896  
1.80766  0.430127  
1.80037  0.455225  
1.24765  1.13658  
1.07434  1.58466  
1.87982  0.266097  
1.03475  1.64999  
1.01478  1.67026  
0.822598  1.7384  
1.82601  0.384143  
1.17627  1.33063  
1.28896  1.04455  
0.683764  2.12602  
1.65057  0.790856  
1.89196  0.243285  
1.97211  0.132587  
1.77527  0.515368  
1.91991  0.193618  
1.36673  0.931035  
1.74744  0.585181  
0.75287  1.89423  
1.31754  0.991329  
1.72145  0.652709  
1.686  0.726767  
1.56497  0.882294  
1.16456  1.37159  
0.480831  2.5152  
0.699642  2.07451  
0.867638  1.70731  
1.23786  1.15978  
1.13929  1.43555  
1.10924  1.51269  
0.985133  1.68927  
1.21479  1.2239  
1.93442  0.17523  
1.12903  1.36162  
1.52442  0.860311  
1.06324  1.52652  
1.82588  0.298391  
1.76701  0.44265  
0.503576  2.45637  
0.215991  3.21453  
1.63711  0.743735  
1.08217  1.48396  
1.86753  0.212484  
1.6062  0.791952  
1.00603  1.62143  
1.80662  0.343442  
1.78605  0.394156  
0.363739  2.54323  
1.1515  1.298  
0.95482  1.66099  
0.304078  2.7788  
1.36846  0.883325  
1.10751  1.4202  
0.752411  1.77635  
0.345  2.59836  
1.02312  1.59878  
1.19841  1.16595  
1.59125  0.810762  
1.87818  0.193565  
1.34757  0.896223  
0.355003  2.56666  
1.79627  0.368688  
1.12203  1.38101  
0.221856  3.19628  
0.426966  2.47105  
0.251788  3.06667  
1.70476  0.600366  
0.689706  1.94919  
0.331646  2.64873  
1.42971  0.869718  
0.721742  1.85112  
0.619713  2.19634  
0.554635  2.38455  
0.378798  2.51176  
1.27207  0.994072  
0.660758  2.04968  
1.75668  0.469235  
1.7757  0.420396  
0.787254  1.71736  
0.627276  2.16989  
2.04693  0.0697061  
0.852045  1.67245  
1.74423  0.501313  
1.39463  0.873972  
0.987163  1.64072  
1.31163  0.932187  
0.177773  3.27962  
0.676824  1.99294  
1.64816  0.723584  
1.1634  1.26399  
0.293553  2.83551  
1.97305  0.0876386  
1.92289  0.129616  
1.0731  1.50496  
0.321235  2.69407  
1.83662  0.274564  
1.17973  1.21763  
1.23323  1.07683  
0.592973  2.28407  
1.6632  0.69389  
1.73164  0.533529  
1.56997  0.83245  
0.240143  3.1234  
0.272695  2.95284  
1.67939  0.659269  
1.09709  1.44724  
0.399329  2.48508  
0.312395  2.73632  
1.14137  1.32687  
1.81694  0.318953  
1.62236  0.768284  
1.54976  0.847734  
1.85548  0.235471  
0.814154  1.68991  
1.89947  0.159932  
1.04938  1.55439  
1.25101  1.03644  
1.29228  0.959486  
0.644066  2.10982  
0.525683  2.43425  
1.21692  1.11713  
1.94707  0.105626  
0.608503  2.23442  
0.704345  1.9022  
0.572596  2.34196  
1.99867  0.0768123  
0.738586  1.80748  
0.767532  1.74733  
0.262606  3.00907  
0.282228  2.89889  
1.71836  0.566973  
1.32656  0.914989  
1.69238  0.629719  
1.91184  0.143042  
0.161654  3.2696  
1.52628  0.859613  
0.34275  2.60621  
1.05932  1.5347  
1.80449  0.348577  
1.78541  0.395776  
1.8444  0.258002  
0.502606  2.45706  
1.60801  0.789478  
1.00466  1.62303  
0.951749  1.66217  
1.82405  0.302547  
1.76452  0.44906  
0.366177  2.53738  
1.0848  1.47768  
0.636783  2.13603  
1.15384  1.29131  
1.57201  0.830626  
1.32898  0.912506  
1.36746  0.883827  
1.10766  1.41982  
0.55334  2.38729  
0.751994  1.77722  
0.692376  1.94038  
1.02193  1.60053  
1.27055  0.996917  
0.424701  2.47154  
1.19865  1.16529  
0.261939  3.01273  
1.59336  0.80829  
1.97247  0.0879608  
0.626407  2.17295  
1.87685  0.195855  
0.305932  2.76913  
1.79406  0.374147  
0.335073  2.63494  
1.83494  0.278225  
1.12138  1.38281  
0.571501  2.3448  
0.256695  3.04101  
0.721325  1.85228  
0.787499  1.71704  
1.39347  0.874251  
1.21742  1.11586  
1.31297  0.930505  
0.852576  1.67233  
1.92289  0.129616  
2.04683  0.0697095  
0.814346  1.68976  
0.663598  2.03953  
1.55142  0.846664  
0.376807  2.5153  
0.14574  3.27789  
1.85594  0.23456  
1.75545  0.472408  
1.62427  0.76526  
1.73015  0.537322  
1.16368  1.2632  
1.07239  1.50656  
0.676499  1.99407  
0.297793  2.81233  
1.6473  0.725218  
0.228718  3.17162  
1.23433  1.07423  
1.70275  0.605195  
0.589228  2.29539  
1.77485  0.422568  
0.277532  2.92548  
1.34687  0.896747  
1.67662  0.665359  
0.315376  2.72172  
1.09704  1.44736  
1.71662  0.571297  
0.287248  2.8706  
1.14151  1.32648  
0.352892  2.57292  
1.81326  0.327594  
0.396989  2.48729  
0.647016  2.09917  
1.8983  0.161636  
0.985323  1.64229  
1.04888  1.55536  
0.608609  2.23406  
1.18178  1.21187  
1.29073  0.961924  
0.524941  2.43521  
1.42937  0.86973  
1.94632  0.106257  
1.25217  1.03395  
0.245852  3.09641  
1.68881  0.637988  
1.99826  0.0769366  
0.20948  3.23158  
0.73791  1.80912  
0.708476  1.88956  
0.323997  2.68155  
0.767021  1.74822  
1.74303  0.50441  
1.66264  0.69505  
1.52513  0.860049  
1.86768  0.212203  
1.06007  1.53315  
1.78437  0.398412  
1.825  0.300386  
0.500753  2.45829  
1.76508  0.447605  
1.84755  0.251469  
0.304412  2.77705  
1.10813  1.41856  
1.6078  0.789761  
0.952366  1.66194  
0.345499  2.59665  
1.00597  1.6215  
1.37179  0.881751  
1.80536  0.346469  
1.08536  1.47631  
1.15448  1.28949  
1.5714  0.831175  
0.364444  2.54151  
1.1321  1.35303  
1.68816  0.639472  
0.751307  1.77867  
0.69127  1.94402  
0.553734  2.38646  
0.629323  2.16264  
1.94608  0.106463  
1.59294  0.808788  
0.336245  2.63036  
1.27178  0.994609  
1.29241  0.95928  
0.274104  2.94488  
1.66272  0.694873  
1.11927  1.38859  
0.154682  3.27106  
0.422559  2.47208  
1.19944  1.16315  
1.07302  1.50514  
1.70307  0.604427  
1.39517  0.873844  
1.0226  1.59954  
0.250332  3.07411  
0.851943  1.67247  
1.31223  0.931431  
0.786958  1.71774  
1.64742  0.724989  
2.04781  0.069679  
0.378388  2.51248  
1.81599  0.321167  
1.92289  0.129616  
0.720517  1.85453  
0.131749  3.31035  
1.16408  1.26205  
0.394686  2.48966  
0.662684  2.04279  
1.79482  0.372262  
1.83604  0.275831  
1.97231  0.0880492  
1.87856  0.192913  
1.75617  0.470554  
0.298278  2.8097  
1.23525  1.07205  
0.592252  2.28627  
1.73054  0.536329  
1.34936  0.894899  
0.227977  3.17445  
1.677  0.664527  
0.76669  1.74881  
0.315087  2.72312  
1.14203  1.325  
0.285838  2.87853  
0.354849  2.56711  
1.55098  0.846947  
1.09708  1.44725  
1.85736  0.231765  
1.77559  0.420689  
1.62409  0.76555  
0.985011  1.64255  
0.81355  1.69037  
1.04953  1.5541  
0.67553  1.99743  
1.90044  0.158545  
0.611225  2.22532  
1.18303  1.20838  
0.646195  2.10214  
1.21604  1.1194  
0.523769  2.43669  
1.25335  1.03144  
0.576216  2.33237  
1.99815  0.0769722  
0.707477  1.89259  
0.737195  1.81086  
0.261079  3.01742  
1.42659  0.869843  
1.74352  0.503139  
1.71706  0.570206  
0.214174  3.21963  
0.327831  2.66475  
0.239313  3.12717  
1.32743  0.914089  
1.03528  1.57966  
1.0608  1.53163  
1.78394  0.399474  
1.82467  0.301132  
1.63778  0.742568  
1.76635  0.444356  
0.501565  2.45776  
1.10903  1.41617  
1.86741  0.212701  
1.60625  0.791884  
1.00621  1.62121  
1.08611  1.47452  
1.805  0.34734  
1.32897  0.912521  
1.15273  1.29448  
0.953358  1.66157  
0.636357  2.13755  
1.56924  0.833087  
1.1303  1.35806  
1.36785  0.883627  
0.322769  2.68707  
0.209898  3.23059  
0.751428  1.77842  
0.691629  1.94283  
1.27281  0.9927  
1.02364  1.59801  
0.625979  2.17446  
0.271004  2.96237  
1.79442  0.373273  
0.767472  1.74743  
1.11978  1.38719  
1.20023  1.16103  
0.986882  1.64096  
1.87829  0.193372  
0.422732  2.47203  
1.7064  0.596378  
0.245633  3.09748  
0.150941  3.27303  
0.852071  1.67244  
0.607887  2.23646  
0.553836  2.38624  
0.720715  1.85398  
0.375172  2.51835  
1.39461  0.873976  
1.59107  0.810972  
1.81564  0.321999  
1.31363  0.929696  
1.92289  0.129616  
0.786322  1.71858  
2.04779  0.0696797  
0.588598  2.29726  
1.25383  1.03042  
1.6939  0.62618  
0.125789  3.33649  
1.75566  0.471885  
1.16477  1.26007  
1.64902  0.721972  
0.281536  2.90281  
0.341077  2.61221  
0.331842  2.64792  
0.295315  2.82583  
0.704607  1.90138  
1.2361  1.07005  
1.83572  0.276522  
1.07387  1.50322  
0.524  2.4364  
1.68068  0.656392  
1.34656  0.896981  
1.73189  0.532893  
1.97214  0.0881418  
0.222105  3.19545  
1.77515  0.421791  
0.35477  2.56734  
1.14293  1.32244  
0.313759  2.7296  
1.09774  1.44559  
1.62282  0.767564  
1.54804  0.848806  
0.676137  1.99532  
1.85504  0.23634  
0.813833  1.69015  
0.646477  2.10112  
1.43127  0.869667  
1.05038  1.55248  
1.90016  0.158949  
1.18366  1.20662  
1.21898  1.11188  
0.662882  2.04208  
1.2937  0.957292  
1.9459  0.106621  
0.394831  2.48951  
0.234146  3.14975  
0.261412  3.0156  
1.99807  0.0769963  
0.57184  2.34392  
0.737489  1.81014  
1.6666  0.686844  
0.304726  2.7754  
1.71837  0.566955  
1.74298  0.504537  
1.06073  1.53179  
1.82648  0.297025  
1.78392  0.399533  
0.53946  2.4136  
1.63783  0.742483  
1.76457  0.44891  
1.84715  0.252283  
0.501705  2.45767  
1.10903  1.41617  
1.60616  0.79201  
1.00622  1.62121  
1.80499  0.347377  
1.32896  0.912532  
1.08611  1.47451  
1.1527  1.29458  
0.953294  1.66159  
0.636357  2.13755  
1.5692  0.833124  
1.13025  1.35823  
1.3677  0.883703  
0.3228  2.68693  
1.69389  0.626203  
0.553962  2.38598  
0.751428  1.77842  
1.02355  1.59814  
1.20018  1.16117  
0.691658  1.94274  
1.59108  0.810956  
0.151209  3.27285  
1.27273  0.992841  
1.79443  0.373236  
0.422734  2.47203  
1.11983  1.38705  
1.90016  0.158949  
1.87831  0.193347  
0.331842  2.64792  
0.271387  2.96021  
1.70641  0.596372  
0.707664  1.89202  
0.245342  3.09889  
0.571926  2.3437  
1.97215  0.0881379  
0.646459  2.10118  
0.852059  1.67244  
0.720663  1.85412  
0.786342  1.71855  
0.62598  2.17446  
0.125872  3.33606  
0.340942  2.6127  
1.75566  0.471874  
1.92289  0.129616  
2.04778  0.0696799  
1.2361  1.07005  
1.43134  0.869665  
1.39469  0.873958  
1.16477  1.26009  
0.662863  2.04215  
1.83572  0.27652  
0.295444  2.82512  
1.64889  0.722209  
1.07379  1.5034  
0.375136  2.51842  
0.588598  2.29726  
0.52398  2.43643  
1.68071  0.656321  
1.34656  0.896981  
1.73182  0.533067  
0.675731  1.99673  
0.222434  3.19434  
0.354825  2.56718  
1.14285  1.32267  
0.304661  2.77575  
0.313759  2.7296  
1.09782  1.44539  
1.81564  0.321999  
1.62282  0.76756  
1.85707  0.232345  
0.767472  1.74743  
1.54799  0.848837  
1.77515  0.42179  
0.986916  1.64094  
1.31363  0.929687  
0.813819  1.69016  
1.05031  1.55263  
0.607887  2.23646  
1.18369  1.20651  
1.2191  1.11158  
1.25383  1.03041  
1.2935  0.957603  
0.26139  3.01572  
1.94589  0.106631  
0.394705  2.48964  
1.99804  0.0770054  
0.20374  3.24376  
0.281286  2.90423  
0.737425  1.8103  
1.66666  0.68671  
1.71838  0.566921  
0.234173  3.14964  
1.74296  0.504588  
