41.5927  124.012  84.0568  
111.715  7.76762  138.838  
33.8507  36.6507  279.506  
22.6696  33.8551  108.85  
274.293  40.685  3.63728  
28.9608  7.03597  245.586  
110.784  17.1544  115.787  
15.2742  193.452  20.6568  
166.321  34.1306  83.2559  
0.732564  7.60195  280.318  
329.503  8.92797  53.785  
150.218  53.7687  77.6608  
262.138  56.3992  14.6622  
50.831  33.7711  276.127  
3.39862  8.15242  191.489  
138.437  19.0422  120.608  
19.4426  20.8047  148.093  
90.2317  17.0633  45.8887  
31.3189  9.32956  96.7345  
5.12058  22.0666  60.7193  
41.0647  49.9545  76.6821  
0.598036  0.0847013  247.246  
3.50073  16.8892  52.2358  
194.124  27.7321  43.6713  
78.4315  35.1237  121.441  
8.87  29.4595  224.492  
2.13873  70.8673  75.9564  
78.0438  147.907  55.0908  
7.46232  141.998  128.622  
27.6006  62.7765  250.982  
126.167  16.1028  248.721  
6.50751  18.2612  214.509  
95.3395  6.61913  166.638  
2.16479  2.41605  349.517  
20.5751  15.0295  132.863  
35.83  147.587  51.4733  
24.3923  48.5876  71.8048  
175.339  107.902  28.3554  
83.0348  193.543  45.0796  
56.0718  61.4248  103.951  
139.445  87.1063  122.633  
75.0698  14.7891  98.5424  
99.3133  48.5983  66.8754  
10.5924  161.274  96.2771  
12.5023  75.2361  168.393  
156.516  41.9292  185.476  
17.3292  168.895  8.23055  
45.2194  28.4693  83.309  
17.8389  0.12441  371.239  
1.75222  10.2157  374.907  
39.9861  10.4583  102.155  
0.263084  0.270505  156.043  
22.7665  23.1794  220.904  
11.6899  58.1389  347.828  
4.04248  97.637  199.835  
4.8732  51.7281  226.159  
132.361  17.9854  57.0853  
104.767  24.3992  149.991  
19.2179  11.9486  88.7876  
25.8002  244.555  105.424  
17.4337  22.4417  161.767  
1.58445  199.709  55.9478  
119.695  26.7761  221.29  
141.437  125.837  43.3542  
1.72314  156.46  4.59614  
5.4287  48.5009  167.981  
123.271  120.758  112.891  
249.624  13.9587  0.692589  
16.9183  91.0736  154.32  
60.0503  96.2422  174.66  
188.034  63.3645  20.3757  
85.583  83.6514  175.683  
139.615  151.185  101.614  
81.3437  17.168  259.724  
160.516  22.622  40.0727  
90.7092  143.696  158.362  
47.6626  25.5988  208.368  
48.2631  102.654  151.596  
0.248722  1.45519  127.503  
134.592  21.9969  179.081  
70.1094  8.70683  89.552  
59.4685  11.4042  75.6459  
16.7444  121.688  9.37967  
95.2748  5.10937  181.856  
33.4049  26.1395  198.418  
5.11729  3.48462  122.241  
175.719  8.90614  15.9406  
62.576  25.7016  5.82247  
97.7528  68.493  64.3123  
126.896  46.2458  106.96  
21.9294  7.69054  252.776  
9.9996  61.9817  143.146  
3.74526  11.3058  219.655  
334.085  42.0352  69.7437  
29.3045  11.1132  82.6351  
21.7863  16.2847  139.533  
80.4401  149.395  61.5081  
33.897  75.1721  64.1437  
41.6066  87.8348  94.6689  
86.8767  11.972  214.097  
25.955  191.494  101.855  
0.128443  2.70008  101.772  
6.41086  259.835  12.6247  
0.781004  167.832  8.62453  
0.498832  19.5957  57.5152  
0.0014684  5.72116  218.107  
8.11548  194.239  25.1539  
10.3125  0.181263  138.332  
26.0924  77.611  207.249  
97.5944  30.864  170.646  
31.7699  50.71  183.239  
0.754103  3.96869  236.046  
337.948  0.226793  8.38643  
130.961  42.5291  71.0135  
0.0328767  41.2951  153.089  
0.27825  165.698  52.6524  
89.6437  1.30816  87.0921  
0.0069929  0.275034  186.585  
222.854  0.0662458  146.894  
23.4978  0.00673348  34.7527  
0  0  140.411  
231.447  0.00826748  1.79877e-13  
38.11  1.79237  233.057  
5.2247  186.294  1.74355e-12  
0.0422836  164.745  23.4594  
0.0355813  0.558429  40.3162  
0.530828  64.822  0.00980113  
0.00102909  9.41187e-08  59.7521  
0.0173937  22.0244  67.2207  
0.0319869  0.00131882  100.803  
60.9798  3.43371  0.0103953  
3.72174  18.0263  17.1508  
0.117793  0.00322596  17.986  
10.1947  56.7013  0  
1.42632  175.008  1.60623e-12  
115.426  0.00655126  2.81944e-13  
63.0085  1.50862  0  
47.1156  1.21436  0.190396  
1.0799e-05  1.92029e-07  41.9078  
4.61468  1.90636  187.196  
7.54935  131.463  1.54335e-13  
1.48457  166.617  4.4804  
211.748  0.0376623  1.59859e-05  
1.08544e-06  1.03796e-05  41.4343  
6.94939e-06  5.83506e-07  110.637  
16.1268  0.156505  2.07134  
0.455007  0.419017  4.75404  
5.6787e-06  0.000439029  39.0391  
0  0  176.376  
50.0234  3.03521  2.12065e-13  
200.381  0.00715779  2.22476e-14  
0.000846124  0.00345221  184.261  
0.000137073  22.9439  0.000290409  
0.0119833  17.6453  39.2279  
1.64777  95.428  4.41881e-13  
84.2661  23.9635  133.599  
1.97316  9.68646  55.2779  
4.93035  5.75977  2.13851e-06  
0.00150314  3.54563e-06  21.0623  
12.9053  4.53086  83.004  
14.3254  39.4888  0  
176.467  25.384  20.1264  
7.4197e-05  0.000619956  26.2589  
7.573e-10  1.98413e-08  49.8153  
0  0  55.4494  
31.8516  6.4535  97.5244  
22.2342  28.2355  2.01717e-13  
39.7185  31.7321  1.19247  
24.3635  54.2636  0.0114308  
0.388875  80.9907  180.795  
0.0189861  9.13087  299.491  
0.49166  32.6751  20.9556  
2.49948  0.0025743  48.9177  
33.2086  0.300129  178.439  
0.0155288  13.0462  38.1126  
218.884  4.5838  9.92395e-14  
58.5135  10.7849  0.00316557  
1.1865  0.000241644  51.6658  
0.00086434  0.926749  62.9583  
9.63285e-07  3.25976e-07  84.527  
0.000901319  0.966398  59.8597  
22.6664  5.15576  19.699  
2.23034  0.269896  156.988  
159.102  0.359823  5.31113e-13  
12.0221  22.8819  27.333  
0.95365  0.00461619  70.411  
40.0153  200.523  0.0122408  
3.18252  246.045  3.04163  
223.773  1.1427  17.8768  
0.00442797  0.889379  64.3738  
28.5134  0.0334984  50.9289  
3.59148  33.9344  26.5696  
2.61147e-06  4.97171e-08  174.474  
0.0434864  0.00180104  137.067  
14.9863  0.086931  139.39  
1.75128  62.4445  5.84427e-13  
27.5812  230.478  72.4862  
2.75809  0.20557  221.752  
17.9368  6.81296e-07  0.000316665  
97.9842  2.02299  46.2898  
97.4757  142.571  24.8952  
218.156  4.96975  24.0395  
51.9016  1.65462e-10  117.169  
0.00193572  1.10238  77.994  
11.497  230.356  0.00351771  
1.50597  0.880167  35.9081  
3.39584e-13  7.92609e-14  58.4966  
0.354785  8.38987e-15  165.777  
3.09179e-17  6.58754  112.267  
1.99246e-14  3.76963e-14  137.535  
2.97843e-13  1.88813e-13  67.9673  
3.237e-14  6.4463e-13  94.5511  
4.65131e-15  1.91979e-11  192.266  
131.288  0.107873  50.8203  
9.17535e-13  6.49139e-14  137.211  
23.7629  2.00505e-13  53.6805  
16.7067  0.119902  39.1683  
8.21297  98.353  2.26193e-05  
1.53591e-15  141.632  10.6018  
4.87547  5.34308  29.2792  
1.51655  72.5549  11.9145  
9.36638  38.2686  3.31027  
49.1894  12.7029  1.24388e-06  
3.96397  0.884877  10.0254  
6.84263e-07  94.7733  1.34883e-05  
0.045569  34.0385  0  
165.648  3.72969e-05  0  
4.41341e-18  170.885  0.000174748  
5.42715e-14  5.90633e-13  90.0687  
20.9272  20.6932  5.9235e-06  
63.4617  3.40804  1.50049e-06  
21.8291  46.0751  1.53767  
0  94.0458  9.14599  
29.4316  16.6709  1.14777e-06  
43.4894  11.2309  1.46684e-06  
53.5228  1.70631e-10  0.00121517  
30.0147  0.28982  6.60562e-06  
2.12669  0.105969  24.8772  
6.93235e-09  32.0689  6.15431e-09  
5.01535e-18  93.2996  0.0201226  
117.1  1.85911e-12  0.64163  
53.1291  6.07547e-13  2.71889  
231.705  3.20392e-08  9.93704e-08  
104.803  0.0765873  0.00136777  
62.533  0.000312881  1.12927e-05  
152.062  0.000760836  0.83201  
12.8443  4.87867e-07  0.000214763  
1.49757  1.42083  1.17257  
48.5611  0.651801  4.38766e-09  
0.063065  0.234502  3.76512  
2.42391e-13  6.36578e-14  42.7434  
3.57096  1.35636e-07  12.6912  
56.3101  0.001424  0  
7.033e-17  108.3  0.0191729  
153.943  4.20906e-06  5.3252e-06  
2.78707e-18  51.8473  0.286541  
3.84083e-18  68.8805  7.15264  
0.00121989  0.000863012  28.8661  
8.04156e-15  33.2456  4.279  
0  0  15.0883  
6.89274e-08  318.856  6.11913e-08  
0.12241  10.359  11.9318  
4.79095e-13  1.15429e-14  68.5235  
4.99475e-05  2.76222e-05  5.062  
6.2043e-16  57.2121  4.03483  
11.8484  2.80187e-13  19.2373  
10.9399  66.8999  9.22059e-06  
3.14856e-15  13.0169  17.7106  
3.6036  0.0349305  22.7725  
1.23507  5.3941  15.2012  
0  0  116.586  
56.9374  6.47373  0.000922301  
14.098  23.5152  9.3999  
3.04602e-18  0.692615  65.1036  
6.70775  0.24167  13.6648  
48.3258  16.1928  3.16299  
0.000470968  5.62884  7.34443e-05  
8.59461e-17  4.162e-15  75.6863  
0.00313102  11.2234  19.1581  
3.23924e-14  5.68832e-12  57.2788  
0.0130028  8.19355e-05  28.2943  
3.91694  175.081  0.000183044  
0.739966  6.35465  25.6069  
1.04112  0.58854  27.9542  
10.1953  0.0143852  18.0528  
4.01931  88.291  0  
95.136  1.97429  0.105023  
0.177652  132.7  0  
8.18665e-17  123.136  1.90025  
5.42485e-14  3.06336e-13  50.36  
1.65446e-14  3.49866e-14  61.5488  
1.16283e-15  3.35313e-13  46.9928  
2.20726e-12  1.19717e-12  34.087  
8.33356e-17  3.75561  39.9345  
3.77112e-16  1.55907  36.0452  
1.90719e-19  3.73504  45.2438  
7.11759e-12  3.16629e-14  61.6348  
0.00424882  0.466399  34.3042  
41.1862  1.52265  22.2741  
8.41964  96.4505  2.10762e-06  
1.70851  0.287503  25.0944  
17.6048  10.4684  0.00250672  
1.00576  31.7064  0.00679741  
0  0  41.9494  
83.5968  0.000244558  1.31831e-07  
4.37976e-23  112.41  1.89084e-08  
6.31139  0.215474  9.67722  
53.3208  2.60471e-13  4.67923e-06  
64.5769  8.32376e-12  8.14512e-09  
70.3702  0  0.000898175  
192.783  0  2.14032e-14  
6.9529e-20  174.531  1.41042e-09  
45.3717  9.227e-06  1.15595  
1.04148e-23  95.786  8.96361e-09  
0.0927601  201.53  1.81763e-11  
2.07303e-24  201.67  1.01377e-08  
3.2325e-25  226.274  1.19671e-07  
3.64414e-26  234.509  0.000721165  
3.36117  129.235  2.94424e-14  
9.19328e-24  84.5516  7.91231e-09  
7.64701  17.8367  6.03376e-08  
3.17166e-22  78.9098  1.35506e-07  
10.3071  2.03547  0  
5.69055e-24  97.9345  1.75896e-08  
53.8324  0.0119211  0  
24.4965  1.05275  1.88851e-09  
4.75507e-17  30.0772  8.62679e-07  
0.0383365  83.2896  2.4155e-11  
39.6892  1.74037e-05  8.81278e-15  
0.135964  0.894186  0.0703419  
45.3233  0.529679  5.0907e-15  
3.64486  94.0135  1.08423e-14  
6.29319e-17  2.923  3.52257  
94.9975  3.33635e-06  0  
0.73281  155.984  0  
8.56672e-21  291.174  4.52479e-10  
79.162  0.125321  0  
76.4061  0  1.69656e-13  
56.2104  4.59148e-05  0  
1.93275e-05  0.000115173  4.21963  
0.0987875  0.0100309  0.971058  
20.1793  4.74901e-06  0.0105407  
0.0715185  4.73457  2.23876  
43.1728  1.81042e-05  1.90043e-08  
4.75672  0.716738  2.54963  
102.418  3.343e-12  0  
0.87169  0.144958  0.0650171  
1.05829  149.356  0  
0  197.671  0  
10.3844  0.000533677  0.0800937  
1.00443e-23  39.3419  6.65243e-10  
4.32141e-17  2.00717  2.3961  
98.2959  0  1.0913e-14  
10.1459  3.80167  3.98119e-05  
6.58447  5.01025  0.000839158  
22.0229  5.03608e-05  0.000102092  
6.66439e-24  163.192  2.30376e-08  
18.407  0.0262102  0.000109083  
6.13324e-17  28.9388  9.1699e-07  
0  0  7.03292  
1.16265  10.7021  2.91002e-07  
38.8794  0  6.84202e-05  
3.37747  73.6004  0  
38.9036  1.90044e-13  2.84113e-09  
61.9236  4.66095  4.19148e-12  
36.7659  1.1021e-13  2.76083  
48.08  0.067131  5.34541e-15  
9.14336e-05  30.5795  1.83877  
25.7059  0.000345  1.10901e-06  
4.37196e-24  11.221  0.000165111  
1.52066e-20  142.869  2.22016e-10  
2.44399  22.4968  1.57001e-12  
2.92044  3.42157  1.02255  
1.00522e-18  60.7322  2.48331e-10  
0  0  7.03292  
0.222372  2.21151  3.60867  
76.3309  1.93528e-05  0  
77.6659  4.23224e-06  8.62265e-15  
33.6277  4.3345e-12  1.49337e-14  
1.09552e-19  64.4019  3.31633e-10  
29.7055  0.0140616  1.24202e-08  
7.879e-24  135.598  8.26731e-09  
32.2255  9.08498e-05  4.87305e-07  
1.65428e-24  160.933  1.3686e-05  
101.822  3.32353e-12  0  
0.520554  0.80678  4.61146  
6.18212e-15  30.6053  2.23882e-05  
2.82164e-24  274.496  2.38042e-09  
141.082  0  9.38228e-12  
0  0  8.48122  
10.8078  6.71923  0  
5.23034  2.6966  0.519943  
24.3323  0.0830769  0.26893  
3.42889e-18  46.8124  0.363353  
0.930724  29.3408  0.00269242  
5.22177  90.654  1.95396e-09  
3.63815  1.77512  3.92481  
44.3499  1.85978e-05  2.51437e-09  
91.9022  7.06061e-11  2.80588e-12  
3.09622e-16  276.289  0  
1.92856  1.49272e-06  2.66279  
6.31572e-05  0.0176594  5.57683  
0.00420007  4.64465  0.944583  
1.11645  10.072  3.72651e-15  
3.02561  0  3.07551  
0.0238112  0.0124594  3.2358  
4.27437e-41  0.575703  5.42346  
0.000364634  65.2613  2.32986e-10  
0.00619585  0.03067  3.28891  
23.6851  0  0.00358966  
0.000909451  1.96865  3.08379  
10.1086  0  2.51371  
13.0049  1.8842e-12  7.21916e-15  
12.6295  0.117174  0  
0.218622  24.0211  1.97089e-09  
31.6253  0  0.00044208  
8.86615e-39  119.416  0.0236477  
1.03195  11.0316  0  
20.0187  0  0.00375885  
105.458  0  2.05591e-05  
2.68298e-40  3.61363  1.10972  
19.2132  0  6.39927e-15  
2.50251  0.0397048  9.39317e-11  
0.499063  4.5753  0  
3.72446  1.29128  6.79814e-11  
6.27203e-39  106.103  0  
1.06782  3.81999  2.76755e-13  
3.61919e-40  6.12253  1.41453e-12  
0.110157  4.90386  8.72145e-10  
4.34465  3.85557e-06  0.255928  
7.55518  2.34862e-14  0  
0.0990872  3.14139  1.09594e-08  
0.351104  0.0191749  0.132258  
3.38935e-40  4.56502  0.00369115  
0.00033106  0.781065  4.22234  
1.18734e-05  0.503027  5.48515e-08  
0.000189399  3.61612  1.00813  
1.03695  0.000566945  1.51448  
0.166185  0.170253  0.165031  
0.273004  2.81836  7.78743e-13  
2.49866  2.62866  4.70198e-13  
1.88113  0.338396  0.39133  
0  0  0.501866  
0.0163057  0.255953  0.229867  
6.32712  0.0144045  2.68947e-13  
31.2683  0  0  
3.92955  1.16531  4.06698e-13  
2.02372  1.21676  1.02025e-08  
5.5004  0.199362  0  
2.81016  2.29047  0  
0.559506  2.83598  1.12694e-06  
0.00175055  35.9877  0  
0.000168574  2.53812  2.77057  
5.02979  0  0.371972  
0.0351417  0.0388703  0.426603  
0.00207819  5.64008  0  
0.0400836  0.122276  0.340189  
0.189655  0.650784  0.412257  
0.0116632  5.51294  0  
0.41695  0.0985302  1.40695e-08  
0.0989355  0.000255785  2.45179  
5.2663e-05  0.124247  0.376347  
0.112685  0.112025  0.276926  
0.222936  4.40151  9.94929e-09  
0.0718677  0.482159  2.0082  
3.39132  1.91474  0  
0.0736188  0.00286382  0.428209  
2.24845  0.842907  7.78743e-13  
3.87325  0.000673832  4.92929e-08  
4.93854  0.120123  0  
0.183339  0.0175138  0.300995  
14.1965  0  2.94481e-05  
0.000150266  33.0932  1.07601  
4.68498  0.0380438  1.15004e-10  
0.0574679  4.99593  3.32315e-10  
0.0343331  1.1079  1.40715  
0.513808  0.127427  0.451541  
0.00249864  6.98133  0.00112204  
0  0  5.61691  
7.78597  0.000360111  1.78775e-06  
2.49041  0.00643865  0.0466435  
1.50707  0.00429382  1.33931  
1.64858  4.56122e-05  0.985256  
0.127186  2.14247  0.376858  
0.0197065  1.79481  0.742563  
0.0772007  4.81062  0.000491966  
0.249479  0.253869  5.48852e-08  
0.0014752  15.7959  0.209089  
1.33595  0.971441  0.339862  
0.000413911  0.0257921  4.86185  
0.617019  0.00972164  1.93898  
4.83011  0.678234  7.66074e-10  
0.00372163  0.329505  2.21575  
0.198649  4.74425  0.291169  
1.21607  3.89159e-06  0.000110227  
3.54709  1.85079  7.50711e-10  
0.0634341  1.06856  1.51432  
0.112413  1.67347  0.714688  
0.000322436  3.45252  2.54173  
0.145508  1.72394  0.690866  
0.124286  0.177921  0.197793  
0.14136  0.214843  0.143797  
0.206703  0.138652  0.154645  
0.234362  0.032294  0.233344  
3.29676e-05  0.198157  0.30181  
0.196608  0.303344  4.71833e-05  
0.397591  0.0510251  0.0513837  
1.74845e-05  0.137874  0.362109  
0.13795  0.362003  4.70548e-05  
0.138485  0.0513263  0.310189  
0.382669  3.54115e-05  0.117295  
0.0698488  0.170059  0.260092  
0.0840671  0.0336956  0.382237  
0.383031  0.116922  4.71833e-05  
0.449993  2.26753e-06  0.0500046  
0.44997  0.0499833  4.71153e-05  
0.0340484  0.242914  0.223038  
0.103297  0.310868  0.085835  
0.0862546  0.293116  0.120629  
0.258157  0.0691598  0.172683  
0.155041  0.293154  0.0518054  
0.174662  0.034267  0.291071  
0.107357  0.392624  1.87052e-05  
0.0716533  0.205139  0.223208  
0.258307  3.50954e-05  0.241658  
0.222628  0.203415  0.0739571  
0.0343085  0.291516  0.174175  
0.411029  0.088923  4.7619e-05  
0.0356963  0.0357941  0.42851  
1.95772e-05  0.107393  0.392587  
0.250483  0.124682  0.124835  
0.119846  0.259551  0.120604  
0.120062  0.120045  0.259893  
0.0907861  4.57785e-05  0.409168  
0.258553  0.241402  4.58746e-05  
0.052471  0.150221  0.297308  
4.67058e-05  4.24058e-05  0.499911  
0.166657  0.166683  0.166659  
4.92355e-05  0.383273  0.116678  
0.410889  4.38585e-05  0.0890671  
0.428524  0.0358075  0.0356683  
3.30292e-05  0.173036  0.326931  
0.0326495  0.345834  0.121516  
0.499953  1.09822e-06  4.61769e-05  
0.281785  0.033503  0.184712  
0.466552  0.0167542  0.0166934  
0.298901  0.0912411  0.109858  
0.276393  0.172223  0.0513837  
1.10819e-05  0.0501045  0.449884  
4.28782e-05  0.258539  0.241418  
0.214238  0.071545  0.214217  
4.99547e-05  0.499903  4.72304e-05  
0.105557  0.160058  0.234384  
0.0624273  0.084324  0.353249  
0.375821  0.062043  0.0621363  
0.0535428  0.429001  0.0174563  
0.084017  0.353155  0.0628281  
0.340633  0.15932  4.71833e-05  
0.159886  1.50722e-05  0.340099  
0.173015  0.326938  4.72173e-05  
0.345675  3.90982e-05  0.154286  
0.313636  0.134209  0.0521549  
5.03481e-05  0.448462  0.0514874  
3.96557e-05  0.344722  0.155239  
0.107037  0.0712689  0.321694  
0.159475  0.233404  0.107121  
0.0332995  0.466653  4.71886e-05  
0.0710774  0.321492  0.10743  
0.289413  0.193898  0.0166882  
0.198506  0.250878  0.0506165  
0.154169  0.109156  0.236675  
4.53001e-05  0.292934  0.20702  
0.0689168  0.274267  0.156816  
0.213209  0.270065  0.0167254  
0.0877815  0.230353  0.181865  
0.016724  0.214203  0.269073  
0.361561  0.0346091  0.10383  
0.0332275  0.397975  0.0687977  
0.120751  0.0171012  0.362148  
0.228886  0.104335  0.16678  
0.361793  0.103651  0.0345559  
0.237741  0.228495  0.0337638  
0.216908  7.03298e-06  0.283085  
0.190821  0.0511206  0.258059  
0.124175  0.342061  0.0337638  
0.19685  0.178132  0.125018  
0.258588  0.155171  0.0862413  
0.0344764  0.120829  0.344695  
0.310489  0.0512887  0.138223  
0.0513769  0.0682929  0.38033  
0.0499652  2.71323e-05  0.450008  
0.140726  0.18659  0.172683  
0.179207  0.123  0.197793  
0.310089  2.80368e-05  0.189883  
0.138159  0.275602  0.0862388  
0.138691  0.0850784  0.27623  
0.0672274  0.382156  0.0506165  
0.0862854  0.103525  0.310189  
0.325876  0.0873018  0.0868221  
4.5715e-05  0.416603  0.0833517  
4.28586e-05  0.20689  0.293067  
0.0517487  0.310326  0.137925  
0.31035  0.189601  4.92935e-05  
0.196318  0.303632  5.01232e-05  
0.294258  0.0857277  0.120015  
0.224769  0.13778  0.137451  
0.0332625  0.233585  0.233153  
0.172396  0.137787  0.189816  
5.059e-05  0.137904  0.362046  
0.383265  4.92314e-05  0.116685  
0.137898  0.362053  4.93887e-05  
0.137879  0.0516074  0.310514  
0.138115  0.223857  0.138028  
0.0338852  0.18647  0.279645  
0.0861589  0.0344448  0.379396  
0.103474  0.310299  0.086227  
4.92385e-05  0.416614  0.0833364  
0.251505  0.0336472  0.214848  
0.189739  3.18502e-05  0.310229  
0.0689179  0.379413  0.0516692  
0.197894  0.0503351  0.251771  
0.052471  0.150221  0.297308  
0.410621  5.13086e-05  0.0893274  
0.392784  0.107167  4.92139e-05  
0.155138  0.293133  0.0517291  
0.316573  0.0917212  0.0917058  
0.10714  0.39281  5.01926e-05  
0.034336  0.345422  0.120242  
4.85355e-05  0.107293  0.392659  
0.0738738  0.203588  0.222538  
0.119985  0.119999  0.260016  
0.222295  0.203653  0.074052  
0.448061  0.0346875  0.0172512  
0.0535745  0.429255  0.0171708  
0.035685  0.0356905  0.428624  
0.0332994  0.466652  4.86835e-05  
0.120032  0.259954  0.120015  
4.67058e-05  4.24058e-05  0.499911  
0.159991  3.25784e-05  0.339976  
0.433295  0.0666553  4.99537e-05  
0.0921463  5.00378e-05  0.407804  
4.99702e-05  0.499901  4.87948e-05  
0.346122  4.75415e-05  0.153831  
4.45789e-05  0.173025  0.326931  
0.4999  4.98013e-05  4.98653e-05  
0.174662  0.034267  0.291071  
0.0344836  0.293004  0.172512  
0.200241  0.117818  0.181941  
0.258565  0.241385  5.00064e-05  
0.222  0.0740846  0.203915  
0.173047  0.326903  5.01985e-05  
0.0623348  0.0841797  0.353485  
0.0840048  0.353548  0.062447  
0.2504  0.124796  0.124804  
0.375741  0.0621232  0.0621363  
4.93269e-05  0.383273  0.116678  
0.25854  4.9065e-05  0.241411  
0.166663  0.166678  0.166659  
0.29313  0.0344542  0.172416  
0.197741  0.251865  0.050394  
5.12281e-05  0.258538  0.241411  
0.137967  0.275806  0.086227  
0.339983  0.159967  5.0422e-05  
5.15449e-05  0.448305  0.0516436  
0.293078  0.172442  0.0344806  
5.02574e-05  0.344711  0.155239  
0.0500176  1.66322e-05  0.449966  
0.107261  0.0714178  0.321321  
0.108449  0.235006  0.156545  
0.156459  0.108484  0.235057  
0.0714049  0.321508  0.107087  
0.21276  0.270351  0.016889  
0.0166698  0.216587  0.266743  
0.0517451  0.0517501  0.396505  
4.57611e-05  0.310286  0.189669  
0.178616  0.214316  0.107068  
5.08314e-06  0.049999  0.449996  
0.0341667  0.396822  0.0690112  
0.361688  0.0344819  0.10383  
0.120729  0.0172246  0.362046  
0.344571  0.120969  0.0344599  
0.214695  0.0167708  0.268534  
0.124807  0.341094  0.0340986  
0.414276  0.0514366  0.0342871  
0.106894  0.160842  0.232264  
0.310308  4.40937e-05  0.189648  
0.0344764  0.120829  0.344695  
0.258686  0.155087  0.0862274  
0.0517825  0.258402  0.189815  
0.258784  0.0859775  0.155239  
0.450059  4.98617e-05  0.0498907  
0.121143  0.189278  0.189579  
0.365686  0.0843255  0.049988  
0.206857  0.172542  0.120601  
0.137914  0.0862139  0.275873  
0.309895  0.0516218  0.138483  
0.268461  0.214796  0.0167436  
0.0862141  0.275849  0.137937  
0.293081  0.138008  0.068911  
0.0865663  0.120973  0.292461  
0.103235  0.0148129  0.381952  
0.310344  0.189605  5.10031e-05  
0.433413  0.066537  4.99761e-05  
0.344843  0.0688651  0.0862917  
0.196427  0.303522  5.05754e-05  
4.41932e-05  0.1972  0.302756  
0.243273  0.085579  0.171148  
0.0333675  0.233583  0.233049  
0.172417  0.137934  0.189649  
0.383272  4.99665e-05  0.116678  
5.08697e-05  0.137904  0.362046  
0.1379  0.36205  5.08577e-05  
0.13797  0.224086  0.137945  
0.466698  4.79847e-05  0.0332544  
0.103474  0.310299  0.086227  
0.0688481  0.172828  0.258324  
0.398079  0.0509692  0.0509517  
0.383283  0.116682  3.47283e-05  
4.989e-05  0.416627  0.083323  
0.224329  5.32228e-06  0.275666  
0.251206  0.0335037  0.21529  
0.206865  0.172409  0.120726  
0.308967  0.139303  0.0517291  
0.293124  0.0344601  0.172416  
0.15514  0.293131  0.0517291  
0.410728  0.0892208  5.11157e-05  
5.12234e-05  0.107187  0.392762  
0.0881392  2.30632e-05  0.411838  
0.222236  0.203712  0.074052  
0.448254  0.0345048  0.0172415  
0.263054  0.118603  0.118344  
0.0344885  0.293046  0.172466  
0.0535745  0.429255  0.0171708  
0.0516998  0.25861  0.18969  
0.0524927  0.1501  0.297407  
0.0172712  0.0538027  0.428926  
0.310387  0.0517037  0.137909  
0.119986  0.259999  0.120015  
0.25854  4.96092e-05  0.241411  
0.0740443  0.203729  0.222226  
0.339969  0.159981  5.07861e-05  
0.174659  0.0342702  0.291071  
0.0332993  0.466651  4.99902e-05  
4.99701e-05  0.4999  4.99902e-05  
4.98418e-05  0.383273  0.116678  
0.0840184  0.353535  0.062447  
0.4999  4.98013e-05  4.99761e-05  
0.375724  0.0621401  0.0621363  
0.166664  0.166677  0.166659  
0.107139  0.392809  5.11443e-05  
0.410679  5.13158e-05  0.0892698  
0.258568  0.241381  5.08739e-05  
0.0713933  0.321456  0.107151  
0.0620815  0.087539  0.35038  
0.26847  0.214773  0.016757  
0.134648  4.3689e-05  0.365308  
5.14858e-05  0.258552  0.241396  
0.222013  0.0740716  0.203915  
4.83148e-05  4.93164e-05  0.499902  
0.173071  0.326878  5.10509e-05  
0.119987  0.119997  0.260016  
4.95102e-05  0.17302  0.326931  
0.0344783  0.396575  0.0689471  
0.346119  5.03811e-05  0.153831  
0.0862139  0.275848  0.137938  
5.15377e-05  0.448243  0.0517058  
5.11154e-05  0.344799  0.15515  
0.107146  0.0714064  0.321447  
0.108433  0.234973  0.156594  
0.189638  5.15567e-05  0.31031  
0.156652  0.108417  0.23493  
0.315083  0.092489  0.0924279  
0.212646  0.270465  0.016889  
0.0166698  0.216587  0.266743  
0.224275  0.137831  0.137894  
0.178574  0.214266  0.10716  
0.0344733  0.120818  0.344708  
0.0492401  1.33869e-05  0.450747  
0.361951  0.0345069  0.103542  
0.361982  0.103538  0.0344803  
0.0689285  0.379372  0.0516995  
0.293083  0.172437  0.0344803  
0.125008  0.340896  0.0340963  
0.106894  0.160842  0.232264  
0.197894  0.0503351  0.251771  
0.0517254  0.051729  0.396546  
0.431091  0.0172082  0.0517005  
0.258591  0.155182  0.086227  
0.275614  0.0862894  0.138096  
0.137946  0.275827  0.086227  
0.120732  0.189613  0.189655  
5.04027e-05  0.310281  0.189669  
0.200557  0.117069  0.182375  
1.61442e-05  0.0337822  0.466202  
0.137914  0.0862139  0.275873  
0.310304  4.87354e-05  0.189648  
0.120938  0.033087  0.345975  
0.197847  0.251797  0.0503565  
0.086191  0.120767  0.293042  
0.0343371  0.345433  0.12023  
0.01661  0.232769  0.250621  
0.278396  0.0847516  0.136853  
0.0517176  0.310497  0.137786  
0.321578  0.178372  5.04463e-05  
0.243571  0.0341084  0.222321  
0.433336  4.90857e-05  0.0666149  
0.200035  4.69867e-05  0.299918  
0.327544  0.0862597  0.0861962  
0.196427  0.303522  5.05789e-05  
0.224419  0.13779  0.137791  
0.13514  2.1064e-05  0.364839  
3.99299e-05  0.310138  0.189823  
0.137899  0.362049  5.16235e-05  
0.383271  0.116679  4.99607e-05  
0.466804  0.033146  4.99966e-05  
0.232867  0.233881  0.0332512  
0.383146  4.99925e-05  0.116804  
0.398079  0.0509692  0.0509517  
4.99367e-05  0.416627  0.083323  
0.275705  0.172431  0.0518635  
0.0861101  0.275895  0.137994  
0.259091  0.0688687  0.17204  
0.316539  0.130711  0.0527493  
2.01769e-05  0.155044  0.344936  
0.155153  0.293117  0.0517291  
0.154759  0.0517265  0.293515  
0.315807  0.0526908  0.131502  
0.285719  0.0336295  0.180651  
0.410679  5.1317e-05  0.0892698  
0.107139  0.392809  5.11518e-05  
0.222187  0.203749  0.0740633  
0.0169418  0.179227  0.303831  
0.107696  1.72284e-05  0.392287  
0.0535745  0.429255  0.0171708  
0.447912  0.0173612  0.0347268  
0.0528091  0.0175989  0.429592  
0.124571  0.196678  0.178751  
0.119991  0.260008  0.120001  
0.410728  0.0892208  5.13361e-05  
0.0697268  0.138424  0.291849  
0.105322  0.125588  0.26909  
5.16912e-05  0.258552  0.241396  
4.99701e-05  0.4999  4.99902e-05  
0.260119  0.119946  0.119935  
1.58076e-05  0.120615  0.379369  
0.0840306  0.353586  0.0623834  
0.0714744  0.214381  0.214145  
0.0172309  0.275912  0.206857  
0.25858  5.05046e-05  0.24137  
0.166664  0.166677  0.166659  
0.0533313  0.108042  0.338627  
4.83148e-05  4.93164e-05  0.499902  
0.4999  4.98013e-05  4.99809e-05  
0.258568  0.241381  5.16378e-05  
0.0875865  0.0620355  0.350378  
5.15363e-05  0.44823  0.0517185  
0.340136  4.66978e-05  0.159817  
2.66216e-05  0.0679685  0.432005  
0.173441  4.49307e-05  0.326514  
0.374876  0.0625462  0.0625776  
0.0346803  0.29235  0.172969  
4.2683e-05  0.344555  0.155402  
4.98778e-05  0.383273  0.116678  
0.213986  0.0715715  0.214443  
2.42354e-05  0.216488  0.283488  
0.173071  0.326877  5.15673e-05  
0.344721  0.155229  5.06367e-05  
0.249621  0.161109  0.0892698  
0.157181  0.107213  0.235606  
0.160705  0.232144  0.107151  
0.049512  5.95241e-06  0.450482  
0.289702  0.193181  0.0171167  
0.0713933  0.321456  0.107151  
0.235767  0.108779  0.155454  
0.212593  0.270509  0.0168981  
0.214791  0.0167643  0.268445  
0.0871018  0.168733  0.244165  
0.0344778  0.396569  0.068953  
0.0689626  0.0515319  0.379506  
0.0871099  0.243924  0.168966  
0.29979  4.11587e-05  0.200168  
0.0345022  0.0689357  0.396562  
0.125583  0.0337409  0.340676  
0.36213  0.0343929  0.103477  
0.125008  0.340896  0.0340963  
0.361982  0.103538  0.0344803  
0.304245  0.088948  0.106807  
0.432159  0.0508657  0.0169753  
0.19547  0.17925  0.12528  
0.189808  0.12081  0.189382  
0.0332993  0.466651  4.9996e-05  
0.120763  0.086268  0.292969  
0.0168134  0.0167885  0.466398  
0.0515823  0.189118  0.259299  
0.106836  0.304219  0.0889442  
0.172933  0.258099  0.0689689  
0.0344546  0.344911  0.120635  
0.142945  0.142956  0.214099  
0.188162  0.0512905  0.260548  
0.0689286  0.379372  0.0516994  
0.321388  0.178562  5.00011e-05  
0.241281  0.0344094  0.224309  
0.433249  4.90759e-05  0.0667016  
0.223465  0.137935  0.1386  
0.142868  0.214356  0.142776  
0.196427  0.303522  5.05789e-05  
0.196412  4.67224e-05  0.303541  
0.0333299  0.233331  0.233339  
0.327468  0.103579  0.068953  
0.137943  0.137955  0.224102  
0.137914  0.362034  5.13251e-05  
0.13792  3.95352e-05  0.362041  
4.8849e-05  0.310314  0.189638  
0.293124  0.137923  0.068953  
0.383271  0.116679  5.00012e-05  
0.0861352  0.103386  0.310479  
0.051695  0.258544  0.189761  
0.466654  0.0332961  4.99978e-05  
0.383284  4.92897e-05  0.116667  
0.397785  0.0511169  0.0510985  
4.99367e-05  0.416627  0.083323  
0.234528  0.215119  0.050353  
0.0172369  0.0688028  0.41396  
0.316758  0.0528182  0.130424  
0.155154  0.293118  0.0517282  
0.189661  0.120716  0.189622  
0.10713  2.57822e-05  0.392844  
0.410679  5.1317e-05  0.0892698  
0.107139  0.392809  5.11888e-05  
0.0714482  0.214302  0.21425  
0.222187  0.203749  0.0740633  
0.44803  0.0172777  0.0346923  
0.289828  0.193081  0.017091  
0.410704  0.0892444  5.13361e-05  
0.214225  0.0715553  0.214219  
0.0535745  0.429255  0.0171708  
0.0538461  0.0172689  0.428885  
0.154848  0.0517585  0.293394  
0.119995  0.260005  0.120001  
0.212593  0.270509  0.0168981  
0.0170993  0.175325  0.307576  
0.275132  0.0344559  0.190412  
0.259989  0.120011  0.120001  
5.16987e-05  0.258589  0.241359  
4.4203e-05  0.214246  0.28571  
0.101381  0.134861  0.263758  
4.83148e-05  4.93164e-05  0.499902  
4.99701e-05  0.4999  4.99884e-05  
0.166665  0.166676  0.166659  
4.98837e-05  0.383279  0.116671  
0.017231  0.275913  0.206856  
0.4999  4.99027e-05  4.99894e-05  
0.0841904  0.353426  0.0623834  
0.258587  5.06281e-05  0.241363  
0.258598  0.24135  5.17108e-05  
0.316549  0.130701  0.0527493  
0.0876551  0.0618148  0.35053  
4.66413e-05  0.0333101  0.466643  
0.173091  4.9644e-05  0.326859  
0.374943  0.0624795  0.0625776  
5.11967e-05  0.120718  0.379231  
0.0517208  0.189626  0.258653  
0.173065  0.326884  5.16122e-05  
0.0345834  0.292608  0.172808  
0.344854  0.155094  5.16865e-05  
0.235091  0.108544  0.156364  
0.340028  5.07022e-05  0.159921  
5.16059e-05  0.44823  0.0517185  
5.11871e-05  0.344738  0.155211  
0.157093  0.107264  0.235644  
0.0535715  0.10719  0.339238  
0.16071  0.23215  0.10714  
0.0713931  0.321455  0.107152  
0.214791  0.0167643  0.268445  
0.0344778  0.396569  0.068953  
0.107185  0.232072  0.160743  
0.249765  0.16112  0.089115  
0.196717  0.178556  0.124726  
0.362036  0.0344983  0.103465  
0.12501  0.340903  0.0340876  
0.120966  0.0344598  0.344574  
0.361993  0.103531  0.0344754  
0.0344547  0.34491  0.120635  
0.1249  0.178656  0.196444  
0.124994  0.0892711  0.285735  
0.303756  0.0891036  0.10714  
0.0689036  0.138083  0.293013  
0.431251  0.0515673  0.017182  
0.0333237  0.466626  4.99887e-05  
0.068914  0.0517345  0.379351  
0.0861446  0.276006  0.137849  
0.299962  4.64851e-05  0.199991  
5.06186e-05  0.155273  0.344676  
0.120692  0.293096  0.0862118  
0.0496609  1.31151e-05  0.450326  
0.172408  0.258639  0.068953  
0.172385  0.0689561  0.258659  
0.068929  0.379374  0.0516966  
0.0861642  0.17232  0.241516  
0.258469  0.0689318  0.172599  
0.433299  4.99441e-05  0.0666506  
0.241389  0.0344705  0.22414  
0.142868  0.214356  0.142776  
0.196419  0.30353  5.05789e-05  
0.196412  4.67228e-05  0.303541  
0.0333299  0.233331  0.233339  
0.224148  0.13794  0.137912  
0.327773  0.103336  0.0688904  
0.137914  0.362034  5.17149e-05  
0.137923  0.137936  0.224141  
0.137911  4.82549e-05  0.362041  
5.14607e-05  0.310311  0.189638  
0.293119  0.13792  0.0689604  
0.383271  0.116679  5.00012e-05  
0.0861387  0.103383  0.310479  
0.0517105  0.258622  0.189667  
0.466654  0.0332961  4.99978e-05  
0.383284  4.97468e-05  0.116667  
0.397775  0.0511157  0.0511094  
0.0166643  0.0333286  0.450007  
4.99367e-05  0.416627  0.083323  
0.234885  0.21478  0.0503357  
3.55395e-05  0.0690414  0.430923  
0.155156  0.293116  0.0517274  
0.0344773  0.396562  0.0689604  
0.155176  0.0517466  0.293077  
0.410704  0.0892444  5.13361e-05  
0.448081  0.0172797  0.034639  
0.214222  0.0715542  0.214224  
0.0170902  0.175288  0.307621  
0.0535745  0.429255  0.0171708  
0.0534342  0.0171949  0.429371  
5.16058e-05  0.44823  0.0517187  
0.119995  0.260005  0.120001  
0.316766  0.130485  0.0527493  
0.101248  0.135032  0.26372  
0.258598  0.24135  5.17133e-05  
0.16666  0.166672  0.166668  
4.99701e-05  0.4999  4.99894e-05  
0.107111  4.48048e-05  0.392844  
0.172389  0.0689576  0.258653  
4.83148e-05  4.93164e-05  0.499902  
0.4999  4.99063e-05  4.99894e-05  
5.16987e-05  0.258589  0.241359  
0.0714435  0.214288  0.214268  
0.260001  0.119998  0.120001  
0.375003  0.0624919  0.0625052  
0.0876155  0.0618544  0.35053  
0.107139  0.392809  5.11888e-05  
0.0841904  0.353426  0.0623834  
0.172446  0.258594  0.0689603  
0.0344912  0.292929  0.17258  
0.17309  5.11288e-05  0.326859  
0.258593  5.08778e-05  0.241356  
0.249931  0.160791  0.0892778  
5.11749e-05  0.120667  0.379282  
0.316753  0.052791  0.130456  
0.431248  0.051567  0.0171854  
0.173065  0.326884  5.16122e-05  
4.9992e-05  0.383283  0.116667  
0.344793  0.155155  5.16873e-05  
0.214791  0.0167643  0.268445  
0.410679  5.1317e-05  0.0892699  
0.222187  0.203749  0.0740633  
0.340016  5.07004e-05  0.159933  
0.0535649  0.107161  0.339274  
5.14894e-05  0.344771  0.155178  
0.196477  0.178573  0.124951  
0.157093  0.107264  0.235644  
0.275631  0.034507  0.189862  
0.0333237  0.466626  4.99914e-05  
0.16071  0.23215  0.10714  
0.0331673  3.1616e-05  0.466801  
0.289865  0.193106  0.0170291  
0.0713931  0.321455  0.107152  
4.97545e-05  0.214242  0.285708  
0.212593  0.270509  0.0168981  
0.234964  0.108443  0.156593  
0.107129  0.232128  0.160743  
0.0344538  0.0689074  0.396639  
0.0517208  0.189626  0.258653  
0.362046  0.0344884  0.103465  
0.12501  0.340903  0.0340876  
0.123083  0.0342523  0.342665  
0.36207  0.103454  0.0344755  
0.124926  0.17863  0.196444  
0.125009  0.0892825  0.285708  
0.303626  0.0892772  0.107097  
0.0689497  0.138024  0.293026  
0.189655  0.120712  0.189632  
0.017231  0.275913  0.206856  
0.086203  0.275878  0.137919  
4.95718e-05  0.155163  0.344788  
0.120692  0.293096  0.0862118  
0.29997  4.84761e-05  0.199982  
0.0344547  0.34491  0.120635  
0.0689375  0.0517118  0.379351  
0.086193  0.172378  0.241429  
0.068929  0.379374  0.0516966  
0.258604  0.0689677  0.172429  
