5.6729  5.31858  
5.08942  8.27139  
8.05907  7.67298  
7.39305  6.3336  
6.05774  6.83144  
6.58856  6.45472  
6.75532  4.49443  
6.24794  4.86123  
7.00052  5.66748  
5.75044  4.17951  
5.42409  5.35667  
5.79448  6.31191  
4.28731  6.53738  
5.57028  5.13517  
6.96334  4.5831  
5.51202  6.1767  
7.72868  5.6957  
5.13912  6.66855  
4.77266  7.24486  
6.15463  4.57074  
4.22565  5.47202  
4.80221  4.11732  
7.37864  4.57058  
5.83834  6.25581  
5.90781  6.14423  
7.92031  6.17654  
5.23424  4.58488  
4.31801  6.48381  
6.37411  7.04467  
6.12726  4.37543  
6.16896  6.75772  
7.01001  4.53244  
5.88353  4.6868  
4.29501  7.22214  
6.67857  5.33807  
4.30927  4.1523  
5.71827  6.15337  
6.22586  5.18254  
7.9327  5.28215  
7.72951  5.50609  
5.4731  5.59363  
5.14363  5.82511  
6.39925  5.91008  
6.55676  3.85416  
5.05058  5.41161  
4.19264  6.24511  
4.622  5.28727  
4.85503  6.52548  
4.51548  6.33245  
6.83868  8.68881  
5.31409  6.71753  
4.06269  6.32839  
5.68021  4.05263  
4.78007  4.83721  
6.42306  6.54038  
6.38949  7.03729  
4.07347  6.14679  
6.31525  4.88545  
5.20139  6.29841  
6.94936  6.13349  
5.79784  4.97244  
8.20523  7.36534  
3.85964  4.27889  
4.58279  7.33388  
6.32395  7.19206  
6.04294  5.43165  
6.02156  5.59609  
6.97116  3.5754  
3.81327  4.96008  
7.30343  5.96685  
3.97798  6.45804  
6.45497  5.79688  
6.83833  4.15139  
6.94524  6.49627  
6.96953  6.54518  
6.24036  6.02166  
6.56552  6.94247  
4.62467  6.01849  
5.90652  7.09909  
7.17696  6.20671  
6.16886  5.81192  
5.1299  6.03857  
4.37195  5.42501  
4.83751  5.72707  
6.43443  7.47724  
6.15679  7.3095  
8.63739  5.5603  
4.12392  5.41972  
5.54241  7.37328  
5.93113  6.47152  
5.35525  5.0839  
7.05764  5.1921  
5.46055  5.24513  
6.56039  5.82209  
6.05075  4.75754  
5.83425  5.49895  
4.99763  6.83664  
5.52486  6.32708  
5.77636  5.98135  
7.37396  4.56317  
5.11712  5.68108  
4.65668  4.87338  
4.23232  4.87957  
4.73994  4.35702  
4.17456  5.69007  
4.01047  4.66765  
3.96275  4.96972  
6.39327  3.86308  
3.63009  5.63775  
4.07614  4.30734  
5.11116  3.90111  
3.48391  4.60631  
5.25988  3.81336  
4.42724  4.15335  
4.92025  3.98678  
3.42618  4.74239  
3.34288  6.30814  
5.52172  3.0382  
3.71297  4.27653  
3.37414  5.36363  
3.83566  2.93993  
4.48911  2.46542  
2.61017  4.61504  
3.63351  2.92973  
4.22854  2.89011  
2.4584  3.88952  
2.38455  4.45926  
4.37933  4.47236  
2.89007  3.45918  
5.38662  2.21561  
1.57492  4.16156  
2.52377  5.5287  
3.56045  2.36129  
4.11891  3.84313  
4.97826  3.47803  
4.73669  2.22912  
4.08629  3.93444  
2.42523  3.36411  
3.8301  2.08449  
4.1208  3.34551  
2.76582  1.91742  
3.2429  3.40141  
2.27156  5.58455  
5.34504  2.74633  
1.95233  3.74807  
4.20144  2.45896  
1.77418  4.12321  
2.27499  2.59347  
2.36915  2.86404  
3.57094  4.09844  
2.58761  3.62752  
1.95075  3.91676  
6.26393  2.13059  
2.50608  4.64207  
2.35172  4.68743  
3.51478  3.37985  
2.90456  2.20154  
3.30427  3.3728  
1.95314  4.1936  
5.01451  3.25227  
1.56964  5.29007  
1.98085  4.52644  
3.42783  2.15178  
2.81491  3.97771  
4.52802  5.48271  
2.72426  3.647  
4.4762  2.33105  
3.10585  2.38259  
3.47918  3.0636  
2.56948  4.21751  
4.59156  2.47717  
3.8675  2.99186  
2.68984  4.29841  
3.09862  3.93562  
3.95304  3.49263  
2.96579  4.27093  
4.02124  3.99423  
5.07447  2.64032  
2.84577  5.25154  
4.84196  3.42444  
4.17486  3.23852  
3.46526  4.04013  
2.90059  5.2939  
3.71441  3.18208  
4.55301  3.15204  
2.88988  4.78131  
4.81287  1.5884  
3.88202  3.86451  
4.70035  3.1283  
5.00611  3.1209  
3.46088  4.18257  
3.28599  4.29846  
4.80367  3.57086  
5.13782  2.66278  
2.99675  4.85029  
4.22476  3.91454  
3.37818  4.44319  
6.32748  2.71597  
3.02782  5.54078  
3.6219  4.25111  
4.63039  5.26294  
4.05534  5.44236  
3.95666  4.9532  
4.66402  4.86892  
4.00974  4.66499  
3.6297  5.61369  
4.73566  4.35686  
3.6608  4.71164  
5.10867  3.89933  
4.07516  4.30567  
4.91633  3.98536  
3.34241  6.12002  
3.48216  4.59927  
3.37336  5.34848  
3.70433  4.27411  
4.22402  3.91339  
3.02458  5.51536  
3.37422  4.44068  
2.72294  3.64621  
2.56938  3.73691  
2.84532  5.24849  
3.61971  2.92864  
2.38386  4.45576  
3.47576  3.06192  
2.90433  2.20025  
2.26959  5.59575  
2.88893  3.45835  
2.45807  3.88631  
3.55723  2.36102  
4.46604  2.28068  
4.73395  2.22596  
3.10393  2.37956  
4.11823  3.83947  
2.58595  3.62676  
1.95173  3.74688  
2.34999  4.33864  
3.61745  4.24965  
4.57317  1.5878  
2.76575  1.91708  
3.42117  4.15603  
2.27349  2.59236  
2.1584  4.42728  
1.57377  4.16211  
3.0935  3.37035  
4.8525  3.81029  
3.42665  2.15076  
2.88705  4.77753  
1.77259  4.12261  
4.08645  2.4538  
6.39205  3.86291  
4.45957  2.46218  
4.30607  4.45402  
1.95002  3.91373  
3.77357  2.57422  
1.94808  4.17341  
1.56887  5.28711  
3.82467  2.08381  
2.42536  2.90892  
2.36886  2.86188  
6.19404  2.12824  
4.11925  3.34362  
4.47534  2.33072  
2.52347  5.04062  
3.88139  3.86199  
3.65208  3.10771  
3.86683  2.98974  
2.60841  4.61635  
4.22471  2.88779  
2.68505  4.28382  
3.57019  3.86235  
3.5116  3.37952  
5.38336  2.21493  
2.78891  3.97077  
4.17795  2.91644  
3.28424  4.29709  
4.84431  2.56196  
5.57811  2.55614  
5.1373  2.66076  
3.92369  3.44929  
4.26913  3.1586  
4.50101  3.12644  
1.9803  4.5215  
2.93706  4.25658  
3.23969  3.39802  
3.95274  3.49103  
3.55651  3.96198  
4.73656  3.25149  
3.09771  3.92948  
2.99453  4.63941  
5.07442  2.74488  
5.00244  3.11886  
4.96592  3.24574  
3.45911  4.14578  
5.51532  3.03567  
2.90015  4.81035  
4.84225  3.42271  
3.46273  4.03955  
4.80256  3.56855  
3.74643  4.87914  
4.42574  3.82749  
4.0382  5.44249  
4.27446  4.87978  
4.654  4.86553  
3.95664  4.95294  
4.30585  4.45388  
4.73542  4.35684  
3.74466  4.87771  
5.1085  3.89929  
3.62966  5.6136  
5.90434  3.86084  
4.85226  3.76025  
3.37329  5.34806  
3.48198  4.59888  
4.22269  3.91256  
3.34235  6.11766  
4.91721  3.65495  
3.7038  4.27409  
4.11818  3.83926  
4.42633  3.51898  
3.3125  4.73534  
2.56801  3.72495  
3.61795  2.92727  
2.76568  1.91703  
2.58591  3.62635  
3.76916  2.5712  
4.00969  4.66495  
4.47519  2.33057  
2.72413  3.32143  
4.84253  3.42196  
3.48873  2.36094  
4.73381  2.22582  
1.95162  3.74679  
3.10391  2.37937  
2.41673  2.90911  
2.38373  4.45551  
2.14949  4.41998  
1.58406  4.46663  
4.17019  2.91465  
2.27289  2.59197  
3.47529  3.06161  
2.14362  4.62336  
2.458  3.88624  
3.88135  3.86193  
5.38307  2.21483  
1.94648  4.16963  
4.45661  2.45958  
1.57372  4.16152  
4.50002  3.1262  
3.8246  2.0838  
4.56874  1.58767  
2.9943  4.63929  
1.77244  4.12258  
1.94997  3.91486  
4.4651  2.28026  
1.98022  4.52125  
6.19288  2.12818  
2.90423  2.20023  
2.36867  2.86167  
3.45888  4.14561  
3.42652  2.15069  
2.26905  5.57163  
3.65191  3.10738  
3.23925  3.3978  
5.13702  2.66065  
2.67777  4.25925  
2.52346  5.0403  
3.86667  2.98962  
3.61721  4.24962  
2.9001  4.8101  
3.09116  3.36148  
4.22442  2.88768  
2.73364  3.97037  
2.34919  4.33692  
5.57766  2.55597  
2.84516  5.24512  
4.84352  2.56182  
3.08475  3.86242  
2.93555  4.25468  
4.16908  3.14827  
2.88481  4.57739  
3.51159  3.37905  
4.11918  3.34339  
3.09807  3.92782  
3.46077  4.03598  
3.92342  3.4485  
4.96435  2.9219  
2.88874  3.45831  
4.73647  3.25103  
3.57021  3.88269  
1.56867  5.28688  
5.0733  2.74075  
3.42115  3.91389  
3.95258  3.49073  
3.0218  5.51185  
5.51452  3.03566  
4.08432  2.45314  
3.37344  4.11759  
5.00205  3.11884  
3.28416  4.29702  
4.80074  3.27778  
5.90366  3.85876  
5.1083  3.89925  
4.91644  3.6537  
4.85221  3.48522  
4.27275  4.87421  
4.73538  4.35683  
4.17865  4.88257  
4.03793  5.44673  
4.84788  3.4205  
3.46969  4.95303  
4.01208  4.34039  
3.37326  5.34794  
3.74459  4.42321  
4.30579  4.45383  
3.48195  4.59877  
4.8012  3.27761  
3.34231  6.11756  
4.42565  3.50266  
3.40269  4.3125  
3.31174  4.70825  
3.45811  4.14536  
5.5145  3.03566  
3.76904  2.57108  
2.88874  3.45825  
2.38367  4.45545  
3.47528  3.06156  
4.11913  3.34334  
5.38308  2.2148  
2.44052  3.97137  
2.99426  4.63926  
2.58587  3.62632  
4.47513  2.33057  
3.13494  5.62001  
4.73376  2.2258  
2.41035  2.9082  
2.72287  3.32131  
5.83711  2.12817  
2.12073  4.61552  
1.56864  5.28684  
3.4191  2.14702  
3.82455  2.08379  
2.67417  4.2448  
2.45799  3.8862  
3.09798  3.92768  
2.15061  4.08349  
2.27279  2.59189  
2.36866  2.86166  
2.26644  5.57251  
2.56798  3.72493  
3.48081  2.36282  
2.76505  1.91636  
3.95257  3.49067  
1.57371  4.16103  
3.42483  3.91227  
4.39725  2.28052  
4.23604  3.25152  
1.77243  4.12255  
1.94631  4.16928  
1.97805  4.54966  
4.5687  1.58765  
2.90481  2.00525  
1.94992  3.91373  
3.10381  2.37935  
3.61757  2.92718  
3.08738  3.3513  
4.08204  2.45125  
3.2393  3.39771  
5.07284  2.73905  
4.45665  2.4582  
4.11814  3.38495  
2.52342  5.04023  
3.88079  2.88754  
2.93502  4.25451  
2.87269  4.56994  
3.6519  3.10736  
3.08277  3.86207  
4.16843  3.14714  
3.51158  3.37904  
2.34897  4.33578  
3.86666  2.98959  
1.58335  4.45288  
3.53265  3.51317  
3.94393  2.91444  
2.84515  5.2443  
2.90009  4.81003  
4.7909  3.11849  
5.57711  2.55587  
4.84344  2.56179  
1.94625  3.47038  
3.71891  3.44855  
3.45911  3.83836  
3.01878  5.50752  
5.137  2.66054  
3.37337  4.11564  
3.28411  4.29699  
4.96434  2.92038  
3.88132  3.86193  
4.50014  3.12612  
3.87362  3.9139  
3.35131  4.2496  
1.64463  3.65976  
1.43671  4.1613  
1.57201  3.83841  
1.37956  4.25786  
1.94452  3.17657  
1.37458  4.2934  
4.57392  1.402  
1.43671  4.1613  
1.57357  3.83752  
1.57068  4.1584  
4.65972  1.39303  
1.99262  2.2047  
1.57068  4.1584  
2.35275  2.01665  
1.94452  3.17657  
2.71167  1.50045  
2.10509  2.19445  
1.94481  3.17254  
2.34922  2.15226  
1.94481  3.17254  
4.57392  1.402  
4.57392  1.402  
2.64069  1.50756  
2.05988  2.19496  
1.94416  3.31916  
2.34956  2.097  
2.20372  2.19013  
1.57068  4.1584  
4.5697  1.42431  
2.72895  1.49564  
2.36984  2.00522  
2.14038  2.19169  
1.94623  2.46673  
1.57068  4.1584  
2.36057  2.0072  
1.94742  2.28014  
1.94654  2.28201  
4.57392  1.402  
1.57201  3.96891  
2.63216  1.50818  
2.35186  2.01846  
1.66264  3.64961  
1.6048  3.68317  
1.9592  2.25326  
4.65972  1.39303  
1.37956  4.25786  
1.43671  4.1613  
1.57201  3.83841  
2.35275  2.01665  
4.57808  1.39345  
1.37956  4.25786  
1.94452  3.17657  
1.94416  3.31516  
1.37458  4.2934  
1.99262  2.2047  
4.65972  1.39303  
1.67914  3.64851  
2.72929  1.48866  
1.37458  4.2934  
1.57478  3.69697  
2.10509  2.19445  
1.39946  4.1935  
1.40344  4.17228  
1.99039  2.20973  
1.64463  3.65976  
2.34922  2.15226  
1.43671  4.1613  
1.57201  3.96891  
2.14041  2.19161  
1.94481  3.17254  
2.34922  2.15226  
4.56946  1.42533  
1.94621  2.54525  
1.57201  3.96891  
2.38498  2.00519  
1.94622  2.49924  
4.5733  1.41478  
2.72895  1.49564  
1.94643  2.46174  
4.57392  1.402  
1.57201  3.99262  
1.94622  2.53937  
1.57357  3.83752  
1.94481  3.17254  
4.68323  1.393  
1.94654  2.28201  
2.20372  2.19013  
2.34922  2.15226  
1.94425  3.31367  
2.34922  2.15226  
1.37458  4.2934  
2.36984  2.00522  
4.68323  1.393  
1.99039  2.20973  
4.5733  1.41478  
1.37956  4.25786  
1.94481  3.17254  
2.71167  1.50045  
2.71167  1.50045  
1.57201  3.99262  
2.69152  1.48049  
2.27451  1.48186  
2.27451  1.48186  
2.35072  1.48091  
2.27452  1.48153  
4.08197  1.39271  
1.94487  2.18012  
2.27451  1.48186  
2.27451  1.48186  
2.27452  1.48153  
1.56661  3.17935  
2.27452  1.48153  
2.27451  1.48186  
2.27451  1.48186  
2.27452  1.48153  
2.27452  1.48153  
2.27451  1.48186  
2.27452  1.48153  
2.27452  1.48153  
2.27451  1.48186  
1.56661  3.17935  
2.27451  1.48186  
2.82417  1.48049  
2.27451  1.48186  
2.27451  1.48186  
1.56661  3.17935  
2.35072  1.48091  
2.69152  1.48049  
2.27452  1.48153  
2.27451  1.48186  
1.94486  2.18059  
2.27452  1.48153  
2.27452  1.48153  
2.27452  1.48153  
1.46315  3.72317  
2.69246  1.48049  
2.27501  1.48152  
1.56661  3.17935  
2.27451  1.48186  
1.37309  3.72373  
1.94487  2.18012  
1.56534  3.17955  
2.27452  1.48153  
1.94487  2.18012  
4.08527  1.3875  
1.36774  3.74991  
2.27452  1.48153  
2.69152  1.48049  
2.35072  1.48091  
2.82417  1.48049  
1.94121  3.14638  
1.56661  3.17935  
1.69526  3.17847  
2.01112  2.18012  
1.56661  3.17935  
1.56661  3.17935  
1.56528  3.17994  
4.08197  1.39271  
1.94135  3.14136  
2.27452  1.48153  
1.3707  3.72628  
1.94487  2.18012  
1.46315  3.72317  
2.27452  1.48153  
2.27451  1.48186  
2.35072  1.48091  
1.56692  3.17926  
1.94487  2.18012  
1.94486  2.18059  
2.27451  1.48186  
2.35072  1.48091  
2.27451  1.48186  
2.27452  1.48153  
1.94487  2.18012  
2.27452  1.48153  
2.27451  1.48186  
2.27452  1.48153  
2.27451  1.48186  
2.27452  1.48153  
1.94487  2.18012  
2.69152  1.48049  
2.27452  1.48153  
2.27452  1.48153  
1.56661  3.17935  
2.27451  1.48186  
2.27452  1.48153  
1.56661  3.17935  
2.27452  1.48153  
2.27451  1.48186  
2.27451  1.48186  
2.27452  1.48153  
2.27451  1.48186  
1.36774  3.74991  
1.94486  2.18059  
2.69152  1.48049  
2.27451  1.48186  
2.27452  1.48153  
2.27452  1.48153  
2.27451  1.48186  
2.27451  1.48186  
1.87518  2.18074  
1.55858  3.17418  
2.69151  1.28553  
1.87518  2.18009  
1.87518  2.18009  
1.87518  2.18009  
1.87518  2.18074  
1.87518  2.18074  
1.87518  2.18009  
2.69151  1.28553  
1.99519  1.49167  
1.87518  2.18009  
2.69151  1.28553  
1.87518  2.18009  
1.87518  2.18009  
1.87518  2.18074  
1.87518  2.18009  
1.55858  3.17418  
1.87518  2.18009  
1.87518  2.18074  
1.87518  2.18074  
2.69151  1.28553  
1.87518  2.18009  
1.55858  3.17418  
2.69151  1.28553  
1.87518  2.18009  
1.87518  2.18074  
1.55858  3.17418  
1.87518  2.18009  
1.87518  2.18009  
1.87518  2.18074  
1.87518  2.18074  
1.87518  2.18074  
1.87518  2.18009  
1.87518  2.18074  
1.56173  3.17386  
1.87518  2.18484  
1.55858  3.17418  
1.87518  2.18009  
1.99519  1.49167  
1.94986  1.98633  
2.69151  1.28553  
1.87518  2.18009  
1.55858  3.17386  
1.87518  2.18009  
1.99548  1.48187  
1.55857  3.19904  
2.34383  1.28681  
2.69151  1.28553  
1.87518  2.18009  
2.34599  1.28596  
1.16516  3.40567  
1.87518  2.18009  
2.06843  1.4804  
2.69151  1.28553  
2.06479  1.48052  
1.99514  1.52058  
1.99548  1.48187  
2.00267  1.48109  
1.87518  2.18074  
2.34355  1.33863  
1.55858  3.17418  
1.94516  1.98633  
1.55858  3.17418  
1.99512  1.65339  
2.00267  1.48109  
1.55858  3.17418  
1.87518  2.18009  
2.69151  1.28553  
1.55858  3.17418  
1.55858  3.17418  
2.00267  1.48109  
1.55858  3.17418  
1.87518  2.18009  
1.87518  2.18009  
1.87518  2.18009  
1.87518  2.18009  
1.87518  2.18074  
1.87518  2.18074  
1.87518  2.18009  
1.87518  2.18009  
1.87518  2.18009  
1.87518  2.18009  
1.55858  3.17418  
1.99514  1.52058  
1.87518  2.18009  
1.99548  1.48187  
1.87518  2.18009  
1.55858  3.17418  
1.55858  3.17418  
1.87518  2.18009  
1.55858  3.17418  
2.69151  1.28553  
1.87518  2.18074  
1.87518  2.18009  
1.55858  3.17418  
1.87518  2.18009  
1.55858  3.17418  
1.87518  2.18009  
1.87518  2.18074  
1.87518  2.18009  
1.87518  2.18009  
1.87518  2.18009  
1.87518  2.18009  
1.87518  2.18009  
1.87518  2.18009  
1.87518  2.18009  
1.87518  2.18009  
1.87518  2.18009  
1.87518  2.18009  
1.87518  2.18009  
1.87518  2.18009  
1.87518  2.18009  
1.87518  2.18009  
1.87518  2.18009  
1.87518  2.18009  
1.87518  2.18009  
1.87518  2.18009  
1.87518  2.18009  
1.87518  2.18009  
1.87518  2.18009  
1.87518  2.18009  
1.87518  2.18009  
1.87518  2.18009  
1.87518  2.18009  
1.87518  2.18009  
1.87518  2.18009  
0.87157  3.19031  
1.87518  2.18009  
1.87518  2.18009  
1.87518  2.18009  
1.87518  2.18009  
1.87518  2.18009  
1.87518  2.18009  
1.87518  2.18009  
1.87518  2.18009  
1.87518  2.18009  
1.87518  2.18009  
1.87518  2.18009  
1.87518  2.18009  
1.87518  2.18009  
1.87518  2.18009  
1.87518  2.18009  
1.87518  2.18009  
1.87518  2.18009  
1.87518  2.18009  
1.87518  2.18009  
1.87518  2.18009  
1.4854  3.17005  
1.87518  2.18009  
1.87518  2.18009  
1.87518  2.18009  
1.94483  1.46532  
1.88608  2.18009  
1.87518  2.18009  
1.87518  2.18009  
0.87869  3.17963  
1.87518  2.18009  
1.80574  2.18142  
1.87518  2.18009  
2.06463  1.28537  
1.87518  2.18009  
1.87518  2.18009  
0.874584  3.18157  
1.87518  2.18009  
1.87518  2.18009  
1.87528  2.18009  
1.82052  2.18015  
1.87518  2.18009  
1.87518  2.18009  
1.87518  2.18009  
1.87518  2.18009  
1.87518  2.18009  
1.87518  2.18009  
1.87518  2.18009  
1.87518  2.18009  
1.87518  2.18009  
1.87518  2.18009  
1.87518  2.18009  
1.87518  2.18009  
1.87518  2.18009  
1.87518  2.18009  
1.87518  2.18009  
2.06463  1.28537  
1.87518  2.18009  
1.87518  2.18009  
1.87518  2.18009  
1.87518  2.18009  
1.87518  2.18009  
1.87518  2.18009  
1.87518  2.18009  
1.87518  2.18009  
1.87518  2.18009  
1.87518  2.18009  
1.87518  2.18009  
1.87518  2.18009  
1.87518  2.18009  
1.87518  2.18009  
1.87518  2.18009  
1.87518  2.18009  
1.80552  2.18016  
1.87518  2.18009  
2.06462  1.28543  
1.80552  2.18009  
1.80552  2.18016  
1.80552  2.18009  
1.80552  2.18009  
1.94483  1.46519  
1.94483  1.46519  
1.87518  2.18009  
1.80552  2.18009  
1.80552  2.18009  
1.80552  2.18009  
1.80552  2.18009  
1.80552  2.18009  
1.80552  2.18009  
1.80552  2.18009  
1.80552  2.18009  
1.80552  2.18009  
1.80552  2.18009  
1.80552  2.18009  
1.80552  2.18009  
1.80552  2.18009  
1.80552  2.18009  
1.80552  2.18009  
1.80552  2.18009  
1.87518  2.18009  
1.80552  2.18009  
1.80552  2.18009  
1.80552  2.18009  
1.87518  2.18009  
1.80552  2.18009  
1.80552  2.18009  
2.06462  1.28543  
1.80552  2.18009  
1.94483  1.46528  
1.80552  2.18009  
1.80552  2.18009  
1.87518  2.18009  
1.80552  2.18009  
1.80552  2.18009  
1.80552  2.18009  
1.80552  2.18009  
1.80552  2.18009  
0.868446  3.1769  
1.80552  2.18009  
2.06462  1.28543  
1.87518  2.18009  
1.80552  2.18009  
1.80552  2.18009  
2.06462  1.28543  
0.867779  3.17695  
1.94483  1.47285  
1.80552  2.18016  
1.87518  2.18009  
1.94483  1.46528  
1.80552  2.18009  
1.81663  2.18009  
1.80552  2.18009  
1.80552  2.18009  
1.34494  3.17001  
1.80552  2.18009  
1.8073  2.18009  
1.80552  2.18009  
1.80552  2.18009  
1.94483  1.46519  
1.80552  2.18009  
1.80552  2.18009  
1.80552  2.18009  
1.80552  2.18009  
1.94483  1.46528  
1.80552  2.18016  
1.80552  2.18009  
1.80552  2.18009  
1.80552  2.18009  
1.80552  2.18009  
1.80552  2.18009  
1.87518  2.18009  
1.80552  2.18009  
1.80552  2.18009  
2.06462  1.28543  
1.80552  2.18009  
1.80552  2.18009  
1.80552  2.18016  
1.80552  2.18009  
1.87518  2.18009  
1.87518  2.18009  
2.06462  1.28543  
1.80552  2.18009  
2.06462  1.28543  
1.80552  2.18016  
1.80552  2.18009  
1.80552  2.18009  
1.80552  2.18009  
1.80552  2.18016  
1.80552  2.18009  
1.80552  2.18009  
2.06462  1.28543  
1.80552  2.18009  
1.80552  2.18009  
1.94483  1.46519  
1.80552  2.18009  
1.34486  3.17022  
1.94483  1.46519  
1.94483  1.46519  
1.94483  1.46519  
1.34486  3.17022  
1.94483  1.46519  
1.94483  1.46519  
1.80552  2.18009  
1.94483  1.46519  
1.80552  2.18009  
1.94483  1.46519  
1.94483  1.46519  
1.94483  1.46519  
1.94483  1.46519  
1.94483  1.46519  
1.94483  1.46519  
1.34486  3.17022  
1.34489  3.17  
1.94483  1.46519  
1.94483  1.46519  
1.94483  1.46519  
1.87518  2.18009  
1.94483  1.46827  
1.94483  1.46519  
1.94483  1.46519  
1.94483  1.46519  
1.94483  1.46519  
1.94483  1.46519  
1.94483  1.46519  
1.94483  1.46519  
1.94483  1.46519  
1.94483  1.46519  
1.34486  3.17022  
1.94483  1.46519  
1.94483  1.46519  
1.94483  1.46519  
1.34486  3.17022  
1.94483  1.46519  
1.94483  1.46519  
1.94483  1.46519  
1.80553  2.18009  
1.34487  3.17  
1.94483  1.46519  
1.80551  2.18411  
1.34489  3.17  
1.34486  3.17022  
1.80552  2.18009  
1.94483  1.46519  
1.94483  1.46519  
1.94483  1.46519  
2.06462  1.28539  
1.94483  1.46519  
1.34486  3.17022  
1.34486  3.17022  
1.94581  1.46519  
1.94483  1.46519  
0.866771  3.17553  
1.94483  1.46519  
1.34489  3.17  
1.34486  3.17022  
1.94483  1.46827  
1.87518  2.18009  
1.80552  2.18009  
1.34489  3.17  
1.94483  1.46519  
1.94483  1.46519  
1.87518  2.18009  
1.94483  1.46519  
1.94483  1.46519  
1.94483  1.46519  
1.94483  1.46519  
1.94483  1.46519  
1.94483  1.46519  
1.94483  1.46519  
1.94483  1.46519  
1.34489  3.17  
1.94483  1.46519  
1.94483  1.46519  
1.34486  3.17022  
1.94483  1.46519  
1.94483  1.46519  
1.87518  2.18009  
1.94483  1.46519  
1.94483  1.46519  
1.87518  2.18009  
1.94483  1.46519  
1.94483  1.46519  
1.34489  3.17  
1.94483  1.46519  
1.94483  1.46519  
1.94483  1.46519  
1.94483  1.46519  
1.34489  3.17  
1.94483  1.46519  
1.94483  1.46519  
1.94483  1.46519  
1.94483  1.46519  
1.94483  1.46519  
