0.0540437  0.909367  0.41247  
0.118264  0.233143  1.82092  
0.116205  0.0729004  1.44346  
0.0401177  0.0403508  1.23789  
0.847849  0.318235  2.44586  
0.913285  0.407233  0.00853742  
0.36681  1.69771  3.04698  
2.9968e-05  0.993579  0.113141  
0.406974  0.872487  0.27044  
0.538444  1.81331  3.46725  
1.80407  2.50461  3.46222  
0.939455  0.324016  0.111525  
0.955433  0.193339  0.223088  
0.0792473  0.0146942  1.32895  
2.94464  0.681337  3.26244  
0.317925  0.945986  0.063507  
2.3362  0.499331  3.11477  
0.700762  0.459883  0.54538  
0.414694  0.673059  0.612389  
0.800986  0.597902  0.030576  
0.508408  0.847382  0.153181  
0.215936  0.0485072  1.73753  
1.01759  2.66226  3.48632  
0.926688  0.273495  0.257777  
0.889646  0.688517  2.7644  
0.855566  0.756856  2.71251  
0.488419  3.18942  3.40796  
0.238346  2.09892  3.14506  
0.865298  0.00300527  0.501248  
0.807438  0.392563  0.440383  
0.781267  0.00677887  0.62416  
0.0197224  0.648072  2.23336  
0.566086  0.0835135  2.16079  
0.715946  0.621737  0.317593  
0.394363  0.86017  0.323398  
0.658101  0.572896  0.488563  
0.81269  0.193612  0.549591  
0.796535  0.10951  0.594592  
0.74195  0.0321676  0.669683  
0.66396  0.316746  0.67737  
1.25234  2.34526  3.5457  
0.312246  0.833897  0.455101  
0.00973281  0.00631151  1.06035  
0.866819  0.136423  0.479597  
0.354641  1.45371  3.26602  
0.495878  0.866867  0.0514455  
0.229461  0.452761  2.1798  
2.7779  0.417487  3.67496  
0.064411  0.30622  1.7822  
1.78984  0.789024  3.54532  
1.19586  1.76376  3.46116  
0.0127583  0.0792408  1.26325  
0.320501  0.117249  1.88253  
1.25859  3.31689  3.59436  
0.0533914  0.721614  0.690234  
0.163666  0.849307  0.501887  
0.337785  0.861856  0.378292  
0.615845  0.597343  0.513729  
0.788584  0.624589  2.73335  
0.00507168  0.012942  1.06736  
0.435404  2.73139  3.27806  
0.712191  0.583306  0.390562  
0.0293649  0.319564  1.84979  
1.74846  1.88387  3.22874  
0.0578416  0.089318  1.41234  
0.404059  0.85603  0.322412  
1.36145  3.31317  3.88192  
0.047996  0.109033  1.38476  
0.607601  0.629846  0.483853  
2.06791  0.194267  3.5718  
0.731097  0.164513  0.662143  
0.0857249  0.401994  2.08053  
0.295679  2.17734  3.50373  
2.60172  0.861904  3.0795  
0.599061  0.108227  2.45804  
0.201524  0.972594  0.115966  
0.567714  1.04337  2.67748  
0.570373  0.616105  2.53359  
0.724343  0.561266  0.400384  
0.721677  0.307087  0.620387  
0.300531  0.866214  0.399192  
0.225093  0.438347  2.14912  
0.999942  0.00320475  0.0103128  
0.0573259  0.842303  0.535947  
1.30508  0.224785  3.004  
0.785063  0.864899  3.05267  
0.509723  0.255292  2.2505  
2.69277  1.25883  3.07907  
0.153595  0.193752  1.66719  
2.16191  0.520284  3.17536  
0.126754  0.450425  2.23364  
0.635876  0.437541  0.635782  
2.60649  1.32267  3.53581  
0.00882448  0.00377947  1.05313  
0.674876  0.734099  0.0751006  
0.0360343  0.930202  2.6264  
1.34822  1.65797  3.21409  
0.680529  0.286294  0.674475  
0.261662  0.740142  0.619454  
0.0501568  0.252608  1.73403  
0.200824  0.979627  9.98241e-05  
0.998031  0.051674  0.0355598  
0.851741  0.521928  0.0461385  
1.83224  3.30176  3.92304  
0.00150713  0.00990614  1.029  
0.0584861  0.00192897  1.30585  
0.000978058  0.00616034  1.01729  
0.0169564  0.000230041  1.10657  
2.00141e-08  0.000289265  1.00097  
0.0231182  0.857004  0.514791  
6.01396e-17  1.15162e-17  1  
0.83946  0.54326  0.0132264  
0.732837  0.00892716  0.680346  
2.22466e-18  6.11919e-17  1  
7.85131e-19  6.12273e-17  1  
2.90044e-20  6.12323e-17  1  
4.63792e-17  3.99796e-17  1  
0.321836  0.849568  0.417918  
6.0535e-17  9.21516e-18  1  
0.9765  0.215515  0.000101445  
0.56189  0.438313  0.701543  
0.724541  0.396917  0.563469  
0.398743  0.718547  0.569819  
0.67843  0.734665  9.98241e-05  
0.0411105  0.933769  0.355508  
0.6923  0.548561  0.46883  
0.627883  0.345513  0.697412  
0.9099  0.00441904  0.414803  
0.0348981  0.976443  0.212934  
0.355064  0.611637  0.706987  
0.824381  0.566035  9.97548e-05  
0.883808  0.286139  0.370147  
0.575207  0.817887  0.0140796  
0.774012  7.70574e-05  0.633171  
0.786533  0.617441  0.0114606  
0.865739  0.280061  0.414803  
0.000120212  0.707127  0.707087  
0.321831  0.849553  0.417952  
1  9.96867e-05  9.9822e-05  
0.563677  0.717827  0.408648  
0.677064  0.465231  0.570215  
0.349312  0.618588  0.703797  
0.525275  0.526164  0.668758  
1.30314e-18  6.12185e-17  1  
0.756041  7.53732e-05  0.654524  
0.70745  4.95012e-05  0.706763  
0.734577  0.620168  0.275297  
7.53772e-05  0.800818  0.598908  
9.31646e-05  1  9.98449e-05  
0.950463  0.310839  0.000101236  
0.913625  9.10835e-05  0.406557  
0.860299  0.50979  9.70629e-05  
6.12226e-17  1.09164e-18  1  
0.278987  0.675106  0.682933  
0.0397076  0.861079  0.506918  
0.954971  6.40857e-05  0.2967  
0.38934  0.921025  0.0112444  
0.485224  0.87439  0.000101461  
0.707121  0.0122498  0.706987  
0.311559  0.950227  7.30509e-05  
0.0307701  0.847046  0.530629  
0.820902  3.12808e-05  0.57107  
0.850928  5.71037e-05  0.525283  
0.529578  0.848261  9.98379e-05  
0.634405  0.500926  0.58873  
0.340337  0.88513  0.317357  
0.134963  0.745086  0.65317  
0.0408275  0.750351  0.659777  
0.613905  0.716132  0.332079  
0.883469  0.019419  0.468086  
0.801904  0.257322  0.539198  
0.933883  0.0386484  0.355485  
6.12211e-17  1.17573e-18  1  
0.0411676  0.922528  0.383729  
0.981714  0.190361  9.9822e-05  
0.326614  0.730826  0.599347  
0.772955  0.0404395  0.633171  
0.99997  0.00182204  0.00750724  
0.836943  0.54729  9.97548e-05  
0.131419  0.779063  0.613017  
6.11417e-05  0.883683  0.468086  
0.0339149  0.987002  0.15709  
0.774271  0.274582  0.570183  
0.19669  0.980466  9.98241e-05  
0.928973  3.53989e-05  0.370147  
3.97999e-17  4.65335e-17  1  
0.842254  0.516114  0.155673  
0.14889  0.98879  0.0112444  
0.050127  0.99818  0.0335338  
9.60141e-18  6.04749e-17  1  
0.83946  0.54326  0.0132264  
0.0305648  0.855197  0.517402  
0.732837  0.00892716  0.680346  
0.85215  0.522179  0.0341982  
7.47269e-05  0.801769  0.597634  
0.123505  0.992268  0.0123009  
0.928874  0.0615705  0.365242  
9.41929e-18  6.05035e-17  1  
0.0137106  0.934149  0.356618  
9.60141e-18  6.04749e-17  1  
0.12538  0.992108  0.00119807  
0.538324  0.842738  0.000103084  
0.277979  0.782654  0.556938  
0.204576  0.864719  0.458705  
9.39105e-05  0.945369  0.326003  
0.0701291  0.962456  0.262221  
0.789628  0.272539  0.549736  
0.384038  0.623983  0.680558  
0.649082  0.76019  0.0283395  
0.545413  0.589327  0.596002  
0.761038  0.506101  0.405812  
0.727444  0.652623  0.211917  
0.954337  0.298695  0.00481161  
0.514541  0.688304  0.511356  
0.17158  0.977043  0.126286  
0.925789  0.238348  0.293438  
0.00289852  0.828964  0.559295  
0.968002  0.0385506  0.247963  
0.0153284  0.781132  0.624178  
0.705523  0.708687  0.00010147  
9.93374e-05  1  9.99789e-05  
0.000101508  0.752598  0.65848  
0.379004  0.865865  0.326548  
0.972717  0.231996  9.90912e-05  
0.00014188  0.852878  0.52211  
0.410196  0.69981  0.584812  
0.800537  0.599283  0.000130218  
0.894327  0.447414  9.05222e-05  
0.535409  0.466424  0.704121  
0.588801  0.391561  0.707102  
2.59382e-18  6.11774e-17  1  
0.671332  0.554681  0.491572  
0.943646  0.232767  0.23527  
9.51469e-05  0.957815  0.287385  
0.830648  0.381185  0.405859  
0.36528  0.606045  0.706598  
0.871227  0.490881  0.000128739  
0.594425  0.697811  0.399648  
0.633407  0.773819  9.13485e-05  
0.955792  9.67099e-05  0.294042  
0.686129  0.566907  0.455898  
0.000138847  0.707107  0.707106  
0.405747  0.913985  9.94113e-05  
0.707107  0.000140417  0.707106  
1  9.9996e-05  9.99735e-05  
0.665169  0.242127  0.706346  
0.921435  0.000123747  0.388532  
0.743721  0.342489  0.574091  
0.794583  3.61282e-05  0.607155  
0.528398  0.528708  0.664277  
0.0463148  0.732036  0.679689  
0.465791  0.752612  0.465418  
0.30421  0.917808  0.255117  
0.854128  0.520062  0.000128739  
0.0001219  0.894341  0.447386  
0.742912  0.66939  9.94113e-05  
0.874162  0.000117099  0.485635  
0.000108781  0.806519  0.591208  
0.52461  0.851343  0.000117706  
0.69265  0.632918  0.345904  
0.939077  0.343707  0.000124783  
0.223562  0.670836  0.707106  
0.594671  0.46837  0.65345  
0.537521  0.647724  0.53993  
0.731944  0.0293642  0.680732  
9.26133e-05  0.93231  0.361661  
0.439173  0.56305  0.700072  
0.759749  0.458987  0.460557  
0.83575  0.00010193  0.54911  
0.343404  0.655123  0.67297  
0.580434  0.814308  0.000124947  
0.752949  7.52919e-05  0.658078  
0.462859  0.631404  0.622166  
0.631425  0.344465  0.694727  
0.26716  0.757237  0.596002  
0.621083  0.525996  0.58102  
0.895492  0.317455  0.311955  
0.329067  0.804765  0.494033  
0.857663  0.20433  0.471873  
0.0716493  0.872025  0.48419  
0.794033  0.506151  0.336635  
0.0356727  0.984829  0.169822  
0.784376  0.619339  0.0342658  
0.831555  0.555443  0.00012888  
0.985492  9.85452e-05  0.169722  
0.70212  0.406229  0.584812  
0.642462  0.295369  0.707106  
0.499772  0.500297  0.707058  
0.679263  0.732978  0.036674  
0.812611  0.322903  0.485177  
0.911721  0.409851  0.0280698  
0.29048  0.956881  0.000101361  
0.895929  8.95893e-05  0.444198  
0.242096  0.969355  0.0417308  
0.552136  0.787328  0.274337  
0.341917  0.93973  2.74402e-05  
0.687597  0.512279  0.514568  
0.0234443  0.913832  0.405415  
0.324281  0.841785  0.431556  
0.876285  0.259693  0.405812  
5.29873e-05  0.839006  0.544122  
0.104669  0.699317  0.707107  
0.535793  0.80341  0.259728  
0.906903  0.244361  0.343242  
0.576296  0.516316  0.633482  
0.580378  0.405722  0.706081  
0.85248  0.0421649  0.521056  
0.507851  0.861445  0.000134143  
0.267382  0.654607  0.707104  
0.308113  0.774194  0.552892  
0.465736  0.753262  0.46442  
0.873803  0.486279  0.000134157  
0.785431  0.209765  0.58232  
0.655491  0.755203  0.000138789  
0.345539  0.937699  0.0363802  
0.391787  0.588645  0.707107  
0.884628  0.0440394  0.464213  
0.467941  0.530125  0.707106  
0.780092  0.624152  0.0434877  
0.666541  0.665951  0.335012  
0.679666  0.731913  0.0485496  
0.514505  0.685876  0.514645  
0.670837  0.223559  0.707106  
0.351243  0.902104  0.250672  
0.000112255  0.755673  0.654949  
0.74622  0.342483  0.570843  
0.379042  0.866482  0.324864  
0.977403  9.82129e-05  0.211385  
0.304471  0.952522  1.56249e-05  
0.540675  0.841232  0.000134143  
0.980604  0.196  0.000102628  
0.674725  0.551329  0.490695  
0.606365  0.363761  0.707107  
0.874156  0.000124256  0.485645  
0.633367  0.773851  0.000142666  
0.000113221  0.707107  0.707107  
0.211731  0.977328  0.000100274  
0.22364  0.67081  0.707107  
1  9.9996e-05  9.99942e-05  
0.707107  0.000140703  0.707107  
0.504885  0.795014  0.336218  
0.363797  0.606343  0.707107  
2.59382e-18  6.11774e-17  1  
0.485116  0.727194  0.485645  
0.953549  0.000119019  0.301237  
9.96783e-05  1  9.99942e-05  
0.853327  0.521376  0.000139443  
0.405218  0.91422  0.00012545  
0.911939  0.000113695  0.410326  
0.799966  0.600045  0.000134935  
0.00013023  0.894429  0.44721  
0.473867  0.651564  0.59238  
0.894432  0.447204  0.000134143  
0.739924  0.672691  5.73546e-05  
0.529801  0.529837  0.662256  
0.939783  0.341773  0.000103661  
0.834005  0.390178  0.390123  
0.000118408  0.813713  0.581268  
0.517738  0.48161  0.707106  
0.000125694  0.857553  0.514396  
0.794404  0.000113309  0.60739  
0.584844  0.700917  0.408255  
0.704073  0.710128  0.000138694  
0.572637  0.445036  0.688498  
0.0484773  0.731636  0.67997  
0.596537  0.596579  0.536878  
0.434845  0.557597  0.707104  
9.81441e-05  0.924902  0.380206  
0.744497  0.572633  0.343242  
6.45081e-05  0.980562  0.196207  
0.404526  0.749438  0.524119  
0.759414  0.460074  0.460024  
0.833034  0.000129389  0.553222  
0.470385  0.882461  1.56249e-05  
0.737139  9.15649e-05  0.675741  
9.91048e-05  0.956692  0.291103  
0.919043  0.302799  0.252336  
0.651596  0.473839  0.592367  
0.691396  0.345558  0.634477  
0.34453  0.692819  0.633482  
0.643742  0.292575  0.707104  
0.824872  0.494844  0.27334  
0.5992  0.8006  0.000138789  
0.311333  0.635666  0.706399  
0.921609  0.388119  0.000115303  
0.389566  0.806346  0.445021  
5.17573e-05  0.786743  0.617281  
0.81112  0.324766  0.486427  
0.644864  0.644896  0.410195  
0.620935  0.736012  0.26968  
0.274846  0.824469  0.494683  
0.957826  0.287347  0.000100274  
0.244535  0.9382  0.244916  
0.939635  0.000117154  0.34218  
0.710702  0.533089  0.459041  
0.874645  0.256104  0.41159  
0.755748  9.38765e-05  0.654862  
0.874235  0.412407  0.256192  
0.236397  0.906976  0.348584  
0.831993  0.554785  0.000138694  
0.779945  0.623955  0.0486412  
0.77997  0.0485778  0.623929  
0.000100277  0.939789  0.341756  
0.654895  0.75572  0.000138751  
0.588327  0.392264  0.707107  
0.879023  0.362004  0.310277  
0.874122  0.485706  0.000126641  
0.329285  0.768379  0.548785  
0.470487  0.529258  0.706065  
0.666439  0.666867  0.333388  
0.666853  0.332579  0.666856  
0.874382  0.257139  0.411504  
0.514541  0.685942  0.51452  
0.775483  0.498346  0.387655  
0.957809  0.287407  0.0001219  
0.5  0.5  0.707107  
0.832045  0.554708  0.000138198  
0.351188  0.902084  0.250823  
0.679687  0.73188  0.0487684  
0.000126532  0.857493  0.514496  
0.970143  0.242533  0.000121248  
0.911936  0.000134951  0.410332  
0.584236  0.701037  0.40892  
0.00010515  0.752577  0.658505  
0.707102  0.707112  0.000141388  
0.223606  0.670821  0.707107  
0.744525  0.572495  0.343412  
0.345772  0.691844  0.633872  
0.363797  0.606343  0.707107  
0.894424  0.44722  0.000124095  
0.379054  0.866464  0.324898  
0.317957  0.848278  0.423471  
0.287389  0.957814  0.000122669  
0.834591  0.389516  0.389531  
0.485087  0.727598  0.485069  
0.633241  0.773954  0.000144985  
0.674464  0.551809  0.490516  
9.77021e-05  0.956655  0.291225  
0.540758  0.841178  0.000121669  
0.670821  0.223604  0.707107  
0.953579  0.000124813  0.301143  
0.643725  0.292605  0.707107  
0.707107  0.000141372  0.707107  
0.739934  0.67268  0.000144135  
0.81098  0.324538  0.486812  
2.59382e-18  6.11774e-17  1  
0.000140396  0.707107  0.707107  
0.744378  0.343559  0.572598  
0.000113626  0.813701  0.581283  
0.529824  0.52982  0.662252  
0.508483  0.791527  0.339013  
9.97488e-05  1  9.99961e-05  
0.606342  0.363799  0.707107  
0.000102678  0.894429  0.44721  
0.701027  0.584248  0.40892  
0.406127  0.913817  0.000135347  
0.874156  0.000133881  0.485645  
0.506947  0.861977  0.000137565  
0.591381  0.806393  0.000139779  
1  9.9996e-05  9.99961e-05  
0.800012  0.000118291  0.599984  
0.596551  0.59655  0.536895  
0.187022  0.982356  0.000110277  
0.434132  0.558149  0.707107  
0.0001289  0.924747  0.380582  
0.435156  0.815919  0.380678  
0.404724  0.751923  0.520394  
0.686026  0.514512  0.514437  
0.754412  0.464147  0.464144  
0.467911  0.883776  0.000138748  
0.628843  0.628842  0.457289  
0.752575  0.000113408  0.658507  
0.988382  0.151987  0.000111147  
0.832047  0.000122803  0.554705  
0.473887  0.651565  0.592363  
0.894413  0.000132358  0.447242  
0.98059  9.62761e-05  0.196069  
0.800005  0.599993  0.000141164  
0.000130441  0.786507  0.617581  
0.651579  0.473889  0.592347  
0.904225  0.301994  0.301954  
0.619786  0.732495  0.281632  
0.000104614  0.98058  0.196118  
0.755738  0.654874  0.000141446  
0.292581  0.643736  0.707107  
0.824532  0.494598  0.274809  
0.709186  0.272763  0.65012  
0.507923  0.733564  0.451551  
0.573046  0.445704  0.687725  
0.261731  0.840563  0.47429  
0.341745  0.939793  0.00012682  
0.853282  0.52145  0.000142183  
0.912858  0.405731  0.0455159  
0.250632  0.902255  0.350883  
0.408892  0.584219  0.701068  
0.528469  0.469808  0.707107  
0.939768  0.000124347  0.341814  
0.939794  0.34174  0.000122  
0.23555  0.942853  0.235677  
0.0487892  0.731921  0.679641  
9.72148e-05  0.96352  0.267637  
0.317994  0.847995  0.424009  
0.851874  0.0470266  0.521631  
0.731063  0.0482565  0.680601  
0.158995  0.689  0.707107  
0.250632  0.902255  0.350883  
0.0487892  0.731921  0.679641  
0.588345  0.392237  0.707107  
0.469753  0.528519  0.707107  
0.39246  0.588197  0.707107  
0.555912  0.831241  0.000102259  
0.666646  0.333224  0.666742  
0.666752  0.666752  0.332992  
0.0457436  0.78033  0.623693  
4.45278e-05  0.824505  0.565855  
0.938672  9.99469e-05  0.344812  
0.5  0.5  0.707107  
0.755852  0.654742  0.000138763  
0.670821  0.223604  0.707107  
0.592554  0.805531  0.000133141  
0.644677  0.644677  0.410831  
0.000141415  0.707107  0.707107  
0.223606  0.670821  0.707107  
4.76759e-05  0.747857  0.66386  
0.920574  9.89229e-05  0.390567  
0.894564  0.446941  0.00012913  
0.706944  0.707269  0.000128587  
9.99436e-05  1  9.99961e-05  
0.744378  0.343559  0.572598  
0.800166  0.599778  0.000138839  
0.391  0.833908  0.389507  
0.484654  0.728154  0.484667  
0.0449051  0.913024  0.405427  
0.675703  0.553329  0.487087  
0.606341  0.3638  0.707107  
1.38547e-05  0.85867  0.512528  
0.633545  0.773706  0.000143378  
0.970048  0.242913  0.000114168  
0.363805  0.606338  0.707107  
0.810731  0.487084  0.324753  
0.523881  0.851791  0.000128278  
0.000140718  0.806475  0.591268  
0.707107  0.000141372  0.707107  
0.834604  0.389513  0.389507  
2.59382e-18  6.11774e-17  1  
0.000133297  0.894427  0.447214  
1  9.9996e-05  9.99961e-05  
0.873649  9.36536e-05  0.486557  
0.345796  0.691752  0.633959  
0.853453  0.52117  0.000138711  
0.957433  0.000103337  0.288654  
0.529822  0.529822  0.662252  
0.40348  0.914988  0.000122074  
0.87439  0.41146  0.257181  
0.500953  0.865475  0.000102259  
9.62238e-05  0.953698  0.300765  
0.904734  0.301747  0.300676  
0.798739  9.57747e-05  0.601677  
0.59655  0.59655  0.536895  
0.571507  0.444513  0.689774  
0.739877  0.672742  9.90368e-05  
0.435552  0.557041  0.707107  
0.744389  0.572585  0.343557  
0.754412  0.464147  0.464144  
0.000101106  0.980444  0.196801  
0.832054  0.00013381  0.554695  
0.000113089  0.932198  0.361948  
0.752532  8.20817e-05  0.658555  
0.362365  0.880053  0.306918  
0.473883  0.651583  0.592347  
0.447399  0.894334  0.00012913  
0.404754  0.751909  0.520391  
0.651579  0.473889  0.592347  
0.196396  0.980525  9.94997e-05  
0.292032  0.924916  0.243409  
0.570341  0.746951  0.341725  
0.643725  0.292605  0.707107  
0.292581  0.643736  0.707107  
0.780741  0.623087  0.0469663  
0.97488  0.000106089  0.222732  
0.938989  0.343948  0.000128278  
0.680428  0.732722  0.0116725  
0.709186  0.272763  0.65012  
0.811123  0.324405  0.486664  
0.258768  0.876183  0.406624  
0.27532  0.78829  0.550271  
0.921095  0.389337  3.11169e-05  
0.455069  0.796871  0.397378  
0.288878  0.957366  0.000124699  
0.526803  0.708083  0.470209  
0.903541  9.85528e-05  0.428501  
0.883652  0.468145  0.000138747  
0.832046  0.554707  0.00013867  
0.988378  0.152017  0.000114044  
0.528469  0.469808  0.707107  
0.706089  0.529176  0.470544  
0.473535  0.840737  0.262537  
0.341833  0.939761  0.000126239  
0.943639  0.233696  0.234374  
0.874379  0.257178  0.411485  
0.485716  0.874117  0.000137878  
0.207383  0.829554  0.51849  
0.0486869  0.779949  0.623947  
0.623947  0.779946  0.0487279  
0.755687  0.654933  0.000141439  
0.584198  0.408936  0.701059  
0.392239  0.588344  0.707107  
0.861939  0.507011  0.000138068  
0.768366  0.32925  0.548825  
0.529418  0.470573  0.705888  
0.815929  0.380602  0.435203  
0.333205  0.666697  0.6667  
0.686007  0.51448  0.514494  
0.498468  0.775392  0.387682  
0.5  0.5  0.707107  
0.287363  0.957822  0.000124902  
0.554709  0.832044  0.000138564  
0.654913  0.755704  0.000141382  
0.752605  0.000107937  0.658472  
0.773947  0.63325  0.000145087  
0.292607  0.643724  0.707107  
0.939789  0.000122576  0.341756  
0.223606  0.670821  0.707107  
0.242524  0.970145  0.000114353  
0.341794  0.939775  0.000124892  
0.701074  0.584185  0.40893  
0.389586  0.83453  0.389593  
0.727606  0.485089  0.485056  
0.707107  0.707107  0.000141418  
0.956664  0.000124777  0.291195  
0.572574  0.744398  0.343556  
0.606348  0.363788  0.707107  
0.363804  0.606339  0.707107  
0.521432  0.853293  0.000142175  
0.707107  0.00014141  0.707107  
0.000127719  0.752567  0.658515  
0.000141415  0.707107  0.707107  
0.731935  0.0487915  0.679625  
2.59382e-18  6.11774e-17  1  
0.447209  0.894429  0.000133354  
0.731889  0.679677  0.0487617  
0.670821  0.223604  0.707107  
0.59999  0.800007  0.000139082  
0.551824  0.674459  0.490506  
0.666669  0.666669  0.333323  
0.51449  0.685997  0.514497  
1  9.9996e-05  0.0001  
0.751849  0.40485  0.520403  
0.841171  0.540769  0.000138203  
0.324462  0.811104  0.486656  
0.894425  0.000128557  0.447219  
9.9958e-05  1  0.0001  
0.343539  0.744386  0.572599  
9.67283e-05  0.953583  0.301131  
0.000138495  0.832066  0.554676  
0.000125065  0.911924  0.41036  
0.000136441  0.87416  0.485639  
0.95781  0.287402  0.00012477  
0.691668  0.345843  0.634025  
0.473887  0.651579  0.592348  
0.913812  0.406137  0.000135222  
0.628824  0.628824  0.457341  
0.672683  0.739931  0.000143385  
0.301586  0.904487  0.301578  
0.529816  0.529816  0.662261  
0.813721  0.000116725  0.581255  
0.463662  0.755008  0.46366  
0.000123325  0.799978  0.600029  
0.596549  0.596549  0.536897  
0.4459  0.573014  0.687626  
0.643725  0.292605  0.707107  
0.558156  0.434121  0.707107  
0.651586  0.473879  0.592347  
0.924674  0.000130302  0.38076  
0.883797  0.46787  0.000139003  
0.000111227  0.980581  0.196116  
0.792423  0.507528  0.338351  
0.732486  0.619768  0.281694  
0.866449  0.37907  0.324919  
0.980571  0.196164  0.000114546  
0.494638  0.824531  0.274739  
0.837793  0.265143  0.477287  
0.272762  0.709201  0.650104  
0.584217  0.701047  0.40893  
0.786317  0.000112054  0.617824  
0.256982  0.874426  0.411507  
0.806401  0.591369  0.000138253  
0.152081  0.988368  0.00011354  
0.939788  0.341757  0.000126089  
0.903748  0.348407  0.248701  
0.388104  0.921615  0.000131645  
0.90264  0.250592  0.34992  
0.469788  0.528488  0.707107  
0.815893  0.435132  0.380762  
0.857492  0.000121569  0.514497  
0.000128023  0.939791  0.341749  
0.982369  0.000101853  0.186952  
0.000120653  0.894425  0.447219  
0.411445  0.874428  0.257078  
0.733656  0.507863  0.451469  
0.485648  0.874155  0.000137892  
0.000113775  0.967619  0.252416  
0.755687  0.654933  0.000141687  
0.584205  0.408941  0.70105  
0.408759  0.58426  0.701111  
0.94077  0.188148  0.282048  
0.15534  0.776737  0.610368  
0.768347  0.329293  0.548825  
0.470423  0.529202  0.70615  
0.529417  0.470572  0.705889  
0.666668  0.666668  0.333326  
0.733638  0.507889  0.451469  
0.257196  0.87436  0.411516  
0.498468  0.775391  0.387685  
0.287353  0.957825  0.000124907  
0.554708  0.832045  0.000138676  
0.5  0.5  0.707107  
0.731888  0.679676  0.0487834  
0.617217  0.771533  0.154206  
0.752578  0.000133  0.658503  
0.389586  0.83453  0.389592  
0.282525  0.678286  0.678312  
1  9.9996e-05  0.0001  
0.857492  0.000131732  0.514497  
0.000129499  0.91192  0.410369  
0.670821  0.223604  0.707107  
0.447209  0.894429  0.000134162  
0.600001  0.799999  0.000141143  
0.584214  0.701043  0.408942  
0.957818  0.287374  0.000124904  
0.727605  0.485071  0.485074  
0.551828  0.674452  0.49051  
0.956667  0.000113192  0.291184  
0.343555  0.744384  0.572592  
0.363804  0.606339  0.707107  
0.707107  0.000141412  0.707107  
0.77396  0.633234  0.000145118  
0.521444  0.853286  0.000142212  
0.841171  0.540769  0.000140114  
0.732476  0.619781  0.281694  
0.000141415  0.707107  0.707107  
0.494691  0.824483  0.274789  
2.59382e-18  6.11774e-17  1  
9.99796e-05  1  0.0001  
0.924677  0.000132024  0.380753  
0.731935  0.0487915  0.679625  
0.000137968  0.87416  0.485639  
0.242538  0.970142  0.000121173  
0.913812  0.406137  0.00013537  
0.701044  0.584212  0.408942  
0.672671  0.739942  0.000143545  
0.861936  0.507017  0.000138276  
0.894425  0.000132739  0.447219  
0.691668  0.345843  0.634025  
0.529816  0.529816  0.662261  
0.341787  0.939777  0.000128094  
0.813728  0.000142007  0.581246  
0.000140034  0.799998  0.600003  
0.866448  0.379072  0.324919  
0.651585  0.473879  0.592348  
0.000128998  0.953583  0.301131  
0.792423  0.507528  0.338351  
0.707107  0.707107  0.000141418  
0.777706  0.44451  0.444504  
0.59655  0.59655  0.536894  
0.685998  0.514489  0.514497  
0.558156  0.434121  0.707107  
0.223606  0.670821  0.707107  
0.434165  0.558123  0.707107  
0.939788  0.341757  0.000128146  
0.751812  0.404821  0.52048  
0.572601  0.744377  0.343556  
0.207386  0.829567  0.518469  
0.464145  0.754414  0.464144  
0.883797  0.46787  0.000139542  
0.000138599  0.832066  0.554676  
0.000116739  0.980581  0.196116  
0.000132607  0.752578  0.658503  
0.292604  0.643726  0.707107  
0.982343  0.000114198  0.187088  
0.980582  0.196109  0.000117644  
0.301514  0.904544  0.30148  
0.606338  0.363805  0.707107  
0.47388  0.651584  0.592348  
0.643725  0.292605  0.707107  
0.83762  0.265276  0.477515  
0.80641  0.591357  0.000142304  
0.324461  0.8111  0.486665  
0.388069  0.92163  0.000131661  
0.902262  0.250627  0.350869  
0.786317  0.000137235  0.617824  
0.394827  0.677256  0.620835  
0.152081  0.988368  0.000114062  
0.000128154  0.939791  0.341748  
0.000124741  0.894425  0.447219  
0.411481  0.874382  0.257175  
0.924908  0.292063  0.243401  
0.834643  0.38945  0.389486  
0.514496  0.685993  0.514497  
0.628838  0.628838  0.457303  
0.207388  0.829566  0.518469  
0.000116452  0.967618  0.252421  
0.755695  0.654924  0.000141693  
0.838752  0.476  0.264422  
0.408945  0.584205  0.701048  
0.940721  0.188138  0.28222  
0.155349  0.776782  0.610309  
0.768347  0.329293  0.548825  
0.470585  0.529414  0.705883  
0.529407  0.470587  0.705886  
0.666668  0.666668  0.333326  
0.733638  0.507889  0.451469  
0.257196  0.87436  0.411515  
0.498466  0.775388  0.387693  
0.554708  0.832045  0.000138678  
0.5  0.5  0.707107  
0.731888  0.679676  0.0487834  
0.617211  0.771525  0.154272  
0.752577  0.000139962  0.658504  
0.282585  0.678277  0.678296  
0.363803  0.606339  0.707107  
0.691671  0.345829  0.634029  
0.000117424  0.980581  0.196116  
0.447209  0.894429  0.000134164  
0.651584  0.473878  0.592349  
0.866448  0.379072  0.324919  
0.000133179  0.91192  0.410369  
0.000128154  0.939791  0.341748  
0.600001  0.799999  0.000141177  
0.727605  0.485071  0.485074  
0.343555  0.744384  0.572593  
0.514496  0.685993  0.514497  
0.861936  0.507017  0.000138278  
0.606338  0.363805  0.707107  
0.957818  0.287374  0.00012492  
0.301511  0.904536  0.301505  
0.841175  0.540763  0.000139853  
0.000141415  0.707107  0.707107  
0.731916  0.0487902  0.679646  
0.956675  0.000118892  0.291158  
0.707107  0.000141412  0.707107  
0.670821  0.223604  0.707107  
9.99796e-05  1  0.0001  
0.773955  0.63324  0.000145118  
0.000129046  0.953583  0.301131  
1  9.9996e-05  0.0001  
0.223606  0.670821  0.707107  
0.000137972  0.874158  0.485641  
0.980582  0.19611  0.000117667  
0.584206  0.408942  0.701049  
0.551828  0.674452  0.49051  
2.59382e-18  6.11774e-17  1  
0.521444  0.853286  0.000142213  
0.389586  0.834531  0.38959  
0.529816  0.529816  0.662261  
0.894425  0.000134084  0.447219  
0.786319  0.000139891  0.617821  
0.000141166  0.8  0.6  
0.701044  0.584212  0.408942  
0.913812  0.406137  0.000135371  
0.341741  0.939794  0.00012791  
0.287346  0.957827  0.000124933  
0.242532  0.970143  0.000121257  
0.000133692  0.894425  0.447219  
0.672676  0.739937  0.000142386  
0.813732  0.00014303  0.58124  
0.707107  0.707107  0.000141422  
0.59655  0.59655  0.536894  
0.558156  0.434121  0.707107  
0.434129  0.558151  0.707107  
0.924677  0.000132093  0.380753  
0.75181  0.40482  0.520483  
0.572599  0.744379  0.343556  
0.464173  0.754375  0.464178  
0.88378  0.467903  0.000139542  
0.000136733  0.83205  0.5547  
0.000137077  0.752577  0.658504  
0.982339  0.000117776  0.187109  
0.857494  0.000137741  0.514494  
0.791361  0.508731  0.339029  
0.47388  0.651584  0.592348  
0.732471  0.619777  0.281713  
0.643725  0.292605  0.707107  
0.292604  0.643726  0.707107  
0.837026  0.265724  0.478308  
0.806405  0.591364  0.000142307  
0.924906  0.29207  0.2434  
0.324445  0.811104  0.486667  
0.939788  0.341757  0.000128159  
0.494686  0.824477  0.274815  
0.388064  0.921633  0.000131661  
0.902262  0.250627  0.350869  
0.394828  0.677257  0.620833  
0.777706  0.44451  0.444504  
0.152017  0.988378  0.000113916  
0.685996  0.514495  0.514494  
0.411481  0.874382  0.257175  
0.834635  0.389455  0.389498  
0.584214  0.701043  0.408942  
0.628834  0.628835  0.457312  
0.688999  0.159  0.707107  
0.485657  0.874149  0.000135763  
0.207386  0.829558  0.518483  
0.584207  0.408942  0.701048  
0.408945  0.584205  0.701048  
0.861936  0.507017  0.000138279  
0.940724  0.188138  0.282211  
0.155345  0.776761  0.610336  
0.768348  0.329293  0.548824  
0.685995  0.514494  0.514496  
0.498466  0.775388  0.387693  
0.554708  0.832045  0.000138678  
0.68378  0.569798  0.455824  
0.5  0.5  0.707107  
0.617209  0.771523  0.154289  
0.000116788  0.939794  0.341742  
0.731927  0.0487909  0.679634  
0.196108  0.980582  0.000117647  
0.000138524  0.83205  0.5547  
0.840489  0.473669  0.263087  
0.866448  0.379071  0.324919  
0.343555  0.744384  0.572593  
0.957818  0.287374  0.000124933  
0.389586  0.834531  0.38959  
0.600001  0.799999  0.000141178  
0.75181  0.40482  0.520483  
0.670821  0.223604  0.707107  
0.551828  0.674452  0.49051  
0.956675  0.000121509  0.291158  
0.606338  0.363805  0.707107  
0.707107  0.000141412  0.707107  
0.00013651  0.91192  0.410369  
0.857493  0.000140212  0.514496  
0.841175  0.540763  0.000140194  
0.274676  0.961537  0.000125349  
0.000137972  0.874158  0.485642  
0.000141415  0.707107  0.707107  
2.59382e-18  6.11774e-17  1  
0.447212  0.894428  0.000125358  
0.529409  0.470589  0.705884  
0.651584  0.473878  0.592349  
0.000129046  0.953583  0.301131  
0.584214  0.701043  0.408942  
1  9.9996e-05  0.0001  
0.894426  0.000134084  0.447216  
0.69167  0.345832  0.634029  
0.773955  0.63324  0.000145118  
0.62883  0.62883  0.457325  
0.529816  0.529816  0.662261  
0.847988  0.318009  0.424013  
0.694662  0.631503  0.344454  
0.521449  0.853282  0.000142211  
0.813732  0.000143585  0.58124  
9.99796e-05  1  0.0001  
0.752577  0.000141076  0.658504  
0.643725  0.292605  0.707107  
0.363803  0.606339  0.707107  
0.939788  0.341757  0.000128159  
0.913812  0.406137  0.00013538  
0.672676  0.739937  0.000144116  
0.000141166  0.8  0.6  
0.470585  0.529414  0.705883  
0.341742  0.939794  0.000128145  
0.59655  0.59655  0.536894  
0.434124  0.558154  0.707107  
0.558156  0.434121  0.707107  
0.982339  0.000117817  0.187109  
0.755693  0.654926  0.000141421  
0.924678  0.000132093  0.38075  
0.786319  0.000140771  0.617821  
0.572599  0.744379  0.343556  
0.791414  0.508619  0.339073  
0.751816  0.520473  0.404821  
0.46419  0.754364  0.464178  
0.731049  0.682325  0.000146012  
0.883789  0.467885  0.000139222  
0.292167  0.924864  0.243444  
0.000121443  0.978983  0.20394  
0.727606  0.485072  0.485072  
0.223606  0.670821  0.707107  
0.757175  0.5948  0.269998  
0.514496  0.685994  0.514496  
0.473879  0.651584  0.592349  
0.388064  0.921633  0.000131661  
0.282592  0.678294  0.678277  
0.980582  0.19611  0.000117668  
0.292604  0.643726  0.707107  
0.494686  0.824477  0.274815  
0.837026  0.265725  0.478308  
0.815892  0.435143  0.38075  
0.800001  0.599998  0.000141178  
0.324445  0.811104  0.486667  
0.00014096  0.752577  0.658504  
0.90226  0.250627  0.350875  
0.250876  0.902061  0.351209  
0.394812  0.677266  0.620833  
0.707107  0.707107  0.000141422  
0.411481  0.874382  0.257175  
0.924908  0.292071  0.243391  
0.000134154  0.894426  0.447216  
0.755693  0.654926  0.000141682  
0.757056  0.594816  0.270295  
0.940724  0.188138  0.282211  
0.484624  0.874723  0.000132881  
0.408945  0.584205  0.701048  
0.584207  0.408942  0.701048  
0.861936  0.507017  0.000138279  
0.155348  0.776773  0.61032  
0.768348  0.329293  0.548824  
0.470586  0.529415  0.705881  
0.529409  0.470589  0.705884  
0.685995  0.514494  0.514496  
0.498466  0.775388  0.387693  
0.175419  0.968669  0.175809  
0.554708  0.832045  0.000138678  
0.683771  0.56979  0.455847  
0.5  0.5  0.707107  
0.617207  0.771521  0.154305  
0.000127939  0.939794  0.341742  
0.731927  0.0487909  0.679634  
0.752577  0.000141106  0.658504  
0.59655  0.59655  0.536894  
0.670821  0.223604  0.707107  
0.282614  0.678284  0.678277  
0.913812  0.406137  0.000135381  
0.857493  0.000130517  0.514496  
0.558156  0.434121  0.707107  
0.957821  0.287364  0.000124933  
0.551824  0.674455  0.49051  
0.389575  0.834541  0.38958  
0.694662  0.631503  0.344454  
0.956675  0.000124715  0.291158  
0.606338  0.363805  0.707107  
0.69167  0.345832  0.634029  
0.394812  0.677266  0.620833  
0.196108  0.980582  0.000117668  
0.866448  0.379071  0.324919  
0.813732  0.000143585  0.58124  
0.672676  0.739937  0.000144137  
0.473879  0.651584  0.592349  
0.707107  0.000141412  0.707107  
0.773955  0.63324  0.000145118  
0.292604  0.643726  0.707107  
2.59382e-18  6.11774e-17  1  
0.894426  0.000134155  0.447216  
0.343555  0.744384  0.572593  
0.324445  0.811104  0.486667  
0.600001  0.799999  0.000141178  
0.000141415  0.707107  0.707107  
0.00014107  0.752577  0.658504  
1  9.9996e-05  0.0001  
0.727606  0.485072  0.485072  
9.99796e-05  1  0.0001  
0.521449  0.853282  0.000142215  
0.274724  0.961523  0.000125418  
0.341742  0.939794  0.000128147  
0.572598  0.744379  0.343557  
0.529816  0.529816  0.662261  
0.000141166  0.8  0.6  
0.40574  0.912865  0.0453017  
0.840523  0.473597  0.263111  
0.000129046  0.953583  0.301131  
0.434123  0.558155  0.707107  
0.447212  0.894428  0.000134065  
0.924678  0.000132093  0.38075  
0.75181  0.40482  0.520483  
0.365279  0.876685  0.313041  
0.791321  0.50871  0.339155  
0.968612  0.175759  0.175781  
0.464192  0.754352  0.464197  
0.731051  0.682322  0.000146206  
0.000138654  0.83205  0.5547  
0.363803  0.606339  0.707107  
0.751816  0.520473  0.404821  
0.786319  0.000142023  0.617821  
0.651583  0.473879  0.592349  
0.000137972  0.874158  0.485642  
0.292165  0.924859  0.243465  
0.982339  0.000117827  0.187109  
9.95746e-05  0.894427  0.447214  
0.000122314  0.978983  0.20394  
0.223606  0.670821  0.707107  
0.883788  0.467888  0.000139448  
0.980582  0.19611  0.000117668  
0.815892  0.435143  0.38075  
0.643725  0.292605  0.707107  
0.494685  0.824476  0.274821  
0.000136539  0.91192  0.410369  
0.837033  0.265717  0.478299  
0.800001  0.599998  0.000141178  
0.584211  0.701045  0.408942  
0.250874  0.902055  0.351226  
0.939788  0.341757  0.00012816  
0.90226  0.250627  0.350875  
0.707107  0.707107  0.000141423  
0.924907  0.29207  0.243395  
0.62883  0.62883  0.457325  
0.841177  0.54076  0.000140194  
0.514496  0.685994  0.514496  
0.847988  0.318009  0.424013  
