576.238  239.913  1068.1  
7.32386  9.33922  977.564  
6.70461  209.069  1038.17  
350.534  115.755  1164.32  
133.17  935.135  119.87  
200.542  408.007  1129.93  
1240.82  59.7007  107.515  
23.4413  82.1004  1233.26  
388.876  929.558  199.367  
365.009  282.474  400.564  
4.59318  110.513  433.529  
533.298  281.588  544.883  
619.491  484.502  272.357  
328.074  251.467  809.742  
353.137  668.712  717.382  
389.841  334.023  648.776  
683.098  626.342  827.464  
644.437  1291.28  750.793  
894.383  146.722  691.18  
262.005  954.153  469.569  
386.248  465.505  293.247  
548.466  317.692  641.965  
713.474  258.488  1008.71  
679.949  1.72338  818.533  
146.528  110.154  693.216  
762.774  1205.91  109.737  
718.19  310.392  768.846  
57.4871  100.413  705.224  
17.7671  1633.08  118.611  
148.344  511.857  322.783  
131.38  264.214  937.655  
1144.62  972.719  404.364  
313.401  101.925  933.023  
373.21  52.3665  1069.16  
158.509  869.707  320.716  
567.618  465.391  235.635  
150.329  690.37  913.109  
219.652  253.82  855.538  
948.534  483.131  169.734  
5.30554  1288.81  148.277  
350.772  192.253  1209.14  
956.654  515.809  315.522  
407.314  382.622  1297.3  
404.038  227.08  745.671  
1295.18  57.7628  399.269  
354.867  786.284  473.893  
678.923  610.978  651.813  
809.75  69.2955  119.867  
887.894  642.497  585.026  
535.003  648.797  319.009  
524.075  687.045  453.916  
467.894  320.587  402.4  
294.861  337.273  1004.37  
896.857  520.18  791.697  
28.0556  0.947527  1382.31  
97.6714  34.5872  679.383  
237.001  145.229  807.216  
9.12491  54.8941  829.087  
387.922  588.901  326.93  
133.578  144.135  1215.34  
74.0872  565.321  1049.72  
208.003  943.319  1206.88  
1030.57  42.479  676.064  
651.433  608.194  1053.57  
706.296  539.158  1006.04  
276.792  1049.09  1065.86  
131.626  1033.69  837.698  
808.537  407.168  226.152  
630.87  441.992  524.778  
139.102  754.69  1011.47  
282.091  486.058  852.281  
199.404  192.451  547.011  
461.331  685.58  732.843  
704.25  101.185  829.555  
510.621  499.215  981.036  
140.083  106.863  1122.29  
544.36  183.835  739.779  
127.394  905.796  640.969  
218.446  347.959  1200.92  
532.593  990.212  120.116  
434.892  262.12  485.42  
753.167  190.133  746.858  
91.2479  12.7954  912.606  
284.171  900.405  125.699  
583.808  381.977  1051.76  
247.214  337.231  813.755  
942.48  27.2085  1236.36  
275.074  437.838  861.166  
366.547  104.068  992.207  
289.356  453.928  956.94  
310.702  856.099  238.002  
874.397  392.327  376.223  
436.38  978.296  533.257  
246.373  1089.02  16.9834  
918.125  35.0989  95.4082  
778.847  755.476  55.27  
640.028  263.236  798.453  
228.426  294.47  526.332  
283.531  33.9337  1131.22  
2.13854  143.364  786.967  
100.248  23.0805  755.033  
4.97077  107.541  880.25  
164.871  0.0216524  1140.13  
0.148932  2.24211  911.633  
76.9388  36.3954  602.559  
0.0624231  12.2594  964.864  
0.000592042  38.0356  351.63  
832.929  45.8937  208.777  
0.0685764  0.0174602  479.255  
169.896  1342.19  13.2705  
0.455425  6.85626  349.843  
1.30546e-16  2.82809e-14  461.866  
6.23809e-14  2.47901e-15  1019.56  
3.88406e-14  3.65435e-15  637.116  
3.28177e-14  1.1971e-14  570.497  
47.6122  611.834  169.566  
2.43686e-17  3.04533e-14  497.341  
155.916  328.804  160.032  
602.512  27.7669  33.6806  
173.207  454.806  22.051  
9.18388e-16  1.60007e-14  261.741  
0.156879  709.295  33.7803  
457.856  15.5395  0.0148921  
2.7534e-05  167.208  2.98465  
846.156  3.01847e-10  0.315835  
1.02167  745.333  7.46271e-05  
4.07975e-17  8.01229e-15  130.852  
2.87694e-15  8.01272e-15  139.037  
1.05485e-14  1.80953e-17  172.271  
719.756  1.83868e-16  1.21243  
739.252  4.40647e-15  0.232376  
527.661  0.0692975  1.78418e-17  
492.551  10.4514  3.05973e-05  
1.07596e-30  1.75718e-14  286.97  
7.30526e-18  9.12937e-15  149.094  
343.546  0.255403  0.000277718  
2.15726e-14  7.13493e-30  352.307  
7.45618e-06  160.21  0.00109733  
54.0885  371.498  1.8149e-05  
458.76  1.81747e-10  0.909333  
1.48573e-05  4.01888e-05  78.1846  
181.65  12.1979  5.54109  
5.41895  655.48  2.21645e-17  
60.9658  0.00176011  0.0014586  
659  2.61077e-10  1.30367  
364.835  124.917  1.30392e-17  
1.29374e-14  3.05223e-16  211.342  
278.274  119.001  0.00042189  
5.92951  627.62  2.12227e-17  
0.00191581  74.205  0.00241218  
49.1742  388.939  0.000443694  
481.742  1.31133e-11  75.2232  
3.56204e-14  8.50352e-17  581.727  
311.864  3.9828e-11  11.6667  
5.32853e-06  268.417  0.00850223  
6.48069e-31  1.05838e-14  172.846  
1.51666e-14  4.15161e-20  247.69  
1.98298e-06  422.258  6.8572  
3.25871e-17  6.29557e-15  102.816  
0.00577789  588.493  2.07136e-07  
2.24982e-19  1.17027e-14  191.119  
2.60841e-14  425.986  0.0134933  
632.982  210.405  2.25545e-17  
29.1681  224.585  0.00155118  
137.537  11.4102  60.6924  
544.905  22.7688  1.34019e-06  
380.552  6.91286e-11  14.2455  
18.927  5.47472  129.387  
273.106  3.81735  3.80882  
3.41977e-14  558.491  2.40942  
3.03735e-15  7.94253e-15  138.872  
4.62987  814.206  0.0676513  
2.19348  703.995  7.04885e-05  
1.95199e-14  6.04395e-16  318.937  
553.076  0.925302  7.66524  
7.71469e-31  1.2599e-14  205.758  
8.18417e-15  2.08264e-15  137.917  
1124  3.0596e-11  3.7357  
303.305  11.6569  10.2448  
1.02456e-05  516.108  0.0178758  
783.694  0.340366  8.58908  
24.252  194.17  95.1953  
31.2036  333.865  34.9769  
7.41436e-07  575.372  10.102  
948.463  36.7235  1.85084  
813.877  0.0937985  30.4123  
497.352  0.164213  1.79206e-05  
114.594  853.942  12.1784  
2.91773e-15  7.99423e-15  138.98  
58.322  437.079  8.47817  
88.4266  424.619  21.6143  
9.09025e-16  1.01566e-14  166.533  
850.127  0.0979763  27.8623  
535.869  27.5063  8.82865  
595.06  9.85258  65.2861  
1.87942e-14  1.69042e-15  308.171  
2.71282e-14  3.58846e-16  443.076  
7.86735e-15  1.05862e-16  128.495  
0.0218304  0.257773  184.911  
805.724  7.55288  17.2848  
199.214  8.63372  3.08706e-20  
8.06651  0  989.93  
1.65203e-05  458.492  0  
0.949189  380.086  1.15108e-25  
50.0186  0  654.719  
1.33756e-08  876.79  2.15369e-30  
29.5017  1.84672e-22  378.874  
32.6854  277.419  0  
6.23123e-15  101.764  287.013  
1.49494e-16  2.10201e-14  343.293  
1.06382e-15  17.3735  314.444  
515.997  0  1.49977e-18  
0.0017055  428.51  1.25776e-19  
1.89758  1.15795  120.041  
0.232142  59.2863  117.96  
232.931  0  23.3433  
0.000634457  43.4004  143.613  
96.538  4.71653  5.21194  
3.85992e-14  4.41963e-34  630.373  
22.1012  266.474  5.49226e-23  
99.9429  7.58746  0  
6.05579e-21  4.34822e-15  71.0118  
1.98085e-14  323.498  1.14852e-10  
6.72246e-15  109.786  1.039e-10  
9.78008e-06  116.419  1.19588e-24  
1.02559e-14  167.491  1.05453e-30  
3.87873e-15  63.3444  34.5295  
257.874  5.59752e-23  0  
76.9123  2.21952e-13  0  
0.00122565  47.473  3.78854e-05  
0.00413804  88.8469  2.90685e-19  
5.58056e-17  4.03066e-15  65.832  
0.0245723  93.0463  4.50906e-22  
161.764  1.30968e-24  0  
3.62901e-31  5.92662e-15  96.789  
0.196977  0  144.358  
1.75292e-05  110.916  0  
0.0346158  1.83855e-18  124.508  
152.64  0  7.55929e-31  
69.9067  5.76889  2.92095  
1.37741e-06  380.862  0  
5.96078e-15  97.347  8.38314e-06  
4.87437e-06  266.756  0  
102.106  0.0357521  3.28653e-19  
60.0423  3.11518  42.3376  
1.0348e-14  0  168.995  
7.1043e-09  112.505  2.8121e-31  
0.237437  1.48163  41.2752  
3.46945e-15  6.98987e-16  57.7988  
29.3143  4.86829e-06  0.000701341  
1.25293e-14  9.72493e-36  204.619  
107.953  0  1.04976e-21  
7.86162e-15  3.05432e-17  128.391  
101.416  9.63431e-17  3.00202  
7.39119e-15  3.83198e-16  120.869  
102.932  6.44327e-22  0  
1.70037  75.0518  1.59949e-25  
7.73085e-09  506.768  1.26669e-30  
161.267  0  62.0003  
289.201  0  2.3106e-32  
119.865  2.88925e-19  0  
4.58092e-14  0  161.712  
0.353718  2.33148  101.946  
8.72003e-15  142.409  4.40074e-29  
2.14851e-13  104.315  20.3372  
1.77814  135.916  0  
0.00139354  95.3256  0  
75.3783  80.7896  0  
253.6  0  3.80567e-20  
33.451  82.6435  0  
1.34142e-30  2.19071e-14  357.769  
680.336  0  3.61298e-33  
0.291737  116.821  3.53789e-26  
0.983459  0  94.3484  
11.8914  85.4458  1.77561e-25  
0.0029889  0.0139388  69.3552  
110.787  0  3.22006e-19  
8.46798  64.7419  35.4977  
77.1892  2.48603  0  
7.06192e-17  5.75145e-15  93.9353  
0.982317  116.193  2.40686e-22  
8.54208e-19  1.81022e-14  295.632  
8.08613e-15  132.057  4.02106e-08  
1.4033e-07  460.146  1.15015e-30  
0.00341629  111.8  1.30753  
28.8041  0  211.814  
0.0319557  140.765  0  
410.761  0  6.91187e-23  
391.167  0  3.8038e-21  
1.82065e-14  297.335  8.04869e-29  
1.09934e-05  305.103  0  
1.77793e-14  0  290.358  
1.04502e-14  1.19655e-34  170.665  
7.60806e-06  434.089  1.08502e-30  
802.997  0  6.41565e-32  
3.10886e-14  507.715  7.94745e-31  
1.31346e-14  2.28987e-43  214.504  
368.659  2.3077e-21  0  
2.30104e-14  375.788  6.14235e-31  
1.07475e-14  3.19629e-16  175.598  
379.366  0  91.723  
51.0229  0  206.932  
5.51659e-17  3.54334e-14  578.672  
3.81346e-14  1.25443e-15  623.123  
6.13164e-15  2.16498e-15  106.196  
2.72639  3.46505e-45  336.118  
0.000152236  257.941  0  
155.88  21.7465  0  
29.0117  60.4471  11.1334  
68.4324  0.0730117  16.5424  
35.2273  51.9632  3.97916  
178.318  0.0157284  0  
48.0524  16.7725  1.46202e-21  
0.00215589  141.012  0  
83.8853  1.64883e-49  0.492352  
2.08963  70.6932  0  
2.88081e-16  3.7784e-15  61.8851  
7.35483e-15  0  120.114  
8.6851e-15  141.838  0  
48.0506  4.46217e-48  0  
2.20357e-16  2.65737e-15  43.547  
27.7842  40.9931  0  
80.6012  1.58428e-49  0.473077  
85.3062  0  3.52124  
1.07511e-21  4.38618e-15  71.6317  
3.08104e-15  1.20177e-19  50.3172  
3.40101e-15  9.40106e-16  57.6255  
2.66424e-15  1.41192e-16  43.5715  
3.66953e-16  2.1101e-15  34.9778  
5.36875e-18  3.44838e-15  56.3164  
3.08232e-15  50.3381  3.0511e-35  
0.00769845  0  49.222  
0.274802  50.1314  21.4304  
105.096  0  1.39207e-88  
75.4321  7.61979e-60  0  
0.000288809  21.7539  0.191635  
29.0543  4.8251e-06  0.000695118  
135.441  4.87922e-44  2.232e-84  
368.764  0  5.29653e-89  
3.92404e-14  640.844  3.88429e-34  
12.9855  19.3254  9.32125  
1.79258  0  73.7861  
439.784  0  8.7524e-89  
21.7501  0.274449  0.191617  
4.31431e-31  7.0458e-15  115.067  
7.25935e-16  1.08362e-15  21.3009  
0.00296507  54.9095  16.1075  
0.00115234  28.3966  0.00157359  
0.563996  2.6188  61.8485  
52.0101  0  13.2047  
55.6107  0.0061233  0  
1.20144e-18  4.0016e-15  65.3511  
32.6572  42.114  6.79154e-36  
2.132  0  45.6911  
2.75524e-15  3.36766e-17  44.9999  
8.59038e-18  3.57222e-15  58.339  
3.073e-31  5.01859e-15  81.9597  
93.1307  1.44313e-62  0  
46.0378  0  13.5563  
74.7815  3.52364e-58  0  
14.5075  36.0399  1.59129  
23.7351  47.9145  0  
35.1779  0  33.9762  
95.2292  8.55078  0.0268179  
4.93293  42.723  0.000544926  
2.67101e-15  43.6209  9.18325  
3.20092e-15  52.275  0  
2.80669e-15  2.9945e-18  45.8367  
33.0566  2.70891  0  
5.89887e-15  0  96.3359  
138.014  0  1.82809e-88  
3.8193e-05  64.7123  0  
0.00246262  5.13975e-05  25.1693  
35.9215  14.0697  2.10884e-35  
34.795  3.3803  11.3453  
0.818957  1.47896e-45  100.964  
1.28239  55.3647  0  
48.0523  1.52704e-46  0.152292  
6.37176  35.2465  17.2483  
3.88362  52.7589  1.58226  
43.4011  0.00126595  10.0218  
52.4836  2.75833  9.66783e-62  
52.2733  11.4239  5.68367e-81  
86.8893  2.80424e-46  0.058282  
3.90917e-16  6.38416  53.7451  
4.43464  49.4443  0  
0.000450528  33.935  46.5652  
2.34848e-16  3.83536  54.595  
0.00186318  0.00716909  39.6249  
7.57714e-18  0.123744  57.0692  
1.84119  0  51.2236  
0.0925557  1.06089e-34  88.1659  
115.303  4.91745e-58  0.029026  
114.789  0  2.55321  
102.683  6.80733e-55  1.22583  
313.272  3.72029e-65  0  
349.822  4.02363e-65  0  
20.3369  41.8965  0.138298  
88.2872  0  0.029847  
162.659  2.00013e-62  0  
315.342  3.77408e-109  0.665745  
123.098  7.93769e-110  343.573  
4.81456  2.27114e-98  189.508  
9.82875  72.7637  3.49373e-07  
54.3901  20.4153  6.75005e-05  
183.547  0  69.9387  
14.5321  7.95014e-73  152.535  
67.6908  4.36489e-110  661.349  
0.369843  177.803  0  
0.509318  166.265  9.18422e-102  
60.3997  1.1606e-91  60.9415  
16.2537  57.6689  0  
145.772  5.08355e-108  0.244392  
354.044  0.00264635  1.08789e-35  
236.914  11.3416  0  
239.485  8.3516e-108  0.150535  
18.1534  0.428313  1.21377  
10.9672  5.14178  6.73585  
10.4175  0.609596  8.14279  
0.320649  14.5602  8.09884  
4.502e-18  1.76837e-15  28.8798  
10.1796  28.475  0  
16.8264  14.9127  0  
10.4087  0.000109908  0.00010276  
1.98772e-15  32.4619  0.00068521  
26.0595  1.70081e-92  11.674  
2.1898  30.1198  0  
0.00216224  25.3037  1.73551e-05  
0.113501  54.5658  0  
5.35363e-18  0.0874315  24.3932  
1.29851e-15  1.59475e-19  21.2063  
1.78588e-15  29.1656  0.37245  
16.9405  11.6621  1.20166e-119  
415.99  3.92869e-110  0  
110.967  1.10123e-109  112.912  
0.17955  12.1385  0.00986308  
5.72778e-16  3.47252e-16  10.939  
0.369007  10.2114  8.27809  
1.24584  0  25.1618  
8.16528  7.36485  1.73934  
3.48169e-15  56.8604  0  
0.397063  19.352  1.66648  
5.13303e-16  8.08434e-17  8.4862  
263.939  1.70195e-109  0  
0.000116716  15.5219  0.000663387  
9.8328e-17  1.60582  8.56133  
27.0281  0.000202025  8.30505e-37  
6.99815  9.8043  0.47928  
6.86964e-16  5.39167e-17  11.2535  
0.018776  24.0336  2.84387e-101  
11.1734  0.32031  3.49919  
5.74339e-05  10.9313  5.9048  
5.92256  15.3706  2.31516e-36  
2.68199e-15  0  43.8003  
0.163421  9.31694e-75  13.2706  
30.0275  1.04715e-108  0.169364  
9.05787  0.560619  6.64093  
17.2688  26.3147  0  
1.13485e-05  26.8887  0.00114919  
4.21414e-05  13.9367  0.978578  
2.65718  9.09869  6.02692  
0.22982  31.9957  0  
66.7793  4.79658e-110  0.0121039  
2.01778e-16  6.58018e-16  11.2401  
95.9316  0  0.00804145  
22.2683  0.00254336  1.59563e-37  
32.9329  0  2.16783  
1.02866e-05  4.85244e-104  30.1217  
257.113  0  5.02344e-08  
17.103  0  17.4027  
15.7905  24.062  0  
33.1201  2.16162e-92  1.13809e-122  
15.7311  2.27288  2.34266e-06  
3.05902  22.6464  1.08736e-07  
0.00164345  21.9264  0.723453  
3.33359  23.3919  8.11928e-123  
1.37996e-31  2.25364e-15  36.8048  
21.5297  0.283233  0  
75.6359  4.93648e-92  0.000513751  
1.20407  22.8436  6.11633e-121  
1.01114e-15  6.66832e-19  16.5131  
9.76988  9.67621  4.27667  
55.1603  0  0.0146828  
101.252  1.66524e-108  0  
0.240789  16.9069  3.77543e-06  
19.4537  3.73808e-92  0.0876993  
1.29604e-15  21.166  5.29184  
0.127635  14.7805  0.922558  
1.06937  0  31.7224  
2.04112e-15  4.30338e-21  33.3339  
96.161  0  6.38986e-05  
0.265197  20.5497  4.86717e-06  
11.2126  0.880022  0.43902  
0.0032125  37.5944  2.57849e-05  
0.141189  9.21486e-95  27.2075  
18.2866  0.650368  0.0029489  
0.655134  5.63325  8.8876  
4.58137  13.3675  2.8393  
21.6663  7.64074e-07  3.70513  
7.30293  0.26081  8.99627  
0.623935  0.273082  0.732479  
3.64635e-05  0.954432  0.298501  
0.982357  0.187341  8.50848e-05  
0.511095  4.45513e-05  0.85955  
0.235264  0.232213  0.943815  
4.08719e-06  0.739633  0.673076  
2.6319e-05  0.688636  0.725142  
4.41178e-05  0.920896  0.390002  
0.760858  6.63227e-05  0.648952  
5.65976e-06  0.156878  0.98763  
0.958269  0.286027  8.19118e-05  
0.463068  0.463633  0.755473  
0.872804  0.258277  0.414366  
0.420146  0.26276  0.868701  
0.651151  0.591492  0.475816  
0.331482  0.439694  0.834846  
0.751706  0.563386  0.342966  
1.91242e-05  0.580304  0.81447  
0.424698  0.648039  0.63228  
0.682835  0.00796775  0.73056  
4.65737e-05  0.972159  0.234497  
0.622401  0.400008  0.672822  
0.791985  0.508997  0.337279  
6.04089e-06  0.706344  0.707938  
0.753342  0.467898  0.462321  
0.000102294  0.758549  0.651667  
5.95701e-06  0.341408  0.940031  
3.38514e-05  0.93826  0.346151  
0.851286  7.61054e-05  0.524995  
0.320327  0.510629  0.797946  
2.97703e-05  0.823982  0.566737  
0.469545  2.28523e-05  0.882957  
0.285437  1.3892e-05  0.95843  
0.9394  9.01497e-05  0.342967  
0.892124  0.451862  1.20196e-05  
0.81077  0.385536  0.440555  
0.390646  0.835642  0.39069  
2.22931e-05  0.409384  0.912477  
0.953684  9.15205e-05  0.300993  
0.19376  1.75538e-05  0.981114  
0.798196  0.602485  8.19124e-05  
0.677403  0.679323  0.282431  
0.609612  0.792743  0.00011061  
0.503422  0.796788  0.334717  
0.782005  6.78528e-05  0.623343  
2.10833e-05  0.634702  0.772795  
0.307964  0.951507  8.50885e-05  
3.40013e-05  0.889984  0.456044  
0.70677  0.707488  8.50824e-05  
0.707399  6.41333e-05  0.706888  
0.910448  8.24829e-05  0.413865  
1.00005  9.5388e-05  0.000100015  
3.70622e-06  0.539328  0.842226  
1.53973e-05  0.464643  0.885577  
0.881666  5.93904e-05  0.47196  
0.971622  0.236637  1.297e-06  
0.478902  0.877944  8.50853e-05  
0.555352  4.84091e-05  0.831642  
0.47674  0.477321  0.738316  
0.585853  0.408307  0.700161  
0.862764  0.505776  2.87281e-06  
0.406231  0.708988  0.576591  
1.67295e-05  1.35431e-05  1.00016  
0.980992  8.88739e-05  0.194397  
0.602793  1.56423e-05  0.797956  
4.94516e-05  1.00003  1.19592e-05  
0.575945  0.577577  0.578629  
0.930438  0.366567  7.65357e-05  
0.304073  0.304935  0.902595  
3.70832e-07  0.233824  0.972339  
0.381489  0.924445  8.50853e-05  
0.5522  0.833739  4.76989e-05  
0.671705  0.530784  0.518009  
0.867151  0.379533  0.323026  
0.345232  0.633915  0.692304  
0.643206  0.647436  0.408929  
0.74487  0.343251  0.572186  
0.501938  0.33381  0.797968  
0.534855  0.651762  0.537768  
0.749002  0.662832  8.58111e-05  
0.427648  4.07903e-05  0.904026  
0.408546  0.876493  0.255146  
0.655952  0.754868  0.000110611  
0.202582  0.979299  7.57489e-05  
0.640644  5.80398e-05  0.768013  
0.535285  0.531089  0.657025  
7.38858e-06  0.863924  0.503725  
0.393125  0.561927  0.728058  
0.834503  0.551055  4.51777e-06  
0.332464  2.97224e-05  0.943205  
0.925473  0.291414  0.242602  
0.263217  0.866767  0.423702  
0.652881  0.473636  0.591558  
0.470634  0.744894  0.472982  
0.709509  0.27155  0.650302  
0.296321  0.923031  0.245637  
2.87603e-05  0.796027  0.605306  
0.572865  0.715724  0.399551  
0.323054  0.80931  0.490615  
0.816718  0.0378895  0.576086  
9.02847e-05  0.777286  0.629147  
0.684762  0.454978  0.569295  
0.388152  7.63241e-05  0.921595  
0.150878  5.59904e-06  0.988552  
0.934592  0.355721  0.00012721  
4.44837e-05  0.938511  0.345249  
0.189107  0.283591  0.940114  
0.0447534  0.679353  0.732446  
0.894369  0.44733  0.000130158  
0.157985  0.987441  0.000112591  
0.608987  0.744414  0.27383  
0.700109  0.586092  0.407852  
0.555683  0.000133309  0.831394  
0.874478  0.25323  0.413718  
0.800003  0.599997  0.000130158  
0.623506  0.0483583  0.780322  
0.463188  0.463195  0.755584  
0.458038  0.562338  0.68846  
0.707501  0.706712  0.000134255  
1.95024e-05  0.446123  0.894972  
0.529613  0.848239  0.000132459  
0.666587  0.666434  0.333958  
0.00011371  0.388382  0.921499  
0.617173  0.401028  0.67696  
0.85175  0.000101398  0.523948  
0.957083  0.000108886  0.289814  
0.519734  6.49261e-05  0.854328  
0.463961  0.754488  0.464207  
0.656216  0.535273  0.53185  
3.16678e-05  0.956667  0.291185  
1.17317e-05  0.292817  0.956169  
0.499735  0.799478  0.333317  
0.836572  0.386331  0.388452  
0.949795  0.312871  0.000115067  
2.55857e-05  0.894225  0.447617  
0.470089  0.411909  0.780607  
0.242197  2.75735e-05  0.970227  
2.88536e-05  0.609629  0.792687  
3.82139e-05  0.813598  0.581428  
0.534857  0.534864  0.654102  
0.4282  4.53571e-05  0.903684  
0.59152  6.052e-05  0.80629  
0.774119  9.39729e-05  0.63304  
7.4746e-06  5.48378e-05  1  
0.872852  0.487986  0.000127042  
0.396752  0.623066  0.674074  
0.000110899  0.484708  0.874676  
0.33007  0.440745  0.834744  
0.67315  7.7162e-05  0.739506  
0.74399  0.343576  0.573091  
0.342105  1.42574e-05  0.939662  
0.000102648  0.707107  0.707107  
0.485888  0.874021  0.000123665  
0.572354  0.343053  0.744799  
0.342253  0.564517  0.751121  
0.389678  0.835019  0.388452  
1  9.97539e-05  9.86636e-05  
0.258573  0.872003  0.415633  
0.330099  0.943946  0.000126774  
0.730622  0.682782  0.00012936  
0.73278  0.0374318  0.679435  
0.677401  0.735614  0.000130055  
0.776296  0.630369  0.000135435  
0.746367  0.572625  0.339172  
0.728621  0.48412  0.4845  
4.73982e-05  1  9.91276e-05  
0.577548  0.57757  0.576932  
0.913746  9.93607e-05  0.406287  
0.831799  0.555076  0.000127089  
8.89171e-05  0.755686  0.654934  
0.911003  0.412401  0.000124444  
4.38214e-05  0.924537  0.381092  
0.231712  0.972784  9.86636e-05  
0.410251  0.911972  0.00012857  
0.535494  0.655314  0.532739  
0.707111  7.52662e-05  0.707103  
8.29477e-05  0.856734  0.515759  
0.972016  0.234915  9.86636e-05  
0.405014  0.704203  0.583149  
0.584049  0.701868  0.40776  
2.60738e-05  0.555127  0.831765  
0.904597  0.300331  0.302498  
2.87693e-05  0.658103  0.752928  
0.30158  0.30156  0.904495  
0.630848  0.774499  0.0467231  
0.883584  0.00012797  0.468272  
3.40668e-06  0.16415  0.986435  
0.980538  0.000111448  0.196328  
4.42962e-05  0.978982  0.203946  
0.816621  0.000109065  0.577175  
0.575996  0.817452  0.000138247  
0.645327  0.408518  0.645498  
0.301214  0.904698  0.301318  
0.433956  0.26969  0.859622  
0.27897  0.73642  0.616329  
0.762745  0.460732  0.453813  
0.823149  0.27486  0.496869  
0.939483  0.000117222  0.342594  
0.791444  0.508629  0.338988  
0.33929  0.791341  0.508588  
0.048124  0.779559  0.624478  
0.446713  0.894677  0.000119588  
0.73263  0.679066  0.046061  
0.3874  0.497458  0.776181  
0.0472477  0.678448  0.733128  
0.317662  0.84815  0.423949  
0.645541  0.64399  0.410552  
0.151511  0.988456  9.94766e-05  
0.34202  0.691099  0.636714  
0.623516  0.0466225  0.780419  
0.281325  0.928365  0.242889  
0.924815  0.292626  0.24308  
0.265374  6.15186e-05  0.964146  
0.387972  1.47739e-05  0.921671  
0.794533  0.569918  0.209549  
0.988443  0.000111855  0.151596  
0.362319  0.308359  0.879568  
0.620787  0.394673  0.67739  
3.27748e-05  0.447204  0.894432  
0.848154  0.317543  0.42403  
0.396591  0.617798  0.679  
0.378918  0.866749  0.324295  
0.591792  0.000133837  0.806091  
0.608384  0.670467  0.424669  
0.700858  0.40908  0.584339  
0.196103  4.12522e-05  0.980583  
0.404415  0.751999  0.520524  
0.469982  0.529579  0.706161  
9.46314e-05  0.956828  0.290653  
0.57673  0.816935  0.000140297  
5.33905e-05  0.302226  0.953236  
0.948676  0.316251  0.000122376  
0.452517  0.799396  0.395215  
0.000123779  0.609718  0.792618  
1  9.99063e-05  9.99156e-05  
0.47508  0.415477  0.775678  
0.516852  0.575985  0.633329  
0.773928  0.000138514  0.633274  
0.447304  0.000132933  0.894382  
0.521023  9.25479e-05  0.853543  
7.71518e-05  0.393855  0.919173  
0.831832  0.555027  0.000138551  
7.13461e-05  0.894233  0.447602  
0.970054  0.000105826  0.242889  
0.231751  0.972775  0.000117219  
0.776144  0.630556  0.000139856  
0.675809  0.737077  0.000139662  
0.000117057  0.707107  0.707107  
6.59667e-05  4.59491e-05  1  
0.874142  0.48567  0.00013751  
9.82418e-05  1  9.94766e-05  
0.577559  0.577559  0.576932  
0.895011  0.315401  0.3154  
8.76417e-05  0.485787  0.874077  
0.796575  0.455131  0.3979  
0.851748  0.000139291  0.523952  
0.486254  0.873817  0.000114286  
0.913829  0.000102968  0.406099  
0.000141938  0.813545  0.581502  
0.252567  0.900891  0.352994  
0.672938  0.000139096  0.739699  
0.341758  0.000109725  0.939788  
0.000127659  0.755878  0.654713  
0.592131  0.473761  0.651868  
0.911765  0.410713  0.000122516  
0.332232  0.443978  0.832169  
0.65407  0.534711  0.535048  
0.707111  0.000138951  0.707103  
9.91411e-05  0.980543  0.196304  
0.000137709  0.857511  0.514465  
0.40921  0.91244  0.000123509  
0.883796  0.000139308  0.467872  
0.707107  0.707106  0.000138825  
0.701979  0.583451  0.408424  
0.825717  0.274043  0.493044  
0.000112739  0.924914  0.380177  
0.473178  0.651075  0.593467  
0.000115883  0.555386  0.831593  
0.571586  0.745771  0.34222  
0.337775  0.564751  0.752971  
0.980524  0.196399  9.8294e-05  
0.93962  0.000113806  0.34222  
0.292417  0.243023  0.924896  
0.847901  0.424441  0.31767  
0.572243  0.343372  0.744737  
0.000128999  0.658528  0.752556  
0.529726  0.706464  0.469361  
0.813843  0.000142476  0.581085  
3.94669e-05  0.21909  0.975705  
0.739061  0.614272  0.276512  
0.454911  0.397838  0.796732  
0.281079  0.731418  0.621308  
0.626911  0.777897  0.0431117  
0.735085  0.278028  0.618345  
0.75411  0.464853  0.463929  
0.250552  0.350655  0.902366  
0.475758  0.264329  0.838919  
0.316336  0.948647  0.000112709  
0.503445  0.838558  0.20824  
0.269787  0.831372  0.485835  
0.792637  0.337978  0.507442  
0.901028  0.353109  0.251918  
0.84657  0.425534  0.319751  
0.3386  0.50889  0.791442  
0.0485688  0.732011  0.67956  
0.255614  0.411685  0.874744  
0.7528  0.00013416  0.65825  
0.554889  0.831924  0.000136102  
0.364264  0.312103  0.877442  
0.151472  2.26532e-06  0.988462  
0.529994  0.000140008  0.848001  
0.624876  0.779238  0.0481443  
0.388666  6.40077e-05  0.921379  
0.388101  0.921617  0.000127468  
0.813529  0.000110224  0.581524  
0.987442  0.15798  0.00011846  
0.249765  0.902313  0.351354  
0.152118  0.988362  0.000113762  
0.620787  0.394673  0.67739  
0.000130527  0.894427  0.447214  
0.325357  0.86628  0.379081  
0.389351  0.389346  0.834755  
0.832014  0.000112728  0.554754  
0.397928  0.678851  0.617103  
0.281717  0.619546  0.732665  
0.59158  0.806246  0.000142108  
0.700927  0.408961  0.584339  
0.46468  0.46461  0.753797  
0.44698  0.894544  0.000126152  
0.700688  0.584644  0.408935  
5.78274e-05  0.291102  0.956692  
0.000127893  0.953553  0.301224  
0.938704  0.344724  1.94815e-05  
0.948687  0.000127537  0.316217  
0.000138591  0.792867  0.609395  
0.474722  0.776008  0.415271  
0.000121305  0.581382  0.81363  
0.274166  0.494708  0.82468  
0.773958  0.633237  0.000142999  
0.000136907  0.707107  0.707107  
1  9.99063e-05  9.99243e-05  
9.96826e-05  1  9.9729e-05  
0.707111  0.000140837  0.707103  
0.473656  0.651603  0.592506  
0.521331  0.853355  0.000136381  
0.776118  0.000104441  0.630588  
0.794285  0.399252  0.45794  
0.874226  0.000118425  0.485519  
0.000133828  0.513857  0.857876  
0.851677  0.524067  0.000122121  
0.341711  0.939805  0.000123947  
0.408737  0.584318  0.701075  
0.000125596  0.447204  0.894432  
0.577385  0.577183  0.577483  
6.38019e-05  4.89105e-05  1  
0.000138012  0.874187  0.48559  
0.576565  0.000139095  0.817051  
0.485662  0.000131926  0.874147  
0.912066  0.000122614  0.410044  
0.754183  0.464114  0.464549  
0.330247  4.46722e-05  0.943894  
0.675722  0.00012016  0.737157  
0.707107  0.707106  0.000141115  
0.913834  0.406087  0.000135288  
0.0429769  0.626797  0.777996  
0.000127971  0.752272  0.658853  
0.672653  0.739958  0.00014362  
0.291977  0.924983  0.243222  
0.970195  0.242327  0.000121144  
0.000135749  0.654878  0.755735  
0.592637  0.651799  0.473222  
0.242448  0.970164  0.00010037  
0.508729  0.791407  0.338926  
0.000130988  0.919069  0.394096  
0.231569  3.8972e-05  0.972819  
0.653835  0.534998  0.535048  
0.592141  0.473749  0.651868  
0.427853  7.97803e-05  0.903848  
0.813945  0.580942  0.000143288  
0.000132224  0.839708  0.543039  
0.866543  0.32466  0.379077  
0.339486  0.751379  0.565843  
0.82506  0.493909  0.274464  
0.572243  0.343372  0.744737  
0.000110708  0.380743  0.924681  
5.71679e-06  0.195598  0.980684  
0.978987  0.0001196  0.203921  
0.000115014  0.980579  0.196124  
0.633966  0.691918  0.345452  
0.470033  0.706423  0.529184  
0.534972  0.534971  0.65392  
0.894441  0.447185  0.000134069  
0.625144  0.0486615  0.778991  
0.733082  0.619528  0.28067  
0.732707  0.280858  0.619886  
0.494577  0.275031  0.824471  
0.253533  0.305826  0.91771  
0.392349  0.803115  0.448407  
0.925005  0.243073  0.29203  
0.411407  0.874443  0.257086  
0.901  0.353098  0.252032  
0.0457684  0.624012  0.780073  
0.339032  0.508774  0.791332  
0.752599  0.000140744  0.65848  
0.257103  0.411503  0.874393  
0.0486595  0.731987  0.679578  
0.554889  0.831924  0.000138508  
0.806403  0.000142118  0.591367  
0.15215  5.08187e-05  0.988357  
0.361752  0.310386  0.879088  
0.529994  0.000141201  0.848001  
0.388037  5.31819e-05  0.921644  
0.809994  0.520597  0.26998  
0.388101  0.921617  0.00013022  
0.61728  0.771508  0.154079  
0.987442  0.15798  0.00011846  
0.250953  0.901983  0.351354  
0.151582  0.988445  0.000114001  
0.473808  0.651492  0.592506  
0.635274  0.345225  0.690831  
0.000130527  0.894427  0.447214  
0.411402  0.874435  0.257122  
0.832014  0.000134543  0.554754  
0.274746  0.49446  0.824636  
0.447325  0.894371  0.000132679  
0.397995  0.678811  0.617103  
0.970195  0.242327  0.000121144  
0.701014  0.584253  0.408935  
0.672714  0.739903  0.000143787  
0.79635  0.398246  0.455223  
0.4642  0.464199  0.754346  
0.000138012  0.874187  0.48559  
0.476197  0.774426  0.416534  
0.883841  0.467788  0.000139313  
6.72489e-05  0.29117  0.956671  
0.913834  0.406087  0.000135288  
0.576565  0.000143972  0.817051  
0.851677  0.524067  0.000141097  
0.000128964  0.953553  0.301224  
0.948687  0.000128545  0.316217  
0.000139068  0.792708  0.609602  
0.675722  0.000139405  0.737157  
0.324995  0.866416  0.379081  
0.330322  9.959e-05  0.943868  
0.878752  0.310902  0.362125  
0.000141086  0.581249  0.813726  
0.59158  0.806246  0.000142211  
9.96826e-05  1  9.9729e-05  
0.000140679  0.707107  0.707107  
1  9.99063e-05  9.99243e-05  
6.38019e-05  4.89105e-05  1  
0.521331  0.853355  0.000141727  
0.874136  0.000121226  0.485682  
0.389441  0.38945  0.834664  
0.427853  0.000133217  0.903848  
0.773958  0.633237  0.000145084  
0.700927  0.408961  0.584339  
0.485662  0.000137888  0.874147  
0.000132527  0.447225  0.894422  
0.577385  0.577183  0.577483  
0.776118  0.000145099  0.630588  
0.341711  0.939805  0.000127657  
0.811193  0.324419  0.486538  
0.0001379  0.654878  0.755735  
0.592424  0.651565  0.473811  
0.534972  0.534971  0.65392  
0.911851  0.000136749  0.410521  
0.653838  0.534994  0.535048  
0.242508  0.970149  0.000117257  
0.000131013  0.919245  0.393686  
0.231569  3.8972e-05  0.972819  
0.592305  0.47388  0.651623  
0.470454  0.705996  0.529379  
0.000139126  0.839664  0.543106  
0.000108781  0.514477  0.857504  
0.832282  0.443513  0.332569  
0.707107  0.707106  0.000141281  
0.408737  0.584318  0.701075  
0.754337  0.464206  0.464208  
0.707111  0.000140954  0.707103  
0.339498  0.751374  0.565843  
0.572484  0.343517  0.744485  
0.000131736  0.380743  0.924681  
0.254389  0.30542  0.917608  
0.978987  0.0001196  0.203921  
0.938379  0.345607  0.000128739  
0.000132075  0.752689  0.658377  
0.000117314  0.980579  0.196124  
0.281567  0.619614  0.732665  
0.633947  0.691811  0.3457  
0.813739  0.581231  0.000141536  
4.06291e-05  0.196002  0.980603  
0.508676  0.791394  0.339034  
0.624628  0.0486213  0.779407  
0.732635  0.619795  0.281247  
0.732567  0.281224  0.619886  
0.392349  0.803115  0.448407  
0.494823  0.274449  0.824517  
0.291977  0.924983  0.243222  
0.92489  0.243422  0.292102  
0.0457684  0.624012  0.780073  
0.339144  0.5087  0.791332  
0.257103  0.411503  0.874393  
0.0486595  0.731987  0.679578  
0.752584  0.000141093  0.658496  
0.554733  0.832029  0.000135993  
0.806403  0.000142209  0.591367  
0.15192  6.94443e-05  0.988393  
0.362056  0.310032  0.879088  
0.529994  0.000141201  0.848001  
0.388037  5.31819e-05  0.921644  
0.809994  0.520597  0.26998  
0.388101  0.921617  0.000131128  
0.61728  0.771508  0.154079  
0.987442  0.15798  0.00011846  
0.250953  0.901983  0.351353  
0.473868  0.651575  0.592367  
0.151965  0.988386  0.000114001  
0.000132482  0.894427  0.447214  
0.411402  0.874435  0.257122  
0.811193  0.324419  0.486538  
0.447185  0.894441  0.000133767  
0.397995  0.678811  0.617103  
0.000134772  0.514477  0.857504  
0.591432  0.806355  0.000142243  
0.79635  0.398246  0.455223  
0.464226  0.464226  0.754313  
0.57668  0.000144001  0.81697  
0.948687  0.000128999  0.316217  
0.341711  0.939805  0.000128053  
0.558183  0.392949  0.730768  
0.883841  0.467788  0.000139527  
0.000140303  0.792623  0.609712  
0.000128967  0.953574  0.301158  
0.330322  0.000125613  0.943868  
0.732533  0.619709  0.281701  
0.000143597  0.581249  0.813726  
0.389443  0.389448  0.834664  
0.675769  0.000141717  0.737113  
0.324995  0.866416  0.379081  
0.874136  0.000124648  0.485682  
0.773958  0.633237  0.000145084  
1  9.99063e-05  9.99492e-05  
0.832039  0.000138034  0.554716  
0.339498  0.751374  0.565843  
0.000141369  0.707107  0.707107  
6.38019e-05  4.89105e-05  1  
0.970094  0.242729  0.000121144  
9.96826e-05  1  9.9729e-05  
0.851673  0.524073  0.000141892  
0.521444  0.853285  0.000133767  
0.000134142  0.447225  0.894422  
0.672714  0.739903  0.000144012  
0.000107063  0.87414  0.485675  
0.700938  0.408942  0.584339  
0.00011653  0.29117  0.956671  
0.878495  0.310811  0.362826  
0.913834  0.406087  0.000135288  
0.396192  0.798751  0.452802  
0.485662  0.000137888  0.874147  
0.476066  0.774506  0.416534  
0.577479  0.577089  0.577483  
0.427853  0.000135267  0.903848  
0.701044  0.584217  0.408935  
0.776118  0.000145398  0.630588  
0.486947  0.322261  0.811807  
0.00014114  0.654878  0.755735  
0.911918  0.000136486  0.410373  
0.592424  0.651565  0.473811  
0.242508  0.970149  0.000121152  
0.000131013  0.919245  0.393686  
0.231569  3.8972e-05  0.972819  
0.633947  0.69181  0.345702  
0.653856  0.534973  0.535048  
0.592305  0.47388  0.651623  
0.281709  0.619747  0.732498  
0.000137408  0.839647  0.543132  
0.000131736  0.380743  0.924681  
0.832039  0.443771  0.332833  
0.707107  0.707106  0.00014139  
0.408858  0.584458  0.700888  
0.707107  0.000141224  0.707106  
0.558613  0.278856  0.781147  
0.978987  0.000120937  0.203921  
0.938379  0.345607  0.000129414  
0.000117674  0.980579  0.196124  
0.813739  0.581231  0.00014304  
0.254865  0.305741  0.917369  
0.000137577  0.7525  0.658592  
4.06291e-05  0.196002  0.980603  
0.534972  0.534971  0.65392  
0.92489  0.243422  0.292102  
0.470611  0.705891  0.529379  
0.633621  0.345303  0.692308  
0.508676  0.791394  0.339034  
0.732567  0.281224  0.619886  
0.291964  0.924941  0.243395  
0.754337  0.464206  0.464208  
0.274616  0.494532  0.824636  
0.630741  0.048164  0.774497  
