2.0562  2.93239  1.43258  
2.49853  2.37379  2.92905  
2.27741  2.86504  1.37303  
2.09991  2.54389  4.1966  
1.40728  2.22636  5.90112  
1.75087  1.5603  5.49216  
2.02706  3.7441  1.77705  
0.940255  1.98647  6.16405  
1.15734  2.82474  5.05601  
2.46582  2.29652  1.98213  
2.26361  1.59262  4.22934  
1.57915  0.886545  5.95685  
2.36095  0.859715  3.21743  
1.88561  3.69662  2.34942  
2.34993  1.88863  3.97909  
0.644405  2.30468  5.98779  
1.85791  2.93724  4.55839  
2.27774  1.91248  3.62617  
1.72159  1.90627  5.28626  
1.32154  0.897656  6.12737  
1.73772  2.33487  4.93265  
1.33479  1.81506  5.81182  
2.43565  2.61417  1.68471  
2.61926  1.31994  1.53475  
1.923  2.79202  3.74342  
1.07181  3.05242  5.4576  
2.04711  1.37991  4.71471  
1.54622  4.03139  2.55802  
2.29333  1.33916  4.07217  
1.85225  3.71768  1.62805  
1.49103  2.50801  5.13079  
1.76359  1.28379  5.67766  
1.52864  2.15146  5.39883  
1.16274  3.46037  4.39677  
2.42916  0.824628  3.52668  
0.957827  2.43063  6.03883  
1.3165  3.70304  4.30869  
1.90421  2.7259  4.47725  
1.2625  2.34369  5.7053  
1.51726  3.0597  4.70853  
1.66892  3.93102  3.21607  
1.39609  1.03629  6.14981  
1.80561  2.02085  5.27197  
2.38076  1.74357  3.30796  
1.66045  3.656  3.83785  
2.35013  2.75176  1.76236  
1.35196  2.06431  5.70131  
1.54322  0.991708  5.85122  
2.07843  1.16959  4.82675  
2.3802  1.89953  2.97398  
2.48192  1.64275  3.46256  
1.19162  2.09601  6.15344  
0.963943  1.02134  6.72427  
2.1283  3.30285  1.90625  
1.7436  3.61965  3.18128  
2.48559  1.17404  2.69916  
1.7367  2.77815  4.50036  
2.09722  2.07973  4.06304  
1.96836  2.8724  3.57423  
2.23864  3.29799  1.27429  
1.70571  1.72989  5.296  
2.02564  3.36053  3.09188  
2.09251  2.39312  3.8526  
0.680115  0.69501  6.56375  
2.49765  1.85214  2.5774  
1.1036  2.02212  6.14495  
2.03377  2.45436  3.97669  
1.7343  4.1885  1.21558  
1.26149  2.12376  5.59695  
1.70051  2.22499  5.41664  
1.58667  3.53098  3.60463  
1.38634  4.15204  2.52402  
1.49548  1.04098  6.39301  
1.30103  2.22729  5.89392  
2.26997  1.44594  4.39858  
1.78924  3.94107  2.61893  
1.6884  1.27921  5.39556  
2.60992  1.6995  0.949065  
1.56596  0.901407  5.98702  
1.97702  1.71237  5.06066  
2.2917  1.02675  3.66005  
2.33313  2.14308  1.45314  
1.44618  4.01499  2.43091  
1.71  2.84385  4.72834  
0.848292  2.01903  6.31108  
1.57666  2.83663  5.11446  
1.85764  3.76536  1.57637  
1.60041  3.72275  2.53329  
1.52547  2.41944  5.11418  
1.85236  2.43312  3.71608  
1.99878  1.79995  4.535  
1.64255  2.9084  4.59643  
1.85367  2.46906  4.87278  
2.14128  3.02519  3.18438  
2.36236  2.33879  2.73013  
1.49327  3.24261  4.7506  
2.19862  0.905455  4.19734  
2.18256  1.85295  4.38098  
1.80867  3.39098  3.10114  
2.00843  0.934807  5.21605  
0.289164  0.322953  6.02128  
0.455464  3.47547  3.02656  
1.24899  2.15033  3.80274  
0.393175  3.35762  3.36138  
1.02009  2.86772  3.35662  
0.386623  2.08276  5.19333  
0.280959  3.62491  2.95779  
0.937768  0.239669  5.50216  
0.678639  3.70484  1.86932  
1.38313  0.916402  4.47318  
1.05192  1.41342  4.92939  
0.533845  0.701004  5.83096  
0.240558  3.32231  3.55914  
0.773361  3.32609  2.85436  
1.33372  3.00338  2.12038  
1.53904  0.661365  4.02629  
0.260758  1.49745  5.65399  
0.813608  1.45841  5.25512  
1.03303  1.75629  4.71186  
1.58394  2.4919  1.54765  
1.58626  1.10931  3.72647  
1.7987  0.368376  3.11146  
1.44513  1.17647  4.15285  
0.826546  2.81004  3.82061  
1.251  0.971085  4.74245  
0.85283  3.75656  0.185939  
0.784502  0.979899  5.5031  
0.735631  0.254914  5.72508  
0.568973  2.30864  4.8305  
1.83138  0.915974  2.57471  
1.02258  3.15901  2.63259  
1.84836  0.187141  2.8716  
0.30167  1.22573  5.77303  
1.55814  1.94506  3.01359  
1.28199  1.97305  3.89345  
0.846155  1.84175  4.93808  
1.22441  2.57267  3.26614  
0.294822  3.45471  3.20879  
1.21889  2.7909  2.78413  
1.40405  2.92855  1.35251  
1.95802  1.40476  0.145583  
1.35844  0.241002  4.64766  
0.686271  3.87914  0.182224  
1.51282  2.51239  2.09187  
1.04404  2.44777  3.92827  
0.31485  3.09315  3.93777  
1.07836  2.0496  4.31433  
1.55733  2.15479  2.58782  
0.978751  0.250381  5.38184  
0.0731682  0.0722889  6.07229  
2.03343  0.0335079  0.033435  
1.67154  1.63786  2.8256  
1.52771  2.7643  0.178386  
1.4958  0.233708  4.32006  
0.315286  2.62522  4.62849  
0.071132  4.06631  0.0663173  
1.30817  3.21372  0.169007  
0.323236  1.9232  5.33708  
1.07066  3.54918  0.189816  
1.58114  0.215243  3.99058  
1.86425  1.82568  0.154443  
1.7468  0.204156  3.37871  
1.71641  2.35494  0.167034  
1.93329  0.168969  2.26211  
0.502531  3.57886  2.69349  
1.14576  2.45212  3.64385  
1.46952  2.13133  3.07769  
0.269849  3.75942  2.33891  
1.79542  2.12497  0.151498  
1.63641  2.57379  0.163726  
1.98799  0.159672  1.78388  
0.685325  3.63051  2.15075  
1.09137  3.29754  1.86819  
0.252323  3.94357  1.525  
1.18929  3.26202  1.36243  
0.554074  1.51397  5.47768  
0.549591  3.22819  3.4688  
1.81144  1.58092  1.94959  
1.03849  1.2386  5.05217  
1.16544  0.382483  5.07521  
1.65572  0.623494  3.65976  
0.521607  3.97777  0.184832  
0.92946  3.41878  2.18218  
1.99549  1.18792  0.120295  
1.03972  2.74573  3.45723  
1.7278  2.06716  1.68956  
1.27328  1.47481  4.38278  
0.447249  2.82195  4.40003  
1.4558  1.64406  3.73471  
0.506851  0.196471  5.93881  
0.822792  2.289  4.54448  
0.745948  3.41909  2.73846  
1.70626  1.25615  3.0984  
1.39986  2.46941  2.69506  
1.64798  2.20469  1.97374  
0.616908  3.856  1.1242  
1.59461  1.54883  3.32573  
1.90473  1.02598  2.03185  
0.922535  3.6938  0.178173  
0.313167  2.27874  5.02344  
0.527874  0.691244  5.83423  
1.24382  2.15265  3.80105  
1.04628  1.40687  4.93777  
0.312552  2.01961  5.25927  
1.53733  0.662406  4.02695  
0.81515  3.74399  1.02491  
0.283872  3.30644  3.55057  
0.757564  3.26326  3.0311  
1.00704  3.68274  0.177296  
0.278292  3.57378  2.90995  
0.298776  2.95738  4.17925  
0.256935  1.75611  5.48253  
1.38179  0.9072  4.4183  
1.83995  0.552195  2.87565  
0.805725  1.50949  5.21161  
1.58088  2.49408  1.54341  
0.282977  0.966949  5.88768  
1.04476  1.98452  4.43944  
1.36205  2.62729  2.63171  
0.740746  3.40826  2.73284  
1.22003  2.57238  3.26564  
1.79627  2.11031  0.154947  
0.926488  3.47462  1.95622  
1.44088  1.17698  4.1558  
0.822872  2.80943  3.82094  
0.320402  2.09143  5.18409  
1.39994  2.9194  1.36725  
1.66892  1.63526  2.83762  
1.82588  0.911024  2.57741  
1.63226  2.5758  0.171621  
1.01863  3.1346  2.65278  
1.45238  1.64496  3.72885  
0.291567  3.4491  3.20579  
1.21545  2.79283  2.78721  
1.70047  1.25723  3.09565  
0.321843  2.59671  4.64912  
0.893756  3.73265  0.355431  
0.312403  1.27093  5.73738  
0.840417  1.83952  4.93776  
0.681149  3.87853  0.181641  
1.57584  0.219388  3.99908  
0.308454  3.09339  3.92841  
1.79301  0.376539  3.10498  
1.95641  1.40462  0.144194  
1.52367  2.76665  0.173874  
0.0707132  0.0699474  6.06995  
1.64152  2.19896  2.0016  
1.192  0.481544  4.99145  
2.03156  0.0317004  0.0315649  
0.560547  2.75706  4.2439  
1.35048  0.240871  4.65778  
1.86233  1.82906  0.15919  
0.990305  0.252887  5.35483  
0.276642  3.74983  2.35579  
1.27646  1.96903  3.90752  
1.42382  3.05074  0.163633  
1.92856  0.168964  2.26738  
0.551468  3.21866  3.46358  
0.0652734  4.06511  0.0651061  
1.06284  3.53971  0.189602  
0.777784  0.982396  5.50526  
0.723499  0.249333  5.73416  
1.74012  0.205608  3.38271  
1.55302  2.15987  2.58595  
1.03655  2.4593  3.9156  
1.71028  2.35926  0.165478  
1.58938  1.32846  3.51785  
1.29646  3.22822  0.177329  
1.13051  2.45649  3.66777  
1.46683  2.13522  3.06781  
0.25196  3.96297  1.33854  
0.559664  1.51143  5.47107  
1.23704  1.43675  4.48062  
1.72482  1.89132  2.07859  
1.98652  0.157754  1.7935  
0.839278  2.35614  4.42485  
1.1795  3.39481  0.336758  
0.699562  3.61648  2.14529  
1.30282  2.99862  1.88781  
1.99128  1.18498  0.138243  
1.65131  0.621847  3.65785  
1.04438  1.74486  4.67989  
1.02566  1.23118  5.07038  
1.04391  2.7292  3.46041  
1.88234  1.48219  1.51426  
1.58703  1.77103  3.07414  
1.08796  3.29357  1.87186  
0.501709  0.224874  5.92847  
1.5073  2.50325  2.09161  
1.20764  3.2319  1.3619  
0.507459  3.57124  2.68844  
1.48837  0.234201  4.30238  
0.632931  3.81347  1.35433  
0.569726  2.3041  4.83046  
1.77624  1.53369  2.28727  
0.462585  3.81241  1.82315  
1.90026  1.03044  2.0326  
1.72622  2.06197  1.68723  
1.20984  0.945386  4.83773  
0.935529  0.235616  5.47204  
1.53633  0.661982  4.03031  
0.30781  2.0221  5.25781  
0.298551  3.30645  3.54034  
1.70229  1.2589  3.09375  
0.756875  3.26257  3.03041  
0.276741  3.57231  2.90788  
0.29649  2.95739  4.17713  
1.38022  0.905623  4.41672  
0.804208  1.51131  5.21119  
0.915946  3.43145  2.15911  
0.293093  1.75945  5.46807  
0.99038  3.56175  1.14275  
1.20717  3.23071  1.36245  
0.295358  0.963887  5.88266  
1.58028  2.4948  1.54384  
1.04359  1.98757  4.43641  
1.79093  0.374864  3.1059  
1.21291  2.7957  2.78668  
1.58661  1.33557  3.51017  
1.20885  0.946693  4.83711  
0.83923  2.35471  4.42365  
1.79604  2.10881  0.163867  
1.40993  3.0576  0.181182  
1.44001  1.17709  4.15677  
1.19189  0.480494  4.99039  
0.885166  3.72503  0.181287  
0.722715  0.24942  5.73343  
1.24289  2.623  3.09299  
0.274402  3.74895  2.35467  
0.569392  2.3038  4.83006  
1.64312  1.39357  3.18649  
1.27589  1.96869  3.90702  
1.82495  0.912098  2.57633  
0.989273  0.252907  5.35385  
1.63358  0.618622  3.72511  
1.01798  3.13209  2.65463  
0.322055  2.09191  5.1813  
0.319366  2.59663  4.64978  
1.95549  1.40576  0.144964  
0.680799  3.87816  0.183013  
1.57563  0.219572  3.99845  
0.778865  0.983097  5.50244  
0.291502  3.44822  3.20429  
1.18168  3.38629  0.35004  
1.92703  0.173662  2.26594  
0.558342  1.51368  5.46696  
1.52332  2.76604  0.175235  
0.839118  1.84008  4.93728  
2.03135  0.0314886  0.031353  
0.308156  3.0926  3.92774  
1.38179  2.66408  2.44337  
1.29525  3.22948  0.184702  
0.82181  2.80836  3.81988  
0.0647788  4.06461  0.0646114  
0.699024  3.6153  2.14613  
1.06472  3.53478  0.18671  
1.86208  1.8288  0.158936  
0.574709  3.91707  0.710532  
1.73921  0.20772  3.38133  
1.70888  2.36041  0.168127  
1.35021  0.241063  4.65752  
0.631148  3.81254  1.35308  
0.0700881  0.0694081  6.06941  
1.84344  0.191628  2.86824  
1.55251  2.15795  2.58475  
0.310934  1.26646  5.73778  
1.11453  2.47085  3.68598  
0.25124  3.96209  1.33902  
1.9848  0.157838  1.79163  
1.43916  2.09149  3.2383  
1.23639  1.43663  4.48124  
1.74504  1.71095  2.27166  
1.63982  2.55541  0.17171  
0.559378  2.75814  4.24347  
0.552696  3.21672  3.46285  
0.739913  3.40803  2.72936  
0.507364  3.57065  2.68711  
0.975615  3.23558  2.5363  
1.99048  1.18523  0.137581  
1.04361  1.7442  4.67842  
1.87554  1.47939  1.50812  
1.02436  1.22974  5.07128  
1.45025  1.64817  3.7273  
1.66954  2.23833  1.68657  
0.501308  0.225221  5.92813  
1.4874  0.233134  4.30066  
1.04414  2.72743  3.45952  
1.50653  2.5031  2.09102  
1.08651  3.29381  1.87116  
0.461147  3.81099  1.82158  
1.03548  2.45953  3.91524  
1.72201  1.89132  2.07697  
1.30132  2.99712  1.8863  
1.92546  1.59357  0.141967  
1.41728  2.83815  1.57584  
1.89949  1.02967  2.03182  
0.80376  3.72183  1.13695  
1.38029  2.44505  2.88527  
1.58639  1.77035  3.07544  
0.934745  0.245878  5.46994  
0.309058  2.02189  5.25729  
0.297469  3.30643  3.54008  
1.58621  1.33517  3.50976  
0.631512  3.81219  1.35368  
1.69978  1.25691  3.09723  
0.283891  3.57086  2.90572  
0.306317  2.9549  4.17437  
1.37995  0.905355  4.41645  
0.804298  1.50967  5.21072  
0.307503  1.75484  5.46462  
1.19987  3.24265  1.35402  
0.991588  3.5551  1.14013  
1.58004  2.49435  1.54604  
1.04328  1.98793  4.43632  
1.54737  1.92934  2.99563  
0.296072  0.966414  5.88151  
1.67166  0.833203  3.44941  
0.739478  3.4076  2.72893  
1.79149  0.374748  3.10141  
1.21916  2.5723  3.26372  
1.86307  1.29005  2.0083  
1.79584  2.10862  0.164275  
1.38134  2.66347  2.44462  
1.06461  3.53466  0.18785  
0.88446  3.72423  0.190959  
0.722302  0.250358  5.73311  
1.61809  1.50433  3.18675  
1.27586  1.96867  3.907  
0.0694384  0.0692354  6.06924  
0.805166  3.00563  3.50015  
1.62786  0.61653  3.74421  
1.82448  0.911313  2.57573  
1.23459  2.84086  2.59616  
0.839096  1.83849  4.93732  
0.291966  3.44797  3.20419  
0.975457  3.23216  2.53459  
0.989942  0.252849  5.35248  
1.95469  1.4059  0.140654  
1.76306  1.7293  2.10807  
1.6811  1.8496  2.45992  
0.679942  3.87841  0.183054  
0.0643345  4.06417  0.0641672  
1.57576  0.219462  3.99681  
1.34978  0.240843  4.65797  
0.573335  2.83693  4.10796  
1.99387  1.16795  0.134809  
0.311715  1.27088  5.73405  
0.308062  3.09236  3.92632  
1.73907  0.207578  3.38119  
1.5225  2.76728  0.176856  
1.90086  1.68509  0.144847  
1.7087  2.36023  0.167945  
1.11251  2.47144  3.69002  
1.86168  1.8287  0.158593  
1.55231  2.15775  2.58455  
2.03121  0.0313429  0.0312074  
0.32184  2.09096  5.18126  
0.274091  3.74864  2.35436  
1.43971  1.17709  4.1567  
1.92695  0.1736  2.26603  
0.320884  2.59634  4.64867  
0.98491  3.02681  3.02619  
1.29493  3.22917  0.184668  
1.40925  3.05694  0.181181  
0.462154  3.80978  1.82102  
0.250989  3.96155  1.34091  
1.98472  0.159175  1.79142  
0.838854  2.35502  4.4205  
1.18264  3.38448  0.349817  
0.698789  3.61512  2.14559  
1.43901  2.09182  3.23881  
0.558113  1.51347  5.4667  
0.539344  3.14374  3.62421  
1.63938  2.55497  0.17127  
1.84147  0.192212  2.87272  
1.45024  1.64746  3.72712  
1.23615  1.43719  4.48117  
1.04404  2.72577  3.45879  
1.91821  1.21396  1.54641  
1.04281  1.74344  4.67764  
1.19128  0.482  4.98991  
0.777108  0.981459  5.50481  
1.02403  1.22952  5.06933  
1.71919  2.08349  1.68595  
0.572933  3.91529  0.708756  
0.506779  3.57007  2.68653  
0.500413  0.233466  5.928  
1.48736  0.233088  4.30061  
0.882631  3.50866  1.87298  
1.38056  2.44455  2.88355  
1.30088  2.99668  1.88586  
1.50608  2.50266  2.09057  
1.03536  2.45912  3.91501  
1.08658  3.29303  1.87085  
1.63933  2.19752  2.00009  
0.569197  2.30332  4.82971  
0.802299  3.72152  1.13683  
1.41622  2.83971  1.57567  
0.934464  0.245597  5.46966  
1.20887  0.946635  4.83591  
1.88047  0.182064  2.58984  
1.67755  2.30527  0.0717542  
2.02958  0.0313156  0.270769  
1.06301  3.52933  0.418094  
1.69939  1.25652  3.09684  
1.80133  1.89711  0.154453  
1.25039  2.6406  3.03007  
0.285218  3.5705  2.9057  
1.6365  2.19262  1.99673  
0.298518  2.95236  4.1721  
1.37937  0.907496  4.41611  
0.80361  1.51102  5.2107  
0.31033  1.75919  5.45981  
1.66859  0.831853  3.46111  
1.04247  1.98907  4.43615  
1.04239  2.2251  4.18972  
0.295913  0.966255  5.88135  
1.54544  1.93151  2.99468  
0.738927  3.40616  2.73223  
1.03501  2.45869  3.91499  
1.76732  1.16985  2.71744  
1.20859  0.946594  4.83623  
1.19122  0.48194  4.98985  
1.90573  1.43321  0.0329814  
2.00798  0.64012  0.0360456  
0.568897  2.30302  4.82941  
1.3234  3.18354  0.184427  
1.27525  1.96916  3.90727  
0.321526  2.09092  5.18113  
1.76228  2.03843  0.150311  
1.50586  2.50243  2.09035  
0.722116  0.250543  5.73294  
1.43071  2.2963  2.97273  
1.48718  0.232908  4.30043  
0.838632  1.83896  4.93719  
0.320453  2.59636  4.64856  
0.976288  3.22813  2.53839  
1.52265  2.76619  0.176619  
0.0642552  4.02699  0.879333  
0.8386  2.35518  4.42071  
1.57573  0.219428  3.99678  
0.652448  3.8953  0.182934  
1.34968  0.241345  4.65789  
1.94751  1.18151  0.111072  
2.03118  0.0313157  0.0311801  
0.069266  0.0691592  6.06916  
1.73894  0.207423  3.38088  
1.61803  1.50376  3.18659  
0.307513  3.09237  3.92619  
1.6368  2.42066  0.0330042  
1.13405  3.45383  0.184427  
1.09097  2.52588  3.66278  
1.90663  0.117665  2.12573  
0.50675  3.57  2.68667  
1.82748  1.79429  0.155992  
0.311535  1.27081  5.73376  
1.02381  1.22929  5.06917  
0.863693  3.74196  0.179203  
0.50071  0.229069  5.9279  
0.291882  3.44789  3.20411  
1.22915  3.3283  0.185214  
0.0642734  4.06411  0.064106  
1.41549  3.04344  0.176896  
1.04373  2.72601  3.4587  
0.275011  3.74813  2.35411  
0.989679  0.252586  5.35222  
1.16543  2.91694  2.686  
1.83972  0.185122  2.83704  
1.43939  1.17694  4.15643  
0.806278  3.00311  3.49599  
1.79431  1.39791  2.13144  
0.698752  3.61491  2.14652  
1.38126  2.66346  2.44384  
0.558175  1.51384  5.46619  
1.96914  0.158314  1.93899  
1.00833  3.59957  0.184421  
1.70704  2.21928  0.150649  
1.23599  1.43703  4.48118  
0.573455  2.83548  4.10951  
1.29203  2.99274  1.87243  
1.95135  0.750453  1.34639  
1.6276  0.61722  3.74402  
1.55252  2.15763  2.58234  
0.461694  3.80932  1.82056  
1.04274  1.74337  4.67757  
0.882006  3.50815  1.87148  
1.44996  1.64731  3.72688  
1.86152  1.18042  1.82191  
0.777707  0.98271  5.50297  
1.7255  1.88157  2.06276  
0.542439  3.14296  3.62084  
1.08611  3.29569  1.86766  
0.250022  3.94371  1.45803  
0.571709  3.91489  0.708071  
1.60997  2.50428  0.036703  
1.44043  2.78486  1.60242  
1.86556  1.63461  0.151146  
1.96608  1.04902  0.110323  
0.984638  3.02646  3.02628  
0.934237  0.247208  5.46953  
0.516097  2.92696  3.91009  
0.774317  3.7447  0.0311531  
0.0310302  1.68881  5.49145  
1.00078  1.96754  4.40227  
0.529291  2.02553  5.01274  
0.031095  3.4945  3.03287  
1.63188  0.0310057  3.62733  
1.9562  0.0312353  1.6573  
1.76525  2.02342  0.031013  
0.962333  3.56968  0.178769  
0.942377  2.99497  2.9917  
1.97201  0.995633  0.0311395  
1.92927  1.29031  0.0311681  
1.52848  1.09788  3.67249  
1.48696  2.31339  2.31282  
1.16004  0.702706  4.88946  
1.44518  2.85952  0.0311919  
0.512207  1.23512  5.56805  
2.01524  0.0309965  0.782552  
1.35276  2.45886  2.67975  
0.737079  3.06056  3.32683  
1.73731  2.11731  0.0309514  
1.98635  0.0310035  1.29158  
1.88812  1.51613  0.0310638  
0.0310633  3.42733  3.20072  
0.89147  3.64186  0.0310028  
1.75954  1.75834  1.58007  
1.84219  0.0312745  2.57605  
0.463983  3.93612  0.0309945  
1.2306  0.0311404  4.83181  
1.22416  2.18145  3.61304  
1.64177  1.64228  2.64397  
1.17074  2.76969  2.76216  
0.0312324  2.4318  4.8304  
0.93312  3.196  2.51077  
0.799498  2.08425  4.63559  
0.0310329  3.78242  2.11323  
0.684256  0.0313222  5.70242  
1.41506  2.21328  2.86824  
2.03098  0.0311198  0.0309842  
0.0310509  3.88189  1.65401  
1.95104  1.15083  0.0310171  
1.81983  1.81997  0.0310051  
1.79592  1.27527  2.14912  
1.23304  1.71214  4.10997  
1.03907  2.55631  3.56908  
0.68887  3.80843  0.0311087  
1.40653  0.0311094  4.38665  
0.0310802  1.43989  5.64661  
0.760648  2.70302  3.92368  
1.5235  1.94964  2.80236  
1.85989  1.36782  1.40099  
0.0309902  1.96544  5.28266  
0.0309821  0.0309932  6.03097  
2.03096  0.0312175  0.030957  
0.031057  4.03097  0.0310587  
1.0019  2.70184  3.41916  
1.58605  0.031097  3.80434  
1.75217  0.0310552  3.08685  
1.50572  2.73305  0.0311137  
0.869696  0.0312199  5.47822  
1.89814  0.0310749  2.1814  
1.07029  3.44859  0.0310312  
0.0311185  0.930268  5.87742  
1.57656  1.48775  3.15253  
0.0311351  2.86102  4.27125  
1.06032  0.0310997  5.17551  
0.0310012  3.28544  3.51939  
0.0313332  3.60865  2.71486  
0.0311532  2.65243  4.56299  
1.92833  0.0310435  1.92881  
1.31913  3.09087  0.0311676  
1.66292  2.34337  0.0309843  
1.20707  3.26652  0.0310786  
0.755817  1.22231  5.33084  
0.0312107  3.10356  3.87269  
1.54357  2.3949  1.71799  
0.790678  3.62469  1.35551  
1.9983  0.752089  0.0311625  
1.40039  1.85809  3.45379  
1.40633  2.9351  0.0311672  
1.51327  0.0311735  4.05946  
0.655599  3.56936  2.11247  
0.52578  1.76795  5.22966  
1.69524  0.0311945  3.3588  
0.0310824  2.19426  5.07797  
1.02086  1.51039  4.75024  
0.795144  2.33026  4.37298  
1.3162  0.666804  4.52982  
1.26976  2.91776  1.88639  
1.66458  2.06674  1.66308  
1.59247  2.5288  0.172822  
1.39299  1.39343  3.92116  
0.595694  3.76703  1.34581  
1.04633  3.30303  1.65397  
0.0310812  3.97693  1.01468  
0.446954  0.0313584  5.90014  
0.943216  0.685507  5.27965  
0.6986  3.35354  2.70526  
1.73433  1.16648  2.6771  
0.0310279  3.70405  2.40635  
0.773515  3.74492  0.0309407  
0.0308478  1.69178  5.48914  
0.512718  2.93263  3.89965  
1.67259  2.03688  1.67214  
0.0314119  3.49429  3.03266  
1.95586  0.0309513  1.65902  
0.961985  3.56956  0.1856  
1.76322  2.02989  0.0309122  
1.49888  1.9187  2.96793  
1.18053  1.18009  4.62831  
1.62989  0.829864  3.42985  
1.52876  1.09942  3.66953  
1.64858  1.23788  3.05942  
1.92825  1.29562  0.0309927  
1.44505  2.85939  0.0309176  
2.01154  0.0309806  0.864357  
0.512278  1.23439  5.56777  
1.97121  1.00072  0.0308978  
1.45665  2.48563  2.06733  
1.3159  0.672752  4.52685  
1.17099  2.76491  2.76654  
0.0310279  3.88177  1.65389  
1.79674  1.26685  2.15192  
1.88791  1.5161  0.0309133  
1.83933  0.031238  2.59324  
0.747687  3.13835  3.13742  
1.43259  2.18735  2.83358  
1.64072  1.64084  2.64698  
0.93255  3.19508  2.51213  
1.23331  1.71055  4.11011  
0.799041  2.07924  4.64058  
0.0315209  2.43073  4.83108  
0.0309234  3.28536  3.51931  
1.58589  0.0309786  3.80418  
1.0403  2.55541  3.56517  
1.23159  0.0310804  4.8293  
0.0309008  2.85906  4.27386  
0.668112  3.54802  2.15528  
1.40651  0.030978  4.38619  
0.685341  0.0309126  5.70056  
1.50543  2.73326  0.0309042  
0.891029  3.64206  0.0309103  
0.0308766  3.42716  3.20055  
0.0310922  3.60791  2.71629  
0.272632  2.25333  4.96655  
0.0308907  0.0308973  6.03086  
2.03087  0.0309133  0.0308976  
0.525725  1.76541  5.22964  
1.07045  3.44806  0.031063  
1.92821  0.030965  1.9287  
1.75153  0.0309733  3.08936  
0.0314506  1.43564  5.64873  
0.030876  4.03087  0.0309537  
0.0308788  3.10343  3.87256  
1.66292  2.34298  0.0310605  
1.86061  1.36176  1.40332  
1.81972  1.81981  0.0309168  
1.31882  3.09108  0.0309196  
1.51389  0.0309345  4.05659  
1.98645  0.0309627  1.28849  
0.0311681  1.96538  5.28254  
1.00069  2.6985  3.42584  
1.06015  0.0309299  5.17534  
0.779324  2.77457  3.77558  
1.9509  1.15069  0.0308855  
0.687901  3.8089  0.0311818  
0.0311055  2.65331  4.56159  
0.75338  1.2342  5.3267  
1.20719  3.26586  0.031121  
1.53962  2.40042  1.72821  
0.869466  0.0309748  5.47799  
1.73317  1.16551  2.68141  
2.00069  0.723463  0.0308957  
0.449693  0.0308914  5.89785  
0.464756  3.9356  0.0309086  
1.00061  1.97113  4.3975  
1.40631  2.9348  0.0309195  
1.4002  1.85231  3.44629  
0.0308775  0.930128  5.87728  
1.69508  0.0309589  3.35865  
1.73734  2.11699  0.0308843  
1.02212  1.51804  4.74075  
1.89769  0.0312124  2.18381  
0.796529  2.32795  4.37278  
1.61205  2.00669  2.20334  
0.0310223  3.78201  2.11424  
1.2239  2.17821  3.61105  
1.26886  2.91862  1.88681  
1.56745  2.59131  0.0311443  
1.53811  1.53798  3.26312  
1.39668  1.39643  3.90634  
0.595459  3.76653  1.34816  
1.04616  3.3027  1.6553  
0.9624  0.961058  5.15382  
0.0311705  3.95124  1.22257  
1.75854  1.75846  1.58767  
1.35431  2.45717  2.67554  
0.790824  3.62311  1.36054  
1.14186  0.69736  4.91889  
1.00098  1.97124  4.39639  
0.525189  2.51178  4.49762  
0.773472  3.74488  0.0308684  
0.0313577  1.69207  5.48893  
0.514322  2.93139  3.89955  
1.67245  2.03675  1.67199  
0.0311184  3.49434  3.03246  
1.95581  0.0309775  1.65896  
0.961973  3.56943  0.184079  
1.18038  1.18009  4.62818  
1.52849  1.10038  3.66951  
1.4983  1.91736  2.96537  
1.62985  0.830194  3.42965  
1.8606  1.36154  1.40328  
1.64714  1.24289  3.0612  
1.44501  2.85936  0.0310852  
2.01146  0.030913  0.864543  
0.512183  1.23429  5.56768  
1.97116  1.00082  0.0308668  
1.45919  2.47959  2.0673  
1.78945  1.93587  0.0309851  
1.92823  1.2956  0.0309895  
1.17081  2.76536  2.76586  
1.98642  0.0309247  1.28846  
0.0308757  2.43103  4.83065  
1.88787  1.51605  0.0308854  
1.23073  0.0311585  4.83115  
0.0308948  3.88201  1.65232  
0.890988  3.64202  0.030871  
1.39745  1.3972  3.90275  
0.0314965  1.43559  5.64868  
1.64069  1.64077  2.64695  
1.50539  2.73322  0.0308593  
0.799067  2.07937  4.64027  
0.684799  0.0309255  5.70105  
0.031087  3.28531  3.51926  
1.58533  0.0311791  3.80611  
1.83931  0.0309964  2.59306  
1.9509  1.15045  0.0308607  
1.04058  2.55476  3.56509  
1.23211  1.71166  4.11205  
0.0308551  2.85904  4.27384  
1.43231  2.18725  2.83474  
0.0309769  0.0309168  6.03085  
0.0308769  2.65323  4.56151  
1.73742  2.1166  0.0310291  
1.79689  1.26692  2.15041  
1.40643  0.0313082  4.38633  
2.03084  0.030975  0.0308633  
1.92817  0.0309212  1.92865  
1.35399  2.45664  2.67743  
1.66288  2.34294  0.0311588  
0.526086  1.76484  5.22965  
0.0310562  4.03084  0.0308606  
1.81969  1.81977  0.0311095  
0.0311353  1.96579  5.28216  
0.687863  3.80886  0.0308866  
1.7515  0.0312298  3.08933  
0.932537  3.19515  2.51159  
1.53842  1.5383  3.26084  
1.07066  3.44777  0.0310972  
0.0308989  3.6086  2.71398  
1.05981  0.0309124  5.17584  
0.753121  1.23459  5.32658  
1.5673  2.59158  0.0308622  
1.20716  3.26583  0.030958  
0.030896  3.10341  3.87254  
1.53929  2.40124  1.7277  
0.869443  0.0308988  5.47796  
0.449661  0.0308602  5.89782  
2.00093  0.720159  0.0308672  
1.6115  2.00753  2.204  
0.683005  3.52345  2.2048  
1.02203  1.51795  4.74066  
0.464746  3.93559  0.0308852  
1.40623  2.93485  0.030867  
1.39948  1.85289  3.44727  
1.69505  0.0312692  3.35862  
0.747715  3.13819  3.13734  
0.0308609  0.930104  5.87725  
0.79675  2.32858  4.3716  
0.0309025  3.78177  2.11497  
0.0308874  3.42713  3.20052  
1.22388  2.17824  3.61066  
1.26853  2.91906  1.88677  
1.51389  0.031263  4.05642  
1.31882  3.09098  0.030876  
1.0006  2.69841  3.42575  
0.595366  3.76644  1.34811  
1.04609  3.30265  1.6551  
1.76373  1.57152  1.93713  
0.96226  0.961431  5.15378  
0.277485  2.25181  4.96584  
0.031129  3.95105  1.22371  
1.89747  0.0310443  2.18514  
0.779201  2.77463  3.77535  
1.7334  1.16567  2.67925  
0.790799  3.62308  1.36051  
1.3158  0.673203  4.52662  
1.14181  0.697312  4.91884  
1.85128  1.68554  0.145658  
0.773554  3.74478  0.0308514  
0.526073  2.51221  4.49613  
0.0310245  1.69206  5.48892  
0.514366  2.93175  3.89881  
1.67243  2.03673  1.67199  
0.0311742  3.4943  3.03247  
1.9557  0.0310375  1.65999  
1.9222  1.33119  0.0308907  
0.961961  3.56941  0.184064  
1.18037  1.18008  4.62818  
1.52847  1.10041  3.6695  
1.49826  1.91731  2.9656  
1.62983  0.830172  3.42963  
1.64713  1.24287  3.06119  
1.445  2.85935  0.0308626  
2.01143  0.0309877  0.864513  
0.512163  1.23427  5.56766  
1.97114  1.0008  0.0310373  
1.78944  1.93586  0.030882  
1.45887  2.47906  2.07046  
1.1418  0.697295  4.91882  
1.98641  0.0309322  1.28845  
1.88774  1.51659  0.0309598  
1.73741  2.11659  0.0308663  
0.890706  3.64227  0.030974  
0.0311909  2.43101  4.83063  
1.23071  0.0309241  4.83114  
0.0311147  3.88195  1.65258  
1.64068  1.64076  2.64693  
0.933867  3.19249  2.51473  
0.0313946  3.28575  3.51828  
0.685025  0.0309059  5.70078  
1.7637  1.57149  1.9371  
1.5853  0.0308968  3.80608  
1.95088  1.15046  0.0308884  
1.4323  2.18726  2.83447  
1.04051  2.55486  3.56509  
0.869057  0.0309721  5.47844  
0.0308604  2.85932  4.27338  
1.02202  1.51794  4.74065  
1.23214  1.71152  4.11203  
1.20714  3.26581  0.0308791  
1.50538  2.73321  0.0311416  
1.17052  2.76587  2.76562  
1.83934  0.0308826  2.59278  
0.0308744  1.43557  5.64867  
0.0314185  0.0312251  6.03083  
1.92816  0.0312101  1.92859  
2.03083  0.0309679  0.0309082  
1.0598  0.0312176  5.17583  
0.0308473  1.96577  5.28212  
1.75147  0.0309214  3.08938  
1.66287  2.34293  0.0309875  
1.3189  3.09081  0.0308586  
0.0310685  4.03083  0.0308495  
1.81967  1.81976  0.0310681  
1.07063  3.44774  0.0309068  
0.0310608  3.60853  2.71413  
1.40642  0.0313015  4.38632  
1.40622  2.93484  0.0309165  
0.799046  2.07935  4.64025  
0.687842  3.80884  0.0310905  
0.0313356  3.95098  1.22375  
0.753104  1.23457  5.32656  
0.0313134  3.10371  3.87193  
1.53926  2.40121  1.7278  
2.00088  0.720468  0.0308328  
0.682995  3.52344  2.20479  
0.790775  3.62304  1.36068  
0.46472  3.93557  0.0308547  
1.39947  1.85287  3.44726  
0.27749  2.25178  4.96583  
1.69492  0.0308787  3.35911  
0.0308451  0.930089  5.87724  
1.79684  1.26703  2.15039  
1.6115  2.00748  2.20402  
0.0311623  3.42711  3.2005  
0.79672  2.32856  4.37154  
0.0309449  3.78176  2.11496  
1.22386  2.17822  3.61064  
1.04608  3.30264  1.65509  
1.2685  2.919  1.887  
0.779304  2.77506  3.77439  
1.51388  0.0312564  4.05641  
1.56729  2.59157  0.0308487  
0.525821  1.76395  5.23051  
1.53839  1.53826  3.2608  
1.39739  1.39731  3.90272  
1.00063  2.69849  3.42552  
0.595357  3.76636  1.34806  
0.0311512  2.65363  4.56098  
0.962225  0.961395  5.15375  
1.89757  0.0310381  2.18432  
1.73339  1.16569  2.67924  
0.449738  0.0308438  5.89774  
1.35398  2.45665  2.67723  
0.74769  3.13816  3.13732  
1.88481  1.2102  1.42196  
1.31558  0.673099  4.52712  
1.85111  1.68609  0.150927  
0.773547  3.74478  0.0308516  
0.526081  2.51219  4.49613  
0.0313156  1.69205  5.48891  
0.514362  2.93174  3.89881  
1.67239  2.03667  1.67241  
0.0310317  3.4943  3.03246  
1.95572  0.0311204  1.65967  
1.92219  1.33118  0.0308474  
0.96185  3.56948  0.185867  
1.18031  1.18024  4.62818  
1.52873  1.1006  3.66833  
1.49823  1.91737  2.96559  
1.62992  0.830211  3.42911  
1.64712  1.24286  3.06118  
1.445  2.85934  0.0312184  
2.01141  0.0309787  0.864766  
0.512216  1.23442  5.56753  
1.97113  1.00079  0.0308904  
1.78943  1.93586  0.0308423  
1.31558  0.673128  4.52711  
1.88774  1.51658  0.0309634  
1.17051  2.76587  2.76562  
1.05979  0.0309876  5.17582  
1.83933  0.0310759  2.59277  
1.43231  2.18728  2.83431  
0.0312881  2.85931  4.27338  
0.526005  1.76393  5.23034  
1.23082  0.0309128  4.83083  
1.23209  1.71162  4.11202  
1.73338  1.16569  2.67924  
1.73739  2.11662  0.0309857  
0.799093  2.07949  4.64002  
0.74768  3.13816  3.13731  
1.9864  0.0310774  1.28837  
0.0311823  2.431  4.83062  
0.685015  0.0308531  5.70077  
1.5853  0.0308947  3.80608  
0.0311552  3.42709  3.20055  
0.0312487  3.88196  1.65245  
1.0405  2.55485  3.56508  
1.40639  0.0309191  4.38633  
1.64067  1.64076  2.64693  
1.50529  2.73337  0.0311277  
1.66286  2.34292  0.031196  
1.69491  0.0311751  3.35911  
0.0311907  0.031008  6.03082  
0.0314123  3.28575  3.51828  
0.595348  3.76635  1.34805  
1.07047  3.44793  0.0308753  
1.45888  2.47902  2.07048  
0.0310646  4.03082  0.0308344  
1.92821  0.030996  1.92804  
1.81966  1.81975  0.0308835  
0.779288  2.77504  3.77437  
2.03082  0.0309188  0.0309005  
1.88481  1.21052  1.42132  
1.75146  0.0311802  3.08937  
1.53831  1.5383  3.26104  
1.31907  3.0905  0.0312595  
0.0315458  1.96559  5.28226  
0.0308249  3.60853  2.71412  
0.0310092  1.43557  5.64866  
1.95085  1.15065  0.0308458  
0.934082  3.1922  2.51474  
1.00064  2.69855  3.42531  
0.687836  3.80883  0.0309253  
1.7637  1.57147  1.9371  
0.753093  1.23456  5.32655  
1.20714  3.26581  0.0309097  
0.0313328  3.95095  1.22391  
0.0311634  3.10371  3.87192  
1.53925  2.4012  1.7278  
0.790767  3.62303  1.36067  
0.86905  0.0309963  5.47843  
2.00088  0.720411  0.0310091  
0.68299  3.52343  2.20479  
0.464712  3.93556  0.0308319  
1.40621  2.93483  0.0309961  
1.39946  1.85287  3.44725  
0.0308689  0.930321  5.87715  
1.02216  1.51766  4.74052  
1.79683  1.26702  2.15038  
1.61152  2.00733  2.20405  
0.796726  2.32853  4.37153  
0.0310764  3.78176  2.11496  
1.22388  2.17826  3.61046  
1.26857  2.91875  1.88732  
1.51388  0.0308956  4.05634  
1.04606  3.3026  1.65519  
1.56727  2.59155  0.031233  
0.890698  3.64226  0.0308548  
1.39738  1.3973  3.90271  
1.35397  2.45664  2.67722  
0.0312037  2.65356  4.56103  
0.962162  0.961889  5.15362  
0.277482  2.25177  4.96582  
1.89753  0.0310911  2.1846  
0.449728  0.0308817  5.89773  
1.14178  0.697385  4.91881  
