2.01026  0.00525681  
2.21522  5.30016e-27  
1.51859  4.06355e-79  
2.09318  6.53239e-76  
1.75797  3.55438e-114  
1.81764  4.78196e-44  
1.66154  0.000221238  
1.98999  2.35224e-94  
1.80683  4.07826e-23  
1.88271  9.55533e-08  
1.93391  2.08167e-19  
1.56964  2.35241e-10  
1.64518  4.91613e-64  
2.12007  4.71933e-84  
2.15627  5.72032e-27  
1.43635  1.28736e-14  
1.62543  1.30015e-50  
1.85179  8.34792e-62  
2.05221  2.38361e-30  
1.83277  1.62052e-257  
1.75495  7.58802e-20  
1.80056  2.10798e-93  
1.7545  8.43293e-55  
1.38364  9.64673e-37  
1.99587  0.00078691  
1.88664  3.50833e-57  
2.04654  4.07726e-70  
1.56737  4.40553e-78  
1.92847  9.28986e-74  
1.8271  1.18002e-32  
1.94302  8.99273e-45  
1.69647  9.98903e-49  
1.48446  2.74885e-10  
2.07674  1.45358e-53  
1.61838  1.00914e-91  
1.74639  1.87408e-53  
2.19516  1.75699e-67  
1.9704  3.35424e-22  
1.62554  2.22012e-65  
1.8546  2.24089e-25  
1.61466  0.0171549  
1.59443  4.3871e-45  
1.51794  1.0927e-74  
1.99774  8.55068e-16  
1.78793  6.53223e-96  
2.12297  5.42177e-94  
1.6825  1.84611e-59  
2.10501  4.72053e-217  
1.80177  5.99676e-09  
1.33095  3.33218e-70  
2.19289  1.40417e-78  
1.57944  8.13188e-46  
2.34289  0.0125829  
1.43836  0.580984  
1.7683  1.09804e-61  
2.10351  2.4045e-15  
2.23311  1.33568e-35  
1.60652  5.83594e-39  
1.81968  1.25535e-26  
1.90083  2.14198e-12  
1.94491  2.22834e-83  
2.14073  1.27134e-23  
1.42413  2.8584e-06  
1.44406  0.000374249  
1.85793  1.60022e-68  
2.03747  4.21486e-06  
1.59563  1.73649e-23  
2.0761  1.34582e-23  
1.98728  2.74743e-07  
1.68642  4.03109e-12  
1.98357  0.0118152  
2.04171  4.35569e-20  
1.73837  0.000616091  
1.53967  1.3906e-94  
2.20087  3.2985e-58  
1.65464  1.61892e-40  
1.57163  2.19597e-55  
2.37847  4.26622e-71  
2.19624  7.4827e-62  
1.80068  4.67709e-20  
1.76512  7.21896e-23  
1.96231  1.17281e-127  
1.62477  1.30242e-14  
1.9917  0.00222468  
1.52277  1.92019e-77  
2.27589  1.84784e-79  
1.73616  1.45847e-10  
2.1196  2.72211e-66  
2.03116  4.83674e-46  
1.71816  2.54677e-49  
1.71545  3.24563e-74  
1.6889  8.96098e-103  
1.81495  8.41674e-266  
2.04772  1.28057e-60  
1.36362  0.000104041  
2.08384  6.47225e-20  
1.56687  7.38641e-30  
1.65256  1.20706e-24  
1.58415  1.53217e-27  
1.86259  2.90938e-78  
0.153009  1.81269  
0.164643  2.07734  
0.784359  2.06288  
0.861446  2.03047  
0.85751  1.92595  
0.0480438  2.15696  
0.0923834  2.30398  
0.00541405  2.10678  
0.814846  1.92063  
0.2872  2.0412  
0.57669  2.01587  
0.282118  2.00508  
0.321385  2.20436  
0.334523  1.93911  
0.284802  2.02416  
0.288222  2.04846  
0.800099  2.10427  
0.360412  2.15509  
0.360932  2.1582  
0.775416  1.93137  
0.301682  1.96168  
0.711723  1.92017  
0.540327  1.98922  
0.707495  1.83247  
0.147468  1.96915  
0.135383  1.94268  
0.300398  2.19482  
0.000469764  2.15153  
0.140017  2.00918  
1.30439  0  
0.777547  1.93667  
0.389925  1.93382  
0.273761  1.94568  
0.717848  1.78798  
0.327562  1.89876  
0.842804  1.80743  
1.69719  2.03038e-292  
0.139377  1.99999  
0.26844  1.98333  
0.753075  1.9806  
0.195269  1.99899  
0.143816  2.06369  
0.243103  1.93764  
0.302204  1.96507  
0.0248657  2.01935  
0.100303  2.12443  
0.786102  2.16637  
0.131287  1.88391  
0.0414476  2.02814  
0.0248657  2.01935  
0.708669  1.76512  
0.446933  1.99464  
1  8.94096e-05  
0.301816  1.96255  
0.685917  1.77658  
0.0211687  2.04888  
0.169157  2.004  
0.86157  1.96135  
0.145802  1.9305  
1.13838  2.4401  
0.0411623  2.01418  
0.795418  2.09196  
0.82245  1.76377  
0.0249756  2.02827  
0.147468  1.96915  
0.155423  1.92393  
0.0815125  2.11943  
0.271318  1.92832  
0.268423  1.90775  
0.292587  2.00684  
0.147457  1.969  
0.293722  1.90992  
0.190456  1.94972  
0.263739  1.9486  
0.205048  2.0991  
0.194254  1.9886  
0.0425243  2.08083  
0.718147  1.78872  
0.80551  2.21985  
0.14448  1.91299  
0.137648  1.97518  
0.0634869  2.07602  
1.24004  2.39136  
0.967358  2.20217  
0.595345  2.03199  
0.804642  2.21746  
0.285147  2.02661  
0.969284  2.15353  
0.195355  1.99986  
0.776003  1.93283  
0.284072  2.01897  
0.276714  1.96667  
0.139377  1.99999  
0.915696  2.09949  
0.0443155  2.16847  
0.288573  2.05096  
0.170932  2.15669  
0.735805  1.83271  
0.000762155  2.23472  
0.269383  1.99029  
0.315487  1.96831  
0.205923  1.47251  
0.744092  1.76435  
0.732217  1.56649  
0.313916  1.78319  
0.236646  1.79612  
0.601588  1.7527  
1.69418  1.51447e-63  
1.6439  1.92615e-63  
1.75987  0.287042  
2.03119  1.81573e-63  
1.60548  3.22997e-36  
1.03858  1.5399  
1.0268  1.52242  
1.01352  1.73563  
1.14488  1.46172  
0.91805  1.65122  
0.932093  1.66249  
1.00817  1.52371  
0.785609  1.64164  
0.940146  1.69096  
0.711076  1.4859  
0.791774  1.65453  
1.50918  0.807872  
0.716727  1.34284  
0.86879  1.37689  
0.00210991  1.7711  
0.584888  1.38685  
0.87315  1.29461  
0.742581  1.33562  
0.714209  1.46743  
0.618191  1.44841  
1.7491  2.65321e-36  
1  0  
0.539413  1.57155  
0.840955  1.33278  
0.431108  1.65912  
0.657999  1.54168  
1.58512  2.3329e-60  
0.000597695  1.67308  
0.73108  1.36974  
0.803771  1.52685  
0.720296  1.29553  
1.10805  1.54634  
0.788924  1.64857  
0.74782  1.34504  
0.954704  1.6349  
0.21424  1.62606  
0.91746  1.38662  
0.272403  1.69951  
0.816533  1.29407  
0.624507  1.33606  
0.930045  1.67279  
1  9.98887e-05  
0.658883  1.54375  
0.44573  1.59118  
0.538239  1.56813  
0.702619  1.4186  
0.756692  1.361  
0.654217  1.53282  
0.790663  1.54383  
0.707354  1.47812  
0.83296  1.42642  
0.987317  1.46388  
0.887362  1.75843  
0.778436  1.4001  
0.953813  1.44156  
0.953671  1.71529  
0.998534  1.79598  
0.953095  1.44047  
0.754066  1.57573  
0.875782  1.72347  
0.875799  1.66368  
0.984179  1.5664  
0.73108  1.36974  
0.714849  1.49378  
1.59151  3.92163e-61  
0.918439  1.38809  
1.68107  0  
1.6035  1.43341e-63  
0.810681  1.40034  
0.850851  1.45705  
0.938572  1.41852  
0.870074  1.37893  
0.873087  1.38692  
0.837569  1.43431  
0.768826  1.38282  
0.756394  1.5062  
0.750686  1.40647  
0.864674  1.37037  
0.941143  1.69275  
0.755979  1.35971  
0.660704  1.54801  
0.794411  1.50907  
0.846852  1.45021  
0.990571  1.46871  
1.59687  3.21264e-36  
1.55557  0.832704  
1.63201  1.45889e-63  
0.823013  1.56341  
0.316995  1.60376  
0.334236  1.61991  
0.0306528  1.59855  
0.143455  1.70589  
0.578306  1.64578  
0.300625  1.8659  
1.29986  0.219026  
0.000116672  1.62793  
1.46666  1.44887e-27  
0.95465  1.37034  
1.00167  1.50289  
0.311269  1.57479  
0.0299301  1.56086  
1.2704  1.20125  
0.0480295  1.53662  
1.05496  1.28323  
1.20855  0.972245  
0.952349  1.36704  
9.88176e-05  1.3788  
0.947764  1.45268  
0.438477  1.24784  
0.715315  1.18832  
1.19648  2.25505e-257  
0.904471  0.990176  
5.60961e-05  1.41053  
0.348703  1.33686  
0.822545  1.11734  
0.46081  1.3424  
1.01578  1.44106  
0.916174  1.37461  
0.739574  1.13029  
0.287877  1.2619  
9.72567e-05  1.35702  
0.532914  1.1626  
0.788616  1.11879  
1.02259  1.06196  
0.689756  1.20407  
1.17506  0  
0.603435  1.1275  
0.283359  1.24209  
0.71579  1.07396  
0.527746  1.27917  
6.43577e-05  1.61827  
0.833454  0.974547  
0.0600962  1.28687  
0.0595308  1.27477  
1.01272  1.28353  
1  9.98887e-05  
1.39414  2.8163e-42  
0.833367  0.974446  
0.0164974  1.23082  
9.43219e-05  1.31607  
1.22515  1.40738e-57  
0.889426  1.09411  
0.000106351  1.48392  
0.950947  0.937962  
0.938307  1.34688  
1.15246  0  
0.706653  1.15688  
0.398185  1.3874  
1.08668  2.0481e-257  
1.04167  3.72181e-42  
0.619538  1.43737  
0.900356  0.94525  
1.00884  0.817241  
0.962934  0.910519  
0.32196  1.23433  
0.93277  1.3233  
0.707478  1.1753  
1.01589  0.887179  
0.538773  1.3059  
1.48572  2.35943e-59  
0.796894  1.13053  
0.923735  1.09071  
0.889515  1.3634  
0.766319  1.14977  
1.03134  0.975205  
0.717182  1.36809  
1.21488  0  
0.637224  1.37853  
0.018639  1.3906  
0.438587  1.40145  
0.258357  1.89414  
7.65227e-05  1.52853  
0.000108633  1.51576  
1.01955  0.890377  
0.808993  1.1477  
1.61238  4.76218e-60  
0.777584  1.19184  
0.959859  1.36173  
1.0328  1.25627  
1.19634  0.965726  
0.0299778  1.56335  
0.931533  1.39766  
5.42648e-05  1.36449  
0.813951  1.16962  
1.2888  0.217163  
1.07979  1.06504  
0.0811874  1.48781  
1.1283  1.06688  
1.0444  0.595632  
0.627561  0.996952  
1.04488  0.529446  
0.714321  0.954277  
0.306253  1.10926  
0.861997  0.747501  
0.560639  1.01992  
0.000959509  1.23616  
1.05557  3.42092e-63  
0.586759  0.950161  
0.431363  1.03915  
0.497163  1.0469  
0.971611  0.540508  
0.298192  1.09682  
0.343113  1.08832  
0.77475  0.929551  
0.511163  1.07638  
0.377487  1.07249  
0.343281  1.08885  
0.280919  1.11934  
0.521063  0.994673  
0.915688  0.672248  
0.883857  0.650758  
0.583694  0.945197  
0.269604  1.033  
0.479261  1.0092  
0.75462  0.752704  
1.00816  1.66101e-26  
1.00133  0  
0.957263  0.532527  
0.922382  0.626949  
0.727566  0.804992  
0.420857  1.01093  
0.336631  1.06776  
0.997512  0.384788  
0.866642  0.63624  
0.455172  1.00397  
0.754584  0.752668  
1  9.98887e-05  
0.459493  0.971674  
1.05938  4.74871e-64  
0.319551  1.01359  
6.8708e-17  1.12209  
0.104722  1.13296  
0.673425  0.891352  
1.02826  0.572021  
0.652347  0.839352  
0.927459  0.630401  
0.776483  0.859115  
0.344697  1.02783  
0.858608  0.684976  
6.51509e-17  1.06399  
0.828041  0.749963  
0.558946  0.905121  
0.584483  0.946475  
0.815745  0.707393  
0.817385  0.708814  
0.269414  1.03227  
0.952214  0.482491  
0.727912  0.805376  
0.290264  1.10802  
0.525733  0.938857  
0.982656  0.431311  
0.480413  1.00044  
0.00687247  1.06243  
0.933861  0.519508  
0.558148  1.01539  
0.672207  0.898015  
0.295637  1.08743  
1.11644  0  
0.285033  1.08805  
0.272542  1.04426  
0.774979  0.773011  
0.298577  1.14401  
1.03821  2.94642e-65  
0.274284  1.05093  
0.273151  1.04659  
0.842461  0.730559  
1.07375  0  
1.06827  7.34371e-270  
1.049  3.39963e-63  
7.10507e-17  1.16035  
0.274427  1.05148  
0.29686  1.09192  
0.971245  0.540305  
0.794985  0.792967  
0.764501  0.845858  
0.0170309  1.14636  
0.945093  0.642387  
1.03098  0.522405  
0.953235  0.634837  
0.257826  1.13112  
0.455428  1.09712  
1.08034  2.15572e-318  
0.295791  1.12912  
0.353016  1.05263  
0.346518  1.03326  
0.800271  0.79824  
0.288363  1.10076  
0.456665  1.1001  
0.894248  0.447636  
0.70157  0.712601  
0.73095  0.682431  
0.90292  0.429949  
0.858717  0.51245  
0.795681  0.605715  
0.927126  0.374749  
0.452621  0.891731  
0.719198  0.694806  
0.805856  0.592112  
0.920781  0.390079  
0.306063  0.952011  
0.432328  0.901739  
0.935691  0.352822  
0.951649  0.307186  
0.980267  0.197681  
0.219849  0.975537  
0.973661  0.227999  
0.171085  0.985256  
0.995606  0.0936451  
0.509672  0.860369  
0.736806  0.676117  
6.76722e-06  1  
0.683926  0.729554  
0.36025  0.932856  
0.823271  0.567649  
0.962484  0.27134  
0.833959  0.551826  
0.327686  0.944787  
0.931991  0.362482  
0.372257  0.92819  
0.557476  0.830195  
0.265385  0.964143  
0.842754  0.538299  
0.135398  0.990791  
0.75842  0.651766  
0.46756  0.883962  
0.627338  0.778747  
0.989381  0.145362  
0.709879  0.704324  
0.413479  0.91053  
0.0609891  0.998139  
0.862594  0.505896  
0.656932  0.75395  
0.779221  0.626749  
0.897393  0.441233  
0.878857  0.477087  
0.541188  0.840902  
0.384404  0.923181  
0.477367  0.878704  
0.982815  0.184593  
1  9.98887e-05  
0.914854  0.403784  
0.948698  0.316184  
0.209428  0.977825  
0.943467  0.331466  
0.6001  0.799925  
0.788551  0.614969  
0.646999  0.762491  
0.80035  0.599533  
0.923794  0.38289  
0.976707  0.214575  
0.400397  0.91635  
0.987525  0.157477  
0.0889841  0.996033  
0.665808  0.746123  
0.421986  0.906602  
0.460491  0.887675  
0.970134  0.242569  
0.871265  0.490813  
0.291745  0.956496  
0.236815  0.971556  
0.998116  0.0613518  
0.940051  0.341033  
0.570822  0.82108  
0.724265  0.689521  
0.812314  0.583221  
0.640479  0.767975  
0.341109  0.940024  
0.956315  0.292337  
0.887911  0.460016  
0.906727  0.421719  
0.852396  0.522897  
0.317158  0.948373  
0.672388  0.740199  
0.525673  0.850687  
0.18986  0.981811  
0.696901  0.717167  
0.441424  0.8973  
0.585699  0.810545  
0.493229  0.8699  
0.612497  0.790473  
0.748508  0.663126  
0.769136  0.639368  
0.993094  0.117318  
0.966581  0.256364  
0.117256  0.993176  
0.251395  0.967899  
0.276945  0.960886  
0.155607  0.987819  
0.328419  0.944532  
0.718307  0.695726  
0.675345  0.737502  
0.742861  0.669445  
0.648468  0.761242  
0.766366  0.642405  
0.409787  0.912181  
0.913593  0.40663  
0.937905  0.346894  
0.904819  0.425796  
0.975508  0.219966  
0.428998  0.903305  
0.349989  0.936754  
0.895499  0.445063  
0.222751  0.974875  
0.701457  0.712712  
0.448277  0.893895  
0.88562  0.46441  
0.467642  0.883918  
0.953583  0.30113  
0.304135  0.952629  
0.960774  0.277333  
0.995822  0.0913204  
0.823392  0.567473  
0.0936312  0.995607  
0.630164  0.776462  
0.359331  0.93321  
0.734798  0.678286  
0.570663  0.821185  
0.684128  0.729362  
0.964881  0.262689  
0.509657  0.860378  
0.949689  0.313195  
0.934405  0.356213  
0.176434  0.984313  
0.438635  0.898665  
0.140174  0.990127  
0.842526  0.538655  
0.832052  0.554698  
0.316247  0.948677  
0.880472  0.474098  
0.978525  0.206131  
0.192503  0.981296  
0.709929  0.704273  
0.998111  0.0614387  
0.758659  0.651488  
1  9.98887e-05  
0.781418  0.624008  
0.642412  0.766359  
0.862285  0.506423  
0.0614523  0.99811  
0.208879  0.977942  
0.477343  0.878717  
9.23164e-05  1  
0.669436  0.74287  
0.990484  0.137625  
0.657503  0.753452  
0.60225  0.798307  
0.493481  0.869757  
0.803009  0.595966  
0.265593  0.964085  
0.40027  0.916397  
0.917779  0.397091  
0.251129  0.967954  
0.984784  0.173785  
0.236844  0.971548  
0.972234  0.234012  
0.29217  0.956366  
0.957275  0.289178  
0.81222  0.583352  
0.541868  0.840464  
0.968694  0.248259  
0.457962  0.888972  
0.890636  0.454716  
0.58654  0.809921  
0.378141  0.925748  
0.927034  0.374978  
0.33768  0.941261  
0.942377  0.334552  
0.900227  0.435422  
0.419377  0.907812  
0.909277  0.416193  
0.525783  0.850619  
0.852603  0.52256  
0.748184  0.663491  
0.723868  0.689938  
0.280283  0.959917  
0.695705  0.718328  
0.981822  0.189805  
0.771456  0.636283  
0.617801  0.786335  
0.791163  0.611605  
0.871577  0.490258  
0.557885  0.829918  
0.117725  0.993046  
0.993332  0.115293  
0.15807  0.987428  
0.987837  0.155493  
0.390762  0.920492  
0.921836  0.387581  
0.328419  0.944532  
0.701441  0.712727  
0.718325  0.695708  
0.675345  0.737502  
0.742867  0.669438  
0.648468  0.761242  
0.766371  0.642398  
0.913593  0.40663  
0.409821  0.912166  
0.937905  0.346894  
0.904819  0.425796  
0.975508  0.219966  
0.429002  0.903304  
0.349994  0.936752  
0.895499  0.445064  
0.222758  0.974874  
0.448288  0.893889  
0.88562  0.46441  
0.467642  0.883918  
0.953583  0.30113  
0.304135  0.952629  
0.960774  0.277333  
0.0913208  0.995822  
0.823392  0.567473  
0.781418  0.624008  
0.862286  0.506422  
0.630171  0.776456  
0.642398  0.766371  
0.900227  0.435422  
0.684129  0.729361  
0.438635  0.898665  
0.964877  0.262702  
0.509657  0.860378  
0.7348  0.678284  
0.265603  0.964082  
0.934405  0.356213  
0.990484  0.137631  
9.23164e-05  1  
0.570663  0.821185  
0.400266  0.916399  
0.13763  0.990484  
0.208879  0.977942  
0.359331  0.93321  
0.842526  0.538655  
0.880471  0.4741  
0.927033  0.374979  
0.709929  0.704273  
0.995822  0.0913181  
0.917779  0.397091  
1  9.98887e-05  
0.477327  0.878726  
0.968694  0.248259  
0.978525  0.206131  
0.390748  0.920498  
0.949689  0.313195  
0.316247  0.948677  
0.602246  0.79831  
0.803009  0.595966  
0.541873  0.84046  
0.176434  0.984313  
0.89063  0.454729  
0.657503  0.753452  
0.115283  0.993333  
0.758659  0.651488  
0.984784  0.173785  
0.236844  0.971548  
0.972234  0.234012  
0.292159  0.95637  
0.457959  0.888973  
0.957276  0.289177  
0.993331  0.115297  
0.586509  0.809942  
0.378124  0.925755  
0.33766  0.941268  
0.942372  0.334567  
0.419396  0.907804  
0.909277  0.416193  
0.525787  0.850617  
0.852603  0.52256  
0.748184  0.663491  
0.280287  0.959916  
0.669436  0.74287  
0.723868  0.689938  
0.791163  0.611605  
0.695705  0.718328  
0.771432  0.636312  
0.493481  0.869757  
0.617824  0.786317  
0.871577  0.490258  
0.812225  0.583344  
0.557898  0.829909  
0.192503  0.981296  
0.832052  0.554698  
0.0614523  0.99811  
0.99811  0.0614506  
0.158075  0.987427  
0.251129  0.967954  
0.987837  0.155493  
0.921833  0.387588  
0.981822  0.189802  
0.608501  0.793553  
0.70143  0.712739  
0.718325  0.695708  
0.675345  0.737502  
0.742867  0.669438  
0.648468  0.761242  
0.913593  0.40663  
0.409814  0.912169  
0.937904  0.346896  
0.904819  0.425796  
0.975507  0.219967  
0.429002  0.903304  
0.349994  0.936752  
0.895496  0.445069  
0.222758  0.974874  
0.448287  0.89389  
0.88562  0.464411  
0.467639  0.88392  
0.953583  0.30113  
0.304135  0.952629  
0.960774  0.277333  
0.0913161  0.995822  
0.509657  0.860378  
0.995822  0.0913181  
0.823392  0.567473  
0.176434  0.984313  
0.723868  0.689938  
0.781418  0.624008  
0.949688  0.313197  
0.570663  0.821185  
0.99811  0.0614506  
0.934405  0.356213  
0.900227  0.435422  
0.557898  0.829909  
0.438635  0.898665  
0.630171  0.776456  
0.964877  0.262702  
0.734802  0.678281  
0.265603  0.964082  
0.13763  0.990484  
0.669436  0.74287  
0.359331  0.93321  
0.842521  0.538663  
0.852603  0.52256  
0.316247  0.948677  
1  9.99282e-05  
0.657503  0.753452  
0.684129  0.729361  
0.80301  0.595965  
0.709929  0.704273  
0.880471  0.4741  
0.477329  0.878725  
9.5382e-05  1  
0.115291  0.993332  
0.990484  0.137631  
0.60224  0.798315  
0.541873  0.84046  
0.871576  0.49026  
0.758659  0.651488  
0.208879  0.977942  
0.525787  0.850617  
0.978525  0.20613  
0.862286  0.506422  
0.400266  0.916399  
0.917779  0.397091  
0.984784  0.173785  
0.236844  0.971548  
0.972234  0.234012  
0.292159  0.95637  
0.957276  0.289177  
0.457953  0.888976  
0.58651  0.809942  
0.89063  0.454729  
0.766371  0.642398  
0.378124  0.925755  
0.927033  0.374979  
0.337634  0.941277  
0.192503  0.981296  
0.942372  0.334567  
0.419396  0.907804  
0.251129  0.967954  
0.771442  0.6363  
0.909275  0.416197  
0.748185  0.66349  
0.695705  0.718328  
0.642398  0.766371  
0.493481  0.869757  
0.61782  0.78632  
0.791161  0.611608  
0.812225  0.583344  
0.832052  0.554698  
0.0614523  0.99811  
0.993331  0.115297  
0.158075  0.987427  
0.968694  0.248258  
0.390748  0.920498  
0.280287  0.959916  
0.987837  0.155493  
0.921833  0.387588  
0.981822  0.189802  
0.608494  0.793559  
0.70143  0.712739  
0.718325  0.695708  
0.675345  0.737502  
0.742867  0.669438  
0.648468  0.761242  
0.766371  0.642398  
0.913593  0.40663  
0.409814  0.912169  
0.937904  0.346896  
0.904819  0.425796  
0.975507  0.219967  
0.429002  0.903304  
0.349994  0.936752  
0.895496  0.445069  
0.222758  0.974874  
0.448287  0.89389  
0.88562  0.464411  
0.467639  0.88392  
0.953583  0.30113  
0.304135  0.952629  
0.960773  0.277335  
0.0913161  0.995822  
0.995822  0.0913181  
0.630169  0.776458  
0.900227  0.435422  
0.862286  0.506422  
0.525786  0.850617  
0.734802  0.678281  
0.781418  0.624008  
0.684129  0.729361  
0.657503  0.753452  
0.934406  0.356211  
0.812222  0.583348  
0.438635  0.898665  
0.359327  0.933212  
0.80301  0.595965  
0.964877  0.262702  
0.990484  0.13763  
0.60224  0.798315  
0.823392  0.567473  
0.13763  0.990484  
0.842524  0.538658  
0.265613  0.96408  
0.89063  0.454729  
0.880471  0.4741  
0.509655  0.860379  
0.176434  0.984313  
0.477333  0.878722  
0.419392  0.907805  
0.917779  0.397091  
1  9.99282e-05  
0.949689  0.313195  
0.758659  0.651488  
0.541873  0.84046  
0.316233  0.948682  
0.457954  0.888976  
9.5382e-05  1  
0.570663  0.821185  
0.909274  0.416198  
0.709929  0.704273  
0.208879  0.977942  
0.978525  0.20613  
0.400266  0.916399  
0.984784  0.173785  
0.83205  0.554701  
0.236844  0.971548  
0.972234  0.234012  
0.748185  0.66349  
0.292159  0.95637  
0.957276  0.289177  
0.58651  0.809942  
0.378124  0.925755  
0.115295  0.993331  
0.337634  0.941277  
0.927033  0.374979  
0.942376  0.334555  
0.158077  0.987427  
0.852603  0.52256  
0.669436  0.74287  
0.723868  0.689938  
0.695705  0.718328  
0.642398  0.766371  
0.771442  0.6363  
0.493494  0.869749  
0.968694  0.248258  
0.61782  0.78632  
0.791162  0.611607  
0.981822  0.189802  
0.871576  0.49026  
0.192503  0.981296  
0.557899  0.829909  
0.0614523  0.99811  
0.99811  0.0614506  
0.993331  0.115297  
0.251129  0.967954  
0.390748  0.920498  
0.280287  0.959916  
0.987837  0.155493  
0.921833  0.387588  
0.70143  0.712739  
0.608491  0.79356  
0.718328  0.695704  
0.675342  0.737505  
0.742871  0.669435  
0.648468  0.761242  
0.766369  0.642401  
0.913593  0.40663  
0.409814  0.912169  
0.937904  0.346896  
0.904819  0.425796  
0.975507  0.219967  
0.429002  0.903304  
0.349994  0.936752  
0.895496  0.445069  
0.222758  0.974874  
0.448287  0.89389  
0.88562  0.464411  
0.467639  0.88392  
0.953583  0.30113  
0.304135  0.952629  
0.960773  0.277335  
0.0913161  0.995822  
0.823392  0.567473  
0.978525  0.20613  
0.781418  0.624008  
0.630169  0.776458  
0.842521  0.538663  
0.995822  0.0913199  
0.972234  0.234012  
0.862286  0.506422  
0.734803  0.678281  
0.525786  0.850617  
0.570657  0.821188  
0.852602  0.52256  
0.359327  0.933212  
0.900227  0.435422  
0.438635  0.898665  
0.265613  0.96408  
0.0614523  0.99811  
0.990484  0.13763  
0.509655  0.860379  
0.791162  0.611607  
0.251129  0.967954  
0.13763  0.990484  
0.316233  0.948682  
0.419392  0.907805  
0.709929  0.704273  
0.684129  0.729361  
1  9.99282e-05  
0.477333  0.878722  
0.909274  0.416198  
9.5382e-05  1  
0.934406  0.356211  
0.758659  0.651488  
0.493494  0.869749  
0.949689  0.313195  
0.158077  0.987427  
0.880471  0.4741  
0.208879  0.977942  
0.60224  0.798315  
0.176434  0.984313  
0.993331  0.115297  
0.803011  0.595965  
0.984784  0.173785  
0.400266  0.916399  
0.964877  0.262702  
0.917779  0.397091  
0.541873  0.84046  
0.280287  0.959916  
0.657503  0.753452  
0.236844  0.971548  
0.292159  0.95637  
0.871576  0.49026  
0.957276  0.289177  
0.61782  0.78632  
0.457954  0.888976  
0.89063  0.454729  
0.58651  0.809942  
0.642398  0.766371  
0.378124  0.925755  
0.968694  0.248258  
0.337634  0.941277  
0.927033  0.374979  
0.942375  0.334558  
0.748188  0.663487  
0.723868  0.689938  
0.669436  0.74287  
0.695705  0.718328  
0.771442  0.6363  
0.812222  0.583348  
0.557899  0.829909  
0.83205  0.554701  
0.99811  0.0614506  
0.115295  0.993331  
0.192503  0.981296  
0.390752  0.920496  
0.987837  0.155493  
0.921833  0.387588  
0.981822  0.189802  
