57.3347  42.6576  
89.8914  26.9692  
122.906  91.7755  
238.386  89.1856  
303.433  102.489  
107.556  102.77  
118.068  49.6494  
0.334472  365.821  
49.4544  82.5258  
83.8796  126.291  
67.4515  225.834  
166.319  109.732  
57.054  124.155  
90.0728  51.0775  
111.494  46.2261  
97.6678  112.151  
271.89  74.4537  
143.344  67.9828  
240.776  43.6129  
68.6446  165.871  
240.362  96.2986  
61.1053  365.243  
115.854  113.098  
321.036  48.1979  
74.8196  162.433  
45.7126  105.887  
83.7019  55.2656  
19.5252  143.451  
267.743  3.53716  
0.230208  269.402  
62.3017  198.407  
343.419  32.4873  
352.305  66.8197  
189.091  130.625  
44.6163  178.196  
111.132  29.6606  
10.8685  226.188  
27.2312  346.26  
99.9653  200.219  
287.344  45.9469  
231.798  45.127  
182.38  219.246  
245.504  57.0877  
123.931  145.404  
115.991  185.539  
138.416  173.6  
28.802  16.4599  
378.039  54.21  
375.808  25.6749  
128.305  193.469  
9.2633  304.116  
142.833  180.953  
227.17  125.517  
80.2798  190.335  
33.5894  140.068  
53.8238  204.395  
184.571  77.9385  
95.4339  216.327  
163.501  109.262  
189.976  127.417  
188.844  128.379  
56.0543  252.707  
111.882  205.533  
95.5102  212.71  
53.7409  258.321  
94.5491  155.224  
148.516  121.417  
171.69  116.808  
139.017  177.882  
320.362  68.3411  
28.9234  250.685  
106.815  232.226  
138.645  155.423  
251.842  76.1715  
131.918  3.01547  
103.068  320.444  
291.949  3.62803  
304.293  32.7376  
337.897  140.536  
143.976  139.62  
245.512  78.7653  
234.856  77.8302  
72.1931  257.978  
172.782  119.133  
3.38627  275.152  
9.41409  288.683  
2.89939  172.482  
275.076  6.30616  
117.824  155.949  
188.236  114.146  
172.914  34.5632  
56.4894  147.396  
304.194  11.7273  
23.4171  255.254  
120.971  129.917  
77.7538  222.33  
55.1118  214.412  
48.4434  151.164  
131.488  129.048  
237.019  67.0884  
3.55746  95.9639  
18.6301  24.9633  
99.997  84.595  
122.507  88.775  
73.7702  203.575  
268.817  14.8614  
20.3162  69.858  
187.534  183.833  
111.205  133.838  
196.079  53.5559  
66.2095  178.193  
74.0446  67.7889  
58.2877  100.375  
17.269  73.2982  
219.943  0.869755  
153.115  65.5626  
17.6787  117.933  
79.5318  57.6328  
130.759  55.9897  
9.33907  55.4828  
8.74541  117.466  
4.85176  48.0284  
4.85175  48.0283  
0.0709309  200.732  
0.0843623  182.375  
56.4217  0.000571632  
141.575  2.73494e-12  
23.8045  0  
20.6017  17.4286  
270.466  90.5724  
18.9201  21.3034  
46.9138  0.117461  
26.3654  13.7326  
0.153818  321.284  
103.763  0.0025085  
50.5664  3.19998e-12  
4.93881  22.6049  
201.127  0.090344  
26.1282  0  
0.156766  49.3036  
4.43921e-09  28.2702  
0.490756  19.797  
20.8659  2.13215  
8.07675  125.14  
0.183634  208.947  
6.7255  39.9558  
15.2941  16.9377  
0.00102762  26.8514  
21.0058  3.26566e-11  
25.0654  0.000605966  
0.250219  0.250308  
0  19.5674  
23.1291  0.701949  
29.2391  11.8816  
233.229  1.17654  
0.000838849  21.9188  
0.140723  293.932  
0  37.2427  
17.248  15.1298  
18.8822  13.2312  
15.04  19.7313  
1.66242e-08  24.1467  
0  31.2239  
1.09921  146.17  
81.7848  2.68918  
45.1793  194.664  
2.47638  52.5066  
79.6366  0.199392  
36.9463  41.8903  
16.36  47.3587  
2.54568  53.976  
246.826  20.1944  
81.7927  25.2643  
39.2506  26.5175  
1.8421  250.523  
64.6171  43.6549  
10.5121  110.33  
2.13366  290.173  
123.675  219.628  
162.157  0.57602  
131.976  150.059  
210.567  2.45431  
19.6913  29.4188  
173.389  47.3586  
215.591  51.1469  
136.188  32.8696  
23.0697  23.1472  
104.88  102.81  
0  88.6869  
226.306  12.4381  
0.582716  208.092  
0.220847  251.29  
127.99  1.49181  
210.826  40.9324  
9.92198  215.315  
52.1359  37.649  
96.6847  66.3695  
11.2588  46.0192  
42.995  43.1959  
6.41678  24.6446  
83.6245  45.4947  
77.2517  90.3768  
169.094  169.098  
167.83  0.0048968  
62.8969  3.36276  
47.0049  2.60653  
48.3647  0  
47.2636  0  
38.2081  0.497873  
36.1726  7.42426e-07  
42.3482  0  
30.811  44.5293  
33.648  10.7625  
35.5989  5.07757e-06  
25.5864  16.6521  
34.7874  0.811363  
35.2859  0  
9.91069  32.5179  
17.3434  28.42  
15.279  39.3153  
25.267  16.4442  
8.40588  15.7085  
14.0787  24.4876  
0.007978  31.5281  
0  34.0716  
0  31.0811  
11.3645  9.17916  
18.6466  15.9404  
22.0076  23.4344  
5.75013  20.2759  
0.0010068  29.2124  
11.1212  10.7849  
8.35046  11.5177  
0.000976613  28.3364  
0  204.592  
9.57783  11.0121  
50.7652  33.8897  
13.0345  3.47786  
1.54293  12.2122  
9.02003  0  
32.1074  0.526435  
0  18.6538  
14.6652  0  
0.0421182  44.4246  
0.00141663  5.59739  
7.37283  20.1299  
26.8018  0.00142709  
24.7571  5.51136  
2.75808  20.4834  
8.82967  23.1642  
0  5.5326  
0  82.8267  
0  17.9007  
11.1262  10.7898  
0.133582  140.897  
3.64791  27.6748  
0.118916  125.428  
10.6213  2.43247  
16.9924  6.5398  
0  42.8279  
0.033913  13.3436  
0.00621089  24.5447  
27.8573  4.69948e-06  
1.45583  11.598  
29.0379  0  
10.9016  2.42688  
8.53577  9.75857  
0.232091  28.9895  
5.51889  0  
7.29583  25.8328  
8.38162  29.2146  
32.4878  0  
13.0078  0  
12.1918  1.56331  
0.917208  37.3086  
0.250009  0.250015  
8.25489  10.111  
0  20.1962  
19.0069  10.1006  
3.82572  25.3734  
7.92768  19.2041  
0.00294032  33.0994  
26.2426  2.9739  
2.48697  28.9593  
0.00272856  46.3838  
26.9461  1.12688  
31.9623  6.75823e-06  
0  165.793  
13.29  21.5122  
22.828  8.34944  
26.2509  2.97484  
18.1713  20.3717  
20.2194  20.2199  
0.0171092  192.599  
9.47375  29.4446  
35.2237  0.00134844  
24.0102  12.0354  
15.3812  25.2047  
29.6837  6.40981  
29.9871  9.32271  
114.998  0.649397  
2.73622e-10  126.583  
0  129.426  
11.9671  10.1977  
9.48612  10.3902  
0.00216601  69.746  
6.7267  11.7642  
21.0436  0  
0  52.1419  
0.0309385  18.4599  
18.3871  0.103832  
11.4514  7.91261  
0.159658  17.3317  
0  44.2674  
11.5253  6.96559  
0.463347  13.5298  
15.2523  0.553987  
0.0203298  18.4706  
18.4909  0  
9.4593  0.0361435  
0.196644  9.29881  
3.18036  6.31508  
0.375383  9.12007  
8.17918  1.31627  
1.86968  7.65022  
9.20935  0.286096  
0.933366  8.56208  
8.9059  0.58954  
9.49544  2.65502e-09  
9.49544  2.88916e-09  
7.69859  1.79685  
0.0866726  9.40877  
15.6388  2.33307  
1.69233  7.80311  
1.11795  8.37749  
8.75049  0.744957  
4.64343  2.38061  
8.95935  0.53609  
9.49544  0  
5.58488  3.91056  
2.37266  4.64079  
9.49544  1.4652e-06  
4.84208e-05  0.499952  
4.73914  4.75631  
8.62251  0.872942  
0.249951  0.250049  
0.499951  4.86128e-05  
8.32272  1.17273  
0.455025  9.06605  
0.299982  9.19546  
9.49544  5.05848e-07  
8.50807  0.987377  
0.0953664  18.2396  
2.32829  7.30393  
0.0309385  18.4599  
9.49544  1.07755e-07  
0.44711  9.04833  
4.18627e-11  9.49544  
8.26277  1.23268  
3.49447e-08  8.51686  
0  9.49544  
0.372712  9.12274  
9.49543  8.24533e-06  
9.49516  0.000282205  
9.36722  0.128232  
2.63307e-07  9.49544  
0.767159  8.72828  
8.44832  1.04713  
0  39.7697  
9.31368  0.181765  
0.723444  8.80147  
2.49079  7.55267  
9.43526  0.0601791  
4.40324  5.09221  
0.261082  9.23436  
4.90958  4.58586  
0.845014  8.65043  
2.5942  9.02313  
9.25796  0.237484  
0.338251  9.15719  
0.779972  8.71547  
9.21695  0.278489  
9.49544  0  
0  15.9961  
9.45931  0.0361435  
5.17344  4.32201  
3.80459e-11  17.6008  
18.4909  0  
9.05552  0.439924  
6.51304  3.0161  
0.135348  11.655  
4.65969  4.86944  
3.92491  5.57054  
1.96173  8.64661  
4.50604  4.9894  
3.74702  5.74842  
4.15909  5.33635  
3.63953  6.00019  
0.601295  8.89415  
4.5128  4.98265  
0.978158  3.52023  
4.18345  0.317507  
0.0274961  4.47053  
3.13765  1.36333  
0.73622  3.76474  
1.14998  3.35186  
4.46629  0.0317186  
3.95989  0.538352  
0.463918  4.03705  
4.1323  0.366577  
4.27692  0.224028  
3.3097  1.18833  
3.55817  0.941076  
3.40571  1.09234  
3.74942  0.748947  
0.081205  4.42154  
4.02572  0.473182  
3.1561  1.34191  
1.79965  0.702297  
0.715503  3.78255  
2.42823  0.0737182  
1.34047  1.15943  
0.543476  1.95588  
2.49878  0.000249457  
0.720337  1.77867  
0.0451475  2.45824  
0.170365  2.33158  
1.86947  0.629518  
1.41094  1.08841  
0.806596  1.69679  
4.33521  0.166629  
2.04132  0.458569  
0.387476  4.11295  
1.7181  0.780933  
2.33828  0.161071  
3.05054  1.44744  
0.465455  2.03444  
1.19047  1.30852  
1.55609  0.9429  
1.01614  1.48288  
2.49901  0  
2.17963  0.319582  
0.125965  0.374035  
2.94268  1.55534  
4.98191e-05  0.49995  
0.249998  0.250002  
2.53941  1.95893  
1.96713  0.531868  
2.97098  1.5274  
0.373998  0.126002  
3.92301  0.575199  
1.24948  1.2495  
0.49995  4.99107e-05  
2.49897  2.34057e-05  
1.09182  1.40721  
1.13321  3.3649  
2.72648  1.77446  
0  2.49899  
0.62957  1.86942  
4.40586e-05  2.49897  
4.49769  0.000449011  
2.25864  0.24475  
0.30431  2.19472  
1.6349  0.864124  
0.943302  1.55569  
3.00551  1.49337  
0.000248998  2.49877  
4.39377  0.107173  
4.20848  0.289898  
1.48409  1.0193  
2.08295  0.416069  
0.98917  1.51278  
0.0123709  2.48666  
4.49797  4.21286e-05  
4.498  0  
7.93016e-05  4.49792  
0  4.49802  
3.36478  1.13361  
3.07298e-05  4.49798  
4.09446  0.407955  
2.21068  2.28735  
1.45951  3.03973  
0.000448174  4.49756  
2.0033  2.49768  
2.7426  1.75565  
0.497538  4.00071  
1.69898  2.80196  
0.835032  3.66334  
0.306781  4.19856  
3.6661  0.832261  
1.29655  3.20147  
3.23753  1.26341  
3.51544  0.982708  
1.87988  2.61904  
0.141064  4.36131  
0.982965  3.51504  
2.84791  1.65305  
3.80619  0.696191  
1.59924  2.9035  
2.24942  2.24946  
0.0979993  0.402001  
0.137996  0.362004  
0.385936  0.114064  
0.239011  0.260989  
0.260917  0.239083  
0.019859  0.480141  
0.10604  0.39396  
0.215014  0.284986  
0.339061  0.160939  
0.160999  0.339001  
0.401998  0.0980018  
0.330978  0.169022  
0.488018  0.0119816  
0.29995  0.20005  
0.168975  0.331025  
0.200025  0.299975  
0.177028  0.322972  
0.0830268  0.416973  
0.479993  0.0200069  
0.416995  0.0830051  
0.192012  0.307988  
0.038994  0.461006  
0.204  0.296  
0.49995  4.99107e-05  
0.296007  0.203993  
0.288941  0.211059  
0.421002  0.0789984  
0.492002  0.00799832  
0.142004  0.357996  
0.0789978  0.421002  
0.0160073  0.483993  
0.172998  0.327002  
0.265041  0.234959  
0.483998  0.0160025  
0.0749831  0.425017  
0.358023  0.141977  
0.110019  0.389981  
0.453  0.0469997  
0.413008  0.0869918  
0.219002  0.280998  
0.0589981  0.441002  
4.99304e-05  0.49995  
0.126  0.374  
0.390001  0.109999  
0.0629937  0.437006  
0.374004  0.125996  
0.00800291  0.491997  
0.0470003  0.453  
0.25  0.25  
0.222987  0.277013  
0.429017  0.0709826  
0.437004  0.0629962  
0.18801  0.31199  
0.449007  0.0509931  
0.311999  0.188001  
0.0940064  0.405994  
0.157003  0.342997  
0.133976  0.366024  
0.406  0.0939998  
0.468997  0.0310026  
0.0310003  0.469  
0.234978  0.265022  
0.054  0.446  
0.280998  0.219002  
0.327003  0.172997  
0.342998  0.157002  
0.460992  0.0390077  
0.101976  0.398024  
0.397976  0.102024  
0.444995  0.0550053  
0.334996  0.165004  
0.164982  0.335018  
0.226997  0.273003  
0.425006  0.0749944  
0.070968  0.429032  
0.118021  0.381979  
0.38197  0.11803  
0.304014  0.195986  
0.195992  0.304008  
0.211002  0.288998  
0.366012  0.133988  
0.432994  0.0670063  
0.0239968  0.476003  
0.476016  0.0239845  
0.0869988  0.413001  
0.256985  0.243015  
0.350046  0.149954  
0.243025  0.256975  
0.457005  0.0429948  
0.149996  0.350004  
0.272992  0.227008  
0.180977  0.319023  
0.318999  0.181001  
0.441038  0.058962  
0.0429783  0.457022  
0.0670373  0.432963  
0.465016  0.0349838  
0.0350125  0.464987  
0.308002  0.191998  
0.322998  0.177002  
0.394  0.106  
0.277  0.223  
0.098  0.402  
0.402  0.098  
0.285  0.215  
0.215  0.285  
0.161  0.339  
0.339  0.161  
0.012  0.488  
0.488  0.012  
0.331  0.169  
0.169  0.331  
0.2  0.3  
0.3  0.2  
0.083  0.417  
0.417  0.083  
0.323  0.177  
0.177  0.323  
0.48  0.02  
0.02  0.48  
0.192  0.308  
0.008  0.492  
0.492  0.008  
0.235  0.265  
0.039  0.461  
0.265  0.235  
0.204  0.296  
0.079  0.421  
0.142  0.358  
0.449  0.051  
0.327  0.173  
0.173  0.327  
0.273  0.227  
0.421  0.079  
0.11  0.39  
0.39  0.11  
0.047  0.453  
0.067  0.433  
0.343  0.157  
0.453  0.047  
0.358  0.142  
0.406  0.094  
0.059  0.441  
0.374  0.126  
0.289  0.211  
0.469  0.031  
0.49995  4.99107e-05  
0.25  0.25  
0.366  0.134  
4.99304e-05  0.49995  
0.281  0.219  
0.051  0.449  
0.126  0.374  
0.181  0.319  
0.063  0.437  
0.484  0.016  
0.437  0.063  
0.457  0.043  
0.188  0.312  
0.319  0.181  
0.312  0.188  
0.075  0.425  
0.296  0.204  
0.094  0.406  
0.031  0.469  
0.476  0.024  
0.219  0.281  
0.157  0.343  
0.461  0.039  
0.398  0.102  
0.102  0.398  
0.223  0.277  
0.227  0.273  
0.335  0.165  
0.165  0.335  
0.445  0.055  
0.055  0.445  
0.071  0.429  
0.429  0.071  
0.382  0.118  
0.15  0.35  
0.118  0.382  
0.134  0.366  
0.304  0.196  
0.196  0.304  
0.024  0.476  
0.016  0.484  
0.257  0.243  
0.413  0.087  
0.087  0.413  
0.243  0.257  
0.35  0.15  
0.211  0.289  
0.441  0.059  
0.043  0.457  
0.433  0.067  
0.465  0.035  
0.035  0.465  
0.425  0.075  
0.308  0.192  
0.394  0.106  
0.277  0.223  
0.223  0.277  
0.098  0.402  
0.402  0.098  
0.215  0.285  
0.285  0.215  
0.339  0.161  
0.161  0.339  
0.488  0.012  
0.012  0.488  
0.331  0.169  
0.169  0.331  
0.3  0.2  
0.2  0.3  
0.083  0.417  
0.417  0.083  
0.177  0.323  
0.323  0.177  
0.02  0.48  
0.48  0.02  
0.308  0.192  
0.461  0.039  
0.008  0.492  
0.433  0.067  
0.235  0.265  
0.265  0.235  
0.421  0.079  
0.079  0.421  
0.358  0.142  
0.492  0.008  
0.173  0.327  
0.188  0.312  
0.118  0.382  
0.327  0.173  
0.449  0.051  
0.016  0.484  
0.031  0.469  
0.39  0.11  
0.11  0.39  
0.157  0.343  
0.296  0.204  
0.437  0.063  
0.165  0.335  
0.047  0.453  
0.312  0.188  
0.49995  4.99107e-05  
0.25  0.25  
0.142  0.358  
0.219  0.281  
4.99304e-05  0.49995  
0.204  0.296  
0.453  0.047  
0.094  0.406  
0.406  0.094  
0.059  0.441  
0.126  0.374  
0.281  0.219  
0.063  0.437  
0.374  0.126  
0.343  0.157  
0.196  0.304  
0.484  0.016  
0.469  0.031  
0.071  0.429  
0.039  0.461  
0.445  0.055  
0.398  0.102  
0.273  0.227  
0.102  0.398  
0.227  0.273  
0.335  0.165  
0.055  0.445  
0.429  0.071  
0.382  0.118  
0.366  0.134  
0.134  0.366  
0.192  0.308  
0.304  0.196  
0.476  0.024  
0.024  0.476  
0.087  0.413  
0.413  0.087  
0.257  0.243  
0.243  0.257  
0.075  0.425  
0.35  0.15  
0.15  0.35  
0.319  0.181  
0.181  0.319  
0.289  0.211  
0.211  0.289  
0.441  0.059  
0.051  0.449  
0.457  0.043  
0.043  0.457  
0.067  0.433  
0.465  0.035  
0.035  0.465  
0.425  0.075  
0.394  0.106  
0.223  0.277  
0.277  0.223  
0.098  0.402  
0.402  0.098  
0.285  0.215  
0.215  0.285  
0.339  0.161  
0.161  0.339  
0.488  0.012  
0.012  0.488  
0.169  0.331  
0.331  0.169  
0.3  0.2  
0.2  0.3  
0.083  0.417  
0.417  0.083  
0.323  0.177  
0.177  0.323  
0.48  0.02  
0.02  0.48  
0.308  0.192  
0.461  0.039  
0.235  0.265  
0.204  0.296  
0.343  0.157  
0.421  0.079  
0.289  0.211  
0.079  0.421  
0.296  0.204  
0.265  0.235  
0.441  0.059  
0.327  0.173  
0.476  0.024  
0.492  0.008  
0.173  0.327  
0.469  0.031  
0.016  0.484  
0.425  0.075  
0.39  0.11  
0.047  0.453  
0.165  0.335  
0.453  0.047  
0.157  0.343  
0.437  0.063  
0.484  0.016  
0.126  0.374  
0.49995  4.99107e-05  
0.374  0.126  
0.063  0.437  
0.358  0.142  
0.11  0.39  
0.043  0.457  
0.25  0.25  
0.142  0.358  
4.99304e-05  0.49995  
0.312  0.188  
0.188  0.312  
0.094  0.406  
0.031  0.469  
0.118  0.382  
0.406  0.094  
0.281  0.219  
0.075  0.425  
0.219  0.281  
0.449  0.051  
0.039  0.461  
0.398  0.102  
0.102  0.398  
0.15  0.35  
0.273  0.227  
0.227  0.273  
0.335  0.165  
0.035  0.465  
0.445  0.055  
0.055  0.445  
0.433  0.067  
0.071  0.429  
0.429  0.071  
0.382  0.118  
0.366  0.134  
0.134  0.366  
0.067  0.433  
0.196  0.304  
0.304  0.196  
0.024  0.476  
0.087  0.413  
0.413  0.087  
0.257  0.243  
0.008  0.492  
0.243  0.257  
0.35  0.15  
0.181  0.319  
0.319  0.181  
0.059  0.441  
0.211  0.289  
0.051  0.449  
0.457  0.043  
0.465  0.035  
0.192  0.308  
0.394  0.106  
0.223  0.277  
0.277  0.223  
0.098  0.402  
0.402  0.098  
0.285  0.215  
0.215  0.285  
0.339  0.161  
0.488  0.012  
0.012  0.488  
0.169  0.331  
0.331  0.169  
0.3  0.2  
0.2  0.3  
0.083  0.417  
0.417  0.083  
0.323  0.177  
0.177  0.323  
0.48  0.02  
0.02  0.48  
0.308  0.192  
0.008  0.492  
0.492  0.008  
0.235  0.265  
0.204  0.296  
0.421  0.079  
0.461  0.039  
0.079  0.421  
0.327  0.173  
0.059  0.441  
0.39  0.11  
0.118  0.382  
0.047  0.453  
0.094  0.406  
0.016  0.484  
0.453  0.047  
0.043  0.457  
0.157  0.343  
0.437  0.063  
0.15  0.35  
0.126  0.374  
0.374  0.126  
0.024  0.476  
0.358  0.142  
0.265  0.235  
0.49995  4.99107e-05  
0.219  0.281  
0.087  0.413  
0.296  0.204  
0.173  0.327  
0.312  0.188  
0.25  0.25  
0.469  0.031  
0.192  0.308  
0.142  0.358  
0.484  0.016  
0.063  0.437  
4.99304e-05  0.49995  
0.11  0.39  
0.281  0.219  
0.382  0.118  
0.188  0.312  
0.406  0.094  
0.031  0.469  
0.476  0.024  
0.343  0.157  
0.289  0.211  
0.039  0.461  
0.102  0.398  
0.398  0.102  
0.273  0.227  
0.227  0.273  
0.161  0.339  
0.441  0.059  
0.335  0.165  
0.165  0.335  
0.055  0.445  
0.425  0.075  
0.071  0.429  
0.429  0.071  
0.366  0.134  
0.134  0.366  
0.067  0.433  
0.196  0.304  
0.304  0.196  
0.413  0.087  
0.257  0.243  
0.243  0.257  
0.35  0.15  
0.181  0.319  
0.319  0.181  
0.211  0.289  
0.449  0.051  
0.051  0.449  
0.457  0.043  
0.445  0.055  
0.433  0.067  
0.465  0.035  
0.035  0.465  
0.075  0.425  
0.394  0.106  
0.223  0.277  
0.277  0.223  
0.098  0.402  
0.402  0.098  
0.285  0.215  
0.215  0.285  
0.339  0.161  
0.161  0.339  
0.488  0.012  
0.012  0.488  
0.169  0.331  
0.331  0.169  
0.3  0.2  
0.2  0.3  
0.083  0.417  
0.417  0.083  
0.323  0.177  
0.177  0.323  
0.48  0.02  
0.02  0.48  
0.308  0.192  
0.492  0.008  
0.227  0.273  
0.008  0.492  
0.476  0.024  
0.265  0.235  
0.024  0.476  
0.204  0.296  
0.211  0.289  
0.421  0.079  
0.055  0.445  
0.079  0.421  
0.319  0.181  
0.327  0.173  
0.358  0.142  
0.016  0.484  
0.235  0.265  
0.047  0.453  
0.39  0.11  
0.157  0.343  
0.173  0.327  
0.437  0.063  
0.094  0.406  
0.374  0.126  
0.413  0.087  
0.063  0.437  
0.343  0.157  
0.11  0.39  
0.49995  4.99107e-05  
0.296  0.204  
0.25  0.25  
0.243  0.257  
0.031  0.469  
0.142  0.358  
4.99304e-05  0.49995  
0.126  0.374  
0.312  0.188  
0.059  0.441  
0.039  0.461  
0.188  0.312  
0.406  0.094  
0.289  0.211  
0.469  0.031  
0.067  0.433  
0.281  0.219  
0.484  0.016  
0.441  0.059  
0.453  0.047  
0.087  0.413  
0.219  0.281  
0.461  0.039  
0.398  0.102  
0.102  0.398  
0.273  0.227  
0.335  0.165  
0.165  0.335  
0.445  0.055  
0.071  0.429  
0.429  0.071  
0.118  0.382  
0.382  0.118  
0.366  0.134  
0.134  0.366  
0.196  0.304  
0.304  0.196  
0.257  0.243  
0.465  0.035  
0.35  0.15  
0.15  0.35  
0.181  0.319  
0.449  0.051  
0.051  0.449  
0.043  0.457  
0.457  0.043  
0.433  0.067  
0.035  0.465  
0.425  0.075  
0.075  0.425  
0.192  0.308  
