0.663317  12.4622  
0.341797  13.9765  
0.52493  15.6268  
0.0288739  12.2998  
0.955996  9.25538  
0.566294  14.0999  
0.295877  12.6149  
0.00275376  15.2512  
0.483222  13.2738  
0.803977  10.9565  
0.36387  11.9572  
0.0129366  12.2109  
0.504058  10.3065  
0.530583  13.475  
0.688643  10.6177  
0.51689  15.3405  
0.0461541  12.4338  
0.00340785  12.243  
0.337229  11.6831  
0.4627  13.1647  
0.197753  11.1747  
0.860431  10.2331  
0.683708  12.9669  
0.472251  12.1596  
0.741054  14.0635  
0.596805  12.1717  
0.0131875  11.9845  
0.483711  12.0109  
0.230826  11.1943  
0.938125  13.4225  
0.104888  11.0726  
0.843576  11.0733  
0.788881  12.6624  
0.315866  13.5092  
0.599064  15.463  
0.974139  11.4649  
0.553025  12.7231  
0.342404  12.5985  
0.875079  10.4643  
0.544451  12.2997  
0.628884  12.3173  
0.780666  11.4491  
0.541638  13.6347  
0.534511  9.50625  
0.389114  15.4479  
0.645566  13.7422  
0.117861  12.6528  
0.271638  12.9375  
0.627138  13.6996  
0.278295  12.9014  
0.552267  14.4888  
0.59866  13.8994  
0.238145  11.7823  
0.520419  12.4009  
0.663732  9.61389  
0.229811  12.1895  
0.842587  13.1735  
0.00538889  12.1721  
0.139714  12.1718  
0.0990944  14.429  
0.663919  13.6539  
0.723144  11.6161  
0.0642183  12.2908  
0.671335  11.5038  
0.725263  11.1173  
0.727834  10.3902  
0.584967  11.413  
0.358522  12.6598  
0.204559  12.5266  
0.3731  13.2561  
0.333586  13.3606  
0.145285  11.8848  
0.682688  12.4594  
0.0425067  12.533  
0.964329  13.4776  
0.449306  13.8  
0.398245  13.1961  
0.00321086  12.707  
0.537545  11.6805  
0.787376  12.0785  
0.532627  14.589  
0.410759  10.4093  
0.265055  11.322  
0.316749  12.9692  
0.672985  14.0151  
0.705414  11.0765  
0.028864  13.7606  
0.741465  9.4806  
0.1001  12.9463  
0.360743  12.9428  
0.911846  10.4372  
0.106744  13.3769  
0.944205  12.5218  
0.866863  11.0366  
0.93826  12.6598  
0.520297  13.6962  
0.0297752  12.5229  
0.518383  12.2074  
0.602277  11.2673  
0.487856  14.2227  
0.770997  10.3596  
5.05495e-06  10.2258  
0.0515819  11.3206  
0.696527  11.091  
0.174814  6.65154  
0.0747537  10.3177  
0.903256  9.138  
0  8.10316  
0.843846  3.17925  
0.560935  11.6353  
0.738578  9.70369  
0.00452617  13.7314  
0  7.29253  
0.0276891  11.5009  
0.738578  9.5561  
5.05495e-06  9.54176  
5.05495e-06  7.55031  
0.738578  8.8081  
0.0129616  9.91139  
0.829502  10.0434  
0.0978843  9.79007  
0.0129616  10.2001  
0.77403  8.38871  
0.0513925  9.22183  
0.00416276  9.84999  
5.05495e-06  10.9153  
0.149862  8.4342  
0  8.99349  
0.738578  7.80511  
0.844655  8.70545  
0.00225736  12.343  
0.0220831  9.79809  
5.05495e-06  9.51982  
0.19084  8.37658  
0.764886  7.5432  
0.0102674  7.38765  
0  6.12252  
0.0784439  10.816  
0.205128  9.32985  
0.738578  7.82968  
0.0978843  10.7127  
0.835941  6.75437  
0.843846  2.31645  
0.00423428  13.1382  
0.000518496  5.54077  
0  6.93066  
0.174814  5.94509  
5.05495e-06  7.20182  
0.0276891  9.88761  
0.838571  5.11719  
0.14752  11.7909  
0  9.5383  
0.174814  5.9483  
0.818799  6.7279  
0.252506  11.1997  
0.844655  9.00217  
0.738578  8.345  
0.00290468  8.79529  
0.875441  6.61754  
0.930571  9.77524  
0.00452617  12.9803  
0.0515819  10.6137  
0.0276891  11.4436  
0.577836  10.969  
0.770997  11.0131  
0.853223  10.7413  
0.910669  11.7049  
0.0515819  11.2424  
0.0515819  11.2695  
0.0515819  11.2695  
0.00684233  10.5883  
0.0276891  12.3871  
0.452943  13.1116  
0.732638  11.6766  
0.898356  7.09881  
0.0276891  10.5453  
0.00771145  12.621  
0.219577  11.3519  
0.0486292  14.1513  
0.201775  9.26785  
0.00771145  11.8214  
5.05495e-06  11.3333  
0.0747537  11.7975  
0.425238  12.2136  
0.00452617  11.5714  
0.0747537  11.0508  
0.838571  5.26585  
0.00684233  12.0333  
5.05495e-06  11.2809  
0.930571  11.262  
0.764886  8.90838  
0.770997  9.95442  
0.201775  10.0232  
5.05495e-06  6.00474  
0.0129616  9.84647  
0.00684233  11.1528  
0.875441  6.75551  
0.875441  6.85314  
0.930571  9.39531  
0.0318005  9.20774  
0.758875  6.72682  
0.907382  4.42665  
0.859985  5.09819  
0.190193  7.50451  
6.77626e-21  4.19722  
0.941384  4.91571  
0.740164  5.42764  
0.235151  7.11329  
0.805148  5.68054  
0.839186  5.69017  
0.235151  6.10515  
0.787541  5.02914  
0.805148  5.95561  
0.944397  3.92116  
0.758875  6.99736  
0.758875  7.01456  
0.765693  6.1095  
0.791781  6.48075  
0.000463535  7.77381  
0.884598  5.75691  
0.897455  4.92894  
0.814612  5.6264  
6.77626e-21  8.09238  
0.742842  6.08503  
0.742842  6.10882  
0.0321308  6.48001  
6.77626e-21  4.89001  
0.791781  5.43846  
0.758875  5.82274  
6.77626e-21  5.95284  
0.235151  7.12826  
6.77626e-21  6.51577  
0.281556  6.17133  
6.77626e-21  5.3481  
6.77626e-21  5.31826  
0.00402841  6.28706  
0.839186  4.64391  
0.768625  4.01429  
0.755693  5.9883  
0.775077  6.03108  
0.843964  2.3163  
6.77626e-21  7.90155  
6.77626e-21  5.32903  
0.742842  5.63026  
0.770917  4.00471  
0.834707  4.2709  
6.77626e-21  6.13447  
6.77626e-21  5.31627  
0.236801  6.56443  
6.77626e-21  5.31826  
6.77626e-21  8.03448  
0.839186  3.77364  
0.770917  4.11464  
0.76192  4.43657  
0.742842  4.29681  
0.908509  3.95594  
0.805148  4.9863  
0.907934  6.4219  
6.77626e-21  5.31826  
0.236801  6.56443  
6.77626e-21  5.31236  
0.0321308  6.59641  
0.775077  5.93379  
0.227631  4.52455  
0.236801  5.74964  
0.786845  5.20172  
6.77626e-21  8.04171  
0.00402841  6.28153  
0.0392683  4.88209  
6.77626e-21  5.95809  
0.281556  6.28577  
6.77626e-21  6.64048  
0.281556  6.1667  
0.791781  5.46279  
0.0279243  6.42494  
0.240385  6.24856  
6.77626e-21  6.6324  
0.884598  4.95669  
0.236801  5.93071  
0.859985  5.8548  
0.755693  6.49397  
0.852845  6.71306  
6.77626e-21  9.05276  
0.896452  6.32259  
0.196537  7.90387  
0.4647  8.1678  
0.810694  6.44089  
6.77626e-21  7.82707  
0.810694  6.92313  
0.765693  6.7735  
0.165715  6.91831  
6.77626e-21  8.90399  
6.77626e-21  7.34037  
6.77626e-21  7.64551  
6.77626e-21  5.00905  
0.941405  6.27913  
0.240385  4.51985  
0.758875  5.54455  
0.805148  6.19759  
0.896452  5.05554  
0.694996  4.18145  
0.722432  4.4375  
0.722432  4.83515  
0.0604852  4.38965  
0.750062  4.85832  
0.177828  5.00011  
0.762996  3.8924  
0.709538  3.68648  
0.675017  5.4535  
0  5.80046  
0.207625  5.62358  
0.843304  5.40865  
0.83072  6.06021  
0.83072  5.2661  
0.83072  5.38384  
0.83072  5.38905  
0.83072  5.43662  
0.810936  4.79916  
0.811617  4.52824  
0.83072  3.56294  
0.683565  5.30208  
0.70671  4.49585  
0.750062  4.13241  
0.205264  4.79428  
0.790096  3.83752  
0.723074  4.2815  
0  4.95264  
0.771881  4.22058  
0.83072  3.73936  
0.816081  3.72308  
0.715659  4.28729  
0.709538  4.33132  
0.843304  4.67584  
0.0727393  4.82417  
0.790096  5.39336  
0.683565  4.54022  
0.694996  4.47642  
0.790944  3.14073  
0.762996  3.99799  
0.707451  4.3586  
0.721204  4.25376  
0.000209614  4.66491  
0  5.1236  
0.694996  3.80484  
0.750062  3.4036  
0.843926  2.31635  
0.207625  4.97993  
0.762996  3.32898  
1.84967e-05  4.67592  
8.69323e-05  3.99991  
0.816081  4.39312  
0.709538  3.6674  
0.75156  4.677  
0.816081  3.0569  
0.734182  3.51143  
1.96452e-06  4.66237  
0.723074  4.2815  
0.722432  4.46072  
0.70104  5.08044  
0.781907  3.22068  
0  4.69599  
0.83072  3.06474  
0.663141  4.68583  
0.871132  4.53321  
0.183518  4.56904  
0.782361  3.72531  
0.771881  4.01502  
0.763882  4.05894  
0.733781  4.26469  
0.722432  4.4461  
0.871132  3.7747  
0.790944  3.89673  
0.722432  4.76932  
0.675017  4.83384  
0.790944  4.77989  
0.756465  4.18411  
0  5.3566  
0.790096  4.64462  
0.189029  5.29516  
0  5.36678  
0.740377  4.12398  
0.722432  4.45394  
0.723074  4.33447  
0.722432  4.45394  
0.722432  4.46102  
0.683565  5.22352  
0.756465  5.08008  
0.790944  3.89698  
0.790944  4.54779  
0.790944  3.9004  
0.810936  4.56212  
0.755239  5.01924  
0.83072  4.6907  
0.790944  3.9004  
0  4.9328  
0.755239  5.74455  
0.844134  3.95427  
0.723074  4.96482  
1.84967e-05  5.3473  
0.844134  4.00477  
0.69226  4.05659  
0.700028  4.03735  
0.700028  4.36435  
0.000168992  4.61038  
0.268393  5.25606  
0.268393  5.02715  
0.0897379  4.92903  
0.77994  3.25459  
0.77994  4.0773  
0.811068  3.93345  
0.152897  4.89036  
0.603418  4.42917  
0.268393  4.62003  
0.0896664  4.90949  
0.77994  3.24723  
0.77994  3.2293  
0.77994  3.2293  
0.811747  3.55875  
0.7832  3.80476  
0.7537  3.84276  
0.731715  3.54131  
0  4.55594  
0.71882  3.64678  
0.798322  3.13531  
0.201825  3.93446  
0.732919  3.50928  
0.69226  3.88563  
0.739974  3.80384  
0.700912  3.75835  
0.69226  3.80497  
0.7362  3.16484  
0.208556  3.87751  
0.000168992  4.33442  
0.811747  3.10554  
5.11941e-05  4.33735  
0.796553  3.13703  
0.745903  3.08046  
0.832404  2.99585  
0.843926  2.31635  
0.661484  3.70165  
0.748967  3.39738  
0.736067  3.50912  
0.709155  3.34764  
0.120305  4.17604  
0.000168992  3.99983  
0.77994  2.8951  
0.000168992  4.6801  
0.832404  2.99615  
0  4.52735  
0.736109  3.15292  
0.813466  3.04941  
0.668365  3.67047  
0.739974  3.47209  
0.712692  3.66506  
0.696213  3.85195  
0.720778  4.03579  
0.259915  3.8989  
0.0102944  4.70411  
0.191945  3.95778  
0.733901  3.88986  
0.201825  4.61046  
0.72114  3.61118  
1.04485e-06  4.64488  
0.679442  4.24228  
0.697803  4.11877  
0.207  4.25289  
0.739974  3.4644  
0.0574416  4.65033  
0.77994  3.21514  
0.170963  4.35396  
0.736067  4.12166  
0.061543  4.59593  
0.69226  4.13635  
0.69226  4.17903  
0.721619  3.62314  
0.755615  3.36927  
0.120305  4.55432  
0.729965  3.54792  
0.797252  3.17375  
0.767922  3.28864  
0.201825  4.26988  
0.742587  3.45357  
0.700912  3.41413  
0  4.74439  
0.800238  3.19262  
0.209441  4.27614  
0.0897379  4.59653  
0.72636  3.67896  
0.77994  3.22651  
0.77994  3.22564  
0.755615  3.36927  
0.72114  3.94849  
0.805135  2.75113  
0  4.87905  
0.712692  4.07181  
0.770753  3.65495  
0.209441  4.27774  
0.774093  3.82037  
0.209441  3.91465  
0.268393  4.34485  
0.812888  2.38927  
0.818796  2.37008  
0.801501  2.4328  
0.0168869  3.98044  
0.83191  2.33626  
0.218942  3.58816  
0.755064  2.68616  
0.189888  3.62475  
0.783497  2.51786  
0.771594  2.58379  
0.178405  3.64428  
0.806986  2.41078  
0.154425  3.69218  
0.749779  2.72115  
0.795066  2.46102  
0.78945  2.48766  
0.760847  2.64906  
0.77753  2.55002  
0.703992  3.05343  
0.204307  3.60411  
0.681264  3.2253  
0.143159  3.71718  
0.671587  3.29728  
0.660517  3.37775  
0.685499  3.19347  
0.640332  3.51697  
0.0848774  3.85424  
0.798547  2.44544  
0.0563106  3.91519  
0.803917  2.42286  
0.195845  3.61567  
0.111928  3.79071  
0.648689  3.4607  
0.210822  3.59635  
0.757464  2.67061  
0.706947  3.03107  
0.733676  2.83317  
0.850432  2.31015  
0.148759  3.7046  
0.780736  2.53251  
0.678767  3.24399  
0.0996651  3.81989  
0.843926  2.31635  
0.740325  2.78603  
0.752214  2.70491  
0.746713  2.74189  
0.858606  2.30703  
0.0464324  3.93389  
0.225215  3.583  
0.126088  3.75693  
0.720444  2.92984  
0.000168992  3.99983  
0.693354  3.13408  
0.79233  2.47377  
0.727487  2.87797  
0.137415  3.73036  
0.663813  3.35404  
0.0725207  3.88168  
0.821801  2.36125  
0.040196  3.94494  
0.173277  3.65378  
0.769298  2.59731  
0.64504  3.48553  
0.0231875  3.97179  
0.82869  2.34341  
0.737331  2.80711  
0.815676  2.37992  
0.251343  3.57319  
0.71434  2.97539  
0.700714  3.07827  
0.656619  3.40547  
0.16046  3.67935  
0.763237  2.63411  
0.774714  2.56583  
0.786285  2.50347  
0.0785812  3.8684  
0.10536  3.80638  
0.184412  3.63375  
0.810191  2.39881  
0.836522  2.32733  
0.0938788  3.83348  
0.0101008  3.98894  
0.120188  3.77097  
0.0630608  3.90163  
0.689394  3.16407  
0.710948  3.00088  
0.697134  3.10543  
0.234808  3.57717  
0.636408  3.54264  
0.723747  2.90541  
0.667741  3.32549  
0.167704  3.6646  
0.0302763  3.9612  
0.675146  3.27096  
0.652846  3.43195  
0.743583  2.76336  
0.730767  2.85412  
0.766539  2.61386  
0.131477  3.74421  
0.717272  2.95346  
0.818654  2.37051  
0.806971  2.41084  
0.839516  2.32239  
0.812859  2.38937  
0.825116  2.35224  
0.795132  2.46072  
0.800924  2.43523  
0.189955  3.62465  
0.783508  2.51779  
0.215989  3.59094  
0.772057  2.5811  
0.178818  3.64354  
0.749238  2.72479  
0.766513  2.61402  
0.789504  2.4874  
0.76088  2.64885  
0.778015  2.54733  
0.755136  2.68569  
0.154008  3.69308  
0.201307  3.60802  
0.659728  3.38338  
0.142934  3.71769  
0.714146  2.97684  
0.671538  3.29764  
0.727414  2.8785  
0.640287  3.51727  
0.835436  2.32929  
0.0879189  3.84729  
0.0202623  3.97589  
0.0565849  3.91465  
0.828723  2.34334  
0.803908  2.4229  
0.758023  2.66701  
0.648741  3.46034  
0.707615  3.02602  
0.734127  2.82994  
0.737372  2.80682  
0.0999515  3.81921  
0.843937  2.31634  
0.111717  3.79121  
0.694103  3.12841  
0.763705  2.63121  
0.687093  3.18145  
0.225229  3.58299  
0.643996  3.49256  
0.679589  3.23785  
0.746723  2.74182  
0.720947  2.92611  
0.126085  3.75694  
0.148483  3.70521  
0.000168992  3.99983  
0.656553  3.40594  
0.040269  3.94481  
0.857937  2.30709  
0.792299  2.47392  
0.652156  3.43675  
0.780761  2.53237  
0.663813  3.35404  
0.0724766  3.88178  
0.173291  3.65376  
0.0661735  3.89518  
0.195603  3.61602  
0.0939703  3.83327  
0.251405  3.57319  
0.769291  2.59734  
0.815707  2.37981  
0.700709  3.07831  
0.740544  2.7845  
0.15952  3.68132  
0.137354  3.7305  
0.210049  3.59722  
0.752202  2.70499  
0.774811  2.56528  
0.786263  2.50358  
0.798003  2.44783  
0.809595  2.40099  
0.184365  3.63383  
0.821779  2.36131  
0.030308  3.96115  
0.117507  3.77737  
0.0818004  3.8612  
0.165013  3.66999  
0.675187  3.27065  
0.234777  3.57718  
0.0500981  3.92712  
0.636437  3.54244  
0.682991  3.21234  
0.723924  2.90411  
0.730805  2.85385  
0.667741  3.32549  
0.010136  3.9889  
0.717283  2.95337  
0.704205  3.05182  
0.850077  2.31041  
0.69026  3.15751  
0.710919  3.0011  
0.105857  3.8052  
0.743665  2.7628  
0.131735  3.7436  
0.697082  3.10582  
0.818654  2.37051  
0.806971  2.41084  
0.839518  2.32239  
0.81286  2.38937  
0.825112  2.35225  
0.800924  2.43523  
0.189955  3.62465  
0.783508  2.51779  
0.215989  3.59094  
0.772057  2.5811  
0.178809  3.64355  
0.749238  2.72479  
0.766511  2.61403  
0.789038  2.48969  
0.76088  2.64885  
0.778015  2.54733  
0.755133  2.68571  
0.154008  3.69308  
0.201311  3.60801  
0.659724  3.38342  
0.142934  3.71769  
0.640287  3.51727  
0.795132  2.46072  
0.173285  3.65377  
0.740548  2.78447  
0.111717  3.79122  
0.671536  3.29766  
0.835428  2.32931  
0.0202623  3.97589  
0.0565849  3.91465  
0.786265  2.50357  
0.803908  2.4229  
0.828723  2.34334  
0.857937  2.30709  
0.780761  2.53237  
0.758023  2.66701  
0.0999515  3.81921  
0.148482  3.70521  
0.707614  3.02603  
0.70421  3.05178  
0.0879189  3.84729  
0.734127  2.82994  
0.126082  3.75695  
0.68709  3.18147  
0.84393  2.31634  
0.850073  2.31041  
0.746723  2.74182  
0.679589  3.23785  
0.694103  3.12841  
0.792302  2.4739  
0.648741  3.46034  
0.809602  2.40096  
0.720947  2.92611  
0.000168992  3.99983  
0.072478  3.88177  
0.195601  3.61603  
0.663813  3.35404  
0.769291  2.59734  
0.815694  2.37986  
0.798003  2.44783  
0.251408  3.57319  
0.0501021  3.92711  
0.0402731  3.9448  
0.700704  3.07835  
0.656553  3.40594  
0.69026  3.15751  
0.727414  2.8785  
0.137355  3.7305  
0.210043  3.59722  
0.752205  2.70497  
0.774811  2.56528  
0.821778  2.36131  
0.763707  2.6312  
0.667744  3.32548  
0.184365  3.63383  
0.030308  3.96115  
0.117506  3.77738  
0.0817989  3.8612  
0.0661735  3.89518  
0.165027  3.66997  
0.675187  3.27065  
0.682988  3.21236  
0.15952  3.68132  
0.0939703  3.83327  
0.234771  3.57718  
0.105858  3.8052  
0.714144  2.97686  
0.636437  3.54244  
0.730805  2.85385  
0.0101398  3.98889  
0.723924  2.90411  
0.717283  2.95337  
0.743665  2.7628  
0.643999  3.49254  
0.737369  2.80684  
0.225232  3.58298  
0.71092  3.00109  
0.652161  3.43672  
0.131741  3.74359  
0.697084  3.1058  
0.818653  2.37052  
0.806971  2.41084  
0.839517  2.32239  
0.81286  2.38937  
0.825112  2.35225  
0.795132  2.46072  
0.800924  2.43523  
0.189955  3.62465  
0.783508  2.51779  
0.215989  3.59094  
0.772057  2.5811  
0.178812  3.64355  
0.749235  2.72481  
0.766511  2.61403  
0.789038  2.48969  
0.76088  2.64885  
0.777559  2.54986  
0.755133  2.68571  
0.154008  3.69308  
0.201311  3.60801  
0.659726  3.3834  
0.142934  3.71769  
0.68709  3.18147  
0.640287  3.51727  
0.210043  3.59722  
0.111715  3.79122  
0.0999515  3.81921  
0.679591  3.23783  
0.671533  3.29768  
0.0202623  3.97589  
0.0565823  3.91465  
0.780761  2.53237  
0.758023  2.66701  
0.184365  3.63383  
0.148482  3.70521  
0.648742  3.46033  
0.707614  3.02603  
0.734127  2.82994  
0.225231  3.58298  
0.0879197  3.84728  
0.746724  2.74181  
0.857927  2.30709  
0.195601  3.61603  
0.15952  3.68132  
0.694103  3.12841  
0.828723  2.34334  
0.131741  3.74359  
0.843933  2.31634  
0.165027  3.66997  
0.173285  3.65377  
0.815692  2.37987  
0.000168992  3.99983  
0.126082  3.75695  
0.803908  2.4229  
0.792302  2.4739  
0.727414  2.8785  
0.251411  3.57319  
0.663813  3.35404  
0.720947  2.92611  
0.0402732  3.9448  
0.769291  2.59734  
0.700704  3.07835  
0.740548  2.78447  
0.656553  3.40594  
0.137355  3.7305  
0.752205  2.70497  
0.774811  2.56528  
0.763707  2.6312  
0.786265  2.50357  
0.723924  2.90411  
0.730805  2.85385  
0.809602  2.40096  
0.821775  2.36132  
0.835428  2.32931  
0.714144  2.97686  
0.0817989  3.8612  
0.0501021  3.92711  
0.030308  3.96115  
0.117503  3.77738  
0.0661736  3.89518  
0.072478  3.88177  
0.675189  3.27063  
0.234771  3.57718  
0.636437  3.54244  
0.682988  3.21236  
0.798003  2.44783  
0.667742  3.32549  
0.0101521  3.98888  
0.717283  2.95337  
0.643998  3.49254  
0.70421  3.05178  
0.850065  2.31042  
0.737372  2.80683  
0.710925  3.00106  
0.690262  3.1575  
0.652161  3.43672  
0.105865  3.80518  
0.743665  2.7628  
0.0939724  3.83326  
0.697084  3.1058  
0.818653  2.37052  
0.806972  2.41083  
0.839517  2.32239  
0.81286  2.38937  
0.825108  2.35226  
0.795132  2.46072  
0.800924  2.43523  
0.189955  3.62465  
0.783508  2.5178  
0.215989  3.59094  
0.772057  2.5811  
0.178812  3.64355  
0.749235  2.72481  
0.766511  2.61403  
0.789039  2.48969  
0.76088  2.64885  
0.777559  2.54986  
0.755133  2.68571  
0.154008  3.69308  
0.201311  3.60801  
0.659726  3.3834  
0.142934  3.71769  
0.640287  3.51727  
0.68709  3.18147  
0.0565823  3.91465  
0.857923  2.30709  
0.720947  2.92611  
0.727411  2.87853  
0.671533  3.29768  
0.809599  2.40097  
0.803908  2.4229  
0.020269  3.97588  
0.828723  2.34334  
0.117503  3.77738  
0.780761  2.53237  
0.821775  2.36132  
0.0879243  3.84727  
0.758023  2.66701  
0.195601  3.61603  
0.648742  3.46033  
0.734126  2.82994  
0.111715  3.79122  
0.694103  3.12841  
0.746725  2.74181  
0.148482  3.70521  
0.714144  2.97686  
0.173285  3.65377  
0.730807  2.85383  
0.679591  3.23783  
0.126082  3.75695  
0.843933  2.31634  
0.210039  3.59723  
0.225231  3.58298  
0.000168992  3.99983  
0.792302  2.4739  
0.0999515  3.81921  
0.165022  3.66998  
0.697083  3.10581  
0.663813  3.35404  
0.707614  3.02603  
0.682988  3.21236  
0.0724795  3.88177  
0.0402732  3.9448  
0.769291  2.59734  
0.815692  2.37987  
0.251411  3.57319  
0.700703  3.07836  
0.70421  3.05178  
0.740548  2.78447  
0.656553  3.40594  
0.15952  3.68132  
0.137355  3.7305  
0.131741  3.74359  
0.752205  2.70497  
0.0101521  3.98888  
0.774811  2.56528  
0.763707  2.6312  
0.786265  2.50357  
0.798003  2.44783  
0.184365  3.63383  
0.835429  2.3293  
0.030311  3.96115  
0.0817989  3.8612  
0.0661736  3.89518  
0.675189  3.27063  
0.0501021  3.92711  
0.234771  3.57718  
0.636437  3.54244  
0.667743  3.32548  
0.717281  2.95338  
0.643998  3.49254  
0.850065  2.31042  
0.737372  2.80683  
0.690262  3.1575  
0.723924  2.90411  
0.710925  3.00106  
0.652161  3.43672  
0.105865  3.80518  
0.743665  2.7628  
0.0939724  3.83326  
0.818653  2.37052  
0.806972  2.41083  
0.839517  2.32239  
0.81286  2.38937  
0.825108  2.35226  
0.795132  2.46072  
0.800924  2.43523  
0.189955  3.62465  
0.783508  2.5178  
0.215989  3.59094  
0.772057  2.5811  
0.178812  3.64355  
0.749236  2.7248  
0.76651  2.61404  
0.789039  2.48969  
0.76088  2.64885  
0.777558  2.54986  
0.755133  2.68571  
0.154008  3.69308  
0.201311  3.60801  
0.659726  3.3834  
0.142933  3.71769  
0.727409  2.87854  
0.671533  3.29768  
0.667743  3.32548  
0.0879219  3.84728  
0.0565833  3.91465  
0.803908  2.4229  
0.758023  2.66701  
0.195601  3.61603  
0.734126  2.82994  
0.68709  3.18147  
0.640287  3.51727  
0.648742  3.46033  
0.679591  3.23783  
0.126082  3.75695  
0.111715  3.79122  
0.710924  3.00106  
0.746725  2.74181  
0.815692  2.37987  
0.0402732  3.9448  
0.020269  3.97588  
0.225231  3.58298  
0.697083  3.10581  
0.857923  2.30709  
0.774811  2.56528  
0.675189  3.27063  
0.000168992  3.99983  
0.184365  3.63383  
0.828723  2.34334  
0.723924  2.90411  
0.694103  3.12841  
0.714144  2.97686  
0.173285  3.65377  
0.707614  3.02603  
0.792302  2.4739  
0.720947  2.92611  
0.730807  2.85383  
0.663813  3.35404  
0.0724795  3.88177  
0.780761  2.53237  
0.843933  2.31634  
0.769291  2.59734  
0.786265  2.50357  
0.148482  3.70521  
0.251411  3.57319  
0.821775  2.36132  
0.0999515  3.81921  
0.700702  3.07836  
0.740548  2.78447  
0.656553  3.40594  
0.15952  3.68132  
0.137355  3.7305  
0.210039  3.59723  
0.752205  2.70497  
0.763707  2.6312  
0.0661736  3.89518  
0.717281  2.95338  
0.809599  2.40097  
0.835429  2.3293  
0.234773  3.57718  
0.0303142  3.96114  
0.117503  3.77738  
0.0817989  3.8612  
0.165022  3.66998  
0.0501021  3.92711  
0.636437  3.54244  
0.798003  2.44783  
0.682988  3.21236  
0.0101521  3.98888  
0.643998  3.49254  
0.70421  3.05178  
0.850065  2.31042  
0.737372  2.80683  
0.690262  3.1575  
0.652161  3.43672  
0.105865  3.80518  
0.743665  2.7628  
0.0939724  3.83326  
0.13174  3.74359  
