230.484  204.438  1561.54  
58.1104  1115.1  181.744  
475.562  272.583  729.17  
472.627  141.358  362.169  
482.799  574.833  283.854  
221.481  569.626  586.023  
68.7396  236.887  1292.27  
96.3888  660.852  335.569  
303.892  1082.6  43.3307  
1215.49  194.281  58.7063  
332.122  1244.41  153.816  
10.6693  44.4981  1138.49  
479.266  182.061  860.163  
687.948  589.471  407.582  
43.0661  32.5844  655.323  
759.713  831.175  532.489  
149.249  571.482  751.016  
359.11  429.284  699.48  
1015.83  407.934  141.908  
875.82  874.47  454.549  
331.067  798.884  506.63  
895.691  400.635  295.013  
957.515  199.562  589.98  
196.896  559.027  1098.79  
634.685  214.938  575.46  
319.641  896.912  411.073  
752.8  217.462  652.158  
958.959  51.3205  867.095  
201.542  878.389  225.608  
756.991  265.854  1155.67  
224.265  26.2864  1236.4  
45.2127  307.173  1149.89  
213.304  423.367  1185.86  
721.554  29.5941  302.605  
47.2471  789.41  913.66  
787.123  86.5946  564.948  
1205.51  319.864  456.662  
1115.46  292.185  306.234  
42.2706  453.68  1136.13  
464.977  0.0448499  617.988  
762.988  831.514  233.239  
645.362  48.66  471.449  
467.736  250.801  1091.07  
412.078  877.657  289.331  
559.573  419.175  442.358  
113.003  233.106  598.639  
752.536  809.577  60.5569  
3.79244  17.8926  762.818  
478.558  620.378  121.197  
207.218  131.8  1078.51  
60.0319  334.239  655.775  
616.874  859.566  426.507  
9.91649  7.71302  1442.52  
10.4794  10.7147  736.111  
407.944  1399.05  224.79  
1022.84  344.921  830.811  
557.489  119.809  505.182  
764.501  436.74  548.083  
151.867  604.904  1212.51  
427.535  243.454  1017.79  
455.71  218.517  884.25  
614.188  212.588  958.757  
832.76  294.33  536.894  
40.1561  904.097  406.333  
1179.66  380.028  208.226  
2.02352  74.6873  931.456  
323.188  704.486  882.916  
689.528  580.248  234.31  
670.124  772.189  173.131  
125.597  209.55  1328.34  
187.283  77.4762  964.653  
90.8699  687.97  897.008  
959.861  183.18  48.1637  
267.577  559.242  45.2296  
757.756  435.984  391.395  
586.072  92.6306  673.273  
2.39719  4.24965  1104.2  
342.662  876.189  685.105  
17.3705  429.363  860.885  
155.768  142.233  1142.89  
240.167  210.208  987.815  
202.522  970.707  188.68  
119.004  178.287  1280.61  
91.5781  85.3748  737.455  
450.853  601.949  780.675  
878.455  99.0035  415.851  
47.2932  37.8382  786.667  
140.418  36.4384  987.582  
1021.72  503.002  643.281  
88.8786  16.8994  759.226  
691.273  291.725  748.128  
4.48358  186.756  1164.76  
379.411  578.157  84.9665  
970.179  522.041  759.263  
465.804  240.073  1036.17  
326.718  9.31512  1232.96  
11.3958  710.409  524.729  
181.284  207.992  799.807  
62.6771  295.783  836.632  
124.329  436.379  770.893  
0.575654  0.817752  2.88374e-09  
0.554757  3.92234e-09  0.83216  
0.841487  0.43061  0.326518  
0.896645  0.324523  0.301319  
0.978298  1.26196e-11  0.207699  
0.525652  0.792898  0.30835  
5.92671e-07  0.546372  0.837679  
0.484199  0.542846  0.686286  
0.475295  0.74092  0.474778  
0.737627  1.17589e-12  0.675447  
0.650482  0.332868  0.682764  
0.775746  0.386024  0.499895  
0.75687  0.31562  0.572466  
0.228086  0.973734  7.29355e-07  
1.33893e-10  0.484377  0.874984  
0.186939  1.22966e-10  0.982561  
2.20558e-07  0.600128  0.800074  
1.00005  4.48615e-11  7.05158e-10  
0.320721  0.947221  6.88098e-10  
7.87597e-10  0.875674  0.483156  
0.436987  0.649812  0.622097  
0.462089  0.273603  0.843635  
0.403239  0.915184  6.39323e-12  
0.473717  0.880783  4.08343e-11  
0.852439  0.523011  1.91063e-10  
0.492735  0.347782  0.797755  
0.705193  0.373946  0.602504  
0.899658  0.0122039  0.436659  
0.550307  0.423106  0.719952  
0.728471  0.616252  0.299436  
8.45559e-09  0.239368  0.971142  
0.276805  0.714337  0.642812  
1.47058e-11  0.778613  0.627667  
0.359269  0.344062  0.8676  
0.841762  3.94026e-13  0.540036  
0.804071  1.02094e-09  0.594607  
0.420552  1.44289e-08  0.907297  
0.00912475  0.69152  0.722377  
0.330351  0.783098  0.527306  
0.873827  5.20324e-15  0.486443  
0.742896  0.669554  3.34581e-08  
0.285258  4.62788e-10  0.958548  
0.384834  0.711422  0.588206  
0.95572  7.14189e-10  0.294638  
0.586707  0.285175  0.758025  
0.863976  0.275187  0.42174  
0.328918  0.885521  0.328887  
0.496766  5.69038e-10  0.867986  
0.62148  0.783558  3.34498e-10  
0.3685  0.574441  0.73109  
0.618569  0.625647  0.475533  
0.938222  0.346347  7.94121e-15  
0.981959  0.189434  7.93887e-11  
0.359604  4.03415e-08  0.933157  
3.46816e-07  0.649283  0.760661  
5.76507e-13  1.00003  2.88086e-09  
2.1654e-10  0.411371  0.911512  
0.575399  0.72437  0.379936  
0.607326  7.05859e-09  0.794476  
0.913171  0.407698  2.35835e-13  
0.651157  0.681036  0.335051  
4.17893e-12  0.738213  0.674651  
0.659382  7.38586e-10  0.751983  
0.883547  0.468523  1.95772e-10  
0.71328  0.465369  0.524536  
0.757572  0.507062  0.411207  
0.688389  0.581384  0.433965  
0.437482  0.481866  0.75949  
0.815918  0.347134  0.462538  
3.14345e-10  0.981479  0.192668  
0.702564  9.06276e-12  0.711735  
0.325941  0.643051  0.693176  
0.268848  0.431899  0.861028  
0.297164  0.294088  0.90845  
0.526554  0.663287  0.532225  
0.817061  0.576698  4.54332e-11  
0.289713  0.556407  0.778834  
0.793029  0.541022  0.280224  
0.408841  0.821444  0.397797  
0.272613  0.849188  0.452587  
5.04159e-10  0.957775  0.287883  
0.603439  0.463957  0.648685  
0.701272  0.712988  6.72188e-11  
0.536532  0.844026  6.09733e-11  
4.83361e-10  0.927206  0.374999  
7.89972e-12  0.328663  0.944543  
0.781047  0.62468  1.07605e-09  
0.661246  0.750259  1.49607e-12  
3.11627e-08  0.841616  0.540197  
4.94301e-12  0.81032  0.586159  
0.961484  0.275006  4.56094e-15  
0.77152  2.16261e-12  0.636483  
0.928955  3.4941e-10  0.370532  
0.537565  0.584292  0.608009  
0.657642  0.505631  0.558553  
0.44479  0.853425  0.271969  
0.350404  0.460955  0.815462  
0.26217  0.931545  0.25222  
5.35763e-15  1.67231e-15  1.00004  
8.41982e-10  0.905337  0.424983  
2.97645e-17  0.486091  0.873908  
0.374044  0.927411  0.000690176  
0.470396  0.84133  0.266254  
0.941363  0.337395  0  
0.222504  0.974932  0  
0.642664  0.00031932  0.766149  
0.610628  0.28926  0.737199  
0.934236  5.90203e-08  0.356656  
0.369587  0.493417  0.787366  
0.492563  0.000195609  0.870277  
3.70186e-17  0.604559  0.796561  
0.366283  0.00020144  0.930504  
0.815979  4.53176e-10  0.578082  
0.848437  0.529297  0  
0.23013  7.61777e-11  0.97316  
0.8191  0.483971  0.307972  
0.876709  0.375189  0.301024  
0.539697  0.348917  0.766148  
0.692597  0.721324  0  
0.286599  0.287774  0.91381  
0.462523  0.413176  0.784447  
0.985257  0.000165111  0.171079  
0.474941  0.523685  0.707237  
0.775716  0.420344  0.470719  
0.705079  0.463027  0.537094  
0.903201  8.78025e-09  0.429218  
0.839564  0.335624  0.427186  
0.855279  4.51313e-15  0.518167  
5.69777e-17  0.930517  0.366249  
0.301635  0.668435  0.679862  
0.650296  0.759681  0  
0.732499  0.680768  4.35984e-17  
0.733184  8.52141e-09  0.680031  
0.306724  0.000168685  0.951798  
5.53547e-17  0.904011  0.427509  
0.722286  0.616424  0.313568  
0.000522855  0.979094  0.203408  
0.451427  0.742527  0.494841  
0.0016959  0.80525  0.592932  
0.772268  0.635297  0  
4.69765e-17  0.767184  0.641427  
0.53585  0.581528  0.61212  
2.32037e-17  0.378944  0.925419  
0.64286  0.569238  0.512542  
0.437493  1.0431e-10  0.899222  
0.607036  0.794675  0  
0.880761  0.473561  0  
0.609298  0.737829  0.290455  
0.885266  0.281503  0.370216  
0.547526  1.54324e-12  0.836789  
3.38034e-17  0.552052  0.83381  
0.442991  0.806397  0.391771  
0.907751  0.419508  0.00111004  
0.000914811  0.434372  0.900733  
6.12323e-17  1  4.35984e-17  
5.84707e-17  0.954899  0.296932  
0.595607  0.629561  0.498904  
5.16473e-17  0.843465  0.537185  
0.689852  3.94379e-15  0.723951  
0.662982  0.278447  0.694926  
5.38756e-17  0.879855  0.475242  
0.500067  0.663131  0.556948  
0.303903  0.952703  0  
0.576065  0.442083  0.68754  
3.99603e-17  0.652602  0.757701  
0.598844  5.13816e-09  0.800866  
0.301252  0.44933  0.841041  
0.781762  0.560792  0.272692  
4.24553e-17  0.693348  0.720603  
1.31113e-17  0.214124  0.976807  
0.52574  0.778184  0.343552  
0.290514  0.838756  0.46054  
0.812022  0.583627  0  
1  0  0  
0.313857  0.781047  0.53987  
0.482171  0.268835  0.83381  
0.367077  0.32686  0.870872  
0.32434  0.5801  0.747188  
0.972034  0.234841  0  
0.774331  4.1741e-13  0.632781  
0.963175  1.22378e-09  0.268875  
0.689166  0.593845  0.415209  
0.43208  0.621706  0.653291  
0.365723  0.716276  0.594302  
0.565066  0.825046  0  
0.562814  0.70318  0.434486  
0.923685  0.290259  0.250113  
0.283912  0.916311  0.282433  
0.341641  0.875269  0.342323  
0.679366  0.386145  0.623982  
5.82644e-17  1.88325e-17  1  
0.510137  0.860093  0  
0.617292  0.504494  0.603686  
0.743239  0.522112  0.418323  
0.801045  0.288621  0.524429  
0.44443  0.895813  0  
0.744197  0.312556  0.590322  
0.65254  0.6754  0.343552  
1.9087e-17  0.311714  0.950176  
4.47398e-17  0.730657  0.682745  
0.594365  0.804195  1.02824e-13  
0.571801  4.68901e-17  0.820392  
0.824457  6.7609e-17  0.565924  
0.507426  4.16111e-17  0.861695  
5.78847e-17  0.945329  0.326118  
0.922808  0  0.38526  
0.419414  0.71029  0.565314  
0.537471  0.53241  0.65396  
1  0  0  
0.42908  0.903267  0  
0.466099  0.836261  0.288823  
5.45928e-17  0.891568  0.452888  
5.10731e-17  0.834087  0.551633  
0.856598  0.515985  4.35984e-17  
0.727116  0.294574  0.620103  
0.703353  5.76779e-17  0.710841  
0.195224  0  0.980759  
0.831741  0.320292  0.453452  
0.284856  0.741316  0.607706  
0.198589  0.980083  0  
6.12323e-17  1  4.35984e-17  
4.44482e-17  0.725894  0.687807  
0.638299  0.631496  0.440212  
5.268e-17  0.86033  0.509738  
3.70897e-17  0.605721  0.795677  
0.690009  0.723801  0  
0.728572  0.590315  0.347434  
0.29227  2.39674e-17  0.956336  
2.36884e-17  0.386861  0.922138  
0.973731  0.227702  3.80849e-13  
0.55248  0.770934  0.322857  
0.619763  0.280504  0.732947  
0.580441  0.421019  0.697016  
0.702196  0.432828  0.565314  
0.331468  0.673277  0.660929  
0.370834  3.04099e-17  0.928699  
0.309309  0.843493  0.439143  
3.9572e-17  0.64626  0.763117  
0.893892  0.243575  0.376337  
5.96463e-17  0.974099  0.226124  
0.812122  0.459036  0.360198  
0.286386  0.28399  0.915059  
0.746504  0  0.665381  
5.60966e-17  0.916127  0.400887  
4.68495e-17  0.765111  0.643899  
0.646587  0.76284  8.04201e-16  
0.778403  0.627765  4.56649e-14  
3.09272e-17  0.50508  0.863073  
0.471568  0.466542  0.748306  
0.465233  0.279472  0.839913  
0.254675  0.930016  0.264974  
0.786623  0.546236  0.287837  
0.980117  8.03737e-17  0.198421  
0.651737  0  0.758445  
0.787736  0.28664  0.54526  
0.540096  0.675301  0.502259  
1.38326e-17  0.225904  0.97415  
0.866209  7.10328e-17  0.499682  
4.92606e-17  0.804486  0.593971  
3.40579e-17  0.556208  0.831043  
0.526454  0.343734  0.777621  
0.950938  0.309383  2.65047e-13  
0.820414  0.57177  1.03025e-13  
0.680961  0.540856  0.493728  
0.786115  6.44648e-17  0.61808  
0.298349  0.615854  0.729186  
0.421527  0.809332  0.40902  
4.22178e-17  0.689469  0.724315  
0.336304  0.530112  0.778383  
0.918097  0.296159  0.263417  
0.772417  0.410161  0.484913  
0.295292  0.955407  0  
0.288167  0.466394  0.836323  
0.920946  0.389691  6.18168e-14  
0.661897  0.340695  0.667697  
5.46092e-17  2.76991e-17  1  
0.373121  0.927783  0  
0.954912  7.83068e-17  0.29689  
0.440619  0  0.897694  
0.416459  0.416946  0.80791  
0.342282  0.341274  0.875429  
0.475145  0.879907  1.17581e-15  
0.895095  0  0.445876  
0.609891  0  0.792485  
2.75073e-17  0.449228  0.893417  
0.59527  0.586818  0.548906  
0.49607  0.632494  0.594867  
0.606266  0.716385  0.345304  
0.539992  0.84167  0  
0.73479  0.678295  4.35984e-17  
0.681889  0.669873  0.293766  
0.750398  0.494361  0.43876  
1.92443e-17  0.314284  0.949329  
0.336572  0.790374  0.511886  
0.343293  0.883693  0.318178  
0.886172  0.463357  4.35984e-17  
0.629883  0.486172  0.60571  
0.484636  0.745343  0.457813  
0.866234  0.397867  0.302227  
0.443271  0.569789  0.691991  
0.293069  0  0.956091  
0.864153  0.409984  0.291808  
9.32478e-17  0.329175  0.944269  
0.71962  0  0.694368  
0.625292  0.780391  0  
0.824655  0  0.565635  
0.595605  1.09235e-13  0.803278  
0.491112  0.378187  0.784719  
0.890289  0.272766  0.364669  
0.627438  0.498946  0.597808  
0.707274  0.706939  6.0508e-08  
0.341754  0.681241  0.64739  
0.545232  2.00476e-12  0.838285  
0.886659  3.33058e-12  0.462424  
0.318007  0.367252  0.874069  
0.682632  2.31163e-12  0.730762  
0.75607  0.482332  0.442396  
0.299442  0.541617  0.785484  
0.765016  0  0.644012  
0.639745  6.04322e-13  0.768587  
0.443671  0.288308  0.848549  
0.916249  0.400609  4.35984e-17  
0.581989  0.431944  0.688994  
0.956026  0  0.293282  
0.526268  0.541302  0.65577  
0.403886  0.591778  0.697621  
0.782966  0.349066  0.514894  
0.561812  0.667091  0.48924  
0.925343  0.264009  0.272102  
3.7259e-15  0.9713  0.237857  
0.836491  0.296868  0.460599  
0.661885  0.383182  0.644267  
0.814925  0.457641  0.355615  
3.12245e-17  0.509934  0.860213  
0.567212  0.823572  4.35984e-17  
0.856082  7.25079e-12  0.51684  
0.945822  0.324687  4.35984e-17  
4.77874e-17  0.780428  0.625246  
0.973107  0.230352  0  
0.492157  0.750168  0.441621  
0.294612  0.955617  0  
9.46867e-05  0.943708  0.330779  
0.651519  0.301697  0.696061  
4.52274e-17  0.73862  0.674122  
0.371922  0.428999  0.823185  
0.408152  0.863133  0.297344  
0.539325  0.791343  0.287932  
0.750088  0.661338  0  
0.434666  0.71678  0.545245  
7.81619e-05  0.407655  0.913136  
0.481791  0.634342  0.604555  
0.783437  0.621471  0  
5.40175e-17  0.882173  0.470926  
4.26018e-17  0.69574  0.718294  
0.203221  8.75708e-13  0.979133  
0.919754  3.11461e-12  0.392495  
7.76145e-17  0.273988  0.961733  
0.364291  0  0.931285  
0.514534  0.85747  0  
0.448407  0.81055  0.376749  
0.777172  0.554032  0.298416  
0.590929  0.594635  0.545171  
0.563428  0.328741  0.757943  
0.488138  0  0.872766  
0.266144  0.760456  0.592346  
3.68752e-17  0.602218  0.798332  
0.280411  0.611617  0.739794  
0.46056  0.474541  0.75013  
0.793288  0  0.608847  
5.19981e-17  0.849194  0.528081  
0.449917  0.893071  4.35984e-17  
5.13719e-17  0.181349  0.983419  
0.360752  0.78401  0.505159  
0.302902  0.830388  0.467659  
1  0  0  
0.713113  0.437258  0.547973  
0.311764  0.913389  0.26177  
6.12323e-17  1  4.35984e-17  
0.639085  0.643875  0.420709  
0.595426  0.727761  0.340341  
0.723001  0.599546  0.34324  
4.82411e-17  3.7712e-17  1  
0.817494  0.575936  4.35984e-17  
0.850824  0.52545  4.35984e-17  
0.374477  0.927236  0  
4.98784e-17  0.814576  0.580057  
3.40784e-17  0.556542  0.830819  
3.98218e-17  0.650339  0.759644  
0.681286  0.555268  0.476997  
2.84791e-17  0.465099  0.885259  
5.58414e-17  0.911959  0.410282  
0.736595  0.313665  0.599201  
0.426982  0  0.90426  
0.280826  0.878986  0.385383  
0.883407  0.468607  4.35984e-17  
0.194143  0.980973  0  
0.664471  0.747314  0  
0.976971  0  0.213371  
0.675481  0.678207  0.289413  
0.286677  0.282362  0.915472  
0.821996  0.444539  0.355961  
0.748755  0.292204  0.594964  
0.730695  0.579789  0.360457  
0.935249  0  0.35399  
0.847979  0  0.53003  
0.653607  0  0.756834  
3.2994e-17  0.538833  0.842412  
0.848825  0.318224  0.422173  
0.231928  0.972733  0  
1.09804e-15  0.937332  0.348438  
0.398097  0.87441  0.277357  
0.695763  0  0.718272  
0.331133  0.42815  0.840856  
5.58522e-17  0.912136  0.409887  
9.83346e-10  0.758315  0.651888  
0.37479  0  0.92711  
0.48484  0  0.874603  
0.334359  0.848426  0.410338  
0.562507  0.238665  0.791596  
0.514388  0.857558  0  
0.866848  0.498573  0  
0.43321  0  0.901293  
1.03343e-12  0.629002  0.777404  
0.798564  0.298893  0.522455  
0.306107  0  0.951997  
0.710666  0.410456  0.571385  
0.307326  0.314919  0.897985  
0.876442  0.397511  0.271724  
0.675167  0.342761  0.653196  
0.607799  0.709553  0.356531  
0.75793  0.456324  0.466165  
0.898666  0.438633  0  
0.80258  0.596545  0  
0.902419  0  0.430859  
1.90523e-08  0.1917  0.981453  
0.324795  0.945785  0  
5.88041e-17  0.960343  0.27882  
4.88714e-17  0.798131  0.602485  
0.927202  0.374562  0  
0.300995  0.519169  0.799916  
9.84076e-16  0.477792  0.878473  
0.609825  0.792536  2.54318e-06  
0.653262  0.757132  2.79774e-06  
0.220009  0  0.975498  
2.43312e-14  0.406937  0.913456  
1.01252e-09  0.685853  0.72774  
0.568586  0.464762  0.678753  
0.648255  0.621199  0.440314  
0.326669  0.589368  0.738873  
0.878709  0  0.477358  
0.732625  0.680632  4.35984e-17  
0.606468  0.570006  0.554337  
0.289777  0.901399  0.321729  
0.600298  0  0.799777  
0.423304  0.277025  0.862595  
0.531057  0.39141  0.751516  
0.403418  0.777924  0.481755  
0.392728  0.919655  4.91009e-16  
6.12323e-17  1  4.35984e-17  
0.777343  0  0.629076  
0.564247  0.825606  0  
0.620422  0.314969  0.718241  
0.959523  0  0.281631  
5.41721e-17  0.884698  0.466165  
0.763572  0.645723  1.42222e-16  
0.790055  0.530137  0.307843  
2.02297e-15  0.982199  0.187844  
0.557252  0.66636  0.495414  
0.513167  0.741791  0.431747  
5.17138e-17  0.84455  0.535477  
0.300471  0.673797  0.675067  
6.53035e-10  0.354039  0.935231  
0.318843  0.745303  0.585545  
0.512352  0.60745  0.607042  
0.451587  0.702169  0.55048  
0.691458  0.525254  0.495977  
0.548498  0.781812  0.296513  
4.27395e-13  0.593662  0.804715  
0.427856  0.472897  0.770265  
0.691249  0.722617  0  
0.452857  0.550674  0.701198  
0.635439  0.475974  0.608001  
2.03399e-14  0.725417  0.68831  
0.73754  0  0.675304  
0.980403  0  0.197001  
0.487138  0.319277  0.812871  
0.456486  0.811905  0.363909  
0.815094  0  0.579329  
0.68519  0.660301  0.307437  
0.907264  0.286344  0.308025  
0.971483  0.237099  0.00216624  
0.456046  0.889956  1.42222e-16  
0.544303  0  0.838889  
0.836782  0.547536  0  
0.273979  0.814309  0.511699  
1  0  0  
0.412619  0.654163  0.63389  
0.94879  0.315909  8.39796e-16  
1.02113e-15  0.282551  0.959252  
5.07916e-17  3.41996e-17  1  
0.516973  6.68258e-16  0.856002  
0.83896  0.312883  0.445253  
0.533645  0.505534  0.677982  
0.43788  0.899033  2.35662e-17  
0.70527  0.416216  0.573898  
5.35135e-17  0.873942  0.486031  
2.2648e-17  0.36987  0.929083  
0.744405  0.605662  0.281131  
0.558715  0.82936  0  
3.74231e-17  0.611166  0.791502  
0.748392  5.40622e-11  0.663257  
0.712524  0.572176  0.406108  
0.589481  0.363511  0.721368  
0.00244508  0.844671  0.53528  
0.821881  0  0.569659  
0.787136  0  0.61678  
0.948934  2.87726e-13  0.315474  
0.601054  0.715064  0.356956  
0.626376  0.454774  0.633114  
0.330483  0.873187  0.358225  
0.292152  0.350537  0.889815  
0.236389  1.05512e-09  0.971659  
0.658805  0.305807  0.687356  
0.927964  0.37267  0  
3.01494e-17  0.492377  0.870382  
4.04432e-17  0.660488  0.750837  
0.745894  0.475987  0.465917  
0.922812  0.286159  0.257938  
0.972561  9.3974e-12  0.232647  
0.886203  0.299033  0.353869  
0.553072  0.664443  0.502619  
0.883824  0.467819  0  
5.87104e-17  0.958814  0.284034  
0.659629  1.88798e-15  0.751591  
0.390482  6.18477e-09  0.92061  
0.907095  0.420927  0  
0.636404  0.627364  0.44878  
5.53073e-17  0.903236  0.429144  
0.263544  0.254586  0.930446  
4.97614e-17  0.812665  0.582732  
0.821659  0.569979  0  
0.858019  0.513618  0  
0.564276  9.29073e-15  0.825586  
0.4808  0.623768  0.616234  
0.70699  0  0.707224  
0.356819  0.649027  0.671896  
3.38414e-17  0.552672  0.833399  
0.303259  0.830769  0.466752  
0.372835  0.927898  2.35662e-17  
0.651004  0.759075  0  
6.12323e-17  1  4.35984e-17  
0.74213  0.670256  0  
0.322929  4.06296e-08  0.946423  
0.893408  0  0.449245  
0.546124  0.783306  0.296952  
0.784902  0.61962  0  
0.610967  0  0.791656  
0.474397  0.446033  0.758948  
4.31159e-17  0.704137  0.710064  
0.496691  0.867928  0  
0.53331  0.324065  0.781385  
0.345351  0.777856  0.525045  
4.78976e-17  3.81473e-17  1  
0.581703  0.580536  0.569736  
0.465799  0.836482  0.288667  
1  0  0  
0.671817  0.678334  0.297531  
0.789253  0.520871  0.325228  
0.418343  0.80882  0.413279  
0.396614  0.283165  0.873221  
4.77984e-17  0.780608  0.625021  
0.815747  0.430544  0.386249  
0.667851  0.527543  0.525045  
0.451897  5.68558e-08  0.89207  
0.502512  0.737613  0.451009  
0.305538  0.730629  0.610596  
0.439352  0.554957  0.706394  
0.859494  0  0.511146  
0.727223  0.284267  0.624771  
0.863374  0.401477  0.305617  
2.67194e-17  0.436361  0.899772  
0.219102  0.975702  2.35662e-17  
0.300945  0.519503  0.799718  
4.55764e-17  0.74432  0.667823  
0.301372  0.953507  2.35662e-17  
0.316759  0.594909  0.738747  
0.610466  0.79199  0.00906197  
0.976997  0.213253  0  
0.281956  0.913702  0.292659  
0.346552  0.434516  0.831323  
0.950128  0.311861  0  
0.7014  0.712768  0  
5.70807e-17  0.932198  0.361949  
0.454589  0.338892  0.823712  
0.782535  0.344714  0.518469  
0.921806  1.96945e-08  0.387652  
1.19744e-17  0.195557  0.980692  
6.01634e-17  0.982542  0.186039  
0.434579  0.700857  0.565634  
1.77314e-17  0.289576  0.957155  
0.70997  0.41968  0.565519  
0.225542  4.04851e-10  0.974234  
6.12323e-17  1  4.35984e-17  
0.845861  0.533403  0  
0.717509  0.696549  1.03047e-06  
1  0  0  
0.690031  0.72378  8.60916e-05  
5.92231e-14  0.601696  0.798726  
0.617555  0.746461  0.247834  
0.494562  0.74307  0.450839  
4.64515e-12  0.937638  0.347614  
0.540184  0.780855  0.313794  
0.569151  0.402994  0.716703  
4.96941e-17  0.811565  0.584262  
0.679763  0.516343  0.520877  
0.373553  0  0.927609  
0.511588  0.318323  0.79809  
0.302233  0.611782  0.731012  
0.420824  0.553479  0.718727  
0.294117  0.741451  0.603114  
0.474255  0.454436  0.754036  
0.76852  0.639826  1.41003e-06  
0.94556  0.325448  0  
0.555718  0  0.831371  
0.589674  0.705032  0.393974  
0.860312  5.34574e-15  0.509768  
2.56598e-05  0.961956  0.273203  
0.298005  0.912681  0.279654  
0.883847  0.467776  0  
0.915797  0.401641  0  
0.829749  0.37465  0.413708  
0.484623  0  0.874723  
0.346554  0.875784  0.336009  
1.01583e-13  0.542517  0.840045  
0.87758  0.316399  0.360202  
0.435068  0.699935  0.566398  
0.452491  0.891769  2.49091e-07  
0.460471  0.836383  0.297373  
6.1201e-18  6.09257e-17  1  
0.907574  0  0.419892  
0.312744  0.00853469  0.949799  
0.920412  0.273825  0.279036  
0.794513  0.510953  0.328141  
0.241986  0.97028  4.35984e-17  
0.282114  0.546789  0.78831  
0.656998  0  0.753892  
1.83577e-17  0.299803  0.954001  
0.588044  0.57078  0.573075  
0.512655  0.858595  0  
0.554415  0.648331  0.521815  
0.791862  0.328155  0.515043  
0.434213  9.98556e-05  0.90081  
0.460392  0.243663  0.85362  
0.726793  0.294072  0.620721  
2.97067e-17  0.485147  0.874432  
0.644118  0.6172  0.451858  
0.656206  0.317801  0.684394  
0.39599  0.401306  0.825921  
2.13062e-14  0.65153  0.758623  
0.269534  0.44761  0.852641  
0.765324  0  0.643645  
0.722805  0.562082  0.402016  
0.861111  0.431469  0.268928  
0.743872  0.610315  0.272341  
0.933273  0  0.359168  
0.530033  0.520401  0.669514  
0.294642  0.837272  0.46061  
0.802653  1.89852e-14  0.596446  
0.677806  0.657574  0.328901  
0.342288  0.781376  0.521815  
0.832458  0  0.554088  
4.06363e-13  0.731664  0.681665  
2.62539e-17  0.428758  0.903419  
6.01931e-17  0.983028  0.183455  
0.592122  0  0.805849  
0.320318  0.330156  0.887915  
0.641243  0.767338  3.49635e-08  
0.726095  0  0.687595  
5.37231e-17  0.877365  0.479823  
0.394657  0.918828  3.62082e-09  
0.57957  0.814923  0  
0.692519  0  0.7214  
0.972688  0.232118  4.35984e-17  
1.80608e-11  0.847505  0.530788  
4.72462e-17  0.771589  0.636121  
0.980954  0  0.194242  
0.424721  0.810266  0.403834  
0.629534  0.459332  0.626658  
0.956632  0  0.291298  
6.405e-13  0.694693  0.719307  
0.883847  0  0.467777  
0.326502  0.945197  0  
0.590648  0.286295  0.754433  
0.337733  0.667892  0.663216  
2.22813e-17  0.363881  0.931446  
0.471683  0.62037  0.626623  
0.808483  0.588519  0  
1.36228e-17  0.222478  0.974938  
4.9785e-14  0.910409  0.413708  
0.757738  0.456716  0.466095  
6.12323e-17  1  4.35984e-17  
0.896349  7.11057e-12  0.443349  
1  0  0  
0.900423  0.300683  0.314369  
0.747721  0.664013  4.35984e-17  
0.491514  0  0.870869  
2.90183e-10  0.421519  0.90682  
0.616654  0.292379  0.730926  
1.43827e-11  0.865186  0.50145  
0.590648  0  0.806929  
0.53311  0.328649  0.779605  
1.32432e-15  0.950354  0.311172  
0.70262  0.711565  0  
0.685206  0  0.728349  
0.28021  0.857818  0.43085  
0.75619  0.450622  0.474465  
0.613522  0.789678  0  
0.601468  0.739714  0.30176  
0.856654  0.425476  0.291742  
0.431513  0  0.902107  
0.834928  0  0.550359  
0.799173  0  0.601101  
0.53125  0.785241  0.318073  
0.384111  0.78264  0.48983  
0.724259  2.55083e-17  0.689528  
0.851191  0.267246  0.451723  
0.000356882  0.293222  0.956044  
0.575688  0.414314  0.704931  
0.794459  0.312298  0.52087  
0.673045  0.682451  0.28508  
1.41474e-10  0.919824  0.392332  
0.546987  0  0.837141  
3.33618e-17  0.544839  0.838541  
0.684723  0.330712  0.649449  
0.473503  0.62833  0.617248  
0.274479  0.281438  0.919486  
2.97116e-09  0.761252  0.648456  
1.33871e-09  0.682262  0.731108  
0.200332  4.18433e-17  0.979728  
0.000165737  0.228153  0.973625  
0.279027  0.453154  0.846638  
2.63783e-10  0.485544  0.874212  
0.331467  0.525528  0.78355  
0.0112051  0.896265  0.443377  
0.759679  0  0.650298  
2.89797e-11  0.837333  0.546693  
0.259219  0.793557  0.550521  
1.25165e-14  0.36538  0.930858  
0.492743  0.741988  0.454597  
0.865684  0.500592  0  
0.588569  0.574423  0.56888  
0.63516  0.458478  0.621586  
0.899551  0.436815  0  
3.91767e-18  6.11069e-17  1  
0.32661  0.33489  0.883841  
0.829476  0.558543  0  
0.659575  0.751639  0  
0.323659  0.662426  0.675601  
0.97587  0.218351  1.94283e-12  
0.922524  7.31821e-12  0.385939  
0.682885  0.514418  0.518693  
0.709076  0.630563  0.315596  
0.815567  0.393147  0.4246  
0.298842  0  0.954303  
0.503707  0.863874  0.000140982  
0.412795  0.415508  0.810526  
0.565714  0.824602  0  
0.651692  0.603803  0.459041  
0.865466  3.04815e-17  0.500968  
0.368538  0  0.929613  
0.798052  0.515273  0.31242  
0.261319  0.927401  0.267657  
0.954908  0.296903  0  
9.27485e-10  0.980304  0.197495  
5.08888e-09  0.722328  0.691551  
0.266356  0.612445  0.744289  
0.721295  0.384126  0.576352  
0.528517  0.535143  0.659008  
0.422766  0.822091  0.38136  
0.787837  0.615883  4.35984e-17  
0.951187  1.99584e-15  0.308615  
0.546877  0.657897  0.517781  
0.379199  0.925315  0  
0.456018  0.284237  0.843361  
0.734331  0.556978  0.387986  
0.425894  0.706708  0.564958  
0.309211  0.950993  0  
0.440824  0.897594  0  
0.37311  0.878665  0.297889  
0.309739  0.729655  0.609644  
0.979119  0  0.203287  
0.637749  0  0.770244  
2.74484e-10  0.592666  0.805449  
3.0328e-09  0.64395  0.765068  
0.583373  0.692422  0.424533  
0.928887  0.370363  0  
0.469899  0.482167  0.739398  
0.413364  0.577541  0.703972  
0.225494  0.974245  0  
1.7235e-09  0.800238  0.599682  
4.04618e-17  0.660791  0.75057  
3.44993e-17  0.563416  0.826174  
0.38971  0.920937  2.31804e-16  
0.432317  0.572696  0.696519  
0.440952  0.805648  0.395592  
0.519282  0.854603  0  
0.684613  1.09124e-14  0.728907  
0.663318  0.748337  2.17522e-17  
2.00542e-13  0.807637  0.58968  
0.773454  0.564328  0.288622  
0.610521  4.44513e-06  0.792  
0.194078  0  0.980986  
0.551877  0.665589  0.502418  
0.28925  0.853821  0.43281  
4.51399e-17  0.73719  0.675686  
0.498679  0.740943  0.449802  
0.926005  2.28522e-17  0.377512  
0.359912  0  0.932986  
0.630293  0.459875  0.625496  
0.827053  0.562125  1.4345e-11  
0.265528  0.472387  0.840443  
5.72879e-17  0.935582  0.35311  
0.706279  0.422134  0.568306  
0.727806  0.567015  0.385737  
0.667324  0.314988  0.674879  
0.945945  0.324328  2.98764e-14  
0.678731  0.528781  0.509623  
2.68798e-17  0.43898  0.898497  
0.743527  0.249414  0.620451  
4.73812e-17  0.773793  0.633438  
0.79935  0.416734  0.432865  
0.914333  0.300504  0.271465  
0.335523  0.529662  0.779027  
0.749878  0.661576  2.8106e-11  
0.427379  0.391582  0.814868  
1.71405e-13  0.876929  0.480619  
0.713081  5.9269e-15  0.701082  
0.477415  0.838953  0.261214  
0.919954  0.392026  1.43161e-14  
0.647816  4.71666e-06  0.761797  
0.591996  0.365208  0.718446  
0.857019  0.515285  1.4345e-11  
0.496191  1.22451e-17  0.868213  
0.367954  0.872299  0.322032  
0.975957  0  0.217962  
0.217295  0.976106  1.80134e-15  
0.462665  0.250352  0.85045  
1.58255e-13  0.61321  0.78992  
0.809433  0.494882  0.316087  
0.606423  0.711077  0.355838  
0.741829  0.502211  0.44438  
0.531806  0.526352  0.663428  
0.542922  0.311791  0.779758  
0.307871  0.732092  0.607665  
0.791193  0.611566  2.115e-14  
1.88954e-17  0.308586  0.951197  
0.901504  2.22476e-17  0.432771  
0.686992  0.658732  0.306781  
0.869033  0.340282  0.359152  
0.841952  0  0.539553  
0.951094  0  0.308902  
0.32618  0.375243  0.86764  
0.429343  0.71336  0.553879  
5.57373e-17  0.910259  0.41404  
1  0  0  
0.810146  4.78965e-11  0.586228  
3.06352e-17  0.50031  0.865846  
0.783027  0.302045  0.543725  
0.588796  0.574758  0.568306  
0.478252  0.632032  0.609763  
0.332333  0.666992  0.66684  
0.333799  0.793747  0.508473  
1.38372e-17  0.225979  0.974132  
0.308286  0.951294  0  
0.562164  1.38733e-17  0.827026  
0.304323  0.611549  0.730339  
0.419873  0  0.907583  
0.480166  0.464292  0.744227  
4.28343e-17  0.699537  0.714596  
0.621538  0.783384  0  
0.454222  0.890888  0  
0.834561  0.300714  0.461605  
0.645182  0.614945  0.453413  
5.73972e-14  0.95996  0.280137  
0.570721  0.821144  0  
6.01534e-17  0.98238  0.186896  
0.709913  0.704289  2.43951e-11  
0.762388  1.57964e-05  0.64712  
1.05661e-12  0.838025  0.545632  
0.970259  0.242069  8.35829e-14  
0.548812  0.778575  0.304347  
6.12323e-17  1  4.35984e-17  
0.291749  0.916372  0.274126  
0.279823  0.279165  0.918567  
0.88911  0.457693  8.93719e-16  
0.854654  0.434001  0.284974  
2.28995e-17  0.373977  0.927438  
0.875346  0  0.483496  
0.290179  0  0.956972  
3.94094e-18  6.11054e-17  1  
0.976529  5.44223e-17  0.215384  
0.823661  0.434347  0.364589  
0.864156  5.58589e-17  0.503224  
5.43266e-17  0.887221  0.461345  
5.28113e-17  3.09897e-17  1  
0.501425  0.865201  2.31429e-15  
0.957073  6.18651e-17  0.289846  
0.554509  3.58434e-17  0.832178  
5.00314e-17  0.817075  0.576531  
0.395381  0.880629  0.261088  
0.304857  0.317011  0.89809  
0.905091  0.425218  0  
2.85263e-17  0.465869  0.884853  
0.595516  0.672518  0.439409  
0.511465  0.807733  0.293209  
0.72126  0.28712  0.630354  
0.795704  5.14342e-17  0.605686  
0.276534  0.868759  0.410837  
0.611779  3.95453e-17  0.791029  
0.429117  0.637783  0.639602  
0.40508  0.274096  0.872228  
0.556915  0.751518  0.353649  
0.909812  0.285203  0.301498  
0.448787  0.893639  4.35984e-17  
0.281436  0.911317  0.300491  
0.30438  0.952551  0  
0.829736  0.00552458  0.558129  
0.752008  4.19097e-17  0.659154  
0.356327  0.727442  0.586395  
0.439432  2.84048e-17  0.898276  
0.509109  0.327809  0.795833  
4.351e-17  0.710573  0.703624  
0.685932  0.44249  0.577668  
0.925082  5.97972e-17  0.379767  
0.842146  0.539249  3.60956e-17  
0.264675  0.232792  0.935818  
0.457765  0.768179  0.447608  
0.309838  2.00279e-17  0.950789  
0.806745  0.333856  0.487548  
0.648696  0.345361  0.678174  
0.56784  0.402775  0.717865  
0.617224  0.492348  0.6137  
0.934426  0.356157  4.35984e-17  
0.377909  0.925843  4.35984e-17  
0.730283  0.571711  0.373943  
0.706393  0.517678  0.482719  
0.517498  0.525231  0.67552  
0.584079  0.274464  0.763886  
0.816062  0.577965  2.65722e-06  
0.778487  0.627661  4.35984e-17  
0.462585  0.458047  0.759084  
0.70843  4.57928e-17  0.705781  
3.2386e-17  0.528904  0.848682  
0.660696  0.750654  0  
0.270731  0.421317  0.865562  
0.98036  0.197216  0  
0.645503  0.567745  0.510872  
0.36996  2.39142e-17  0.929048  
0.667102  4.31214e-17  0.744967  
0.748787  0.357505  0.558129  
0.771987  0.455147  0.443709  
0.307573  0.673257  0.672402  
0.68027  0.644595  0.348897  
0.857109  0.303978  0.415887  
0.617038  0.786933  4.35984e-17  
0.324479  0.521299  0.789278  
0.956359  0.292193  0  
3.48094e-17  0.56848  0.822697  
0.628632  0.709915  0.317557  
0.904666  5.84775e-17  0.426122  
5.62003e-17  0.917821  0.396995  
0.437107  0.830775  0.344601  
0.554668  0.589112  0.587614  
4.01217e-17  0.655237  0.755423  
4.55708e-17  0.744228  0.667926  
0.419923  0.567911  0.707914  
0.345393  0.823512  0.450036  
0.393864  0.398579  0.828254  
0.204447  0.978878  9.2138e-16  
0.192157  1.2421e-17  0.981364  
0.873074  0.487588  3.60956e-17  
3.72772e-17  0.608783  0.793336  
0.698051  0.716048  3.60956e-17  
1.92369e-17  0.314163  0.949369  
0.732892  0.680345  4.35984e-17  
0.792852  0.527019  0.306001  
6.12323e-17  1  4.35984e-17  
5.95222e-17  0.972071  0.234686  
0.290599  0.603254  0.742723  
1.34204e-17  0.219172  0.975686  
0.494992  3.19962e-17  0.868898  
0.486635  0.697237  0.526352  
5.21978e-17  0.852455  0.5228  
0.88097  0.396284  0.258556  
0.562045  0.827106  4.35984e-17  
0.307456  0.790791  0.529264  
5.79178e-17  0.945869  0.324547  
1  0  0  
2.39202e-17  0.390646  0.920541  
4.7684e-17  0.778739  0.627347  
