2.81088  0.993575  0.988763  
2.92794  0.976575  0.977368  
2.92931  0.980311  0.982007  
2.84972  0.983086  1.04585  
2.80254  0.976666  1.06509  
2.88054  0.980868  0.978025  
2.84462  0.985883  0.980033  
2.87869  0.983698  0.984937  
2.88056  0.980253  0.990272  
2.8465  0.977582  1.00275  
2.80577  0.997866  0.983822  
2.87988  0.980578  0.978216  
2.91624  0.976015  0.975303  
2.81302  0.982999  1.0194  
2.91548  0.984726  0.985982  
2.91567  0.986724  0.985371  
2.85512  0.988253  0.986318  
2.89151  0.987089  0.983439  
2.83702  0.984312  0.975829  
2.8785  0.983627  0.99881  
2.89777  0.986089  0.983907  
2.89186  0.976246  0.978152  
2.85978  0.988917  0.9863  
2.89927  0.980881  0.979647  
2.9195  0.981419  0.986689  
2.90167  0.978401  0.980982  
2.81156  0.978115  0.991643  
2.9083  0.9785  0.979625  
2.94767  0.989203  0.989542  
2.85465  0.981043  0.980932  
2.71881  0.996104  1.01586  
2.95527  0.984133  0.984661  
2.89448  0.98691  0.988552  
2.93195  0.988962  0.989261  
2.82612  0.989373  0.993947  
2.91208  0.980097  0.98089  
2.85677  0.988225  0.98786  
2.96939  0.990186  0.990139  
2.89509  0.984983  0.982308  
2.80588  0.99385  0.992394  
2.81261  0.980234  0.993975  
2.92984  0.985082  0.984964  
2.84569  0.982365  1.01686  
2.91039  0.981066  0.98604  
2.88702  0.978168  0.976036  
2.93424  0.979127  0.978866  
2.92576  0.986851  0.987253  
2.83522  0.992739  0.992866  
2.83714  0.987029  0.989389  
2.87622  0.987553  0.985227  
2.82065  0.986057  1.03217  
2.90426  0.982006  0.980935  
2.77908  0.995329  1.01664  
2.87534  0.978517  0.979234  
2.85931  0.982859  0.979867  
2.85067  0.988263  0.982999  
2.88713  0.978252  0.982125  
2.87964  0.976044  0.978329  
2.916  0.975456  0.976554  
2.86775  0.98309  0.979553  
2.84309  0.984332  0.985155  
2.82011  0.987202  0.9845  
2.88585  0.987544  0.994376  
2.90456  0.984806  0.989521  
2.85315  0.982873  0.991917  
2.86999  0.97384  0.973945  
2.85831  0.98712  0.993267  
2.84619  0.992446  0.989618  
2.89427  0.984398  0.983972  
2.88883  0.989645  0.9948  
2.90732  0.980197  0.978739  
2.90449  0.97849  0.978768  
2.91518  0.988322  0.991818  
2.80123  0.982062  0.995596  
2.91667  0.981096  0.984437  
2.89203  0.9859  0.984951  
2.88795  0.983883  0.993221  
2.74478  0.998871  1.03268  
2.94378  0.983097  0.982882  
2.91932  0.96962  0.969453  
2.96259  0.978364  0.978326  
2.88101  0.981954  0.998423  
2.86215  0.981732  0.983193  
2.9162  0.983896  0.985523  
2.86746  0.976458  0.975568  
2.82608  0.992657  0.989335  
2.84504  0.980511  0.997512  
2.65507  1.00452  0.990409  
2.93548  0.984109  0.985073  
2.9321  0.983078  0.982974  
2.84871  0.983093  0.985897  
2.88294  0.989476  0.987738  
2.75508  0.983873  1.18793  
2.87532  0.988248  1.00091  
2.84059  0.984084  1.03636  
2.80078  0.982914  1.01264  
2.81043  0.982105  0.999464  
2.94333  0.984425  0.984207  
2.8469  0.988646  0.982192  
2.89049  0.981757  0.981933  
1.46848  1.26111  1.05835  
1.28872  0.703077  3.27401  
1.28077  1.48718  1.24069  
1.30138  0.892817  2.52622  
1.88391  0.805358  1.36698  
1.34304  0.711294  3.10154  
0.773123  3.10514  1.05852  
0.696582  1.22865  4.54231  
1.08923  1.20627  2.4201  
2.50588  0.69199  0.683186  
0.779917  1.38801  3.38771  
0.784546  1.25821  3.74229  
0.689287  3.6963  1.82971  
0.692449  3.12285  2.04595  
0.954634  2.32563  1.03595  
0.787975  3.42466  0.691814  
1.01789  1.96593  1.54439  
1.55518  1.21675  0.872501  
0.857355  1.76567  2.35454  
0.958402  0.893157  3.74147  
1.2951  1.03326  1.93223  
1.7316  1.10282  0.673848  
1.81862  0.685203  2.02061  
1.02594  0.814755  3.74083  
0.851102  2.84686  0.794022  
1.68229  0.747334  1.92689  
0.791828  2.9517  1.23235  
0.943473  1.11819  3.10426  
0.695591  1.03242  5.29179  
1.34036  1.68777  0.683969  
0.688286  3.96327  1.47664  
1.38015  0.947306  1.95348  
2.12366  0.72108  1.21666  
0.705578  2.00425  3.39041  
1.2055  1.8422  0.783065  
0.909981  2.25212  1.63923  
0.906657  1.00413  3.69378  
1.11083  1.35069  1.92365  
1.53442  1.3425  0.694403  
1.40048  1.39032  0.907084  
1.00092  2.4701  0.698652  
0.885374  2.88727  0.683892  
2.26548  0.703524  0.858166  
1.14234  2.08414  0.680073  
1.62465  1.04615  1.13015  
1.65862  0.688991  2.49996  
0.695591  2.24995  3.10203  
0.750819  2.22802  2.39825  
1.8601  0.9752  0.67899  
1.43921  1.20939  1.43507  
0.803022  1.96579  2.3166  
1.21184  1.1726  1.92689  
1.90994  0.880818  0.818215  
0.991595  1.38288  2.3885  
0.688891  4.37333  0.799568  
1.74458  0.9555  1.07704  
0.737445  0.884651  4.6928  
1.42725  0.819968  2.4201  
1.11235  1.93993  0.951486  
0.733306  1.4971  3.75522  
0.943072  1.48776  2.48155  
0.841021  2.58236  1.47668  
1.16497  0.753064  3.39108  
0.710429  0.755613  5.51567  
1.0239  2.19855  0.854581  
0.759475  2.38018  1.92756  
1.17683  1.09895  2.27911  
2.12409  0.819083  0.684224  
0.710048  1.0618  4.54271  
1.1854  1.57525  1.56453  
0.686866  4.56452  0.69402  
0.843079  1.16115  3.38436  
0.910358  0.690131  4.68447  
1.2412  1.66798  0.951577  
0.850937  1.98094  1.92689  
0.917773  2.52407  0.870781  
2.05938  0.773869  0.95225  
1.23172  0.997153  2.38159  
1.35155  1.33536  1.48814  
0.979134  0.947665  3.34364  
1.37451  1.53215  0.749017  
0.746888  0.695412  5.54781  
0.821838  0.759177  4.56367  
0.739456  1.70466  3.15595  
1.55321  1.11324  1.31411  
0.686456  4.09284  1.22451  
1.51441  0.838897  1.91368  
0.821222  1.37139  3.12421  
1.0902  0.854521  3.12832  
0.991657  1.51463  2.00997  
1.19433  0.710714  3.74021  
1.13287  1.77307  1.33847  
0.876991  2.66525  0.904674  
1.02833  2.06686  1.19791  
0.694973  2.81474  2.63188  
1.53854  0.763163  2.24396  
0.781485  3.27684  0.753207  
1.79528  0.902994  1.15001  
0.909269  1.63219  2.20417  
0.939043  1.75105  1.93853  
0.935699  1.58832  0.621447  
0.654731  2.34974  0.547431  
0.512656  0.460264  5.32972  
0.703508  2.23789  0.482154  
1.54082  0.68756  0.578713  
1.00236  0.489713  2.83414  
0.815201  0.556858  3.44085  
0.643439  0.428805  4.47976  
0.799673  0.71966  2.87255  
0.622747  2.65431  0.434369  
0.673221  0.735958  3.4427  
0.515908  3.02314  0.445183  
0.930109  0.818605  2.06073  
0.681183  1.4364  1.75905  
0.511666  2.05648  1.69131  
1.7064  0.589228  0.521517  
1.22656  1.12576  0.473452  
0.596359  1.53563  2.0285  
0.706415  1.91625  1.06473  
1.01272  1.39088  0.72207  
0.645402  1.63757  1.64816  
1.39791  0.720278  1.07149  
0.537498  2.63965  1.02051  
1.44514  0.468402  1.65779  
0.589977  0.992766  3.07343  
1.06698  1.42242  0.466414  
0.984781  1.30396  1.19298  
1.8852  0.521277  0.450151  
0.897064  1.49345  1.16704  
0.449077  3.70809  1.26622  
0.456903  1.95843  2.88115  
0.883717  1.75157  0.537904  
0.840388  1.64831  1.06501  
0.837282  1.06887  1.88743  
0.627782  1.34786  2.35194  
1.62644  0.568328  0.920972  
0.491454  0.747001  4.3004  
0.614757  0.446777  4.36215  
0.513262  1.10473  3.76278  
1.2092  0.424728  2.81448  
1.05975  0.688263  1.85119  
1.10482  1.25315  0.571707  
2.13276  0.447746  0.414868  
1.06534  0.46087  3.17209  
0.460305  0.697563  4.36379  
1.20475  0.83197  1.45496  
0.452237  2.78306  1.95745  
0.452144  2.45827  2.60731  
1.26547  0.862114  1.01966  
0.764066  1.11495  2.20413  
0.4605  1.86565  2.96585  
0.641301  2.15213  1.026  
0.966343  1.70342  0.449605  
1.48446  0.641468  1.09756  
0.568889  1.16023  2.83521  
0.711741  1.27839  2.06128  
2.14066  0.426426  0.505279  
1.39152  0.422966  2.35801  
0.453085  2.99709  1.70045  
0.672674  0.880839  2.90973  
0.872905  1.10256  1.67286  
1.4191  0.803936  0.568573  
1.16889  1.04605  0.852835  
0.41834  4.22654  0.445183  
1.25707  0.585618  1.67403  
0.610513  2.54528  0.505071  
0.751196  1.97  0.623598  
0.553418  1.83462  1.71372  
0.721842  0.62143  3.69244  
1.34441  0.960517  0.447429  
1.00836  0.671653  2.1725  
0.784223  1.78498  0.871114  
1.71072  0.510288  1.02098  
0.79821  2.05695  0.433058  
1.07271  1.14771  1.1186  
0.449257  4.02785  0.68863  
1.45028  0.89297  0.420406  
0.74175  0.694387  3.11303  
0.887891  0.480967  3.7546  
0.578042  2.27002  1.38263  
0.899044  0.551954  2.98611  
1.11197  0.542213  2.40424  
0.585721  2.47359  0.836227  
0.548197  1.66596  2.2568  
1.30556  0.896405  0.651847  
0.790267  1.30508  1.6658  
1.19073  0.622385  1.71906  
1.57418  0.425669  1.69092  
0.458775  0.607374  4.76445  
0.846317  0.929219  2.33153  
1.85403  0.482403  0.697575  
0.561357  0.9081  3.7569  
0.518009  2.85487  0.710584  
1.97937  0.425934  0.850462  
1.66594  0.690505  0.416027  
0.5714  0.454208  4.58623  
0.519119  1.31967  2.98796  
0.973401  0.953712  1.6944  
1.28853  0.511434  1.83815  
0.449077  3.82192  1.05182  
1.40146  0.391266  1.00146  
0.812047  1.09581  1.02607  
1.21716  0.265355  1.71191  
0.345781  2.72066  0.545987  
0.361535  0.84947  3.52423  
0.285586  3.66993  0.866094  
0.976995  0.92576  0.49464  
0.286982  3.9249  0.447797  
0.287917  2.85816  1.52065  
0.799436  1.32034  0.415158  
1.28042  0.69609  0.241698  
1.35247  0.246377  1.65415  
1.46252  0.534912  0.237946  
0.902901  0.632193  1.46293  
0.518083  1.34509  1.47782  
0.425542  2.60832  0.257976  
1.18982  0.326299  1.52263  
0.726972  0.36448  2.77929  
0.5607  0.559143  2.72369  
2.04976  0.245573  0.234389  
0.441139  1.24472  2.14012  
1.09338  0.422476  1.49441  
0.821271  0.600736  1.77161  
0.654797  1.81716  0.258531  
1.70584  0.362596  0.234183  
0.870505  1.13021  0.526643  
0.289621  0.456548  4.89601  
0.688238  0.740485  2.02312  
1.05578  0.744939  0.778978  
1.4507  0.468123  0.337361  
0.295537  0.544661  4.20916  
0.593994  0.964512  1.78632  
0.852149  0.297262  2.74536  
0.666702  1.3953  0.983405  
1.7294  0.234883  0.728548  
1.10876  0.887455  0.252199  
0.419041  1.52139  1.60353  
0.381873  0.359508  4.15981  
0.483504  1.89669  1.03075  
0.777717  1.4854  0.276472  
1.51195  0.283379  1.11393  
0.552407  1.5923  1.08642  
0.52525  1.95311  0.510451  
1.55545  0.326852  0.5135  
0.437461  0.821735  2.91661  
0.361291  1.10061  2.83604  
0.914193  1.22331  0.253862  
0.504956  0.439879  3.5177  
0.984893  0.268567  2.66622  
0.480306  2.18551  0.394699  
0.38046  2.33672  0.961817  
0.624256  0.495735  2.68395  
0.285586  3.54999  1.09308  
0.749596  1.26349  0.837855  
0.289157  2.58217  1.86432  
0.393523  2.50351  0.425531  
0.389886  1.53454  1.941  
0.4689  1.29634  1.73175  
0.506956  1.04602  2.18013  
1.19003  0.555204  1.00171  
0.339453  2.53429  1.04138  
0.305525  0.514912  4.16817  
1.63391  0.332175  0.284891  
0.588616  0.393947  3.23683  
0.428942  2.25879  0.636909  
0.297523  0.288354  5.12449  
0.927684  0.542546  1.56536  
0.708898  1.5168  0.399878  
0.412902  0.930938  2.78947  
0.695773  0.320561  3.18276  
1.02311  0.363801  1.71191  
0.285582  4.20202  0.287884  
0.746853  0.614088  2.2066  
1.31837  0.481637  0.781706  
0.742268  0.784455  1.58546  
0.317024  1.62599  2.50335  
0.443985  0.249651  4.28419  
0.365691  1.79828  1.49317  
0.593049  0.832644  2.28332  
1.14345  0.296208  1.75217  
0.448452  2.06568  0.909305  
0.860733  0.46786  2.26894  
0.991811  1.01842  0.273692  
0.582968  1.81158  0.428516  
0.613765  1.6523  0.637913  
0.545534  2.15389  0.261129  
0.56856  1.12436  1.54877  
0.355808  2.96683  0.265716  
0.698126  0.923526  1.49275  
0.495347  0.261925  4.12576  
1.11658  0.669267  0.777201  
0.74152  0.279341  3.39634  
1.2807  0.579689  0.453413  
0.39875  0.710327  3.57742  
1.83635  0.228087  0.468422  
0.323459  1.97926  1.56833  
1.15344  0.748548  0.336994  
0.897516  0.987705  0.902947  
1.1521  0.246824  2.43337  
0.489543  0.539893  3.18249  
1.02763  0.226574  1.8614  
0.18539  3.25939  1.26858  
0.40941  0.554958  2.74291  
0.193852  1.8143  2.59403  
0.488513  1.77943  0.301705  
0.910028  0.304774  1.81122  
0.606691  0.760961  1.61575  
0.714691  0.698547  1.40788  
0.267611  1.01684  2.63793  
0.190179  2.74045  1.43374  
0.625184  0.265171  2.66993  
1.29869  0.513323  0.181268  
1.33389  0.325679  0.804776  
0.233194  0.167388  4.98952  
0.198752  0.279074  5.0172  
0.184235  3.7192  0.490834  
1.52427  0.372145  0.167143  
1.13711  0.732938  0.169602  
1.52821  0.232984  0.71026  
0.236718  1.66738  2.10206  
0.419233  1.89321  0.441882  
1.79254  0.169532  0.686161  
0.32809  2.099  1.01789  
0.185923  4.04612  0.196539  
0.376301  0.447983  3.52903  
0.298054  0.616707  3.51038  
0.6495  1.60084  0.186215  
0.589584  0.375322  2.60556  
0.618635  1.40346  0.473748  
0.280709  2.92103  0.188707  
0.188125  2.20706  2.32129  
0.518495  0.23803  3.42141  
0.252967  1.98495  1.42065  
0.892561  0.917497  0.422757  
0.975712  0.951461  0.187916  
1.20682  0.450448  0.606956  
0.787651  0.951048  0.877376  
0.447816  1.18709  1.44142  
0.361267  1.9608  0.855911  
0.887133  0.796389  0.877201  
0.211477  0.485965  4.06626  
1.22902  0.190916  1.50816  
0.281027  1.5525  1.80823  
0.51626  0.800619  2.04233  
0.324881  0.675722  2.96475  
0.967462  0.659771  0.859714  
1.01073  0.715496  0.415678  
0.244682  1.7949  1.73713  
1.46672  0.316795  0.330004  
0.230506  0.958334  3.19465  
0.5994  1.26383  1.03469  
0.360607  1.21923  1.67152  
0.266375  0.820626  3.14194  
0.241178  0.377908  4.12984  
1.64597  0.286471  0.164594  
1.38924  0.170852  1.38866  
0.865553  0.170065  2.61373  
0.294275  1.64776  1.50741  
0.758034  0.540807  1.59842  
0.235422  1.08705  2.7458  
1.35328  0.397349  0.321304  
1.06674  0.289086  1.39163  
0.484808  0.984391  1.6593  
0.539022  0.676951  2.32129  
0.549801  1.54592  0.356091  
1.05775  0.548249  0.941976  
0.306388  1.33292  2.15141  
0.51671  1.47216  0.979494  
0.330132  2.54484  0.22622  
1.98961  0.176744  0.169388  
0.350108  0.771039  2.61251  
0.876638  0.435288  1.44926  
0.712708  1.1164  0.761451  
0.530293  1.79971  0.174952  
0.473258  0.462654  2.69603  
0.412064  1.00978  2.09879  
1.14466  0.620402  0.255831  
0.668893  0.543844  2.05926  
0.75886  0.180509  2.70634  
0.38139  2.15232  0.271805  
0.18708  2.48543  1.75202  
0.371103  1.47178  1.4051  
0.375184  0.167642  4.29334  
0.27082  2.69113  0.390416  
0.264387  2.50117  0.87103  
0.568057  0.930293  1.42541  
0.817716  1.08056  0.327589  
0.653165  0.179236  3.32151  
0.304325  2.39027  0.604838  
0.184235  3.55125  0.79824  
0.497118  0.334238  3.15712  
0.305304  0.258255  4.11699  
0.419121  0.169616  4.01373  
0.202241  1.39751  3.13865  
0.421456  2.14913  0.173524  
1.72315  0.21603  0.26702  
0.735938  1.3377  0.199952  
0.672395  1.27465  0.507168  
0.46779  1.70246  0.75224  
0.770763  0.395824  2.05024  
0.200882  0.418424  3.75855  
0.527172  0.214189  2.75519  
1.05094  0.573417  0.267726  
0.524865  1.3139  0.634618  
0.495083  1.53355  0.270411  
0.178567  0.346056  4.01198  
0.990798  0.216372  1.43388  
0.566406  1.14258  0.851533  
0.480692  1.7808  0.113392  
0.3397  1.73354  0.914767  
1.48094  0.186513  0.601493  
0.113584  3.72765  0.304077  
0.21473  2.82809  0.114881  
0.243302  2.36212  0.34783  
1.18924  0.495852  0.139115  
1.31171  0.114879  1.40789  
0.645964  1.22931  0.199412  
0.451325  1.46786  0.7096  
1.95711  0.116325  0.126329  
0.113579  3.29348  1.06179  
0.283608  1.3818  1.36613  
0.443927  0.811265  1.66385  
0.203668  0.265339  4.19952  
1.5858  0.192234  0.214329  
0.638263  0.933347  1.06197  
0.512156  0.598556  1.98825  
0.212019  1.69752  1.34606  
1.20173  0.301531  0.930335  
0.478303  0.365574  2.55928  
0.120106  2.09524  2.32496  
0.573549  0.647167  1.45095  
0.14911  0.251839  4.93215  
0.313572  0.97019  2.13834  
0.197359  1.36697  2.20583  
0.135076  0.361384  4.93167  
0.755362  1.1175  0.118828  
0.285157  2.17674  0.343107  
0.182904  1.0944  2.68911  
0.144921  0.144921  6.14492  
0.804203  0.11548  2.57546  
0.13198  0.663469  3.9794  
1.10267  0.429561  0.634072  
0.370111  1.1668  1.34409  
0.11383  3.99131  0.121015  
1.79142  0.158701  0.112367  
0.225925  1.45327  1.62746  
0.115047  2.42202  1.66372  
0.313644  0.476012  3.04312  
0.205476  2.6112  0.268967  
1.2388  0.375291  0.332702  
0.929491  0.168783  2.10913  
0.696796  1.02525  0.416702  
1.00434  0.754322  0.114998  
0.907296  0.312329  1.35095  
0.190061  1.77319  1.53218  
0.459522  0.275733  2.96965  
0.411454  0.746778  2.13467  
0.496818  0.861492  1.34635  
1.35522  0.273397  0.432912  
0.679329  0.559659  1.34608  
0.697311  0.349201  2.02069  
0.16288  0.592455  3.74977  
1.87804  0.113213  0.32255  
0.570832  0.134999  3.26569  
0.269441  1.22378  1.78728  
0.252526  2.06806  0.903736  
1.10831  0.184572  1.34034  
0.362453  1.0277  1.58685  
0.195773  2.35012  0.925588  
0.823117  0.708372  0.841222  
0.828522  0.936578  0.152016  
0.319622  1.9136  0.635767  
0.114071  3.51998  0.653056  
0.391889  0.35584  3.00408  
0.268451  0.197042  4.00374  
0.944247  0.636154  0.486096  
0.895662  0.785041  0.24802  
0.365007  0.114188  3.99468  
0.182685  0.866545  3.02226  
0.345831  0.184557  3.77128  
0.986254  0.506713  0.846131  
0.37422  1.9843  0.162957  
0.757556  0.858124  0.6363  
0.251047  0.628509  3.00304  
0.576679  1.42571  0.145018  
0.303477  2.33712  0.121976  
0.338182  0.558293  2.59014  
0.113257  2.8244  1.31394  
1.4209  0.344297  0.112894  
0.653858  0.173258  2.55119  
0.401284  1.69093  0.471209  
0.187226  0.13468  4.98464  
1.6495  0.131659  0.612925  
0.615077  0.489179  1.82134  
0.23878  0.806178  2.62449  
0.13413  1.47566  2.73527  
0.744759  0.423948  1.43388  
0.115332  2.15132  2.21799  
0.83618  0.258931  1.79886  
1.12771  0.123435  1.8565  
0.499135  0.656653  1.48208  
0.173901  1.41064  1.783  
0.622287  0.358982  1.96705  
0.82443  0.292749  1.36599  
0.245059  1.25772  1.48528  
1.12463  0.306897  0.847937  
0.21249  0.689494  2.64608  
0.325154  0.467079  2.57183  
0.152228  0.768557  3.1106  
0.908909  0.753046  0.0980469  
0.0925616  0.344665  4.87335  
0.0912112  0.595001  4.02726  
1.99877  0.0801375  0.0803325  
0.592617  1.32782  0.0869179  
0.122786  0.117201  4.94047  
0.826079  0.196946  1.83577  
1.02076  0.413516  0.757313  
1.13606  0.40675  0.265814  
0.0955856  0.0955856  6.09559  
1.26177  0.235785  0.665802  
0.137979  0.418519  3.73303  
0.609871  0.570025  1.31004  
0.168384  2.5514  0.30236  
0.353207  0.759776  2.08114  
0.0912339  2.5917  1.37076  
1.69555  0.114355  0.148582  
0.130582  1.015  2.64332  
0.614414  1.15501  0.21154  
0.917132  0.615675  0.353653  
1.38963  0.199239  0.395033  
0.292355  1.71244  0.932941  
0.213905  0.136725  4.0649  
0.770844  0.0826115  2.52991  
1.41168  0.301013  0.0787832  
0.0910138  3.59265  0.453602  
0.2072  1.15336  2.10826  
1.47317  0.141337  0.555867  
0.677013  0.835353  0.84133  
0.165964  0.261559  3.92832  
0.297052  1.90519  0.400489  
0.107963  1.25753  3.16751  
0.323725  0.0808966  3.91712  
1.03643  0.164937  1.32054  
0.279588  1.03532  1.77834  
1.31559  0.0798387  1.32512  
0.635357  0.984954  0.559182  
1.56545  0.176092  0.0980469  
0.162529  2.36097  0.800071  
0.258103  0.0798698  4.57078  
0.281581  2.15078  0.127469  
0.734828  0.920329  0.23588  
0.233908  0.58133  2.86171  
1.0763  0.101995  1.60228  
0.489743  0.233083  2.52451  
1.01164  0.54062  0.238278  
0.703502  0.0963055  2.52991  
0.349281  1.83543  0.205438  
0.677713  0.400963  1.4848  
0.770711  0.384385  1.29961  
0.259447  0.439633  3.16144  
0.812456  0.642156  0.794797  
0.131014  1.46121  2.24015  
0.327814  0.334695  3.0633  
0.479425  1.50689  0.148582  
0.393745  1.65201  0.280517  
0.924288  0.142686  1.82611  
0.381402  0.870872  1.51672  
0.342921  1.11302  1.30131  
0.440777  0.63865  1.89326  
0.270374  0.163294  3.73136  
0.0908221  3.92602  0.10805  
1.28984  0.326801  0.129406  
0.0911799  2.29241  1.8544  
0.56961  0.11762  2.8009  
0.512992  1.28596  0.412734  
0.722959  0.276655  1.85696  
0.421152  0.18928  3.0738  
0.400956  0.318565  2.6843  
0.0916278  3.35792  0.895722  
1.75163  0.0795625  0.728585  
0.178741  0.892669  2.52427  
0.451078  0.839788  1.32124  
0.203461  1.52446  1.3287  
0.366458  1.54832  0.747666  
0.14606  1.87165  1.30169  
0.09331  1.54812  2.54789  
0.769501  1.02271  0.0802755  
0.43548  1.34917  0.774364  
0.106794  0.451921  3.94151  
0.23681  2.00204  0.756363  
0.177081  2.79053  0.0802322  
0.933893  0.496035  0.794744  
0.398916  1.89639  0.0793346  
0.535534  1.1246  0.757313  
0.227676  2.42037  0.103135  
0.207687  2.23793  0.506729  
1.12666  0.555461  0.0787441  
0.781942  0.788191  0.397324  
0.5408  0.488162  1.84902  
0.137096  1.6781  1.60142  
1.62105  0.139539  0.0891944  
0.0699515  1.29114  2.93842  
0.209935  0.455135  3.18343  
0.556092  1.00236  0.900909  
1.11347  0.390841  0.324659  
0.213475  2.35899  0.144152  
0.540712  0.654149  1.29897  
0.104491  1.05518  2.54954  
0.496262  0.527247  1.8451  
0.0696844  3.51042  0.542512  
0.430233  1.31841  0.787133  
0.165265  2.76545  0.0729438  
0.124848  1.62803  1.71612  
0.66327  0.305443  1.89472  
0.960656  0.462928  0.69914  
0.720594  1.09143  0.0700559  
0.227603  1.12498  1.85902  
1.28975  0.196651  0.708356  
0.3072  1.02167  1.49445  
1.4754  0.132148  0.494758  
0.483389  0.201486  2.54954  
0.565395  0.0979412  2.85543  
0.123636  0.823347  2.83491  
0.0696844  2.17045  2.04599  
0.339414  1.85447  0.154305  
1.33897  0.339804  0.0694912  
0.157308  2.54153  0.307147  
0.399089  0.631936  2.08448  
0.1512  2.36961  0.753225  
0.553705  0.380927  2.13343  
0.582756  0.485327  1.51448  
0.274748  0.923471  2.04599  
0.31952  0.0735187  3.83546  
0.520513  1.19587  0.519782  
0.0927632  0.175274  4.9513  
0.11612  0.352986  3.75434  
1.29504  0.0714297  1.31243  
1.16231  0.069466  1.85956  
0.387374  1.54187  0.476354  
0.254054  2.05073  0.336665  
0.0696844  2.66551  1.29129  
0.13374  1.87829  1.28331  
0.426862  1.67517  0.0871713  
0.713108  0.971658  0.156582  
0.0782617  0.0782617  6.07826  
1.63051  0.0868837  0.494758  
1.13834  0.451162  0.101897  
1.97513  0.0713865  0.0705861  
0.631025  0.131163  2.47646  
0.443539  0.726507  1.47026  
0.700215  0.852047  0.526413  
0.0696844  3.28883  0.955556  
1.06929  0.0989653  1.5047  
0.613043  1.09411  0.274434  
1.82914  0.0694954  0.377218  
1.00299  0.541726  0.198848  
0.697069  0.404031  1.34529  
0.0696844  3.9808  0.0724515  
0.251006  0.523536  2.59436  
0.751041  0.0710168  2.5471  
0.153647  0.190525  4.2236  
0.822671  0.301324  1.30034  
0.0696844  3.72099  0.215014  
0.285438  1.23513  1.28913  
0.226884  0.112297  3.95485  
1.05568  0.354744  0.776602  
0.493972  1.54354  0.0728186  
1.37113  0.225197  0.207405  
0.868618  0.595218  0.582965  
0.413022  0.172585  3.09026  
0.884787  0.137494  1.90021  
0.411068  0.0696254  3.67527  
0.376779  0.273026  2.71926  
0.572586  1.29303  0.100944  
0.254728  1.86183  0.782614  
0.397756  0.920802  1.30654  
0.156216  1.37079  1.95706  
0.182051  1.52611  1.35827  
0.0696844  2.41001  1.55827  
0.0833681  0.49672  3.75288  
0.127051  0.0810404  4.94216  
0.760975  0.692811  0.774872  
0.933764  0.727267  0.0740818  
1.19168  0.287061  0.524352  
0.339661  0.411742  2.50115  
0.988735  0.182845  1.2904  
0.464971  1.43867  0.237401  
0.321595  1.67063  0.668497  
0.776067  0.231282  1.72762  
0.817751  0.796788  0.168938  
0.290962  0.320944  3.09026  
0.0699515  0.676795  3.74998  
0.202216  2.08824  0.774514  
0.162917  0.639865  2.95132  
0.183069  0.237282  3.68779  
0.204503  1.2854  1.63805  
0.307134  2.16779  0.0694747  
0.0699515  1.56884  2.49551  
0.351729  0.808924  1.80355  
0.184787  0.773503  2.49411  
0.0696844  3.71184  0.225513  
0.247739  0.0871147  4.08013  
0.0838555  0.512223  3.72326  
0.0699515  1.55107  2.50554  
0.145561  1.39072  2.03523  
1.13378  0.108874  1.30108  
0.0955432  0.33673  4.08013  
1.31132  0.220314  0.437122  
0.513881  0.120824  2.89251  
0.353605  0.23247  3.10332  
0.415387  1.54264  0.290594  
0.126814  1.87868  1.30594  
0.213041  2.20996  0.37989  
0.28502  2.03174  0.171004  
0.1518  0.19067  4.08013  
1.63551  0.14381  0.0753151  
0.445397  0.58934  1.93548  
0.515898  0.595478  1.48298  
0.0699515  1.2584  3.02456  
1.01355  0.557453  0.138396  
0.0696844  2.66472  1.29159  
1.05884  0.418342  0.43524  
0.186631  0.638722  2.71651  
0.168389  0.837114  2.48874  
0.430041  0.194263  2.82399  
0.0696844  2.15771  2.07193  
0.0699515  0.572763  4.00938  
0.983708  0.148795  1.4055  
0.414826  0.727573  1.62923  
0.476581  1.27821  0.575539  
0.348685  1.01229  1.32893  
0.213982  0.160848  3.74855  
0.732761  0.784775  0.58752  
0.926214  0.514298  0.635626  
0.886964  0.256746  1.28925  
0.624288  0.531609  1.29632  
0.582956  0.141607  2.50554  
0.396066  1.38862  0.844669  
0.280423  1.05539  1.59666  
0.958133  0.101248  1.95672  
0.826216  0.21415  1.59666  
0.286297  0.500359  2.51059  
0.340423  1.64897  0.565495  
1.74596  0.0777258  0.283275  
0.697358  0.260052  1.97014  
1.14272  0.289969  0.741449  
0.446445  1.7044  0.0697367  
0.186036  2.47138  0.173524  
1.37833  0.145024  0.77287  
0.633119  0.367619  1.74549  
0.245621  2.39075  0.0698886  
0.329989  0.862224  1.78977  
0.273338  1.85798  0.618576  
0.225967  0.442423  3.08331  
0.923036  0.784263  0.0694798  
0.361161  1.83576  0.106697  
0.639747  0.0819999  2.71651  
0.588351  1.06796  0.479878  
0.0696844  3.98699  0.0719158  
1.22048  0.339546  0.178861  
0.0696844  3.28732  0.958059  
2.04206  0.069494  0.0697063  
1.55601  0.106124  0.485111  
1.39654  0.239502  0.112477  
0.679204  0.977958  0.258435  
0.384336  0.0694656  3.71797  
0.0763439  0.137389  4.93937  
0.127184  0.0711498  4.91264  
0.423848  0.298907  2.49206  
0.546999  1.25143  0.229852  
0.6337  0.8819  0.825952  
0.319619  0.353073  2.72279  
0.866641  0.6741  0.297809  
0.231739  1.29502  1.41282  
0.169573  1.52859  1.43645  
0.537597  0.425134  2.03332  
0.212818  1.47963  1.29096  
0.0696844  3.49127  0.578701  
1.15779  0.481504  0.0709393  
0.11979  1.65527  1.73662  
0.514971  1.39802  0.12275  
0.101656  1.07845  2.54783  
0.142341  2.37257  0.878293  
0.205134  2.04925  0.841437  
0.108319  0.88021  2.89167  
0.795029  0.0695692  2.51337  
0.0696844  2.3884  1.59666  
0.72049  0.377855  1.345  
0.515993  1.0957  0.866184  
0.14879  2.57772  0.345162  
1.26366  0.0704779  1.41398  
0.783942  0.874846  0.127036  
0.142907  0.314913  3.6944  
0.785352  0.633351  0.878293  
0.156119  2.81083  0.0758799  
0.209234  1.16345  1.93357  
0.0699515  0.0699515  6.06995  
0.67318  1.14039  0.0755783  
0.457292  0.815713  1.29095  
0.132454  0.705502  3.1035  
1.46882  0.224665  0.0757056  
0.0699515  0.638042  3.82235  
0.279359  1.84278  0.600631  
0.143754  0.314777  3.69235  
0.147633  2.54091  0.43093  
0.966896  0.717797  0.0695851  
0.402517  1.37511  0.831548  
0.271818  0.492737  2.56849  
0.717356  0.41096  1.30014  
0.307246  0.355982  2.79188  
0.483078  1.28862  0.499622  
0.0696844  2.40498  1.56702  
0.0839927  0.516587  3.71638  
0.517318  0.47282  1.94685  
0.30794  2.03248  0.0979742  
0.141343  2.34084  0.956115  
0.201139  0.704551  2.51015  
0.612516  0.912033  0.850844  
0.0696844  3.39337  0.767056  
0.0696844  3.96904  0.0736914  
0.3479  1.80029  0.188355  
0.12601  0.0709703  4.92174  
0.562422  0.155512  2.50559  
0.507955  0.705992  1.30303  
1.32028  0.188735  0.639166  
1.97436  0.0695462  0.0867807  
0.102739  1.11288  2.50731  
0.0696844  2.16708  2.05291  
0.247434  0.0894513  4.04725  
1.70201  0.0789817  0.394222  
1.08797  0.0831667  1.66157  
0.778993  0.0696763  2.53354  
0.78654  0.725895  0.503707  
1.5363  0.141362  0.215283  
0.421353  1.53617  0.270684  
0.0699515  1.54406  2.51011  
0.436671  1.74919  0.0694777  
1.27213  0.298801  0.179556  
0.773988  0.910259  0.106476  
1.06673  0.503448  0.131891  
0.216417  0.15729  3.75053  
0.381345  0.0695479  3.71486  
0.140371  0.203005  4.14082  
0.690675  1.12806  0.0715762  
0.884833  0.672904  0.234714  
0.282275  0.935129  1.94581  
0.416018  0.318771  2.48345  
0.830032  0.588135  0.821422  
0.0696844  2.67782  1.28695  
0.182339  1.2313  2.02608  
0.705841  0.83644  0.554403  
0.0699515  1.29392  2.93129  
0.3051  1.1718  1.29289  
0.247746  2.1881  0.16336  
0.401912  0.894028  1.32257  
1.47907  0.104261  0.821422  
0.156789  1.48258  1.65311  
0.655487  1.00282  0.302069  
0.119256  1.63829  1.78678  
0.189558  2.65769  0.0701802  
0.188113  2.38574  0.278412  
0.36607  0.828065  1.63272  
0.578126  1.19375  0.215003  
0.450444  0.633383  1.72686  
0.246375  1.11977  1.70352  
0.907825  0.222601  1.31631  
0.155335  0.643436  3.02892  
0.218263  0.452845  3.11177  
1.13279  0.122246  1.27623  
0.743144  0.279178  1.61711  
0.517705  1.44003  0.087446  
0.634877  0.357748  1.78472  
0.959911  0.128621  1.63625  
0.220651  1.3404  1.40344  
0.0958757  0.342204  4.04725  
1.76446  0.114392  0.069473  
1.2814  0.0701081  1.3788  
0.126069  1.85499  1.32637  
0.790902  0.178187  2.02608  
0.575077  0.535784  1.40427  
0.952897  0.445641  0.821422  
1.06031  0.333573  0.871234  
0.210375  2.06874  0.733708  
0.518953  1.11602  0.784297  
0.0696844  3.65311  0.302069  
0.140515  0.840103  2.61261  
0.154615  2.763  0.0932247  
0.364655  0.218571  3.11049  
0.0699515  0.0699515  6.06995  
0.073063  0.153274  4.93937  
0.462894  0.16988  2.79086  
0.337298  1.59206  0.747013  
1.20624  0.256297  0.657044  
0.575589  0.0988869  2.79086  
0.339941  0.721838  2.17904  
1.29752  0.359129  0.0703798  
0.934405  0.558509  0.403372  
0.176876  1.64386  1.28631  
0.0964517  0.912894  3.00744  
1.1233  0.400716  0.253297  
0.203147  1.2221  1.82763  
0.148198  2.55889  0.387866  
0.879859  0.707445  0.171235  
0.174983  1.6585  1.28407  
0.206138  0.170855  3.74865  
0.43448  0.759028  1.4341  
0.248729  0.0924888  3.99489  
0.691192  1.01941  0.143114  
0.482608  0.142021  2.88506  
0.300614  2.0994  0.0801568  
1.26348  0.283125  0.264712  
0.0699515  1.28483  2.95475  
0.309583  0.470179  2.49552  
1.00697  0.607671  0.087669  
0.388101  1.45253  0.725825  
0.910916  0.226922  1.304  
1.06697  0.466066  0.21827  
0.0699515  1.56882  2.49552  
0.619488  1.2478  0.0752828  
0.328321  0.316755  2.82179  
0.286454  1.94143  0.308119  
1.69322  0.0756854  0.516175  
1.45501  0.108548  0.860579  
0.571269  1.14749  0.349946  
0.223322  1.38063  1.33672  
0.0696844  2.13052  2.12563  
0.372197  0.200605  3.17532  
0.384062  0.0694683  3.71756  
0.852001  0.51713  0.996417  
0.759293  0.370014  1.29367  
0.543595  0.183681  2.48435  
1.3948  0.173859  0.439468  
1.00758  0.119399  1.52952  
0.118751  1.62222  1.83511  
1.22643  0.21611  0.846603  
0.806731  0.660721  0.651468  
0.375598  1.00012  1.28658  
0.416281  0.267725  2.56491  
0.18503  2.27331  0.543022  
1.76606  0.114246  0.0694689  
0.539429  0.663568  1.29367  
1.59529  0.12532  0.177917  
1.24254  0.413305  0.0697145  
0.506875  1.40588  0.134629  
0.0696844  2.68331  1.28521  
0.199418  2.61621  0.070033  
0.596479  0.50111  1.41512  
0.218853  2.05441  0.679275  
0.255804  0.363602  3.17532  
0.133752  0.778894  2.8375  
0.142125  2.3657  0.895633  
0.706378  0.744797  0.888173  
0.0699515  0.638042  3.82235  
0.412233  1.57596  0.24465  
0.155186  2.78117  0.0848605  
0.0827829  0.413553  4.01197  
0.26914  1.79193  0.824218  
0.74668  0.827287  0.364278  
0.125939  1.85086  1.33053  
0.357736  1.78112  0.175116  
1.99971  0.0694752  0.0780659  
1.28249  0.0701565  1.37392  
0.465684  1.30334  0.574976  
0.52491  0.44537  2.02023  
0.2833  1.10975  1.44997  
0.160717  0.609643  3.09077  
0.630479  0.926067  0.689565  
0.139188  0.222389  4.03195  
0.75699  0.24624  1.73491  
1.11793  0.0929816  1.42078  
0.457357  0.591948  1.84079  
0.616706  0.0928583  2.67339  
0.21906  2.34821  0.131241  
1.14488  0.339518  0.439468  
0.154501  1.46564  1.72279  
0.0696844  2.40671  1.564  
0.0955267  0.883471  3.11979  
0.073063  0.153274  4.93937  
0.0699515  3.66967  0.279552  
0.123814  0.0716046  4.92174  
0.905561  0.568102  0.507489  
1.00448  0.409581  0.741882  
0.190514  0.740793  2.50578  
0.101817  1.08357  2.54061  
0.337236  0.849022  1.77684  
0.386399  0.66754  2.04434  
1.50652  0.193976  0.0845849  
0.769854  0.0697399  2.54803  
0.651292  0.350719  1.72472  
0.221944  0.510082  2.83866  
0.0699515  0.0699515  6.06995  
0.515859  1.09813  0.859739  
0.0696844  3.97126  0.0734338  
0.117254  0.372205  3.71336  
0.442896  1.73026  0.0694845  
0.870182  0.153265  1.83148  
0.0696844  3.40653  0.741882  
0.834691  0.894405  0.0701437  
0.33891  1.57046  0.795217  
0.255233  0.979577  2.04188  
