1.41892  3.88055  
1.78623  3.81568  
1.94316  3.36114  
1.62372  4.19283  
1.73525  4.0068  
1.63215  3.67301  
1.55995  3.80503  
1.23728  4.24306  
2.25735  2.81144  
1.89306  3.3425  
2.53193  2.9176  
1.84136  3.29973  
1.84019  3.51833  
1.74244  3.8356  
2.21284  3.53049  
1.70937  3.84677  
1.77503  3.62794  
1.62168  3.50777  
1.58878  4.08101  
1.65788  4.33166  
2.27071  3.64334  
2.03185  3.50415  
2.32934  3.12853  
1.64255  3.92473  
2.06661  3.79868  
1.88407  3.38035  
1.48838  4.00212  
1.84255  3.30826  
1.43055  4.0874  
2.40774  2.92037  
2.39273  2.6534  
2.33692  2.99266  
2.28104  3.74443  
2.43856  2.89883  
1.62248  3.95587  
2.11494  3.47  
1.58816  4.01206  
1.74145  3.54777  
2.28127  2.68027  
1.3358  4.61914  
2.26712  3.31766  
1.81099  3.69184  
1.55421  3.86308  
1.3904  4.20589  
2.46632  3.1765  
2.10326  3.29174  
2.14142  3.12918  
2.4787  2.98278  
2.03144  3.37912  
2.02654  2.90578  
2.72864  2.36808  
2.41095  2.81281  
2.65556  2.93987  
2.54357  2.6618  
1.33333  4.12619  
1.4094  4.22735  
2.54565  3.00132  
2.67317  2.25156  
1.06692  4.23009  
1.49608  3.99688  
1.52264  3.94957  
2.34434  3.26523  
2.60182  2.35928  
1.87107  3.98771  
1.66958  3.741  
1.57191  3.90027  
2.40983  3.14289  
2.14114  2.59711  
2.5896  2.54  
2.82957  1.15288  
1.81368  3.60647  
1.1829  4.19491  
2.3202  2.86658  
2.02171  3.58762  
1.80884  3.70027  
2.58064  2.85146  
1.79338  3.72896  
1.83063  3.5778  
1.91209  3.27332  
2.08076  3.01654  
1.20545  4.3375  
1.69131  3.99835  
2.10416  3.53242  
2.35763  3.07113  
2.55997  2.70825  
1.47993  3.86346  
1.55347  3.82955  
2.26602  2.02973  
1.78102  3.4909  
2.49786  2.6519  
2.40622  3.21482  
1.81175  3.90921  
1.762  4.0436  
2.73226  2.55162  
1.7415  4.12171  
2.14911  3.15679  
1.86878  3.65633  
1.83715  3.62954  
2.38808  2.82502  
1.74173  3.73128  
1.70901  2.2897  
2.05675  1.36217  
0.419385  4.0555  
2.09882  1.05348  
0.529558  4.00543  
1.11412  3.38651  
1.34515  2.96734  
0.996575  3.55646  
2.07412  1.2475  
2.09048  1.12787  
0.872378  3.69851  
0.177818  4.11858  
1.52551  2.74336  
1.03784  3.50039  
2.17113  0.772363  
1.82787  2.12278  
0.947153  3.61465  
2.11561  0.898174  
1.8671  1.97671  
1.95462  1.60266  
2.10791  0.972428  
0.445767  4.04213  
1.90292  1.83688  
1.01853  3.5269  
1.58368  2.62171  
2.08198  1.18963  
0.247997  4.10316  
0.778902  3.79673  
2.12398  0.876345  
0.908149  3.65956  
1.07171  3.45039  
0.579551  3.96654  
2.0662  1.30334  
1.98355  1.57274  
1.35905  2.93878  
0.502849  4.01713  
1.32961  3.00363  
0.92687  3.63888  
1.16697  3.28765  
1.27264  3.09177  
1.31599  3.03787  
2.20064  0.200639  
1.41804  2.82458  
1.62857  2.50988  
1.67553  2.38366  
0.47704  4.02975  
0.37643  4.06649  
1.64801  2.45941  
1.56104  2.67324  
0.890865  3.67825  
1.2331  3.16509  
1.20259  3.222  
0.85041  3.72191  
0.608326  3.94613  
1.94231  1.66276  
2.19501  0.496439  
2.15121  0.832089  
0.756666  3.82047  
1.39678  2.86816  
0.30992  4.084  
1.85295  2.02865  
1.81608  2.15883  
1.2975  3.06226  
1.80296  2.20097  
1.05507  3.47482  
1.18579  3.25235  
0.684468  3.88597  
1.4653  2.79882  
1.50634  2.77001  
1.91721  1.77494  
1.3802  2.90246  
0.630767  3.92948  
0.802139  3.77212  
0.554428  3.98477  
2.03186  1.48333  
0.971565  3.58512  
1.83999  2.08036  
0.707472  3.86746  
0.658499  3.90791  
1.59665  2.58973  
2.04654  1.42374  
1.93067  1.71807  
1.14573  3.32652  
1.72397  2.24335  
1.21792  3.19361  
0.826505  3.74584  
1.61369  2.54832  
1.8898  1.8905  
1.69646  2.32435  
2.18792  0.653184  
1.09452  3.41802  
2.01413  1.53328  
1.12834  3.36238  
1.54506  2.70639  
1.87861  1.93372  
1.42536  2.80973  
1.66204  2.42093  
0.133872  4.13387  
1.24943  3.13013  
0.732684  3.84452  
0.373963  4.05875  
1.92995  1.71736  
2.12698  0.872551  
0.867947  3.69872  
1.34673  2.96118  
1.58299  2.62114  
1.23591  3.15432  
1.66164  2.42052  
0.565205  3.96738  
1.80254  2.20055  
1.94168  1.66191  
0.99527  3.55471  
1.62806  2.50937  
2.09861  1.0538  
0.49786  4.00422  
1.70837  2.28907  
1.85305  2.02688  
1.42457  2.80923  
1.18297  3.2544  
0.223366  4.10604  
1.16463  3.28673  
1.54457  2.70589  
1.29412  3.0618  
0.91127  3.65401  
2.05635  1.3625  
2.07302  1.25218  
1.46456  2.79808  
0.160082  4.1206  
1.52471  2.74257  
2.06393  1.31341  
1.38187  2.89624  
0.972248  3.58305  
2.2003  0.200302  
0.930065  3.63377  
1.20258  3.21617  
2.11536  0.895908  
1.0529  3.47529  
0.661357  3.89657  
1.08953  3.41479  
1.72321  2.24259  
1.12957  3.34862  
2.04739  1.41754  
2.00699  1.54626  
0.798491  3.76529  
2.17086  0.772101  
0.775804  3.78869  
1.21997  3.18478  
1.10799  3.3834  
1.98224  1.57223  
0.420043  4.04058  
1.67526  2.38339  
0.590789  3.95002  
1.87802  1.9335  
0.848674  3.72016  
0.133225  4.13322  
2.19484  0.496475  
1.27248  3.08867  
2.10679  0.980953  
1.84036  2.07351  
1.88921  1.8898  
1.01703  3.52595  
1.90463  1.82809  
0.948228  3.61238  
0.75253  3.81375  
1.2521  3.12172  
2.18773  0.649946  
1.56085  2.67305  
0.684907  3.87772  
1.91689  1.77463  
2.03428  1.47006  
0.280144  4.09041  
1.82809  2.11593  
1.33117  2.99593  
0.612911  3.93359  
1.6474  2.45887  
2.08896  1.13428  
1.86649  1.97756  
1.59608  2.58916  
2.08042  1.19781  
1.50565  2.76949  
1.61301  2.54763  
0.730166  3.83524  
0.707609  3.85593  
0.454686  4.02457  
2.15108  0.83181  
1.07307  3.44317  
1.69316  2.33218  
1.95416  1.6022  
0.636794  3.91574  
1.03765  3.49848  
2.02003  1.51368  
0.890287  3.67575  
1.36076  2.93434  
1.31777  3.02752  
0.321521  4.07596  
0.539271  3.98527  
1.1471  3.31974  
1.39792  2.86528  
0.825796  3.73992  
1.81546  2.15877  
1.56051  2.67271  
1.54444  2.70577  
0.220218  4.10636  
0.55807  3.97124  
0.631394  3.91991  
1.07346  3.43847  
0.950231  3.60973  
2.03497  1.46512  
0.608126  3.93617  
1.36133  2.93358  
2.11516  0.895705  
1.94156  1.66184  
1.21924  3.18506  
0.584266  3.95369  
1.8286  2.11296  
2.17074  0.771973  
0.910905  3.6544  
1.34536  2.96376  
1.2726  3.08715  
0.972522  3.58243  
1.84192  2.06699  
2.04766  1.41535  
0.930823  3.63298  
0.72789  3.83482  
1.03489  3.49676  
1.01807  3.52448  
0.273409  4.09255  
1.50494  2.76984  
1.25171  3.12143  
1.85435  2.02196  
0.683965  3.87591  
2.0979  1.05925  
0.824732  3.73909  
0.889889  3.67596  
1.09292  3.40685  
1.05412  3.47211  
1.95403  1.60207  
0.413022  4.04283  
0.658537  3.89783  
1.92972  1.71712  
2.07242  1.25577  
1.87701  1.93711  
1.38215  2.89459  
0.753235  3.81116  
0.777758  3.7855  
0.847688  3.72091  
1.13085  3.34477  
1.69292  2.33194  
2.20013  0.20013  
1.42435  2.809  
1.76153  2.21995  
2.06402  1.31243  
1.39851  2.86419  
1.2356  3.15308  
1.91784  1.76965  
0.45435  4.02415  
1.29454  3.0605  
0.868558  3.69782  
0.373106  4.05839  
1.31691  3.02752  
0.126394  4.1262  
1.72317  2.24255  
2.10682  0.978439  
0.800026  3.76247  
2.08875  1.13395  
1.46447  2.79799  
1.14778  3.31532  
1.86626  1.97758  
1.16445  3.28646  
1.97989  1.57448  
2.15099  0.831719  
1.1842  3.25065  
1.90285  1.83451  
1.20236  3.2146  
1.11305  3.37338  
1.59597  2.58905  
0.322494  4.07521  
1.88924  1.88972  
0.994239  3.55572  
1.66156  2.41989  
1.67497  2.3831  
2.12676  0.872139  
0.704298  3.85657  
0.526693  3.98969  
1.58279  2.62094  
2.00542  1.5426  
1.62795  2.50926  
1.61286  2.54749  
0.16179  4.12063  
1.70816  2.28886  
2.1875  0.650605  
1.52451  2.74237  
2.19456  0.500649  
0.493005  4.00599  
2.02147  1.50856  
1.33207  2.99406  
1.64728  2.45875  
1.81564  2.15795  
2.08052  1.20124  
2.05623  1.36279  
1.70802  2.28872  
1.86617  1.97776  
1.62788  2.50919  
2.00472  1.54334  
1.85466  2.02074  
1.38214  2.89434  
1.11279  3.37372  
1.91568  1.7788  
0.848668  3.71956  
1.9415  1.66174  
0.681302  3.8777  
2.05454  1.37307  
2.06419  1.31143  
1.61272  2.54735  
1.69282  2.33184  
1.16588  3.28346  
0.914061  3.65234  
1.31505  3.03052  
0.752399  3.81172  
1.39711  2.86619  
0.52493  3.99033  
1.09724  3.4025  
2.02183  1.50817  
2.10743  0.97239  
0.454079  4.02416  
1.92956  1.71696  
1.25154  3.12116  
1.84174  2.06728  
1.66153  2.41974  
2.2001  0.200102  
1.78934  2.18929  
0.994371  3.55589  
2.09868  1.05219  
0.605342  3.93836  
1.90155  1.84098  
1.81521  2.15835  
0.581997  3.955  
1.59585  2.58893  
1.52445  2.74231  
2.11515  0.895701  
2.19456  0.499224  
0.727898  3.83525  
1.23575  3.15253  
1.67486  2.38299  
2.03514  1.46395  
1.05718  3.46138  
0.655402  3.89829  
0.631601  3.91908  
1.27226  3.08727  
0.933257  3.62943  
0.889979  3.67555  
0.413346  4.04244  
1.54436  2.70569  
1.20217  3.21514  
0.372839  4.0584  
0.868786  3.69737  
0.825072  3.73824  
2.12672  0.871874  
1.29322  3.06206  
0.203812  4.11008  
2.04679  1.41999  
0.779144  3.78305  
1.72308  2.24246  
1.18474  3.24927  
1.07783  3.43042  
0.556533  3.9719  
2.1706  0.771841  
1.88911  1.88941  
2.15099  0.831713  
1.03291  3.49788  
0.951626  3.60764  
1.01411  3.52448  
1.64715  2.45862  
0.272278  4.09187  
0.492584  4.00606  
1.3303  2.99702  
1.14655  3.3163  
1.13015  3.3465  
1.56038  2.67259  
2.08955  1.12734  
0.322418  4.0752  
0.703777  3.85655  
0.972365  3.58228  
1.57621  2.63666  
1.98112  1.57258  
1.87739  1.9352  
0.125031  4.12503  
2.08064  1.19549  
1.50511  2.76933  
0.802069  3.75967  
1.9539  1.60194  
2.0723  1.25574  
2.18733  0.651955  
1.82868  2.11233  
1.35969  2.93481  
1.34409  2.96619  
1.46441  2.79793  
1.21845  3.18697  
1.76121  2.21963  
1.42427  2.80892  
0.992012  3.55586  
1.35936  2.93523  
1.56021  2.67241  
0.60681  3.93697  
0.71  3.85133  
1.16655  3.28179  
1.21888  3.18583  
0.732973  3.82915  
1.2509  3.12171  
2.0215  1.50727  
0.930861  3.62723  
1.85435  2.02159  
1.62781  2.50912  
2.07256  1.25334  
0.655324  3.89753  
1.67483  2.38296  
0.758647  3.80386  
1.92955  1.71696  
2.04687  1.41927  
1.57602  2.63645  
1.87726  1.93543  
1.86615  1.97774  
1.31381  3.03306  
1.72303  2.24241  
1.84129  2.07048  
1.98096  1.57269  
0.80254  3.759  
1.69281  2.33183  
1.13035  3.34572  
1.5244  2.74226  
2.11511  0.89566  
1.11127  3.37537  
1.27185  3.08765  
2.1074  0.972227  
0.630622  3.91865  
2.15099  0.831711  
1.66151  2.41972  
1.01137  3.52847  
2.17057  0.771808  
1.03067  3.50033  
1.39854  2.86443  
1.34421  2.965  
1.78897  2.18937  
0.849593  3.71528  
1.61261  2.54724  
1.14763  3.31391  
2.18761  0.645464  
0.954382  3.60437  
0.890229  3.6751  
0.828273  3.73448  
1.82829  2.114  
1.76119  2.21961  
0.9725  3.58211  
1.54432  2.70564  
1.94145  1.66169  
1.95389  1.60193  
2.08072  1.19509  
0.683116  3.87593  
1.32947  2.99879  
0.317015  4.07672  
0.491801  4.00659  
0.198802  4.11148  
0.37206  4.05826  
2.00407  1.54399  
2.09909  1.0482  
1.90041  1.84728  
1.50512  2.76911  
0.87016  3.69629  
1.05312  3.46739  
0.12493  4.12493  
2.12664  0.871794  
0.91069  3.65326  
1.70782  2.28859  
1.23481  3.15411  
0.267726  4.09234  
2.20009  0.20009  
0.557423  3.97103  
2.19452  0.499105  
1.64704  2.45851  
1.42424  2.8089  
1.59582  2.58891  
1.18425  3.25036  
0.45197  4.02514  
0.413365  4.04221  
1.81518  2.15833  
2.03497  1.46414  
1.29165  3.06288  
2.08963  1.12623  
1.09168  3.40913  
1.46436  2.79788  
0.780506  3.78092  
1.88905  1.88935  
2.06332  1.31637  
1.38193  2.89512  
1.07252  3.4371  
1.91472  1.78233  
0.525492  3.98985  
0.58203  3.95336  
2.05459  1.37222  
1.20018  3.21851  
0.630343  3.91844  
1.64703  2.4585  
0.729395  3.83276  
1.87689  1.93685  
1.98089  1.57273  
1.70781  2.28857  
1.78896  2.18941  
1.95386  1.6019  
2.18701  0.655353  
1.6928  2.33182  
1.40095  2.86134  
1.13078  3.34476  
0.830887  3.73255  
0.194925  4.11183  
1.82891  2.11144  
1.7611  2.21952  
1.11144  3.37501  
0.871979  3.69063  
1.9032  1.8317  
1.5958  2.58888  
0.931779  3.62586  
1.36009  2.93424  
1.0289  3.5027  
2.19451  0.4991  
0.804391  3.75723  
0.706556  3.85332  
1.38246  2.89338  
0.451354  4.02542  
0.777981  3.78441  
1.57592  2.63625  
0.260645  4.09452  
2.0897  1.12568  
1.94144  1.66169  
0.97313  3.58121  
1.15098  3.30802  
1.21871  3.18604  
0.315358  4.07713  
2.02267  1.50403  
1.09224  3.40682  
1.91652  1.77487  
1.07196  3.4374  
0.365903  4.06038  
0.554286  3.97292  
0.580868  3.95417  
0.487255  4.00868  
2.0551  1.36897  
0.752598  3.81147  
1.54427  2.7056  
1.66149  2.4197  
1.27198  3.08729  
1.23514  3.15334  
0.124795  4.1248  
2.10735  0.972681  
2.12656  0.87172  
0.654035  3.89796  
1.31591  3.02845  
1.16772  3.27948  
2.20009  0.200087  
0.851323  3.71273  
2.0808  1.19426  
1.84233  2.06507  
0.892706  3.66956  
2.15097  0.831687  
2.04757  1.41496  
1.6278  2.50886  
1.6126  2.54723  
2.06278  1.3198  
1.01237  3.5267  
0.992828  3.55307  
1.81751  2.15046  
2.1705  0.771736  
2.00506  1.54134  
1.201  3.21693  
1.6748  2.38293  
1.25114  3.12158  
2.1151  0.89565  
1.85309  2.02595  
1.4242  2.80882  
0.413144  4.04219  
1.3303  2.99648  
1.92954  1.71694  
1.1855  3.24885  
0.523827  3.99019  
0.951586  3.6028  
1.72302  2.2424  
1.52437  2.74222  
1.86585  1.97885  
0.912354  3.64803  
1.46432  2.79784  
2.03577  1.46094  
1.88901  1.88932  
0.679385  3.87678  
0.606439  3.93721  
1.50505  2.76904  
2.07246  1.25397  
2.09866  1.05176  
1.56017  2.6722  
1.29081  3.06377  
1.05151  3.47102  
1.3452  2.96231  
1.42419  2.80882  
1.29049  3.06432  
0.803207  3.75842  
1.2711  3.09117  
1.20095  3.21672  
1.91668  1.7739  
1.87649  1.93871  
2.08075  1.1942  
0.259456  4.09483  
1.70773  2.28849  
1.01255  3.52657  
2.15095  0.831672  
1.18529  3.24786  
1.47641  2.7918  
1.03015  3.5008  
2.05306  1.38144  
1.92952  1.71692  
0.649035  3.90217  
1.64703  2.4585  
0.826559  3.73617  
1.76106  2.21948  
1.23373  3.15623  
1.66146  2.41968  
1.85362  2.02403  
0.4885  4.00791  
2.20008  0.200076  
1.97914  1.57449  
1.09278  3.40572  
1.78865  2.18906  
0.705293  3.8546  
0.124532  4.12453  
2.00438  1.54175  
0.365934  4.06019  
1.13173  3.34282  
0.678804  3.8771  
0.911615  3.64863  
2.19449  0.499159  
2.0629  1.31886  
1.21595  3.18767  
0.973497  3.5806  
0.893389  3.66786  
1.88899  1.88929  
2.08909  1.13029  
1.9414  1.66164  
0.60293  3.93961  
1.95381  1.60185  
1.6748  2.38293  
1.4027  2.85865  
1.14922  3.31144  
2.17049  0.771725  
0.777745  3.78402  
0.450918  4.02587  
1.90315  1.83178  
0.523689  3.99015  
1.61256  2.54719  
0.931957  3.62535  
1.54424  2.70557  
1.57586  2.6362  
2.02325  1.50249  
1.05014  3.47044  
2.10687  0.977182  
0.87103  3.69067  
1.50497  2.76896  
0.951729  3.60239  
1.84236  2.06549  
0.992212  3.55332  
1.36042  2.93373  
1.56023  2.67199  
1.52436  2.74221  
2.18706  0.654247  
2.12656  0.87172  
1.31452  3.03252  
0.576806  3.95715  
2.09863  1.05194  
0.754229  3.80791  
2.07245  1.25396  
1.86578  1.97902  
1.81749  2.15067  
0.413384  4.04213  
1.16713  3.2804  
0.191784  4.11239  
1.38592  2.88694  
2.037  1.45669  
0.729827  3.83186  
0.552776  3.97404  
2.11509  0.895635  
1.69279  2.33181  
1.82979  2.10833  
1.59578  2.58886  
1.1121  3.37406  
1.34517  2.96267  
1.72301  2.24239  
1.62772  2.50881  
0.624329  3.92135  
1.07152  3.43756  
1.33145  2.99536  
1.37599  2.90994  
0.315829  4.07688  
0.850657  3.71243  
1.251  3.12137  
0.523477  3.99012  
1.13244  3.34203  
1.5442  2.70552  
2.08909  1.13029  
1.66146  2.41968  
2.20007  0.200074  
0.626614  3.91855  
1.16504  3.28431  
1.82973  2.10839  
0.597617  3.93979  
0.801081  3.76101  
2.08012  1.19911  
1.11185  3.37437  
1.05135  3.46816  
0.489784  4.00716  
1.47636  2.79174  
1.76102  2.21944  
1.07372  3.4355  
1.87626  1.93897  
1.31572  3.02895  
1.34579  2.96093  
2.00444  1.54125  
1.86588  1.97867  
0.870865  3.69077  
1.81873  2.14683  
1.42415  2.80878  
2.11508  0.895631  
0.930346  3.6274  
0.82118  3.74118  
2.15092  0.831643  
1.69279  2.33181  
1.85308  2.02673  
2.17085  0.770893  
1.52433  2.74219  
1.61253  2.54716  
0.778062  3.78346  
1.88899  1.88929  
1.23329  3.15692  
0.843834  3.71857  
1.28994  3.06467  
2.09845  1.05319  
1.01455  3.52346  
0.574624  3.95875  
1.64702  2.45849  
1.92949  1.71689  
0.124429  4.12443  
2.07163  1.26008  
1.0913  3.4089  
0.365925  4.06018  
1.19789  3.22348  
0.751173  3.81037  
1.90293  1.83257  
2.18419  0.703896  
1.14826  3.31289  
1.62772  2.50881  
1.723  2.24238  
1.21567  3.1884  
2.03914  1.44851  
0.973181  3.57753  
0.454339  4.02387  
0.700438  3.85828  
1.56019  2.67195  
0.729571  3.83219  
1.38385  2.8896  
0.193489  4.11188  
0.551065  3.97424  
2.05132  1.38794  
0.893408  3.66741  
0.314172  4.0776  
2.19563  0.466165  
2.18989  0.603158  
1.78856  2.18897  
0.951943  3.60216  
1.03011  3.50062  
1.97902  1.57466  
0.992183  3.55232  
1.40331  2.85808  
2.06105  1.33059  
2.12655  0.871713  
2.02438  1.49866  
1.18272  3.25372  
1.36133  2.93298  
1.84235  2.06484  
1.70769  2.28856  
1.25102  3.1222  
1.9538  1.60184  
1.91708  1.77233  
0.672357  3.88264  
1.59574  2.58882  
1.50496  2.76894  
2.10704  0.975596  
0.411895  4.0428  
1.27096  3.08985  
0.910603  3.64969  
0.259597  4.09455  
1.33127  2.99527  
1.9414  1.66164  
0.647964  3.90319  
1.67479  2.38292  
1.57582  2.63615  
1.40531  2.8559  
1.59573  2.58882  
1.9538  1.60184  
1.7885  2.18892  
1.9414  1.66164  
2.09808  1.05669  
2.18407  0.704465  
2.19562  0.466001  
2.17098  0.767702  
0.989396  3.55511  
0.650158  3.9019  
2.15092  0.831643  
2.18986  0.603129  
0.841877  3.71997  
1.64701  2.45848  
1.92948  1.71688  
1.12786  3.35014  
2.12654  0.871698  
1.16538  3.2836  
0.314612  4.07732  
1.88895  1.88926  
1.31593  3.02828  
1.9794  1.57418  
2.04896  1.40112  
0.769695  3.79252  
1.61253  2.54716  
2.03867  1.44883  
1.70767  2.28854  
0.911668  3.6483  
1.19871  3.22149  
1.29151  3.06304  
2.00443  1.5407  
1.916  1.77681  
1.38426  2.88816  
1.50495  2.76894  
0.891671  3.6687  
0.676309  3.87943  
1.87624  1.93895  
1.8626  1.9918  
0.624381  3.91977  
1.18561  3.24928  
0.124389  4.12439  
1.90084  1.84146  
2.07957  1.20317  
1.47629  2.79168  
0.969633  3.5807  
1.23439  3.15196  
1.85361  2.02403  
0.448749  4.02693  
1.04972  3.47012  
1.84234  2.06477  
1.76097  2.21939  
2.0891  1.13013  
0.724148  3.8366  
1.42414  2.80876  
1.14653  3.31587  
0.373944  4.05858  
1.5442  2.70552  
1.52433  2.74218  
2.10704  0.975593  
0.412345  4.04254  
0.817856  3.74438  
1.62768  2.50881  
1.8192  2.1446  
1.67479  2.38292  
2.20006  0.200063  
2.11505  0.895596  
0.523357  3.99018  
0.25367  4.09669  
1.07105  3.43874  
1.72301  2.24236  
0.486628  4.00776  
0.700147  3.85893  
0.792829  3.76774  
1.36017  2.9339  
1.27179  3.08788  
1.10922  3.37894  
1.56014  2.6719  
0.57847  3.9525  
1.34612  2.96083  
0.932486  3.62534  
0.746999  3.81442  
1.08966  3.40948  
1.25105  3.12163  
1.66146  2.41967  
1.82993  2.10766  
1.21676  3.18599  
0.19304  4.11191  
1.03312  3.49883  
2.02331  1.50217  
0.952396  3.60114  
1.5758  2.63613  
1.00982  3.52677  
1.69278  2.3318  
0.60082  3.93683  
1.33115  2.99534  
0.548645  3.97443  
2.06163  1.32676  
0.869398  3.69231  
2.07022  1.26953  
2.09838  1.05458  
0.192919  4.1119  
1.16467  3.28495  
1.14498  3.3188  
1.05122  3.46781  
0.449766  4.02621  
0.625922  3.9188  
2.18402  0.704222  
1.38492  2.88673  
1.86416  1.98559  
0.549136  3.97326  
1.25095  3.12153  
1.01079  3.52345  
1.6125  2.54713  
1.36159  2.93254  
1.81919  2.14459  
1.76097  2.21939  
1.1288  3.34858  
2.07009  1.27033  
0.951967  3.60158  
2.19562  0.465722  
0.840567  3.72157  
1.03207  3.49752  
0.41353  4.04246  
1.47628  2.79167  
1.18036  3.25702  
1.27197  3.08866  
0.485955  4.00801  
1.92945  1.71686  
2.02191  1.50698  
2.11504  0.895588  
1.31466  3.03088  
0.676019  3.87956  
1.90255  1.83409  
2.17097  0.767694  
1.84231  2.06477  
0.523294  3.99015  
1.72301  2.24236  
1.83012  2.10691  
1.59572  2.5888  
1.67477  2.3829  
1.1076  3.38141  
1.69278  2.3318  
1.29195  3.06206  
0.124311  4.12431  
1.0884  3.41221  
2.20006  0.200063  
1.19472  3.2288  
2.05877  1.34569  
0.574861  3.95481  
1.34491  2.96352  
1.85364  2.02365  
0.699152  3.85937  
1.66141  2.41962  
1.95423  1.59976  
1.06988  3.44031  
1.50494  2.76892  
0.88878  3.67332  
1.9161  1.77613  
2.03858  1.44901  
1.9794  1.57418  
2.15086  0.832446  
1.33084  2.99529  
1.87623  1.93898  
0.816991  3.74556  
2.07899  1.20729  
1.54419  2.70549  
1.647  2.45847  
0.315062  4.07711  
2.12654  0.871696  
0.93211  3.62427  
1.40368  2.85742  
0.97213  3.5787  
1.94138  1.66163  
1.2328  3.15454  
0.792122  3.76891  
2.18968  0.610781  
0.991228  3.55225  
2.10703  0.975586  
2.0041  1.54104  
2.04951  1.39919  
1.70762  2.28849  
1.5243  2.74216  
2.08909  1.13012  
0.910059  3.65045  
1.56013  2.6719  
1.42414  2.80876  
0.651354  3.89965  
0.255946  4.09536  
1.21413  3.19114  
0.600678  3.93663  
1.62767  2.50881  
0.724441  3.83642  
1.88891  1.88921  
1.78849  2.18891  
0.861744  3.70148  
0.367578  4.05982  
0.767634  3.79407  
1.5758  2.63613  
0.744559  3.8167  
