3.321  0.264056  
0.323099  3.9711  
1.18444  3.72923  
0.792688  3.58729  
3.11557  1.22221  
0.741935  3.86532  
2.12722  1.70254  
4.07281  0.922685  
2.58678  1.38928  
3.10152  0.808698  
2.07846  2.25299  
0.875564  4.32219  
1.79245  3.15457  
0.730874  4.0416  
0.947364  3.21894  
2.63052  1.40689  
5.04899  0.258263  
2.3737  1.34226  
1.03883  2.99404  
2.74647  1.65011  
2.32847  1.12831  
1.12978  3.31492  
2.26908  1.54513  
2.84672  1.07719  
4.72788  0.0977593  
1.98482  2.67369  
1.95973  2.59812  
3.29201  0.897777  
2.65196  1.16072  
4.17207  0.200588  
0.596439  3.23102  
1.87194  2.55031  
0.0286996  3.75724  
4.71436  0.12459  
4.92815  0.159736  
0.437666  4.3107  
2.06965  2.65673  
1.47497  3.27132  
4.88697  0.371437  
4.8906  0.0617919  
0.205915  5.06218  
1.98005  1.9923  
1.65648  2.92226  
0.746657  3.14915  
2.25046  1.64938  
3.27043  1.10334  
2.35228  1.68599  
2.0399  2.82238  
0.0966937  4.41453  
2.55988  1.31707  
0.537674  4.10724  
3.06398  1.14424  
4.5964  0.490566  
0.913019  4.06506  
0.133017  3.96593  
2.14239  2.00239  
2.46628  0.711498  
4.06005  0.898603  
4.72914  0.196806  
0.580297  4.56651  
0.587485  3.44235  
0.410161  3.07239  
0.153011  3.39244  
2.25206  1.69209  
2.00253  1.52597  
2.34296  2.79122  
1.72613  2.93354  
2.15784  1.80709  
1.97706  2.33005  
1.87932  1.86702  
2.85466  1.60937  
0.233797  5.01938  
0.45959  4.79773  
2.57116  1.38303  
2.78135  1.23811  
3.22709  0.914616  
1.06212  3.95874  
4.49598  0.494471  
4.30736  0.317131  
4.09926  0.495228  
3.3553  1.34689  
0.183306  4.29693  
2.40767  2.75272  
3.12299  1.00043  
3.69285  0.813455  
0.980744  3.73858  
4.04041  0.433604  
4.3069  0.334732  
3.58284  0.948556  
1.25706  4.13204  
2.39973  2.53209  
2.02801  1.72354  
1.17372  4.06784  
2.3068  2.79338  
0.548447  3.67012  
1.19606  2.68266  
4.28442  0.340107  
0.939137  3.13587  
1.10228  3.3683  
3.90418  0.533241  
0.411776  0.588225  
0.223003  0.776999  
0.0663972  0.933605  
0.827181  0.172821  
0.156533  0.843469  
0.477069  0.522933  
0.322423  0.677578  
0.912968  0.0870344  
0.252894  0.747108  
0.356162  0.643841  
0.0588856  0.941116  
0.229997  0.770005  
0.438442  0.56156  
0.315412  0.68459  
0.080159  0.919843  
0.0440976  0.955904  
0.44644  0.553562  
0.273655  0.726346  
0.87123  0.128772  
0.149074  0.850927  
0.986572  0.0134295  
0.179617  0.820385  
0.965628  0.0343743  
0.856098  0.143903  
0.425389  0.574613  
0.934482  0.0655205  
0.800049  0.199953  
0.499966  0.500035  
0.294751  0.70525  
0.492474  0.507527  
0.343396  0.656606  
0.171311  0.82869  
0.92748  0.0725212  
0.40454  0.595462  
0.0941637  0.905838  
0.863672  0.136329  
0.820565  0.179436  
0.267288  0.732713  
0.806747  0.193254  
0.81332  0.186682  
0.920267  0.0797344  
0.201362  0.798639  
0.431513  0.56849  
0.237053  0.762949  
0.287214  0.712788  
0.993324  0.0066791  
0.0364886  0.963513  
0.0212782  0.978723  
0.215467  0.784535  
0.115117  0.884885  
0.848471  0.151531  
0.94224  0.0577612  
0.0144729  0.985529  
0.898775  0.101226  
0.00720229  0.992799  
0.0283485  0.971653  
0.142636  0.857365  
0.381235  0.618766  
0.35002  0.649982  
0.245641  0.75436  
0.398811  0.601192  
0.833157  0.166845  
0.336798  0.663203  
0.100605  0.899396  
0.949857  0.0501457  
0.0513116  0.94869  
0.194223  0.805779  
0.107985  0.892016  
0.884835  0.115166  
0.95797  0.0420316  
0.135146  0.864855  
1  0  
0.376805  0.623197  
0.363501  0.6365  
0.260414  0.739587  
0.390545  0.609456  
0.979896  0.0201046  
0.877751  0.12225  
0.973488  0.0265149  
0.484994  0.515008  
0.461794  0.538208  
0.905533  0.0944681  
0.418768  0.581233  
0.308509  0.691492  
0.301635  0.698366  
0.893374  0.106629  
0.369838  0.630164  
0.469053  0.530949  
0.128929  0.871072  
0.840865  0.159137  
0.0870498  0.912951  
0.121819  0.878182  
0.280605  0.719396  
0.187243  0.812758  
0.453995  0.546007  
0.20821  0.791792  
0.0732766  0.926725  
0.163405  0.836596  
0  1  
0.329765  0.670237  
0.15014  0.84986  
0.491416  0.508584  
0  1  
0.122313  0.877687  
0.397237  0.602763  
0.841927  0.158073  
0.271269  0.728731  
0.43889  0.56111  
1  0  
0.874832  0.125168  
0.955971  0.0440294  
0.941782  0.0582177  
0.0714408  0.928559  
0.390189  0.609811  
0.0791317  0.920868  
0.99257  0.00742975  
0.468351  0.531649  
0.894208  0.105792  
0.314357  0.685643  
0.335132  0.664868  
0.934876  0.0651245  
0.193665  0.806335  
0.24975  0.75025  
0.45356  0.54644  
0.0432082  0.956792  
0.278281  0.721719  
0.028999  0.971001  
0.157143  0.842857  
0.483125  0.516875  
0.222809  0.777191  
0.854398  0.145602  
0.129266  0.870734  
0.800009  0.199991  
0.0635272  0.936473  
0.0934764  0.906524  
0.880782  0.119218  
0.358586  0.641414  
0.0496296  0.95037  
0.829175  0.170825  
0.822474  0.177526  
0.301204  0.698796  
0.927923  0.0720768  
0.900803  0.0991972  
0.861683  0.138317  
0.962237  0.0377628  
0.42503  0.57497  
0.16431  0.83569  
0.201177  0.798823  
0.115475  0.884525  
0.321193  0.678807  
0.0221224  0.977878  
0.410803  0.589197  
0.264112  0.735888  
0.0562509  0.943749  
0.00782473  0.992175  
0.171761  0.828239  
0.807642  0.192358  
0.446112  0.553888  
0.887147  0.112853  
0.416768  0.583232  
0.4317  0.5683  
0.977821  0.0221794  
0.374293  0.625707  
0.32739  0.67261  
0.365885  0.634115  
0.18607  0.81393  
0.100785  0.899215  
0.178606  0.821394  
0.907597  0.0924026  
0.970701  0.0292992  
0.499965  0.500035  
0.461167  0.538833  
0.108442  0.891558  
0.815424  0.184576  
0.292465  0.707535  
0.0355914  0.964409  
0.136003  0.863997  
0.285274  0.714726  
0.868563  0.131437  
0.256906  0.743094  
0.948819  0.0511811  
0.38228  0.61772  
0.475615  0.524385  
0.404828  0.595172  
0.912676  0.0873237  
0.350882  0.649118  
0.985588  0.0144122  
0.341466  0.658534  
0.208675  0.791325  
0.0858113  0.914189  
0.143053  0.856947  
0.235679  0.764321  
0.215669  0.784331  
0.242828  0.757172  
0.0142062  0.985794  
0.835524  0.164476  
0.307995  0.692005  
0.848251  0.151749  
0.920692  0.0793079  
0.229098  0.770902  
0.0463084  0.953692  
0.394744  0.605256  
0.00788228  0.992118  
0.0744281  0.925572  
1  0  
0.298288  0.701712  
0.327161  0.672839  
0.0158572  0.984143  
0.0882347  0.911765  
0.0612089  0.938791  
0.879765  0.120235  
0.437824  0.562176  
0.0949987  0.905001  
0.865992  0.134008  
0.452479  0.547521  
0.171236  0.828764  
0.185779  0.814221  
0.932547  0.0674527  
0.0815101  0.91849  
0.886732  0.113268  
0.401932  0.598068  
0.894486  0.105514  
0.132869  0.867131  
0.966389  0.0336106  
0.0678463  0.932154  
0.416462  0.583538  
0.97934  0.0206603  
0.0536828  0.946317  
0.873095  0.126905  
0.358406  0.641595  
0.210467  0.789533  
0.23691  0.76309  
0.909796  0.0902043  
0.124415  0.875585  
0  1  
0.836761  0.163239  
0.27674  0.72326  
0.283535  0.716465  
0.474635  0.525365  
0.263516  0.736484  
0.959654  0.0403458  
0.488218  0.511782  
0.945801  0.054199  
0.0318512  0.968149  
0.43073  0.56927  
0.256902  0.743098  
0.800001  0.199999  
0.494248  0.505752  
0.821971  0.178029  
0.164235  0.835765  
0.481714  0.518286  
0.038135  0.961865  
0.342371  0.657629  
0.334163  0.665837  
0.499965  0.500035  
0.320073  0.679927  
0.115159  0.884841  
0.244066  0.755934  
0.230318  0.769682  
0.814586  0.185414  
0.90229  0.0977104  
0.178625  0.821375  
0.408908  0.591092  
0.204099  0.795901  
0.291418  0.708582  
0.466734  0.533266  
0.372388  0.627612  
0.386795  0.613205  
0.972981  0.0270191  
0.10855  0.89145  
0.806807  0.193193  
0.223912  0.776088  
0.916826  0.0831743  
0.269913  0.730087  
0.986567  0.0134332  
0.445348  0.554652  
0.952997  0.047003  
0.459936  0.540064  
0.157371  0.842629  
0.349613  0.650387  
0.858539  0.141461  
0.141648  0.858352  
0.31318  0.68682  
0.365349  0.634651  
0.938549  0.0614507  
0.829133  0.170867  
0.0236668  0.976333  
0.199134  0.800866  
0.217246  0.782754  
0.149702  0.850298  
0.250613  0.749387  
0.379388  0.620612  
0.306402  0.693598  
0.924912  0.0750875  
0.192735  0.807265  
0.85151  0.148491  
0.101609  0.898391  
0.423945  0.576055  
0.993543  0.00645717  
0.84411  0.15589  
0.410064  0.589936  
0.866552  0.133448  
0  1  
0.902372  0.0976276  
0.895063  0.104937  
0.357932  0.642068  
0.492361  0.507639  
0.364356  0.635644  
0.0669171  0.933083  
0.166711  0.833289  
0.25161  0.748391  
0.424374  0.575626  
0.271682  0.728318  
0.873255  0.126745  
0.923346  0.0766539  
0.454745  0.545255  
0.43152  0.56848  
0.807796  0.192204  
0.181991  0.818009  
0.800001  0.199999  
0.122951  0.877049  
0.0951232  0.904877  
0.0887783  0.911222  
0.378431  0.621569  
0.203304  0.796696  
0.151762  0.848238  
0.336479  0.663521  
0.259031  0.740969  
0.930062  0.0699377  
0.343591  0.656409  
0.174171  0.825829  
0.329017  0.670983  
0.44962  0.55038  
0.158915  0.841085  
0.837383  0.162617  
0.943808  0.0561924  
0.442057  0.557943  
0.986181  0.0138194  
0.216641  0.783359  
0.314208  0.685792  
0.129896  0.870104  
0.222991  0.777009  
0.499965  0.500035  
0.109129  0.890871  
0.286013  0.713987  
0.229707  0.770293  
0.385503  0.614497  
0.830257  0.169743  
0.852678  0.147322  
0.300098  0.699902  
0.917089  0.0829115  
0.00723171  0.992768  
0.404939  0.595061  
0.971013  0.0289871  
0.292864  0.707137  
0.144492  0.855508  
0.1021  0.8979  
0.859533  0.140467  
0.477922  0.522078  
0.0373354  0.962665  
0.392553  0.607447  
0.0446635  0.955336  
1  0  
0.059421  0.940579  
0.307549  0.692451  
0.0145149  0.985485  
0.484882  0.515118  
0.909715  0.0902852  
0.137375  0.862625  
0.350615  0.649385  
0.279196  0.720804  
0.0815233  0.918477  
0.320963  0.679037  
0.0741699  0.92583  
0.209547  0.790453  
0.881097  0.118903  
0.950947  0.0490532  
0.823  0.177  
0.0512505  0.94875  
0.815549  0.184451  
0.399556  0.600444  
0.236612  0.763388  
0.96531  0.0346899  
0.266461  0.733539  
0.0218679  0.978132  
0.958281  0.0417193  
0.196554  0.803446  
0.115359  0.884641  
0.0295481  0.970452  
0.416023  0.583977  
0.371707  0.628293  
0.244482  0.755518  
0.189263  0.810737  
0.993009  0.00699143  
0.470409  0.529591  
0.88742  0.11258  
0.462757  0.537243  
0.844882  0.155118  
0.93698  0.0630198  
0.978611  0.0213893  
0.492778  0.507222  
0.884776  0.115224  
0.245406  0.754594  
0.345187  0.654813  
0.225552  0.774448  
0.457695  0.542305  
0.117946  0.882054  
0.302761  0.697239  
0.980185  0.0198146  
0.814284  0.185716  
0.972696  0.0273036  
0.25874  0.741261  
0.965813  0.034187  
0.485503  0.514497  
0.174544  0.825456  
0.471976  0.528024  
0.807031  0.192969  
0.102697  0.897303  
0.421665  0.578335  
0.414666  0.585334  
0.146526  0.853474  
0.94404  0.0559599  
0.216897  0.783103  
0.870014  0.129986  
0.139582  0.860418  
0.938568  0.0614322  
0.47832  0.52168  
0.209775  0.790225  
0.441845  0.558155  
0.892391  0.107609  
0.863294  0.136706  
0.39311  0.60689  
0.280176  0.719824  
0.0808376  0.919162  
0.993384  0.00661581  
0  1  
0.371858  0.628142  
0.821375  0.178625  
0.400087  0.599913  
0.231134  0.768866  
0.188573  0.811427  
0.957861  0.0421394  
0.272225  0.727775  
0.202732  0.797268  
0.0299666  0.970033  
0.0223061  0.977694  
0.358328  0.641672  
0.195434  0.804566  
0.800001  0.199999  
0.265272  0.734728  
0.317287  0.682713  
0.435979  0.564021  
0.84713  0.15287  
0.0589552  0.941045  
0.929854  0.0701462  
0.324469  0.675531  
0.365039  0.634961  
0.331636  0.668364  
0.95098  0.0490195  
0.450145  0.549855  
0.407113  0.592887  
0.378886  0.621114  
0.125153  0.874847  
0.907535  0.0924647  
0.827685  0.172315  
0.0514936  0.948506  
0.0439849  0.956015  
0.134719  0.865281  
0.00759972  0.9924  
0.160443  0.839557  
0.900062  0.0999382  
0.428557  0.571443  
0.287749  0.712251  
0.922441  0.0775594  
0.167394  0.832606  
0.351937  0.648063  
0.310755  0.689245  
0.877304  0.122696  
0.0736339  0.926366  
0.840593  0.159407  
0.0149578  0.985042  
0.0377595  0.96224  
0.33955  0.66045  
1  0  
0.856116  0.143884  
0.25168  0.74832  
0.0659523  0.934048  
0.23706  0.76294  
0.087829  0.912171  
0.181214  0.818786  
0.464951  0.535049  
0.153305  0.846695  
0.38618  0.61382  
0.83355  0.16645  
0.110175  0.889825  
0.986767  0.0132328  
0.499976  0.500024  
0.0947467  0.905253  
0.295009  0.704991  
0.91474  0.0852597  
0.162797  0.837203  
0.0299676  0.970032  
0.80669  0.19331  
0.247364  0.752636  
0.169811  0.830189  
0.429741  0.570259  
0.233362  0.766638  
0.369603  0.630397  
0.355875  0.644125  
0.309645  0.690355  
0.993286  0.00671437  
0.36219  0.63781  
0.407836  0.592164  
0.966372  0.0336284  
0.879984  0.120016  
0.204814  0.795186  
0.800001  0.199999  
0.931996  0.068004  
0.288552  0.711448  
0.0606619  0.939338  
0.450464  0.549536  
0.386029  0.613971  
0.864662  0.135338  
0.46331  0.53669  
0.302402  0.697598  
0.938788  0.0612117  
0.198048  0.801952  
0.871664  0.128336  
0.952733  0.0472668  
0.148526  0.851474  
0.828677  0.171323  
0.0889537  0.911046  
0.414737  0.585263  
0.98665  0.0133495  
0  1  
0.0146521  0.985348  
0.457514  0.542486  
0.0372932  0.962707  
0.470033  0.529967  
0.821403  0.178597  
0.218537  0.781463  
0.269105  0.730895  
0.377724  0.622276  
0.0815936  0.918406  
0.813628  0.186372  
0.477653  0.522347  
0.0750232  0.924977  
0.316891  0.683109  
0.849614  0.150386  
0.111156  0.888844  
0.134168  0.865832  
0.141853  0.858147  
0.255664  0.744336  
0.261977  0.738023  
0.34395  0.65605  
0.973349  0.0266512  
0.945755  0.0542453  
0.330648  0.669352  
0.0963195  0.903681  
0.177428  0.822572  
0.118637  0.881363  
0.211553  0.788447  
0.894628  0.105372  
0.0225732  0.977427  
0.0532348  0.946765  
0.240501  0.759499  
0.155014  0.844986  
0.350232  0.649768  
0.979912  0.0200876  
0.295336  0.704664  
0.909388  0.0906125  
0.443476  0.556524  
0.22625  0.77375  
0.324287  0.675713  
0.103728  0.896272  
0.0681678  0.931832  
0.401133  0.598867  
0.916939  0.0830607  
1  0  
0.492915  0.507085  
0.126151  0.873849  
0.00750841  0.992492  
0.857197  0.142803  
0.499976  0.500024  
0.281377  0.718623  
0.887243  0.112757  
0.275349  0.724651  
0.835713  0.164287  
0.191572  0.808428  
0.436617  0.563383  
0.842516  0.157484  
0.337571  0.662429  
0.924449  0.0755506  
0.046653  0.953347  
0.485425  0.514575  
0.902054  0.0979457  
0.18423  0.81577  
0.959525  0.0404754  
0.393999  0.606001  
0.422183  0.577817  
0.228907  0.771093  
0.0080139  0.991986  
0.852524  0.147476  
0.859144  0.140856  
0.414686  0.585314  
0.978167  0.021833  
0.906455  0.0935447  
0.492853  0.507147  
0.236432  0.763568  
0.0757639  0.924236  
0.872866  0.127134  
0.316188  0.683812  
0.964714  0.0352859  
0.946943  0.0530567  
0.0472269  0.952773  
0.443716  0.556284  
0.499997  0.500003  
0.912645  0.0873551  
0.213297  0.786703  
0.879325  0.120675  
0.933001  0.0669992  
0.807304  0.192696  
0.122521  0.877479  
0.0998333  0.900167  
0.972033  0.0279672  
0.813553  0.186447  
0.251658  0.748342  
0  1  
0.128621  0.871379  
0.844539  0.155461  
0.323037  0.676963  
0.148696  0.851304  
0.0158755  0.984125  
0.280355  0.719645  
0.984352  0.0156482  
0.15499  0.845011  
0.363033  0.636967  
0.0918745  0.908126  
0.465225  0.534775  
0.25938  0.74062  
0.959038  0.0409625  
0.800001  0.199999  
0.16797  0.83203  
0.302697  0.697303  
0.176416  0.823584  
0.0684135  0.931586  
0.136001  0.863999  
0.919455  0.0805449  
0.472163  0.527837  
0.336647  0.663353  
0.309149  0.690851  
0.0611728  0.938827  
0.183618  0.816382  
0.243714  0.756286  
0.478838  0.521162  
0.349724  0.650276  
0.991457  0.008543  
0.385125  0.614875  
0.0324877  0.967512  
0.48582  0.51418  
0.370874  0.629126  
0.14214  0.85786  
0.900181  0.0998191  
0.343604  0.656396  
0.407664  0.592336  
0.377528  0.622472  
1  0  
0.0541384  0.945862  
0.952987  0.0470127  
0.43026  0.56974  
0.83702  0.16298  
0.205751  0.794249  
0.220945  0.779055  
0.450856  0.549144  
0.35647  0.64353  
0.190684  0.809316  
0.892814  0.107186  
0.0837438  0.916256  
0.422195  0.577805  
0.821418  0.178582  
0.161366  0.838634  
0.115239  0.884761  
0.829226  0.170774  
0.43661  0.56339  
0.886032  0.113968  
0.458275  0.541725  
0.0398595  0.96014  
0.940158  0.0598417  
0.108008  0.891992  
0.273031  0.726969  
0.866361  0.133639  
0.400602  0.599398  
0.1984  0.8016  
0.329795  0.670205  
0.265986  0.734014  
0.295249  0.704751  
0.926255  0.0737455  
0.0243966  0.975603  
0.393381  0.606619  
0.287758  0.712242  
0  1  
0.0149087  0.985091  
0.971781  0.0282192  
0.145861  0.854139  
0.454813  0.545187  
0.835716  0.164284  
0.070977  0.929023  
0.0210768  0.978923  
0.848434  0.151566  
0.876157  0.123843  
0.0494818  0.950518  
0.462352  0.537648  
0.225742  0.774258  
0.979187  0.0208128  
0.477785  0.522215  
0.807035  0.192965  
0.926847  0.0731526  
0.38104  0.61896  
0.281518  0.718482  
0.43949  0.56051  
0.86992  0.13008  
0.499997  0.500003  
0.273063  0.726937  
0.131632  0.868368  
0.00755049  0.99245  
0.469833  0.530167  
0.941807  0.058193  
0.986556  0.0134442  
0.0786489  0.921351  
0.350517  0.649483  
0.18828  0.81172  
0.24619  0.75381  
0.492667  0.507333  
0.266629  0.733371  
0.0420636  0.957936  
0.125184  0.874816  
0.898034  0.101966  
0.855756  0.144244  
0.181617  0.818383  
0.800001  0.199999  
0.104518  0.895482  
0.309149  0.690851  
0.0348547  0.965145  
0.993069  0.0069308  
0.329846  0.670154  
0.828221  0.171779  
0.0280223  0.971978  
0.889768  0.110232  
0.964525  0.035475  
0.195427  0.804573  
0.447462  0.552538  
0.407727  0.592274  
0.15301  0.84699  
0.210048  0.789952  
0.137803  0.862197  
0.174492  0.825508  
0.202725  0.797275  
0.161053  0.838947  
0.217938  0.782062  
0.118925  0.881075  
0.912174  0.0878262  
0.402075  0.597925  
0.373194  0.626806  
0.485371  0.514629  
0.862856  0.137144  
0.0636722  0.936328  
1  0  
0.0902837  0.909716  
0.820724  0.179276  
0.257868  0.742132  
0.0561082  0.943892  
0.322556  0.677444  
0.111638  0.888362  
0.252596  0.747404  
0.295827  0.704173  
0.167991  0.832009  
0.949255  0.0507452  
0.239818  0.760182  
0.415675  0.584325  
0.813678  0.186322  
0.33991  0.66009  
0.388085  0.611915  
0.42382  0.57618  
0.288556  0.711444  
0.302465  0.697535  
0.0849497  0.91505  
0.842604  0.157396  
0.315545  0.684455  
0.097061  0.902939  
0.934434  0.0655659  
0.365489  0.634511  
0.432381  0.567619  
0.344408  0.655592  
0.883239  0.116761  
0.919464  0.0805362  
0.905881  0.094119  
0.23299  0.76701  
0.395473  0.604527  
0.360258  0.639742  
0.956728  0.0432722  
0.0535425  0.946457  
0.49302  0.50698  
0.0271336  0.972866  
0.0980681  0.901932  
0.0332063  0.966794  
0.206267  0.793733  
0.800001  0.199999  
0.892929  0.107071  
0.922457  0.0775431  
0.0612441  0.938756  
0.147852  0.852148  
0.183824  0.816176  
0.084534  0.915466  
0.013691  0.986309  
0.402965  0.597035  
0.133576  0.866424  
0.0478433  0.952157  
0.937323  0.0626766  
0.884381  0.115619  
0.807617  0.192383  
0.126589  0.873411  
0.11959  0.88041  
0.10505  0.89495  
0.382686  0.617314  
0.253619  0.746381  
0.40967  0.59033  
0.176251  0.823749  
0.0406401  0.95936  
0.317124  0.682876  
0  1  
0.430175  0.569825  
0.422946  0.577054  
0.980188  0.0198117  
0.00684633  0.993154  
0.191433  0.808567  
0.845503  0.154497  
0.45814  0.54186  
0.986831  0.0131693  
0.398204  0.601796  
0.247071  0.752929  
0.914847  0.0851526  
0.275352  0.724648  
0.973052  0.0269485  
0.823402  0.176598  
0.959303  0.040697  
0.11241  0.88759  
0.416048  0.583952  
0.480039  0.519961  
0.233084  0.766916  
0.860484  0.139516  
0.346355  0.653645  
0.309719  0.690281  
0.929357  0.0706431  
0.199277  0.800723  
0.965983  0.0340167  
0.907522  0.0924776  
0.951814  0.0481861  
0.155233  0.844767  
0.838597  0.161403  
0.170138  0.829862  
0.473267  0.526733  
0.325312  0.674688  
1  0  
0.465299  0.534701  
0.240031  0.759969  
0.0713484  0.928652  
0.993701  0.00629941  
0.353514  0.646486  
0.296095  0.703905  
0.852177  0.147823  
0.282826  0.717174  
0.162832  0.837168  
0.36819  0.63181  
0.876365  0.123635  
0.220059  0.779941  
0.450715  0.549285  
0.444343  0.555657  
0.485955  0.514045  
0.868559  0.131441  
0.22587  0.77413  
0.0779329  0.922067  
0.0911114  0.908889  
0.289715  0.710285  
0.831639  0.168361  
0.944814  0.0551859  
0.339544  0.660456  
0.302757  0.697243  
0.0203743  0.979626  
0.331867  0.668133  
0.815503  0.184497  
0.360967  0.639033  
0.499997  0.500003  
0.389572  0.610428  
0.375524  0.624476  
0.213441  0.786559  
0.140709  0.859292  
0.267627  0.732373  
0.260162  0.739838  
0.437251  0.562749  
0.900221  0.0997786  
0.967266  0.032734  
0  1  
0.416242  0.583758  
0.0256677  0.974332  
0.323921  0.676079  
0.283919  0.716081  
0.0556789  0.944321  
0.462469  0.537531  
0.382264  0.617736  
0.0632525  0.936747  
0.265741  0.734259  
0.117094  0.882906  
0.456077  0.543923  
0.13736  0.86264  
0.84333  0.15667  
0.252159  0.747841  
0.232194  0.767806  
0.814097  0.185903  
0.0864315  0.913569  
0.305192  0.694808  
0.4089  0.5911  
0.290688  0.709312  
0.945662  0.0543382  
0.0936577  0.906342  
0.16012  0.83988  
0.180151  0.819849  
0.807105  0.192895  
0.109427  0.890573  
0.800001  0.199999  
0.931509  0.0684912  
0.981204  0.0187958  
0.878979  0.121021  
0.835652  0.164348  
0.0185345  0.981466  
0.346859  0.653141  
0.486531  0.513469  
0.298328  0.701672  
0.225616  0.774384  
0.499999  0.500001  
0.471858  0.528142  
0.167366  0.832634  
0.277552  0.722448  
0.851031  0.148969  
0.245351  0.754649  
0.21792  0.78208  
0.870571  0.129429  
0.85846  0.14154  
0.33957  0.66043  
0.0408069  0.959193  
0.14408  0.85592  
0.0785187  0.921481  
0.396124  0.603876  
0.893437  0.106563  
1  0  
0.194741  0.805259  
0.988948  0.0110521  
0.123083  0.876917  
0.916903  0.0830969  
0.130162  0.869838  
0.187136  0.812864  
0.441924  0.558076  
0.23863  0.76137  
0.863261  0.13674  
0.403067  0.596933  
0.311674  0.688326  
0.992445  0.00755478  
0.449283  0.550717  
0.201987  0.798013  
0.493694  0.506306  
0.361299  0.638701  
0.422488  0.577512  
0.909666  0.0903343  
0.0331248  0.966875  
0.479499  0.520501  
0.209945  0.790055  
0.259088  0.740912  
0.0093563  0.990644  
0.174443  0.825557  
0.100861  0.899139  
0.354332  0.645668  
0.331586  0.668414  
0.430169  0.569831  
0.318024  0.681976  
0.97391  0.0260899  
0.368193  0.631807  
0.960691  0.0393086  
0.151804  0.848196  
0.821635  0.178365  
0.887106  0.112894  
0.953347  0.0466533  
0.271353  0.728647  
0.828637  0.171363  
0.0708533  0.929147  
0.938718  0.0612817  
0.389118  0.610882  
0.048294  0.951706  
0.436558  0.563442  
0.924095  0.0759052  
0.900518  0.0994825  
0.37551  0.62449  
