2.13818  2.87285  4.85491  
0.855394  2.21956  5.8999  
1.06907  0.966543  6.53261  
1.14279  3.06575  4.95758  
0.694601  1.01509  6.43016  
1.47248  3.17109  4.81553  
1.77712  2.97562  4.76013  
2.23474  1.78985  4.58196  
1.24508  3.1742  5.1246  
1.58262  1.35449  6.06004  
1.19475  2.95363  5.07121  
1.40109  2.67704  5.03243  
1.33371  1.98026  6.02346  
1.97297  2.00419  4.96202  
2.49436  1.67634  3.56841  
1.99505  2.36932  4.22476  
1.83231  1.71616  4.90164  
1.50747  2.53734  5.49093  
1.06184  2.64951  5.21531  
1.26048  3.54537  3.68037  
1.2406  1.98835  5.44091  
1.68028  3.9451  3.72843  
1.89943  3.01431  2.45292  
1.97401  1.98048  4.71323  
0.744627  3.0713  4.77741  
1.47282  1.45576  5.6868  
0.763921  2.41762  5.67941  
2.14982  2.7778  3.18885  
1.08816  2.41324  5.73468  
1.51565  3.39286  3.90649  
2.51739  2.93971  2.58186  
2.44241  2.53701  1.71724  
1.89284  2.87643  3.68987  
1.4621  3.58477  3.93147  
1.71682  2.88357  4.17645  
0.899527  2.8356  5.20579  
1.12118  2.39863  5.75698  
2.28297  2.40632  3.66896  
1.50411  3.20875  4.66947  
1.45971  3.19055  4.32753  
1.89511  2.92158  4.71489  
1.71895  1.76632  5.04038  
1.98964  4.08122  2.2796  
1.17057  2.51098  5.48566  
1.77106  1.31996  5.53892  
0.914144  1.46882  6.02451  
1.80219  1.42287  5.63815  
1.07057  1.77755  5.96413  
1.82213  2.99011  4.08212  
1.59462  3.42562  3.52486  
0.989333  1.70222  5.95058  
1.1719  1.27134  5.92076  
1.19914  1.5679  6.31372  
2.12397  1.5441  4.48018  
0.849178  1.8769  6.15604  
1.85426  2.379  5.25542  
1.21673  3.59858  3.71807  
1.30706  2.70912  4.85717  
1.20264  1.92776  5.91521  
1.29107  1.14237  6.15667  
1.97725  3.78643  3.04093  
1.34413  3.07038  4.29749  
0.773495  1.95884  6.12004  
0.796901  3.2606  4.50196  
1.80874  2.95609  4.51749  
0.914453  2.25419  5.67503  
1.73693  3.65104  2.65613  
1.841  2.95474  4.28637  
1.37152  2.69972  4.89916  
2.20506  2.34285  4.32919  
0.923046  2.02797  5.68777  
2.6198  2.23468  2.76606  
1.27296  1.64844  5.52606  
1.6491  2.27172  5.3913  
0.851532  3.06557  4.85839  
2.6756  1.97902  1.864  
1.23556  2.78228  5.44576  
0.78794  1.10476  6.24206  
0.878232  1.34922  6.15182  
1.55234  1.11031  6.04598  
1.47418  3.52772  3.92337  
1.02087  2.88767  5.15465  
1.02585  4.3494  2.29209  
1.69739  3.31175  3.56495  
1.99058  2.79776  4.54794  
1.18791  1.56982  6.43752  
0.585882  0.684772  6.44368  
1.29864  1.58298  6.42739  
1.48224  2.54625  5.20797  
0.880925  3.41542  4.79397  
2.12764  3.44624  3.30734  
2.46118  2.028  4.50913  
1.38597  2.24022  5.54151  
1.28044  1.74031  5.43462  
0.899494  1.01472  6.51722  
0.518593  0.459294  6.22764  
1.43169  3.46175  4.02101  
1.32847  1.854  5.77816  
1.18759  2.0731  5.88982  
2.28244  1.69061  4.48952  
0.617104  3.91366  0.0676021  
2.12635  1.28055  0.200618  
0.0855073  2.45187  4.92294  
1.43682  0.101005  4.56648  
0.108463  1.47764  5.74602  
1.68834  1.87847  2.61121  
1.36642  2.66765  2.29638  
0.963677  3.48166  1.49128  
1.75248  2.17709  1.44151  
1.30628  1.1943  4.39671  
0.018247  0.018247  6.01825  
0.514509  3.44432  2.7347  
1.65483  2.74204  0.137089  
1.19717  2.73575  2.87511  
1.37853  3.18026  0.211592  
1.4048  2.40754  2.69994  
1.0048  1.97964  4.28184  
1.30124  2.92518  1.88102  
1.81196  1.33488  2.62952  
0.577233  3.2298  3.19691  
1.57289  0.20776  4.16372  
0.0771667  2.67491  4.63966  
0.576796  1.97392  5.05787  
1.54246  2.87475  0.101288  
1.09882  0.101827  5.30318  
1.25215  2.3909  3.32336  
0.0243507  3.93042  1.31698  
1.643  1.50003  3.32123  
0.992793  1.64062  4.59834  
0.617526  1.21641  5.49275  
0.0393627  3.70554  2.43895  
0.638568  2.99615  3.54063  
2.12494  0.200522  1.83441  
0.682269  1.58894  5.23654  
0.842809  3.12764  2.76573  
0.736851  2.19251  4.58612  
1.14421  3.25807  1.50449  
2.16724  0.930572  0.200803  
1.84671  2.27138  0.150875  
1.35377  0.10114  4.77855  
1.64735  2.27322  2.07623  
0.922894  3.70454  0.0785143  
1.30336  2.02667  3.6879  
0.0567715  3.22084  3.72754  
1.71685  0.748507  3.50027  
0.0294897  3.81181  1.98183  
0.548876  3.67292  1.74506  
1.26395  3.35948  0.102737  
1.84967  0.150924  3.31768  
2.20101  0.201014  0.201014  
1.77361  2.48997  0.151128  
2.02901  0.439651  2.17653  
0.0719158  2.8825  4.34115  
0.608422  2.67955  4.219  
0.771608  0.70433  5.43766  
1.42598  2.14007  3.09881  
0.903729  2.91914  3.10376  
1.91401  0.150533  2.98094  
0.996066  2.25678  3.96176  
0.81215  0.0525388  5.60294  
1.92226  2.00897  0.151083  
1.11599  3.54663  0.197378  
1.51635  0.101188  4.34097  
0.867425  0.98068  5.20821  
2.04198  1.44158  0.529743  
1.18357  3.06214  2.0772  
1.18943  0.863144  4.8341  
1.64058  0.488693  3.88894  
0.81305  2.38262  4.2398  
0.945663  1.28117  4.93288  
0.0867081  2.17263  5.20629  
0.8257  1.78346  4.82497  
1.97587  1.32939  1.87235  
0.382762  3.85213  1.16071  
1.7992  1.75135  2.09243  
1.9732  0.151394  2.62715  
1.99448  1.70203  0.150965  
1.47676  3.00611  0.101628  
2.16946  0.20102  1.26279  
0.551407  0.318515  5.75502  
0.74236  3.80706  0.0525256  
1.24583  1.73197  4.15121  
0.00385958  4.00386  0.00385957  
1.23413  0.101254  5.04588  
2.07539  0.921096  1.3127  
1.76081  0.150736  3.71007  
0.973583  2.57398  3.55453  
0.664581  3.50181  2.11771  
0.0619388  3.05491  4.04249  
1.40986  1.44959  3.92147  
0.0963025  1.84746  5.49077  
0.385431  0.149017  5.88565  
0.790608  2.72308  3.80493  
1.76972  1.10354  3.04763  
0.0428083  3.56255  2.89335  
0.537594  2.36519  4.73917  
1.62965  2.58194  1.17305  
0.0510862  3.3973  3.3384  
1.44875  1.75917  3.49967  
0.767902  3.29443  2.52129  
0.990644  1.62576  4.61126  
0.0779197  2.63485  4.69197  
0.00290791  4.00291  0.00290791  
1.8619  0.152529  3.26742  
2.06742  0.970786  1.3465  
0.0935664  1.8314  5.49772  
1.00294  1.94912  4.31508  
2.16885  0.200454  1.26291  
0.544045  3.68766  1.68822  
1.40885  2.3946  2.70359  
1.34499  0.100659  4.79798  
1.63546  2.29537  2.09699  
1.83849  2.29586  0.150491  
0.788272  2.68759  3.83831  
1.76107  1.17746  3.03206  
0.478129  3.44984  2.75891  
0.771195  0.70391  5.43703  
0.943991  1.28029  4.93141  
1.30097  2.05025  3.65002  
2.14842  1.11113  0.200964  
1.2591  3.36239  0.101094  
0.0227144  3.93356  1.28242  
1.42656  2.16284  3.04165  
0.741094  3.80579  0.0512593  
0.0424278  3.55147  2.92251  
0.575397  1.14076  5.56932  
1.20393  0.100454  5.10456  
0.581719  3.90805  0.0512945  
1.14904  3.27325  1.38444  
1.65434  2.74155  0.136598  
0.367459  3.85899  1.16983  
1.47556  3.00773  0.101401  
0.836674  2.31246  4.27103  
1.54214  2.87405  0.100842  
1.51666  0.100465  4.33715  
1.01681  0.27253  5.30512  
1.40889  1.44328  3.93067  
1.99647  1.69118  0.15073  
0.0507315  3.38522  3.36473  
1.67298  1.85939  2.71997  
0.0171836  0.0171836  6.01718  
0.61517  2.99454  3.58583  
0.0715432  2.85754  4.37689  
1.94761  1.90707  0.150724  
1.81867  1.38254  2.52491  
1.16966  3.05656  2.15508  
1.57537  0.206854  4.15063  
2.03526  1.48528  0.530838  
0.0605106  3.05774  4.03384  
0.757009  3.31278  2.50117  
1.30065  2.92458  1.88043  
1.43818  0.100807  4.56207  
1.19178  2.72328  2.9304  
1.76226  2.52077  0.151078  
1.3044  1.16363  4.4188  
1.71635  0.728  3.50795  
1.97251  0.150709  2.62646  
0.841425  3.1272  2.7648  
0.560664  1.97742  5.07293  
2.02588  0.358259  2.21588  
0.0854459  2.4059  4.97266  
1.36499  2.6717  2.28652  
0.649433  1.5686  5.29349  
1.89807  2.09656  0.150676  
1.79821  1.79189  2.01518  
1.63876  1.48786  3.32209  
0.917697  2.85681  3.18047  
1.9203  0.150601  2.94588  
0.577322  2.50409  4.4657  
0.972521  2.57292  3.55347  
1.19948  0.894876  4.7968  
0.810258  0.0506469  5.60105  
1.02832  3.37684  1.65066  
0.771583  1.75086  4.9429  
0.573884  3.2346  3.16849  
0.0551651  3.22793  3.70901  
0.520109  2.77784  4.13707  
0.706135  2.14535  4.69027  
0.375859  0.141354  5.89057  
1.44679  1.75734  3.50109  
0.87255  1.00348  5.18824  
1.63995  0.488003  3.88798  
2.20035  0.200349  0.200349  
0.0273913  3.81931  1.9374  
1.7873  0.151451  3.60342  
0.922272  3.70394  0.0779009  
1.62684  2.59525  1.13547  
0.0310567  3.6924  2.4472  
1.24966  2.43321  3.26397  
2.12299  0.200456  1.85416  
1.74698  2.19123  1.43184  
1.12775  3.53413  0.101215  
1.00061  2.257  3.97809  
1.24492  1.73106  4.1503  
0.085665  2.21504  5.16483  
0.934414  3.57862  1.05332  
0.668558  3.50066  2.13203  
0.551303  0.317063  5.7499  
0.105576  1.47857  5.74104  
1.37711  3.17884  0.210174  
0.0865108  2.21299  5.16769  
0.0203605  3.93036  1.28596  
0.376029  0.141241  5.89002  
1.95271  1.88803  0.151108  
0.58108  3.90741  0.050655  
1.76388  1.17461  3.01913  
1.51642  0.100228  4.33691  
1.7468  2.19105  1.43166  
1.14164  3.07982  2.21408  
0.381252  3.85196  1.15764  
2.03384  0.351907  2.16067  
0.0169535  0.0169535  6.01695  
0.0620062  3.05989  4.03423  
1.61742  2.31626  2.16585  
1.9962  1.69091  0.150461  
1.0051  2.25913  3.96298  
0.579419  2.50642  4.44702  
1.25843  3.36172  0.10042  
2.20029  0.200288  0.200288  
1.36517  2.67466  2.28004  
1.64726  1.51934  3.25891  
0.814675  0.0504335  5.59511  
0.0425696  3.53507  2.96755  
1.37693  3.17866  0.209992  
1.29886  2.06476  3.64382  
2.03645  1.45996  0.51438  
1.62394  2.59397  1.15969  
1.85805  0.150508  3.27439  
1.68497  1.91427  2.58254  
2.07209  0.921885  1.34575  
0.0703726  2.87874  4.3429  
1.44617  1.75185  3.50879  
1.31197  0.100741  4.87529  
0.0888285  1.95608  5.39496  
2.15078  1.08558  0.200371  
1.22764  2.4242  3.34985  
0.515254  2.79763  4.10742  
0.820967  1.75146  4.83787  
1.83282  2.31326  0.150407  
1.57776  0.199797  4.14461  
0.649976  2.95456  3.58064  
0.916459  2.85612  3.17947  
0.0277896  3.81165  1.97341  
0.771104  0.703815  5.43682  
1.25415  1.75301  4.10723  
1.80052  1.76659  2.04199  
1.54183  2.87375  0.100539  
0.768494  3.28451  2.54126  
0.519804  3.44423  2.67221  
0.101799  1.35515  5.79965  
1.42884  2.13236  3.07847  
1.40838  2.40955  2.67604  
0.575597  3.19362  3.20568  
0.031209  3.68742  2.46478  
0.922066  3.70373  0.0776947  
1.65413  2.74134  0.136383  
1.19977  2.74596  2.84722  
0.644378  1.59244  5.2795  
1.47616  3.00492  0.100827  
0.990109  1.62523  4.61073  
1.82347  1.40019  2.46666  
1.72061  0.725052  3.4939  
1.77434  0.150424  3.6527  
1.32074  1.02835  4.44958  
0.670084  3.49693  2.13154  
1.63982  0.487863  3.88779  
1.4057  1.41491  3.96471  
0.791395  3.76718  0.0512048  
1.98366  0.150478  2.54944  
0.841358  3.12713  2.76474  
1.41808  0.102687  4.62096  
0.940706  3.57178  1.03916  
0.832864  2.3289  4.22407  
0.102167  1.68614  5.61165  
0.938544  1.25345  4.95543  
0.0754477  2.65229  4.66454  
0.695757  2.20678  4.63945  
1.01454  3.36565  1.78963  
0.0840313  2.43764  4.93544  
1.92337  0.150339  2.92655  
1.22709  0.742015  4.7922  
0.774441  2.65686  3.91679  
0.566837  3.65349  1.78156  
0.58073  1.22031  5.52935  
1.19051  0.10061  5.13141  
0.998956  1.95283  4.30985  
0.055523  3.2166  3.73208  
0.550947  0.316708  5.74954  
0.872277  1.00305  5.18716  
0.977034  2.54403  3.58789  
1.29732  2.9323  1.87131  
1.12743  3.53272  0.1004  
0.557018  2.0171  5.03945  
1.90291  2.07934  0.180423  
1.00726  0.264272  5.31159  
2.1456  0.200311  1.59411  
0.0026158  4.00262  0.0026158  
1.16143  3.25646  1.38078  
0.0500541  3.3892  3.35351  
1.76419  2.51344  0.150469  
0.375938  0.14115  5.88993  
0.938305  1.25321  4.95519  
1.89327  2.11514  0.15099  
0.669447  2.96658  3.51259  
1.85665  0.151285  3.28586  
1.79449  1.7724  2.08148  
0.0841635  2.44136  4.93165  
0.806356  1.78223  4.84025  
0.580978  3.90731  0.0505533  
0.998309  3.54713  0.709244  
1.2057  2.72906  2.85773  
2.145  0.200235  1.60054  
1.23613  0.762718  4.76434  
1.64932  0.426491  3.88227  
1.6489  2.75443  0.136675  
1.71884  0.734783  3.49647  
0.78422  2.68529  3.85487  
0.992457  1.63087  4.61002  
1.99004  0.150537  2.50555  
2.15056  1.08635  0.200252  
2.03608  0.370895  2.12185  
1.29717  2.93258  1.87017  
0.00232522  4.00233  0.00232522  
2.20017  0.200168  0.200168  
0.579463  2.51266  4.43393  
1.12729  3.53259  0.100266  
0.060082  3.0574  4.03327  
0.834991  2.35476  4.18484  
0.0978105  1.68663  5.60408  
0.0857436  2.17141  5.20555  
0.0498396  3.39027  3.35036  
1.93434  1.96788  0.152241  
1.42458  2.12337  3.11954  
1.26165  1.69439  4.14554  
1.62335  2.57798  1.2755  
0.574377  1.22905  5.53447  
1.92819  0.150338  2.8986  
0.841264  3.12698  2.76494  
1.00283  0.254247  5.31887  
1.76502  0.151049  3.69449  
1.40832  2.40856  2.67587  
0.545658  2.02754  5.03976  
0.872172  1.00294  5.18705  
0.790609  3.7664  0.0504196  
0.648777  1.60586  5.26333  
0.516379  2.78848  4.11758  
1.67274  1.87424  2.68907  
1.00005  2.23632  3.97794  
0.489626  3.46117  2.67748  
0.916647  2.85537  3.18123  
0.0168967  0.0168967  6.0169  
1.57718  0.199818  4.14404  
0.0999251  1.38161  5.78357  
0.670373  3.4898  2.14429  
0.0892222  1.92997  5.41615  
1.63368  1.4728  3.36074  
0.76167  3.29938  2.51279  
0.976747  2.54374  3.5876  
0.956055  2.00768  4.34595  
1.40817  1.43043  3.94263  
0.382225  3.85112  1.15807  
1.33351  1.06586  4.39407  
2.07502  0.893623  1.35246  
1.14541  3.03964  2.32898  
1.22569  2.39049  3.41504  
1.63614  2.2537  2.19085  
0.0408484  3.545  2.9343  
0.0289639  3.80094  2.02583  
1.17961  0.100305  5.15163  
0.0316083  3.68261  2.4827  
0.664395  2.2249  4.67446  
1.37692  3.17864  0.20998  
0.0201887  3.92844  1.2979  
1.54173  2.87364  0.100432  
2.04112  1.42339  0.587761  
1.36466  2.67416  2.27953  
1.82676  2.33215  0.150445  
0.572652  3.64379  1.79137  
1.44594  1.75161  3.50855  
0.550807  0.316507  5.74939  
1.76374  1.17392  3.01778  
0.56549  3.23931  3.10955  
1.30235  2.03514  3.67592  
0.757236  0.672469  5.46421  
1.75484  2.15039  1.48432  
0.0560784  3.20431  3.75736  
1.30321  0.100428  4.89417  
1.51636  0.100168  4.33685  
0.075794  2.64096  4.67958  
1.25403  3.36786  0.100385  
0.814335  0.0502841  5.59519  
1.82012  1.39843  2.46932  
0.921967  3.70364  0.0776013  
1.16136  3.25578  1.38046  
1.00747  3.36032  1.81631  
0.0670046  2.85696  4.36658  
1.47596  3.00472  0.100625  
1.99605  1.69076  0.150314  
1.75654  2.53389  0.150386  
1.42834  0.100308  4.58663  
1.24853  1.69371  4.17931  
1.23525  3.39598  0.10119  
0.752175  0.660548  5.47222  
1.90009  2.08838  0.150484  
0.0815121  2.41598  4.95368  
1.99094  0.150291  2.49723  
0.998239  3.54614  0.707687  
0.562926  3.65808  1.7703  
0.0275601  3.8144  1.96008  
1.42932  2.13052  3.07937  
1.54176  2.87288  0.100207  
1.75775  1.29053  2.94472  
1.72747  0.765447  3.44355  
1.21773  2.42153  3.38649  
1.00086  0.251893  5.32154  
0.661309  2.94506  3.56835  
1.76482  0.150501  3.69252  
0.938336  1.25327  4.95494  
1.00335  3.36683  1.8289  
0.404654  3.83268  1.22757  
0.91727  2.8532  3.18309  
0.790534  3.76632  0.050344  
0.100487  1.3094  5.8197  
2.15064  1.08531  0.200219  
2.05586  1.39655  0.596587  
1.44776  1.79973  3.45436  
1.64531  0.421867  3.88187  
0.0695453  2.80694  4.44447  
0.64537  2.18748  4.74302  
2.03815  0.373034  2.11109  
1.36303  2.68693  2.2646  
0.0950658  1.63045  5.63545  
1.13688  3.04695  2.33402  
0.0404843  3.55234  2.91283  
0.795682  2.28254  4.32212  
0.974158  1.91517  4.39098  
1.97401  1.29199  1.9294  
0.479876  2.77831  4.17389  
0.80165  1.79838  4.83722  
1.74728  2.55828  0.150286  
1.29637  2.0848  3.63709  
0.814264  0.0502128  5.59512  
0.0894349  1.92231  5.42247  
0.468285  3.44913  2.76171  
2.20013  0.200129  0.200129  
1.32598  1.02671  4.44025  
1.57962  0.204277  4.13548  
1.30721  0.101248  4.88777  
1.37361  3.18628  0.100823  
0.0759527  2.65515  4.66206  
0.751533  3.32501  2.46946  
1.40822  2.40846  2.67576  
0.539203  2.49313  4.5159  
1.82022  1.39515  2.47019  
1.29716  2.93256  1.87015  
0.0591803  3.06801  4.01274  
0.00224546  4.00225  0.00224546  
0.0853638  2.19555  5.18252  
1.91997  0.160289  2.96168  
1.18061  0.100246  5.14953  
1.99591  1.69062  0.150173  
1.42367  0.10022  4.5987  
1.63075  1.50507  3.34021  
1.84848  0.150716  3.32219  
0.576762  1.22105  5.52976  
0.0169585  3.941  1.18073  
1.62979  2.64027  0.783819  
0.666854  1.5117  5.25575  
1.16775  3.24692  1.38148  
0.921943  3.70362  0.0775775  
0.983659  2.48981  3.65781  
1.40852  1.43078  3.94139  
0.556961  1.9787  5.06618  
1.94835  1.90365  0.150646  
1.2126  2.75084  2.7907  
0.580802  3.90714  0.0503767  
0.74171  2.62244  3.95638  
0.0309148  3.69021  2.45403  
0.37594  0.141048  5.88967  
1.79836  1.78144  2.02776  
0.55127  0.317172  5.74876  
1.12793  3.53264  0.100635  
0.0473747  3.38882  3.34559  
1.00124  2.17059  4.05343  
0.0168831  0.0168831  6.01688  
1.82753  2.33033  0.150579  
1.47574  3.00449  0.100398  
0.990241  1.62883  4.60669  
1.68057  1.88077  2.63908  
0.87209  1.00286  5.18697  
1.51631  0.100113  4.3368  
1.2349  0.760094  4.76767  
1.63026  2.31614  2.07864  
0.563854  3.20106  3.2071  
0.841214  3.12693  2.76489  
0.667189  3.49499  2.12993  
1.75458  2.15012  1.48406  
2.07374  0.811465  1.4651  
2.14861  0.200205  1.55425  
0.0554564  3.21952  3.72624  
0.0554003  3.22188  3.72148  
1.2504  2.41707  3.28623  
1.00265  2.1963  4.02177  
1.4722  3.01085  0.100584  
1.54169  2.87282  0.100142  
0.0447169  3.53187  2.98402  
1.30987  1.08195  4.44945  
0.0813447  2.40872  4.96115  
0.917112  2.85305  3.18293  
1.25826  3.3626  0.10473  
0.566205  1.98416  5.04172  
0.0469414  3.38342  3.35644  
0.101722  1.33456  5.80963  
1.36182  2.68584  2.26212  
0.814262  0.0502114  5.59512  
1.94448  1.91808  0.150376  
0.0156328  3.94538  1.13518  
1.42321  0.14593  4.60799  
0.841104  3.12682  2.76478  
0.0943835  1.64421  5.62571  
0.737089  2.66768  3.89607  
1.93035  0.150416  2.88656  
1.12634  3.06991  2.30805  
2.15111  1.08327  0.20043  
1.19707  2.75961  2.83724  
1.88769  2.13757  0.151925  
0.584649  0.362956  5.71596  
0.801091  1.73404  4.89178  
1.86577  0.152475  3.2479  
1.37656  3.17997  0.100284  
0.375908  0.141015  5.88964  
1.16239  3.50016  0.105306  
0.0260355  3.82025  1.92575  
0.939879  1.25657  4.95205  
2.05009  1.37513  0.65443  
1.66621  1.93726  2.64107  
0.651233  2.9604  3.55821  
1.9959  1.6906  0.150157  
0.0892216  1.90677  5.43405  
1.99089  0.150241  2.49718  
0.657256  1.50118  5.27407  
1.57949  0.204148  4.13535  
1.74511  2.56542  0.150667  
1.00951  3.53704  0.709215  
0.0855149  2.17246  5.20416  
1.18142  0.100684  5.14926  
0.756897  0.669582  5.4636  
1.75421  1.26396  3.00382  
1.20744  0.739473  4.83514  
0.989185  1.61611  4.619  
0.699523  2.14655  4.68531  
0.463382  2.75263  4.23285  
0.5499  3.67559  1.71553  
1.82066  2.35165  0.150655  
0.90142  3.6707  0.217095  
0.538144  2.47614  4.5399  
1.77653  0.150312  3.64297  
1.17105  3.2664  1.26688  
1.4446  1.79815  3.46366  
2.07564  0.809468  1.45282  
0.437533  3.80358  1.33302  
1.42926  2.13013  3.0841  
1.62697  1.52139  3.35383  
0.871236  1.0041  5.19713  
1.29977  0.101275  4.90466  
1.79752  1.78729  2.02621  
0.496032  3.46261  2.66644  
1.29704  2.93331  1.86782  
0.542951  1.26146  5.55446  
0.985151  2.47923  3.66765  
2.03721  0.372214  2.11148  
1.72282  0.761816  3.47186  
1.51631  0.100111  4.3368  
2.14923  0.200561  1.5512  
0.0302437  3.69856  2.42249  
1.23495  1.75132  4.16643  
1.29566  2.064  3.65435  
1.00041  0.25128  5.32178  
1.96064  1.43355  1.83626  
1.62285  2.66346  0.739088  
1.0077  3.35323  1.84742  
0.558957  3.24042  3.11955  
1.81975  1.3892  2.48006  
0.00212181  4.00212  0.00212181  
1.40888  2.40114  2.68868  
0.946371  1.97522  4.40391  
0.790457  3.76624  0.0502668  
0.666292  3.49529  2.12847  
0.755531  3.31719  2.48119  
0.580757  3.90709  0.0503319  
0.0596433  3.06087  4.02617  
1.3978  1.42368  3.97821  
1.64711  0.422879  3.87898  
0.0745579  2.63846  4.67992  
0.0168748  0.0168748  6.01687  
2.20009  0.200088  0.200088  
0.0676216  2.84443  4.38631  
0.787377  2.33863  4.26353  
1.63714  2.32398  2.00423  
1.75452  2.15006  1.484  
1.22074  0.738458  4.80538  
0.0743481  2.62909  4.69116  
0.375898  0.141005  5.88963  
0.583472  0.360948  5.71468  
0.754799  3.31462  2.48623  
1.76931  1.16821  3.00072  
1.17538  0.100368  5.15993  
2.07568  0.850514  1.39095  
0.0438823  3.35953  3.40015  
0.810612  3.75046  0.0505563  
0.541806  2.49606  4.50437  
1.29817  1.98889  3.73676  
0.574991  3.25696  3.10076  
1.32136  1.06002  4.43161  
1.74603  2.56418  0.150991  
1.00084  2.19662  4.02032  
2.03714  0.37215  2.11149  
1.97176  1.39694  1.77919  
1.01125  0.274745  5.30336  
0.580741  3.90708  0.0503158  
0.504042  3.45475  2.65736  
1.87223  0.15103  3.20672  
0.962309  1.94997  4.38031  
1.62363  2.2835  2.22027  
0.642184  2.98893  3.51062  
0.0877393  2.35971  5.02594  
1.67746  2.4926  0.966972  
1.94644  1.91206  0.160944  
1.19449  3.45453  0.102878  
1.82473  2.33919  0.150661  
0.0676732  2.8395  4.39356  
0.660242  1.52716  5.24841  
2.15091  0.200227  1.52447  
0.976987  3.3933  1.84093  
0.0293819  3.7123  2.37061  
0.794234  1.76476  4.88321  
1.41602  2.40051  2.69223  
0.0244655  3.83603  1.84433  
1.65019  1.44993  3.31868  
0.726426  2.69572  3.87568  
1.0081  3.53563  0.707811  
0.541366  3.68221  1.71311  
1.44737  1.76057  3.49619  
1.38301  1.46331  3.99075  
0.691537  2.13791  4.69978  
1.43023  2.11155  3.10156  
0.988919  1.61601  4.61878  
1.58094  0.204692  4.13299  
1.81939  1.38883  2.47969  
1.79958  1.77565  2.03094  
1.99588  1.69059  0.150143  
0.91733  3.65408  0.268974  
0.479992  2.78094  4.17192  
1.26883  2.37246  3.30074  
1.47028  3.01566  0.100698  
2.14983  1.09178  0.200154  
0.665912  3.50031  2.13318  
0.0994614  1.30057  5.82257  
1.93492  0.153904  2.88372  
1.78173  0.15043  3.6217  
0.0397729  3.55679  2.89789  
1.60585  2.72032  0.515055  
1.51631  0.10011  4.33679  
0.0934616  1.91155  5.43788  
1.30357  0.101169  4.89575  
1.75447  2.15002  1.48396  
0.75679  0.669475  5.46349  
0.0168409  0.0168409  6.01684  
0.0939922  1.64798  5.62269  
0.783854  2.35163  4.25464  
1.54169  2.87281  0.100139  
0.522248  1.32842  5.54595  
1.23231  1.68558  4.22756  
1.23082  2.725  2.79004  
0.841084  3.1268  2.76476  
0.0170175  3.93998  1.18887  
1.13091  3.03612  2.39226  
0.873433  1.00746  5.1824  
0.814241  0.0501521  5.59502  
0.516092  1.99215  5.09373  
0.0574648  3.17683  3.81334  
0.0854338  2.15792  5.21727  
1.41806  0.112284  4.61439  
1.1656  3.25944  1.33267  
1.29853  2.93002  1.87174  
0.00207525  4.00208  0.00207525  
1.7264  0.720151  3.48427  
2.04897  1.36514  0.66048  
1.35956  2.69974  2.2482  
2.20007  0.200068  0.200068  
1.37149  3.18838  0.100297  
0.937012  1.24311  4.96478  
0.0607476  3.03232  4.07721  
1.63995  0.455883  3.90055  
0.925752  2.81631  3.23552  
1.89863  2.09293  0.150324  
0.411362  3.82547  1.25122  
1.68668  1.86254  2.62917  
1.99088  0.150229  2.49717  
0.984975  2.47905  3.66748  
1.00696  3.53611  0.707439  
0.869191  0.992618  5.19531  
0.0669692  2.85385  4.37103  
0.638747  3.01855  3.4657  
1.30215  2.00064  3.7069  
1.75909  2.13444  1.50221  
0.524108  2.00359  5.07272  
0.741501  2.65797  3.90058  
0.979878  3.39077  1.82364  
1.3622  2.70029  2.24347  
0.0232431  3.84369  1.80074  
1.6392  1.50227  3.30954  
1.40135  0.100482  4.65786  
1.93828  1.94602  0.150973  
0.581159  3.90688  0.0503408  
0.754717  3.31599  2.48686  
1.35205  3.22079  0.100606  
1.00072  2.18813  4.0329  
1.78531  1.75818  2.16887  
0.988516  1.61482  4.62355  
0.917164  3.65393  0.268365  
0.797052  1.75939  4.87633  
0.525566  3.25719  3.15122  
0.0168014  0.0168014  6.0168  
1.66302  1.89231  2.72344  
1.20057  3.44235  0.101058  
0.0148131  3.94801  1.10678  
0.923419  2.8262  3.22218  
1.29192  2.95247  1.83807  
1.36726  1.46149  4.04447  
0.00204552  4.00205  0.00204552  
1.44654  1.75894  3.49827  
1.28105  0.10046  4.94356  
1.58095  0.209543  4.13115  
1.96805  1.30822  1.96148  
0.49842  3.45544  2.66044  
0.525369  2.51994  4.50163  
0.488413  2.78772  4.14514  
1.41128  2.37907  2.74103  
1.63432  0.433501  3.92516  
1.24963  2.36782  3.36882  
0.0851123  2.1703  5.20536  
0.0754237  2.64156  4.67799  
1.72335  0.719558  3.48296  
0.0602178  3.05586  4.03624  
1.82229  2.34842  0.151083  
0.947485  1.96414  4.40531  
1.61672  2.30588  2.19046  
1.31632  1.04169  4.45337  
0.788075  2.34169  4.26008  
0.0409527  3.3744  3.35732  
0.375875  0.140983  5.8896  
1.74446  2.5663  0.150435  
1.46942  3.01673  0.101851  
0.663201  3.50074  2.11795  
1.77078  0.150402  3.66742  
0.644451  1.56011  5.24659  
0.101841  1.34626  5.804  
0.0392413  3.5599  2.88726  
1.15905  0.103337  5.19934  
1.92816  0.150476  2.89977  
1.84769  0.151363  3.32978  
2.08398  0.855905  1.32679  
0.435338  3.81119  1.31246  
1.77828  1.09866  3.00616  
0.751567  0.665371  5.48231  
0.810378  3.75022  0.0503216  
1.15766  3.27798  1.28642  
0.0913838  1.89166  5.44935  
1.2303  1.69472  4.22241  
0.535856  1.31983  5.5322  
2.03709  0.372102  2.11144  
2.0481  1.36187  0.68946  
0.993716  0.265777  5.3315  
1.60889  2.71049  0.533197  
1.2016  2.70161  2.93797  
0.561495  3.65855  1.75598  
0.985104  2.47862  3.66739  
1.54168  2.8728  0.100126  
0.6543  2.19128  4.70222  
0.814231  0.0501427  5.59501  
1.51628  0.100085  4.33677  
0.028854  3.70642  2.38892  
2.14916  0.200605  1.55278  
1.89081  2.12148  0.15047  
1.68669  2.46266  0.999217  
1.43143  2.10755  3.10477  
1.13831  3.03692  2.35279  
0.583247  0.360724  5.71445  
2.20006  0.20006  0.20006  
0.0941546  1.62584  5.63684  
0.0817379  2.43735  4.93097  
1.20712  0.701767  4.85249  
0.937453  1.24707  4.96053  
0.0559998  3.20652  3.7529  
1.9908  0.150152  2.49709  
0.841061  3.12678  2.76474  
2.15112  1.08115  0.200221  
1.82101  1.38635  2.48066  
1.99587  1.69057  0.150127  
0.0147049  3.9479  1.10667  
0.0815454  2.40103  4.9698  
0.520719  1.28703  5.56571  
0.519783  1.99688  5.08902  
0.46893  3.44011  2.74303  
2.04781  1.36159  0.689005  
1.81972  1.3859  2.48305  
1.58089  0.208988  4.13105  
1.37152  1.44037  4.05287  
0.0658034  2.86445  4.35265  
1.79187  1.82413  2.00674  
0.679482  2.12072  4.72945  
0.917129  3.6539  0.267868  
0.869178  0.992605  5.19529  
2.1516  1.07605  0.200141  
0.984708  0.256849  5.34588  
1.15753  3.27787  1.28625  
1.20864  0.690715  4.84747  
1.21719  2.68707  2.9095  
0.0738877  2.63271  4.68561  
1.64881  1.47012  3.29633  
1.67242  1.94234  2.59793  
1.73738  2.58654  0.1509  
0.937212  1.24681  4.96053  
0.477671  2.77621  4.17846  
0.0285488  3.71203  2.36776  
2.14101  0.200316  1.65062  
0.560486  3.18902  3.2666  
0.814224  0.0501354  5.595  
0.802827  1.7168  4.89766  
0.923014  2.8258  3.22178  
1.22019  1.67579  4.26554  
0.737451  2.67421  3.89253  
1.51627  0.100072  4.33676  
0.810269  3.75011  0.0502133  
0.0401956  3.5669  2.87133  
1.43192  2.11536  3.1018  
1.14908  0.100656  5.21019  
0.790544  2.3537  4.24436  
1.78265  1.07446  3.00784  
0.633654  2.96146  3.59268  
1.77638  0.150432  3.64424  
0.040265  3.38068  3.34082  
1.13005  3.05221  2.36066  
0.561045  3.65738  1.77352  
1.75594  2.14836  1.48495  
0.0944518  1.60754  5.64862  
0.0552564  3.22079  3.72319  
1.40077  2.43582  2.69938  
1.93687  1.95106  0.153225  
1.61299  2.71065  0.53332  
1.72409  0.73532  3.47241  
1.68643  2.46955  0.980547  
1.81877  2.36398  0.152298  
0.0857537  2.15655  5.21913  
1.46722  3.02031  0.10098  
0.63331  1.54645  5.26961  
1.21871  3.42168  0.102541  
0.580992  3.90672  0.0501745  
1.44645  1.75885  3.49818  
1.60428  2.31954  2.2495  
0.529958  2.48837  4.52839  
0.0910873  1.87413  5.462  
1.31935  0.991193  4.46926  
0.666118  3.49712  2.12837  
1.93675  0.150474  2.84915  
0.0229947  3.85076  1.7647  
1.54165  2.87277  0.100101  
1.00287  2.14405  4.08123  
1.88799  2.13021  0.150208  
0.757126  3.30942  2.49534  
1.99078  0.150134  2.49708  
0.959809  1.91141  4.42224  
1.36005  3.20741  0.100422  
1.65293  0.482579  3.83954  
2.02689  0.347325  2.2038  
0.748959  0.65217  5.47779  
0.841024  3.12674  2.7647  
1.26141  0.101182  4.98839  
1.298  1.99461  3.74393  
1.35718  2.70315  2.24238  
1.86679  0.150341  3.23001  
0.00203567  4.00204  0.00203567  
0.985156  2.47871  3.66726  
1.24185  2.31557  3.47205  
0.0993079  1.30391  5.82077  
0.429698  3.80908  1.31229  
1.99584  1.69055  0.150105  
0.0596629  3.06297  4.02266  
0.375848  0.140956  5.88958  
0.986291  1.53116  4.69036  
1.00778  3.53431  0.711034  
2.20006  0.200057  0.200057  
1.9622  1.46258  1.76667  
2.08043  0.852347  1.32323  
0.583128  0.360504  5.71432  
0.0167816  0.0167816  6.01678  
1.38862  0.102269  4.69657  
0.975973  3.39636  1.81937  
1.28311  2.98437  1.77164  
0.993337  3.38329  1.81179  
0.0571378  3.24623  3.67886  
0.583095  0.360471  5.71429  
1.99074  0.150093  2.49703  
0.0912535  1.86531  5.46886  
1.88801  2.1299  0.150154  
0.739292  2.6611  3.89628  
0.978235  0.27023  5.35743  
1.74547  2.56546  0.150937  
0.93718  1.2468  4.96032  
1.21577  1.67272  4.27571  
1.15338  3.28485  1.27913  
0.760775  3.3002  2.50968  
0.557431  3.23183  3.13164  
0.51688  1.27252  5.57117  
2.05305  1.32722  0.710176  
2.08036  0.850262  1.32508  
0.986502  2.46725  3.68121  
1.28296  2.98422  1.7715  
1.99927  1.67595  0.150429  
0.0167521  0.0167521  6.01675  
2.04622  0.429811  2.0371  
1.94635  1.91019  0.150318  
1.35918  2.69989  2.25147  
0.429734  3.4707  2.71064  
0.506548  2.50763  4.53204  
1.62683  2.25912  2.24799  
1.3883  1.40092  4.0283  
1.21901  3.41625  0.100402  
1.35976  3.20859  0.100695  
1.30166  1.9672  3.76541  
0.643262  2.97038  3.53981  
1.44027  2.10126  3.11607  
2.14807  0.200394  1.56384  
0.0500389  3.06315  3.99625  
1.68285  2.46044  1.08447  
1.78233  1.1087  2.97429  
0.429374  3.8085  1.31179  
1.77448  0.150426  3.65215  
1.44639  1.75879  3.49813  
0.633037  1.54161  5.27122  
0.922986  2.82589  3.2212  
1.86613  0.150294  3.23299  
0.0020244  4.00202  0.0020244  
1.97069  1.35549  1.8606  
0.950691  1.93383  4.42101  
1.27124  2.37205  3.29456  
1.40703  0.10152  4.64375  
1.66026  1.46387  3.25127  
1.00768  3.53422  0.710943  
0.0387448  3.38292  3.33071  
1.319  0.97621  4.47774  
1.16176  0.100936  5.18737  
0.869091  0.992587  5.19522  
0.580986  3.90671  0.0501681  
1.13264  3.04747  2.35161  
1.20825  0.764765  4.82488  
1.51626  0.100066  4.33675  
0.0144432  3.94927  1.09312  
1.68672  1.87533  2.61419  
0.0667045  2.84923  4.3771  
0.0947348  1.58695  5.6616  
1.19478  2.75064  2.85917  
1.72371  0.739504  3.47267  
0.661489  2.16496  4.7176  
0.783659  2.33694  4.26984  
0.0735116  2.63563  4.68111  
1.93773  0.150598  2.84416  
0.676479  3.47867  2.17214  
0.472742  2.77526  4.18382  
0.841007  3.12672  2.76468  
0.574928  3.63646  1.81944  
0.917109  3.65388  0.267848  
0.810266  3.75001  0.0501578  
0.0261536  3.5714  2.80469  
1.40823  2.43337  2.64824  
1.75527  2.14768  1.48428  
1.54165  2.87277  0.100097  
0.537329  1.97371  5.08064  
0.026419  3.73189  2.28613  
1.64406  0.4673  3.87567  
1.81859  2.3579  0.150655  
1.61534  2.69461  0.562949  
1.79623  1.79102  2.02661  
0.0815535  2.38755  4.98414  
1.58562  0.218618  4.11423  
0.100268  1.26262  5.84136  
2.15123  1.07909  0.200116  
0.748842  0.652139  5.47769  
0.986163  1.53103  4.69023  
0.814223  0.0501343  5.595  
0.375836  0.140944  5.88956  
1.29343  0.10139  4.91921  
2.20006  0.200055  0.200055  
1.81965  1.38581  2.48245  
1.00217  2.14334  4.08052  
1.46708  3.02017  0.100708  
0.0212582  3.86256  1.69452  
0.798786  1.7728  4.85591  
0.0744565  2.14885  5.20457  
