1.32307  1.66103  
1.37364  0.4827  
1.50562  1.01057  
1.02451  0.962535  
1.32785  1.48761  
0.863087  1.50048  
0.629678  1.64787  
1.25211  1.19154  
1.01003  1.38189  
1.38734  0.146971  
1.59225  0.480701  
1.74186  0.709257  
0.407361  1.64848  
0.436171  1.66331  
1.46673  0.0765906  
0.346714  1.79957  
0.495468  2.06868  
0.675464  1.74349  
0.498531  1.33856  
1.11526  0.953114  
1.17642  1.77194  
1.80521  0.147667  
1.51935  1.13867  
0.682882  1.36807  
0.171461  1.82666  
1.39441  0.965253  
0.991453  1.36668  
2.09604  0.695007  
1.49821  0.759333  
1.60616  0.19138  
1.90383  1.11873  
1.91793  0.0623277  
0.802272  1.61918  
2.07523  0.132928  
1.14449  1.33808  
1.55428  0.743453  
0.797568  2.03343  
1.43256  0.691318  
1.56464  0.421026  
0.993254  1.20858  
1.08357  1.88912  
1.76564  0.705552  
1.59107  1.0997  
2.05192  0.35787  
0.895386  1.72607  
2.17298  0.19379  
0.438272  1.47465  
0.185559  1.76988  
0.167188  2.00655  
1.66945  0.700162  
0.255411  1.6186  
0.765192  1.82748  
1.26112  1.70066  
1.41491  0.665761  
0.124036  1.49925  
0.925892  1.36951  
1.41017  0.746553  
1.09039  1.46781  
1.02458  1.52853  
0.137992  1.91344  
1.55642  0.822325  
1.89501  0.468342  
0.586658  1.46273  
1.19379  1.35591  
1.21352  1.74906  
1.24118  1.1595  
1.12072  1.64514  
1.81061  0.384627  
1.66434  0.86429  
0.300094  1.73821  
1.33563  1.59851  
0.370819  1.48078  
1.56241  1.07484  
1.30619  1.22747  
0.823655  1.55539  
2.06281  0.679758  
0.730462  1.45311  
0.478056  1.8764  
1.81158  1.03405  
0.138271  1.75956  
0.496135  1.60353  
0.16845  1.50446  
0.708548  1.96574  
1.66477  0.294036  
0.524557  1.77846  
0.691258  2.06922  
1.35843  0.609828  
1.42864  0.809892  
1.47234  1.06887  
0.183145  1.78307  
1.6422  0.107658  
0.521078  1.54071  
1.58926  0.0147439  
1.95741  0.300984  
0.546932  1.56914  
1.86394  0.4665  
1.26309  1.15057  
1.0959  0.915196  
0.526939  1.67747  
0.662094  1.75245  
0.239633  0.970863  
0.293632  0.955919  
0.818198  0.574937  
0.258145  0.966106  
0.201165  0.979557  
1  0  
0.372503  0.928031  
0.945731  0.324951  
0.904668  0.426116  
0.857736  0.51409  
0.988879  0.148724  
0.386567  0.922261  
0.789382  0.613902  
0.717024  0.697048  
0.4829  0.875675  
0.811235  0.584721  
0.893481  0.449101  
0.915624  0.402036  
0.437426  0.899255  
0.399919  0.91655  
0.357662  0.933851  
0.220751  0.97533  
0.992123  0.125268  
0.139486  0.990224  
0.7255  0.688222  
0.181028  0.983478  
0.69946  0.714672  
0.757932  0.652334  
0.733781  0.679386  
0.863981  0.503524  
0.549152  0.835723  
0.471946  0.881627  
0.326664  0.94514  
0.505014  0.863111  
0.581922  0.813245  
0.958459  0.285231  
6.12323e-17  1  
0.613753  0.789498  
0.571104  0.820878  
0.527119  0.849791  
0.99785  0.0655407  
0.633948  0.773376  
0.978176  0.207779  
0.870054  0.492957  
0.79695  0.604045  
0.804172  0.594396  
0.851448  0.524439  
0.931521  0.363689  
0.881919  0.4714  
0.876019  0.482277  
0.161049  0.986946  
0.765978  0.642867  
0.592699  0.805424  
0.899086  0.437772  
0.0899689  0.995945  
0.921038  0.389472  
0.773911  0.633294  
0.950086  0.311987  
0.276162  0.961111  
0.708366  0.705845  
0.603314  0.797504  
0.662834  0.748766  
0.985453  0.169947  
0.825103  0.564982  
0.310453  0.950589  
0.690457  0.723373  
0.974304  0.225237  
0.425218  0.905091  
0.831818  0.555049  
0.887698  0.460426  
0.92636  0.376638  
0.781735  0.623611  
0.643821  0.765176  
0.749924  0.661524  
0.493996  0.869464  
0.954383  0.298586  
0.941167  0.337941  
0.538048  0.842914  
0.966485  0.256722  
0.460567  0.887625  
0.681406  0.731906  
0.838446  0.544984  
0.560158  0.828386  
0.342456  0.939534  
0.516028  0.856572  
0.741921  0.670487  
0.449107  0.893478  
0.995193  0.097932  
0.962452  0.271453  
0.970388  0.241551  
0.412772  0.910834  
0.981884  0.189482  
0.116549  0.993185  
0.623932  0.781479  
0.844986  0.534789  
0.653435  0.756983  
0.672238  0.740335  
0.0601279  0.998191  
0.910266  0.414025  
0.936319  0.351152  
0.876037  0.482244  
0.141397  0.989953  
0.163291  0.986578  
0.184071  0.982913  
0.460567  0.887625  
0.472083  0.881554  
0.385518  0.9227  
0.982013  0.188812  
0.995297  0.0968665  
0.997885  0.0650004  
0.985566  0.16929  
0.9262  0.377031  
0.765959  0.64289  
0.424616  0.905373  
0.341889  0.93974  
0.326328  0.945257  
0.356779  0.934189  
0.494395  0.869237  
0.398851  0.917016  
0.899134  0.437674  
0.411827  0.911262  
0.43682  0.899549  
0.936213  0.351433  
0.831793  0.555085  
0.716837  0.697241  
0.549553  0.835459  
0.483359  0.875422  
0.818125  0.575041  
0.505398  0.862886  
0.613713  0.789529  
0.699451  0.71468  
0.992295  0.123896  
0.690486  0.723345  
0.538595  0.842565  
0.962641  0.270781  
0.9543  0.298851  
0.838442  0.544991  
0.741837  0.670581  
0.653435  0.756983  
0.681406  0.731906  
0.64373  0.765253  
0.603306  0.79751  
0.757969  0.65229  
0.708212  0.706  
0.633948  0.773376  
0.592727  0.805403  
0.623905  0.7815  
0.931263  0.364347  
0.672197  0.740372  
1  0  
0.276552  0.960999  
0.796642  0.604451  
0.811102  0.584905  
0.781575  0.623812  
0.73368  0.679495  
0.825054  0.565054  
0.448828  0.893618  
0.789165  0.614181  
0.989019  0.14779  
0.749948  0.661497  
0.966702  0.255907  
0.803987  0.594647  
0.881919  0.4714  
0.945488  0.325656  
0.949971  0.312339  
0.851394  0.524527  
0.844976  0.534805  
0.857743  0.514078  
0.725336  0.688395  
0.863981  0.503524  
0.893465  0.449133  
0.870054  0.492957  
0.940897  0.338693  
0.910245  0.414069  
0.887747  0.460332  
0.970658  0.240464  
0.293714  0.955893  
0.904732  0.425981  
0.974462  0.224554  
0.915667  0.401937  
0.958512  0.285053  
0.920977  0.389617  
0.57111  0.820874  
0.560475  0.828171  
0.240954  0.970537  
0.310274  0.950647  
0.37128  0.928521  
6.12323e-17  1  
0.978272  0.207326  
0.259047  0.965865  
0.222311  0.974976  
0.527542  0.849529  
0.51654  0.856263  
0.0616043  0.998101  
0.773855  0.633363  
0.662884  0.748722  
0.117916  0.993024  
0.203629  0.979048  
0.0922716  0.995734  
0.582012  0.81318  
0.411405  0.911452  
6.12323e-17  1  
0.765959  0.64289  
0.22378  0.97464  
0.11855  0.992948  
0.516763  0.856129  
0.0616043  0.998101  
0.0926917  0.995695  
0.185312  0.98268  
0.3103  0.950639  
0.24187  0.970309  
0.29384  0.955855  
0.164286  0.986413  
0.371195  0.928555  
0.95428  0.298914  
0.708193  0.706019  
0.436396  0.899755  
0.398396  0.917214  
0.471949  0.881626  
0.385036  0.922902  
0.356662  0.934234  
0.970875  0.239585  
0.811012  0.58503  
0.796516  0.604617  
0.549626  0.835411  
0.494568  0.869139  
0.505806  0.862647  
0.527928  0.849289  
0.672197  0.740372  
0.560475  0.828171  
0.582101  0.813117  
0.448429  0.893818  
0.483359  0.875422  
0.460425  0.887698  
0.53893  0.84235  
0.920944  0.389696  
0.623905  0.7815  
0.603306  0.79751  
0.613645  0.789582  
0.643647  0.765322  
0.681406  0.731906  
0.662872  0.748733  
0.80383  0.594859  
0.592775  0.805368  
0.633853  0.773454  
0.733649  0.679529  
0.653327  0.757076  
0.8181  0.575076  
0.789058  0.614318  
0.773798  0.633432  
0.758003  0.652251  
0.326314  0.945261  
0.741854  0.670561  
0.749977  0.661463  
0.781495  0.623912  
0.725298  0.688435  
0.716837  0.697241  
0.699378  0.714752  
0.424087  0.905621  
0.985692  0.168554  
0.851394  0.524527  
0.571396  0.820674  
0.910245  0.414069  
0.831793  0.555085  
0.844976  0.534805  
0.863952  0.503575  
0.824984  0.565157  
0.838442  0.544991  
0.690427  0.723403  
0.881922  0.471396  
1  0  
0.857709  0.514136  
0.87005  0.492963  
0.94544  0.325797  
0.887737  0.460351  
0.89349  0.449084  
0.904739  0.425966  
0.926112  0.377249  
0.899134  0.437674  
0.940859  0.338799  
0.931158  0.364615  
0.936078  0.351793  
0.915667  0.401937  
0.992306  0.123811  
0.876037  0.482244  
0.25981  0.96566  
0.949933  0.312455  
0.962765  0.270338  
0.997906  0.0646771  
0.982257  0.187542  
0.978585  0.205843  
0.989044  0.147622  
0.958571  0.284853  
0.96687  0.25527  
0.974793  0.223111  
0.995283  0.0970108  
0.142367  0.989814  
0.204781  0.978808  
0.276976  0.960877  
0.341696  0.939811  
0.803828  0.594862  
6.12323e-17  1  
0.356453  0.934313  
0.910246  0.414068  
0.143467  0.989655  
0.662773  0.74882  
0.643563  0.765394  
0.516979  0.855998  
0.260237  0.965545  
0.733649  0.679529  
0.436335  0.899784  
0.52798  0.849257  
0.982297  0.187329  
0.935984  0.352041  
0.781431  0.623992  
0.926092  0.377298  
0.796516  0.604617  
0.96687  0.255268  
0.857723  0.514112  
0.582134  0.813093  
0.940722  0.339179  
0.989206  0.146535  
0.725267  0.688468  
0.699375  0.714755  
0.119728  0.992807  
0.423934  0.905693  
0.53895  0.842338  
0.789058  0.614318  
0.549865  0.835253  
0.633822  0.773479  
0.224484  0.974478  
0.838442  0.544991  
0.310417  0.950601  
0.505835  0.86263  
0.681355  0.731953  
0.962772  0.270316  
0.958571  0.284853  
0.992414  0.122939  
0.773751  0.63349  
0.811003  0.585042  
0.384786  0.923006  
0.326314  0.945261  
0.995339  0.0964359  
0.824965  0.565183  
0.277378  0.960761  
0.844963  0.534824  
0.985843  0.167671  
0.494658  0.869088  
0.954283  0.298904  
0.716742  0.697338  
0.0934584  0.995623  
0.899163  0.437614  
0.831793  0.555085  
0.749977  0.661463  
0.920907  0.389782  
0.341504  0.93988  
0.881923  0.471394  
0.603294  0.797519  
0.863928  0.503615  
0.945349  0.326061  
0.690427  0.723403  
0.887737  0.460351  
0.870045  0.492973  
0.370785  0.928719  
0.613562  0.789647  
0.242672  0.970108  
0.876037  0.482244  
0.411136  0.911574  
0.623767  0.78161  
0.653253  0.75714  
0.483374  0.875414  
0.165208  0.986259  
0.460348  0.887738  
0.672111  0.740451  
0.904739  0.425966  
0.448463  0.893802  
0.471949  0.881626  
0.974862  0.222809  
0.560665  0.828043  
0.186226  0.982507  
1  0  
0.851394  0.524527  
0.571547  0.820569  
0.970922  0.239395  
0.398068  0.917356  
0.758003  0.652251  
0.592775  0.805368  
0.89349  0.449084  
0.708147  0.706065  
0.915644  0.401989  
0.978668  0.20545  
0.818037  0.575165  
0.997906  0.0646771  
0.205296  0.9787  
0.931079  0.364817  
0.765944  0.642908  
0.741864  0.67055  
0.949887  0.312594  
0.0619921  0.998077  
0.294119  0.955769  
0.741864  0.67055  
6.12323e-17  1  
0.708107  0.706105  
0.14401  0.989576  
0.460254  0.887787  
0.42367  0.905816  
0.0938713  0.995584  
0.966996  0.254793  
0.765942  0.642909  
0.326247  0.945285  
0.341487  0.939887  
0.260568  0.965455  
0.985975  0.166891  
0.982423  0.186667  
0.997923  0.064416  
0.494725  0.86905  
0.356219  0.934403  
0.448354  0.893856  
0.989302  0.145882  
0.789022  0.614365  
0.592796  0.805353  
0.384284  0.923215  
0.471949  0.881626  
0.436274  0.899814  
0.516989  0.855992  
0.397817  0.917465  
0.633724  0.773559  
0.613562  0.789647  
0.662733  0.748856  
0.831721  0.555194  
0.528107  0.849178  
0.699309  0.71482  
0.803769  0.594942  
0.623737  0.781635  
0.560999  0.827817  
0.57168  0.820476  
0.550124  0.835083  
0.881923  0.471394  
0.672099  0.740461  
0.643573  0.765385  
0.773729  0.633517  
0.68124  0.73206  
0.603228  0.797569  
0.653253  0.75714  
0.810948  0.585118  
0.995363  0.096186  
0.582318  0.812961  
0.940691  0.339265  
0.781431  0.623992  
0.749988  0.661452  
0.0622841  0.998058  
0.206114  0.978528  
0.725267  0.688468  
0.716742  0.697338  
0.310462  0.950586  
0.974951  0.22242  
0.733626  0.679554  
0.370586  0.928798  
0.758003  0.652251  
0.505954  0.862561  
0.824882  0.565304  
0.838373  0.545097  
0.87002  0.493017  
0.851394  0.524527  
0.863928  0.503615  
0.539203  0.842176  
0.690352  0.723473  
0.857707  0.514139  
0.910234  0.414094  
0.817979  0.575247  
0.796458  0.604693  
0.876018  0.482279  
1  0  
0.97101  0.239039  
0.893493  0.449076  
0.926016  0.377484  
0.915618  0.402049  
0.935936  0.352171  
0.920869  0.389872  
0.899163  0.437614  
0.887737  0.460351  
0.93105  0.364891  
0.277562  0.960708  
0.904753  0.425937  
0.949887  0.312594  
0.962862  0.269993  
0.954286  0.298895  
0.958615  0.284707  
0.945349  0.326061  
0.992469  0.122497  
0.242989  0.970029  
0.978757  0.205024  
0.165995  0.986127  
0.294272  0.955722  
0.844963  0.534824  
0.224785  0.974408  
0.120289  0.992739  
0.483399  0.8754  
0.410921  0.911671  
0.186478  0.982459  
0.893493  0.449076  
6.12323e-17  1  
0.062828  0.998024  
0.925971  0.377595  
0.18715  0.982331  
0.144532  0.9895  
0.260978  0.965345  
0.166623  0.986021  
0.863886  0.503688  
0.277929  0.960602  
0.243365  0.969935  
0.539305  0.84211  
0.225229  0.974306  
0.876018  0.482279  
0.592846  0.805316  
0.881934  0.471372  
0.384013  0.923328  
0.341183  0.939997  
0.824858  0.56534  
0.397433  0.917631  
0.870007  0.49304  
0.725214  0.688524  
0.633724  0.773559  
0.949872  0.31264  
0.989364  0.145464  
0.560999  0.827817  
0.971085  0.238732  
0.662682  0.748901  
0.92084  0.389941  
0.904753  0.425937  
0.741864  0.67055  
0.571724  0.820446  
0.582312  0.812965  
0.788938  0.614473  
0.765911  0.642946  
0.733587  0.679595  
0.997952  0.063972  
0.68124  0.73206  
0.672023  0.74053  
0.506091  0.86248  
0.992502  0.122226  
0.643573  0.765385  
0.773729  0.633517  
0.962926  0.269766  
0.89917  0.437599  
0.995408  0.0957251  
0.803718  0.59501  
0.708039  0.706174  
0.603247  0.797554  
0.716722  0.697359  
0.0941965  0.995554  
0.838373  0.545097  
0.206599  0.978426  
0.758003  0.652251  
0.294441  0.95567  
0.517198  0.855866  
0.37022  0.928944  
0.494843  0.868982  
0.325941  0.94539  
0.851364  0.524575  
0.550161  0.835059  
0.355948  0.934506  
0.4719  0.881652  
0.623696  0.781667  
0.810924  0.585152  
0.690352  0.723473  
0.967055  0.254567  
0.448346  0.89386  
0.94533  0.326116  
0.910223  0.414118  
0.978847  0.204592  
0.958648  0.284594  
0.749988  0.661452  
0.436051  0.899922  
1  0  
0.699294  0.714834  
0.460254  0.887787  
0.930999  0.365021  
0.817933  0.575313  
0.528277  0.849072  
0.831665  0.555278  
0.887756  0.460314  
0.93589  0.352291  
0.796434  0.604726  
0.781429  0.623994  
0.954286  0.298895  
0.940662  0.339346  
0.8449  0.534924  
0.42355  0.905873  
0.915591  0.402112  
0.975065  0.221921  
0.857669  0.514202  
0.982475  0.186394  
0.61355  0.789656  
0.986013  0.166667  
0.483406  0.875396  
0.310462  0.950586  
0.410628  0.911803  
0.653185  0.757198  
0.120881  0.992667  
0.958658  0.284561  
6.12323e-17  1  
0.207196  0.9783  
0.326012  0.945366  
0.166856  0.985981  
0.383902  0.923374  
0.550325  0.834951  
0.261064  0.965321  
0.803718  0.59501  
0.294439  0.95567  
0.863871  0.503713  
0.971132  0.238544  
0.603261  0.797544  
0.935873  0.352338  
0.506138  0.862453  
0.954301  0.298848  
0.517314  0.855795  
0.370136  0.928977  
0.623636  0.781715  
0.423488  0.905902  
0.824836  0.565372  
0.410619  0.911807  
0.725175  0.688564  
0.494898  0.868951  
0.571728  0.820443  
0.528447  0.848966  
0.672023  0.74053  
0.851329  0.524633  
0.986064  0.166364  
0.962926  0.269766  
0.653119  0.757255  
0.910198  0.414173  
0.997961  0.063829  
0.887756  0.460314  
0.613538  0.789665  
0.904718  0.426011  
0.483477  0.875357  
1  0  
0.817925  0.575325  
0.561109  0.827742  
0.838354  0.545127  
0.995409  0.0957108  
0.945312  0.326168  
0.690287  0.723535  
0.857635  0.514259  
0.3104  0.950606  
0.749988  0.661452  
0.949863  0.312665  
0.35582  0.934555  
0.89917  0.437599  
0.243794  0.969827  
0.920825  0.389976  
0.699242  0.714885  
0.662644  0.748934  
0.940662  0.339346  
0.781381  0.624054  
0.592846  0.805316  
0.978927  0.204212  
0.0949959  0.995478  
0.633626  0.77364  
0.831629  0.555332  
0.68124  0.73206  
0.893493  0.449076  
0.716644  0.697439  
0.982586  0.185809  
0.881927  0.471387  
0.145067  0.989422  
0.915565  0.40217  
0.81088  0.585212  
0.741864  0.67055  
0.796361  0.604821  
0.992573  0.121654  
0.582359  0.812932  
0.460233  0.887798  
0.341183  0.939997  
0.187588  0.982248  
0.539438  0.842025  
0.930999  0.365021  
0.758003  0.652251  
0.773729  0.633517  
0.448249  0.893909  
0.397433  0.917631  
0.436011  0.899941  
0.765911  0.642946  
0.869979  0.493089  
0.989457  0.144827  
0.471959  0.88162  
0.8449  0.534924  
0.64348  0.765463  
0.876014  0.482285  
0.967064  0.254532  
0.733587  0.679595  
0.97509  0.221809  
0.925961  0.37762  
0.788938  0.614473  
0.277969  0.96059  
0.063424  0.997987  
0.708001  0.706211  
0.121561  0.992584  
0.22568  0.974201  
0.930977  0.365078  
6.12323e-17  1  
0.954301  0.298848  
0.187637  0.982238  
0.310435  0.950594  
0.145067  0.989422  
0.93585  0.3524  
0.904718  0.426011  
0.278241  0.960511  
0.803668  0.595079  
0.423385  0.90595  
0.749946  0.661499  
0.435929  0.899981  
0.851329  0.524633  
0.978934  0.204176  
0.824836  0.565372  
0.863868  0.503718  
0.397417  0.917638  
0.383874  0.923385  
0.471959  0.88162  
0.893514  0.449036  
0.410528  0.911848  
0.945312  0.326168  
0.982654  0.185447  
0.325926  0.945395  
0.94065  0.339378  
0.876014  0.482285  
0.592972  0.805223  
0.838303  0.545205  
0.733534  0.679652  
0.207196  0.9783  
0.975146  0.221561  
0.89917  0.437599  
0.633583  0.773674  
0.603314  0.797504  
0.571929  0.820303  
0.741828  0.67059  
0.96295  0.269679  
0.99547  0.0950799  
0.758001  0.652254  
0.460196  0.887817  
0.844882  0.534953  
0.340985  0.940069  
0.483529  0.875328  
1  0  
0.708001  0.706211  
0.971195  0.238286  
0.831629  0.555332  
0.725129  0.688613  
0.765911  0.642946  
0.0633915  0.997989  
0.121513  0.99259  
0.51755  0.855653  
0.773701  0.633551  
0.925949  0.377649  
0.653062  0.757304  
0.781381  0.624054  
0.869992  0.493066  
0.78892  0.614496  
0.796358  0.604825  
0.494916  0.868941  
0.528665  0.848831  
0.910198  0.414173  
0.550519  0.834823  
0.817889  0.575376  
0.294548  0.955637  
0.967138  0.254252  
0.582479  0.812846  
0.699221  0.714906  
0.810858  0.585243  
0.992633  0.121156  
0.623636  0.781715  
0.50621  0.86241  
0.887756  0.460314  
0.915544  0.402217  
0.997988  0.0634088  
0.716597  0.697488  
0.690287  0.723535  
0.643386  0.765542  
0.369969  0.929044  
0.539685  0.841867  
0.949863  0.312665  
0.448249  0.893909  
0.662617  0.748959  
0.613508  0.789689  
0.920808  0.390016  
0.681192  0.732105  
0.67195  0.740597  
0.98952  0.144395  
0.857637  0.514256  
0.881927  0.471387  
0.98619  0.165618  
0.958673  0.284509  
0.561281  0.827625  
0.355652  0.934619  
0.243837  0.969816  
0.2259  0.97415  
0.261382  0.965236  
0.167091  0.985942  
0.0949959  0.995478  
0.741828  0.67059  
6.12323e-17  1  
0.0633699  0.99799  
0.623636  0.781715  
0.22627  0.974065  
0.16746  0.985879  
0.97127  0.237979  
0.681192  0.732105  
0.765882  0.642982  
1  0  
0.716597  0.697488  
0.294615  0.955616  
0.261382  0.965236  
0.278254  0.960508  
0.369854  0.92909  
0.355628  0.934627  
0.460196  0.887817  
0.817862  0.575415  
0.803618  0.595145  
0.887756  0.460314  
0.67195  0.740597  
0.410402  0.911905  
0.471959  0.88162  
0.85763  0.514267  
0.592964  0.805229  
0.869979  0.493088  
0.582479  0.812846  
0.796357  0.604826  
0.773678  0.633579  
0.603321  0.797498  
0.958705  0.284401  
0.528783  0.848757  
0.483549  0.875317  
0.930926  0.365208  
0.915544  0.402217  
0.910186  0.4142  
0.844847  0.535009  
0.949863  0.312665  
0.967195  0.254036  
0.9259  0.377769  
0.188027  0.982164  
0.643386  0.765542  
0.506396  0.862301  
0.38372  0.92345  
0.920794  0.390048  
0.448127  0.89397  
0.781381  0.624054  
0.435848  0.90002  
0.899163  0.437615  
0.758001  0.652254  
0.244148  0.969738  
0.78892  0.614496  
0.982696  0.185226  
0.986217  0.165456  
0.995491  0.094856  
0.31048  0.95058  
0.863868  0.503718  
0.571941  0.820295  
0.539685  0.841867  
0.495016  0.868884  
0.954348  0.298696  
0.979015  0.203788  
0.561281  0.827625  
0.831588  0.555393  
0.55052  0.834822  
0.992644  0.121073  
0.838303  0.545205  
0.733534  0.679652  
0.423297  0.905991  
0.725128  0.688615  
0.749974  0.661467  
0.707973  0.706239  
0.810804  0.585317  
0.690245  0.723575  
0.904718  0.426011  
0.699208  0.714918  
0.975249  0.221108  
0.517687  0.85557  
0.633583  0.773674  
0.945312  0.326168  
0.96298  0.269574  
0.940636  0.339416  
0.881927  0.471387  
0.824773  0.565464  
0.121746  0.992561  
0.653053  0.757312  
0.851286  0.524703  
0.893499  0.449066  
0.98952  0.144395  
0.93585  0.3524  
0.662561  0.749008  
0.20755  0.978224  
0.997993  0.0633203  
0.0952754  0.995451  
0.61357  0.78964  
0.145438  0.989367  
0.340985  0.940069  
0.397253  0.917709  
0.876014  0.482285  
0.325926  0.945395  
0.958728  0.284325  
6.12323e-17  1  
0.930926  0.365208  
0.12218  0.992508  
0.261652  0.965162  
0.188267  0.982118  
0.167704  0.985837  
0.27834  0.960483  
0.294624  0.955613  
0.325926  0.945395  
0.095513  0.995428  
0.244279  0.969705  
0.603324  0.797496  
0.662561  0.749008  
0.410402  0.911905  
0.893499  0.449066  
0.471959  0.88162  
0.851286  0.524703  
0.435765  0.90006  
0.87601  0.482294  
0.460144  0.887844  
0.716608  0.697476  
0.989556  0.144147  
0.528783  0.848757  
0.838252  0.545282  
0.887756  0.460314  
0.803607  0.595161  
0.765893  0.642968  
0.561357  0.827574  
1  0  
0.397157  0.917751  
0.550641  0.834742  
0.355575  0.934648  
0.975249  0.221108  
0.935825  0.352466  
0.623636  0.781715  
0.681185  0.732111  
0.653053  0.757312  
0.423218  0.906028  
0.690232  0.723589  
0.940636  0.339416  
0.448127  0.89397  
0.945312  0.326168  
0.517685  0.855571  
0.383597  0.923501  
0.967198  0.254022  
0.915541  0.402224  
0.995491  0.094856  
0.707921  0.706292  
0.063513  0.997981  
0.340985  0.940069  
0.910183  0.414207  
0.483591  0.875294  
0.77365  0.633613  
0.582479  0.812846  
0.749974  0.661467  
0.863844  0.503759  
0.810747  0.585397  
0.506444  0.862273  
0.82475  0.565497  
0.92077  0.390107  
0.495016  0.868884  
0.571941  0.820295  
0.844837  0.535023  
0.539804  0.841791  
0.954348  0.298696  
0.979081  0.20347  
0.67195  0.740597  
0.869979  0.493088  
0.986244  0.165293  
0.925915  0.377731  
0.904718  0.426011  
0.857615  0.514293  
0.899161  0.437619  
0.369763  0.929126  
0.725128  0.688615  
0.788875  0.614554  
0.699165  0.71496  
0.963032  0.269389  
0.78133  0.624118  
0.949871  0.312641  
0.757974  0.652285  
0.817809  0.57549  
0.971305  0.237839  
0.992664  0.120905  
0.643385  0.765543  
0.997999  0.0632354  
0.613547  0.789658  
0.982744  0.184969  
0.88193  0.47138  
0.310484  0.950579  
0.592964  0.805229  
0.633573  0.773683  
0.733534  0.679652  
0.831559  0.555437  
0.796309  0.60489  
0.145848  0.989307  
0.207758  0.97818  
0.22627  0.974065  
0.741828  0.67059  
