1.23862  0.894635  
1.94142  0.814146  
0.755341  1.031  
0.732009  1.44287  
0.907948  0.971096  
1.14763  1.18269  
1.51423  1.15056  
1.44766  1.09199  
0.701408  1.18262  
0.984257  1.36485  
1.60076  0.856614  
1.82606  0.724151  
1.00513  1.60156  
0.521431  1.31663  
1.49343  1.09635  
1.37022  1.20361  
0.819115  1.60233  
1.32919  1.00636  
0.782657  1.20879  
1.9067  1.32011  
1.64154  1.08028  
1.77642  1.22511  
1.32635  1.15576  
1.77262  1.14424  
1.18367  1.09456  
1.49028  1.21819  
1.78912  1.52874  
0.938222  0.966339  
1.67827  1.07977  
1.38968  1.00773  
0.751323  1.28663  
1.0888  1.00904  
1.34061  0.739048  
1.55109  1.148  
1.78349  1.07749  
1.07689  0.577745  
1.07703  1.30164  
1.05118  1.19134  
1.44293  1.08086  
0.637674  1.28568  
1.3182  0.974562  
1.69388  1.12696  
0.986952  0.981443  
2.53384  0.910738  
0.781834  1.18978  
1.04304  1.14696  
2.18703  1.09236  
0.539933  1.20032  
1.12091  0.949651  
1.71465  1.36802  
1.64988  1.18569  
1.00696  1.31403  
0.40976  1.11119  
1.30878  1.03678  
1.30628  1.02873  
1.22709  0.915406  
0.934982  0.8951  
0.640202  1.2682  
1.49245  1.1358  
1.61982  0.585916  
0.916471  1.19734  
2.1368  0.888662  
0.895283  1.0393  
1.86553  0.80219  
1.46863  0.716924  
1.30937  1.67999  
1.00902  0.871764  
0.788081  0.990264  
0.898445  1.78096  
2.15819  0.936289  
1.29897  0.905647  
1.70235  0.91  
1.1446  1.19688  
1.81999  0.547032  
1.73573  1.36838  
1.70001  1.10773  
1.17957  0.92053  
0.600454  1.29208  
1.1831  0.930232  
1.60067  1.12756  
1.26361  1.39704  
1.65848  1.39015  
0.599361  1.20252  
0.974747  1.34073  
1.3487  0.886986  
0.991843  1.41032  
2.06683  0.872554  
1.96531  1.04995  
0.614097  1.27291  
0.780994  1.23001  
1.19912  1.54021  
0.863331  1.27501  
1.46993  0.628724  
0.885059  1.20877  
1.34166  1.03145  
1.05031  1.38254  
1.19566  1.39238  
0.838247  1.19179  
1.0784  1.14022  
0.906689  1.22164  
0.0118486  0.891205  
1.04949e-06  0.999874  
0.666029  0.184712  
0.00259689  0.949098  
0.461441  0.32073  
0.316026  0.437846  
0.511745  0.284788  
0.133868  0.634147  
0.47097  0.313754  
0.304486  0.448223  
0.502183  0.291372  
0.223664  0.527077  
0.793784  0.109164  
0.481451  0.30615  
0.345011  0.412635  
0.106563  0.673575  
0.309909  0.443319  
0.0829723  0.711982  
0.442803  0.334793  
0.230074  0.520355  
0.283377  0.467689  
0.0719734  0.731828  
0.368478  0.39299  
0.193396  0.560516  
0.0968904  0.688744  
0.377212  0.385866  
0.3374  0.419177  
0.25792  0.492152  
0.159266  0.600928  
0.218523  0.532548  
0.139995  0.625849  
0.128503  0.641541  
0.054759  0.766028  
0.410605  0.359228  
0.174277  0.582557  
0.0422698  0.794468  
0.518743  0.279994  
0.329006  0.426419  
0.0173154  0.868436  
0.0471401  0.783101  
0.213311  0.538153  
0.252049  0.497965  
0.186138  0.568591  
0.781093  0.116229  
0.205893  0.546307  
0.0262226  0.838079  
0.235871  0.51435  
0.264152  0.486051  
0.0511888  0.773772  
0.387057  0.377871  
0.164545  0.594368  
0.761299  0.127972  
0.0233487  0.847204  
0.101623  0.681239  
0.199479  0.553391  
0.14918  0.613775  
0.289558  0.461919  
0.144558  0.619812  
0.153953  0.60765  
0.116724  0.6584  
0.360512  0.3996  
0.433202  0.341846  
0.0203346  0.857426  
0.394268  0.372116  
0.489437  0.300422  
0.122346  0.650233  
0.653771  0.192648  
0.179373  0.576489  
0.0297633  0.82752  
0.322564  0.432172  
0.401597  0.366305  
0.240962  0.50914  
0.111111  0.666687  
0.675847  0.178628  
0.425982  0.347348  
0.452162  0.327583  
0.552761  0.266127  
0.0627323  0.749569  
0.0335272  0.81696  
0.000886462  0.970287  
0.352959  0.405912  
0.00461789  0.932083  
0.0875104  0.704186  
0.651368  0.194873  
0.41821  0.353332  
0.246329  0.503703  
0.0768402  0.722883  
0.530753  0.271848  
0.0146837  0.878846  
0.773149  0.120724  
0.0373612  0.806743  
0.0668136  0.741535  
0.270703  0.47972  
0.277105  0.473616  
0.169282  0.588585  
0.00680108  0.917585  
0.0922696  0.696248  
0.00912425  0.904503  
0.0585397  0.758069  
0.297815  0.454296  
0.270698  0.479716  
0.0182906  0.864774  
0.000924197  0.969606  
0.186128  0.56858  
0.026048  0.838624  
0.480714  0.306678  
0.520254  0.278729  
0.418209  0.353313  
0.744313  0.137454  
0.368476  0.392983  
0.622558  0.211699  
0.21527  0.536034  
0.0335163  0.816936  
0.377189  0.385849  
0.135659  0.631686  
0.360509  0.399581  
0.0585372  0.758065  
0.0673833  0.740423  
0.33693  0.419551  
0.303953  0.448685  
0.580796  0.238943  
0.180138  0.575579  
0.296929  0.455092  
0.322468  0.432144  
0.264148  0.48605  
0.553928  0.255754  
0.148203  0.615033  
0.122752  0.649644  
0.489983  0.300023  
0.236868  0.513316  
0.0823817  0.712988  
0.00519086  0.927998  
0.200662  0.552063  
0.0146827  0.878835  
0.283368  0.467679  
0.0297548  0.827514  
0.76091  0.127729  
0.277094  0.473608  
0.686376  0.172378  
2.1152e-07  0.999867  
0.461431  0.320717  
0.402491  0.365582  
0.142206  0.622904  
0.129193  0.640568  
0.676171  0.17775  
0.782227  0.115627  
0.664968  0.184551  
0.116034  0.659385  
0.442683  0.334666  
0.0461555  0.78517  
0.108646  0.670536  
0.103025  0.679137  
0.167491  0.590765  
0.63391  0.203902  
0.0968892  0.688736  
0.329133  0.426309  
0.0543001  0.76698  
0.19327  0.560381  
0.0112053  0.894178  
0.34501  0.41263  
0.250511  0.499504  
0.655244  0.190538  
0.410602  0.35922  
0.243665  0.506393  
0.56316  0.249604  
0.434166  0.341121  
0.0418897  0.795343  
0.207934  0.544019  
0.161095  0.598647  
0.00283384  0.946784  
0.452155  0.32758  
0.470952  0.313744  
0.154742  0.606643  
0.0719374  0.731794  
0.256804  0.493254  
0.530364  0.271747  
0.173761  0.583161  
0.00800192  0.910562  
0.0922679  0.696246  
0.501312  0.291981  
0.425966  0.347345  
0.289732  0.461735  
0.394225  0.37213  
0.0768171  0.722845  
0.773144  0.120716  
0.0875087  0.704184  
0.352957  0.405902  
0.53982  0.265284  
0.0376764  0.805905  
0.386152  0.3786  
0.222757  0.528041  
0.645936  0.19632  
0.799747  0.105908  
0.0502173  0.775911  
0.230065  0.520353  
0.31347  0.440169  
0.0221831  0.851071  
0.0627232  0.749558  
0.511252  0.284993  
0.576059  0.241175  
0.586042  0.234548  
0.0112025  0.894168  
0.00800071  0.91056  
0.251459  0.498553  
0.000742354  0.972759  
1.62386e-07  0.999867  
0.00500198  0.929297  
0.442681  0.334661  
0.0219865  0.851726  
0.344922  0.412701  
0.20066  0.552053  
0.418209  0.353311  
0.289731  0.461734  
0.154594  0.606818  
0.60896  0.219764  
0.452154  0.327578  
0.622254  0.211176  
0.0951406  0.691562  
0.0714061  0.73279  
0.0823798  0.712984  
0.783242  0.11506  
0.259291  0.490827  
0.0768164  0.722845  
0.0566572  0.761997  
0.161054  0.598688  
0.0266764  0.836771  
0.148202  0.615031  
0.655236  0.190535  
0.40249  0.365581  
0.116361  0.658887  
0.368476  0.39298  
0.461429  0.320716  
0.0522431  0.771456  
0.329463  0.426018  
0.230064  0.520351  
0.760898  0.127709  
0.281599  0.469382  
0.0889159  0.70182  
0.633985  0.203777  
0.0612276  0.75258  
0.243652  0.50639  
0.0364418  0.80915  
0.539818  0.26528  
0.167483  0.590757  
0.501303  0.291976  
0.129193  0.640568  
0.434149  0.341103  
0.425965  0.347342  
0.142205  0.622902  
0.193268  0.560378  
0.645913  0.196317  
0.386147  0.378596  
0.313138  0.440415  
0.552426  0.256773  
0.186392  0.568271  
0.180137  0.575576  
0.377188  0.385845  
0.29693  0.455089  
0.266471  0.483825  
0.360508  0.399578  
0.0314434  0.822775  
0.215268  0.536031  
0.53036  0.271743  
0.0477276  0.781548  
0.304613  0.448099  
0.736789  0.142997  
0.480709  0.306671  
0.0660477  0.743027  
0.122751  0.649643  
0.690039  0.16939  
0.52025  0.278725  
0.336931  0.419544  
0.018288  0.864772  
0.109891  0.668518  
0.665139  0.184445  
0.322339  0.432255  
0.236866  0.513314  
0.563729  0.249187  
0.394224  0.372129  
0.10214  0.680419  
0.773143  0.120716  
0.0425212  0.7938  
0.222661  0.528132  
0.410602  0.359219  
0.470952  0.313742  
0.511247  0.284988  
0.490355  0.299749  
0.803552  0.103796  
0.676148  0.177721  
0.934434  0.033971  
0.207927  0.544014  
0.741214  0.13907  
0.942853  0.0290348  
0.2738  0.476763  
0.173758  0.58316  
0.575853  0.241158  
0.00253599  0.949662  
0.135658  0.631685  
0.352954  0.405902  
0.0146826  0.878834  
0.0661633  0.742785  
0.0316298  0.822168  
0.00086554  0.970589  
0.00792229  0.910996  
0.00500036  0.929295  
0.0364313  0.809136  
0.386147  0.378595  
0.236847  0.513332  
0.575852  0.241152  
0.0419603  0.79517  
0.62225  0.211174  
0.728832  0.146666  
0.808614  0.100903  
0.129192  0.640568  
0.11636  0.658887  
0.154593  0.606818  
0.173757  0.583159  
0.0469706  0.783311  
0.186596  0.568034  
0.0823791  0.712984  
0.676828  0.17732  
0.207925  0.544014  
0.539818  0.265279  
0.452154  0.327577  
0.304608  0.448091  
0.24411  0.50593  
0.180137  0.575576  
0.281571  0.46937  
0.10925  0.669472  
0.148202  0.615031  
0.434304  0.340985  
0.23005  0.520365  
0.442796  0.334573  
0.480708  0.306669  
0.410378  0.359395  
0.655236  0.190534  
0.251456  0.498549  
0.0768161  0.722844  
0.0612484  0.75252  
0.259221  0.490865  
0.607843  0.220526  
0.760897  0.127708  
0.368475  0.392979  
0.27388  0.47667  
0.142204  0.622901  
0.266454  0.483812  
0.0955968  0.690817  
0.927152  0.038505  
0.135657  0.631684  
0.0182875  0.864771  
0.645911  0.196316  
0.322034  0.432523  
0.360508  0.399578  
0.336931  0.419544  
0.665469  0.18425  
0.193671  0.559923  
0.511078  0.285105  
0.470952  0.313741  
0.344922  0.412701  
0.402489  0.36558  
0.200659  0.552052  
0.946877  0.0282945  
0.222646  0.528147  
0.520245  0.278721  
0.741207  0.139068  
0.352822  0.406013  
0.394223  0.372129  
0.78614  0.113619  
0.0518542  0.772296  
0.289494  0.461954  
0.563726  0.249186  
0.461429  0.320715  
0.297215  0.454827  
0.0889146  0.701818  
0.0714057  0.732785  
0.53036  0.271743  
0.589023  0.232544  
0.692759  0.168018  
0.552411  0.256762  
0.633979  0.203774  
0.377188  0.385844  
0.490355  0.299748  
0.418208  0.353311  
0.329462  0.426014  
0.313237  0.440325  
0.501302  0.291974  
0.167481  0.590756  
0.102136  0.680417  
0.215268  0.536031  
0.772987  0.120806  
0.426168  0.347186  
0.0268529  0.836142  
0.161053  0.598687  
0.122751  0.649643  
0.022351  0.850509  
0.0566488  0.761994  
0.0146817  0.878834  
0.0111676  0.894329  
0.00264553  0.948585  
1.34748e-07  0.999866  
0.313237  0.440325  
0.0146816  0.878834  
6.22012e-08  0.999866  
0.0026445  0.948583  
0.0316292  0.82216  
0.036677  0.80849  
0.142204  0.622901  
0.000865256  0.97059  
0.229992  0.520426  
0.11636  0.658886  
0.00792221  0.910996  
0.304606  0.44809  
0.0184378  0.864215  
0.520244  0.278721  
0.102169  0.680363  
0.0566486  0.761993  
0.071528  0.732554  
0.0827019  0.712422  
0.0768161  0.722844  
0.10925  0.669471  
0.0612479  0.75252  
0.066343  0.742431  
0.222646  0.528147  
0.0955957  0.690816  
0.329072  0.426357  
0.129192  0.640568  
0.122751  0.649642  
0.173757  0.583159  
0.135657  0.631684  
0.377188  0.385844  
0.186596  0.568033  
0.490355  0.299748  
0.200659  0.552051  
0.167481  0.590756  
0.540028  0.265138  
0.923352  0.0391323  
0.607455  0.220617  
0.622249  0.211173  
0.452154  0.327577  
0.321149  0.433314  
0.207924  0.544014  
0.28157  0.469369  
0.760313  0.128085  
0.244109  0.505929  
0.215268  0.536031  
0.665512  0.184214  
0.694028  0.167064  
0.394223  0.372129  
0.352822  0.406013  
0.461429  0.320715  
0.0419577  0.795167  
0.344921  0.4127  
0.297215  0.454827  
0.810212  0.100025  
0.480708  0.306669  
0.434333  0.340961  
0.402332  0.365705  
0.0889139  0.701817  
0.470952  0.313741  
0.418208  0.353311  
0.360508  0.399577  
0.193669  0.559922  
0.426167  0.347186  
0.785855  0.113518  
0.442795  0.334573  
0.590213  0.231765  
0.180137  0.575576  
0.575852  0.241152  
0.266452  0.483811  
0.633977  0.203774  
0.741229  0.139054  
0.563724  0.249186  
0.511077  0.285104  
0.273879  0.476668  
0.677464  0.17699  
0.368475  0.392979  
0.53036  0.271742  
0.259221  0.490865  
0.148202  0.615031  
0.655236  0.190534  
0.236913  0.513265  
0.410377  0.359395  
0.551967  0.257059  
0.772985  0.120805  
0.645441  0.196615  
0.501008  0.292185  
0.336931  0.419543  
0.947381  0.0268759  
0.726103  0.147958  
0.161053  0.598687  
0.251454  0.498548  
0.0268519  0.83614  
0.289494  0.461954  
0.154593  0.606818  
0.0223508  0.850509  
0.386147  0.378594  
0.00499959  0.929294  
0.0111671  0.894329  
0.0468644  0.783525  
0.0518527  0.772294  
0.490355  0.299748  
6.22012e-08  0.999866  
0.352821  0.406013  
0.0184378  0.864215  
0.00268967  0.948149  
0.0146815  0.878834  
0.511077  0.285104  
0.329071  0.426355  
0.31307  0.440474  
0.0468634  0.783523  
0.0268511  0.836139  
0.695013  0.166369  
0.551965  0.257058  
0.0366768  0.80849  
0.00794935  0.910843  
0.273887  0.476658  
0.921169  0.0402735  
0.772985  0.120805  
0.81075  0.0995994  
0.344921  0.4127  
0.129192  0.640568  
0.418208  0.35331  
0.304992  0.447745  
0.471001  0.313705  
0.122751  0.649642  
0.244108  0.505929  
0.0111671  0.894329  
0.266452  0.48381  
0.948312  0.0261975  
0.0050596  0.928875  
0.215268  0.536031  
0.590211  0.231752  
0.207924  0.544014  
0.60745  0.220612  
0.540027  0.265137  
0.237018  0.513156  
0.200659  0.552051  
0.222646  0.528147  
0.461429  0.320715  
0.108703  0.6703  
0.321143  0.43331  
0.186982  0.567588  
0.297215  0.454827  
0.154593  0.606817  
0.193862  0.559704  
0.229869  0.520554  
0.167481  0.590756  
0.336931  0.419543  
0.289354  0.462086  
0.785854  0.113517  
0.434333  0.340961  
0.368475  0.392979  
0.142204  0.622901  
0.426167  0.347186  
0.0566483  0.761992  
0.0772933  0.721986  
0.452154  0.327576  
0.665511  0.184213  
0.0827017  0.712421  
0.0612479  0.75252  
0.402332  0.365704  
0.0663422  0.742431  
0.575852  0.241151  
0.173757  0.583159  
0.76009  0.128173  
0.622249  0.211173  
0.148202  0.615031  
0.0417834  0.795592  
0.0316288  0.822158  
0.28157  0.469369  
0.0953724  0.691177  
0.0518518  0.772293  
0.251454  0.498548  
0.633977  0.203773  
0.520452  0.278579  
0.161053  0.598687  
0.0223491  0.850508  
0.501007  0.292184  
0.410376  0.359394  
0.725074  0.14853  
0.0715278  0.732554  
0.563724  0.249185  
0.480708  0.306669  
0.655236  0.190534  
0.25922  0.490864  
0.645434  0.196613  
0.386146  0.378594  
0.135657  0.631684  
0.53036  0.271742  
0.360508  0.399577  
0.10227  0.680205  
0.741229  0.139054  
0.677952  0.176636  
0.0889139  0.701817  
0.180136  0.575576  
0.377188  0.385844  
0.443237  0.334253  
0.115732  0.659807  
0.394223  0.372128  
0.000865195  0.970588  
0.142204  0.622901  
0.0146814  0.878834  
6.22012e-08  0.999866  
0.229869  0.520554  
0.00794932  0.910842  
0.101809  0.680926  
0.00268945  0.948148  
0.633977  0.203773  
0.607449  0.220611  
0.129192  0.640568  
0.0715278  0.732554  
0.0566482  0.761992  
0.434662  0.340717  
0.0468627  0.783523  
0.0366766  0.80849  
0.0417833  0.795592  
0.0612473  0.75252  
0.173757  0.583159  
0.950258  0.0252067  
0.344921  0.4127  
0.443233  0.334246  
0.148202  0.615031  
0.0892879  0.701191  
0.122751  0.649642  
0.258848  0.491232  
0.108703  0.6703  
0.207924  0.544013  
0.786344  0.113258  
0.723892  0.14924  
0.590437  0.231604  
0.38613  0.378607  
0.154593  0.606817  
0.30499  0.447743  
0.215268  0.536031  
0.244112  0.505924  
0.490525  0.299627  
0.180136  0.575576  
0.186982  0.567588  
0.402332  0.365704  
0.919083  0.0413652  
0.426167  0.347186  
0.540026  0.265136  
0.28157  0.469369  
0.471001  0.313705  
0.273887  0.476658  
0.0111668  0.894329  
0.161053  0.598687  
0.812543  0.0987825  
0.501006  0.292183  
0.360508  0.399577  
0.0184378  0.864215  
0.297214  0.454827  
0.329071  0.426354  
0.759825  0.128331  
0.0772017  0.722149  
0.772985  0.120805  
0.551965  0.257057  
0.115732  0.659807  
0.53036  0.271742  
0.289353  0.462085  
0.135659  0.631681  
0.665886  0.183985  
0.251454  0.498548  
0.266452  0.48381  
0.394223  0.372128  
0.237018  0.513156  
0.563724  0.249185  
0.410376  0.359394  
0.31307  0.440474  
0.520451  0.278578  
0.511069  0.28511  
0.368727  0.392772  
0.69578  0.165887  
0.621874  0.211417  
0.167352  0.590914  
0.222645  0.528147  
0.576411  0.2408  
0.645432  0.196613  
0.352774  0.406052  
0.051851  0.772293  
0.321143  0.433307  
0.377188  0.385844  
0.0225942  0.849698  
0.336976  0.419504  
0.655236  0.190534  
0.452154  0.327576  
0.480708  0.306669  
0.461429  0.320715  
0.200659  0.552051  
0.0830904  0.711747  
0.741229  0.139054  
0.678308  0.176417  
0.193791  0.559784  
0.066342  0.742431  
0.00505919  0.928875  
0.418208  0.35331  
0.000886875  0.970225  
0.0953724  0.691176  
0.0316286  0.822158  
0.0268809  0.836047  
0.38613  0.378607  
6.11095e-08  0.999866  
0.551965  0.257057  
0.0316285  0.822157  
0.0270803  0.83544  
0.154593  0.606817  
0.00268907  0.948148  
0.135608  0.631751  
0.186981  0.567587  
0.273887  0.476658  
0.061247  0.75252  
0.321143  0.433306  
0.812414  0.0986648  
0.540026  0.265136  
0.161053  0.598687  
0.167352  0.590913  
0.101809  0.680926  
0.418234  0.35329  
0.0953723  0.691176  
0.402332  0.365704  
0.490525  0.299626  
0.461429  0.320715  
0.28157  0.469369  
0.576404  0.240789  
0.244111  0.505924  
0.410376  0.359394  
0.129192  0.640568  
0.759821  0.128325  
0.200659  0.552051  
0.723872  0.1492  
0.394223  0.372128  
0.0566481  0.761992  
0.590576  0.231516  
0.950883  0.0249148  
0.368726  0.392772  
0.678296  0.176414  
0.222645  0.528147  
0.360508  0.399577  
0.919046  0.0413346  
0.0517666  0.772478  
0.645079  0.196842  
0.741229  0.139054  
0.251454  0.498548  
0.426167  0.347186  
0.787002  0.112905  
0.289353  0.462085  
0.511068  0.28511  
0.148201  0.615031  
0.266452  0.48381  
0.336976  0.419504  
0.000886782  0.970224  
0.0225933  0.849694  
0.633945  0.203793  
0.329071  0.426354  
0.0830903  0.711747  
0.041783  0.795592  
0.229869  0.520554  
0.471001  0.313705  
0.621872  0.211414  
0.452154  0.327576  
0.563724  0.249185  
0.258847  0.491231  
0.665885  0.183984  
0.173757  0.583159  
0.30499  0.447743  
0.207924  0.544013  
0.480708  0.306669  
0.344921  0.4127  
0.501006  0.292182  
0.215268  0.536031  
0.180486  0.575165  
0.0772015  0.722149  
0.297214  0.454826  
0.115732  0.659807  
0.607449  0.22061  
0.53036  0.271742  
0.0468626  0.783523  
0.108703  0.6703  
0.43466  0.340715  
0.352774  0.406052  
0.0185445  0.863822  
0.377188  0.385844  
0.122751  0.649642  
0.237017  0.513156  
0.0663419  0.742431  
0.655236  0.190534  
0.313069  0.440474  
0.443231  0.334245  
0.141869  0.623346  
0.193791  0.559784  
0.0892873  0.701191  
0.0111665  0.894329  
0.695774  0.165871  
0.0366765  0.80849  
0.772985  0.120805  
0.0715277  0.732554  
0.0079493  0.910842  
0.00510865  0.928527  
0.52045  0.278578  
0.0146814  0.878834  
0.352774  0.406052  
0.00268893  0.948148  
6.07455e-08  0.999866  
0.741228  0.139054  
0.377188  0.385844  
0.297214  0.454826  
0.52045  0.278578  
0.540845  0.26461  
0.0146814  0.878834  
0.141869  0.623345  
0.329071  0.426354  
0.51087  0.28525  
0.633767  0.20391  
0.501006  0.292182  
0.426167  0.347186  
0.0270802  0.83544  
0.244111  0.505924  
0.273887  0.476658  
0.266452  0.48381  
0.772985  0.120805  
0.0716365  0.73235  
0.122609  0.649845  
0.11566  0.659912  
0.0892873  0.701191  
0.135608  0.631751  
0.759048  0.128789  
0.0185445  0.863822  
0.394223  0.372128  
0.167352  0.590913  
0.402332  0.365704  
0.655236  0.190534  
0.607449  0.22061  
0.0517666  0.772478  
0.215268  0.536031  
0.237017  0.513156  
0.154593  0.606817  
0.665884  0.183984  
0.222645  0.528147  
0.28157  0.469369  
0.787646  0.112542  
0.471001  0.313705  
0.410376  0.359394  
0.200659  0.552051  
0.101809  0.680926  
0.108703  0.6703  
0.321072  0.433368  
0.0830902  0.711747  
0.53036  0.271742  
0.0613941  0.752223  
0.480708  0.306669  
0.00794929  0.910842  
0.305019  0.447715  
0.313069  0.440474  
0.368726  0.392772  
0.461429  0.320715  
0.251454  0.498548  
0.344921  0.4127  
0.418234  0.35329  
0.173816  0.583087  
0.258847  0.491231  
0.44323  0.334245  
0.161053  0.598687  
0.385884  0.378806  
0.0468626  0.783523  
0.621589  0.211597  
0.434659  0.340714  
0.452154  0.327576  
0.18705  0.567508  
0.360508  0.399577  
0.0772015  0.722149  
0.129192  0.640568  
0.954635  0.0235076  
0.28936  0.462079  
0.229869  0.520554  
0.814784  0.0974751  
0.590575  0.231513  
0.551965  0.257057  
0.576403  0.240788  
0.180486  0.575165  
0.645045  0.196856  
0.193791  0.559783  
0.207924  0.544013  
0.148201  0.615031  
0.563861  0.249095  
0.336976  0.419504  
0.00088668  0.970224  
0.696088  0.165688  
0.722327  0.15014  
0.917965  0.0419025  
0.678986  0.176  
0.00510854  0.928527  
0.0953789  0.691165  
0.0663419  0.742431  
0.0111665  0.894329  
0.490525  0.299626  
0.0316283  0.822157  
0.0566481  0.761992  
0.041783  0.795591  
0.0366764  0.80849  
0.022593  0.849692  
0.297214  0.454826  
0.00510847  0.928527  
6.07455e-08  0.999866  
0.916083  0.0429204  
0.0366764  0.80849  
0.00794929  0.910842  
0.0468626  0.783523  
0.0316282  0.822157  
0.410376  0.359394  
0.0517665  0.772478  
0.51083  0.285278  
0.041783  0.795591  
0.655236  0.190534  
0.141869  0.623345  
0.0663419  0.742431  
0.251454  0.498548  
0.956487  0.0220649  
0.0716365  0.73235  
0.061394  0.752222  
0.0772015  0.722149  
0.480708  0.306669  
0.122231  0.650385  
0.167352  0.590913  
0.0892873  0.701191  
0.0956193  0.690777  
0.305019  0.447715  
0.101904  0.680777  
0.148201  0.615031  
0.108737  0.670248  
0.11566  0.659912  
0.200659  0.552051  
0.154593  0.606817  
0.161053  0.598687  
0.426166  0.347186  
0.741157  0.139096  
0.173836  0.583064  
0.180486  0.575164  
0.18705  0.567508  
0.207924  0.544013  
0.237017  0.513156  
0.229869  0.520553  
0.336976  0.419504  
0.52045  0.278578  
0.215268  0.536031  
0.28157  0.469369  
0.418234  0.35329  
0.329071  0.426354  
0.360608  0.399494  
0.28936  0.462079  
0.633765  0.203908  
0.00268887  0.948148  
0.665883  0.183984  
0.0111665  0.894329  
0.540825  0.264599  
0.53036  0.271742  
0.313069  0.440474  
0.0565355  0.762228  
0.0830902  0.711747  
0.402332  0.365704  
0.551965  0.257057  
0.377188  0.385844  
0.576736  0.240572  
0.434659  0.340714  
0.471001  0.313705  
0.563861  0.249095  
0.385884  0.378806  
0.193791  0.559783  
0.696947  0.165201  
0.759045  0.12877  
0.501006  0.292182  
0.244111  0.505924  
0.490524  0.299626  
0.645043  0.196856  
0.352774  0.406052  
0.678987  0.175997  
0.590574  0.231512  
0.607449  0.22061  
0.394223  0.372128  
0.44336  0.334148  
0.816756  0.0965562  
0.452154  0.327576  
0.344921  0.4127  
0.321072  0.433368  
0.722312  0.150115  
0.258846  0.491231  
0.621585  0.211595  
0.461429  0.320715  
0.772985  0.120804  
0.266452  0.48381  
0.36883  0.392687  
0.0185445  0.863822  
0.135608  0.631751  
0.788197  0.112208  
0.222645  0.528147  
0.0270801  0.83544  
0.273887  0.476658  
0.0146813  0.878834  
0.129192  0.640568  
0.0225928  0.849692  
0.000886642  0.970224  
