0.482203  0.343882  2.30954  
0.402838  0.610898  0.681561  
0.927793  0.372215  0.0256021  
0.763046  2.95476  3.17827  
1.24536  3.2944  3.83102  
3.12827  0.425463  3.42603  
0.042919  0.929778  0.365611  
3.00834  0.185855  3.32927  
1.55021  0.413571  3.00578  
0.0540379  0.0716524  1.31041  
0.684946  0.241533  0.687394  
0.805742  0.422508  2.60383  
0.967607  0.194169  0.161352  
0.836218  0.31938  0.445798  
0.0777602  0.990106  0.116804  
0.842662  2.12573  3.59643  
1.19069  2.94741  4.0105  
0.445845  0.0508732  2.17616  
0.546328  0.644748  0.534626  
0.399816  2.05405  2.67142  
0.0143669  0.033753  1.13515  
1.86709  0.766662  3.29027  
0.48916  0.801432  0.344136  
0.0995825  0.0853  1.4953  
1.21884  1.15524  3.00393  
0.885321  1.38368  2.92174  
0.09876  0.182867  1.66438  
0.830133  0.529752  0.173903  
0.0280894  0.000157898  1.14339  
0.465218  0.864752  0.189145  
0.132848  0.882994  0.450191  
0.175425  0.725384  0.665616  
0.274872  0.594405  2.51991  
0.14016  0.207707  1.73107  
0.965614  0.110514  0.235324  
2.40874  1.06698  3.43596  
2.27594  1.80117  3.48119  
0.308108  0.0668783  1.94241  
0.759049  0.646446  0.0771475  
0.456378  0.763785  0.456456  
0.59039  0.785392  0.18601  
1.65372  1.7932  3.46769  
0.681967  0.252188  0.686529  
0.313777  0.864121  0.393496  
0.462279  0.980241  3.04421  
2.56815  0.058824  3.05986  
0.44369  1.44051  2.80389  
2.87033  2.0903  3.76358  
0.539145  0.790542  0.29046  
0.825084  0.490326  0.280742  
0.289027  0.51734  2.15233  
0.107449  0.927498  0.358053  
0.0117004  1.58479  2.65311  
0.533307  0.744752  0.401158  
1.15704  1.85917  2.98334  
0.707118  0.684836  0.176025  
0.743044  0.552014  0.378373  
0.988982  0.115889  0.0921115  
0.179517  0.750788  0.635682  
0.0832707  0.0748594  1.41764  
0.0715559  1.24685  3.17785  
0.264918  2.00874  3.35203  
1.09272  1.48596  3.31251  
0.85479  2.26953  3.35373  
0.869481  0.430858  0.241588  
0.255572  0.380152  2.13875  
0.918314  0.342972  0.197661  
1.97938  0.220278  2.87413  
0.777459  0.626567  0.0545053  
1.43752  0.81283  3.23841  
0.245849  0.131627  1.8389  
0.906225  0.196849  0.374176  
2.57387  0.699079  3.51774  
0.498114  0.767691  0.403154  
0.88356  1.41741  3.03708  
0.24081  0.97024  0.0254088  
0.686386  0.718121  0.114785  
0.996921  0.0373863  0.0689273  
0.692652  0.657954  0.295517  
0.420867  0.112365  2.06215  
0.323672  0.934066  0.150853  
0.0940858  0.95857  0.26887  
1.84119  1.02726  3.48993  
2.56756  0.882964  3.52829  
0.765363  0.264147  0.586895  
0.335414  0.932798  0.131852  
0.162466  0.0282299  1.4491  
0.198655  0.0721291  1.70638  
0.142164  0.524391  2.25174  
0.636722  0.875523  2.68419  
0.869464  0.145527  0.472075  
0.657321  0.671758  0.34157  
0.838582  1.27382  2.71317  
0.895391  0.108478  0.431866  
0.177572  0.853677  0.489596  
2.28576  0.245937  3.16052  
0.571451  0.728927  0.376975  
0.858436  0.256106  0.444407  
0.028459  0.0771631  1.298  
0.145714  0.299708  1.95149  
6.02818e-17  0.984476  0.175518  
0.44073  0.852434  0.281269  
0.84717  0.324591  0.420646  
0.43036  0.655789  0.620267  
0.319238  0.630944  0.707105  
4.32979e-17  0.707108  0.707106  
0.449197  0.546098  0.707106  
0.387181  0.728531  0.565096  
0.707109  0  0.707105  
0.361721  0.895703  0.258599  
0.923907  0.382616  4.85693e-17  
0.588302  0.392304  0.707105  
0.407784  0.57768  0.707105  
0.486366  0.579516  0.653919  
0.838167  3.40516e-17  0.545414  
0.626974  0.645572  0.436051  
0.267955  0.654372  0.707105  
5.90952e-17  0.965099  0.261887  
0.568936  0.672322  0.473599  
0.522948  0.475954  0.707102  
0.61718  0.345095  0.707105  
0.660621  0.488724  0.56985  
0.540899  0.841088  2.28655e-17  
0.500136  0.802316  0.325811  
0.701887  0.536042  0.469056  
0.846453  0.532463  4.85693e-17  
0.485591  0.699767  0.523954  
4.53256e-17  0.740223  0.672362  
0.369637  0.929176  4.85693e-17  
0.312246  0.691663  0.651234  
0.793868  0.389904  0.466635  
0.617995  0.579302  0.531499  
0.644227  0.291511  0.707102  
0.300371  0.953822  0  
0.690132  0.154029  0.707102  
0.391519  0.82383  0.4099  
0.796871  3.23739e-17  0.604149  
0.576697  0.527975  0.623429  
0.262732  0.845776  0.464365  
0.670035  0.74233  4.85693e-17  
0.14036  0.693039  0.707104  
5.77206e-17  0.942649  0.333787  
0.209972  0.675215  0.707105  
0.539772  0.736469  0.407749  
0.556871  0.435778  0.707102  
0.364763  0.605764  0.707105  
0.62416  0.4284  0.653374  
0.822502  0.458629  0.336378  
0.814  0.580864  2.28655e-17  
5.62066e-17  0.917924  0.396757  
0.264216  0.753648  0.601835  
4.74628e-17  0.775127  0.631805  
0.944271  0  0.329168  
0.864762  0.408674  0.291843  
0.443233  0.76735  0.463377  
0.700833  0.655818  0.280599  
0.680334  0.61324  0.401351  
0.315171  0.793795  0.520151  
0.743395  0.585046  0.324167  
0.795006  0.544587  0.26719  
0.629371  0.777105  2.28655e-17  
0.487325  0.512363  0.707106  
0.636082  0.7048  0.314096  
0.534497  0.621602  0.572646  
0.668707  0.229865  0.707102  
4.94886e-17  0.80821  0.588895  
0.907056  0.339189  0.249401  
0.966409  0.25701  0  
0.873228  0.487312  4.85693e-17  
0.253139  0.926964  0.276874  
5.1186e-17  0.835931  0.548834  
0.765776  0.49518  0.410346  
0.693047  0.377405  0.614208  
0.876205  0  0.481938  
0.720437  0.258291  0.643627  
0.819847  0.253501  0.513407  
0.933273  0.225843  0.279278  
0.578178  0.76502  0.283644  
5.30237e-17  0.865943  0.500143  
0.216639  0.976252  0  
0.898371  0.439237  4.85693e-17  
5.47354e-17  0.893897  0.448272  
0.586436  0.809996  0  
6.12323e-17  1  0  
0.947484  0.319804  2.7741e-17  
0.911139  3.70162e-17  0.412099  
0.300978  0.878196  0.371731  
6.11951e-17  2.13381e-18  1  
0.985205  0.171379  2.08025e-17  
0.74472  0.667378  2.28655e-17  
0.708354  0.705858  2.08025e-17  
0.733015  0.433954  0.523807  
0.753718  0  0.657198  
0.488805  0.872393  2.28655e-17  
0.76495  0.303013  0.568362  
1  2.17992e-17  0  
0.973181  3.1798e-17  0.23004  
0.889998  0.262901  0.372541  
0.779243  0.626723  2.28655e-17  
0.431855  0.901943  0  
0.875667  3.55751e-17  0.482915  
0.440445  0.852657  0.281041  
0.922973  0.384866  2.28655e-17  
0.313947  0.794279  0.520151  
0.270401  0.653363  0.707107  
0.984853  0.17339  0  
0.659387  0.489948  0.570227  
0.691816  0.37883  0.614718  
0.53203  0.623371  0.573021  
0.690617  0.151815  0.707107  
0.452946  0.542992  0.707107  
0.525874  0.472712  0.707107  
0.490058  0.509748  0.707107  
0.719432  0.259466  0.644279  
0.559025  0.433002  0.707107  
0.412521  0.574305  0.707107  
0.932874  0.227039  0.279642  
0.897232  0.44156  4.85693e-17  
0.616047  0.581373  0.531499  
0.321909  0.629583  0.707107  
0.76369  0.304219  0.569411  
0.567444  0.672517  0.475108  
0.74218  0.586113  0.325025  
5.30448e-17  0.866288  0.499546  
6.02927e-17  0.984654  0.174518  
0.837441  3.40221e-17  0.546528  
0.792746  0.390541  0.468008  
0.645571  0.288509  0.707107  
0.764005  0.496402  0.412167  
0.821543  0.458094  0.339437  
0.699893  0.537538  0.470322  
0.845921  0.533308  2.28655e-17  
5.47591e-17  0.894283  0.447501  
0.263015  0.754152  0.601729  
5.77363e-17  0.942906  0.33306  
0.390929  0.824344  0.409429  
0.589782  0.390073  0.707107  
0.946318  0.323237  0  
0.442381  0.768024  0.463075  
0.622693  0.43021  0.653585  
0.618831  0.342124  0.707106  
0.872453  0.488698  4.85693e-17  
0.538941  0.737298  0.407349  
0.212465  0.674432  0.707107  
0.731355  0.435775  0.524615  
0.779215  0.626756  2.28655e-17  
0.67884  0.614678  0.401681  
0.906348  0.340458  0.250242  
0.369287  0.603015  0.707107  
0.813703  0.58128  2.28655e-17  
0.499344  0.80267  0.326154  
0.142059  0.69269  0.707107  
0.670112  0.74226  2.08025e-17  
0.361842  0.895746  0.258283  
0.484924  0.700229  0.523954  
5.91054e-17  0.965265  0.261273  
4.32978e-17  0.707107  0.707107  
0.944014  3.83517e-17  0.329907  
0.216057  0.976381  0  
5.62232e-17  0.918195  0.396129  
0.794383  0.54468  0.268849  
0.889433  0.263003  0.373816  
0.299879  0.953977  0  
0.635229  0.705401  0.314474  
0.62548  0.646871  0.436271  
0.669808  0.226623  0.707107  
0.586393  0.810027  0  
4.5332e-17  0.740328  0.672246  
0.818741  0.252952  0.515441  
0.300406  0.878481  0.371521  
0.540837  0.841128  2.28655e-17  
0.310978  0.692454  0.650999  
4.7475e-17  0.775326  0.631561  
0.707107  0  0.707107  
0.369637  0.929176  4.85693e-17  
4.95003e-17  0.808402  0.588631  
0.973016  0  0.230738  
5.12046e-17  0.836235  0.548371  
0.577102  0.765874  0.283532  
0.752962  0  0.658064  
0.574854  0.530363  0.623104  
0.965696  0.259676  0  
0.84652  0.32351  0.422783  
0.38616  0.729578  0.564443  
0.629409  0.777074  2.08025e-17  
0.864019  0.408758  0.293918  
0.700385  0.65622  0.280777  
0.910731  3.69996e-17  0.413  
6.12323e-17  1  0  
0.74472  0.667378  2.28655e-17  
0.708354  0.705858  2.08025e-17  
6.11951e-17  2.13381e-18  1  
0.484576  0.580923  0.653999  
0.488839  0.872374  2.28655e-17  
0.252805  0.927269  0.276154  
1  2.17992e-17  0  
0.262603  0.846085  0.463875  
0.429257  0.656845  0.619913  
0.796045  1.73531e-17  0.605237  
0.431855  0.901943  0  
0.577319  0.765711  0.283532  
0.863714  0.408878  0.294647  
0.905962  0.341157  0.250689  
0.262033  0.84654  0.463366  
0.483123  0.582234  0.653908  
0.530836  0.624459  0.572944  
0.670131  0.225665  0.707107  
0.499228  0.802849  0.32589  
0.560553  0.431022  0.707107  
0.658764  0.490369  0.570586  
0.323887  0.628568  0.707107  
0.699613  0.537845  0.470388  
0.707107  0  0.707107  
0.299704  0.954032  0  
0.763881  0.496558  0.412208  
0.491525  0.508334  0.707107  
0.845471  0.534022  0  
0.370843  0.60206  0.707107  
0.272179  0.652624  0.707107  
0.538818  0.737393  0.407341  
0.691058  0.379378  0.615232  
0.875377  3.55633e-17  0.483442  
0.719145  0.260265  0.644277  
0.300516  0.878801  0.370673  
0.454032  0.542084  0.707107  
4.95138e-17  0.808622  0.588328  
0.896965  0.442101  4.85693e-17  
5.12279e-17  0.836614  0.547792  
0.621776  0.431264  0.653763  
0.574059  0.531293  0.623044  
0.615468  0.581986  0.531499  
0.837053  3.40063e-17  0.547122  
0.413894  0.573317  0.707107  
0.87202  0.48947  0  
0.619787  0.340387  0.707107  
0.361846  0.895873  0.257836  
5.91094e-17  0.965331  0.261031  
0.634843  0.705746  0.314479  
4.32978e-17  0.707107  0.707107  
0.591194  0.38793  0.707107  
0.427759  0.657822  0.619913  
0.778667  0.627437  0  
0.30992  0.693094  0.650822  
0.813151  0.582053  0  
0.708298  0.705914  2.08025e-17  
0.629475  0.77702  2.08025e-17  
5.30524e-17  0.866412  0.499331  
0.88919  0.263054  0.374358  
0.984793  0.173731  0  
0.846029  0.323056  0.424111  
5.62331e-17  0.918356  0.395755  
0.313005  0.794974  0.519658  
0.484315  0.700902  0.523617  
0.742065  0.586023  0.325448  
0.731157  0.435658  0.524987  
0.678603  0.61494  0.401681  
0.818526  0.252919  0.515797  
5.47691e-17  0.894447  0.447173  
0.440325  0.852719  0.281041  
0.972908  0  0.231192  
0.14303  0.69249  0.707107  
0.390175  0.824614  0.409603  
0.795582  3.23215e-17  0.605845  
0.441932  0.768441  0.462812  
0.25294  0.927427  0.275502  
0.488934  0.872321  0  
0.69076  0.151166  0.707107  
0.943977  3.83503e-17  0.33001  
0.792638  0.390684  0.468072  
0.262476  0.754623  0.601374  
0.540837  0.841128  2.28655e-17  
0.62486  0.64747  0.436271  
4.74777e-17  0.77537  0.631507  
0.922659  0.385616  2.08025e-17  
0.216057  0.976381  0  
0.431857  0.901942  2.08025e-17  
5.77445e-17  0.94304  0.33268  
0.744553  0.667564  2.28655e-17  
0.369508  0.929228  2.28655e-17  
0.670172  0.742206  2.08025e-17  
0.794054  0.545159  0.268849  
0.821294  0.458578  0.339384  
0.56651  0.673152  0.475324  
0.586432  0.809999  0  
0.965632  0.259913  0  
0.527504  0.470892  0.707107  
0.700165  0.656462  0.28076  
0.910681  3.69976e-17  0.413111  
6.12323e-17  1  0  
0.932722  0.227584  0.279706  
0.752962  0  0.658064  
6.11951e-17  2.13381e-18  1  
0.646198  0.287102  0.707107  
0.946069  0.323966  2.08025e-17  
6.02927e-17  0.984654  0.174518  
1  2.17992e-17  0  
0.38543  0.730236  0.564092  
0.21393  0.673969  0.707107  
4.53383e-17  0.740431  0.672133  
0.763443  0.304683  0.569493  
0.538452  0.737685  0.407297  
0.143341  0.692426  0.707107  
0.309455  0.693231  0.650898  
0.371452  0.601684  0.707107  
0.592113  0.386526  0.707107  
0.441506  0.768755  0.462697  
0.300516  0.878801  0.370673  
0.678376  0.615271  0.401557  
0.390129  0.824906  0.409058  
0.943862  3.83456e-17  0.330339  
0.528123  0.470198  0.707107  
0.614853  0.58248  0.53167  
0.492937  0.506964  0.707107  
0.415005  0.572513  0.707107  
0.73054  0.436692  0.524987  
0.561256  0.430107  0.707107  
0.719001  0.260663  0.644277  
0.741675  0.586395  0.325668  
0.670551  0.224413  0.707107  
4.74902e-17  0.775574  0.631257  
4.53472e-17  0.740576  0.671972  
0.658166  0.491171  0.570586  
0.455337  0.540988  0.707107  
0.699942  0.656693  0.280777  
0.845752  0.32295  0.424743  
0.690981  0.150152  0.707107  
0.57713  0.765892  0.283427  
0.426912  0.658526  0.61975  
0.690835  0.379784  0.615232  
0.707107  0  0.707107  
0.482337  0.582881  0.653912  
0.821126  0.458492  0.339908  
0.634772  0.705667  0.3148  
0.440176  0.8528  0.281029  
0.26185  0.754837  0.601378  
0.64687  0.285587  0.707107  
0.324677  0.62816  0.707107  
0.972901  3.95253e-17  0.231222  
0.984705  0.17423  2.28655e-17  
0.48355  0.701467  0.523568  
5.77538e-17  0.943191  0.332252  
0.778548  0.627585  0  
0.896773  0.44249  2.08025e-17  
0.566401  0.673435  0.475053  
0.530566  0.624689  0.572944  
0.313061  0.795117  0.519405  
0.965395  0.260792  2.28655e-17  
0.624675  0.64743  0.436595  
0.384956  0.730486  0.564092  
0.431941  0.901902  2.08025e-17  
0.762936  0.305436  0.56977  
5.47785e-17  0.8946  0.446867  
0.26168  0.846661  0.463345  
0.813044  0.582203  0  
0.620579  0.338941  0.707107  
5.62408e-17  0.918482  0.395463  
0.699301  0.53825  0.470388  
0.875263  3.55586e-17  0.483648  
0.21414  0.673902  0.707107  
0.945848  0.32461  2.08025e-17  
0.905898  0.34144  0.250534  
0.621612  0.43151  0.653757  
0.863662  0.40897  0.294672  
0.272927  0.652312  0.707107  
0.752847  0  0.658196  
0.499067  0.802946  0.325899  
0.361844  0.895868  0.257856  
0.910561  3.69927e-17  0.413375  
0.922456  0.386103  2.08025e-17  
5.12347e-17  0.836726  0.547622  
0.792199  0.39067  0.468825  
5.30615e-17  0.866561  0.499072  
0.836989  0  0.54722  
0.67011  0.742262  0  
0.629475  0.77702  2.08025e-17  
0.818304  0.252851  0.516182  
0.216057  0.976381  0  
0.871892  0.489699  0  
0.299704  0.954032  0  
0.763641  0.496837  0.412318  
0.540837  0.841128  2.28655e-17  
6.02953e-17  0.984696  0.17428  
5.91148e-17  0.965417  0.26071  
0.744321  0.667822  0  
4.32978e-17  0.707107  0.707107  
0.58644  0.809993  2.08025e-17  
0.369508  0.929228  2.28655e-17  
0.708255  0.705956  2.08025e-17  
6.12323e-17  1  0  
0.889051  0.263155  0.374615  
0.793978  0.545122  0.269146  
0.93268  0.227574  0.279853  
0.252924  0.927368  0.275713  
4.95243e-17  0.808793  0.588093  
0.573547  0.531706  0.623163  
1  2.17992e-17  0  
6.11951e-17  2.13381e-18  1  
0.488934  0.872321  0  
0.795575  3.23212e-17  0.605856  
0.845415  0.53411  2.08025e-17  
0.300293  0.878889  0.370647  
0.494256  0.505679  0.707107  
0.456571  0.539947  0.707107  
0.845637  0.322884  0.425022  
0.440159  0.85291  0.280721  
4.9537e-17  0.809001  0.587807  
5.91183e-17  0.965474  0.260498  
0.945774  0.324825  2.08025e-17  
0.863455  0.409028  0.295198  
0.215078  0.673603  0.707107  
0.820998  0.458722  0.339908  
0.390152  0.824955  0.408938  
0.621005  0.432334  0.653788  
0.273616  0.652023  0.707107  
0.537821  0.738093  0.407392  
0.481931  0.583147  0.653974  
0.657881  0.491548  0.570591  
0.79367  0.545361  0.269573  
0.261524  0.754997  0.601319  
0.2159  0.976416  2.08025e-17  
0.441322  0.768876  0.462671  
5.30715e-17  0.866723  0.49879  
0.372779  0.600862  0.707107  
0.573044  0.532209  0.623197  
4.74969e-17  0.775683  0.631123  
0.670726  0.223889  0.707107  
0.576926  0.766129  0.283202  
0.562237  0.428823  0.707107  
0.325596  0.627684  0.707107  
0.778386  0.627786  0  
5.12433e-17  0.836866  0.547408  
0.312697  0.795288  0.519363  
0.624451  0.647641  0.436603  
0.763472  0.496971  0.412468  
0.741702  0.586452  0.325503  
0.932608  0.227615  0.280061  
0.812916  0.582382  0  
0.699189  0.538247  0.470557  
0.634236  0.706148  0.3148  
0.818151  0.253106  0.516301  
0.498905  0.803158  0.325625  
0.529321  0.468849  0.707107  
0.896596  0.442848  0  
5.4787e-17  0.894739  0.446589  
0.888967  0.263079  0.374869  
0.762865  0.305566  0.569796  
0.261595  0.846777  0.463181  
0.678348  0.615246  0.401641  
0.792013  0.39112  0.468764  
0.84523  0.534402  2.28655e-17  
0.384336  0.730812  0.564092  
0.308835  0.693508  0.650898  
0.836844  3.39979e-17  0.547441  
0.252945  0.927447  0.275428  
0.871756  0.489941  2.28655e-17  
0.530024  0.625248  0.572835  
0.143909  0.692308  0.707107  
0.54086  0.841113  2.28655e-17  
0.98468  0.174369  2.28655e-17  
4.53472e-17  0.740576  0.671972  
5.77574e-17  0.943249  0.332085  
0.972901  3.95253e-17  0.231222  
0.426734  0.658641  0.61975  
0.647191  0.284857  0.707107  
0.875108  3.55524e-17  0.483927  
0.690981  0.150152  0.707107  
0.621064  0.338053  0.707107  
0.922244  0.386607  2.08025e-17  
0.565904  0.673838  0.475074  
0.699662  0.656991  0.280777  
0.943835  3.83445e-17  0.330418  
0.730395  0.436605  0.52526  
0.752694  0  0.658371  
0.67011  0.742262  0  
0.614734  0.582586  0.53169  
0.629458  0.777035  2.08025e-17  
5.62504e-17  0.918639  0.395098  
0.910496  3.69901e-17  0.413517  
0.299704  0.954032  0  
0.690566  0.380151  0.615308  
0.431941  0.901902  2.08025e-17  
6.02953e-17  0.984696  0.17428  
4.32978e-17  0.707107  0.707107  
0.744321  0.667822  0  
0.416225  0.571626  0.707107  
0.58644  0.809993  2.08025e-17  
0.483148  0.701744  0.523568  
0.708255  0.705956  2.08025e-17  
6.12323e-17  1  0  
0.965395  0.260792  2.28655e-17  
0.369508  0.929228  2.28655e-17  
0.795453  3.23163e-17  0.606015  
0.718868  0.260604  0.644449  
0.707107  0  0.707107  
0.592788  0.38549  0.707107  
1  2.17992e-17  0  
6.11951e-17  2.13381e-18  1  
0.488934  0.872321  0  
0.361844  0.895868  0.257856  
0.905774  0.341645  0.250705  
0.972901  3.95253e-17  0.231222  
0.613889  0.583327  0.531855  
0.744172  0.667988  0  
0.529615  0.625594  0.572835  
0.426229  0.659003  0.619713  
0.537497  0.738328  0.407392  
0.670835  0.223564  0.707107  
0.708096  0.706116  2.08025e-17  
0.932467  0.228193  0.280061  
0.48274  0.702083  0.52349  
0.871363  0.49064  2.28655e-17  
0.647562  0.284013  0.707107  
0.416855  0.571167  0.707107  
0.634134  0.70624  0.3148  
0.657418  0.492001  0.570734  
0.888802  0.263298  0.375107  
0.261481  0.846898  0.463024  
0.274241  0.651761  0.707107  
0.62065  0.432845  0.653788  
0.621477  0.337292  0.707107  
0.910416  3.69868e-17  0.413694  
0.945762  0.324861  2.08025e-17  
0.62396  0.64809  0.436638  
0.79192  0.39131  0.468764  
0.812694  0.58269  2.28655e-17  
0.818039  0.253071  0.516496  
0.593047  0.385092  0.707107  
0.457068  0.539527  0.707107  
0.252882  0.927481  0.275372  
0.845609  0.322957  0.425022  
4.53529e-17  0.74067  0.671869  
0.215357  0.673514  0.707107  
0.439973  0.853062  0.280551  
5.12494e-17  0.836966  0.547255  
0.793416  0.545657  0.269723  
0.677984  0.6155  0.401868  
0.498585  0.803268  0.325842  
0.36956  0.929207  2.28655e-17  
0.373353  0.600506  0.707107  
0.586467  0.809973  2.28655e-17  
0.795353  3.23122e-17  0.606146  
0.762711  0.30595  0.569796  
0.965369  0.26089  2.28655e-17  
0.326046  0.62745  0.707107  
0.863321  0.409324  0.295179  
0.730303  0.436761  0.52526  
0.943751  3.83411e-17  0.330656  
0.691045  0.149857  0.707107  
0.562671  0.428254  0.707107  
0.699534  0.657091  0.280863  
0.300306  0.878927  0.370545  
0.494498  0.505442  0.707107  
0.763163  0.497111  0.412871  
0.481449  0.583566  0.653955  
0.820735  0.459056  0.340091  
4.95408e-17  0.809063  0.587722  
0.143909  0.692308  0.707107  
0.896297  0.443453  0  
0.922145  0.386844  2.08025e-17  
0.572661  0.532621  0.623197  
0.565283  0.674358  0.475074  
0.741375  0.586691  0.325817  
0.629443  0.777046  2.28655e-17  
0.690245  0.38034  0.615551  
0.576863  0.766046  0.283554  
0.52959  0.468545  0.707107  
0.389956  0.825114  0.408806  
0.905614  0.342067  0.250705  
0.2159  0.976416  2.08025e-17  
0.698897  0.538626  0.470557  
0.670053  0.742313  2.08025e-17  
0.308645  0.693592  0.650898  
0.361707  0.895992  0.257616  
0.383993  0.730993  0.564092  
0.875034  3.55494e-17  0.484061  
5.62498e-17  0.918629  0.395122  
0.845002  0.534763  2.28655e-17  
0.83678  0  0.54754  
0.299704  0.954032  0  
0.312394  0.795428  0.51933  
0.44084  0.769153  0.462671  
0.261548  0.755067  0.601221  
4.32978e-17  0.707107  0.707107  
6.02979e-17  0.98474  0.174031  
4.75044e-17  0.775806  0.630972  
5.91183e-17  0.965474  0.260498  
0.752694  0  0.658371  
5.77574e-17  0.943249  0.332085  
0.431941  0.901902  2.08025e-17  
0.778386  0.627786  0  
5.47902e-17  0.894791  0.446485  
6.12323e-17  1  0  
0.718868  0.260604  0.644449  
0.707107  0  0.707107  
0.54086  0.841113  2.28655e-17  
1  2.17992e-17  0  
6.11951e-17  2.13381e-18  1  
0.488934  0.872321  0  
0.98468  0.174369  2.28655e-17  
5.30715e-17  0.866723  0.49879  
0.896297  0.443453  0  
0.56291  0.42794  0.707107  
0.144699  0.692143  0.707107  
0.965269  0.261257  0  
0.698597  0.538841  0.470758  
0.49857  0.803244  0.325923  
0.572273  0.533017  0.623215  
0.480865  0.584042  0.65396  
0.327017  0.626945  0.707107  
0.699507  0.657106  0.280894  
0.6573  0.492158  0.570734  
0.730004  0.437079  0.52541  
0.81245  0.583031  2.28655e-17  
0.300211  0.879072  0.370279  
0.54085  0.841119  2.28655e-17  
0.623737  0.648305  0.436638  
0.495263  0.504693  0.707107  
0.743929  0.668259  2.28655e-17  
4.75052e-17  0.775819  0.630955  
0.361692  0.895984  0.257666  
0.677844  0.615724  0.401761  
0.312293  0.795497  0.519286  
0.621516  0.337221  0.707107  
0.417344  0.57081  0.707107  
0.932449  0.228188  0.280122  
0.741265  0.586942  0.325616  
0.275048  0.65142  0.707107  
0.593171  0.3849  0.707107  
0.905541  0.342128  0.250886  
0.384026  0.731057  0.563986  
0.97283  3.95225e-17  0.231519  
0.66983  0.742514  0  
0.613922  0.583293  0.531855  
5.62502e-17  0.918636  0.395105  
0.530208  0.467845  0.707107  
0.844889  0.534942  0  
0.793373  0.545719  0.269723  
0.762602  0.306076  0.569873  
0.817949  0.253266  0.516542  
0.374137  0.600018  0.707107  
0.691117  0.149523  0.707107  
0.874987  3.55475e-17  0.484146  
0.389627  0.825269  0.408806  
0.620579  0.433037  0.653728  
0.440692  0.769259  0.462635  
0.216097  0.673277  0.707107  
0.945661  0.325153  2.28655e-17  
5.12574e-17  0.837097  0.547054  
0.261507  0.755101  0.601196  
4.53529e-17  0.74067  0.671869  
0.820716  0.459045  0.340151  
0.871363  0.49064  2.28655e-17  
0.791804  0.391543  0.468764  
0.25289  0.927508  0.275275  
0.670905  0.223353  0.707107  
0.440149  0.853008  0.280438  
0.910317  3.69828e-17  0.413911  
0.647546  0.28405  0.707107  
0.308434  0.693686  0.650898  
4.95447e-17  0.809126  0.587636  
0.261374  0.846931  0.463024  
0.586432  0.809998  2.28655e-17  
0.7953  3.23101e-17  0.606215  
6.02973e-17  0.984729  0.174093  
0.48276  0.702112  0.523432  
0.707891  0.706322  2.28655e-17  
0.369519  0.929223  2.28655e-17  
0.718782  0.260843  0.644449  
5.47963e-17  0.894891  0.446285  
0.634134  0.70624  0.3148  
0.86323  0.409281  0.295503  
0.457754  0.538944  0.707107  
0.576684  0.766232  0.283415  
0.529418  0.62576  0.572835  
0.763085  0.497461  0.412594  
0.922009  0.387168  2.28655e-17  
0.836717  0  0.547636  
0.537497  0.738329  0.40739  
0.425918  0.659204  0.619713  
5.30803e-17  0.866867  0.498539  
0.888829  0.263243  0.375082  
0.2159  0.976416  2.08025e-17  
4.32978e-17  0.707107  0.707107  
0.299704  0.954032  0  
0.943751  3.83411e-17  0.330656  
5.91183e-17  0.965474  0.260498  
0.752694  0  0.658371  
5.77574e-17  0.943249  0.332085  
0.431941  0.901902  2.08025e-17  
0.845609  0.322957  0.425022  
0.778151  0.628078  2.28655e-17  
6.12323e-17  1  0  
0.690214  0.380395  0.615551  
0.707107  0  0.707107  
0.62943  0.777057  2.28655e-17  
1  2.17992e-17  0  
6.11951e-17  2.13381e-18  1  
0.488934  0.872321  0  
0.984648  0.174554  2.28655e-17  
0.565283  0.674358  0.475074  
0.620293  0.433404  0.653756  
0.530745  0.467237  0.707107  
0.572014  0.533294  0.623215  
0.817876  0.253503  0.516542  
0.252898  0.927539  0.275162  
0.417836  0.57045  0.707107  
5.48074e-17  0.895073  0.445919  
4.95462e-17  0.809152  0.5876  
0.910267  3.69807e-17  0.414022  
5.62606e-17  0.918805  0.394713  
0.888686  0.263725  0.375082  
0.621987  0.336351  0.707107  
0.7439  0.668291  2.28655e-17  
0.576714  0.766268  0.283257  
0.762486  0.30603  0.570053  
0.529111  0.625949  0.572913  
0.593751  0.384005  0.707107  
0.762995  0.497402  0.412831  
0.495651  0.504311  0.707107  
0.836623  0  0.547779  
0.689931  0.380887  0.615565  
5.91202e-17  0.965506  0.260381  
0.945614  0.32529  2.28655e-17  
5.3084e-17  0.866927  0.498434  
0.812451  0.58303  2.28655e-17  
0.537334  0.738464  0.407361  
0.327485  0.626701  0.707107  
0.691139  0.149422  0.707107  
0.308244  0.693771  0.650898  
0.677528  0.616054  0.401789  
0.299658  0.954047  0  
0.61373  0.583529  0.531817  
0.671013  0.223028  0.707107  
0.943669  3.83377e-17  0.330892  
0.440033  0.853068  0.280438  
0.718664  0.261196  0.644437  
0.480865  0.584042  0.65396  
0.741208  0.586992  0.325655  
0.82053  0.459377  0.340151  
0.623458  0.648573  0.436638  
0.871278  0.49079  2.28655e-17  
0.793111  0.5461  0.269723  
0.540651  0.841247  2.28655e-17  
0.564821  0.674583  0.475305  
0.699281  0.657346  0.280895  
0.633965  0.706392  0.3148  
0.21621  0.673241  0.707107  
0.698584  0.538858  0.470758  
0.300026  0.879135  0.370279  
5.77648e-17  0.94337  0.331742  
0.389565  0.825303  0.408795  
0.647706  0.283684  0.707107  
0.275258  0.651332  0.707107  
0.425919  0.659345  0.619562  
0.972823  3.95221e-17  0.231552  
4.53529e-17  0.74067  0.671869  
0.629211  0.777234  2.28655e-17  
0.361699  0.896029  0.2575  
0.261186  0.847016  0.462976  
0.905509  0.342213  0.250886  
0.66983  0.742514  0  
0.657222  0.492263  0.570734  
0.7953  3.23101e-17  0.606215  
0.563311  0.427412  0.707107  
0.45799  0.538744  0.707107  
0.261187  0.755212  0.601196  
4.75062e-17  0.775835  0.630936  
0.586224  0.810149  2.28655e-17  
5.12589e-17  0.837122  0.547017  
0.312132  0.7956  0.519225  
0.845376  0.323026  0.425432  
0.144699  0.692143  0.707107  
0.863132  0.409488  0.295503  
0.707891  0.706322  2.28655e-17  
0.896277  0.443495  0  
0.369519  0.929223  2.28655e-17  
0.778056  0.628195  2.28655e-17  
0.874918  3.55446e-17  0.484271  
0.791646  0.391668  0.468927  
0.984638  0.17461  2.28655e-17  
0.440692  0.769259  0.462635  
0.2159  0.976416  2.08025e-17  
4.32978e-17  0.707107  0.707107  
0.932449  0.228188  0.280122  
0.498479  0.803338  0.325834  
0.383566  0.731298  0.563986  
0.752694  0  0.658371  
0.844804  0.535075  2.28655e-17  
6.02973e-17  0.984729  0.174093  
0.729958  0.437156  0.52541  
0.374533  0.599771  0.707107  
0.482234  0.702419  0.523505  
6.12323e-17  1  0  
0.707107  0  0.707107  
0.431941  0.901902  2.08025e-17  
1  2.17992e-17  0  
6.11951e-17  2.13381e-18  1  
0.488934  0.872321  0  
0.965269  0.261257  0  
0.922009  0.387168  2.28655e-17  
0.299658  0.954047  0  
0.440424  0.769437  0.462595  
0.689838  0.380963  0.615622  
0.905405  0.342204  0.251273  
0.932387  0.228224  0.2803  
0.481847  0.702758  0.523407  
0.871203  0.490923  2.28655e-17  
0.79311  0.546101  0.269723  
0.740903  0.587238  0.325907  
0.300066  0.879121  0.370279  
0.691185  0.149207  0.707107  
4.53535e-17  0.740678  0.67186  
0.528825  0.626191  0.572913  
0.94559  0.325362  2.28655e-17  
5.7766e-17  0.943391  0.331683  
0.622212  0.335934  0.707107  
0.707742  0.706471  2.28655e-17  
0.44003  0.853096  0.280357  
0.752656  0  0.658414  
0.647961  0.283101  0.707107  
4.95518e-17  0.809242  0.587476  
0.260986  0.755313  0.601156  
0.623383  0.648598  0.436709  
0.699156  0.657479  0.280895  
0.418076  0.570274  0.707107  
0.495945  0.504023  0.707107  
0.791547  0.391859  0.468936  
0.252712  0.92759  0.275162  
0.845277  0.323288  0.425432  
0.820343  0.459656  0.340226  
0.844655  0.535311  2.28655e-17  
0.383344  0.731365  0.564051  
0.327638  0.626621  0.707107  
0.57646  0.766459  0.283257  
0.537387  0.738537  0.407159  
0.563691  0.42691  0.707107  
0.836632  3.39892e-17  0.547766  
0.480602  0.584309  0.653915  
0.698265  0.539271  0.470758  
0.425675  0.659468  0.619599  
0.657148  0.492361  0.570734  
0.312082  0.795654  0.519171  
0.540651  0.841247  2.28655e-17  
0.817864  0.253499  0.516562  
0.862897  0.40995  0.295551  
0.66972  0.742614  0  
0.530897  0.467064  0.707107  
5.30917e-17  0.867053  0.498215  
0.389366  0.825397  0.408795  
0.145016  0.692077  0.707107  
0.613583  0.583623  0.531885  
0.564791  0.674546  0.475393  
0.458284  0.538494  0.707107  
0.896201  0.443648  2.28655e-17  
0.498263  0.803442  0.325907  
0.594101  0.383463  0.707107  
0.629211  0.777234  2.28655e-17  
0.762421  0.306193  0.570053  
0.572014  0.533294  0.623215  
0.275818  0.651095  0.707107  
0.261211  0.847139  0.462735  
5.48074e-17  0.895073  0.445919  
5.12673e-17  0.837259  0.546807  
0.308118  0.693826  0.650898  
0.21665  0.673099  0.707107  
0.677402  0.616191  0.401789  
0.374642  0.599703  0.707107  
0.488875  0.872354  0  
0.910267  3.69807e-17  0.414022  
0.943661  3.83374e-17  0.330914  
0.812433  0.583055  2.28655e-17  
0.67104  0.222946  0.707107  
0.743845  0.668353  0  
0.79521  3.23064e-17  0.606334  
0.729892  0.437266  0.52541  
0.361699  0.896029  0.2575  
0.778056  0.628195  2.28655e-17  
0.633767  0.706586  0.314764  
5.91224e-17  0.965541  0.260249  
0.984638  0.17461  2.28655e-17  
5.62606e-17  0.918805  0.394713  
0.2159  0.976416  2.08025e-17  
4.32978e-17  0.707107  0.707107  
0.586224  0.810149  2.28655e-17  
4.75062e-17  0.775835  0.630936  
0.620227  0.433499  0.653756  
0.96526  0.26129  0  
0.972793  3.9521e-17  0.231674  
6.02973e-17  0.984729  0.174093  
0.718592  0.26117  0.644528  
0.369519  0.929223  2.28655e-17  
0.921917  0.387388  2.28655e-17  
6.12323e-17  1  0  
0.707107  0  0.707107  
0.431941  0.901902  2.08025e-17  
0.874911  3.55443e-17  0.484284  
6.11951e-17  2.13381e-18  1  
1  2.17992e-17  0  
0.762804  0.497696  0.412831  
0.888686  0.263725  0.375082  
0.571683  0.53365  0.623215  
0.671128  0.222682  0.707107  
0.74081  0.58734  0.325931  
0.498314  0.803525  0.325624  
0.620176  0.433572  0.653756  
0.458667  0.538168  0.707107  
0.440476  0.769528  0.462394  
0.383091  0.731639  0.563867  
0.327799  0.626537  0.707107  
0.76269  0.497842  0.412866  
4.75157e-17  0.775989  0.630746  
0.418372  0.570057  0.707107  
0.629183  0.777258  2.28655e-17  
0.656777  0.492756  0.57082  
0.669715  0.742618  0  
0.633671  0.706608  0.314908  
0.252714  0.927598  0.275132  
0.261074  0.847229  0.462649  
0.79153  0.391851  0.46897  
5.12708e-17  0.837315  0.54672  
0.537015  0.738813  0.40715  
0.87487  0  0.484358  
0.743788  0.668416  2.28655e-17  
0.440033  0.853102  0.280335  
0.691198  0.149147  0.707107  
0.984594  0.174856  2.28655e-17  
0.932289  0.228395  0.280488  
0.905299  0.342651  0.251045  
0.425341  0.659683  0.619599  
0.531042  0.466899  0.707107  
0.622256  0.335854  0.707107  
0.14501  0.692078  0.707107  
0.623223  0.648751  0.436709  
0.540671  0.841234  2.28655e-17  
0.275983  0.651025  0.707107  
0.648005  0.283  0.707107  
0.777916  0.628368  2.28655e-17  
0.836586  3.39874e-17  0.547835  
0.38939  0.825449  0.408668  
0.820296  0.45963  0.340374  
0.844672  0.535285  2.28655e-17  
0.260857  0.755357  0.601156  
0.49596  0.504008  0.707107  
0.72981  0.437275  0.525516  
5.91234e-17  0.965558  0.260186  
0.86289  0.409965  0.295551  
0.845234  0.323398  0.425432  
0.812321  0.58321  2.28655e-17  
0.752652  0  0.658418  
5.30974e-17  0.867146  0.498054  
4.53594e-17  0.740776  0.671752  
0.481847  0.702758  0.523407  
0.564525  0.674769  0.475393  
0.965189  0.261554  0  
0.31188  0.795861  0.518976  
0.374899  0.599542  0.707107  
0.613338  0.583862  0.531903  
0.81782  0.253642  0.516562  
0.871104  0.491098  2.28655e-17  
5.62641e-17  0.918862  0.394579  
5.7766e-17  0.943391  0.331683  
0.361518  0.896102  0.2575  
0.300082  0.87917  0.370151  
0.698211  0.539229  0.470887  
0.59416  0.383372  0.707107  
0.945532  0.325528  2.28655e-17  
0.528848  0.626218  0.572862  
0.910267  3.69807e-17  0.414022  
0.943661  3.83374e-17  0.330914  
0.480412  0.584514  0.653871  
0.216935  0.673008  0.707107  
0.792908  0.54637  0.269772  
0.215853  0.976426  2.08025e-17  
0.707742  0.706471  2.28655e-17  
0.718618  0.261179  0.644495  
0.677379  0.61617  0.401862  
0.307814  0.694007  0.650849  
6.03001e-17  0.984775  0.173835  
0.888547  0.263683  0.375441  
0.563691  0.42691  0.707107  
0.699104  0.657533  0.280898  
4.32978e-17  0.707107  0.707107  
0.586224  0.810149  2.28655e-17  
4.95551e-17  0.809297  0.5874  
0.921824  0.387609  2.28655e-17  
0.488875  0.872354  0  
0.972793  3.9521e-17  0.231674  
0.762421  0.306193  0.570053  
0.896026  0.444001  0  
0.369519  0.929223  2.28655e-17  
0.79521  3.23064e-17  0.606334  
6.12323e-17  1  0  
0.707107  0  0.707107  
0.431941  0.901902  2.08025e-17  
5.48074e-17  0.895073  0.445919  
6.11951e-17  2.13381e-18  1  
1  2.17992e-17  0  
0.576454  0.766474  0.283227  
0.689847  0.380948  0.615622  
0.299658  0.954047  0  
