0.870534  0.688067  0.682501  0.676234  0.260764  0.220827  0.86321  0.289163  0.650307  0.989982  0.188547  0.544074  0.870534  0.688067  0.682501  0.676234  0.260764  0.220827  0.86321  0.289163  0.650307  0.989982  0.188547  0.544074  
0.154148  0.48143  0.271463  0.339595  0.804009  0.102944  0.839013  0.308067  0.349493  0.977219  0.0874523  0.286584  0.154148  0.48143  0.271463  0.339595  0.804009  0.102944  0.839013  0.308067  0.349493  0.977219  0.0874523  0.286584  
0.101237  0.41082  0.77618  0.982972  0.359787  0.541043  0.872946  0.607427  0.307689  0.00861077  0.168668  0.4894  0.101237  0.41082  0.77618  0.982972  0.359787  0.541043  0.872946  0.607427  0.307689  0.00861077  0.168668  0.4894  
0.054156  0.41641  0.999666  0.678215  0.295173  0.434321  0.241081  0.380904  0.855657  0.994679  0.357777  0.608076  0.054156  0.41641  0.999666  0.678215  0.295173  0.434321  0.241081  0.380904  0.855657  0.994679  0.357777  0.608076  
0.123011  0.371326  0.940141  0.788781  0.0975525  0.395082  0.806339  0.640959  0.171439  0.209101  0.819587  0.973526  0.123011  0.371326  0.940141  0.788781  0.0975525  0.395082  0.806339  0.640959  0.171439  0.209101  0.819587  0.973526  
0.780106  0.685818  0.0369767  0.628771  0.763005  0.434281  0.298667  0.531921  0.81627  0.399145  0.146467  0.985165  0.780106  0.685818  0.0369767  0.628771  0.763005  0.434281  0.298667  0.531921  0.81627  0.399145  0.146467  0.985165  
0.803365  0.389288  0.25866  0.0353023  0.43749  0.916815  0.125788  0.0295569  0.934969  0.34314  0.852413  0.899782  0.803365  0.389288  0.25866  0.0353023  0.43749  0.916815  0.125788  0.0295569  0.934969  0.34314  0.852413  0.899782  
0.768133  0.863924  0.00287341  0.620369  0.322145  0.978637  0.846791  0.199342  0.623873  0.253696  0.831703  0.0769876  0.768133  0.863924  0.00287341  0.620369  0.322145  0.978637  0.846791  0.199342  0.623873  0.253696  0.831703  0.0769876  
0.669269  0.209941  0.477824  0.4651  0.515825  0.535969  0.22365  0.310494  0.536065  0.049381  0.899731  0.514011  0.669269  0.209941  0.477824  0.4651  0.515825  0.535969  0.22365  0.310494  0.536065  0.049381  0.899731  0.514011  
0.286208  0.997718  0.595747  0.137425  0.833539  0.428215  0.323798  0.0246397  0.428165  0.694435  0.0155145  0.944641  0.286208  0.997718  0.595747  0.137425  0.833539  0.428215  0.323798  0.0246397  0.428165  0.694435  0.0155145  0.944641  
0.0246038  0.83599  0.321987  0.475932  0.0302876  0.866872  0.10417  0.670738  0.612159  0.201325  0.0458141  0.785422  0.0246038  0.83599  0.321987  0.475932  0.0302876  0.866872  0.10417  0.670738  0.612159  0.201325  0.0458141  0.785422  
0.96507  0.646308  0.455126  0.853293  0.947729  0.603982  0.578659  0.00470559  0.205374  0.834682  0.794328  0.871829  0.96507  0.646308  0.455126  0.853293  0.947729  0.603982  0.578659  0.00470559  0.205374  0.834682  0.794328  0.871829  
0.0518623  0.56113  0.619047  0.606242  0.526403  0.901316  0.80831  0.281486  0.143689  0.964108  0.928331  0.435596  0.0518623  0.56113  0.619047  0.606242  0.526403  0.901316  0.80831  0.281486  0.143689  0.964108  0.928331  0.435596  
0.743903  0.442041  0.739599  0.184827  0.0307964  0.727726  0.350021  0.820262  0.110368  0.309891  0.832064  0.609228  0.743903  0.442041  0.739599  0.184827  0.0307964  0.727726  0.350021  0.820262  0.110368  0.309891  0.832064  0.609228  
0.265668  0.30227  0.0429819  0.664406  0.51782  0.950895  0.978986  0.476309  0.344607  0.627781  0.691423  0.899446  0.265668  0.30227  0.0429819  0.664406  0.51782  0.950895  0.978986  0.476309  0.344607  0.627781  0.691423  0.899446  
0.0225401  0.43354  0.310294  0.926943  0.328485  0.702003  0.00620904  0.060366  0.326055  0.721564  0.627421  0.063551  0.0225401  0.43354  0.310294  0.926943  0.328485  0.702003  0.00620904  0.060366  0.326055  0.721564  0.627421  0.063551  
0.821778  0.794069  0.846374  0.913026  0.726582  0.411474  0.943248  0.664676  0.679255  0.734021  0.401551  0.100362  0.821778  0.794069  0.846374  0.913026  0.726582  0.411474  0.943248  0.664676  0.679255  0.734021  0.401551  0.100362  
0.755394  0.450183  0.62107  0.6324  0.00240959  0.784674  0.897197  0.172041  0.446725  0.325065  0.606585  0.618906  0.755394  0.450183  0.62107  0.6324  0.00240959  0.784674  0.897197  0.172041  0.446725  0.325065  0.606585  0.618906  
0.88817  0.220579  0.494428  0.0452593  0.0384093  0.948741  0.90647  0.858912  0.0921176  0.990526  0.324343  0.624533  0.88817  0.220579  0.494428  0.0452593  0.0384093  0.948741  0.90647  0.858912  0.0921176  0.990526  0.324343  0.624533  
0.0710563  0.685916  0.573155  0.852271  0.322972  0.593163  0.805677  0.8024  0.179425  0.546146  0.511351  0.155671  0.0710563  0.685916  0.573155  0.852271  0.322972  0.593163  0.805677  0.8024  0.179425  0.546146  0.511351  0.155671  
0.682083  0.298746  0.31998  0.270723  0.862997  0.666214  0.857379  0.703335  0.965929  0.429087  0.994007  0.965086  0.682083  0.298746  0.31998  0.270723  0.862997  0.666214  0.857379  0.703335  0.965929  0.429087  0.994007  0.965086  
0.280935  0.854395  0.320423  0.723297  0.243896  0.576971  0.0525384  0.955205  0.451635  0.812057  0.812935  0.892662  0.280935  0.854395  0.320423  0.723297  0.243896  0.576971  0.0525384  0.955205  0.451635  0.812057  0.812935  0.892662  
0.374015  0.190136  0.0165339  0.658514  0.668116  0.720569  0.889944  0.497442  0.649269  0.906061  0.7379  0.136452  0.374015  0.190136  0.0165339  0.658514  0.668116  0.720569  0.889944  0.497442  0.649269  0.906061  0.7379  0.136452  
0.214304  0.772603  0.71803  0.81084  0.5916  0.233972  0.252117  0.0608137  0.554018  0.805695  0.909831  0.709201  0.214304  0.772603  0.71803  0.81084  0.5916  0.233972  0.252117  0.0608137  0.554018  0.805695  0.909831  0.709201  
0.555211  0.626346  0.960272  0.656081  0.512556  0.502003  0.264989  0.469604  0.798025  0.384226  0.535995  0.737159  0.555211  0.626346  0.960272  0.656081  0.512556  0.502003  0.264989  0.469604  0.798025  0.384226  0.535995  0.737159  
0.820486  0.551976  0.312518  0.694644  0.898809  0.823961  0.348142  0.618091  0.55326  0.13644  0.107055  0.541425  0.820486  0.551976  0.312518  0.694644  0.898809  0.823961  0.348142  0.618091  0.55326  0.13644  0.107055  0.541425  
0.560665  0.913212  0.0853303  0.567218  0.141286  0.0816186  0.497713  0.268364  0.294214  0.0581507  0.54863  0.814944  0.560665  0.913212  0.0853303  0.567218  0.141286  0.0816186  0.497713  0.268364  0.294214  0.0581507  0.54863  0.814944  
0.819765  0.357969  0.513442  0.607624  0.160066  0.429903  0.506533  0.525185  0.641036  0.439284  0.983327  0.839594  0.819765  0.357969  0.513442  0.607624  0.160066  0.429903  0.506533  0.525185  0.641036  0.439284  0.983327  0.839594  
0.568055  0.574497  0.367824  0.222759  0.0428385  0.485065  0.957592  0.81109  0.658092  0.816024  0.525179  0.191223  0.568055  0.574497  0.367824  0.222759  0.0428385  0.485065  0.957592  0.81109  0.658092  0.816024  0.525179  0.191223  
0.0811637  0.881791  0.436342  0.768668  0.505931  0.995737  0.517912  0.565391  0.300266  0.753997  0.0955281  0.195099  0.0811637  0.881791  0.436342  0.768668  0.505931  0.995737  0.517912  0.565391  0.300266  0.753997  0.0955281  0.195099  
0.841852  0.558023  0.966309  0.602462  0.358737  0.680283  0.176795  0.545713  0.930875  0.730716  0.369763  0.680286  0.841852  0.558023  0.966309  0.602462  0.358737  0.680283  0.176795  0.545713  0.930875  0.730716  0.369763  0.680286  
0.172021  0.798825  0.870769  0.103609  0.554634  0.221369  0.474461  0.106684  0.996277  0.471769  0.775554  0.400979  0.172021  0.798825  0.870769  0.103609  0.554634  0.221369  0.474461  0.106684  0.996277  0.471769  0.775554  0.400979  
0.78441  0.734136  0.562572  0.292609  0.0610243  0.256449  0.965358  0.370502  0.85071  0.695167  0.158255  0.322498  0.78441  0.734136  0.562572  0.292609  0.0610243  0.256449  0.965358  0.370502  0.85071  0.695167  0.158255  0.322498  
0.392405  0.599535  0.467209  0.0761884  0.575027  0.485478  0.775902  0.384274  0.537661  0.976336  0.737809  0.326538  0.392405  0.599535  0.467209  0.0761884  0.575027  0.485478  0.775902  0.384274  0.537661  0.976336  0.737809  0.326538  
0.779632  0.151095  0.812542  0.026091  0.707765  0.832503  0.325931  0.169825  0.981273  0.622947  0.4906  0.179683  0.779632  0.151095  0.812542  0.026091  0.707765  0.832503  0.325931  0.169825  0.981273  0.622947  0.4906  0.179683  
0.577953  0.647115  0.194692  0.814915  0.363022  0.443321  0.0354941  0.835177  0.292499  0.345037  0.883347  0.209787  0.577953  0.647115  0.194692  0.814915  0.363022  0.443321  0.0354941  0.835177  0.292499  0.345037  0.883347  0.209787  
0.281098  0.120681  0.6001  0.371511  0.968388  0.212734  0.923292  0.682665  0.374512  0.108836  0.235057  0.715222  0.281098  0.120681  0.6001  0.371511  0.968388  0.212734  0.923292  0.682665  0.374512  0.108836  0.235057  0.715222  
0.165865  0.010536  0.128832  0.703094  0.743208  0.322847  0.305957  0.0995885  0.248271  0.767285  0.868307  0.646279  0.165865  0.010536  0.128832  0.703094  0.743208  0.322847  0.305957  0.0995885  0.248271  0.767285  0.868307  0.646279  
0.410277  0.871261  0.168171  0.129332  0.280115  0.713726  0.274361  0.407666  0.692758  0.937941  0.524407  0.135573  0.410277  0.871261  0.168171  0.129332  0.280115  0.713726  0.274361  0.407666  0.692758  0.937941  0.524407  0.135573  
0.947086  0.11146  0.50192  0.650599  0.778033  0.312659  0.471106  0.00777911  0.342206  0.174448  0.039628  0.457201  0.947086  0.11146  0.50192  0.650599  0.778033  0.312659  0.471106  0.00777911  0.342206  0.174448  0.039628  0.457201  
0.913304  0.592614  0.641441  0.154367  0.620636  0.434029  0.124012  0.573735  0.256197  0.861411  0.222004  0.0339325  0.913304  0.592614  0.641441  0.154367  0.620636  0.434029  0.124012  0.573735  0.256197  0.861411  0.222004  0.0339325  
0.177099  0.965481  0.548307  0.411062  0.84969  0.715533  0.207828  0.480875  0.473537  0.180669  0.143058  0.125019  0.177099  0.965481  0.548307  0.411062  0.84969  0.715533  0.207828  0.480875  0.473537  0.180669  0.143058  0.125019  
0.382542  0.129984  0.447394  0.247579  0.781627  0.0688241  0.171691  0.0657553  0.494647  0.660324  0.915153  0.645504  0.382542  0.129984  0.447394  0.247579  0.781627  0.0688241  0.171691  0.0657553  0.494647  0.660324  0.915153  0.645504  
0.75402  0.960854  0.219945  0.303503  0.260344  0.729795  0.580875  0.436299  0.509427  0.377116  0.907603  0.0770982  0.75402  0.960854  0.219945  0.303503  0.260344  0.729795  0.580875  0.436299  0.509427  0.377116  0.907603  0.0770982  
0.880605  0.979272  0.479459  0.57246  0.0029659  0.24966  0.655488  0.822177  0.0717565  0.816169  0.0794727  0.11362  0.880605  0.979272  0.479459  0.57246  0.0029659  0.24966  0.655488  0.822177  0.0717565  0.816169  0.0794727  0.11362  
0.837637  0.348445  0.0785552  0.957657  0.806409  0.539178  0.178758  0.886839  0.0261182  0.604469  0.65253  0.958934  0.837637  0.348445  0.0785552  0.957657  0.806409  0.539178  0.178758  0.886839  0.0261182  0.604469  0.65253  0.958934  
0.712  0.873666  0.370602  0.41283  0.245419  0.528224  0.394141  0.139214  0.863072  0.157236  0.653365  0.683213  0.712  0.873666  0.370602  0.41283  0.245419  0.528224  0.394141  0.139214  0.863072  0.157236  0.653365  0.683213  
0.276314  0.938451  0.397271  0.248845  0.393724  0.282109  0.479828  0.872471  0.20711  0.554756  0.0989975  0.570117  0.276314  0.938451  0.397271  0.248845  0.393724  0.282109  0.479828  0.872471  0.20711  0.554756  0.0989975  0.570117  
0.941474  0.758272  0.270213  0.392849  0.860227  0.601294  0.446811  0.4744  0.47293  0.896918  0.262185  0.984588  0.941474  0.758272  0.270213  0.392849  0.860227  0.601294  0.446811  0.4744  0.47293  0.896918  0.262185  0.984588  
0.966884  0.687809  0.487387  0.886765  0.700927  0.154988  0.99325  0.725625  0.526055  0.0146356  0.926208  0.743576  0.966884  0.687809  0.487387  0.886765  0.700927  0.154988  0.99325  0.725625  0.526055  0.0146356  0.926208  0.743576  
0.33897  0.948919  0.220736  0.909957  0.182549  0.797405  0.711343  0.10134  0.651854  0.0958577  0.258695  0.859616  0.33897  0.948919  0.220736  0.909957  0.182549  0.797405  0.711343  0.10134  0.651854  0.0958577  0.258695  0.859616  
0.708656  0.658478  0.866914  0.73122  0.139654  0.994057  0.390568  0.483192  0.692209  0.707894  0.792499  0.936948  0.708656  0.658478  0.866914  0.73122  0.139654  0.994057  0.390568  0.483192  0.692209  0.707894  0.792499  0.936948  
0.129775  0.567315  0.552425  0.0549229  0.256827  0.111826  0.033722  0.937578  0.0371055  0.600753  0.83365  0.901793  0.129775  0.567315  0.552425  0.0549229  0.256827  0.111826  0.033722  0.937578  0.0371055  0.600753  0.83365  0.901793  
0.375588  0.76574  0.545942  0.111332  0.688839  0.762751  0.346206  0.464538  0.367635  0.325301  0.815401  0.490663  0.375588  0.76574  0.545942  0.111332  0.688839  0.762751  0.346206  0.464538  0.367635  0.325301  0.815401  0.490663  
0.491004  0.277573  0.135106  0.688442  0.0453216  0.839788  0.515493  0.775672  0.851646  0.292318  0.362822  0.342654  0.491004  0.277573  0.135106  0.688442  0.0453216  0.839788  0.515493  0.775672  0.851646  0.292318  0.362822  0.342654  
0.723853  0.632255  0.6161  0.521508  0.747146  0.860467  0.125953  0.860899  0.342463  0.677338  0.515194  0.741005  0.723853  0.632255  0.6161  0.521508  0.747146  0.860467  0.125953  0.860899  0.342463  0.677338  0.515194  0.741005  
0.203741  0.613817  0.0272995  0.842081  0.0927169  0.596164  0.481463  0.249365  0.509093  0.901573  0.812391  0.133899  0.203741  0.613817  0.0272995  0.842081  0.0927169  0.596164  0.481463  0.249365  0.509093  0.901573  0.812391  0.133899  
0.32253  0.0674716  0.93348  0.212785  0.037747  0.944729  0.216304  0.271816  0.495993  0.382424  0.290793  0.244857  0.32253  0.0674716  0.93348  0.212785  0.037747  0.944729  0.216304  0.271816  0.495993  0.382424  0.290793  0.244857  
0.524029  0.955828  0.334118  0.993495  0.349834  0.239143  0.6188  0.311612  0.197485  0.915381  0.2215  0.882662  0.524029  0.955828  0.334118  0.993495  0.349834  0.239143  0.6188  0.311612  0.197485  0.915381  0.2215  0.882662  
0.099851  0.926963  0.262221  0.408616  0.613661  0.830497  0.305901  0.825469  0.730089  0.679284  0.178381  0.31519  0.099851  0.926963  0.262221  0.408616  0.613661  0.830497  0.305901  0.825469  0.730089  0.679284  0.178381  0.31519  
0.221259  0.647219  0.208821  0.699202  0.0626316  0.258046  0.669099  0.847142  0.345879  0.512297  0.733539  0.0163095  0.221259  0.647219  0.208821  0.699202  0.0626316  0.258046  0.669099  0.847142  0.345879  0.512297  0.733539  0.0163095  
0.959451  0.35461  0.748184  0.386406  0.942888  0.800793  0.731026  0.757864  0.283804  0.142118  0.688611  0.735266  0.959451  0.35461  0.748184  0.386406  0.942888  0.800793  0.731026  0.757864  0.283804  0.142118  0.688611  0.735266  
0.289799  0.719644  0.95338  0.65808  0.943026  0.0332156  0.706556  0.0817661  0.408439  0.392653  0.974133  0.650274  0.289799  0.719644  0.95338  0.65808  0.943026  0.0332156  0.706556  0.0817661  0.408439  0.392653  0.974133  0.650274  
0.107525  0.550734  0.143384  0.299945  0.436934  0.326058  0.603392  0.693588  0.978159  0.0924122  0.10203  0.024007  0.107525  0.550734  0.143384  0.299945  0.436934  0.326058  0.603392  0.693588  0.978159  0.0924122  0.10203  0.024007  
0.0799871  0.109356  0.440608  0.533549  0.237267  0.676265  0.248446  0.222077  0.191692  0.979001  0.677016  0.100332  0.0799871  0.109356  0.440608  0.533549  0.237267  0.676265  0.248446  0.222077  0.191692  0.979001  0.677016  0.100332  
0.311967  0.771139  0.729112  0.29221  0.119014  0.0889131  0.504231  0.442258  0.12748  0.358687  0.102617  0.0324286  0.311967  0.771139  0.729112  0.29221  0.119014  0.0889131  0.504231  0.442258  0.12748  0.358687  0.102617  0.0324286  
0.656086  0.364601  0.21324  0.647128  0.569452  0.85966  0.154425  0.0188293  0.877435  0.570502  0.875102  0.717687  0.656086  0.364601  0.21324  0.647128  0.569452  0.85966  0.154425  0.0188293  0.877435  0.570502  0.875102  0.717687  
0.493842  0.625848  0.358782  0.842632  0.761683  0.452877  0.433211  0.768195  0.700158  0.0958566  0.758657  0.49054  0.493842  0.625848  0.358782  0.842632  0.761683  0.452877  0.433211  0.768195  0.700158  0.0958566  0.758657  0.49054  
0.943911  0.334538  0.725629  0.644896  0.501161  0.842722  0.142631  0.00487798  0.548273  0.640071  0.0169453  0.456676  0.943911  0.334538  0.725629  0.644896  0.501161  0.842722  0.142631  0.00487798  0.548273  0.640071  0.0169453  0.456676  
0.873642  0.421217  0.949864  0.159794  0.941063  0.0862517  0.35234  0.784596  0.602914  0.910638  0.237384  0.606048  0.873642  0.421217  0.949864  0.159794  0.941063  0.0862517  0.35234  0.784596  0.602914  0.910638  0.237384  0.606048  
0.299966  0.98608  0.644313  0.128504  0.869019  0.566346  0.910677  0.838949  0.873692  0.90069  0.11624  0.954768  0.299966  0.98608  0.644313  0.128504  0.869019  0.566346  0.910677  0.838949  0.873692  0.90069  0.11624  0.954768  
0.325579  0.0488747  0.949215  0.312469  0.609402  0.61644  0.8726  0.289249  0.262617  0.620965  0.180468  0.834931  0.325579  0.0488747  0.949215  0.312469  0.609402  0.61644  0.8726  0.289249  0.262617  0.620965  0.180468  0.834931  
0.285112  0.768799  0.0435396  0.606395  0.286042  0.819375  0.182061  0.99467  0.585478  0.824337  0.438665  0.151626  0.285112  0.768799  0.0435396  0.606395  0.286042  0.819375  0.182061  0.99467  0.585478  0.824337  0.438665  0.151626  
0.116635  0.986269  0.255721  0.303168  0.160242  0.701467  0.537479  0.8337  0.770118  0.399908  0.313096  0.25689  0.116635  0.986269  0.255721  0.303168  0.160242  0.701467  0.537479  0.8337  0.770118  0.399908  0.313096  0.25689  
0.195775  0.866527  0.590089  0.645791  0.283232  0.601593  0.375108  0.191977  0.57189  0.681358  0.177307  0.398278  0.195775  0.866527  0.590089  0.645791  0.283232  0.601593  0.375108  0.191977  0.57189  0.681358  0.177307  0.398278  
0.367727  0.564955  0.389831  0.222664  0.0435345  0.721498  0.172207  0.600173  0.60905  0.537552  0.223153  0.505288  0.367727  0.564955  0.389831  0.222664  0.0435345  0.721498  0.172207  0.600173  0.60905  0.537552  0.223153  0.505288  
0.313882  0.0349422  0.0394722  0.0879279  0.956311  0.966607  0.679  0.420701  0.923574  0.323223  0.7702  0.375522  0.313882  0.0349422  0.0394722  0.0879279  0.956311  0.966607  0.679  0.420701  0.923574  0.323223  0.7702  0.375522  
0.658459  0.634277  0.58334  0.905816  0.598791  0.553174  0.250069  0.663333  0.982444  0.250056  0.807028  0.915241  0.658459  0.634277  0.58334  0.905816  0.598791  0.553174  0.250069  0.663333  0.982444  0.250056  0.807028  0.915241  
0.378223  0.311482  0.920146  0.00266074  0.198858  0.554243  0.234426  0.300984  0.0755154  0.456027  0.107813  0.731722  0.378223  0.311482  0.920146  0.00266074  0.198858  0.554243  0.234426  0.300984  0.0755154  0.456027  0.107813  0.731722  
0.489023  0.8371  0.837438  0.424082  0.322635  0.42696  0.63411  0.2801  0.352881  0.181863  0.909037  0.794736  0.489023  0.8371  0.837438  0.424082  0.322635  0.42696  0.63411  0.2801  0.352881  0.181863  0.909037  0.794736  
0.194574  0.67231  0.229215  0.211882  0.513336  0.00299152  0.690671  0.610504  0.991971  0.24745  0.788228  0.414271  0.194574  0.67231  0.229215  0.211882  0.513336  0.00299152  0.690671  0.610504  0.991971  0.24745  0.788228  0.414271  
0.0842092  0.688397  0.524833  0.0109602  0.658315  0.971827  0.736588  0.81047  0.362404  0.947911  0.732134  0.321235  0.0842092  0.688397  0.524833  0.0109602  0.658315  0.971827  0.736588  0.81047  0.362404  0.947911  0.732134  0.321235  
0.973314  0.925246  0.16946  0.337727  0.903222  0.512119  0.930367  0.885148  0.227369  0.617901  0.301151  0.115652  0.973314  0.925246  0.16946  0.337727  0.903222  0.512119  0.930367  0.885148  0.227369  0.617901  0.301151  0.115652  
0.790483  0.687067  0.822823  0.712991  0.016058  0.477238  0.988472  0.660062  0.629862  0.0130506  0.669113  0.0620453  0.790483  0.687067  0.822823  0.712991  0.016058  0.477238  0.988472  0.660062  0.629862  0.0130506  0.669113  0.0620453  
0.878618  0.382251  0.16444  0.378953  0.851806  0.170476  0.348624  0.396821  0.814815  0.172614  0.0890794  0.659353  0.878618  0.382251  0.16444  0.378953  0.851806  0.170476  0.348624  0.396821  0.814815  0.172614  0.0890794  0.659353  
0.246062  0.899362  0.118236  0.36265  0.752609  0.46232  0.161168  0.0131841  0.787854  0.463831  0.430497  0.00129088  0.246062  0.899362  0.118236  0.36265  0.752609  0.46232  0.161168  0.0131841  0.787854  0.463831  0.430497  0.00129088  
0.834989  0.0839453  0.945069  0.864445  0.573887  0.817775  0.464486  0.454757  0.585782  0.439183  0.0196001  0.320659  0.834989  0.0839453  0.945069  0.864445  0.573887  0.817775  0.464486  0.454757  0.585782  0.439183  0.0196001  0.320659  
0.755616  0.259884  0.962024  0.0590706  0.105721  0.424317  0.288427  0.156848  0.774727  0.428029  0.384215  0.933052  0.755616  0.259884  0.962024  0.0590706  0.105721  0.424317  0.288427  0.156848  0.774727  0.428029  0.384215  0.933052  
0.623275  0.565013  0.158615  0.0700018  0.536885  0.150357  0.00543436  0.516168  0.886783  0.621741  0.712328  0.0927782  0.623275  0.565013  0.158615  0.0700018  0.536885  0.150357  0.00543436  0.516168  0.886783  0.621741  0.712328  0.0927782  
0.0683213  0.280461  0.509854  0.178249  0.186543  0.748784  0.404983  0.0141896  0.274384  0.698218  0.692668  0.320246  0.0683213  0.280461  0.509854  0.178249  0.186543  0.748784  0.404983  0.0141896  0.274384  0.698218  0.692668  0.320246  
0.294652  0.490883  0.724421  0.241774  0.919316  0.0369329  0.187666  0.559617  0.470821  0.298924  0.591215  0.780112  0.294652  0.490883  0.724421  0.241774  0.919316  0.0369329  0.187666  0.559617  0.470821  0.298924  0.591215  0.780112  
0.9944  0.335501  0.269902  0.0820718  0.731373  0.552322  0.496853  0.888026  0.805125  0.914328  0.321384  0.299367  0.9944  0.335501  0.269902  0.0820718  0.731373  0.552322  0.496853  0.888026  0.805125  0.914328  0.321384  0.299367  
0.440684  0.402749  0.461638  0.689056  0.883034  0.869302  0.0476906  0.124225  0.00994281  0.385437  0.361583  0.857109  0.440684  0.402749  0.461638  0.689056  0.883034  0.869302  0.0476906  0.124225  0.00994281  0.385437  0.361583  0.857109  
0.173689  0.85626  0.173554  0.871038  0.148659  0.932631  0.166689  0.480935  0.0900418  0.325305  0.703354  0.15172  0.173689  0.85626  0.173554  0.871038  0.148659  0.932631  0.166689  0.480935  0.0900418  0.325305  0.703354  0.15172  
0.00611583  0.61634  0.517328  0.180634  0.171055  0.896497  0.628427  0.363064  0.577282  0.982999  0.509709  0.856831  0.00611583  0.61634  0.517328  0.180634  0.171055  0.896497  0.628427  0.363064  0.577282  0.982999  0.509709  0.856831  
0.36611  0.327724  0.341858  0.412181  0.238375  0.249373  0.486606  0.934098  0.279495  0.701284  0.487873  0.12925  0.36611  0.327724  0.341858  0.412181  0.238375  0.249373  0.486606  0.934098  0.279495  0.701284  0.487873  0.12925  
0.282698  0.829606  0.31549  0.37709  0.617289  0.427555  0.84364  0.0760184  0.400229  0.0936959  0.185331  0.664283  0.282698  0.829606  0.31549  0.37709  0.617289  0.427555  0.84364  0.0760184  0.400229  0.0936959  0.185331  0.664283  
0.820905  0.367962  0.252843  0.261444  0.565178  0.0210526  0.60027  0.227636  0.802487  0.96711  0.91572  0.419939  0.820905  0.367962  0.252843  0.261444  0.565178  0.0210526  0.60027  0.227636  0.802487  0.96711  0.91572  0.419939  
0.635882  0.901825  0.605479  0.235345  0.548108  0.669982  0.504527  0.199718  0.350054  0.357229  0.347098  0.521001  0.635882  0.901825  0.605479  0.235345  0.548108  0.669982  0.504527  0.199718  0.350054  0.357229  0.347098  0.521001  
0.770773  0.631349  0.500948  0.265685  0.138213  0.590894  0.0664265  0.15968  0.0713092  0.0374814  0.208053  0.270414  0.770773  0.631349  0.500948  0.265685  0.138213  0.590894  0.0664265  0.15968  0.0713092  0.0374814  0.208053  0.270414  
0.255442  0.342451  0  0  0  0  0  0  0  0  0  0  0.255442  0.342451  0  0  0  0  0  0  0  0  0  0  
0.840237  0.0230569  0  0  0  0  0  0  0  0  0  0  0.840237  0.0230569  0  0  0  0  0  0  0  0  0  0  
0.280995  0.557499  0  0  0  0  0  0  0  0  0  0  0.280995  0.557499  0  0  0  0  0  0  0  0  0  0  
0.99555  0.389334  0  0  0  0  0  0  0  0  0  0  0.99555  0.389334  0  0  0  0  0  0  0  0  0  0  
0.014901  0.45224  0  0  0  0  0  0  0  0  0  0  0.014901  0.45224  0  0  0  0  0  0  0  0  0  0  
0.970238  0.336909  0  0  0  0  0  0  0  0  0  0  0.970238  0.336909  0  0  0  0  0  0  0  0  0  0  
0.903915  0.366875  0  0  0  0  0  0  0  0  0  0  0.903915  0.366875  0  0  0  0  0  0  0  0  0  0  
0.987887  0.549121  0  0  0  0  0  0  0  0  0  0  0.987887  0.549121  0  0  0  0  0  0  0  0  0  0  
0.764074  0.611412  0  0  0  0  0  0  0  0  0  0  0.764074  0.611412  0  0  0  0  0  0  0  0  0  0  
0.881864  0.769396  0  0  0  0  0  0  0  0  0  0  0.881864  0.769396  0  0  0  0  0  0  0  0  0  0  
0.0490858  0.438969  0  0  0  0  0  0  0  0  0  0  0.0490858  0.438969  0  0  0  0  0  0  0  0  0  0  
0.940157  0.212288  0  0  0  0  0  0  0  0  0  0  0.940157  0.212288  0  0  0  0  0  0  0  0  0  0  
0.0145179  0.549633  0  0  0  0  0  0  0  0  0  0  0.0145179  0.549633  0  0  0  0  0  0  0  0  0  0  
0.948032  0.414571  0  0  0  0  0  0  0  0  0  0  0.948032  0.414571  0  0  0  0  0  0  0  0  0  0  
0.985712  0.582596  0  0  0  0  0  0  0  0  0  0  0.985712  0.582596  0  0  0  0  0  0  0  0  0  0  
0.510476  0.545719  0  0  0  0  0  0  0  0  0  0  0.510476  0.545719  0  0  0  0  0  0  0  0  0  0  
0.0640899  0.864469  0  0  0  0  0  0  0  0  0  0  0.0640899  0.864469  0  0  0  0  0  0  0  0  0  0  
0.924064  0.338275  0  0  0  0  0  0  0  0  0  0  0.924064  0.338275  0  0  0  0  0  0  0  0  0  0  
0.965001  0.792738  0  0  0  0  0  0  0  0  0  0  0.965001  0.792738  0  0  0  0  0  0  0  0  0  0  
0.624153  0.997389  0  0  0  0  0  0  0  0  0  0  0.624153  0.997389  0  0  0  0  0  0  0  0  0  0  
0.197978  0.422425  0  0  0  0  0  0  0  0  0  0  0.197978  0.422425  0  0  0  0  0  0  0  0  0  0  
0.150053  0.262977  0  0  0  0  0  0  0  0  0  0  0.150053  0.262977  0  0  0  0  0  0  0  0  0  0  
0.657312  0.197465  0  0  0  0  0  0  0  0  0  0  0.657312  0.197465  0  0  0  0  0  0  0  0  0  0  
0.0618233  0.698987  0  0  0  0  0  0  0  0  0  0  0.0618233  0.698987  0  0  0  0  0  0  0  0  0  0  
0.307769  0.232404  0  0  0  0  0  0  0  0  0  0  0.307769  0.232404  0  0  0  0  0  0  0  0  0  0  
0.764549  0.400563  0  0  0  0  0  0  0  0  0  0  0.764549  0.400563  0  0  0  0  0  0  0  0  0  0  
0.573041  0.684022  0  0  0  0  0  0  0  0  0  0  0.573041  0.684022  0  0  0  0  0  0  0  0  0  0  
0.970978  0.506899  0  0  0  0  0  0  0  0  0  0  0.970978  0.506899  0  0  0  0  0  0  0  0  0  0  
0.430092  0.0612918  0  0  0  0  0  0  0  0  0  0  0.430092  0.0612918  0  0  0  0  0  0  0  0  0  0  
0.410775  0.878527  0  0  0  0  0  0  0  0  0  0  0.410775  0.878527  0  0  0  0  0  0  0  0  0  0  
0.171849  0.416419  0  0  0  0  0  0  0  0  0  0  0.171849  0.416419  0  0  0  0  0  0  0  0  0  0  
0.860653  0.492912  0  0  0  0  0  0  0  0  0  0  0.860653  0.492912  0  0  0  0  0  0  0  0  0  0  
0.90752  0.389403  0  0  0  0  0  0  0  0  0  0  0.90752  0.389403  0  0  0  0  0  0  0  0  0  0  
0.678225  0.0802977  0  0  0  0  0  0  0  0  0  0  0.678225  0.0802977  0  0  0  0  0  0  0  0  0  0  
0.74439  0.0185114  0  0  0  0  0  0  0  0  0  0  0.74439  0.0185114  0  0  0  0  0  0  0  0  0  0  
0.63629  0.889759  0  0  0  0  0  0  0  0  0  0  0.63629  0.889759  0  0  0  0  0  0  0  0  0  0  
0.281  0.606624  0  0  0  0  0  0  0  0  0  0  0.281  0.606624  0  0  0  0  0  0  0  0  0  0  
0.840248  0.209865  0  0  0  0  0  0  0  0  0  0  0.840248  0.209865  0  0  0  0  0  0  0  0  0  0  
0.641965  0.285097  0  0  0  0  0  0  0  0  0  0  0.641965  0.285097  0  0  0  0  0  0  0  0  0  0  
0.164369  0.037146  0  0  0  0  0  0  0  0  0  0  0.164369  0.037146  0  0  0  0  0  0  0  0  0  0  
0.255442  0.545213  0  0  0  0  0  0  0  0  0  0  0.255442  0.545213  0  0  0  0  0  0  0  0  0  0  
0.615207  0.465731  0  0  0  0  0  0  0  0  0  0  0.615207  0.465731  0  0  0  0  0  0  0  0  0  0  
0.848133  0.252697  0  0  0  0  0  0  0  0  0  0  0.848133  0.252697  0  0  0  0  0  0  0  0  0  0  
0.770407  0.172528  0  0  0  0  0  0  0  0  0  0  0.770407  0.172528  0  0  0  0  0  0  0  0  0  0  
0.799173  0.757342  0  0  0  0  0  0  0  0  0  0  0.799173  0.757342  0  0  0  0  0  0  0  0  0  0  
0.623878  0.971543  0  0  0  0  0  0  0  0  0  0  0.623878  0.971543  0  0  0  0  0  0  0  0  0  0  
0.343432  0.358262  0  0  0  0  0  0  0  0  0  0  0.343432  0.358262  0  0  0  0  0  0  0  0  0  0  
0.391827  0.676129  0  0  0  0  0  0  0  0  0  0  0.391827  0.676129  0  0  0  0  0  0  0  0  0  0  
0.510855  0.433695  0  0  0  0  0  0  0  0  0  0  0.510855  0.433695  0  0  0  0  0  0  0  0  0  0  
0.719239  0.695841  0  0  0  0  0  0  0  0  0  0  0.719239  0.695841  0  0  0  0  0  0  0  0  0  0  
0.00931764  0.540701  0  0  0  0  0  0  0  0  0  0  0.00931764  0.540701  0  0  0  0  0  0  0  0  0  0  
0.999911  0.24448  0  0  0  0  0  0  0  0  0  0  0.999911  0.24448  0  0  0  0  0  0  0  0  0  0  
0.469722  0.0297517  0  0  0  0  0  0  0  0  0  0  0.469722  0.0297517  0  0  0  0  0  0  0  0  0  0  
0.595899  0.406297  0  0  0  0  0  0  0  0  0  0  0.595899  0.406297  0  0  0  0  0  0  0  0  0  0  
0.147363  0.282302  0  0  0  0  0  0  0  0  0  0  0.147363  0.282302  0  0  0  0  0  0  0  0  0  0  
0.552049  0.997754  0  0  0  0  0  0  0  0  0  0  0.552049  0.997754  0  0  0  0  0  0  0  0  0  0  
0.836937  0.93041  0  0  0  0  0  0  0  0  0  0  0.836937  0.93041  0  0  0  0  0  0  0  0  0  0  
0.0962038  0.332811  0  0  0  0  0  0  0  0  0  0  0.0962038  0.332811  0  0  0  0  0  0  0  0  0  0  
0.962734  0.612145  0  0  0  0  0  0  0  0  0  0  0.962734  0.612145  0  0  0  0  0  0  0  0  0  0  
0.180381  0.308537  0  0  0  0  0  0  0  0  0  0  0.180381  0.308537  0  0  0  0  0  0  0  0  0  0  
0.320107  0.682471  0  0  0  0  0  0  0  0  0  0  0.320107  0.682471  0  0  0  0  0  0  0  0  0  0  
0.883625  0.191493  0  0  0  0  0  0  0  0  0  0  0.883625  0.191493  0  0  0  0  0  0  0  0  0  0  
0.186586  0.529553  0  0  0  0  0  0  0  0  0  0  0.186586  0.529553  0  0  0  0  0  0  0  0  0  0  
0.225823  0.426728  0  0  0  0  0  0  0  0  0  0  0.225823  0.426728  0  0  0  0  0  0  0  0  0  0  
0.942095  0.337856  0  0  0  0  0  0  0  0  0  0  0.942095  0.337856  0  0  0  0  0  0  0  0  0  0  
0.629972  0.355563  0  0  0  0  0  0  0  0  0  0  0.629972  0.355563  0  0  0  0  0  0  0  0  0  0  
0.73346  0.209206  0  0  0  0  0  0  0  0  0  0  0.73346  0.209206  0  0  0  0  0  0  0  0  0  0  
0.602706  0.86466  0  0  0  0  0  0  0  0  0  0  0.602706  0.86466  0  0  0  0  0  0  0  0  0  0  
0.698994  0.0520093  0  0  0  0  0  0  0  0  0  0  0.698994  0.0520093  0  0  0  0  0  0  0  0  0  0  
0.355118  0.466337  0  0  0  0  0  0  0  0  0  0  0.355118  0.466337  0  0  0  0  0  0  0  0  0  0  
0.448634  0.361402  0  0  0  0  0  0  0  0  0  0  0.448634  0.361402  0  0  0  0  0  0  0  0  0  0  
0.489977  0.531138  0  0  0  0  0  0  0  0  0  0  0.489977  0.531138  0  0  0  0  0  0  0  0  0  0  
0.478138  0.508918  0  0  0  0  0  0  0  0  0  0  0.478138  0.508918  0  0  0  0  0  0  0  0  0  0  
0.286868  0.325637  0  0  0  0  0  0  0  0  0  0  0.286868  0.325637  0  0  0  0  0  0  0  0  0  0  
0.387259  0.0659373  0  0  0  0  0  0  0  0  0  0  0.387259  0.0659373  0  0  0  0  0  0  0  0  0  0  
0.263208  0.480061  0  0  0  0  0  0  0  0  0  0  0.263208  0.480061  0  0  0  0  0  0  0  0  0  0  
0.779739  0.252623  0  0  0  0  0  0  0  0  0  0  0.779739  0.252623  0  0  0  0  0  0  0  0  0  0  
0.0464832  0.686069  0  0  0  0  0  0  0  0  0  0  0.0464832  0.686069  0  0  0  0  0  0  0  0  0  0  
0.818247  0.527012  0  0  0  0  0  0  0  0  0  0  0.818247  0.527012  0  0  0  0  0  0  0  0  0  0  
0.166515  0.59758  0  0  0  0  0  0  0  0  0  0  0.166515  0.59758  0  0  0  0  0  0  0  0  0  0  
0.873093  0.54039  0  0  0  0  0  0  0  0  0  0  0.873093  0.54039  0  0  0  0  0  0  0  0  0  0  
0.895799  0.233156  0  0  0  0  0  0  0  0  0  0  0.895799  0.233156  0  0  0  0  0  0  0  0  0  0  
0.124435  0.558881  0  0  0  0  0  0  0  0  0  0  0.124435  0.558881  0  0  0  0  0  0  0  0  0  0  
0.452502  0.28552  0  0  0  0  0  0  0  0  0  0  0.452502  0.28552  0  0  0  0  0  0  0  0  0  0  
0.930058  0.0284735  0  0  0  0  0  0  0  0  0  0  0.930058  0.0284735  0  0  0  0  0  0  0  0  0  0  
0.591524  0.0618215  0  0  0  0  0  0  0  0  0  0  0.591524  0.0618215  0  0  0  0  0  0  0  0  0  0  
0.271346  0.133525  0  0  0  0  0  0  0  0  0  0  0.271346  0.133525  0  0  0  0  0  0  0  0  0  0  
0.719562  0.323617  0  0  0  0  0  0  0  0  0  0  0.719562  0.323617  0  0  0  0  0  0  0  0  0  0  
0.44492  0.597613  0  0  0  0  0  0  0  0  0  0  0.44492  0.597613  0  0  0  0  0  0  0  0  0  0  
0.759972  0.00192752  0  0  0  0  0  0  0  0  0  0  0.759972  0.00192752  0  0  0  0  0  0  0  0  0  0  
0.739901  0.508368  0  0  0  0  0  0  0  0  0  0  0.739901  0.508368  0  0  0  0  0  0  0  0  0  0  
0.0828907  0.552036  0  0  0  0  0  0  0  0  0  0  0.0828907  0.552036  0  0  0  0  0  0  0  0  0  0  
0.59411  0.533548  0  0  0  0  0  0  0  0  0  0  0.59411  0.533548  0  0  0  0  0  0  0  0  0  0  
0.102975  0.761783  0  0  0  0  0  0  0  0  0  0  0.102975  0.761783  0  0  0  0  0  0  0  0  0  0  
0.955794  0.277103  0  0  0  0  0  0  0  0  0  0  0.955794  0.277103  0  0  0  0  0  0  0  0  0  0  
0.200822  0.437853  0  0  0  0  0  0  0  0  0  0  0.200822  0.437853  0  0  0  0  0  0  0  0  0  0  
0.90451  0.86741  0  0  0  0  0  0  0  0  0  0  0.90451  0.86741  0  0  0  0  0  0  0  0  0  0  
0.855224  0.96975  0  0  0  0  0  0  0  0  0  0  0.855224  0.96975  0  0  0  0  0  0  0  0  0  0  
0.0299879  0.153808  0  0  0  0  0  0  0  0  0  0  0.0299879  0.153808  0  0  0  0  0  0  0  0  0  0  
0.890527  0.586396  0  0  0  0  0  0  0  0  0  0  0.890527  0.586396  0  0  0  0  0  0  0  0  0  0  
0.870534  0.688067  0.682501  0.676234  0.260764  0.220827  0.86321  0.289163  0.650307  0.989982  0.188547  0.544074  0.870534  0.688067  0.682501  0.676234  0.260764  0.220827  0.86321  0.289163  0.650307  0.989982  0.188547  0.544074  
0.154148  0.48143  0.271463  0.339595  0.804009  0.102944  0.839013  0.308067  0.349493  0.977219  0.0874523  0.286584  0.154148  0.48143  0.271463  0.339595  0.804009  0.102944  0.839013  0.308067  0.349493  0.977219  0.0874523  0.286584  
0.101237  0.41082  0.77618  0.982972  0.359787  0.541043  0.872946  0.607427  0.307689  0.00861077  0.168668  0.4894  0.101237  0.41082  0.77618  0.982972  0.359787  0.541043  0.872946  0.607427  0.307689  0.00861077  0.168668  0.4894  
0.054156  0.41641  0.999666  0.678215  0.295173  0.434321  0.241081  0.380904  0.855657  0.994679  0.357777  0.608076  0.054156  0.41641  0.999666  0.678215  0.295173  0.434321  0.241081  0.380904  0.855657  0.994679  0.357777  0.608076  
0.123011  0.371326  0.940141  0.788781  0.0975525  0.395082  0.806339  0.640959  0.171439  0.209101  0.819587  0.973526  0.123011  0.371326  0.940141  0.788781  0.0975525  0.395082  0.806339  0.640959  0.171439  0.209101  0.819587  0.973526  
0.780106  0.685818  0.0369767  0.628771  0.763005  0.434281  0.298667  0.531921  0.81627  0.399145  0.146467  0.985165  0.780106  0.685818  0.0369767  0.628771  0.763005  0.434281  0.298667  0.531921  0.81627  0.399145  0.146467  0.985165  
0.803365  0.389288  0.25866  0.0353023  0.43749  0.916815  0.125788  0.0295569  0.934969  0.34314  0.852413  0.899782  0.803365  0.389288  0.25866  0.0353023  0.43749  0.916815  0.125788  0.0295569  0.934969  0.34314  0.852413  0.899782  
0.768133  0.863924  0.00287341  0.620369  0.322145  0.978637  0.846791  0.199342  0.623873  0.253696  0.831703  0.0769876  0.768133  0.863924  0.00287341  0.620369  0.322145  0.978637  0.846791  0.199342  0.623873  0.253696  0.831703  0.0769876  
0.669269  0.209941  0.477824  0.4651  0.515825  0.535969  0.22365  0.310494  0.536065  0.049381  0.899731  0.514011  0.669269  0.209941  0.477824  0.4651  0.515825  0.535969  0.22365  0.310494  0.536065  0.049381  0.899731  0.514011  
0.286208  0.997718  0.595747  0.137425  0.833539  0.428215  0.323798  0.0246397  0.428165  0.694435  0.0155145  0.944641  0.286208  0.997718  0.595747  0.137425  0.833539  0.428215  0.323798  0.0246397  0.428165  0.694435  0.0155145  0.944641  
0.0246038  0.83599  0.321987  0.475932  0.0302876  0.866872  0.10417  0.670738  0.612159  0.201325  0.0458141  0.785422  0.0246038  0.83599  0.321987  0.475932  0.0302876  0.866872  0.10417  0.670738  0.612159  0.201325  0.0458141  0.785422  
0.96507  0.646308  0.455126  0.853293  0.947729  0.603982  0.578659  0.00470559  0.205374  0.834682  0.794328  0.871829  0.96507  0.646308  0.455126  0.853293  0.947729  0.603982  0.578659  0.00470559  0.205374  0.834682  0.794328  0.871829  
0.0518623  0.56113  0.619047  0.606242  0.526403  0.901316  0.80831  0.281486  0.143689  0.964108  0.928331  0.435596  0.0518623  0.56113  0.619047  0.606242  0.526403  0.901316  0.80831  0.281486  0.143689  0.964108  0.928331  0.435596  
0.743903  0.442041  0.739599  0.184827  0.0307964  0.727726  0.350021  0.820262  0.110368  0.309891  0.832064  0.609228  0.743903  0.442041  0.739599  0.184827  0.0307964  0.727726  0.350021  0.820262  0.110368  0.309891  0.832064  0.609228  
0.265668  0.30227  0.0429819  0.664406  0.51782  0.950895  0.978986  0.476309  0.344607  0.627781  0.691423  0.899446  0.265668  0.30227  0.0429819  0.664406  0.51782  0.950895  0.978986  0.476309  0.344607  0.627781  0.691423  0.899446  
0.0225401  0.43354  0.310294  0.926943  0.328485  0.702003  0.00620904  0.060366  0.326055  0.721564  0.627421  0.063551  0.0225401  0.43354  0.310294  0.926943  0.328485  0.702003  0.00620904  0.060366  0.326055  0.721564  0.627421  0.063551  
0.821778  0.794069  0.846374  0.913026  0.726582  0.411474  0.943248  0.664676  0.679255  0.734021  0.401551  0.100362  0.821778  0.794069  0.846374  0.913026  0.726582  0.411474  0.943248  0.664676  0.679255  0.734021  0.401551  0.100362  
0.755394  0.450183  0.62107  0.6324  0.00240959  0.784674  0.897197  0.172041  0.446725  0.325065  0.606585  0.618906  0.755394  0.450183  0.62107  0.6324  0.00240959  0.784674  0.897197  0.172041  0.446725  0.325065  0.606585  0.618906  
0.88817  0.220579  0.494428  0.0452593  0.0384093  0.948741  0.90647  0.858912  0.0921176  0.990526  0.324343  0.624533  0.88817  0.220579  0.494428  0.0452593  0.0384093  0.948741  0.90647  0.858912  0.0921176  0.990526  0.324343  0.624533  
0.0710563  0.685916  0.573155  0.852271  0.322972  0.593163  0.805677  0.8024  0.179425  0.546146  0.511351  0.155671  0.0710563  0.685916  0.573155  0.852271  0.322972  0.593163  0.805677  0.8024  0.179425  0.546146  0.511351  0.155671  
0.682083  0.298746  0.31998  0.270723  0.862997  0.666214  0.857379  0.703335  0.965929  0.429087  0.994007  0.965086  0.682083  0.298746  0.31998  0.270723  0.862997  0.666214  0.857379  0.703335  0.965929  0.429087  0.994007  0.965086  
0.280935  0.854395  0.320423  0.723297  0.243896  0.576971  0.0525384  0.955205  0.451635  0.812057  0.812935  0.892662  0.280935  0.854395  0.320423  0.723297  0.243896  0.576971  0.0525384  0.955205  0.451635  0.812057  0.812935  0.892662  
0.374015  0.190136  0.0165339  0.658514  0.668116  0.720569  0.889944  0.497442  0.649269  0.906061  0.7379  0.136452  0.374015  0.190136  0.0165339  0.658514  0.668116  0.720569  0.889944  0.497442  0.649269  0.906061  0.7379  0.136452  
0.214304  0.772603  0.71803  0.81084  0.5916  0.233972  0.252117  0.0608137  0.554018  0.805695  0.909831  0.709201  0.214304  0.772603  0.71803  0.81084  0.5916  0.233972  0.252117  0.0608137  0.554018  0.805695  0.909831  0.709201  
0.555211  0.626346  0.960272  0.656081  0.512556  0.502003  0.264989  0.469604  0.798025  0.384226  0.535995  0.737159  0.555211  0.626346  0.960272  0.656081  0.512556  0.502003  0.264989  0.469604  0.798025  0.384226  0.535995  0.737159  
0.820486  0.551976  0.312518  0.694644  0.898809  0.823961  0.348142  0.618091  0.55326  0.13644  0.107055  0.541425  0.820486  0.551976  0.312518  0.694644  0.898809  0.823961  0.348142  0.618091  0.55326  0.13644  0.107055  0.541425  
0.560665  0.913212  0.0853303  0.567218  0.141286  0.0816186  0.497713  0.268364  0.294214  0.0581507  0.54863  0.814944  0.560665  0.913212  0.0853303  0.567218  0.141286  0.0816186  0.497713  0.268364  0.294214  0.0581507  0.54863  0.814944  
0.819765  0.357969  0.513442  0.607624  0.160066  0.429903  0.506533  0.525185  0.641036  0.439284  0.983327  0.839594  0.819765  0.357969  0.513442  0.607624  0.160066  0.429903  0.506533  0.525185  0.641036  0.439284  0.983327  0.839594  
0.568055  0.574497  0.367824  0.222759  0.0428385  0.485065  0.957592  0.81109  0.658092  0.816024  0.525179  0.191223  0.568055  0.574497  0.367824  0.222759  0.0428385  0.485065  0.957592  0.81109  0.658092  0.816024  0.525179  0.191223  
0.0811637  0.881791  0.436342  0.768668  0.505931  0.995737  0.517912  0.565391  0.300266  0.753997  0.0955281  0.195099  0.0811637  0.881791  0.436342  0.768668  0.505931  0.995737  0.517912  0.565391  0.300266  0.753997  0.0955281  0.195099  
0.841852  0.558023  0.966309  0.602462  0.358737  0.680283  0.176795  0.545713  0.930875  0.730716  0.369763  0.680286  0.841852  0.558023  0.966309  0.602462  0.358737  0.680283  0.176795  0.545713  0.930875  0.730716  0.369763  0.680286  
0.172021  0.798825  0.870769  0.103609  0.554634  0.221369  0.474461  0.106684  0.996277  0.471769  0.775554  0.400979  0.172021  0.798825  0.870769  0.103609  0.554634  0.221369  0.474461  0.106684  0.996277  0.471769  0.775554  0.400979  
0.78441  0.734136  0.562572  0.292609  0.0610243  0.256449  0.965358  0.370502  0.85071  0.695167  0.158255  0.322498  0.78441  0.734136  0.562572  0.292609  0.0610243  0.256449  0.965358  0.370502  0.85071  0.695167  0.158255  0.322498  
0.392405  0.599535  0.467209  0.0761884  0.575027  0.485478  0.775902  0.384274  0.537661  0.976336  0.737809  0.326538  0.392405  0.599535  0.467209  0.0761884  0.575027  0.485478  0.775902  0.384274  0.537661  0.976336  0.737809  0.326538  
0.779632  0.151095  0.812542  0.026091  0.707765  0.832503  0.325931  0.169825  0.981273  0.622947  0.4906  0.179683  0.779632  0.151095  0.812542  0.026091  0.707765  0.832503  0.325931  0.169825  0.981273  0.622947  0.4906  0.179683  
0.577953  0.647115  0.194692  0.814915  0.363022  0.443321  0.0354941  0.835177  0.292499  0.345037  0.883347  0.209787  0.577953  0.647115  0.194692  0.814915  0.363022  0.443321  0.0354941  0.835177  0.292499  0.345037  0.883347  0.209787  
0.281098  0.120681  0.6001  0.371511  0.968388  0.212734  0.923292  0.682665  0.374512  0.108836  0.235057  0.715222  0.281098  0.120681  0.6001  0.371511  0.968388  0.212734  0.923292  0.682665  0.374512  0.108836  0.235057  0.715222  
0.165865  0.010536  0.128832  0.703094  0.743208  0.322847  0.305957  0.0995885  0.248271  0.767285  0.868307  0.646279  0.165865  0.010536  0.128832  0.703094  0.743208  0.322847  0.305957  0.0995885  0.248271  0.767285  0.868307  0.646279  
0.410277  0.871261  0.168171  0.129332  0.280115  0.713726  0.274361  0.407666  0.692758  0.937941  0.524407  0.135573  0.410277  0.871261  0.168171  0.129332  0.280115  0.713726  0.274361  0.407666  0.692758  0.937941  0.524407  0.135573  
0.947086  0.11146  0.50192  0.650599  0.778033  0.312659  0.471106  0.00777911  0.342206  0.174448  0.039628  0.457201  0.947086  0.11146  0.50192  0.650599  0.778033  0.312659  0.471106  0.00777911  0.342206  0.174448  0.039628  0.457201  
0.913304  0.592614  0.641441  0.154367  0.620636  0.434029  0.124012  0.573735  0.256197  0.861411  0.222004  0.0339325  0.913304  0.592614  0.641441  0.154367  0.620636  0.434029  0.124012  0.573735  0.256197  0.861411  0.222004  0.0339325  
0.177099  0.965481  0.548307  0.411062  0.84969  0.715533  0.207828  0.480875  0.473537  0.180669  0.143058  0.125019  0.177099  0.965481  0.548307  0.411062  0.84969  0.715533  0.207828  0.480875  0.473537  0.180669  0.143058  0.125019  
0.382542  0.129984  0.447394  0.247579  0.781627  0.0688241  0.171691  0.0657553  0.494647  0.660324  0.915153  0.645504  0.382542  0.129984  0.447394  0.247579  0.781627  0.0688241  0.171691  0.0657553  0.494647  0.660324  0.915153  0.645504  
0.75402  0.960854  0.219945  0.303503  0.260344  0.729795  0.580875  0.436299  0.509427  0.377116  0.907603  0.0770982  0.75402  0.960854  0.219945  0.303503  0.260344  0.729795  0.580875  0.436299  0.509427  0.377116  0.907603  0.0770982  
0.880605  0.979272  0.479459  0.57246  0.0029659  0.24966  0.655488  0.822177  0.0717565  0.816169  0.0794727  0.11362  0.880605  0.979272  0.479459  0.57246  0.0029659  0.24966  0.655488  0.822177  0.0717565  0.816169  0.0794727  0.11362  
0.837637  0.348445  0.0785552  0.957657  0.806409  0.539178  0.178758  0.886839  0.0261182  0.604469  0.65253  0.958934  0.837637  0.348445  0.0785552  0.957657  0.806409  0.539178  0.178758  0.886839  0.0261182  0.604469  0.65253  0.958934  
0.712  0.873666  0.370602  0.41283  0.245419  0.528224  0.394141  0.139214  0.863072  0.157236  0.653365  0.683213  0.712  0.873666  0.370602  0.41283  0.245419  0.528224  0.394141  0.139214  0.863072  0.157236  0.653365  0.683213  
0.276314  0.938451  0.397271  0.248845  0.393724  0.282109  0.479828  0.872471  0.20711  0.554756  0.0989975  0.570117  0.276314  0.938451  0.397271  0.248845  0.393724  0.282109  0.479828  0.872471  0.20711  0.554756  0.0989975  0.570117  
0.941474  0.758272  0.270213  0.392849  0.860227  0.601294  0.446811  0.4744  0.47293  0.896918  0.262185  0.984588  0.941474  0.758272  0.270213  0.392849  0.860227  0.601294  0.446811  0.4744  0.47293  0.896918  0.262185  0.984588  
0.966884  0.687809  0.487387  0.886765  0.700927  0.154988  0.99325  0.725625  0.526055  0.0146356  0.926208  0.743576  0.966884  0.687809  0.487387  0.886765  0.700927  0.154988  0.99325  0.725625  0.526055  0.0146356  0.926208  0.743576  
0.33897  0.948919  0.220736  0.909957  0.182549  0.797405  0.711343  0.10134  0.651854  0.0958577  0.258695  0.859616  0.33897  0.948919  0.220736  0.909957  0.182549  0.797405  0.711343  0.10134  0.651854  0.0958577  0.258695  0.859616  
0.708656  0.658478  0.866914  0.73122  0.139654  0.994057  0.390568  0.483192  0.692209  0.707894  0.792499  0.936948  0.708656  0.658478  0.866914  0.73122  0.139654  0.994057  0.390568  0.483192  0.692209  0.707894  0.792499  0.936948  
0.129775  0.567315  0.552425  0.0549229  0.256827  0.111826  0.033722  0.937578  0.0371055  0.600753  0.83365  0.901793  0.129775  0.567315  0.552425  0.0549229  0.256827  0.111826  0.033722  0.937578  0.0371055  0.600753  0.83365  0.901793  
0.375588  0.76574  0.545942  0.111332  0.688839  0.762751  0.346206  0.464538  0.367635  0.325301  0.815401  0.490663  0.375588  0.76574  0.545942  0.111332  0.688839  0.762751  0.346206  0.464538  0.367635  0.325301  0.815401  0.490663  
0.491004  0.277573  0.135106  0.688442  0.0453216  0.839788  0.515493  0.775672  0.851646  0.292318  0.362822  0.342654  0.491004  0.277573  0.135106  0.688442  0.0453216  0.839788  0.515493  0.775672  0.851646  0.292318  0.362822  0.342654  
0.723853  0.632255  0.6161  0.521508  0.747146  0.860467  0.125953  0.860899  0.342463  0.677338  0.515194  0.741005  0.723853  0.632255  0.6161  0.521508  0.747146  0.860467  0.125953  0.860899  0.342463  0.677338  0.515194  0.741005  
0.203741  0.613817  0.0272995  0.842081  0.0927169  0.596164  0.481463  0.249365  0.509093  0.901573  0.812391  0.133899  0.203741  0.613817  0.0272995  0.842081  0.0927169  0.596164  0.481463  0.249365  0.509093  0.901573  0.812391  0.133899  
0.32253  0.0674716  0.93348  0.212785  0.037747  0.944729  0.216304  0.271816  0.495993  0.382424  0.290793  0.244857  0.32253  0.0674716  0.93348  0.212785  0.037747  0.944729  0.216304  0.271816  0.495993  0.382424  0.290793  0.244857  
0.524029  0.955828  0.334118  0.993495  0.349834  0.239143  0.6188  0.311612  0.197485  0.915381  0.2215  0.882662  0.524029  0.955828  0.334118  0.993495  0.349834  0.239143  0.6188  0.311612  0.197485  0.915381  0.2215  0.882662  
0.099851  0.926963  0.262221  0.408616  0.613661  0.830497  0.305901  0.825469  0.730089  0.679284  0.178381  0.31519  0.099851  0.926963  0.262221  0.408616  0.613661  0.830497  0.305901  0.825469  0.730089  0.679284  0.178381  0.31519  
0.221259  0.647219  0.208821  0.699202  0.0626316  0.258046  0.669099  0.847142  0.345879  0.512297  0.733539  0.0163095  0.221259  0.647219  0.208821  0.699202  0.0626316  0.258046  0.669099  0.847142  0.345879  0.512297  0.733539  0.0163095  
0.959451  0.35461  0.748184  0.386406  0.942888  0.800793  0.731026  0.757864  0.283804  0.142118  0.688611  0.735266  0.959451  0.35461  0.748184  0.386406  0.942888  0.800793  0.731026  0.757864  0.283804  0.142118  0.688611  0.735266  
0.289799  0.719644  0.95338  0.65808  0.943026  0.0332156  0.706556  0.0817661  0.408439  0.392653  0.974133  0.650274  0.289799  0.719644  0.95338  0.65808  0.943026  0.0332156  0.706556  0.0817661  0.408439  0.392653  0.974133  0.650274  
0.107525  0.550734  0.143384  0.299945  0.436934  0.326058  0.603392  0.693588  0.978159  0.0924122  0.10203  0.024007  0.107525  0.550734  0.143384  0.299945  0.436934  0.326058  0.603392  0.693588  0.978159  0.0924122  0.10203  0.024007  
0.0799871  0.109356  0.440608  0.533549  0.237267  0.676265  0.248446  0.222077  0.191692  0.979001  0.677016  0.100332  0.0799871  0.109356  0.440608  0.533549  0.237267  0.676265  0.248446  0.222077  0.191692  0.979001  0.677016  0.100332  
0.311967  0.771139  0.729112  0.29221  0.119014  0.0889131  0.504231  0.442258  0.12748  0.358687  0.102617  0.0324286  0.311967  0.771139  0.729112  0.29221  0.119014  0.0889131  0.504231  0.442258  0.12748  0.358687  0.102617  0.0324286  
0.656086  0.364601  0.21324  0.647128  0.569452  0.85966  0.154425  0.0188293  0.877435  0.570502  0.875102  0.717687  0.656086  0.364601  0.21324  0.647128  0.569452  0.85966  0.154425  0.0188293  0.877435  0.570502  0.875102  0.717687  
0.493842  0.625848  0.358782  0.842632  0.761683  0.452877  0.433211  0.768195  0.700158  0.0958566  0.758657  0.49054  0.493842  0.625848  0.358782  0.842632  0.761683  0.452877  0.433211  0.768195  0.700158  0.0958566  0.758657  0.49054  
0.943911  0.334538  0.725629  0.644896  0.501161  0.842722  0.142631  0.00487798  0.548273  0.640071  0.0169453  0.456676  0.943911  0.334538  0.725629  0.644896  0.501161  0.842722  0.142631  0.00487798  0.548273  0.640071  0.0169453  0.456676  
0.873642  0.421217  0.949864  0.159794  0.941063  0.0862517  0.35234  0.784596  0.602914  0.910638  0.237384  0.606048  0.873642  0.421217  0.949864  0.159794  0.941063  0.0862517  0.35234  0.784596  0.602914  0.910638  0.237384  0.606048  
0.299966  0.98608  0.644313  0.128504  0.869019  0.566346  0.910677  0.838949  0.873692  0.90069  0.11624  0.954768  0.299966  0.98608  0.644313  0.128504  0.869019  0.566346  0.910677  0.838949  0.873692  0.90069  0.11624  0.954768  
0.325579  0.0488747  0.949215  0.312469  0.609402  0.61644  0.8726  0.289249  0.262617  0.620965  0.180468  0.834931  0.325579  0.0488747  0.949215  0.312469  0.609402  0.61644  0.8726  0.289249  0.262617  0.620965  0.180468  0.834931  
0.285112  0.768799  0.0435396  0.606395  0.286042  0.819375  0.182061  0.99467  0.585478  0.824337  0.438665  0.151626  0.285112  0.768799  0.0435396  0.606395  0.286042  0.819375  0.182061  0.99467  0.585478  0.824337  0.438665  0.151626  
0.116635  0.986269  0.255721  0.303168  0.160242  0.701467  0.537479  0.8337  0.770118  0.399908  0.313096  0.25689  0.116635  0.986269  0.255721  0.303168  0.160242  0.701467  0.537479  0.8337  0.770118  0.399908  0.313096  0.25689  
0.195775  0.866527  0.590089  0.645791  0.283232  0.601593  0.375108  0.191977  0.57189  0.681358  0.177307  0.398278  0.195775  0.866527  0.590089  0.645791  0.283232  0.601593  0.375108  0.191977  0.57189  0.681358  0.177307  0.398278  
0.367727  0.564955  0.389831  0.222664  0.0435345  0.721498  0.172207  0.600173  0.60905  0.537552  0.223153  0.505288  0.367727  0.564955  0.389831  0.222664  0.0435345  0.721498  0.172207  0.600173  0.60905  0.537552  0.223153  0.505288  
0.313882  0.0349422  0.0394722  0.0879279  0.956311  0.966607  0.679  0.420701  0.923574  0.323223  0.7702  0.375522  0.313882  0.0349422  0.0394722  0.0879279  0.956311  0.966607  0.679  0.420701  0.923574  0.323223  0.7702  0.375522  
0.658459  0.634277  0.58334  0.905816  0.598791  0.553174  0.250069  0.663333  0.982444  0.250056  0.807028  0.915241  0.658459  0.634277  0.58334  0.905816  0.598791  0.553174  0.250069  0.663333  0.982444  0.250056  0.807028  0.915241  
0.378223  0.311482  0.920146  0.00266074  0.198858  0.554243  0.234426  0.300984  0.0755154  0.456027  0.107813  0.731722  0.378223  0.311482  0.920146  0.00266074  0.198858  0.554243  0.234426  0.300984  0.0755154  0.456027  0.107813  0.731722  
0.489023  0.8371  0.837438  0.424082  0.322635  0.42696  0.63411  0.2801  0.352881  0.181863  0.909037  0.794736  0.489023  0.8371  0.837438  0.424082  0.322635  0.42696  0.63411  0.2801  0.352881  0.181863  0.909037  0.794736  
0.194574  0.67231  0.229215  0.211882  0.513336  0.00299152  0.690671  0.610504  0.991971  0.24745  0.788228  0.414271  0.194574  0.67231  0.229215  0.211882  0.513336  0.00299152  0.690671  0.610504  0.991971  0.24745  0.788228  0.414271  
0.0842092  0.688397  0.524833  0.0109602  0.658315  0.971827  0.736588  0.81047  0.362404  0.947911  0.732134  0.321235  0.0842092  0.688397  0.524833  0.0109602  0.658315  0.971827  0.736588  0.81047  0.362404  0.947911  0.732134  0.321235  
0.973314  0.925246  0.16946  0.337727  0.903222  0.512119  0.930367  0.885148  0.227369  0.617901  0.301151  0.115652  0.973314  0.925246  0.16946  0.337727  0.903222  0.512119  0.930367  0.885148  0.227369  0.617901  0.301151  0.115652  
0.790483  0.687067  0.822823  0.712991  0.016058  0.477238  0.988472  0.660062  0.629862  0.0130506  0.669113  0.0620453  0.790483  0.687067  0.822823  0.712991  0.016058  0.477238  0.988472  0.660062  0.629862  0.0130506  0.669113  0.0620453  
0.878618  0.382251  0.16444  0.378953  0.851806  0.170476  0.348624  0.396821  0.814815  0.172614  0.0890794  0.659353  0.878618  0.382251  0.16444  0.378953  0.851806  0.170476  0.348624  0.396821  0.814815  0.172614  0.0890794  0.659353  
0.246062  0.899362  0.118236  0.36265  0.752609  0.46232  0.161168  0.0131841  0.787854  0.463831  0.430497  0.00129088  0.246062  0.899362  0.118236  0.36265  0.752609  0.46232  0.161168  0.0131841  0.787854  0.463831  0.430497  0.00129088  
0.834989  0.0839453  0.945069  0.864445  0.573887  0.817775  0.464486  0.454757  0.585782  0.439183  0.0196001  0.320659  0.834989  0.0839453  0.945069  0.864445  0.573887  0.817775  0.464486  0.454757  0.585782  0.439183  0.0196001  0.320659  
0.755616  0.259884  0.962024  0.0590706  0.105721  0.424317  0.288427  0.156848  0.774727  0.428029  0.384215  0.933052  0.755616  0.259884  0.962024  0.0590706  0.105721  0.424317  0.288427  0.156848  0.774727  0.428029  0.384215  0.933052  
0.623275  0.565013  0.158615  0.0700018  0.536885  0.150357  0.00543436  0.516168  0.886783  0.621741  0.712328  0.0927782  0.623275  0.565013  0.158615  0.0700018  0.536885  0.150357  0.00543436  0.516168  0.886783  0.621741  0.712328  0.0927782  
0.0683213  0.280461  0.509854  0.178249  0.186543  0.748784  0.404983  0.0141896  0.274384  0.698218  0.692668  0.320246  0.0683213  0.280461  0.509854  0.178249  0.186543  0.748784  0.404983  0.0141896  0.274384  0.698218  0.692668  0.320246  
0.294652  0.490883  0.724421  0.241774  0.919316  0.0369329  0.187666  0.559617  0.470821  0.298924  0.591215  0.780112  0.294652  0.490883  0.724421  0.241774  0.919316  0.0369329  0.187666  0.559617  0.470821  0.298924  0.591215  0.780112  
0.9944  0.335501  0.269902  0.0820718  0.731373  0.552322  0.496853  0.888026  0.805125  0.914328  0.321384  0.299367  0.9944  0.335501  0.269902  0.0820718  0.731373  0.552322  0.496853  0.888026  0.805125  0.914328  0.321384  0.299367  
0.440684  0.402749  0.461638  0.689056  0.883034  0.869302  0.0476906  0.124225  0.00994281  0.385437  0.361583  0.857109  0.440684  0.402749  0.461638  0.689056  0.883034  0.869302  0.0476906  0.124225  0.00994281  0.385437  0.361583  0.857109  
0.173689  0.85626  0.173554  0.871038  0.148659  0.932631  0.166689  0.480935  0.0900418  0.325305  0.703354  0.15172  0.173689  0.85626  0.173554  0.871038  0.148659  0.932631  0.166689  0.480935  0.0900418  0.325305  0.703354  0.15172  
0.00611583  0.61634  0.517328  0.180634  0.171055  0.896497  0.628427  0.363064  0.577282  0.982999  0.509709  0.856831  0.00611583  0.61634  0.517328  0.180634  0.171055  0.896497  0.628427  0.363064  0.577282  0.982999  0.509709  0.856831  
0.36611  0.327724  0.341858  0.412181  0.238375  0.249373  0.486606  0.934098  0.279495  0.701284  0.487873  0.12925  0.36611  0.327724  0.341858  0.412181  0.238375  0.249373  0.486606  0.934098  0.279495  0.701284  0.487873  0.12925  
0.282698  0.829606  0.31549  0.37709  0.617289  0.427555  0.84364  0.0760184  0.400229  0.0936959  0.185331  0.664283  0.282698  0.829606  0.31549  0.37709  0.617289  0.427555  0.84364  0.0760184  0.400229  0.0936959  0.185331  0.664283  
0.820905  0.367962  0.252843  0.261444  0.565178  0.0210526  0.60027  0.227636  0.802487  0.96711  0.91572  0.419939  0.820905  0.367962  0.252843  0.261444  0.565178  0.0210526  0.60027  0.227636  0.802487  0.96711  0.91572  0.419939  
0.635882  0.901825  0.605479  0.235345  0.548108  0.669982  0.504527  0.199718  0.350054  0.357229  0.347098  0.521001  0.635882  0.901825  0.605479  0.235345  0.548108  0.669982  0.504527  0.199718  0.350054  0.357229  0.347098  0.521001  
0.770773  0.631349  0.500948  0.265685  0.138213  0.590894  0.0664265  0.15968  0.0713092  0.0374814  0.208053  0.270414  0.770773  0.631349  0.500948  0.265685  0.138213  0.590894  0.0664265  0.15968  0.0713092  0.0374814  0.208053  0.270414  
0.255441  0.237613  0  0  0  0  0  0  0  0  0  0  0.255441  0.237613  0  0  0  0  0  0  0  0  0  0  
0.840236  0.740553  0  0  0  0  0  0  0  0  0  0  0.840236  0.740553  0  0  0  0  0  0  0  0  0  0  
0.99555  0.43948  0  0  0  0  0  0  0  0  0  0  0.99555  0.43948  0  0  0  0  0  0  0  0  0  0  
0.0149025  0.602163  0  0  0  0  0  0  0  0  0  0  0.0149025  0.602163  0  0  0  0  0  0  0  0  0  0  
0.903915  0.724494  0  0  0  0  0  0  0  0  0  0  0.903915  0.724494  0  0  0  0  0  0  0  0  0  0  
0.962734  0.837109  0  0  0  0  0  0  0  0  0  0  0.962734  0.837109  0  0  0  0  0  0  0  0  0  0  
0.987887  0.145562  0  0  0  0  0  0  0  0  0  0  0.987887  0.145562  0  0  0  0  0  0  0  0  0  0  
0.764073  0.175941  0  0  0  0  0  0  0  0  0  0  0.764073  0.175941  0  0  0  0  0  0  0  0  0  0  
0.881865  0.036403  0  0  0  0  0  0  0  0  0  0  0.881865  0.036403  0  0  0  0  0  0  0  0  0  0  
0.940156  0.853452  0  0  0  0  0  0  0  0  0  0  0.940156  0.853452  0  0  0  0  0  0  0  0  0  0  
0.0145182  0.719242  0  0  0  0  0  0  0  0  0  0  0.0145182  0.719242  0  0  0  0  0  0  0  0  0  0  
0.948032  0.703796  0  0  0  0  0  0  0  0  0  0  0.948032  0.703796  0  0  0  0  0  0  0  0  0  0  
0.510476  0.389978  0  0  0  0  0  0  0  0  0  0  0.510476  0.389978  0  0  0  0  0  0  0  0  0  0  
0.166519  0.426823  0  0  0  0  0  0  0  0  0  0  0.166519  0.426823  0  0  0  0  0  0  0  0  0  0  
0.06409  0.280515  0  0  0  0  0  0  0  0  0  0  0.06409  0.280515  0  0  0  0  0  0  0  0  0  0  
0.924064  0.738265  0  0  0  0  0  0  0  0  0  0  0.924064  0.738265  0  0  0  0  0  0  0  0  0  0  
0.965001  0.199972  0  0  0  0  0  0  0  0  0  0  0.965001  0.199972  0  0  0  0  0  0  0  0  0  0  
0.624155  0.108117  0  0  0  0  0  0  0  0  0  0  0.624155  0.108117  0  0  0  0  0  0  0  0  0  0  
0.0490846  0.527818  0  0  0  0  0  0  0  0  0  0  0.0490846  0.527818  0  0  0  0  0  0  0  0  0  0  
0.657313  0.228028  0  0  0  0  0  0  0  0  0  0  0.657313  0.228028  0  0  0  0  0  0  0  0  0  0  
0.255442  0.560283  0  0  0  0  0  0  0  0  0  0  0.255442  0.560283  0  0  0  0  0  0  0  0  0  0  
0.71924  0.542082  0  0  0  0  0  0  0  0  0  0  0.71924  0.542082  0  0  0  0  0  0  0  0  0  0  
0.573041  0.354776  0  0  0  0  0  0  0  0  0  0  0.573041  0.354776  0  0  0  0  0  0  0  0  0  0  
0.836937  0.22138  0  0  0  0  0  0  0  0  0  0  0.836937  0.22138  0  0  0  0  0  0  0  0  0  0  
0.489978  0.231113  0  0  0  0  0  0  0  0  0  0  0.489978  0.231113  0  0  0  0  0  0  0  0  0  0  
0.999911  0.172489  0  0  0  0  0  0  0  0  0  0  0.999911  0.172489  0  0  0  0  0  0  0  0  0  0  
0.0962041  0.237272  0  0  0  0  0  0  0  0  0  0  0.0962041  0.237272  0  0  0  0  0  0  0  0  0  0  
0.818247  0.806755  0  0  0  0  0  0  0  0  0  0  0.818247  0.806755  0  0  0  0  0  0  0  0  0  0  
0.985713  0.266531  0  0  0  0  0  0  0  0  0  0  0.985713  0.266531  0  0  0  0  0  0  0  0  0  0  
0.430091  0.708136  0  0  0  0  0  0  0  0  0  0  0.430091  0.708136  0  0  0  0  0  0  0  0  0  0  
0.164368  0.718963  0  0  0  0  0  0  0  0  0  0  0.164368  0.718963  0  0  0  0  0  0  0  0  0  0  
0.410775  0.711167  0  0  0  0  0  0  0  0  0  0  0.410775  0.711167  0  0  0  0  0  0  0  0  0  0  
0.280998  0.7347  0  0  0  0  0  0  0  0  0  0  0.280998  0.7347  0  0  0  0  0  0  0  0  0  0  
0.90752  0.468794  0  0  0  0  0  0  0  0  0  0  0.90752  0.468794  0  0  0  0  0  0  0  0  0  0  
0.74439  0.484353  0  0  0  0  0  0  0  0  0  0  0.74439  0.484353  0  0  0  0  0  0  0  0  0  0  
0.860653  0.380838  0  0  0  0  0  0  0  0  0  0  0.860653  0.380838  0  0  0  0  0  0  0  0  0  0  
0.00931784  0.158909  0  0  0  0  0  0  0  0  0  0  0.00931784  0.158909  0  0  0  0  0  0  0  0  0  0  
0.510855  0.982687  0  0  0  0  0  0  0  0  0  0  0.510855  0.982687  0  0  0  0  0  0  0  0  0  0  
0.444921  0.434585  0  0  0  0  0  0  0  0  0  0  0.444921  0.434585  0  0  0  0  0  0  0  0  0  0  
0.343432  0.409655  0  0  0  0  0  0  0  0  0  0  0.343432  0.409655  0  0  0  0  0  0  0  0  0  0  
0.873093  0.20144  0  0  0  0  0  0  0  0  0  0  0.873093  0.20144  0  0  0  0  0  0  0  0  0  0  
0.391826  0.126375  0  0  0  0  0  0  0  0  0  0  0.391826  0.126375  0  0  0  0  0  0  0  0  0  0  
0.55205  0.769713  0  0  0  0  0  0  0  0  0  0  0.55205  0.769713  0  0  0  0  0  0  0  0  0  0  
0.061823  0.885809  0  0  0  0  0  0  0  0  0  0  0.061823  0.885809  0  0  0  0  0  0  0  0  0  0  
0.641965  0.383082  0  0  0  0  0  0  0  0  0  0  0.641965  0.383082  0  0  0  0  0  0  0  0  0  0  
0.698992  0.554373  0  0  0  0  0  0  0  0  0  0  0.698992  0.554373  0  0  0  0  0  0  0  0  0  0  
0.623878  0.081522  0  0  0  0  0  0  0  0  0  0  0.623878  0.081522  0  0  0  0  0  0  0  0  0  0  
0.799172  0.544223  0  0  0  0  0  0  0  0  0  0  0.799172  0.544223  0  0  0  0  0  0  0  0  0  0  
0.904511  0.424992  0  0  0  0  0  0  0  0  0  0  0.904511  0.424992  0  0  0  0  0  0  0  0  0  0  
0.320107  0.188777  0  0  0  0  0  0  0  0  0  0  0.320107  0.188777  0  0  0  0  0  0  0  0  0  0  
0.63629  0.277849  0  0  0  0  0  0  0  0  0  0  0.63629  0.277849  0  0  0  0  0  0  0  0  0  0  
0.469722  0.229081  0  0  0  0  0  0  0  0  0  0  0.469722  0.229081  0  0  0  0  0  0  0  0  0  0  
0.779739  0.885886  0  0  0  0  0  0  0  0  0  0  0.779739  0.885886  0  0  0  0  0  0  0  0  0  0  
0.307768  0.522678  0  0  0  0  0  0  0  0  0  0  0.307768  0.522678  0  0  0  0  0  0  0  0  0  0  
0.147363  0.795058  0  0  0  0  0  0  0  0  0  0  0.147363  0.795058  0  0  0  0  0  0  0  0  0  0  
0.197978  0.19008  0  0  0  0  0  0  0  0  0  0  0.197978  0.19008  0  0  0  0  0  0  0  0  0  0  
0.840248  0.122302  0  0  0  0  0  0  0  0  0  0  0.840248  0.122302  0  0  0  0  0  0  0  0  0  0  
0.770407  0.441291  0  0  0  0  0  0  0  0  0  0  0.770407  0.441291  0  0  0  0  0  0  0  0  0  0  
0.629972  0.409688  0  0  0  0  0  0  0  0  0  0  0.629972  0.409688  0  0  0  0  0  0  0  0  0  0  
0.595899  0.70992  0  0  0  0  0  0  0  0  0  0  0.595899  0.70992  0  0  0  0  0  0  0  0  0  0  
0.759972  0.793521  0  0  0  0  0  0  0  0  0  0  0.759972  0.793521  0  0  0  0  0  0  0  0  0  0  
0.883626  0.154811  0  0  0  0  0  0  0  0  0  0  0.883626  0.154811  0  0  0  0  0  0  0  0  0  0  
0.186586  0.501467  0  0  0  0  0  0  0  0  0  0  0.186586  0.501467  0  0  0  0  0  0  0  0  0  0  
0.225822  0.146542  0  0  0  0  0  0  0  0  0  0  0.225822  0.146542  0  0  0  0  0  0  0  0  0  0  
0.942091  0.363542  0  0  0  0  0  0  0  0  0  0  0.942091  0.363542  0  0  0  0  0  0  0  0  0  0  
0.733459  0.341706  0  0  0  0  0  0  0  0  0  0  0.733459  0.341706  0  0  0  0  0  0  0  0  0  0  
0.602706  0.412984  0  0  0  0  0  0  0  0  0  0  0.602706  0.412984  0  0  0  0  0  0  0  0  0  0  
0.0828908  0.302333  0  0  0  0  0  0  0  0  0  0  0.0828908  0.302333  0  0  0  0  0  0  0  0  0  0  
0.355117  0.511023  0  0  0  0  0  0  0  0  0  0  0.355117  0.511023  0  0  0  0  0  0  0  0  0  0  
0.180381  0.261055  0  0  0  0  0  0  0  0  0  0  0.180381  0.261055  0  0  0  0  0  0  0  0  0  0  
0.448634  0.639017  0  0  0  0  0  0  0  0  0  0  0.448634  0.639017  0  0  0  0  0  0  0  0  0  0  
0.478138  0.0174814  0  0  0  0  0  0  0  0  0  0  0.478138  0.0174814  0  0  0  0  0  0  0  0  0  0  
0.678226  0.0918552  0  0  0  0  0  0  0  0  0  0  0.678226  0.0918552  0  0  0  0  0  0  0  0  0  0  
0.764548  0.285829  0  0  0  0  0  0  0  0  0  0  0.764548  0.285829  0  0  0  0  0  0  0  0  0  0  
0.970239  0.383379  0  0  0  0  0  0  0  0  0  0  0.970239  0.383379  0  0  0  0  0  0  0  0  0  0  
0.719563  0.319977  0  0  0  0  0  0  0  0  0  0  0.719563  0.319977  0  0  0  0  0  0  0  0  0  0  
0.387259  0.0795537  0  0  0  0  0  0  0  0  0  0  0.387259  0.0795537  0  0  0  0  0  0  0  0  0  0  
0.124435  0.851809  0  0  0  0  0  0  0  0  0  0  0.124435  0.851809  0  0  0  0  0  0  0  0  0  0  
0.263208  0.166503  0  0  0  0  0  0  0  0  0  0  0.263208  0.166503  0  0  0  0  0  0  0  0  0  0  
0.615207  0.259125  0  0  0  0  0  0  0  0  0  0  0.615207  0.259125  0  0  0  0  0  0  0  0  0  0  
0.623879  0.294605  0  0  0  0  0  0  0  0  0  0  0.623879  0.294605  0  0  0  0  0  0  0  0  0  0  
0.895799  0.762582  0  0  0  0  0  0  0  0  0  0  0.895799  0.762582  0  0  0  0  0  0  0  0  0  0  
0.591523  0.699681  0  0  0  0  0  0  0  0  0  0  0.591523  0.699681  0  0  0  0  0  0  0  0  0  0  
0.452503  0.564937  0  0  0  0  0  0  0  0  0  0  0.452503  0.564937  0  0  0  0  0  0  0  0  0  0  
0.0464841  0.0575589  0  0  0  0  0  0  0  0  0  0  0.0464841  0.0575589  0  0  0  0  0  0  0  0  0  0  
0.286865  0.53052  0  0  0  0  0  0  0  0  0  0  0.286865  0.53052  0  0  0  0  0  0  0  0  0  0  
0.271343  0.485745  0  0  0  0  0  0  0  0  0  0  0.271343  0.485745  0  0  0  0  0  0  0  0  0  0  
0.970979  0.186272  0  0  0  0  0  0  0  0  0  0  0.970979  0.186272  0  0  0  0  0  0  0  0  0  0  
0.17185  0.130785  0  0  0  0  0  0  0  0  0  0  0.17185  0.130785  0  0  0  0  0  0  0  0  0  0  
0.848134  0.82281  0  0  0  0  0  0  0  0  0  0  0.848134  0.82281  0  0  0  0  0  0  0  0  0  0  
0.200821  0.876389  0  0  0  0  0  0  0  0  0  0  0.200821  0.876389  0  0  0  0  0  0  0  0  0  0  
0.739901  0.0240841  0  0  0  0  0  0  0  0  0  0  0.739901  0.0240841  0  0  0  0  0  0  0  0  0  0  
0.930059  0.371625  0  0  0  0  0  0  0  0  0  0  0.930059  0.371625  0  0  0  0  0  0  0  0  0  0  
0.594108  0.217579  0  0  0  0  0  0  0  0  0  0  0.594108  0.217579  0  0  0  0  0  0  0  0  0  0  
0.102975  0.543967  0  0  0  0  0  0  0  0  0  0  0.102975  0.543967  0  0  0  0  0  0  0  0  0  0  
0.955796  0.565268  0  0  0  0  0  0  0  0  0  0  0.955796  0.565268  0  0  0  0  0  0  0  0  0  0  
0.150054  0.397662  0  0  0  0  0  0  0  0  0  0  0.150054  0.397662  0  0  0  0  0  0  0  0  0  0  
0.855225  0.265764  0  0  0  0  0  0  0  0  0  0  0.855225  0.265764  0  0  0  0  0  0  0  0  0  0  
0.0299878  0.0393457  0  0  0  0  0  0  0  0  0  0  0.0299878  0.0393457  0  0  0  0  0  0  0  0  0  0  
0.890527  0.279642  0  0  0  0  0  0  0  0  0  0  0.890527  0.279642  0  0  0  0  0  0  0  0  0  0  
