2.05054  2.49853  3.38067  
1.27949  2.33088  5.23478  
1.87976  1.61821  4.57169  
2.02715  1.39354  5.13998  
1.39342  1.71029  5.85282  
1.95139  1.01944  5.39975  
0.962108  2.93859  4.91382  
1.0506  0.893944  6.27795  
0.815626  2.86231  5.10228  
2.263  2.44793  2.98234  
1.86028  2.08973  4.8017  
0.931772  1.40921  6.19151  
1.16408  2.29143  5.29372  
1.22645  3.43344  4.15699  
1.23153  3.14535  4.76935  
1.06603  2.1354  5.88901  
1.57592  2.85509  4.58075  
0.884607  0.692691  6.3997  
1.84959  3.01646  3.58682  
2.24327  2.89982  3.17895  
0.917208  1.10616  6.28336  
0.827874  0.763778  6.28472  
1.57501  1.83724  5.57601  
1.81602  1.7323  4.91078  
2.35454  1.75238  4.24011  
1.33936  3.39193  4.12629  
2.14935  2.37556  4.22682  
1.72063  2.1665  5.45087  
2.03411  2.86707  4.07201  
0.850065  1.67055  6.09477  
0.812805  0.840267  6.55853  
1.42338  3.82068  3.28123  
1.52898  3.50496  3.83835  
1.79145  2.44912  4.37293  
1.38378  1.48184  5.77987  
1.50616  3.90086  2.53652  
0.680789  1.66058  6.29281  
1.46787  2.47974  4.65058  
1.35896  2.77183  5.22881  
2.58835  1.51799  3.73415  
1.49486  3.29122  5.12549  
2.02475  2.97272  3.80014  
1.38271  2.00206  5.62757  
2.70199  2.30274  2.04443  
1.44633  1.65757  6.30047  
1.01878  2.22531  5.86211  
1.39858  1.90436  5.21917  
2.37117  2.58492  3.26191  
2.71335  1.11956  3.08683  
1.19556  3.1393  5.00907  
1.94427  2.03654  4.04028  
1.89469  3.43309  2.73201  
0.697224  1.8133  6.21461  
1.2978  2.23181  5.53834  
2.06996  3.07865  4.12737  
1.61495  3.89546  2.08308  
1.02491  2.05933  5.32984  
1.94791  3.71724  3.02937  
2.652  1.53435  2.19094  
1.02842  2.42853  5.08325  
1.3394  1.93446  6.19944  
1.86739  3.85335  2.03218  
0.938378  3.86702  3.2592  
1.06382  2.49754  5.50043  
1.48836  2.23232  5.31829  
1.0981  1.92792  5.9097  
0.770487  3.15326  4.94424  
1.75617  3.55875  3.81274  
0.932574  3.53855  4.78198  
1.87576  3.17581  2.76854  
2.01994  2.06273  5.1135  
1.54798  1.81584  5.89154  
2.54599  1.47775  3.10919  
1.74259  1.87948  5.3462  
1.25823  1.04961  5.81164  
1.50619  2.18452  5.40048  
0.681624  0.907581  6.33004  
1.23176  4.14698  2.16604  
1.0803  1.41453  6.66417  
0.893301  2.63134  5.05866  
0.945414  2.26112  5.87275  
1.80639  3.46047  4.00319  
0.630636  0.801745  6.51653  
2.28493  2.4974  3.68661  
1.5787  2.79145  5.19046  
1.61512  4.2347  2.76732  
1.04006  0.888446  6.6111  
1.48754  3.9895  2.67148  
1.92576  2.57124  3.6698  
1.87895  1.91706  5.24404  
0.855971  1.7071  6.04278  
1.48546  3.99518  3.93585  
1.9414  1.18246  5.61089  
0.839729  1.36728  6.41119  
1.28158  4.54867  1.40701  
1.57297  2.163  4.6276  
0.678024  1.87403  6.1304  
1.08974  3.04691  4.79778  
2.14422  3.27411  3.44195  
1.14939  2.06169  5.75247  
0.541272  1.42498  5.49672  
0.00687808  4.00688  0.0113912  
1.5914  0.124524  4.20297  
0.0780842  3.08295  4.03842  
2.15409  0.201885  1.50457  
0.549283  2.08949  4.98236  
1.43474  2.1813  2.98859  
1.33954  3.24725  0.103151  
1.76947  2.50544  0.165093  
2.0433  0.166409  2.23895  
2.0755  0.881757  1.39202  
1.43839  1.76887  3.53769  
0.0631832  3.37366  3.43091  
1.25588  0.102679  5.00483  
1.35832  2.71302  2.23218  
0.0551861  3.52159  3.04917  
1.24563  3.38345  0.101978  
1.08795  0.392298  5.17297  
0.825711  2.23338  4.34546  
1.69303  2.31021  1.64004  
1.64218  0.417521  3.91515  
2.20297  0.204051  0.401157  
0.0987229  2.28399  5.12418  
0.496771  3.44551  2.743  
0.0916317  2.50574  4.87568  
2.00757  1.65234  0.153318  
0.109007  2.00465  5.39244  
0.0715993  3.23527  3.74309  
1.79709  1.13117  2.89187  
0.273922  3.92962  0.817851  
0.804449  1.86196  4.77932  
0.613047  3.89249  0.0527108  
0.0228593  4.00298  0.00317506  
1.81209  1.51872  2.38153  
0.599677  2.40926  4.57404  
0.167314  1.40012  5.79312  
0.599632  3.20473  3.19833  
1.75876  0.151201  3.72076  
0.610608  2.87609  3.82667  
1.62214  2.56828  1.35883  
0.0903585  2.72459  4.60554  
1.03811  3.44697  1.20673  
1.26561  3.03602  1.7169  
2.09167  1.442  0.191859  
0.74735  3.34247  2.44381  
0.11816  1.72699  5.61144  
0.746478  3.80471  0.0529204  
0.640731  3.56346  1.9846  
1.19552  0.663284  4.8943  
0.959583  2.6571  3.45306  
1.11922  3.54696  0.102445  
0.986658  2.38326  3.83211  
0.693638  1.57165  5.16938  
2.05568  1.31391  0.731669  
0.938979  0.178332  5.43555  
1.39397  2.48138  2.62192  
1.52294  0.102597  4.32678  
0.791045  0.0549975  5.63389  
0.851113  3.07688  2.87861  
1.68202  0.95012  3.56229  
0.0186488  0.0186072  6.0186  
1.00594  2.02184  4.22198  
1.98073  0.151535  2.57771  
1.9105  0.152537  3.01357  
0.0859139  2.91969  4.32052  
1.00441  1.67103  4.5709  
1.39807  1.35109  4.04856  
0.0258287  3.89628  1.54047  
2.25154  0.251538  0.251538  
1.96823  1.3473  1.91447  
0.457758  3.78866  1.39232  
0.924756  1.18148  5.04329  
1.23035  2.78367  2.66253  
1.69811  1.43966  3.10679  
1.31692  1.03937  4.47201  
0.533861  3.69638  1.67112  
1.83859  0.151961  3.37612  
0.914696  3.6552  0.386382  
0.046903  3.66451  2.60698  
0.696216  2.62148  4.08393  
1.21796  2.51082  3.24621  
1.5083  2.94846  0.102769  
0.687716  0.541093  5.59212  
1.42853  3.10033  0.104368  
0.350769  0.129584  5.91075  
1.32051  2.11714  3.51208  
1.77556  1.94639  1.88497  
1.42882  0.103728  4.59785  
1.60953  2.72523  0.503252  
1.96103  1.8575  0.151951  
0.788021  2.94604  3.30931  
0.825896  0.832192  5.34507  
0.531258  0.306045  5.77568  
1.6515  2.00888  2.59706  
1.24495  1.8091  4.08878  
1.9065  2.07427  0.152542  
1.10818  3.19945  1.97132  
2.18801  0.675132  0.202048  
1.84575  2.28203  0.153201  
0.0372442  3.7932  2.10092  
1.335  3.24925  0.101156  
0.78735  0.0517226  5.63112  
0.0211121  3.89575  1.51145  
1.98035  0.151156  2.57733  
0.0716101  3.07202  4.03954  
0.611599  3.89104  0.0512457  
1.63159  2.55058  1.29319  
1.63954  0.408293  3.90836  
1.25499  0.101233  5.00222  
1.91027  0.151177  3.00604  
1.42701  0.101918  4.59604  
0.615177  2.86437  3.82646  
1.12136  3.5417  0.1012  
1.96889  1.32817  1.92543  
1.50671  2.94593  0.100862  
0.0875341  2.72991  4.592  
1.81123  1.51786  2.38066  
0.808417  1.83804  4.77622  
0.685202  1.58535  5.16638  
2.07351  0.879769  1.39003  
1.79552  1.1296  2.8903  
0.109591  1.73804  5.58986  
0.017698  0.017698  6.0177  
1.22857  2.78189  2.66075  
1.90289  2.08208  0.151311  
2.00576  1.65053  0.151509  
2.04165  0.16481  2.23778  
0.849249  3.07502  2.87675  
1.24335  1.8074  4.08714  
0.0348666  3.79663  2.07461  
0.91331  3.65359  0.384879  
0.00407074  4.00407  0.00407074  
1.6066  2.7223  0.500324  
0.0526026  3.52903  3.02034  
1.69643  1.46391  3.086  
2.20123  0.20123  0.20123  
0.60087  3.19868  3.19537  
1.77364  1.94447  1.88305  
0.74493  3.80316  0.0513726  
1.40514  1.39114  3.99054  
1.25542  0.801129  4.7098  
0.532329  0.306398  5.76836  
0.68731  0.54059  5.59069  
0.555563  1.42386  5.47249  
1.31897  2.1156  3.51054  
0.958108  2.65562  3.45158  
0.0827031  2.91246  4.32334  
0.0879141  2.2884  5.09842  
1.24637  3.37961  0.100794  
0.603172  2.42565  4.54307  
0.0655916  3.2405  3.71523  
1.21945  2.50664  3.23766  
0.997326  1.61604  4.61101  
1.43624  1.76672  3.53554  
1.59108  0.119874  4.18436  
0.10311  2.02686  5.36364  
0.148436  1.40619  5.78679  
1.95896  1.85991  0.150735  
1.83977  0.150848  3.36457  
1.10878  3.19555  1.97138  
0.745767  3.34029  2.43972  
2.17771  0.802125  0.20046  
0.989523  2.34879  3.85118  
1.55278  2.8527  0.267432  
0.823871  0.829391  5.33802  
0.554537  2.09826  4.94356  
0.534899  3.69251  1.66904  
1.65041  2.00779  2.59597  
1.84435  2.28063  0.151369  
0.722942  2.58633  4.06332  
0.640549  3.55735  1.98063  
1.00483  2.02194  4.21449  
2.05513  1.31335  0.731112  
0.825621  2.22212  4.34706  
0.940383  0.176868  5.42388  
0.454474  3.78538  1.38904  
1.19261  0.660722  4.89386  
1.346  1.06659  4.36763  
2.09239  1.40911  0.18788  
1.42334  3.10439  0.101886  
0.0439459  3.66543  2.59168  
2.14952  0.200827  1.5512  
0.92845  1.18661  5.02996  
1.0842  0.383719  5.16886  
1.52162  0.101275  4.32546  
1.76842  2.50439  0.163068  
1.03815  3.44534  1.20272  
0.0825138  2.54037  4.81619  
0.496375  3.4443  2.74209  
0.350239  0.1272  5.90736  
1.26324  3.03365  1.71453  
0.272026  3.92805  0.812094  
1.43314  2.17917  2.98685  
1.35895  2.71444  2.21179  
0.787228  2.94459  3.30682  
1.39343  2.47374  2.61849  
1.68149  0.951615  3.54964  
0.0599266  3.38588  3.39319  
1.68971  2.3069  1.63672  
1.75829  0.150732  3.72029  
1.81149  1.51726  2.37599  
1.96815  1.32748  1.9261  
0.823427  0.828947  5.33758  
0.0208161  3.89518  1.51279  
1.35815  2.71363  2.21107  
1.90276  2.07996  0.150753  
0.611214  3.89065  0.0508607  
0.125039  1.41927  5.78743  
0.848839  3.07461  2.87634  
1.00447  2.02158  4.21413  
1.79519  1.12921  2.88996  
1.22233  2.80557  2.61888  
2.00475  1.64938  0.150477  
0.0513301  3.53534  2.999  
1.63902  0.403057  3.90762  
1.12092  3.54126  0.100752  
0.0171568  0.0171568  6.01716  
0.988678  2.34794  3.85034  
2.20037  0.200368  0.200368  
0.552986  2.1101  4.92796  
0.996359  1.61512  4.6097  
1.59  0.118802  4.18329  
1.91123  0.150788  2.99816  
0.0869221  2.73905  4.57847  
1.0829  0.381665  5.16751  
0.0709536  3.072  4.03781  
1.39911  2.48645  2.57012  
0.271305  3.9274  0.810586  
1.19199  0.660102  4.89324  
1.68167  0.947415  3.54915  
1.4358  1.76467  3.53472  
0.72318  2.58451  4.06258  
0.349621  0.126555  5.90668  
1.26262  3.03303  1.71392  
1.97967  0.150474  2.57665  
0.0811782  2.54946  4.80263  
0.531569  0.305639  5.7676  
0.805485  1.84141  4.7728  
2.09022  1.4134  0.186608  
0.00377596  4.00378  0.00377596  
0.498725  3.44282  2.74028  
1.42233  3.10338  0.100878  
2.05467  1.31289  0.730651  
0.685576  1.58293  5.16572  
1.33502  3.24772  0.10057  
0.0866988  2.29543  5.08904  
1.31818  2.11481  3.50975  
1.77324  1.94406  1.88264  
0.105432  1.72867  5.58917  
0.752116  3.32452  2.46347  
1.63446  2.5429  1.29145  
1.40398  1.38997  3.98764  
1.95793  1.86368  0.15062  
0.0326374  3.79232  2.08098  
0.95776  2.65527  3.45123  
0.0824247  2.91268  4.32232  
1.55416  2.84776  0.265739  
1.2547  0.799259  4.70893  
1.68914  2.30632  1.63609  
0.562012  1.39812  5.47513  
1.10845  3.1961  1.96887  
0.939561  0.176046  5.42306  
1.84384  2.28012  0.150859  
0.454157  3.78506  1.38872  
1.50653  2.94575  0.100684  
0.584532  3.20369  3.21606  
1.84173  0.150328  3.35226  
0.0648606  3.24061  3.71285  
0.613513  2.86394  3.82598  
0.650948  3.53894  2.01756  
2.07362  0.879285  1.38369  
0.82742  2.21984  4.34465  
1.60616  2.72186  0.499883  
0.92731  1.18649  5.01804  
0.0432784  3.66908  2.57715  
1.03977  3.44188  1.20521  
1.34471  1.0653  4.36634  
1.25437  0.10062  5.00161  
1.244  3.38253  0.100637  
0.0591079  3.38991  3.38146  
1.42616  0.101047  4.59511  
2.04258  0.165035  2.23229  
0.604209  2.42918  4.53326  
1.69554  1.48096  3.06973  
1.64984  2.00722  2.5954  
2.14906  0.200728  1.55573  
1.43305  2.17908  2.98679  
0.787161  0.0509998  5.62976  
0.744083  3.80231  0.0505252  
0.68683  0.540109  5.59021  
0.787108  2.94467  3.3059  
0.0922551  2.01691  5.35204  
1.76802  2.504  0.162674  
0.912788  3.6532  0.378979  
1.52111  0.100772  4.32495  
0.534623  3.69223  1.66877  
1.24286  1.80691  4.08665  
1.21955  2.50743  3.23281  
2.17398  0.847743  0.200352  
1.75814  0.150581  3.72014  
0.786907  0.0507463  5.62951  
0.564905  1.4033  5.46671  
0.0562777  3.23896  3.69066  
0.939354  0.175818  5.42279  
2.16137  0.985102  0.200252  
1.91191  0.15048  2.99235  
0.613318  2.86375  3.82578  
0.0464421  3.39589  3.32633  
0.751773  3.32418  2.46313  
1.63877  0.402799  3.90736  
0.114444  1.43553  5.7774  
1.59028  0.118729  4.18207  
0.0503149  3.54571  2.9675  
1.68881  2.30599  1.63576  
1.50643  2.94565  0.100585  
0.104544  1.74428  5.57724  
0.0858182  2.30806  5.07467  
1.39797  2.48452  2.56873  
0.0820259  2.91516  4.3176  
0.0703405  3.07664  4.02823  
0.0914484  2.024  5.34472  
0.650467  3.53846  2.01707  
1.23316  2.49079  3.21644  
0.99589  1.61457  4.6092  
0.685899  1.5842  5.16337  
0.787106  2.94467  3.3059  
1.84363  2.27991  0.15059  
2.07409  0.873513  1.38362  
0.823051  0.828049  5.3371  
1.96824  1.32369  1.92865  
1.95702  1.86609  0.150352  
0.542907  2.12264  4.92623  
0.827163  2.21959  4.3444  
1.69535  1.48079  3.0705  
1.43552  1.7635  3.53423  
1.0042  2.02131  4.21386  
1.64969  2.00707  2.59525  
1.34437  1.06496  4.36599  
1.55383  2.84743  0.265412  
0.848752  3.07452  2.87625  
0.271019  3.92711  0.8103  
2.20028  0.200278  0.200278  
1.19728  0.616391  4.89296  
1.24261  1.80654  4.08637  
1.9027  2.0799  0.150688  
1.03915  3.44291  1.19489  
1.08251  0.381224  5.16712  
2.05798  1.27513  0.791991  
0.0430031  3.66928  2.57536  
2.07744  1.45288  0.181207  
1.12013  3.54184  0.100592  
0.0319027  3.78981  2.08759  
0.531386  0.305455  5.76742  
0.925787  1.18458  5.01642  
0.744021  3.80225  0.0504635  
1.81112  1.51554  2.37538  
0.0808767  2.54916  4.80233  
0.349311  0.126245  5.90637  
0.988388  2.34765  3.85005  
1.25464  0.799196  4.70887  
1.42193  3.10298  0.100471  
1.97966  0.150464  2.57664  
1.77311  1.94393  1.8825  
0.0867948  2.74098  4.5756  
1.35793  2.71341  2.21085  
1.31793  2.11456  3.5095  
1.63544  2.54457  1.26883  
0.534168  3.69233  1.66471  
2.04244  0.164893  2.23214  
1.19733  2.85168  2.62034  
0.957546  2.65506  3.45102  
0.0168372  0.0168372  6.01684  
1.84167  0.150261  3.35219  
1.24386  3.38239  0.100496  
0.453989  3.78489  1.38855  
0.497775  3.4438  2.7379  
1.10772  3.19679  1.96875  
0.610655  3.89063  0.0506412  
1.40334  1.38933  3.987  
2.1488  0.200466  1.55547  
1.79507  1.12909  2.88984  
0.003693  4.00369  0.003693  
0.0205195  3.89488  1.5125  
0.585311  3.20276  3.21594  
1.76776  2.50373  0.162412  
1.60605  2.72072  0.499459  
0.805063  1.84099  4.77238  
1.52101  0.100668  4.32485  
1.33493  3.24764  0.100485  
0.686595  0.539875  5.58997  
1.2542  0.100449  5.00144  
0.723684  2.58726  4.05669  
1.26247  3.03288  1.71377  
1.68312  0.935821  3.54907  
1.42596  0.100848  4.59491  
0.604167  2.43062  4.53069  
1.43288  2.17891  2.98662  
1.75794  0.150441  3.72024  
2.00462  1.64926  0.150352  
0.912788  3.6532  0.378979  
2.00451  1.64915  0.150243  
0.650673  3.53776  2.01639  
1.19712  0.616103  4.89278  
0.11398  1.42064  5.78482  
1.26242  3.03283  1.71372  
0.610384  3.89054  0.0504853  
0.686557  0.539822  5.58978  
1.96816  1.32334  1.92853  
0.542779  2.12239  4.92604  
1.31764  2.11427  3.50921  
1.23139  2.51376  3.18174  
0.501777  3.44381  2.7279  
1.65177  2.58952  0.73417  
0.00358367  4.00358  0.00358367  
0.0606242  3.08527  3.98694  
1.35769  2.71317  2.21061  
2.07396  0.873388  1.3835  
1.77308  1.9439  1.88248  
1.42548  0.100359  4.59442  
1.55367  2.84727  0.265252  
0.822443  0.827441  5.33649  
0.0906683  2.02262  5.34443  
0.786818  0.0506565  5.62942  
0.0798488  2.55507  4.79311  
1.12323  3.53804  0.100542  
0.0513389  3.24557  3.66285  
0.995733  1.6138  4.60887  
1.25442  0.798982  4.70865  
0.349222  0.126156  5.90628  
0.0455091  3.39528  3.32465  
0.453893  3.7848  1.38845  
0.0428981  3.67059  2.57066  
0.605479  2.4048  4.56039  
1.68867  2.30581  1.63561  
0.723156  2.58789  4.05607  
2.07736  1.45255  0.181085  
0.534125  3.69229  1.66467  
1.902  2.08154  0.150498  
0.0500288  3.54542  2.96722  
0.84863  3.0744  2.87613  
1.64954  2.00692  2.5951  
1.79503  1.12905  2.88979  
1.81069  1.51511  2.37495  
1.40324  1.38924  3.9869  
2.20021  0.200206  0.200206  
0.988311  2.34758  3.84997  
0.957349  2.65486  3.45082  
1.10728  3.20043  1.95454  
0.564824  1.40322  5.46663  
0.939533  0.169733  5.42276  
1.6863  0.910402  3.54896  
0.615231  2.86149  3.82543  
0.685816  1.58412  5.16329  
1.24234  1.8053  4.08584  
0.064227  2.92985  4.2503  
0.104354  1.74675  5.57525  
1.84161  0.15021  3.35214  
0.83136  2.21156  4.34434  
1.0464  3.43019  1.22057  
1.24377  3.3823  0.100401  
1.60581  2.72047  0.499218  
1.39764  2.48419  2.5684  
0.786973  2.94451  3.30575  
1.34424  1.06484  4.36587  
0.0164847  0.0164847  6.01648  
0.805007  1.83998  4.77125  
1.97956  0.150367  2.57654  
0.0316749  3.78991  2.08601  
0.531207  0.305277  5.76724  
1.43279  2.17881  2.98653  
1.75784  0.150333  3.72013  
1.95632  1.86881  0.150303  
1.52317  0.100738  4.31858  
2.16135  0.985081  0.20023  
2.14871  0.200382  1.55538  
0.0710364  2.7575  4.51607  
0.586686  3.20181  3.21486  
0.934344  3.63245  0.379083  
1.84347  2.27975  0.150406  
1.25418  0.100424  5.00141  
1.33485  3.24756  0.100405  
1.63871  0.402742  3.9073  
0.743887  3.80212  0.0503293  
1.69334  1.49165  3.0681  
1.4354  1.76338  3.53411  
1.19737  2.84764  2.61883  
2.04241  0.16487  2.23212  
2.0579  1.27504  0.790696  
1.08221  0.380925  5.16682  
0.270956  3.92705  0.810236  
1.00418  2.02129  4.21384  
0.0856393  2.30754  5.07484  
1.42066  3.10486  0.100348  
1.91181  0.150384  2.99226  
1.59091  0.118868  4.18061  
1.50937  2.94032  0.100748  
0.75161  3.32402  2.46297  
0.925493  1.18429  5.01612  
0.0204435  3.8948  1.51242  
1.76757  2.50355  0.162224  
0.104235  1.74607  5.57551  
0.0315619  3.78979  2.0859  
0.0632821  2.9349  4.24013  
0.542622  2.1147  4.93279  
2.07256  0.804036  1.48532  
0.727952  2.58114  4.05541  
0.822245  0.827243  5.33607  
0.113648  1.42526  5.78192  
1.9795  0.150303  2.57648  
2.05782  1.27493  0.789308  
0.564893  1.40274  5.46648  
1.1221  3.53892  0.100324  
1.68855  2.30569  1.63549  
0.925143  1.18394  5.01577  
0.934127  3.63224  0.378865  
1.19679  2.84706  2.61826  
0.686428  0.539693  5.58965  
0.604375  2.39612  4.57183  
1.24465  3.38086  0.100314  
1.34414  1.06474  4.36577  
1.63862  0.402654  3.90722  
1.60575  2.72041  0.499158  
0.0572613  3.09695  3.95735  
1.42545  0.100339  4.5944  
1.81064  1.51506  2.3749  
1.77299  1.94382  1.88239  
1.52292  0.100489  4.31833  
0.0673351  2.75101  4.51652  
1.68571  0.914639  3.54816  
1.31757  2.1142  3.50914  
0.615602  2.86095  3.82531  
0.995483  1.61355  4.60862  
0.531186  0.305256  5.76722  
1.00401  2.02112  4.21367  
1.35768  2.71297  2.21053  
1.08213  0.380738  5.16673  
0.610125  3.89046  0.050334  
0.00337792  4.00338  0.00337792  
0.0798667  2.55308  4.79551  
0.0203202  3.89476  1.51184  
0.0447637  3.40619  3.29697  
0.0498661  3.26447  3.62047  
0.804932  1.8399  4.77118  
0.650512  3.5376  2.01623  
1.39743  2.48398  2.56819  
1.90193  2.08147  0.150424  
0.501746  3.44433  2.72581  
1.10708  3.20023  1.95434  
0.349151  0.126085  5.90621  
1.55363  2.84723  0.265213  
0.0428214  3.67052  2.57059  
1.69365  1.50248  3.05462  
0.270842  3.92693  0.810123  
1.43274  2.17876  2.98648  
1.91177  0.150342  2.99222  
0.0904571  2.02515  5.34195  
0.957345  2.65469  3.45075  
0.0855473  2.30657  5.07563  
0.049789  3.54518  2.96698  
1.59071  0.118668  4.18041  
0.453851  3.78476  1.38837  
1.84157  0.150165  3.35209  
1.75778  0.150276  3.72007  
1.25426  0.798824  4.70849  
1.96842  1.3235  1.92548  
1.25413  0.100381  5.00137  
0.743863  3.80209  0.0503054  
0.848525  3.0743  2.87602  
0.0164576  0.0164576  6.01646  
1.79711  1.11427  2.88967  
0.940004  0.169256  5.42122  
2.02221  0.154507  2.30045  
1.33456  3.24786  0.100344  
0.787267  2.9443  3.30535  
0.988298  2.34756  3.84996  
2.07723  1.45243  0.180959  
2.14851  0.200181  1.55518  
1.64943  2.00682  2.59499  
0.534107  3.69227  1.66465  
0.5903  3.19653  3.21934  
1.23053  2.51499  3.18159  
0.831308  2.2115  4.34429  
1.19709  0.616075  4.89275  
1.65162  2.58937  0.734022  
1.84342  2.2797  0.150356  
2.20021  0.200206  0.200206  
0.751513  3.32392  2.46287  
1.95614  1.86936  0.150266  
1.50955  2.93919  0.100493  
2.00448  1.64914  0.15021  
2.16135  0.985077  0.200227  
1.76753  2.5035  0.162156  
1.26234  3.03276  1.71364  
1.24231  1.80527  4.08581  
0.78673  0.0505689  5.62933  
0.685822  1.58411  5.16315  
1.43534  1.76332  3.53406  
1.04627  3.4298  1.22371  
1.40315  1.38915  3.98681  
1.42067  3.10471  0.100302  
2.02217  0.154466  2.30041  
2.00445  1.64912  0.150185  
1.12197  3.53895  0.100267  
1.43287  2.17756  2.98624  
2.20019  0.200191  0.200191  
0.798791  1.86429  4.75447  
0.590246  3.19647  3.21928  
0.604965  2.39309  4.57415  
0.0666063  2.75139  4.51429  
0.686354  0.539619  5.58957  
0.0499254  3.26134  3.62699  
1.23525  2.5133  3.16829  
0.822011  0.82701  5.33583  
0.751498  3.3239  2.46285  
0.0443638  3.40579  3.29657  
0.743855  3.80209  0.0502977  
1.63859  0.402619  3.90718  
0.934068  3.63218  0.378807  
1.04631  3.43003  1.22126  
1.42194  3.1025  0.100308  
1.34408  1.06467  4.36571  
1.84333  2.27961  0.150263  
1.33448  3.24779  0.100269  
1.25402  0.100265  5.00125  
0.988241  2.34751  3.8499  
0.0854497  2.30777  5.07422  
1.76749  2.50346  0.162114  
1.77288  1.94371  1.88228  
0.531145  0.305214  5.76717  
0.84853  3.07421  2.87598  
0.0902382  2.02493  5.34173  
1.91286  0.150287  2.98581  
1.19702  0.616003  4.89268  
1.81051  1.51493  2.37477  
1.35757  2.71287  2.21043  
1.19649  2.84676  2.61795  
0.608717  3.89108  0.050211  
0.786653  0.0504922  5.62926  
0.831278  2.21147  4.34426  
1.90178  2.08142  0.150297  
1.69308  1.50468  3.05443  
1.10657  3.20074  1.95426  
0.5432  2.11351  4.93279  
0.0566527  3.097  3.95558  
0.957268  2.65461  3.45067  
0.0314819  3.78833  2.09151  
0.925014  1.18381  5.01565  
1.00399  2.0211  4.21365  
0.0427601  3.6705  2.57037  
2.05773  1.27484  0.789221  
2.07703  1.45223  0.180763  
1.55351  2.84712  0.265097  
0.534104  3.69227  1.66465  
0.349032  0.125949  5.90607  
1.9683  1.32415  1.92547  
1.24231  1.80527  4.08581  
2.14847  0.200136  1.55514  
1.95569  1.8711  0.150238  
1.84156  0.150159  3.35209  
0.615556  2.86109  3.82474  
0.68626  1.58524  5.16165  
1.40313  1.38912  3.98679  
1.64942  2.0068  2.59498  
1.26026  0.756138  4.70983  
1.75776  0.150263  3.72006  
0.995396  1.61346  4.60853  
0.0497658  3.54824  2.95864  
0.104089  1.74386  5.57675  
0.453797  3.78472  1.38824  
0.939908  0.169161  5.42113  
0.787231  2.94426  3.30532  
1.52285  0.100418  4.31826  
0.0629878  2.93768  4.23508  
0.65043  3.53752  2.01615  
0.727613  2.57984  4.05796  
0.113607  1.42517  5.7819  
1.69109  2.30922  1.60014  
1.08202  0.380623  5.16661  
1.42545  0.100339  4.5944  
1.60573  2.7204  0.49914  
1.65159  2.58934  0.733994  
1.50938  2.93902  0.100317  
1.31757  2.1142  3.50914  
0.574035  1.37741  5.46598  
0.00325508  4.00326  0.00325508  
1.39738  2.48392  2.56814  
0.270817  3.92691  0.810098  
1.24464  3.38086  0.100312  
1.59069  0.118642  4.18038  
1.97948  0.150285  2.57646  
0.50348  3.443  2.72559  
0.0163965  0.0163965  6.0164  
0.0797148  2.554  4.79409  
2.16133  0.98506  0.20021  
1.68569  0.91462  3.54814  
1.79704  1.1142  2.8896  
1.26228  3.03269  1.71357  
1.43527  1.76325  3.53398  
2.07258  0.80404  1.48508  
0.0202583  3.89444  1.51329  
0.0991959  1.39509  5.77559  
1.19698  0.615964  4.89261  
1.69101  2.30913  1.60006  
1.7025  0.933119  3.47163  
0.0496518  3.54611  2.96398  
1.55336  2.84697  0.264947  
0.542112  2.1131  4.93434  
0.453724  3.78464  1.38816  
1.75766  0.150155  3.71995  
0.531091  0.305196  5.76712  
1.59082  0.118626  4.17988  
0.0795933  2.55435  4.7934  
0.802381  1.84221  4.76189  
0.843498  2.18992  4.34233  
1.26226  0.757336  4.70496  
2.14842  0.200091  1.55509  
0.0853726  2.3077  5.07415  
0.0900426  2.02627  5.34026  
1.43294  2.17695  2.98676  
0.751482  3.32389  2.46284  
1.797  1.11394  2.88953  
0.988216  2.34748  3.84988  
0.939843  0.169096  5.42106  
0.0427254  3.67087  2.56904  
1.52284  0.100405  4.31825  
0.0660853  2.75087  4.51377  
1.77285  1.94368  1.88225  
2.16131  0.985035  0.200184  
0.615485  2.86102  3.82467  
2.07254  0.804005  1.48504  
0.591003  3.20127  3.20547  
0.0560835  3.09643  3.95501  
0.957256  2.6546  3.45066  
0.934013  3.63212  0.378751  
0.534024  3.69224  1.66426  
1.2352  2.51324  3.16824  
1.00398  2.02109  4.21364  
1.12192  3.5389  0.100217  
0.821903  0.826454  5.33541  
0.924967  1.18376  5.0156  
0.786691  2.94481  3.3053  
0.348959  0.125876  5.906  
1.34404  1.06463  4.36567  
0.0956349  1.72594  5.57466  
0.727661  2.58006  4.05748  
2.00441  1.64908  0.150147  
0.0442946  3.40572  3.2965  
0.270744  3.92683  0.810025  
0.503628  3.44325  2.72412  
1.91282  0.150248  2.98577  
1.63859  0.402619  3.90718  
0.574064  1.37728  5.46594  
1.31756  2.11419  3.50913  
0.0163633  0.0163633  6.01636  
0.786587  0.0504261  5.62919  
1.19639  2.84666  2.61785  
0.686298  0.539549  5.58936  
1.68055  1.54847  3.06947  
1.08197  0.380581  5.16657  
1.65157  2.58932  0.733976  
0.609028  3.89081  0.0501562  
0.0624438  2.93544  4.23716  
1.84155  0.150148  3.35208  
1.81045  1.51488  2.37472  
0.995374  1.61344  4.60851  
2.20018  0.200182  0.200182  
1.95565  1.87106  0.150195  
0.605105  2.39381  4.5729  
1.39742  2.48378  2.56812  
2.05767  1.27478  0.789159  
1.26227  3.03269  1.71357  
1.10653  3.20075  1.95381  
2.07703  1.45202  0.180726  
0.650382  3.53747  2.0161  
1.254  0.100246  5.00124  
0.0313597  3.7892  2.0873  
1.33446  3.24776  0.100242  
0.00316485  4.00316  0.00316485  
0.0202065  3.89439  1.51324  
1.24228  1.80524  4.08578  
1.9683  1.32414  1.92546  
1.50931  2.93895  0.100251  
2.02312  0.154819  2.29611  
1.97947  0.150276  2.57645  
1.4357  1.76178  3.53396  
1.42544  0.100323  4.59439  
0.848518  3.0742  2.87597  
1.04623  3.42996  1.22119  
1.35754  2.71284  2.21029  
0.743855  3.80209  0.0502977  
0.0496599  3.26248  3.62387  
0.686566  1.58605  5.16055  
1.40299  1.38898  3.98665  
1.76746  2.50344  0.162091  
1.64938  2.00677  2.59494  
1.24464  3.38086  0.100312  
1.90172  2.08118  0.150202  
1.42284  3.10086  0.100288  
1.84329  2.27957  0.150226  
1.60573  2.72039  0.499136  
2.07691  1.45189  0.180605  
1.24454  3.38076  0.100207  
0.590345  3.19664  3.21797  
1.84153  0.150121  3.35205  
1.52268  0.100247  4.31809  
0.0312908  3.78913  2.08723  
0.686229  0.53948  5.5893  
0.60889  3.89087  0.0501435  
0.0622807  2.93461  4.23803  
0.503659  3.44372  2.72249  
1.10661  3.20059  1.95379  
0.0795248  2.55428  4.79334  
1.26225  3.03266  1.71354  
1.42397  3.09873  0.100243  
0.541875  2.11154  4.93593  
1.64938  2.00676  2.59493  
0.0853511  2.30769  5.07411  
0.843529  2.19024  4.34134  
0.0977319  1.3778  5.7822  
1.04615  3.43001  1.22117  
2.07252  0.803983  1.48502  
1.67835  1.55761  3.0694  
0.995345  1.61341  4.60848  
1.77284  1.94367  1.88224  
1.19637  2.84663  2.61783  
1.90167  2.08113  0.150147  
1.76745  2.50342  0.162076  
0.0947309  1.72485  5.57389  
1.35758  2.71266  2.21026  
0.957205  2.65456  3.45061  
0.804594  1.8331  4.76397  
0.0163321  0.0163321  6.01633  
1.64189  2.61963  0.683209  
2.20017  0.200166  0.200166  
0.270651  3.92674  0.809932  
1.63855  0.402582  3.90714  
1.23474  2.51388  3.16815  
1.84322  2.2795  0.150159  
1.58593  2.53153  1.79478  
1.97944  0.150237  2.5764  
0.727377  2.57914  4.05912  
1.19697  0.615954  4.8926  
0.933986  3.6321  0.378724  
2.16131  0.985035  0.200184  
1.33445  3.24775  0.100237  
0.0031462  4.00315  0.0031462  
0.0496379  3.54609  2.96397  
0.574022  1.37723  5.4659  
0.751481  3.32389  2.46284  
1.91287  0.15022  2.98526  
2.14842  0.200088  1.55509  
1.79689  1.11383  2.88942  
1.59081  0.118612  4.17987  
0.82142  0.8238  5.33449  
0.042681  3.67083  2.569  
1.12191  3.53889  0.100211  
1.25399  0.100235  5.00122  
0.8485  3.07418  2.87595  
1.81041  1.51483  2.37467  
0.0899645  2.02744  5.33915  
1.26325  0.76186  4.70044  
0.924942  1.18374  5.01557  
0.65034  3.53743  2.01606  
1.31756  2.11419  3.50913  
1.43697  2.16631  2.98673  
0.939839  0.169091  5.42106  
1.55345  2.8468  0.264947  
0.453716  3.78464  1.38815  
2.02309  0.154795  2.29608  
0.348935  0.125852  5.90598  
0.786687  2.9448  3.3053  
1.24217  1.80513  4.08567  
1.69097  2.3091  1.60002  
0.533994  3.69221  1.66423  
1.70314  0.909683  3.47874  
0.0201697  3.89451  1.51225  
0.686555  1.58604  5.16054  
1.00397  2.02109  4.21363  
0.0496194  3.26244  3.62383  
0.743841  3.80207  0.050283  
1.42541  0.100297  4.59436  
1.50931  2.93895  0.100251  
0.0441343  3.40738  3.29211  
1.96826  1.3241  1.92543  
0.786587  0.0504261  5.62919  
1.39748  2.48353  2.56808  
1.43567  1.76175  3.53393  
1.34393  1.06452  4.36556  
0.0659679  2.75086  4.51351  
1.08194  0.380543  5.16653  
2.05763  1.27474  0.789123  
1.75766  0.150155  3.71995  
1.40299  1.38898  3.98665  
0.988211  2.34748  3.84987  
0.530993  0.305098  5.76703  
0.0559199  3.09627  3.95484  
1.95564  1.87105  0.15019  
2.00441  1.64907  0.150143  
0.604999  2.39359  4.57306  
0.615415  2.861  3.82463  
0.804061  1.83229  4.7644  
1.55782  2.8416  0.266253  
0.924889  1.18368  5.01552  
0.650302  3.53735  2.016  
0.604971  2.39354  4.57306  
0.686201  0.539452  5.58927  
1.96828  1.32537  1.92332  
1.1066  3.20053  1.95376  
0.453689  3.78461  1.38813  
0.0426787  3.67082  2.569  
1.08192  0.380532  5.16652  
1.26818  3.03252  1.67904  
1.58784  2.51797  1.81681  
1.1963  2.84676  2.61633  
0.0201208  3.89446  1.5122  
1.24451  3.38073  0.10018  
1.12249  3.53821  0.100213  
1.64933  2.00672  2.59489  
1.00397  2.02108  4.21363  
0.503629  3.44369  2.72246  
0.798572  0.0504845  5.61495  
0.0969495  1.38407  5.77784  
2.12627  0.196136  1.76811  
0.348914  0.12583  5.90596  
2.07688  1.45187  0.180582  
0.821337  0.823518  5.33437  
1.52264  0.100212  4.31805  
0.78665  2.94477  3.30526  
1.81038  1.5148  2.37464  
1.23472  2.51388  3.16797  
1.70298  0.905368  3.4814  
1.70493  2.30719  1.47792  
1.43566  1.76175  3.53393  
0.270561  3.92668  0.809482  
1.04615  3.43001  1.22116  
1.39749  2.48348  2.56807  
1.7576  0.150095  3.71989  
2.05763  1.27474  0.789122  
0.0657203  2.75061  4.51326  
0.530984  0.30509  5.76702  
1.43691  2.16625  2.98667  
1.40297  1.38896  3.98663  
0.939782  0.169035  5.421  
0.0558904  3.09624  3.95481  
1.50929  2.93892  0.100226  
1.34346  1.06215  4.36822  
2.0044  1.64906  0.150132  
1.90166  2.08112  0.150141  
0.848493  3.07417  2.87595  
0.00312362  4.00312  0.00312362  
0.0899578  2.02743  5.33914  
1.64118  2.62038  0.682924  
2.07248  0.80394  1.48498  
1.67839  1.55726  3.06936  
0.995341  1.61341  4.60848  
1.77524  1.93484  1.88222  
0.062202  2.93453  4.23796  
0.957192  2.65454  3.45061  
0.573984  1.37721  5.46584  
0.98821  2.34748  3.84987  
1.33461  3.24746  0.100219  
0.0945701  1.72632  5.57263  
0.933972  3.63208  0.37871  
0.686534  1.58602  5.16052  
0.84352  2.19023  4.34133  
1.84321  2.2795  0.150152  
2.16128  0.98501  0.200159  
1.35758  2.71265  2.21025  
0.0795248  2.55428  4.79334  
1.42538  0.10026  4.59432  
1.26316  0.761771  4.70035  
0.0441058  3.40735  3.29208  
1.95564  1.87105  0.150189  
0.0496207  3.26203  3.62466  
1.31753  2.11417  3.5091  
0.591104  3.19593  3.21787  
2.02304  0.154745  2.29603  
2.20016  0.200155  0.200155  
1.84153  0.150121  3.35205  
1.25399  0.100235  5.00122  
1.63855  0.402582  3.90714  
0.751468  3.32387  2.46282  
0.54216  2.11097  4.93578  
1.79688  1.11382  2.88941  
1.24217  1.80513  4.08567  
0.61523  2.86016  3.82626  
0.608945  3.89084  0.0501431  
1.42396  3.09872  0.100227  
0.72762  2.58035  4.05647  
1.59079  0.1186  4.17986  
0.533983  3.6922  1.66422  
1.97939  0.150195  2.57636  
0.0163298  0.0163298  6.01633  
1.19691  0.615889  4.89254  
1.76743  2.5034  0.16206  
1.91285  0.150201  2.98525  
0.0853389  2.30813  5.07365  
0.74383  3.80206  0.0502726  
0.0312889  3.78913  2.08723  
0.0496114  3.54607  2.96394  
