1.57296  2.20385  3.7923  
0.483303  3.0726  4.36462  
1.2119  1.38994  5.48002  
0.520595  0.569989  6.30208  
0.446892  0.730908  6.21995  
0.467615  0.584431  6.3104  
0.433927  1.76547  5.93955  
1.61467  1.95774  4.50771  
1.31432  2.19791  4.45618  
0.613523  1.52763  6.08003  
0.509573  2.70381  5.06111  
1.22184  2.39657  4.64742  
0.553531  1.66401  6.02035  
0.548551  1.18675  6.26904  
1.16026  2.43766  4.90446  
1.0201  2.09949  5.51313  
0.632973  1.18917  6.29467  
1.12218  2.0223  5.05088  
0.403658  0.74013  6.3671  
0.825733  1.12954  6.20965  
1.15575  2.02793  5.41065  
1.05144  2.2871  5.05493  
1.15093  2.42554  4.8915  
0.86074  1.82068  5.84596  
1.08446  0.533855  5.83396  
0.606893  1.39175  5.93548  
0.683877  2.31897  5.47378  
1.36384  2.98194  3.59882  
0.520999  1.78861  5.9563  
0.695354  2.70454  5.24137  
0.677072  3.23646  4.43785  
0.40323  0.433123  6.3478  
0.839308  1.76455  5.84975  
1.12666  1.92802  5.25368  
1.01204  1.55264  5.76643  
0.453134  2.66041  5.28588  
1.02806  1.55646  5.73245  
0.876056  1.02379  6.10776  
0.69169  3.15927  4.53016  
1.2767  2.66264  4.19925  
0.636835  3.59946  3.73949  
0.779406  2.50038  5.25777  
0.880676  1.47494  5.9041  
0.928749  2.23832  5.42847  
0.548166  1.80723  5.79058  
0.576759  0.947351  6.33199  
0.796512  1.21791  6.28085  
0.671082  2.76662  4.78601  
0.578998  2.02137  5.84055  
0.675027  3.1413  4.57544  
1.00033  2.73299  4.62068  
0.889793  1.41847  5.89158  
0.949997  2.78137  4.48814  
1.25932  3.1513  3.61041  
0.93775  3.26896  4.36424  
0.709822  2.59978  5.23129  
1.22739  2.17282  4.86455  
0.637128  0.935113  6.2582  
1.14388  1.34337  5.59321  
0.685344  0.827949  6.2009  
1.80587  2.99979  1.84992  
1.10037  2.82243  4.63929  
0.836041  1.82953  5.85375  
0.70145  1.38593  6.23905  
0.594428  1.40681  6.20455  
1.6335  1.7003  4.23955  
1.01589  1.60565  5.38671  
0.505883  4.27515  1.85255  
1.36025  1.48916  5.36371  
0.873535  1.13737  5.76787  
1.6925  2.06441  4.1964  
0.498317  2.78368  5.03711  
1.19542  1.99033  5.34111  
0.836269  3.02504  4.91974  
0.96472  2.34515  5.19436  
0.523369  1.03469  6.31181  
1.17256  2.63392  4.24178  
0.869403  1.13215  6.09232  
1.13927  2.08732  4.90879  
1.12331  2.41399  4.87598  
0.771884  1.26132  6.11355  
0.796065  2.41018  5.35292  
0.875935  4.20431  1.33096  
1.80761  1.77572  4.07024  
1.38519  1.7103  4.99484  
0.459625  1.62214  5.91598  
0.828957  2.40957  5.50753  
0.513237  1.3314  6.26681  
1.19607  2.65675  4.96281  
1.26872  2.39563  4.65995  
0.85947  1.85567  6.09374  
0.626273  1.6084  6.14301  
1.20901  2.50058  4.92861  
0.69461  2.05146  5.55215  
0.643218  2.67394  5.09871  
0.573538  2.07769  5.81205  
1.07306  3.48593  3.54788  
0.78179  0.90072  6.02215  
0.70833  1.7358  5.8754  
1.14265  1.82228  5.5164  
1.04733  2.5231  4.71609  
2.02084  0.450728  3.33287  
0.809664  2.2611  5.34621  
1.74655  1.91494  4.06231  
1.86442  2.27502  2.2977  
1.78071  1.32632  3.82792  
0.879717  3.98455  1.30553  
0.974397  1.62205  5.8332  
1.31324  1.75923  5.01207  
0.882383  3.61401  3.39021  
0.953786  1.83366  5.73315  
1.34919  0.725117  5.73229  
1.64563  1.09203  4.58077  
0.661626  3.56113  3.79071  
1.99396  1.71359  2.83924  
0.867436  1.49519  5.94853  
0.921164  3.3425  3.86243  
1.6552  2.28558  3.04177  
1.88535  2.0828  2.14277  
0.949163  3.63679  2.8706  
0.99076  0.417087  5.90923  
0.702082  1.36709  5.97536  
1.39561  1.79077  4.4391  
1.75477  2.74336  1.91187  
0.581698  3.26099  3.99683  
1.18355  3.81813  0.740555  
1.57606  2.53459  3.75192  
1.96294  1.00873  2.70181  
0.888144  1.09333  5.80421  
1.96745  2.02706  0.194128  
1.44224  2.55487  3.72132  
1.25373  1.4301  4.87022  
1.01349  3.08752  4.16344  
0.940651  3.2011  3.58932  
0.691639  3.16294  4.36198  
1.56715  0.270856  4.35637  
0.118113  0.11603  6.11443  
0.779227  3.75314  2.45589  
2.06488  0.0771987  0.0648853  
0.432694  3.52089  3.21608  
1.57809  3.03175  0.177105  
1.25385  3.12089  3.56473  
0.423688  1.97089  5.47244  
1.17373  1.90492  5.40196  
0.166688  2.84164  4.48591  
0.0871849  4.0351  0.0363891  
0.435177  2.52628  5.00887  
1.16325  0.212412  5.47501  
1.22905  2.62485  4.59296  
0.79985  1.62839  5.67699  
1.07418  2.90251  4.21474  
1.99577  1.68664  2.30886  
1.84206  2.39235  0.176858  
1.30469  2.30008  3.87152  
0.258928  2.15105  5.44644  
1.30698  2.75933  3.63562  
1.84934  0.346484  3.55309  
1.00029  3.05367  4.28032  
1.20644  3.60382  1.26226  
1.1321  3.52159  2.55504  
0.97604  1.9373  4.94804  
1.44853  3.11762  2.73181  
1.60202  1.94836  3.45705  
1.37631  2.80384  3.13627  
0.443121  3.85471  2.86958  
0.571082  1.5345  5.95862  
1.19404  2.56354  4.2748  
1.33299  3.16537  3.24227  
1.05516  3.75052  1.94708  
1.7208  0.248686  4.0953  
1.64218  1.19166  4.07468  
1.63454  2.95363  1.49304  
1.13201  2.97089  4.00344  
1.56416  2.70224  3.31079  
0.806816  3.38374  3.51563  
0.751472  2.65914  4.7571  
1.51112  0.725385  5.24124  
1.48506  1.9996  4.18047  
0.984664  3.58334  2.91047  
1.77234  1.69341  2.91142  
1.07132  2.89965  4.21188  
1.45875  2.03332  4.39502  
1.31324  1.75923  5.01207  
1.7791  1.32471  3.82631  
1.63252  2.73502  2.86142  
2.02084  0.450728  3.33287  
2.02051  0.67672  3.45183  
1.24594  2.65542  4.0356  
0.624443  2.48171  5.30191  
0.860301  2.96915  4.3883  
1.89231  1.8051  2.68503  
1.19516  2.46293  4.85334  
0.808097  2.25953  5.34464  
1.24753  2.98065  3.71578  
0.710805  1.79548  5.76535  
1.53065  2.80797  3.04769  
1.86008  2.27068  2.29336  
0.994934  2.52407  4.64922  
1.55197  2.65793  3.46962  
1.7889  2.62686  2.83135  
1.73714  2.07816  2.589  
1.64267  2.30267  2.66723  
1.43541  2.08939  3.91712  
0.608761  2.65545  4.65185  
1.63543  2.15506  2.87233  
0.735009  1.9712  5.33022  
1.26466  0.841216  5.03542  
1.51682  2.68275  2.39075  
1.40882  2.41853  3.35308  
0.425435  2.2231  5.20054  
1.11732  1.42698  4.97565  
1.87611  1.60692  2.15026  
1.66085  0.764471  3.86591  
0.247672  3.38873  3.91082  
1.69224  1.39073  3.23596  
0.663248  1.33674  5.58429  
0.269198  0.922446  5.969  
1.9142  1.45785  1.65144  
1.5957  0.125244  4.19216  
0.240206  2.8704  4.42484  
0.821031  1.64743  5.34484  
0.85968  0.0888922  5.6254  
0.158821  1.30204  5.80921  
0.918533  1.40624  5.17894  
0.847495  2.84188  3.69292  
1.77293  1.76431  2.1126  
1.17822  1.07521  4.91765  
0.181038  1.07379  5.91929  
0.987677  3.65909  0.912729  
1.26236  2.62296  3.02017  
0.841367  2.32661  4.70029  
1.00802  1.63363  4.97766  
0.575665  2.09976  5.05629  
0.941153  3.54148  1.83514  
1.62579  2.34277  1.80143  
2.01433  0.0143303  0.0143303  
0.727891  0.381442  5.69179  
1.31683  0.799984  4.7002  
0.5779  3.01833  3.88604  
1.1288  3.23956  2.28419  
1.43468  2.8756  0.0296687  
1.33614  1.7678  3.99333  
0.0430086  0.0419388  6.04137  
0.126827  1.49957  5.74342  
0.0228579  4.0062  0.00633619  
1.13989  3.05935  2.59379  
1.39399  0.0517707  4.49992  
1.33018  2.95538  2.10734  
0.939494  1.68602  5.02855  
1.18217  0.371828  5.17615  
0.0814253  3.42071  3.35479  
1.51634  2.07204  2.99946  
0.536658  3.60527  2.74413  
1.71044  0.175038  3.30021  
0.870107  3.41602  2.58843  
1.04984  0.0630946  5.28201  
1.78621  2.13851  0.0746726  
1.14027  3.53423  0.109878  
0.972734  2.1053  4.4118  
1.12664  2.45421  3.60595  
0.0504733  2.54843  4.68536  
0.0711497  1.79854  5.47843  
0.0890529  3.79137  2.29116  
1.88918  0.0624146  2.5024  
1.08126  3.3729  2.07289  
0.888988  1.14641  5.40444  
1.32157  0.459661  4.97112  
0.743646  3.76676  1.61548  
0.823816  3.22849  3.22971  
1.48515  1.11302  4.11005  
0.169333  2.44718  4.94234  
1.56122  1.38397  3.93893  
1.05281  3.16708  2.84844  
0.860723  1.88217  4.94079  
1.36133  2.19321  3.47283  
1.37847  2.69558  2.55863  
0.926711  0.472528  5.55912  
1.1696  1.71823  4.57209  
0.791487  2.25603  4.76396  
1.27005  3.41819  0.959825  
1.73548  1.51965  2.92872  
1.5505  2.75292  1.46094  
0.873831  2.42165  4.39649  
0.216581  2.24175  5.25819  
0.502815  1.59242  5.56087  
0.985004  2.29611  4.2803  
0.475354  3.34642  3.53995  
1.6279  1.37318  3.40977  
0.784124  1.29847  5.46659  
1.5025  2.50374  2.59869  
1.60589  1.16429  3.63536  
1.18189  2.04665  4.22134  
1.69386  2.01521  2.61702  
0.77637  3.6247  2.27632  
1.13579  2.87827  3.22377  
1.71513  0.144904  3.85964  
1.51664  0.517982  4.32022  
1.5997  0.809431  4.02196  
1.29456  3.34618  1.4721  
0.501992  2.77661  4.50966  
0.896686  3.36079  2.17114  
0.201437  1.8355  5.41872  
0.933237  2.4948  4.05914  
0.201735  1.53633  5.64068  
1.04978  0.997537  5.0089  
1.51019  1.10908  3.73836  
0.706898  2.0277  4.78216  
1.05408  3.01581  2.66863  
1.31014  3.03843  1.40368  
1.19894  3.28243  0.928416  
0.889168  3.42897  1.88453  
0.503733  3.471  2.75887  
0.826421  0.745469  5.43646  
1.66801  1.96503  2.07275  
1.64252  1.45924  3.0268  
1.17076  1.51384  4.55392  
1.79675  1.86503  1.1781  
0.421134  0.0443455  5.93691  
0.0921559  2.41982  4.83846  
0.10088  0.947507  5.84031  
0.681862  2.48318  4.40334  
0.668594  1.44668  5.27295  
1.28026  1.69031  3.93578  
1.02612  1.2532  4.85977  
0.146326  3.73107  2.22295  
1.25787  3.18426  0.0287608  
0.161143  2.30855  4.93342  
0.646764  2.72152  4.01847  
0.803742  3.07613  3.0246  
1.8076  0.0259546  2.7502  
1.94484  1.17615  0.305946  
0.123821  1.23975  5.72462  
1.56953  2.63729  0.0459638  
0.0372653  2.09583  5.16497  
1.86858  1.5263  0.0165145  
1.5589  1.78464  2.74938  
1.88581  0.0298082  2.26531  
0.963747  1.92963  4.43144  
0.741442  3.75356  0.0216138  
1.58911  0.0243474  3.76063  
1.13987  0.0266985  5.01144  
0.822133  3.51087  1.71019  
0.480493  3.25021  3.32801  
1.32322  2.61958  2.28695  
2.00578  0.00577834  0.00577834  
0.0388442  1.73557  5.47124  
0.0101483  2.53958  4.63909  
0.0775142  2.96634  4.17658  
0.0335812  3.3481  3.38766  
1.47598  0.143565  4.09691  
1.39068  2.88168  0.00237209  
1.60692  2.46725  0.0249603  
1.42755  1.45926  3.65491  
1.1596  2.27667  3.54497  
0.887168  1.71046  4.76241  
0.016139  3.51332  2.92438  
0.00717142  0.00702924  6.00701  
0.825469  0.0192822  5.50847  
1.56608  1.12196  3.49536  
1.72727  2.06396  0.0109116  
1.0748  3.40653  0.0146819  
1.69588  0.0148121  3.26536  
0.0367319  3.20238  3.68475  
0.0031269  4.00249  0.00248812  
0.575896  0.233654  5.7796  
0.556745  2.95709  3.79909  
0.583771  2.04311  4.89978  
1.27724  1.08875  4.46697  
1.48596  2.17864  2.48682  
0.0465823  3.88215  1.72569  
1.95373  0.0295836  1.66629  
1.76751  1.53536  2.00766  
1.01666  2.6791  3.36611  
0.724137  3.32046  2.6532  
0.897176  3.63189  0.0287014  
0.504464  1.57471  5.34634  
1.49407  2.55208  1.40621  
1.45094  0.0294698  4.25023  
1.01923  0.132384  5.28803  
0.998954  2.37077  3.87404  
1.2342  2.41986  3.12077  
0.996343  3.22181  2.20364  
0.0331796  0.792264  5.91847  
0.533246  3.77725  1.41378  
0.802148  2.21931  4.48605  
0.614264  3.57194  2.17111  
1.59761  2.18498  1.88975  
1.13862  2.89319  2.53216  
0.215917  2.73852  4.43478  
1.15367  3.00501  2.1006  
1.41255  2.11693  3.02315  
1.73476  1.23789  2.5499  
1.85953  1.22509  1.74814  
0.0615023  3.65278  2.62718  
1.11324  1.98553  4.12823  
1.59218  0.881164  3.58531  
0.0673214  3.05857  3.97791  
1.33639  0.780955  4.63006  
1.3245  1.99134  3.55078  
0.847337  1.384  5.13245  
1.04719  2.06117  4.0802  
0.00415399  3.42646  3.10119  
1.44095  2.21964  2.51848  
1.90096  1.25125  0.00114002  
0.00227417  1.9645  5.22963  
0.00246719  2.71225  4.41199  
0.764971  3.69825  0.00131407  
1.94675  0.00284782  1.41391  
0.00414355  2.22366  4.99559  
0.831688  3.64026  0.00131407  
1.08392  0.00328026  5.05205  
1.73244  1.13736  2.49316  
0.970241  3.25297  1.96139  
1.13111  3.05465  1.89005  
0.582106  2.02237  4.88184  
0.829913  3.48019  1.63324  
2.00261  0.00260879  0.00260879  
1.96334  0.806041  0.00396019  
0.908289  1.67914  4.71917  
0.745925  1.6098  5.02578  
1.20739  0.00959937  4.81457  
0.649028  3.78574  0.00131407  
1.71102  0.00199381  3.11859  
0.678784  2.80409  3.77552  
1.15579  1.55744  4.32015  
1.19705  3.20605  0.000652855  
0.00197776  4.00134  0.00133899  
1.23156  2.43733  3.00761  
1.31866  3.01358  0.00223675  
1.79213  0.00283213  2.68343  
1.44394  0.00316219  4.16459  
1.60507  2.39581  0.00255094  
0.511917  3.51096  2.45051  
1.66684  1.50139  2.46225  
1.07548  3.37392  0.000652855  
1.35445  1.51195  3.80704  
1.76735  1.88288  0.00219511  
1.51266  0.00217054  3.93483  
0.501809  2.58383  4.3328  
1.53646  1.38399  3.25374  
0.589372  1.68562  5.16496  
1.30162  2.57838  2.42  
0.994003  1.77846  4.47574  
0.952919  2.54493  3.64743  
1.79737  1.46819  1.49631  
0.649069  3.27602  2.8534  
0.898196  2.99582  2.93799  
0.444385  0.00172223  5.85291  
0.690841  1.20216  5.34548  
1.41789  2.82303  0.000652855  
0.994803  3.47511  0.00234412  
1.14932  2.2719  3.54392  
1.2218  1.83773  3.88087  
1.01939  2.72302  3.16311  
1.64362  0.962937  3.11992  
0.00200487  0.00198573  6.00199  
0.656225  2.20094  4.61482  
0.0022489  1.6514  5.46773  
0.00216428  1.37241  5.63849  
0.00301933  2.49255  4.69599  
0.00477407  3.5902  2.65296  
1.69811  1.90101  1.43947  
1.845  0.89045  1.91731  
0.864152  0.0019584  5.41579  
0.523634  3.86408  0.00234412  
0.00447743  3.75231  2.08971  
0.761242  3.36763  2.30335  
1.48398  1.93279  2.7975  
0.638499  3.59877  1.83254  
0.00546983  0.833807  5.87109  
0.951758  1.24549  4.94721  
0.00390964  3.19699  3.61194  
1.51666  2.61524  0.00233164  
0.00568888  3.32126  3.3534  
1.27252  0.00131694  4.63342  
1.56614  0.00250074  3.74354  
0.00258582  2.90027  4.13421  
0.513602  1.05531  5.59156  
1.83903  1.57943  0.00127156  
1.32091  1.18548  4.17057  
1.07049  2.93946  2.53455  
1.67589  2.19069  0.00188544  
0.565781  0.00216566  5.75899  
0.00269315  3.06043  3.86576  
0.890049  2.2809  4.15734  
0.00657072  3.89605  1.39014  
1.55372  2.26224  1.71067  
0.990752  0.00492695  5.2254  
1.87763  0.00225373  2.0871  
0.777463  2.57227  3.96415  
0.749622  0.00648329  5.57689  
1.40776  2.46515  2.13093  
1.31763  2.10255  3.25012  
0.598665  3.05933  3.43448  
1.37362  0.00323638  4.37341  
1.56798  2.04221  2.13094  
1.22791  2.83166  2.12756  
1.39659  1.81874  3.32879  
1.61365  0.00273754  3.55868  
1.74782  1.42773  2.02076  
0.626839  3.21358  3.04695  
1.17551  3.23721  0.000427328  
0.00113654  3.2303  3.54143  
0.817518  2.73029  3.63781  
0.57448  3.83316  0.00108092  
1.75949  1.90263  0.000180444  
0.713605  3.73753  0.000458965  
0.00115252  3.47992  2.9619  
1.44286  2.77178  0.000590976  
1.27019  2.0906  3.41643  
1.70692  2.08561  0.000231682  
1.59152  0.000698017  3.6371  
1.90401  1.2256  0.000180444  
2.00087  0.000870215  0.000870215  
1.22368  1.33869  4.3341  
1.362  2.63315  1.9303  
1.20924  2.6285  2.72851  
0.931792  1.42591  4.86146  
0.00189657  1.22575  5.71283  
0.000806002  3.72624  2.18397  
1.78972  0.000677994  2.68282  
1.51125  2.62032  9.37516e-05  
0.000794565  3.08987  3.81187  
1.50662  1.45117  3.31116  
1.72983  1.19924  2.4275  
0.850386  3.6213  0.000458965  
1.02724  2.67482  3.23002  
0.00250907  0.818591  5.87552  
1.7261  0.000698017  3.035  
0.43479  3.9059  0.00108321  
0.00473365  3.35253  3.28753  
1.79719  1.75758  0.000481948  
0.502311  0.94711  5.63907  
0.000781848  2.83173  4.23906  
0.67313  3.45143  2.27508  
1.04989  2.37109  3.66686  
0.00079266  2.96834  4.02332  
0.760268  1.9262  4.742  
0.00149668  4.00086  0.000857905  
1.36878  0.000476639  4.37651  
1.35563  1.344  3.94499  
0.00482762  3.85941  1.60594  
1.25177  2.88048  1.82872  
1.64637  2.27316  0.000531632  
1.45044  0.000454436  4.13299  
0.888271  2.97259  3.02644  
1.21076  0.00050943  4.7773  
1.79115  1.33162  1.78527  
0.635846  0.00126999  5.69125  
1.68741  1.68618  2.00006  
0.00339128  1.47989  5.57948  
1.36257  1.69815  3.5808  
0.919174  0.00175259  5.33327  
1.00225  1.82989  4.41839  
1.28281  3.06995  0.000427757  
0.00134731  2.34271  4.86412  
0.450101  0.00210863  5.84965  
1.16511  1.91763  3.9413  
1.95866  0.810519  0.000131693  
0.563747  2.40016  4.49353  
1.58038  2.4521  0.000180442  
0.808968  1.2379  5.16558  
1.39446  2.16742  2.82447  
0.000749333  0.000732949  6.00073  
0.618992  1.369  5.33675  
1.59228  1.62963  2.71249  
1.3721  2.91145  0.000427328  
1.0996  0.000476639  5.01319  
0.762111  2.6036  3.95412  
1.84883  1.52875  0.000549878  
0.00117833  1.93294  5.25368  
0.908559  2.25239  4.1468  
1.65984  0.000698017  3.35111  
0.00139051  2.53658  4.64012  
1.05871  2.97114  2.47294  
1.28061  0.000494186  4.61046  
0.571534  1.79758  5.09009  
1.03207  3.24248  1.75536  
1.09382  3.35281  0.00175345  
1.84918  0.000641979  2.29107  
1.94918  0.000551972  1.35167  
0.824238  3.27381  2.40858  
1.9001  0.000572535  1.87841  
0.962051  3.50779  0.000458965  
1.55764  1.94128  2.38861  
0.00156492  1.69273  5.43777  
1.10133  1.32096  4.6057  
0.00129383  2.16782  5.04328  
0.725766  2.96329  3.39934  
0.545107  3.62935  1.93914  
1.23074  2.36303  3.14482  
0.000770045  2.68472  4.44907  
1.53001  0.000455362  3.86623  
0.00363749  3.59561  2.64277  
0.796885  0.00438866  5.51325  
1.46899  2.4003  1.90755  
0.792058  3.4931  1.7065  
1.15582  3.11768  1.48708  
1.64961  1.14364  2.93677  
0.000821545  3.91983  1.19946  
1.26936  1.42351  4.1307  
0.560822  2.73443  4.04449  
1.19179  3.21271  0.000185723  
1.80436  1.72634  0.000174846  
0.00029197  3.19046  3.61985  
0.573086  3.17787  3.21834  
1.39332  2.33005  2.52938  
1.77511  1.13966  2.22024  
0.958246  3.21156  2.14792  
0.000335045  3.72037  2.205  
2.00055  0.000547667  0.000547667  
1.4546  2.75176  0.0020785  
1.29058  2.60902  2.39229  
0.000493922  4.00039  0.000388635  
1.45175  1.8286  3.1222  
1.12568  3.08751  1.77535  
1.92757  1.06848  0.000212129  
1.32979  2.7915  1.59968  
0.777733  0.000477248  5.52885  
0.000330902  3.59065  2.64496  
0.000694123  2.30547  4.9044  
1.95185  0.000473073  1.31542  
0.410883  3.91486  0.000125195  
0.000286221  3.30103  3.38906  
0.000291714  3.44873  3.04017  
0.00151656  2.71051  4.41528  
1.42535  1.20616  3.80147  
0.72668  3.72683  0.000114632  
1.34308  0.000549682  4.44786  
1.05685  2.84508  2.81164  
1.05733  0.000528472  5.0945  
1.37971  2.89631  0.000181168  
1.49203  0.000297738  3.99687  
0.71775  2.17115  4.56404  
1.21444  2.95748  1.77822  
1.67602  2.18369  0.000262494  
0.634636  2.97606  3.5291  
1.65666  1.39172  2.72864  
1.45146  2.51768  1.69152  
0.00143211  3.92672  1.15391  
1.15177  1.82479  4.08974  
0.600163  3.63705  1.73833  
1.29454  1.95175  3.52367  
1.74717  0.000299849  2.92193  
0.578881  1.79815  5.0722  
0.590984  1.4402  5.31639  
1.85397  0.000441484  2.25427  
1.0896  3.35457  0.000135088  
0.969364  1.93721  4.37881  
1.26705  0.00288704  4.65231  
1.29236  3.05334  0.000219015  
1.0779  2.21879  3.8049  
0.644796  0.000375397  5.68038  
1.83073  1.17397  1.67043  
1.53841  1.30183  3.30089  
0.796339  2.38265  4.24682  
1.32538  2.25033  2.97023  
1.9684  0.710734  0.000202278  
0.857107  3.0522  2.94821  
0.890074  2.6497  3.6272  
0.449087  1.09347  5.61777  
0.509913  2.41065  4.53978  
1.60615  2.38414  0.000170947  
0.000279007  1.4465  5.59438  
1.73805  1.98002  0.000212129  
0.598737  3.8187  0.00131895  
0.00654258  0.815869  5.88241  
0.000305791  2.4773  4.71131  
0.000411189  0.000396227  6.00039  
0.590204  3.4901  2.33994  
0.692729  3.29114  2.71456  
1.17581  2.43669  3.20762  
0.000824398  3.8395  1.68757  
0.000450284  1.16361  5.74112  
0.993001  3.47508  0.00137106  
1.41843  0.00029774  4.23116  
1.0992  1.46566  4.52338  
0.867113  1.75216  4.72901  
1.56059  0.00029774  3.75389  
0.877481  3.4383  1.6431  
1.51961  2.60119  0.000174846  
0.000357923  3.04139  3.89782  
1.53151  2.21326  1.97369  
1.57355  1.91602  2.34501  
0.00139042  1.90054  5.28158  
0.791383  1.22321  5.20115  
1.7058  1.67718  1.86777  
1.90881  0.000365439  1.79496  
0.000294928  2.13719  5.07222  
0.470365  0.000375397  5.83235  
0.86998  3.60201  0.000137604  
1.79708  0.000375661  2.63602  
1.67818  0.000339899  3.26586  
1.61781  0.00131255  3.53435  
0.978056  1.21551  4.90762  
1.8723  1.41135  0.000780728  
0.00046576  1.64811  5.46772  
1.16626  0.00144161  4.87882  
0.000354105  2.92187  4.09837  
0.911993  0.000549677  5.34128  
1.64448  1.63693  2.3748  
0.841376  3.62903  0.000109958  
1.36776  2.00079  3.18933  
1.86491  1.44541  4.20185e-05  
1.17669  3.23487  0.000177708  
0.000205604  2.68371  4.44958  
0.000323025  3.24624  3.50644  
0.000653252  2.84821  4.21428  
1.37902  0.000167036  4.34629  
1.7935  0.00020491  2.65666  
0.000153298  1.64379  5.4702  
0.918636  0.00209148  5.33496  
0.537477  3.45291  2.57113  
0.000172543  3.553  2.75675  
0.455175  0.00143022  5.84498  
0.969533  3.49867  4.35405e-05  
1.53181  2.57191  2.96162e-05  
0.8594  3.31276  2.16034  
0.734602  2.86478  3.56658  
1.71046  1.7026  1.77832  
1.19073  0.000161317  4.82125  
0.0014398  3.88224  1.45524  
1.59112  1.27555  3.11446  
0.534946  0.997764  5.58644  
0.905506  2.64751  3.58472  
0.557947  1.7707  5.13017  
1.06204  3.38993  0.000218238  
1.3075  1.77044  3.68278  
0.697977  1.31385  5.28208  
0.652045  2.74997  3.89434  
0.64493  2.52574  4.24261  
1.90788  0.000237043  1.8025  
4.50342e-05  1.13924  5.75157  
0.982387  3.06163  2.49504  
0.393731  3.92182  7.05143e-05  
1.25492  2.89551  1.72213  
0.000218957  4.00016  0.000155864  
0.703615  2.01378  4.74154  
1.06568  2.50549  3.43133  
0.000152732  1.41884  5.61009  
1.48372  1.73829  3.06447  
1.29421  0.000213715  4.57516  
1.67594  0.0015122  3.28276  
1.02502  1.34657  4.74761  
1.09406  1.91137  4.13562  
0.672412  3.24654  2.87449  
1.1871  1.34036  4.3912  
1.79733  1.75473  3.50291e-05  
1.39448  2.86806  0.000242648  
1.44892  0.000181342  4.13666  
3.77075e-05  3.04312  3.89413  
1.95402  0.000240682  1.28277  
0.721222  3.7318  0.000528561  
0.926396  2.25968  4.0991  
2.00016  0.000157953  0.000157953  
1.92044  1.1174  5.34574e-05  
0.000184958  3.76281  2.03624  
0.893265  1.2632  5.033  
0.556501  2.33719  4.57423  
1.26799  3.09361  9.96791e-05  
1.46281  2.72785  2.39986e-05  
1.59707  2.40789  2.96162e-05  
1.56605  2.09792  2.00674  
1.10638  3.13211  1.72344  
0.000142803  2.11304  5.09469  
1.85395  0.000485237  2.25485  
1.04604  0.000206096  5.11451  
1.50892  2.35377  1.7465  
0.622705  0.000385802  5.70253  
0.794464  3.48686  1.72188  
1.28724  2.30013  3.03801  
1.42706  1.40566  3.63929  
1.30998  2.54012  2.4576  
0.000313111  3.39576  3.17183  
0.559865  3.84021  8.60098e-05  
0.001292  2.53198  4.6478  
1.67032  2.2002  4.39119e-05  
0.000203263  2.31766  4.89058  
0.621676  3.63524  1.68624  
1.39119  2.64081  1.75341  
1.1655  2.20604  3.58123  
1.75956  1.16648  2.25725  
1.66973  1.18463  2.80537  
1.73049  0.00152517  3.0175  
1.59037  0.000159041  3.63897  
0.856234  2.93426  3.17721  
0.793065  0.000494913  5.50926  
0.553471  3.12785  3.35654  
1.84308  1.07317  1.70754  
0.000266971  0.000299135  6.00027  
0.000138043  1.87847  5.2974  
1.32937  1.25576  4.07785  
1.72575  2.02186  4.45294e-05  
0.000446788  0.740406  5.89688  
1.41744  2.21291  2.6271  
1.15688  2.66504  2.82924  
7.38765e-05  3.66988  2.38705  
1.96291  0.774515  0.000687449  
1.52178  0.000181342  3.89412  
0.947364  1.83752  4.51077  
0.719259  3.22267e-05  5.59864  
0.009982  2.73243  4.38921  
0.000255073  3.69342  2.30486  
1.4878  2.34263  1.99489  
1.19051  3.21526  0.000444727  
0.902609  1.25146  5.01451  
0.000165702  3.56516  2.72126  
1.42395  0.000196593  4.21403  
0.810256  1.80985  4.76856  
1.25578  1.43047  4.16301  
1.24188  2.24361  3.28859  
1.79694  0.00462782  2.66703  
1.00417  2.56637  3.47986  
0.873596  0.000135742  5.39769  
1.56975  1.79502  2.56438  
8.67706e-05  2.90986  4.11709  
0.674485  1.22121  5.34382  
1.81191  1.20162  1.79441  
0.00034809  1.8165  5.34624  
1.68537  1.79401  1.78899  
1.68458  2.15644  8.13965e-05  
1.8595  0.000163247  2.21054  
1.37893  2.61732  1.86468  
0.00034828  1.93066  5.25546  
0.95745  3.51202  7.84762e-05  
5.61202e-05  5.74399e-05  6.00004  
0.000165517  3.33374  3.31623  
1.23104  1.09066  4.43748  
1.26123  2.84487  1.86468  
1.74084  0.000389724  2.95555  
1.39822  1.90655  3.20541  
0.861981  3.16882  2.59511  
0.000769999  2.20246  5.01008  
1.46282  2.72798  7.34123e-05  
0.00899756  3.78859  1.9269  
1.44859  2.07654  2.72347  
0.716425  2.23993  4.48302  
8.4766e-05  2.58944  4.5733  
8.74784e-05  4.00009  8.55033e-05  
0.00315175  1.55706  5.5279  
8.36961e-05  3.19792  3.6044  
1.54323  2.54465  8.19861e-05  
0.62862  3.4399  2.44524  
1.33306  2.44422  2.563  
1.00132  2.97619  2.67496  
2.00005  4.81329e-05  4.81329e-05  
0.000669656  3.06563  3.85599  
0.381547  0.000118243  5.88997  
1.6094  1.25609  3.02341  
1.868  1.42953  0.00162828  
0.875168  3.44436  1.55688  
1.95998  0.797772  0.000143995  
1.64962  3.08045e-05  3.3926  
1.48016  0.00233306  4.04512  
0.710913  3.52579  1.87767  
1.08868  3.35564  8.12139e-05  
0.000312173  3.4722  2.97998  
0.00916897  3.86427  1.55229  
1.48777  1.38425  3.4306  
0.999211  1.9559  4.29073  
0.000646579  1.34788  5.65002  
1.12535  3.07459  1.82621  
7.94109e-05  2.41887  4.7788  
1.39045  1.2184  3.90684  
1.23286  0.000473086  4.72602  
1.75149  1.93144  0.000621065  
0.5837  9.28713e-05  5.73896  
0.468956  3.88872  0.000161356  
1.05962  1.44609  4.61389  
1.9583  0.00380309  1.27642  
0.578057  3.25475  3.02716  
1.81148  1.69579  9.05128e-05  
1.7184  1.42663  2.20173  
1.57612  2.13955  1.82977  
0.525585  3.71791  1.55698  
1.16003  2.70385  2.72933  
1.91675  1.14265  0.000621065  
1.38616  2.88391  0.00497544  
0.993138  0.00131365  5.21155  
0.535157  2.06379  4.88265  
0.755701  2.97457  3.31107  
8.74513e-05  3.9451  0.991522  
0.804395  3.66228  3.83131e-05  
0.00298668  0.963797  5.82728  
1.3298  0.000122675  4.48204  
0.540565  1.0608  5.55425  
0.690778  2.71894  3.88366  
0.947573  3.26057  2.00163  
0.89117  2.32584  4.08767  
0.682403  3.76073  0.000448628  
1.11059  2.17719  3.77304  
0.691673  1.59369  5.10251  
1.90514  8.13724e-05  1.82676  
0.634997  2.50018  4.27873  
1.58156  9.79621e-05  3.67308  
1.32083  1.69082  3.72398  
1.137  9.79621e-05  4.93639  
1.29524  3.04828  0.00497544  
0.932036  2.76604  3.33804  
1.61396  2.36246  4.16229e-05  
0.89411  1.39263  4.94856  
1.61824  2.35109  0.000135294  
1.85269  1.50678  1.06838e-05  
0.00017009  3.84552  1.6524  
0.731974  3.48725  1.95456  
0.000226859  3.66143  2.41685  
0.000174548  3.93547  1.07496  
0.000299392  2.67531  4.46121  
0.661333  1.19069  5.37668  
1.4804  2.43492  1.71793  
1.44847  2.0305  2.81224  
0.76635  7.791e-05  5.54223  
1.67632  2.18634  0.00113725  
1.51995  1.79729  2.81899  
1.15837  9.33572e-06  4.8912  
1.4803  0.000126816  4.03518  
0.000177692  3.54373  2.78343  
7.30703e-05  3.19283  3.61451  
0.919567  3.55609  0.00194877  
1.54341  2.10664  2.16048  
1.94007  6.26536e-05  1.45844  
1.7672  0.000201468  2.81077  
1.88495  6.0018e-05  2.00613  
0.000227219  0.970603  5.82099  
1.06377  0.000222545  5.08154  
1.16765  2.11661  3.70259  
0.00099929  2.17681  5.03569  
0.0195873  1.36502  5.65166  
1.79302  1.24874  1.9103  
1.33662  2.97644  0.000322405  
0.635836  8.82342e-05  5.68889  
1.32155  9.45152e-06  4.50353  
0.000735582  1.77248  5.37995  
0.921422  3.34722  1.78029  
0.888567  7.79101e-05  5.37551  
0.67413  3.15141  3.1028  
1.06588  3.12745  1.9448  
1.23273  1.24616  4.33961  
1.34885  2.60015  2.10457  
0.888556  2.56983  3.75155  
1.80601  1.71937  0.000160503  
0.000143849  2.36415  4.84016  
6.68116e-05  3.43377  3.07769  
1.4003  6.13704e-05  4.28423  
2.00001  8.94063e-06  8.94063e-06  
0.602751  3.41527  2.54758  
1.34947  1.57804  3.74769  
1.96386  0.757069  1.06838e-05  
0.819026  3.65291  0.00194877  
2.60761e-05  1.16474e-05  6.00001  
0.552237  2.12514  4.80631  
1.13187  3.30068  0.00121766  
0.976431  2.1154  4.17034  
0.534505  2.80495  3.96852  
0.489871  0.0017542  5.81985  
1.82445  0.000201786  2.45968  
0.928574  1.82675  4.5586  
0.54779  3.63452  1.89516  
1.16984  1.75878  4.09059  
1.72699  1.19672  2.43882  
1.53793  2.55731  4.60315e-05  
1.05468  1.32942  4.69203  
0.463338  3.89193  0.000506195  
1.7515  1.93118  2.78252e-05  
1.43867  1.14069  3.8161  
1.66744  1.85947  1.78884  
0.000839443  1.97957  5.21528  
1.90866  1.1951  1.06838e-05  
0.000883452  1.54947  5.53292  
0.789129  2.87973  3.43102  
7.30928e-05  3.29989  3.39128  
0.758564  1.86943  4.79163  
1.16512  2.80987  2.45517  
1.63809  0.000126816  3.44304  
1.19694  2.53426  2.94205  
1.23117  3.15297  0.00026763  
7.46159e-05  4.00007  7.37744e-05  
0.663854  3.77197  0.154797  
1.44836  2.75865  6.76355e-05  
1.69732  9.16468e-05  3.17383  
0.000102747  2.48874  4.69745  
0.974912  7.79102e-05  5.23909  
1.11847  2.36873  3.48365  
1.33756  2.37035  2.70517  
1.01342  2.68546  3.24813  
0.975291  2.97597  2.76013  
1.24598  0.000228791  4.69414  
1.65301  1.3624  2.69168  
0.000174506  3.73602  2.14442  
1.02636  3.43342  0.00013459  
1.55699  0.000174829  3.76674  
0.000133913  3.03935  3.90104  
1.32053  1.96579  3.41271  
1.85263  1.00384  1.68665  
0.000299414  2.86613  4.18608  
0.650715  1.58744  5.14997  
1.25437  2.88206  1.78024  
1.55168  1.29917  3.248  
0.76339  3.27017  2.58978  
0.689684  2.40487  4.32682  
0.64306  0.000484665  5.68237  
1.67905  1.84917  1.71522  
0.00526296  2.91735  4.11859  
1.30971  2.68302  2.09616  
1.48752  1.68312  3.11639  
0.650192  3.78308  0.000210931  
8.5456e-06  3.52026  2.84915  
1.70857  2.07925  9.33753e-06  
1.91483  1.15488  3.35199e-06  
0.490786  0.000484087  5.81739  
0.934823  1.1969  4.99226  
1.8256  1.63371  1.29246e-05  
0.00578091  0.816213  5.87423  
1.44116  2.49261  1.83132  
0.00017114  2.07999  5.12524  
1.37297e-05  3.08526  3.81875  
2.89605e-05  1.86131  5.31088  
1.14063  2.85406  2.44212  
1.23574  3.14513  0.00278888  
0.00168927  3.39633  3.17002  
0.00843026  1.25803  5.69562  
0.972447  1.73065  4.5557  
0.469962  3.88801  7.71284e-06  
1.37606e-05  3.23229  3.53454  
1.76373  7.99232e-06  2.82907  
1.43399  1.25974  3.73132  
1.56718  2.1292  1.94199  
0.609179  3.28492  2.89508  
0.984703  2.64567  3.40219  
0.551707  2.51848  4.35801  
8.62974e-06  3.92022  1.19241  
8.64652e-06  4.00001  7.80507e-06  
1.27799  7.79734e-06  4.61528  
1.3204  2.07733  3.25572  
2  3.27377e-06  3.25982e-06  
1.30006  1.63967  3.84152  
0.772997  2.56067  3.98361  
0.519311  3.7094  1.63986  
0.727118  1.2524  5.26497  
1.1883  1.12166e-05  4.82616  
0.62841  1.92197  4.91394  
1.7759  1.84293  0.00222521  
0.894603  2.10142  4.36302  
0.86804  1.67259  4.79899  
1.05729  1.33645  4.68201  
0.883696  2.92738  3.11294  
0.885826  3.58628  8.66407e-06  
9.63684e-05  2.29566  4.91357  
0.547419  0.999208  5.57871  
1.82569  4.16788e-05  2.44988  
1.86937  1.42198  7.46981e-06  
1.58498  1.1114  3.25771  
0.000159281  1.6048  5.49614  
1.47318  4.09884e-06  4.05804  
1.32092  3.00364  0.000195953  
0.673813  2.23211  4.55014  
1.96136  0.782512  3.35199e-06  
0.567851  3.5438  2.2004  
1.62197  0.00194557  3.52041  
0.763398  3.42626e-06  5.54573  
1.36782e-05  2.84062  4.22431  
1.33232  1.10015  4.16763  
1.52904  3.52266e-05  3.8676  
0.000266732  2.47854  4.70993  
0.503062  3.13706  3.40303  
1.39825  2.86002  5.9584e-06  
0.626761  2.89592  3.68761  
1.84789  1.00869  1.72613  
1.49014  2.66795  0.00213928  
1.89337  7.80523e-06  1.93301  
1.00702  3.22958  1.85744  
1.1595  1.45459  4.37687  
0.862636  1.12097e-05  5.41323  
1.08825  4.20744e-06  5.03404  
1.13196  3.29769  8.93543e-06  
1.18177  3.00776  1.7539  
0.00273313  3.61146  2.59034  
8.60976e-06  3.82524  1.75416  
0.770451  3.44014  2.0076  
1.39303  5.52567e-06  4.30527  
1.23869  2.41963  3.00306  
1.64531  2.27418  5.83455e-06  
1.60869  1.64076  2.57916  
0.903702  3.15125  2.51142  
1.92762e-05  2.89218e-06  6  
0.994325  3.47065  8.93543e-06  
1.70177  6.2695e-06  3.15215  
6.47455e-05  3.71505  2.22437  
1.40818  2.23944  2.63504  
1.00646  2.31467  3.85083  
1.56987  2.47894  0.000180603  
1.69679  1.10022  2.71379  
0.996285  3.32343e-06  5.20258  
1.11003  1.97551  4.01675  
0.581736  1.72509  5.12655  
1.94782  4.35245e-05  1.36167  
1.7597  1.33869  2.03022  
9.24403e-05  2.63175  4.5185  
1.19141  2.21017  3.49892  
0.78778  3.67666  0.000451132  
