510.305  999.648  378.305  
82.9481  737.546  86.7799  
16.1053  6.30026  1288.77  
752.962  35.2838  1054.28  
539.893  773.267  841.744  
152.385  849.748  565.773  
1060.85  359.388  91.5235  
728.843  230.729  111.568  
1033.3  188.324  323.713  
185.394  57.7576  766.918  
863.592  577.814  1092.73  
186.696  623.631  1507.77  
65.8981  25.5992  1337.82  
499.74  138.304  415.932  
294.696  148.784  820.348  
257.337  541.073  551.75  
555.947  673.351  684.89  
760.921  366.28  829.099  
222.573  1121.65  247.388  
313.975  1033.9  241.139  
554.406  232.479  883.266  
273.328  92.8501  1425.44  
914.705  837.584  414.923  
23.3471  39.6597  938.307  
370.433  1004.44  195.687  
230.067  267.608  1017.34  
38.9442  84.439  660.755  
129.761  424.574  900.962  
92.3209  1297.17  62.788  
157.333  26.0112  398.204  
230.601  362.586  672.316  
179.858  398.316  519.828  
1144.01  332.257  365.339  
896.941  314.754  855.617  
147.382  1175.91  264.952  
198.31  529.066  877.927  
790.085  232.54  733.701  
407.744  632.148  424.835  
586.85  98.4924  708.776  
423.562  349.218  1135.39  
681.417  775.492  263.593  
923  430.89  657.522  
150.123  198.054  978.1  
896.402  416.937  1134.7  
382.002  659.59  475.373  
50.041  541.328  1032.64  
480.534  777.089  866.788  
130.644  440.235  1040.47  
224.495  694.016  562.707  
181.039  116.798  780.034  
384.43  324.501  691.981  
707.579  788.284  601.264  
489.653  433.485  1078.61  
554.026  578.844  381.12  
864.563  225.777  766.845  
1183.51  399.148  437.509  
89.9094  177.527  991.007  
1024.06  364.242  308.748  
65.0168  42.9691  1546.14  
289.915  585.583  928.867  
237.919  493.861  319.47  
316.518  861.538  1007.83  
647.218  1475.63  570.62  
611.044  279.926  1112.14  
313.065  505.001  425.518  
105.116  489.041  723.57  
112.176  134.884  777.556  
4.83464  23.2098  1125.45  
672.71  617.411  459.675  
637.363  10.4186  579.175  
236.52  394.807  812.807  
260.167  588.555  1034.15  
284.73  714.148  777.365  
40.5466  1001.67  601.963  
405.888  308.689  567.107  
239.416  312.669  1069.7  
314.647  668.21  387.825  
107.897  387.168  791.356  
67.9543  20.7401  1229.4  
127.144  3.86429  1252.24  
94.8236  217.595  498.25  
494.712  737.699  690.81  
193.989  1263.82  241.519  
45.6275  328.668  839.718  
1028.18  700.008  66.2184  
122.439  861.103  848.304  
161.633  740.89  391.24  
135.666  142.242  1080.88  
145.742  698.32  146.722  
1132.88  156.873  730.821  
1005.38  468.42  312.509  
809.72  554.396  505.298  
105.102  1119.15  493.076  
594.301  70.9714  688.887  
608.5  727.598  290.191  
369.839  1020.4  62.2448  
1010.46  345.957  144.449  
231.987  918.677  547.596  
38.4284  178.752  769.393  
699.123  507.408  650.712  
2.34251e-10  461.437  0  
24.2001  4.69639e-16  525.385  
462.931  1.81316e-17  1.07776  
3.07201e-15  2.93479e-14  481.907  
1.64147  6.22095  333.149  
308.688  1.95265  1.01045e-18  
1.27738e-11  290.141  1.14187e-18  
42.0918  1.13492e-16  307.701  
1.00283e-11  265.237  120.809  
7.55948e-31  1.23456e-14  201.618  
735.57  1.42748e-14  3.98895e-17  
497.449  0  4.40394e-16  
5.72726e-27  1.02506e-14  167.405  
283.384  0.000155071  8.88151e-19  
334.68  21.6825  0  
301.233  0  1.17313e-13  
1.44217e-14  235.525  5.38333e-20  
241.972  0  0.118305  
8.16662e-12  185.495  7.30028e-19  
3.68951e-14  0  602.543  
1.60171e-14  8.23122e-35  261.58  
2.82158e-14  460.799  0  
2.17167e-20  6.67463e-15  109.005  
9.03389e-15  3.53831e-34  147.535  
202.82  2.64335e-07  0  
5.1488e-16  5.82463e-15  95.4944  
4.53643e-31  7.40855e-15  120.991  
7.37592e-06  0  155.859  
1.2658e-14  0  206.721  
134.422  1.76057e-18  3.55986e-21  
1.75954e-26  7.04174e-15  115  
1.04842e-15  5.77954e-15  95.9274  
8.39036e-15  137.025  0  
250.814  2.23519  0  
7.81438e-15  2.21106e-25  127.619  
1.7126e-05  0  139.596  
331.619  0  2.0342e-18  
130.592  0  2.57418e-15  
2.16163  0  139.193  
340.86  0  6.64727e-19  
84.0057  78.6667  3.48116e-16  
72.3607  29.2078  55.4223  
73.5803  67.0171  2.13225e-13  
154.474  0.361341  0  
91.1167  0.000443023  0.797671  
1.80637e-07  82.9181  1.31253e-11  
173.518  9.0718e-05  5.43819e-19  
105.176  0  4.84711e-07  
1.16442e-14  1.04514e-34  190.164  
0.145032  0.0133932  72.635  
5.30822e-14  105.046  0  
92.4705  101.524  0  
5.58814e-15  2.14164e-19  91.2613  
9.62321e-15  1.24616e-34  157.159  
141.289  3.80956e-16  24.4194  
99.8714  11.3972  1.18663e-19  
143.344  33.8053  0  
1.15216e-12  95.6019  1.06669e-09  
32.2991  144.391  2.4729e-19  
7.29452e-15  119.129  1.66098e-16  
5.21348e-31  8.51425e-15  139.048  
6.0873e-15  8.50968e-21  99.4131  
8.68944e-15  3.5588e-34  141.909  
230.822  0  3.65838e-18  
196.206  0  101.561  
1.30746e-05  0  148.806  
106.509  1.78894e-12  6.68632e-10  
1.97642e-16  7.35766e-15  120.203  
38.3557  98.1981  0.337329  
341.25  0  0  
15.5369  1.00069e-16  113.607  
105.096  4.77467e-14  1.03428e-18  
1.04525e-14  170.703  0  
69.863  112.266  4.70006e-13  
8.57455e-15  140.033  2.75787e-15  
139.704  0.000188792  9.69403e-15  
141.931  7.74637e-18  1.03122e-13  
138.662  5.96124  4.66031e-17  
157.101  3.04878e-15  2.45287e-18  
569.968  2.26495e-08  0  
8.16864e-15  1.12048e-15  134.653  
1.89273  165.781  2.39676e-20  
174.269  1.46648e-15  2.77811e-16  
1.36045e-14  7.80877e-35  222.178  
0.758875  152.549  2.38182e-18  
1.97282e-14  0  322.186  
142.236  3.3916  1.01406e-17  
168.401  6.788e-16  2.38646e-17  
122.184  0.00015667  77.4563  
351.084  3.73535e-20  8.1606e-21  
234.764  0  3.93809e-16  
7.98748e-15  130.445  9.96345e-08  
8.17575e-18  8.56957e-15  139.952  
9.26475e-15  2.56293e-31  151.305  
4.09562  0  282.157  
0.00476151  136.285  0.0273467  
1.72182e-13  146.981  1.87632e-11  
500.27  0.488598  7.72911e-19  
4.21491e-07  175.466  0  
1.10068e-14  179.755  1.57397e-16  
44.8886  287.407  3.83939e-15  
108.103  3.09868e-09  3.7335e-09  
21.3527  84.9261  2.44076  
2.04277  37.0081  50.1623  
84.6793  0.734355  0.0201127  
3.555e-07  97.9283  0.029819  
0.000286592  0.00103916  76.1709  
6.99819e-20  2.45441e-14  400.835  
102.094  0.0278039  0  
6.66679e-15  0  108.877  
1.53578e-28  2.50811e-12  79.9538  
86.2417  0  13.3848  
1.24196e-16  5.60636e-15  91.5813  
2.42415e-30  3.95894e-14  646.544  
5.34857e-15  3.17424e-36  87.3487  
1.0097e-12  0  86.9869  
7.23625e-15  118.177  0  
2.30348e-16  4.81072e-15  78.6551  
1.42046e-18  5.65698e-15  92.3854  
101.264  0.0502567  0  
148.714  0  1.68728e-22  
112.386  0  0  
1.17965e-30  1.92651e-14  68.0079  
8.31559  0.0094423  52.4672  
104.857  0  6.47802e-05  
0.000144772  83.7383  1.51377e-08  
101.3  1.13013e-18  6.60619e-16  
60.0596  47.832  2.71231e-16  
33.8316  46.9327  0.000143674  
85.0629  7.63497e-19  7.34623e-13  
3.65408e-31  5.96757e-15  97.4579  
4.58324e-08  80.0643  2.81534e-06  
68.8619  23.7979  7.86103e-20  
74.7341  0  0.000243335  
0.00325103  69.9731  9.23555e-16  
4.61373e-15  7.44338e-16  76.3223  
0.863963  0  62.2637  
31.9256  1.22568  27.9102  
5.16795  89.0991  1.29309e-07  
0.00259777  42.682  7.47397e-06  
0.00409431  1.69901e-07  30.1226  
2.60648e-07  71.7998  1.8389e-05  
5.45706e-15  89.1205  0  
0.00149561  84.0788  0  
35.7087  0.00094215  0.0389039  
39.6763  0  1.01454  
41.0188  0.102891  8.93434e-10  
108.73  0.00028563  1.13884e-15  
35.1354  0  41.5241  
80.3008  4.88207e-19  0.0658816  
4.08314e-07  59.0366  4.32413e-08  
3.14208e-15  1.17184e-18  51.3141  
2.88028e-16  3.83653e-15  62.8317  
87.005  0.000773126  1.52287e-08  
0.00483693  41.6206  0.801434  
71.1669  7.503e-10  5.62456e-10  
154.349  0  0  
104.304  2.98978e-09  2.52945e-09  
99.5447  3.65983e-06  2.63622e-21  
50.3153  30.3832  8.51862e-15  
8.02843  53.2271  0  
18.7353  2.08282e-18  45.6405  
95.1208  0.00138723  8.37917e-21  
34.6684  45.1442  4.09408e-09  
74.6633  0.000205701  0  
35.6582  0  43.1915  
109.351  1.18123e-10  2.27032e-06  
4.89329e-15  79.9135  0.0102791  
21.2116  1.25886e-20  57.2193  
4.40311e-16  3.48133e-15  57.3074  
5.2666e-15  0  86.0102  
1.42887e-15  2.96622e-15  53.7696  
6.65132e-19  6.683e-13  65.0396  
4.71509e-15  2.86665e-35  77.0032  
32.6729  36.9426  0.221192  
1.21322e-20  4.25501e-15  69.4895  
7.24216e-13  1.23156e-17  63.6086  
3.39015  51.2759  0.789198  
5.7869e-15  94.5072  3.00817e-18  
46.3331  0.0250787  15.7878  
74.7246  4.40224e-07  0.011291  
5.08325  13.3627  40.2433  
0.00149784  66.9372  3.88566e-05  
42.5028  32.1304  1.32998e-08  
16.4091  6.67155e-06  46.9553  
0.00564499  30.1087  39.517  
0.498124  0.9584  57.1048  
68.7947  16.3181  0.0457691  
58.5014  4.75721e-05  14.9689  
65.2134  31.0921  0.000115179  
75.9951  0.773296  2.02676e-21  
0.250773  65.2697  38.6826  
2.46671e-06  90.1831  7.23302  
116.836  0  4.10704e-06  
75.6132  0.000297034  0.000773458  
0.020522  80.9627  1.77582e-06  
66.4295  85.1191  0  
90.1132  0.061632  0  
0.000631146  85.3365  7.72141e-06  
2.6153e-13  7.52538e-13  69.9739  
1.27605e-14  208.394  0  
298.688  0  2.08294e-19  
14.2701  55.7812  3.01728e-14  
0.00333251  155.913  3.20561e-20  
24.2891  19.0624  2.36941e-14  
3.93962e-06  48.1005  7.07036e-09  
2.44705e-15  39.9633  40.6332  
3.0493e-15  49.7989  0.00157674  
4.77956e-09  53.1899  4.19297e-12  
3.84735e-05  37.8305  2.56078e-13  
42.4702  1.41021e-11  1.15393e-11  
39.0179  4.67076e-08  0.000101641  
0.000506454  0.00111898  29.607  
1.42436e-11  0.7335  37.1202  
0.000778229  2.8723e-07  44.2674  
17.9733  1.29053e-05  25.5758  
3.21493e-13  41.0445  6.41501e-06  
3.87637  0  37.2771  
22.5858  0  29.8896  
0.000116293  29.5295  1.63933e-15  
30.1767  1.05533e-14  4.76377e-11  
4.32887e-08  36.7995  1.02701e-15  
1.74834e-06  25.6723  9.39659e-15  
59.2799  6.21517e-14  1.32888e-20  
4.68863e-10  24.1449  18.5257  
4.40813e-15  71.9902  0  
0.328186  0.000839297  19.6957  
3.5582e-12  2.05517  27.0697  
2.40962  23.2209  9.40598e-17  
1.03786e-06  0.00895363  24.743  
1.70057e-15  27.7725  30.6101  
26.2966  0  0.00137985  
6.11545e-08  24.2632  0.723918  
1.91506e-15  2.41704e-16  31.5235  
2.29348e-15  37.4554  8.45936e-15  
6.85584  0.165447  6.19122  
1.53025  12.3189  2.00435  
21.4094  1.93453e-14  11.9296  
2.22773e-09  0.160787  13.2299  
9.43337  0.000116384  0.000205726  
2.4157e-07  1.1543e-07  30.2122  
0.00539689  8.23091  5.20087  
3.73427e-06  13.454  2.4061e-09  
6.71545  3.98767e-13  30.1919  
0.153832  5.31864e-05  9.19908  
1.16098e-05  0.000503647  23.8357  
18.2882  4.31345e-13  3.57803  
2.85606e-07  23.1379  1.92264e-09  
0.00821128  3.03063e-06  28.0165  
0.00133123  0.000311147  20.7916  
55.4571  0  1.30011e-16  
2.21985e-15  36.2529  0.41632  
20.9533  1.9538e-07  1.54006e-16  
26.0977  4.22236e-17  15.1676  
6.33755  5.61463e-08  19.9731  
16.1914  3.5878e-08  27.2359  
19.5382  0.0469142  1.46643e-08  
15.163  11.8691  1.05856e-12  
31.6615  33.0421  1.89149e-18  
31.5408  8.49036e-17  1.0097e-07  
39.2239  3.75985e-13  7.32664e-21  
37.8315  9.14434e-08  5.95114e-15  
42.5852  0  6.59958e-11  
0.0111653  0.268958  18.2087  
3.15433e-15  51.5142  1.6397e-18  
54.5119  5.07958e-14  1.22199e-20  
8.36307e-21  2.49607e-15  40.7639  
42.0297  0.0462219  9.16277e-22  
46.5205  0.189844  0  
0.000790359  36.9772  0  
1.24977e-14  204.103  5.19717e-15  
60.2616  0.000212394  5.1839e-21  
27.5236  7.16105e-19  15.9216  
64.6621  0  4.50932e-20  
58.4739  1.9243e-05  6.26654e-21  
1.44785e-17  2.28965e-15  37.3935  
2.51344e-15  1.29487e-18  41.0476  
1.45924e-15  4.19647e-15  72.5587  
3.1535e-13  63.7558  0  
3.6546e-06  48.4415  1.5419e-18  
2.1133e-31  3.45129e-15  56.3638  
1.30933e-18  0.0213831  36.6164  
2.93636e-06  0  37.3237  
3.10643  0  36.8664  
4.11951e-15  0  67.2767  
71.4139  0  0  
8.62508  27.2491  8.76204e-14  
23.9576  1.29801e-05  1.64712e-12  
0.253129  23.8178  0.888714  
1.75109e-05  29.5712  3.16561e-10  
11.3269  5.0341  2.15737  
1.34833  9.59607  13.7729  
13.3274  15.6275  3.65481e-09  
20.0997  0.0411627  13.9961  
23.8117  0.844699  1.8048e-13  
22.6974  3.01866  2.59057e-13  
0.00065497  0.000865834  23.9487  
1.45828e-07  2.10981  19.2669  
4.74899e-06  9.02472e-05  30.9986  
30.791  0  0.0172492  
0.833244  0.369303  0.411652  
0.779555  3.30843e-05  0.626606  
0.733827  0.249951  0.632188  
0.534009  0.845532  0.000195853  
5.11542e-05  1.00013  5.09226e-06  
0.67446  0.738385  0.000195855  
0.000204397  0.555079  0.83204  
0.516872  1.89808e-06  0.856239  
0.613599  0.679675  0.40214  
0.981895  0.191934  0.00499214  
0.476716  0.60959  0.633542  
1.40328e-05  0.761989  0.648055  
0.2906  0.870276  0.39828  
1.0781e-05  0.481773  0.876541  
0.742233  0.586425  0.325162  
0.797299  0.286701  0.531828  
0.908167  7.02879e-06  0.419142  
0.573454  0.567529  0.590983  
0.568787  6.00453e-06  0.822639  
0.882886  0.0300122  0.468914  
0.298804  0.294444  0.9081  
0.866471  0.491106  0.0919571  
0.890885  0.298652  0.343053  
0.376553  0.92645  0.000195854  
0.864909  0.00319403  0.503119  
0.867301  0.404914  0.290097  
0.266509  0.493443  0.828038  
7.26098e-06  0.206318  0.978742  
0.450719  3.0374e-06  0.892942  
0.000187385  0.851006  0.525311  
1.19898e-06  0.390307  0.921333  
0.584587  0.3245  0.743859  
0.669797  0.432361  0.604035  
9.90051e-06  0.442426  0.897196  
0.676724  0.676138  0.29186  
0.90102  0.434811  1.79342e-06  
0.643612  6.45378e-05  0.765468  
0.814812  0.580263  7.77911e-06  
0.817547  0.496639  0.292053  
0.721536  3.79196e-06  0.692526  
0.578137  0.756856  0.306491  
8.20682e-05  0.979368  0.20389  
0.557328  0.431044  0.709843  
0.492923  0.306112  0.814546  
0.550608  0.693522  0.464851  
0.228567  0.247165  0.941773  
0.686233  0.596701  0.416404  
0.171959  1.26819e-06  0.985292  
0.776598  0.630304  2.81029e-06  
0.335317  0.808174  0.484535  
0.423455  0.859073  0.287936  
0.675539  6.77392e-05  0.737478  
7.72624e-06  0.948936  0.316622  
0.451808  0.796633  0.401832  
0.795115  0.466849  0.387401  
0.000573952  0.707732  0.706703  
0.733273  0.68035  0.000331776  
2.17187e-05  0.912312  0.410044  
0.595131  5.96763e-05  0.80376  
0.625123  0.602854  0.496314  
0.752599  0.363187  0.550217  
0.636537  0.361666  0.68171  
0.38283  0.652662  0.653968  
0.000194715  0.884295  0.46708  
0.510328  0.820149  0.258862  
0.257463  0.668955  0.697505  
0.377679  2.29285e-06  0.926055  
0.471063  0.745096  0.4723  
0.452126  0.892247  1.79308e-06  
3.30452e-06  0.664736  0.74758  
1.0002  1.94983e-05  0.000167504  
0.368473  0.485627  0.793089  
0.73092  0.505161  0.459269  
0.782736  0.423629  0.456165  
0.367476  0.581684  0.725779  
0.686872  0.44476  0.574987  
0.366446  0.718746  0.590956  
0.468816  0.461975  0.753166  
0.300088  0.89869  0.320431  
0.608834  0.793364  0.000195855  
0.260211  0.965751  3.77163e-06  
0.380777  0.359255  0.852284  
9.65128e-05  0.608103  0.794041  
0.327155  0.408642  0.852226  
0.8194  3.47754e-05  0.573356  
0.275771  0.927916  0.251449  
8.13042e-07  2.11582e-05  1.00016  
0.524426  0.655048  0.544204  
0.939756  7.27328e-06  0.342367  
0.965784  9.08116e-05  0.260243  
0.931339  0.364396  2.32185e-05  
0.421527  0.22113  0.879598  
0.300514  3.01339e-05  0.953922  
2.80851e-05  0.798029  0.602864  
0.28719  0.777599  0.559492  
0.958846  0.284563  1.79294e-06  
0.270133  0.568751  0.776998  
9.89777e-07  0.322205  0.9473  
0.97973  3.25387e-06  0.201175  
0.848405  0.529554  3.73426e-05  
0.440882  0.788725  0.42841  
0.774367  0.41965  0.473551  
0.81697  0.29781  0.493831  
0.467552  0.280561  0.838261  
0.561592  6.02954e-14  0.827414  
0.346694  0.505996  0.789792  
0.747133  0.352128  0.563735  
0.51471  0.857364  9.89942e-07  
0.50517  6.3606e-08  0.86302  
1.26561e-05  0.948583  0.316529  
0.443972  2.076e-12  0.896041  
0.858845  0.261035  0.440733  
0.90986  0.000414125  0.414915  
0.609134  0.591211  0.528606  
0.533318  0.346605  0.771645  
1.79554e-07  0.731249  0.682111  
0.984159  0.00107295  0.177285  
0.182187  0.98325  0.00524113  
0.710128  0.491994  0.503647  
0.832042  1.56707e-11  0.554713  
0.454234  0.834032  0.313148  
0.554191  0.791872  0.256536  
2.29258e-16  0.809308  0.587385  
0.490204  0.457205  0.742067  
0.758193  1.42799e-11  0.65203  
0.688757  0.327576  0.646766  
3.21945e-17  0.525775  0.850623  
0.456732  0.586888  0.668549  
0.808106  0.517222  0.28186  
0.687492  0.726192  9.65181e-10  
0.696326  4.88098e-13  0.717726  
0.657199  0.521897  0.543795  
0.790468  0.00217185  0.6125  
0.000333965  0.975792  0.218702  
0.603344  7.5967e-08  0.797481  
0.351708  0.93611  8.21734e-05  
7.49882e-10  0.426349  0.904559  
1.9733e-06  0.647846  0.761771  
0.533125  0.745042  0.400862  
0.933945  1.98479e-10  0.357415  
0.821038  0.445142  0.357415  
3.19228e-06  0.882598  0.470128  
0.286394  0.897801  0.334561  
0.574305  0.818625  0.0050839  
0.399601  0.559005  0.726521  
0.262741  0.964866  3.02249e-10  
8.06761e-15  2.68531e-14  1  
0.758215  0.652005  1.22911e-06  
2.83277e-16  1  1.02486e-17  
0.439848  0.39317  0.807435  
0.685682  0.672128  0.279436  
1.36027e-16  0.480192  0.877164  
0.880217  0.360722  0.308378  
3.53194e-17  0.57681  0.816879  
0.9177  0.294731  0.266385  
9.11244e-08  0.916005  0.401167  
1.99272e-16  0.703454  0.710741  
0.47829  0.878202  1.46929e-06  
0.660698  0.615055  0.430333  
0.639699  0.448515  0.624195  
2.17589e-16  0.768115  0.640312  
0.579917  0.666064  0.469101  
0.641807  8.55874e-09  0.766867  
0.348079  0.667248  0.658499  
0.582291  0.392887  0.711742  
0.648173  0.761493  2.1063e-17  
0.951954  0.306242  2.39952e-15  
0.368678  0.301297  0.879373  
0.633839  0.231053  0.738148  
0.729601  1.37414e-11  0.683873  
0.334779  0.855517  0.394986  
0.554928  0.508364  0.658499  
0.280582  0.260243  0.923876  
0.219664  3.88414e-14  0.975576  
0.725566  0.609703  0.319087  
0.627483  0.710246  0.319087  
0.969458  0.245258  1.73705e-10  
0.922599  0.385761  9.42791e-09  
0.897394  0.44123  3.02249e-10  
0.303988  3.50258e-14  0.952676  
0.470845  0.713578  0.518759  
0.28364  0.614745  0.73596  
0.00181886  0.281287  0.959622  
1.37459e-05  0.187644  0.982237  
0.419506  0.907752  2.87173e-08  
0.719301  0.694699  5.47444e-10  
0.868881  0.49502  8.81933e-05  
0.526871  0.605138  0.596837  
0.298163  0.414402  0.859867  
0.958928  1.65658e-18  0.28365  
0.000315934  0.851527  0.52431  
0.754912  0.523022  0.395671  
1  1.30176e-18  5.38585e-15  
1.28838e-06  0.359866  0.933004  
0.33895  0.748146  0.570429  
0.382691  7.56755e-15  0.923876  
0.251195  0.815964  0.520677  
0.827682  0.56118  0.00445115  
0.797845  0.602863  9.70192e-09  
0.873248  2.79755e-12  0.487277  
0.565917  0.824462  2.55601e-20  
0.863807  0.314655  0.393484  
0.695007  1.27512e-16  0.719003  
1.04609e-07  0.677919  0.735136  
0.650893  0.523196  0.550094  
8.86396e-18  6.05874e-17  1  
0.822662  0.463771  0.328853  
0.715287  0.631494  0.299299  
0.559053  0.00400952  0.829122  
0.332953  0.469361  0.817828  
0.607957  0.366188  0.704482  
0.948226  0.317597  0.000126022  
0.514266  0.857631  3.4708e-09  
0.772895  0.343807  0.53332  
1.51145e-07  0.979497  0.201457  
0.392665  0.727331  0.562854  
0.275989  0.279768  0.919543  
8.81944e-08  0.566053  0.824369  
9.45318e-08  0.954533  0.298105  
2.05971e-17  0.336376  0.941728  
0.540402  0.693429  0.476573  
0.693539  0.4214  0.584316  
0.353806  0.874871  0.330789  
6.12323e-17  1  3.43628e-21  
0.658867  0.752259  2.55601e-20  
0.615911  0.787816  0.00012546  
7.88619e-08  0.51412  0.857718  
0.385339  0.600085  0.701008  
0.414228  0.910173  2.19995e-08  
0.743723  2.92487e-07  0.668488  
3.05625e-05  0.712313  0.701862  
0.651681  0.00298032  0.758487  
3.2101e-05  0.748169  0.663508  
0.87911  0.378988  0.289023  
0.386518  0.276602  0.879827  
0.345609  0.673482  0.653434  
4.97957e-17  0.813226  0.581948  
0.504526  1.23453e-20  0.863397  
0.48154  0.652435  0.58519  
0.231488  0.972838  9.93563e-23  
0.31073  0.572082  0.759058  
0.468228  0.834818  0.289554  
0.689275  0.269303  0.672589  
0.604827  0.712135  0.356438  
0.193116  7.59475e-08  0.981176  
0.300808  0.837874  0.455501  
0.349475  0.936946  2.55601e-20  
0.530493  0.778031  0.33652  
0.423091  0.810351  0.40537  
0.462657  0.886537  0.000259831  
0.784172  0.620543  2.37094e-07  
3.66442e-08  0.903573  0.428433  
0.285148  0.917885  0.276004  
0.670019  0.683544  0.289554  
0.849348  2.07827e-20  0.527833  
0.749651  0.661833  2.55601e-20  
0.322485  0.777074  0.540518  
0.786679  1.79716e-16  0.617363  
0.469661  0.44109  0.76476  
2.65796e-06  0.238503  0.971142  
0.798861  0.434542  0.415925  
0.499146  0.521941  0.691686  
1  2.4469e-20  0  
0.926467  0.266912  0.265363  
0.390024  7.15571e-17  0.920805  
0.691135  0.59098  0.416023  
0.952318  1.74721e-16  0.305107  
0.819409  0.0252042  0.572655  
0.92336  0.383935  2.55601e-20  
6.24782e-08  0.455728  0.890119  
0.558415  0.567303  0.605261  
3.42494e-08  0.928583  0.371124  
0.919947  5.91929e-05  0.392042  
0.0322356  0.400552  0.915707  
0.784648  0.539665  0.305107  
0.977381  1.29034e-14  0.211487  
5.37315e-17  0.877501  0.479574  
3.76403e-17  0.614712  0.788751  
0.546945  0.281225  0.78852  
0.602783  0.459394  0.652387  
0.889492  0.45695  2.55601e-20  
0.830202  0.264411  0.490766  
0.818917  0.573911  2.55601e-20  
0.294685  1.5147e-16  0.955594  
1.73389e-07  0.846276  0.532744  
0.461981  0.330605  0.822967  
0.853994  0.520282  4.82731e-09  
1.55068e-07  0.782387  0.622793  
0.729286  0.498723  0.46842  
0.458593  6.91667e-16  0.888646  
0.32487  0.386012  0.863397  
0.275445  0.961317  9.93563e-23  
0.437909  0.759503  0.481031  
0.972114  0.234508  3.43628e-21  
0.888226  1.19221e-07  0.459407  
0.72331  0.32175  0.610983  
0.708129  0.706083  1.69245e-06  
0.619523  0.620069  0.481357  
0.621825  1.51505e-17  0.783156  
0.394056  0.50798  0.765948  
0.857671  0.514199  6.46102e-15  
0.819528  0.573039  1.15367e-15  
0.170213  3.34004e-05  0.985407  
5.24958e-17  0.857322  0.51478  
0.410129  0.454152  0.790911  
3.02139e-05  0.829068  0.559148  
5.57026e-05  0.247205  0.968963  
0.699691  0.532056  0.476812  
0.00121591  0.980112  0.198444  
0.677793  0.735252  2.08455e-26  
0.246924  0.297329  0.922293  
0.774298  0.544978  0.321655  
0.269607  6.13766e-22  0.96297  
0.762216  0.318043  0.563804  
0.876172  0.253696  0.40983  
0.295302  0.500121  0.814049  
6.00331e-05  0.529688  0.848193  
0.641489  0.677869  0.359146  
0.64159  1.07061e-18  0.767048  
0.38005  0.310162  0.871413  
0.714025  2.4585e-19  0.70012  
0.543064  0.764515  0.347273  
0.628908  0.318112  0.709422  
0.83335  1.69673e-18  0.552746  
0.914605  0.40435  1.15367e-15  
0.951809  0  0.306692  
0.680346  2.34253e-19  0.732891  
0.930592  3.46687e-05  0.366059  
0.420889  0.790742  0.444499  
0.82634  0.477214  0.299047  
0.709726  0.448839  0.542985  
5.43171e-17  0.887066  0.461643  
0.281844  0.65368  0.70233  
0.320845  0.413577  0.852064  
0.814149  0.286467  0.505072  
0.706218  0.707995  2.90129e-09  
5.85302e-17  0.955871  0.293787  
0.371452  0.928452  2.08455e-26  
4.66149e-17  0.761279  0.648425  
0.528534  0.586906  0.613346  
0.225845  0.974163  4.80633e-15  
0.548617  0.267527  0.792116  
0.565626  0.654198  0.502089  
0.71277  0.64571  0.273894  
0.44917  0.893447  8.05403e-14  
6.12323e-17  1  2.08455e-26  
0.962564  0.271056  0  
0.508444  0.861095  0.000280043  
0.333939  0.565972  0.753764  
0.553316  0.378689  0.741914  
6.09291e-17  6.08636e-18  1  
0.889603  0.456735  4.70749e-05  
0.983867  0.178904  1.2511e-13  
0.347506  3.70695e-20  0.937678  
0.867708  9.19041e-05  0.497074  
0.000100551  0.73038  0.683041  
0.975149  1.98544e-18  0.221552  
0.686032  0.610222  0.396219  
0.474443  0.33393  0.81449  
5.57202e-17  0.90998  0.414652  
0.638479  0.769639  2.08455e-26  
1  2.73934e-21  0  
0.422158  0.623566  0.657988  
0.722642  0.268452  0.636963  
0.414221  1.01356e-20  0.910176  
0.381963  0.869179  0.314059  
0.856899  0.379694  0.348649  
0.478213  0.820523  0.313135  
0.5794  0  0.815043  
0.908344  0.299919  0.29148  
0.665989  0.404085  0.627036  
0.747184  0.664617  4.39673e-14  
3.56751e-17  0.582619  0.812746  
4.16971e-17  0.680965  0.732316  
0.939472  0.342626  4.70749e-05  
0.473479  1.15856e-20  0.880805  
0.551224  0.83435  0.00365316  
0.779801  0.625793  0.0171097  
0.306978  0.712814  0.630603  
0.563159  0.495778  0.661102  
2.08138e-17  0.339915  0.940456  
0.000781547  0.629982  0.776609  
0.448419  0.681136  0.578769  
0.899605  0.000818208  0.436703  
0.466802  0.508675  0.723427  
0.800071  0  0.599906  
2.90076e-17  0.47373  0.88067  
2.90596e-05  0.797394  0.603459  
5.71637e-17  0.933555  0.358435  
0.586246  0.810133  4.70749e-05  
0.621026  0.558302  0.550114  
0.788037  0.415076  0.454652  
2.58269e-17  0.421785  0.906696  
0.306786  0.951694  0.0126446  
0.752701  0  0.658362  
0.291828  0.913874  0.282259  
0.502269  0.729473  0.464322  
0.300434  0.83894  0.453783  
0.524811  1.28416e-20  0.851219  
0.350194  0.767757  0.536576  
2.31146e-10  0.567929  0.823077  
0.733736  0.257272  0.628843  
0.556045  0.778445  0.29127  
0.921372  0.269447  0.28013  
1.67314e-14  0.873382  0.487036  
0.411283  0.911508  5.53531e-32  
1.71915e-13  0.623741  0.781631  
0.367455  0.826816  0.425854  
0.386696  0.608232  0.693196  
0.689386  0.724394  8.10147e-06  
0.914517  0.404547  5.28864e-32  
0.961993  3.45095e-07  0.273074  
0.416553  0.450857  0.789437  
0.300759  0.553675  0.776523  
0.593385  0.446567  0.669681  
0.417802  0.858926  0.296121  
0.26655  0.328272  0.906195  
0.770243  0.281799  0.572114  
0.649508  8.02054e-09  0.760355  
0.408104  0.283536  0.867789  
0.975355  0.220643  1.31514e-31  
0.296773  0.914779  0.274055  
0.53425  0.845326  2.83814e-30  
0.885069  0.46546  6.15036e-16  
0.86564  1.25711e-07  0.500667  
0.292222  0.464028  0.836233  
0.448797  0.348714  0.822788  
0.494914  0.806615  0.323159  
3.30669e-10  0.812461  0.583015  
0.936162  1.581e-23  0.351569  
0.666102  0.312226  0.677365  
0.467949  0.49083  0.734922  
0.38843  0.716432  0.579524  
0.50725  0.690533  0.515618  
0.647434  0.492171  0.581891  
0.774954  0.554235  0.303759  
0.392326  1.11076e-07  0.919826  
0.883167  5.08883e-09  0.469059  
3.83547e-14  0.305575  0.952168  
0.980723  8.35093e-11  0.195405  
0.514414  3.16027e-11  0.857542  
0.847914  0.530134  5.53531e-32  
5.87884e-17  0.20753  0.978229  
0.870665  0.345579  0.350025  
0.789035  0.405446  0.46156  
0.560154  0.394353  0.7285  
0.692854  1.32034e-08  0.721078  
0.527522  0.559509  0.639273  
0.607393  7.06112e-09  0.794401  
1.24816e-15  0.45791  0.888999  
0.646355  0.763037  5.94452e-14  
0.311903  0.796925  0.517327  
0.538534  0.303089  0.786205  
0.412621  0.769766  0.487036  
0.216646  2.17237e-11  0.97625  
0.708817  0.617899  0.340264  
1.00614e-13  0.377202  0.926131  
0.749326  0.504734  0.428665  
0.815505  0.57875  2.83765e-30  
0.457709  4.58959e-11  0.889102  
0.582192  0.713312  0.390177  
1.839e-13  0.667227  0.744854  
0.18199  0.9833  1.4298e-32  
0.910949  5.95251e-08  0.412518  
0.781974  0.62331  1.15992e-30  
3.29614e-15  0.912061  0.410054  
0.736176  0.676791  1.09284e-30  
0.831538  0.27737  0.481259  
6.12323e-17  1  8.78136e-34  
0.717561  0.431373  0.54683  
2.13711e-08  0.510155  0.860082  
0.559661  1.58452e-07  0.828722  
0.32094  3.21816e-11  0.9471  
0.289965  0.383766  0.876724  
0.619945  0.274879  0.734922  
0.320868  0.693659  0.644889  
0.841455  0.428502  0.32915  
0.791948  7.85803e-07  0.610588  
2.6026e-13  0.944278  0.32915  
0.351063  0.936352  5.53531e-32  
0.682215  0.553291  0.477966  
0.590659  0.806921  2.83736e-30  
0.274095  0.882033  0.383262  
0.824934  0.487893  0.285383  
0.948265  0.317479  5.5136e-32  
0.827838  6.07628e-08  0.560967  
0.625034  0.651826  0.429482  
1  1.68881e-23  0  
4.58509e-17  0.748802  0.662794  
0.476065  0.87941  3.99897e-15  
3.18642e-15  0.785213  0.619226  
2.39401e-16  0.845112  0.534589  
3.22067e-11  0.970382  0.241575  
0.743166  8.35982e-07  0.669107  
5.68355e-17  2.27842e-17  1  
0.281949  0.959429  2.83814e-30  
0.655856  0.694382  0.296121  
1.96568e-13  0.71319  0.700971  
0.461954  0.649869  0.603547  
0.587952  0.611294  0.529747  
0.820731  0.571315  2.80038e-12  
0.000207948  0.489875  0.871793  
0.640641  0.679084  0.358363  
0.31903  8.95721e-12  0.947745  
1.25429e-17  0.204841  0.978795  
0.297991  0.954569  0  
0.75768  2.48978e-11  0.652627  
0.959169  0.282832  3.42823e-38  
0.590366  0.742753  0.315889  
0.510739  0.609605  0.606241  
8.36316e-07  0.837326  0.546704  
0.395168  0.645109  0.65397  
0.722826  0.507873  0.468602  
0.674729  6.38528e-13  0.738065  
0.618473  0.785806  3.26481e-17  
0.519711  0.72018  0.45961  
0.468304  5.74457e-12  0.883567  
0.39027  0.764604  0.512904  
0.379933  0.925014  1.22237e-12  
0.453038  0.891491  0  
0.960344  8.96719e-10  0.278816  
7.13342e-10  0.875638  0.482968  
1.46661e-08  0.975646  0.219351  
0.818044  0.396553  0.416593  
0.751392  0.659856  1.36212e-15  
2.69502e-17  0.440131  0.897934  
0.632375  1.77548e-11  0.774662  
0.903883  5.13247e-12  0.42778  
0.587681  0.431765  0.684258  
0.332209  0.643405  0.689686  
1.80377e-08  0.945894  0.324476  
0.670651  0.617018  0.411724  
0.000227485  0.758863  0.651251  
0.258209  0.233968  0.93733  
1  1.68881e-23  0  
0.978376  0.206835  0  
0.694658  0.662928  0.279243  
0.316439  0.339906  0.885624  
0.886783  0.315934  0.337345  
0.511629  0.313911  0.79981  
0.205525  0.978652  3.42823e-38  
0.852355  0.522964  9.29187e-19  
0.486206  0.404354  0.774662  
0.695567  0.369223  0.616329  
0.848355  0.436326  0.299856  
0.448034  0.689018  0.569666  
0.569076  0.350394  0.743893  
0.710311  0.703888  1.30864e-17  
0.941975  0.335597  0.00761441  
0.000266665  0.668299  0.743893  
0.502494  0.864582  1.30864e-17  
7.627e-06  0.584704  0.811247  
0.482999  0.777899  0.401976  
0.000285184  0.714711  0.69942  
0.559991  0.828499  0  
0.000255616  0.541133  0.840937  
0.785959  0.618279  1.22237e-12  
0.42766  0.278768  0.859881  
0.881785  0.471651  4.97762e-13  
2.07978e-08  0.800106  0.599859  
0.516427  0.804738  0.292745  
0.831919  0.291874  0.471933  
0.515439  0.491895  0.701685  
0.314151  0.906222  0.282967  
0.222256  0.0021855  0.974986  
0.666936  0.465635  0.581705  
0.318816  0.587356  0.743898  
0.578964  9.92328e-10  0.815353  
0.916151  0.400833  5.03138e-13  
0.747515  0.585303  0.314073  
0.519801  1.7081e-11  0.854287  
0.403323  3.76601e-10  0.915058  
0.560649  0.648215  0.515257  
0.785484  0.498698  0.366491  
1.15911e-05  0.62563  0.78012  
0.598226  0.536681  0.595062  
9.86838e-09  0.379643  0.925133  
0.375808  0.434504  0.81852  
0.835654  1.09333e-05  0.549257  
0.000278872  0.296432  0.955054  
0.872583  0.00118294  0.488465  
0.749672  0.412611  0.51744  
0.294449  0.729561  0.617285  
0.319274  0.815766  0.482276  
0.713412  4.20365e-07  0.700745  
0.935886  8.73881e-10  0.352303  
0.301277  0.869085  0.392329  
0.982123  1.37597e-07  0.188242  
6.12323e-17  1  3.42823e-38  
0.410987  0.835083  0.365685  
0.314997  0.518381  0.795021  
1.18938e-06  0.911391  0.411542  
0.437881  0.531001  0.725464  
0.653071  0.569849  0.498769  
0.7981  5.40872e-09  0.602525  
0.667664  0.316075  0.674034  
1.19098e-18  6.12208e-17  1  
0.665513  0.746386  2.89945e-19  
0.92525  0.255615  0.280309  
0.767041  0.283091  0.575767  
0.931673  0.363299  7.03696e-42  
0.680412  7.98587e-10  0.73283  
0.301391  0.312772  0.900743  
0.297089  0.517562  0.802414  
0.719757  0.547691  0.426596  
3.48212e-09  0.384184  0.923257  
0.558685  0.560713  0.611123  
0.531644  0.846968  7.03696e-42  
0.58361  0.811773  0.0205858  
0.766497  1.19179e-08  0.642248  
0.978456  0.206456  9.12725e-40  
0.851552  0.52427  9.15424e-40  
0.594834  0.470835  0.651526  
8.9373e-11  0.785765  0.618526  
8.01643e-09  0.884456  0.466624  
0.94052  1.58836e-23  0.339738  
0.864757  0.410707  0.288989  
0.438173  0.251964  0.862855  
2.45348e-11  0.23765  0.971351  
1.35363e-08  0.758626  0.651526  
0.469561  0.710316  0.52437  
1.14017e-08  0.460055  0.88789  
0.910242  3.94507e-11  0.414077  
0.435756  0.464293  0.77107  
1.3792e-08  0.937686  0.347485  
0.574842  0.00259157  0.81826  
0.466863  0.597956  0.651526  
0.6212  0.00280057  0.783647  
0.288535  0.957469  8.44942e-40  
0.741879  0.670534  9.15424e-40  
0.298236  0.745144  0.596504  
0.408744  0.77359  0.484238  
0.822928  0.434652  0.365879  
0.472897  0.362171  0.803244  
0.546593  0.78942  0.279378  
0.309469  0.814106  0.491386  
0.839021  2.2505e-06  0.544099  
9.25752e-09  0.518829  0.854878  
0.384581  0.88181  0.272963  
0.738711  0.454827  0.497432  
6.12323e-17  1  6.51547e-41  
0.784291  0.620393  9.15424e-40  
0.210155  1.79786e-06  0.977668  
0.804088  1.23863e-05  0.59451  
0.417803  0.663822  0.620307  
0.325873  0.590365  0.738429  
8.5204e-11  0.825309  0.564681  
0.357492  0.933916  0.00010938  
0.382137  9.57184e-05  0.924106  
0.875012  0.2832  0.392622  
0.884973  0.465643  7.03696e-42  
0.477986  0.510149  0.715036  
4.55503e-18  6.10627e-17  1  
6.22729e-10  0.324227  0.945979  
2.10997e-08  0.855106  0.518453  
0.638751  0.593915  0.489144  
0.46526  0.825792  0.318747  
0.579233  0.679137  0.450846  
0.355139  0.665632  0.656362  
0.539847  0.399361  0.740996  
3.01271e-11  0.622122  0.782921  
0.693923  0.379677  0.611814  
0.332145  0.414721  0.847164  
0.808443  0.372334  0.455837  
0.211068  0.977471  1.74725e-40  
7.66323e-11  0.673749  0.738961  
0.914401  0.299127  0.272753  
0.670089  0.636343  0.382163  
1.77374e-09  0.983265  0.18218  
0.870942  1.23565e-05  0.491386  
0.522076  4.14819e-09  0.852899  
0.750249  0.586488  0.305217  
0.268459  0.917399  0.293783  
0.476189  0.879343  7.03696e-42  
1  1.68881e-23  0  
0.302314  5.0434e-14  0.953208  
0.912271  0.409586  0.00108997  
0.551945  0.262834  0.791376  
0.616741  0.723114  0.311025  
0.547124  0.62405  0.557868  
5.89171e-17  0.96219  0.272379  
0.33029  0.857777  0.393861  
0.455845  2.68985e-06  0.890059  
0.764337  0.311327  0.564681  
0.722566  5.64627e-06  0.691302  
0.681418  0.305939  0.664884  
0.958704  0.284406  2.46325e-42  
0.715091  0.699031  9.15424e-40  
0.794369  0.525186  0.305217  
0.662585  0.499764  0.557868  
0.820411  0.571774  0  
3.61176e-12  0.728686  0.684848  
0.969246  8.73769e-05  0.246095  
2.47237e-12  0.563454  0.826147  
0.616705  0.337428  0.711209  
0.5072  0.749251  0.425877  
0.633097  0.774072  7.03696e-42  
0.420412  0.907333  1.87348e-40  
3.39077e-10  0.912419  0.409258  
0.678426  0.734669  9.15424e-40  
