0.567564  0.133412  0.299024  
0.321008  0.764513  0.0102971  
0.331975  0.264651  0.403373  
0.518537  0.126454  0.355009  
0.0696963  0.198499  0.731805  
0.735622  0.546886  0.100173  
0.444988  0.208598  0.346414  
0.122615  0.190992  0.686393  
0.0921603  0.524292  0.383548  
0.326892  0.0314813  0.641626  
0.0748821  0.0367953  0.888323  
0.232691  0.44963  0.317679  
0.103993  0.52043  0.375577  
0.00440401  0.0715697  0.924026  
0.417905  0.0570245  0.525071  
0.126883  0.033388  0.839729  
0.468191  0.242484  0.289325  
0.107137  0.0743806  0.818482  
0.100074  0.0381629  0.861763  
0.515422  0.774109  0.0471645  
1.63563  0.351481  0.415582  
1.18198  0.585464  0.263999  
0.215373  0.448283  0.336344  
0.0102962  0.0136601  0.976044  
0.413784  0.128193  0.458023  
0.171634  0.117629  0.710737  
0.480772  0.0894524  0.429776  
0.0365835  0.266319  0.697098  
1.92555  0.155647  0.438282  
0.0235722  0.248654  0.727774  
0.385671  0.232942  0.381388  
0.0885355  0.0976722  0.813792  
0.594209  0.688173  0.0692032  
0.234263  0.284722  0.481015  
0.845103  1.1129  0.423086  
0.13165  0.0315005  0.836849  
0.257877  1.82362  0.452219  
0.379733  0.00883748  0.61143  
0.460001  0.0391189  0.50088  
0.566664  0.107796  0.325539  
0.217086  0.51591  0.267004  
0.0232998  0.0705977  0.906102  
0.337823  0.329972  0.332205  
0.89608  0.347664  0.0505315  
0.0584009  0.0162003  0.925399  
1.5831  0.0996283  0.263168  
0.210802  0.0404166  0.748782  
0.0182785  1.24217  0.0448387  
0.609839  0.681334  0.0668412  
0.0447778  0.0483874  0.906835  
0.352148  0.0861147  0.561737  
0.813901  1.20497  0.315547  
0.713258  0.0126747  0.274067  
0.39229  1.32138  0.20702  
0.00843876  0.107267  0.884294  
0.177352  0.137088  0.68556  
1.30389  0.978832  0.662325  
0.0395498  0.13359  0.82686  
0.1371  0.085278  0.777622  
0.234117  0.04076  0.725123  
0.111656  0.250105  0.638239  
1.66489  0.258188  0.332837  
0.0869263  0.250943  0.662131  
0.0564181  0.684295  0.259287  
0.00119847  0.591226  0.407575  
0.472742  0.274403  0.252855  
0.133067  0.0515631  0.81537  
0.108958  0.00571938  0.885322  
0.219911  0.516485  0.263605  
0.69808  1.17028  0.318675  
0.00564589  0.182473  0.811881  
0.0726421  0.155339  0.772019  
0.0104411  0.298765  0.690794  
0.291415  0.142734  0.565851  
0.0989213  0.118867  0.782212  
1.50928  0.630992  0.686623  
0.459829  0.109852  0.430319  
0.478545  0.196157  0.325298  
0.0156559  0.197805  0.786539  
0.256142  0.438586  0.305272  
0.329249  0.0694792  0.601271  
0.204267  0.0257513  0.769982  
0.649413  1.03798  0.194892  
0.239292  0.0728231  0.687885  
1.29459  0.539833  0.269534  
1.82475  0.197461  0.49959  
1.11425  0.661526  0.251844  
0.0996809  0.539937  0.360382  
0.378079  0.992864  0.0827894  
0.468357  0.205672  0.325971  
0.18539  0.13995  0.67466  
0.040445  0.293798  0.665757  
0.424153  0.218081  0.357766  
1.77348  0.81641  0.806637  
0.169004  0.214379  0.616617  
0.00250671  0.160219  0.837275  
0.0362324  0.120231  0.843537  
0.231805  0.0167428  0.751452  
0.101379  0.333905  0.564716  
0.599065  0.832819  0.0894059  
0.000185678  0.153007  0.846807  
0.38904  0.0373764  0.573583  
0.459252  0.0298244  0.510924  
0.014144  1.47483  0.0854905  
0.0918773  0.908569  4.56933e-05  
0.00658996  0.0942757  0.899134  
1.01166  0.000577602  0.00208865  
0.049403  1.54067  0.119479  
1.18713  0.185312  0.144367  
0.0462316  1.16093  0.0328695  
1.00981  0.000576545  0.00208483  
0.15117  0.127846  0.720984  
0.000244066  0.0748317  0.924924  
0.500311  0.499689  3.21965e-15  
0.00185524  7.11112e-05  0.998074  
0.00242728  0.0726485  0.924924  
0.0160174  0.182655  0.801327  
4.5594e-06  0.00590442  0.994091  
0.0647542  0.0142026  0.921043  
0.142815  0.141583  0.715602  
0.280395  0.0505186  0.669086  
0.137357  0.452773  0.40987  
0.161824  0.577621  0.260555  
0.238704  0.493373  0.267922  
0.0990527  0.318571  0.582377  
0.00335251  0.668236  0.328411  
5.88746e-06  0.216798  0.783196  
0.328668  0.101473  0.569859  
0.737086  5.71218e-06  0.262908  
1.88396e-10  1.03834e-09  1  
0.432839  0.160034  0.407127  
0.88692  0.113172  2.14405e-05  
0.0216009  0.177003  0.801396  
0.000244066  0.0748317  0.924924  
0.210479  0.00742444  0.782096  
0.500169  0.499831  6.88338e-15  
0.243509  0.249236  0.507255  
0.102177  0.0351781  0.862645  
9.21063e-05  0.999908  3.9968e-15  
0.202534  0.0697294  0.727736  
0.334677  0.336719  0.328603  
0.334437  0.666828  0.000166696  
0.0416332  0.469392  0.488975  
0.000187186  0.242405  0.757408  
1.12323e-09  1.03509e-10  1  
0.679927  0.0571647  0.262908  
0.00036856  0.109681  0.889951  
0.12912  0.00637312  0.864507  
0.00515776  0.570394  0.424448  
0.459252  0.0298244  0.510924  
0.640878  0.0196517  0.33947  
0.379402  2.47087e-06  0.620596  
0.0514066  0.277416  0.671178  
0.118487  0.882722  0.000149488  
0.770665  0.229336  3.79243e-07  
0.00233671  0.730929  0.266734  
0.49599  0.249784  0.254226  
0.0261592  0.713809  0.260031  
0.437347  0.563642  0.000121772  
0.999997  3.11873e-06  4.66294e-15  
0.0695336  0.0757761  0.85469  
0.56603  0.000323171  0.433647  
0.334344  0.666645  0.000133091  
0.000668306  0.204906  0.794426  
0.236183  0.763818  7.71208e-08  
0.246598  0.246147  0.507255  
7.48633e-05  0.381831  0.618094  
0.156839  0.158413  0.684749  
0.0599967  0.0150791  0.924924  
0.0607945  0.939243  3.88344e-06  
0.106583  0.00322767  0.890189  
0.204252  0.025291  0.770457  
0.818808  0.181192  4.66294e-15  
0.94071  0.0593072  3.88336e-06  
0.208851  0.199584  0.591565  
0.284493  0.715708  2.42026e-05  
0.0836833  0.125959  0.790357  
0.0858933  0.639994  0.274113  
0.160059  0.527603  0.312339  
0.0678005  0.204463  0.727736  
0.0573671  0.372134  0.570499  
0.013632  0.298452  0.687916  
0.00523981  0.0386688  0.956091  
0.495131  0.504871  2.83616e-07  
0.166541  0.0207404  0.812718  
0.263511  0.0281228  0.708366  
0.38904  0.0373764  0.573583  
0.76973  0.27271  0.00948372  
0.140319  0.140239  0.719443  
0.0794385  0.928014  0.000787547  
0.00418515  0.137774  0.858041  
0.533321  0.466682  2.83616e-07  
0.15641  0.0101432  0.833447  
0.0246482  0.256284  0.719067  
0.934655  0.0820811  0.00299731  
0.0323542  0.00446079  0.963185  
0.15117  0.127846  0.720984  
0.206713  0.00625991  0.787027  
0.382136  0.0394409  0.578423  
0.00615364  0.101595  0.892251  
0.0281437  0.29955  0.672307  
0.193908  0.391897  0.414194  
0.13223  0.0654875  0.802282  
0.228349  0.417517  0.354134  
0.0457541  0.136891  0.817355  
0.458089  0.237512  0.304399  
0.0389179  0.694763  0.266319  
0.0478782  0.1737  0.778422  
0.583146  0.076549  0.340305  
0.143071  0.856929  0  
0.117529  0.321479  0.560992  
0.0756927  0.580107  0.344201  
0.0786881  0.421749  0.499563  
0.689721  0.0142325  0.296047  
0.549381  0.450619  0  
0.382369  0.14959  0.468041  
0.201584  0.798416  0  
0.292714  0.363085  0.344201  
0.0859979  0.914002  0  
1.50337e-05  0.483558  0.516427  
0.484012  0.00732788  0.50866  
0.390849  0.0824313  0.526719  
0.142892  0.549247  0.307861  
0.304396  0.111846  0.583759  
0.116297  0  0.883703  
0.740544  0  0.259456  
0.32299  0.67701  0  
4.80732e-05  0.238568  0.761384  
0.222121  2.19546e-06  0.777876  
0.122845  0.444754  0.432401  
0.630649  0.369351  0  
0.395844  0.211311  0.392846  
0.241172  0.503373  0.255455  
0.46311  0.283764  0.253126  
0.883963  0.116037  0  
0.147213  0.0254769  0.82731  
0.000629002  0.586366  0.413005  
0.701407  0.298593  0  
0.0933127  0.333791  0.572896  
0.499932  0.500068  0  
0.333313  0.333404  0.333283  
0.557592  0.118336  0.324073  
8.7283e-17  1  0  
0.106744  0.118626  0.77463  
0.455993  0.0679461  0.476061  
0  0  1  
0.208223  0.376079  0.415698  
0.766119  0.233881  0  
0.174811  0.825189  0  
0.0864042  0.524338  0.389258  
0.0272307  0.519357  0.453412  
0.234366  0.765634  0  
2.9723e-17  0.379156  0.620844  
0.379542  0  0.620458  
0.11746  0.88254  0  
0.435231  0.124803  0.439965  
0.0188298  0.642606  0.338564  
0.482034  0.179567  0.338398  
0.368408  0.631592  0  
0.132656  0.367362  0.499981  
0.668555  0.0813698  0.250075  
0.000331437  0.744414  0.255254  
0.56634  0.43366  0  
0.27372  0.120611  0.605668  
0.0835034  0.666422  0.250075  
0.277476  0.282317  0.440208  
0.157104  0.157147  0.68575  
0.299976  0.700024  0  
0.368635  0.38129  0.250075  
0.252871  0.247148  0.499981  
0.0714293  0.0726965  0.855874  
0.00161272  0.114684  0.883703  
1  0  0  
0.546447  0.200426  0.253126  
0.628741  0.0143711  0.356888  
0.456659  0.543341  0  
0.0575684  0.942432  0  
0.218965  0.0964844  0.68455  
0.127313  0.232673  0.640014  
0.583927  2.90396e-07  0.416073  
0.942423  0.0575774  0  
0.267478  0.0594999  0.673022  
0.257705  0.434524  0.30777  
0.358672  0.232325  0.409003  
0.0380354  0.286778  0.675186  
0.180504  0.0783496  0.741146  
0.427488  0.00647211  0.56604  
0.323124  0.145605  0.531272  
0.289185  0  0.710815  
0.600583  0.140203  0.259214  
0.000988365  0.181657  0.817355  
0.870679  0.129321  0  
0.0587492  0.442956  0.498295  
0.152164  0.588623  0.259214  
0.417422  0.264653  0.317925  
0.205965  0.455823  0.338213  
0.266848  0.733152  0  
0.262096  0.0868367  0.651067  
0.598411  0.401589  0  
0.649475  0.350525  0  
0.0431979  0.00111596  0.955686  
0.721777  0.278223  0  
0.21819  0.480148  0.301662  
0.260975  0.000117252  0.738907  
0.0130694  0.248023  0.738907  
0.268128  0.258534  0.473338  
0.593434  0.406566  0  
0.780037  0.219963  0  
0.155027  0.290449  0.554524  
0.217749  0.782251  0  
0.426364  0.246811  0.326825  
0.406033  0.593967  0  
0.0312981  0.968702  0  
0.840811  0.159189  0  
0.469108  0.530892  0  
0.531809  0.468191  0  
0.157768  0.842232  0  
0.97025  0.0297497  0  
0.0928586  0.907141  0  
0.113181  0.55556  0.331259  
0.335602  0.0917984  0.572599  
0.356448  0.393543  0.25001  
0.100749  0.297215  0.602036  
0.543317  0.159678  0.297005  
2.00695e-07  0.748959  0.251041  
0.341942  0.658058  0  
0.936767  0.0632334  0  
0.898712  0.101288  0  
0.191225  0.453494  0.355281  
0.749989  3.33062e-16  0.250011  
1.60762e-07  0.199567  0.800433  
0.202262  0.000103142  0.797634  
0.412686  0.156387  0.430927  
0.296437  0.111526  0.592038  
0.374849  0.625151  0  
0.329674  0.33456  0.335766  
0.233611  0.232469  0.53392  
5.0855e-07  0.631303  0.368696  
0.0571686  0.07291  0.869921  
0.627656  0.000281994  0.372062  
0.491009  0.147109  0.361882  
0.500006  0.499994  0  
0.656632  0.343368  0  
0.281164  0.296315  0.422521  
0.28538  0.71462  0  
0.69243  0.30757  0  
0.229385  0.520605  0.25001  
1.22293e-07  0.499756  0.500243  
0.12563  0.87437  0  
0.682303  0.0676856  0.250011  
0  0  1  
0.62437  0.37563  0  
0.321068  0.00829438  0.670638  
0.150639  0.410242  0.439118  
0.144293  0.145571  0.710136  
0.250628  0.749372  0  
0.0688347  0.681154  0.250011  
0.0624453  0.937555  0  
0.749837  0.250163  0  
0.499767  1.09531e-06  0.500232  
0.0570877  0.244621  0.698291  
0.874313  0.125687  0  
0.473184  0.273914  0.252902  
0.0666323  0.518163  0.415204  
2.65319e-07  0.329362  0.670638  
0.38052  0.236169  0.383312  
0.437299  0.562701  0  
0.188145  0.811855  0  
0.0874512  0.00146161  0.911087  
0.811546  0.188454  0  
0.563114  0.436886  0  
0.314128  0.685872  0  
4.57705e-07  0.568186  0.431813  
0.0667097  0.386728  0.546563  
0.271144  0.0725972  0.656259  
0.411013  6.50538e-08  0.588987  
0.189914  0.182669  0.627418  
0.612433  0.137558  0.25001  
0.187274  0.322872  0.489853  
1.9477e-08  0.101938  0.898062  
0.149984  0.600007  0.25001  
0.327428  0.172328  0.500243  
0.299817  0.422522  0.277661  
0.110588  0.0932079  0.796205  
3.25271e-07  0.403784  0.596215  
0.446645  0.0957653  0.457589  
0.123371  0.222419  0.65421  
5.56701e-17  1  0  
0.21902  0.048885  0.732095  
0.406955  0.309759  0.283286  
0.235042  0.380618  0.384341  
0.530994  0.0832267  0.38578  
0.564625  8.77603e-16  0.435375  
0.641488  0.0477455  0.310766  
1  0  0  
0.0940686  0.432593  0.473338  
0.396553  0.0590909  0.544356  
0.0842634  0.160828  0.754909  
0.0460898  0.64586  0.308051  
0.149454  0.00280344  0.847742  
0.55265  0.122602  0.324748  
0.184353  0.508796  0.306851  
0.277242  0.462108  0.26065  
0.414381  0.294856  0.290763  
0.188939  0.0619308  0.74913  
0.250691  0.749309  0  
0.00324587  0.0838705  0.912884  
0.219942  0.528853  0.251204  
0.150005  0.488109  0.361886  
0.315172  0.0603872  0.624441  
1  0  0  
0.879546  0.120454  0  
3.13799e-06  0.187728  0.812269  
0.334576  0.331883  0.333541  
5.56701e-17  1  0  
5.73147e-06  0.422193  0.577801  
0.353699  0.0867112  0.559589  
0.806404  0.193596  0  
0.636198  0  0.363802  
0.122861  0.299337  0.577801  
0.222049  0.377444  0.400507  
0.188377  0.811623  0  
0.122871  0.877129  0  
0.23628  0.102001  0.661718  
0.498192  0.0020214  0.499786  
0.112244  0.225745  0.662011  
0.132884  0.356994  0.510122  
0.250751  0.233901  0.515348  
0.131695  0.030029  0.838276  
0.632145  0.0998244  0.268031  
0.287911  0.298235  0.413854  
0.570966  8.10538e-05  0.428953  
0.369519  0.380462  0.250019  
0.103039  0.548567  0.348394  
0.408339  0.591661  0  
0.132877  0.162842  0.70428  
0.42371  0.147896  0.428394  
0.601549  0.398451  0  
0.675172  0.0128676  0.31196  
0.946686  0.0533138  0  
0.491143  0.258838  0.250019  
0.199855  0  0.800145  
0.101029  0.45904  0.439932  
0.749981  0  0.250019  
0.0684154  0  0.931585  
0.848096  0.151904  0  
1.06545e-19  0.499752  0.500248  
0.454437  0.0813951  0.464168  
0.656648  0.343352  0  
0.0223588  0.363266  0.614375  
0.684457  0.065525  0.250018  
0.057936  0.310416  0.631648  
0.161935  0.397266  0.440799  
0.219778  0.180225  0.599997  
0.34522  0.65478  0  
0.221587  0.778413  0  
0.316706  0.683294  0  
0.349329  0  0.650671  
0.0711318  0.382375  0.546493  
0.468585  0.531415  0  
0.100539  0.111677  0.787784  
0.0292887  0.581131  0.389581  
0.462213  0.196592  0.341195  
0.72101  0.27899  0  
0.442938  0.00356188  0.553501  
0.322047  0.203106  0.474847  
0.533711  0.466289  0  
0.0347216  0.657053  0.308226  
6.30461e-20  0.29572  0.70428  
8.72965e-06  0.643046  0.356946  
0.775102  0.224898  0  
0.119866  0.612447  0.267687  
0.0127597  0.248522  0.738718  
0.0721979  0.676598  0.251204  
0.531982  0.0583104  0.409708  
0  0  1  
0.318133  0.431849  0.250019  
0.37498  0.62502  0  
2.00549e-19  0.749982  0.250018  
0.26414  0.00657574  0.729284  
0.500757  0.499243  0  
0.496605  0.11136  0.392036  
0.0325349  0.967465  0  
0.149009  0.850991  0  
0.688669  0.311331  0  
0.331555  0.153097  0.515348  
0.58649  0.163492  0.250018  
0.20255  0.322604  0.474847  
0.913511  0.0864889  0  
0.0588754  0.0669848  0.87414  
0.569133  0.430867  0  
0.439796  0.560204  0  
0.0613725  0.938627  0  
0.406746  0  0.593254  
0.395924  0.231336  0.37274  
0.182322  0.24956  0.568118  
0.0882174  0.911783  0  
9.20601e-06  0.550741  0.44925  
0.281439  0.718561  0  
0.247598  0.392259  0.360144  
0.00256127  0.441286  0.556152  
0.525114  0.129342  0.345545  
0.0170287  0.704115  0.278856  
0.503078  0.496922  0  
0.0671455  0.208182  0.724672  
0.182459  0.311064  0.506478  
0.065173  0.541492  0.393335  
0.221841  0.446458  0.331701  
0.395331  0.0100151  0.594654  
0.35293  0.397066  0.250004  
1  0  0  
0.438152  0.561848  0  
0.448151  0.250451  0.301399  
5.56701e-17  1  0  
0.085796  0.000581231  0.913623  
0.660818  0.339182  0  
0.58319  0.164717  0.252092  
0.47946  0.00212529  0.518414  
0.220068  0.779932  0  
0.264175  0.735825  0  
0.102154  0.0952398  0.802606  
0.385886  0.109425  0.504689  
0.607156  0.0220365  0.370807  
0.742354  0.257646  0  
0.389863  0.610137  0  
0.0928814  0.479628  0.427491  
0.253007  0.238794  0.508199  
2.41122e-07  0.502352  0.497648  
0.120654  0.251182  0.628165  
0.625331  0.0747474  0.299922  
0.681998  0  0.318002  
0.142568  0.857432  0  
0.469634  0.530366  0  
0.965324  0.0346758  0  
0.486203  0.10282  0.410977  
0.325019  0.0800562  0.594924  
0  0  1  
0.166904  0.104233  0.728863  
0.276524  0.287633  0.435844  
0.122755  0.576811  0.300433  
0.349219  0.650781  0  
0.0364851  0.314096  0.649419  
0.155847  0.493572  0.350581  
0.427218  0.176332  0.39645  
0.599954  0.400046  0  
0.819852  0.180148  0  
0.0135407  0.0417666  0.944693  
0.0358857  0.964114  0  
0.133921  0.294987  0.571092  
0.241664  0  0.758336  
0.136436  0.416083  0.447481  
0.315549  0.155837  0.528614  
0.0241005  0.10628  0.869619  
0.000255135  0.375077  0.624668  
0.26704  0.364721  0.368239  
0.226489  0.340752  0.432758  
0.894398  0.105602  0  
0.0404707  0.156923  0.802606  
0.339276  0.199831  0.460892  
0.62933  0.37067  0  
0.660051  0.0899455  0.250004  
0.216255  0.200576  0.583169  
0.858327  0.141673  0  
0.44267  0.0334736  0.523856  
0.281929  0.0160781  0.701993  
0.519193  0.215611  0.265196  
0.063594  0.936406  0  
2.87151e-07  0.598247  0.401752  
0.388829  0.229017  0.382153  
0.2198  0.494562  0.285638  
0.325254  0.366522  0.308224  
0.118781  0.16297  0.718249  
0.931099  0.0689006  0  
0.312564  0.687436  0  
0.564051  1.37429e-08  0.435949  
0.573325  0.426675  0  
0.349922  0  0.650078  
0.293769  0.456227  0.250004  
0.195647  0.00856128  0.795792  
0.48638  0.0410414  0.472578  
0.0309985  0.640243  0.328758  
0.136021  0.0053119  0.858667  
0.184806  0.161294  0.653899  
4.25464e-17  0.749996  0.250004  
0.0756844  0.402052  0.522264  
0.107526  0.64247  0.250004  
0.255665  0.110787  0.633548  
5.22658e-08  0.0892773  0.910723  
0.063833  0.34214  0.594027  
8.34417e-07  0.276178  0.723821  
0.77767  0.22233  0  
1.23393e-07  0.210773  0.789227  
0.437961  0.311267  0.250772  
0.182533  0.817467  0  
0.749996  0  0.250004  
0.369916  0.297192  0.332892  
0.10407  0.89593  0  
0.706573  0.293427  0  
0.536353  0.463647  0  
0.198665  0.551332  0.250004  
0  0  1  
0.38302  0.151847  0.465132  
1.45472e-18  0.500026  0.499974  
0.614162  0.385838  0  
0.659592  0  0.340408  
0.384325  0.30773  0.307945  
0.497636  0.252361  0.250003  
0.208161  0.469613  0.322227  
0.0647057  0.421222  0.514072  
0.422641  0.327358  0.250001  
0.0207774  0.119875  0.859347  
0.437405  0.0707559  0.491839  
0.0384375  0.961563  0  
0.178389  0.348446  0.473165  
0.697373  0.0522894  0.250338  
0.237558  0.762442  0  
0.355283  0.644717  0  
0.41985  1.72279e-06  0.580149  
0.216103  0.240921  0.542977  
0.650662  0.349338  0  
1.02887e-18  0.35365  0.64635  
0.158754  0.033458  0.807788  
0.497457  0.134855  0.367688  
0.334464  0.240817  0.424718  
0.0769778  0.600287  0.322736  
0.00814319  0.424411  0.567446  
0  0.63326  0.36674  
0.432852  0.17633  0.390818  
0.298943  0.183986  0.517071  
0.31899  0.429486  0.251524  
0.696288  0.303712  0  
0.15067  0.543339  0.305991  
0.117653  0.259001  0.623346  
0.190688  0.554562  0.25475  
0.105875  0.43844  0.455685  
0.160609  0.839391  0  
0.0835757  0.09213  0.824294  
0.0929318  0.178315  0.728754  
0.901522  0.0984781  0  
0.136876  0.490871  0.372253  
0.60952  0.0751816  0.315298  
0.281895  0.379541  0.338565  
0.636531  0.109928  0.253541  
0.19986  0.80014  0  
0.930249  0.0697507  0  
0.486733  0  0.513267  
0.350312  0.274558  0.37513  
1  0  0  
0.273744  0.0901272  0.636129  
0.103376  0.379015  0.517609  
5.55397e-17  1  0  
0.578763  0.421237  0  
0.311788  0.688212  0  
0  0.749999  0.250001  
0.0379659  0.296065  0.665969  
0.151055  0.114441  0.734505  
0.0322116  0.0104509  0.957337  
0.50738  0.193568  0.299052  
0.000236109  0.566444  0.43332  
0.320276  1.3034e-09  0.679724  
0.357198  0.0316197  0.611183  
0.136056  0.290502  0.573442  
0.966484  0.0335161  0  
0.813996  0.186004  0  
0.114358  0.885642  0  
0.507125  0.492875  0  
0.0298404  0.208599  0.761561  
0  0.177774  0.822226  
0.241137  8.81759e-10  0.758863  
0.248643  0.501356  0.250001  
0.551088  0.0580848  0.390827  
0.0104276  0.681542  0.30803  
0.107716  0.642283  0.250001  
0.463412  0.536588  0  
0.396949  0.603051  0  
0.580103  0.169811  0.250085  
0.854099  0.145901  0  
0.55156  0.44844  0  
0.253974  0.148801  0.597225  
0.197499  0.434772  0.36773  
8.10686e-19  0.278653  0.721347  
0.229897  0.0903789  0.679724  
0.43253  0.56747  0  
0.588409  0  0.411591  
0.274088  0.725912  0  
0.26707  0.276963  0.455966  
0.179587  0.180724  0.639689  
0.114178  5.03179e-07  0.885822  
0.738287  0.261713  0  
0.236496  0.338936  0.424568  
0.00910872  0.0661171  0.924774  
0.0470194  0.366666  0.586314  
0.522527  0.0217881  0.455685  
0.472551  0.105664  0.421785  
0.415213  0.24327  0.341517  
0.788154  0.211846  0  
0.345704  0.0959479  0.558348  
0.0773339  0.922666  0  
0.0517524  0.523208  0.425039  
0.749999  0  0.250001  
0.0721241  0.222454  0.705422  
0.0259574  0.523901  0.450141  
0.136258  0.20393  0.659813  
0.0949861  0.0618574  0.843156  
0.277248  0.310186  0.412566  
0.551295  0.101011  0.347694  
0.959221  0.0407788  0  
0.0888905  0.158761  0.752349  
0.283124  0.716876  0  
0.833879  0.166121  0  
0.476957  0.523043  0  
0.798661  0.201339  0  
0.768616  0.231384  0  
0.230276  0.51336  0.256364  
5.55341e-17  1  0  
0.00121081  0.680559  0.31823  
0.238451  3.06101e-05  0.761519  
0.350288  0.229951  0.419761  
2.27262e-17  0.409189  0.590811  
3.32774e-17  0.599165  0.400835  
0.359302  0.0715784  0.56912  
0.219969  0.151586  0.628445  
0.0767198  0.54006  0.383221  
0.250767  0.749233  0  
0.232491  0.394908  0.372601  
0.31672  0.375912  0.307368  
0.0314987  0.133591  0.834911  
0.623372  0.376628  0  
0.373898  0.295321  0.33078  
0.504902  0.495098  0  
0.0717501  0.00245611  0.925794  
0.546466  0.453534  0  
0.729423  0.270577  0  
0.863667  0.136333  0  
0.264338  0.192661  0.543001  
0.661421  0.338579  0  
0.113003  0.886997  0  
0.0599965  0.422338  0.517666  
0.0440161  0.30093  0.655054  
0.101908  0.464475  0.433617  
0.192732  0.807268  0  
0.75  0  0.25  
0.132595  0.0844662  0.782939  
0.14015  0.359126  0.500724  
0.263761  0.429204  0.307035  
0.055717  0.345879  0.598404  
1  0  0  
0.325366  0.674634  0  
0.117345  0.305372  0.577284  
0.406603  0  0.593397  
0.350928  0.174058  0.475014  
0.032929  0.967071  0  
0.578421  0.421579  0  
0.179403  8.89585e-05  0.820508  
0.622214  0.0458487  0.331937  
0.283576  0.233144  0.48328  
0.132668  0.617332  0.25  
0.588384  0.161616  0.25  
0.513488  0.230148  0.256364  
0.0654891  0.603418  0.331093  
0.43925  0.56075  0  
0.461557  0.288443  0.25  
0.144398  0.855602  0  
0.000881917  0.495697  0.503421  
0.393538  0.34549  0.260973  
0.40386  0.59614  0  
0.433574  0.0502682  0.516158  
0.497604  0.0867022  0.415694  
0.343213  0.284186  0.372601  
0.404635  0.124196  0.471169  
0.18346  0.485448  0.331093  
0.274606  0.0282071  0.697187  
0.506058  0.00798701  0.485955  
0.471997  0.220535  0.307468  
0.90685  0.0931502  0  
4.16516e-17  0.75  0.25  
0.22526  0.77474  0  
0  0  1  
1.09745e-17  0.197597  0.802403  
0.452125  0.175738  0.372137  
0.305681  0.444319  0.25  
0.300379  0.117117  0.582504  
0.080303  0.669697  0.25  
1.43616e-17  0.258583  0.741417  
0.697008  0.302992  0  
0.244379  0.102388  0.653234  
0.565799  0  0.434201  
0.662444  0.0843046  0.253251  
0.363144  0.636856  0  
0.169687  0.546792  0.28352  
0.179204  0.121078  0.699718  
0.168515  0.445904  0.385581  
4.76167e-18  0.0857458  0.914254  
0.210316  0.296569  0.493115  
0.183541  0.353726  0.462733  
0.178824  0.230365  0.590811  
0.333664  4.28327e-05  0.666293  
1.89784e-17  0.341709  0.658291  
0.692474  0.0010074  0.306519  
0.0716818  0.928318  0  
0.27003  0.141961  0.588009  
0.164317  0.0785338  0.757149  
0.342922  0.657078  0  
0.3664  0.22535  0.408251  
0.686447  0.313553  0  
0  0  1  
0.313058  0.686942  0  
0.374985  0.625015  0  
0.851351  0.148649  0  
0.07776  0.92224  0  
0.0753126  0.367918  0.55677  
0.464771  0.535229  0  
0.21778  0.0455561  0.736664  
0.616599  0.133401  0.25  
0.368773  0.160721  0.470507  
0.133256  0.528839  0.337905  
0.233302  0.409032  0.357666  
0.642171  0.357829  0  
0.11578  0.0443395  0.83988  
0.0063572  0.59905  0.394593  
0.184973  0.238692  0.576335  
1  0  0  
0.278177  0.355132  0.366691  
0.514985  0.0347136  0.450302  
4.40658e-07  0.196867  0.803133  
0.387972  0.353933  0.258095  
0.153787  0.144135  0.702078  
0.569088  0.430912  0  
0.43311  0.56689  0  
0.330228  0.0978337  0.571938  
0.531369  0.468631  0  
0.277274  0.722726  0  
0.496315  0.503685  0  
0.239085  0.458114  0.3028  
0.0469853  0.544228  0.408787  
0.78314  0.21686  0  
0.199272  0.800728  0  
0.115256  0.884744  0  
0.75  0  0.25  
0.0793535  0.437498  0.483149  
5.55335e-17  1  0  
0.523571  0.084088  0.392341  
0.0919336  0.166062  0.742005  
0.492485  0.201022  0.306493  
0.679283  3.24117e-06  0.320713  
5.66182e-07  0.252945  0.747054  
0.0937746  0.251837  0.654389  
0.071627  0.105595  0.822778  
0.440154  0.162954  0.396892  
0.00788478  0.314106  0.678009  
0.291349  0.176426  0.532225  
0.533084  0.152397  0.314519  
0.30519  0.444549  0.250261  
0.0725899  0.67741  0.25  
0.482368  0.000299396  0.517332  
0.397244  0.000246561  0.60251  
2.70556e-07  0.120873  0.879127  
0.13393  0.348737  0.517332  
0.273571  9.87597e-05  0.72633  
0.533706  0.216294  0.25  
0.587625  0.000212134  0.412163  
0.814262  0.185738  0  
0.446872  0.302863  0.250265  
0.154445  0.845555  0  
0.177806  0.000214642  0.821979  
0.208419  0.314584  0.476996  
0.184629  0.455806  0.359565  
0.10679  0.607528  0.285683  
3.75405e-20  0.49006  0.50994  
0.278202  0.252803  0.468994  
0.238903  0.511097  0.25  
0.4014  0.5986  0  
0.670028  0.067027  0.262945  
0.311071  0.37441  0.314519  
0.000512277  0.0482728  0.951215  
0.264499  0.0711253  0.664376  
0.376595  0.0685909  0.554814  
0.11924  0.465563  0.415197  
0.442667  0.0963389  0.460994  
4.16502e-17  0.75  0.25  
0.749485  0.250515  0  
0.606641  0.393359  0  
0.716753  0.283247  0  
0.405531  0.235409  0.35906  
7.00831e-09  0.679531  0.320469  
0.112663  0.292937  0.5944  
0.317491  0.0242929  0.658216  
0.0128475  0.430383  0.55677  
0.924038  0.0759619  0  
0.888355  0.111645  0  
0.619909  0.0478649  0.332226  
0.000288518  0.369349  0.630363  
0.193473  0.370717  0.43581  
0.962718  0.0372819  0  
0.303826  0.287923  0.408251  
0.0381465  0.961853  0  
0.204621  0.180532  0.614847  
0.088838  5.51399e-05  0.911107  
0.235847  0.764153  0  
0.171815  0.569693  0.258492  
0.545768  0.121135  0.333097  
0.321372  0.216348  0.46228  
0.807171  0.192829  0  
0.0854125  0.914588  0  
0.118801  0.532905  0.348294  
0.379446  0.620554  0  
0.0051917  0.287844  0.706964  
4.16502e-17  0.75  0.25  
0.0666725  0.403591  0.529736  
0.925035  0.0749649  0  
0.855691  0.144309  0  
0.337866  0.389391  0.272743  
0.159144  0.200592  0.640264  
0.348538  0.0004524  0.651009  
0.399642  0.000518732  0.599839  
0.258618  0.422199  0.319183  
0.0993807  0.114289  0.78633  
0.696786  0.303214  3.85592e-12  
0.157518  0.842482  0  
0.264778  0  0.735222  
1.42304e-18  0.469214  0.530786  
0.544866  0.455134  0  
0.14873  0.135145  0.716125  
0.262332  0.737668  0  
0.784623  0.215377  0  
0.954873  0.0451273  0  
0.133987  0.0535074  0.812506  
0.206128  0.486134  0.307737  
0.400923  0.349077  0.25  
0.000273397  0.166726  0.833  
0.087411  0.650349  0.26224  
0.351974  0.243026  0.404999  
0.629114  0  0.370886  
0.472501  0.169109  0.358391  
0.693821  0.056179  0.25  
0.160881  0.364791  0.474328  
0.0269056  0.108349  0.864745  
0.743969  0.256031  4.41414e-12  
0.461347  0.538653  0  
0.189609  0.810391  0  
0.609473  0.0790263  0.311501  
0.611519  0.388481  0  
0.0622589  0.19042  0.747321  
0.225923  0.774077  0  
0.499902  0.500098  0  
0.0799804  0.231308  0.688711  
0.0882278  0.274113  0.637659  
0.560548  0.0374089  0.402043  
1  0  0  
0.140998  0.467753  0.391249  
5.55335e-17  1  0  
0.294994  0.339981  0.365025  
0.46297  0.28703  0.25  
0.29776  0.70224  0  
0.534452  0  0.465548  
0.658223  0.341777  3.85592e-12  
0.223649  0.379479  0.396872  
0.0284268  0.598175  0.373399  
3.23182e-17  0.581957  0.418043  
0  0  1  
0.471638  0.0922893  0.436073  
0.218085  0.13181  0.650105  
0.260488  0.283973  0.455539  
6.95006e-05  0.0625958  0.937335  
0.152825  0.000353222  0.846821  
0.147603  0.602397  0.25  
0.0294029  0.529826  0.440771  
0.13234  0.317135  0.550525  
0.75  0  0.25  
0.219604  0.26854  0.511857  
1.1971e-17  0.215563  0.784437  
0.000817645  0.40163  0.597552  
0.113048  0.434797  0.452156  
0.219281  0.527677  0.253042  
0.290883  0.459117  0.25  
0.213967  0.203305  0.582728  
0.669961  0  0.330039  
0.00136261  0.669319  0.329319  
0.0648234  0.0216289  0.913548  
0.415654  0.187473  0.396872  
0.266407  0.167011  0.566582  
0.0649398  0.4572  0.47786  
0.0439897  0.70601  0.25  
0.403587  0.267063  0.32935  
0.057157  0.34599  0.596853  
0.40096  0.124712  0.474328  
0.194991  0.0697875  0.735222  
0.0428327  0.957167  4.41414e-12  
0.320346  0.0821022  0.597552  
0.339721  0.660279  0  
0.88522  0.11478  0  
0.598448  0.151552  0.25  
0.358441  0.10149  0.540069  
0.124219  0.875781  0  
0.582358  0.417642  0  
0.2743  0.0703011  0.655399  
1.05439e-18  0.34766  0.65234  
0.46996  0.000610004  0.52943  
0.42039  0.57961  0  
0.527913  0.220657  0.25143  
0.613531  0.0243352  0.362134  
0.0129753  0.0762455  0.910779  
0.387387  0.298058  0.314554  
0.467793  0.0781653  0.454042  
0.143369  0.217241  0.63939  
0.720135  0.279865  0  
0.590229  0.409771  0  
0.578953  0.0772724  0.343774  
0.533853  0.0984237  0.367723  
0.450331  0  0.549669  
0.62158  0.37842  0  
0.151147  0.550483  0.298369  
0.482452  0.233183  0.284365  
0.12104  0.0981467  0.780814  
0.35845  0.197019  0.444532  
0.567827  0  0.432173  
0.387002  0.362642  0.250356  
0.689949  0.310051  0  
0.525887  0  0.474113  
2.72766e-17  0.491173  0.508827  
0.202572  0.797428  0  
0.801971  0.198029  0  
0.437141  0.312859  0.25  
0.0782799  0.249143  0.672577  
0.35749  0.64251  0  
0.0807898  4.31129e-06  0.919206  
0.762609  0.237391  0  
0.07082  0.92918  0  
0.39176  0  0.60824  
0.293898  0.320532  0.38557  
0.391806  0.608194  0  
0.311109  0.0275023  0.661389  
0.149948  0.162128  0.687924  
5.55335e-17  1  0  
0.235343  0.764657  0  
0.332085  0.0705245  0.597391  
3.30649e-17  0.595403  0.404597  
0.0420847  0.957915  0  
0.16823  0.293187  0.538584  
0.0666501  0.682993  0.250356  
0.030528  0.662864  0.306608  
0.236029  0.366384  0.397586  
0.512284  0.487716  0  
4.16463e-17  0.75  0.25  
0.27046  0.72954  0  
0.341943  0.143807  0.51425  
0.201052  0.461338  0.33761  
0.903139  0.0968611  0  
0.28225  0.00165956  0.71609  
0.316637  0.416614  0.266749  
0.113479  0.375086  0.511434  
0.0703671  0.348297  0.581336  
0.18474  0.56526  0.25  
0.75  0  0.25  
9.75312e-06  0.316442  0.683548  
0.140852  0.436007  0.423141  
0.20353  0.193924  0.602545  
0.371326  0.246209  0.382465  
0.833269  0.166731  0  
0.000495161  0.251826  0.747679  
0.617572  0.132428  0.25  
0.006649  0.400401  0.59295  
0.162906  0.000398623  0.836696  
0.438813  0.164759  0.396429  
0.406815  0.103322  0.489863  
0.10944  0.600762  0.289798  
0.545028  0.204972  0.25  
0.0829295  0.464029  0.453041  
0.863542  0.136458  0  
0.112546  0.887454  0  
0.104021  0.524889  0.37109  
0.221279  0.24737  0.531351  
0.0404123  0.530221  0.429366  
4.19232e-06  0.136021  0.863975  
0.318817  0.681183  0  
0.167104  0.832896  0  
0.209602  0.325361  0.465037  
0.460472  0.539528  0  
0.695925  0.0376219  0.266453  
1  0  0  
0.0853214  0.0507035  0.863975  
0.166706  0.0856147  0.747679  
0  0  1  
0.273807  0.475868  0.250325  
0.0428382  0.425598  0.531564  
0.287173  0.250171  0.462657  
0.000226099  0.646212  0.353562  
0.0601381  0.201531  0.738331  
0.455398  0.213333  0.331269  
0.20794  0  0.79206  
0.280239  0.17388  0.545881  
0.950163  0.0498374  0  
0.547591  0.452409  0  
0.650103  0.349897  0  
0.425658  0.574342  0  
0.236106  0.113988  0.649906  
0.673778  0  0.326222  
0.0440375  0.131251  0.824712  
0.0915834  0.291485  0.616932  
0.32954  0.340123  0.330338  
