0.504732  0.506376  6.49555  
0.571626  1.08395  6.42116  
0.701464  0.902823  6.4526  
0.655148  0.680338  5.99055  
0.62044  0.792523  6.06286  
0.563454  1.31905  5.28839  
0.583777  0.617296  5.44906  
0.59152  0.597315  6.47362  
1.03174  0.848539  3.33855  
0.64434  0.846322  6.47024  
0.98592  0.718555  2.92839  
0.673873  1.70847  6.37167  
0.630708  1.86081  6.12768  
0.606841  0.977125  4.79824  
0.713597  1.19249  2.95511  
0.621963  0.989742  4.563  
0.580893  1.47789  2.92714  
0.564801  0.579051  6.42398  
0.570334  0.615922  5.3281  
0.626271  0.679386  5.5211  
0.73142  0.947055  6.08407  
0.657726  0.607173  6.15363  
0.832964  0.642461  5.75608  
0.695381  1.23042  5.5717  
0.706691  1.32366  4.23868  
0.701772  0.871521  6.29611  
0.59138  0.631141  5.42857  
0.638717  0.606042  5.073  
0.55147  1.67285  6.13418  
0.931445  0.722695  3.19414  
1.00434  1.13459  2.48785  
0.868458  1.01586  6.00022  
0.70295  0.933067  6.45874  
0.87935  1.84338  5.48963  
0.485305  0.525459  5.27634  
0.670967  0.588975  6.34029  
0.676549  0.816844  6.61556  
0.624078  0.82577  4.46397  
0.831962  1.82416  6.28411  
0.651616  0.812453  5.41946  
0.813241  2.45195  3.31215  
0.651782  1.32695  4.88546  
0.520869  0.550018  5.25962  
0.584211  0.969143  5.69145  
0.80977  2.02837  4.1847  
0.718224  1.20822  3.87773  
0.771116  0.929321  2.93993  
0.934927  0.868844  4.77708  
0.802141  0.907137  6.5161  
0.753553  1.46353  4.73258  
1.22848  0.531626  5.9706  
0.849111  1.60598  4.21408  
1.01298  0.648433  3.75397  
1.08028  0.933338  4.50712  
0.606285  0.674882  5.47424  
0.669542  0.840488  6.09977  
1.01538  0.733562  4.6121  
1.38003  0.653791  6.57641  
0.603315  1.0438  6.3152  
0.660886  0.741397  5.66582  
0.648528  1.79367  4.62859  
0.807961  1.72436  3.04115  
1.17186  0.533613  3.64514  
0.633096  1.11382  5.90301  
0.608829  1.01002  5.28722  
0.571999  1.35434  6.51881  
0.844346  0.650264  6.52211  
0.881198  1.15738  3.67509  
1.02893  1.65029  4.67156  
2.26251  0.61459  0.779446  
0.70595  0.741867  6.04415  
0.510566  0.538959  6.44098  
1.02955  1.13764  6.6139  
0.694585  0.857749  5.71494  
0.684001  0.815087  4.54137  
1.08189  0.848141  5.48716  
0.656709  1.72284  3.08396  
0.687046  1.20482  5.56809  
0.698314  0.672192  4.11746  
0.789315  0.956342  2.96398  
0.508705  0.608452  5.46633  
0.546927  0.581415  5.31546  
0.704738  0.737546  4.4698  
0.891018  1.38539  5.02166  
1.00975  0.571296  3.63383  
0.615094  0.932505  4.56505  
0.598423  0.598095  6.32912  
1.26752  0.66913  6.41746  
0.649389  0.963075  6.43909  
1.07759  0.672534  3.02118  
0.87711  0.749744  6.19848  
0.688563  0.739637  6.47742  
0.649963  1.65263  4.83502  
1.18648  0.58009  3.00696  
0.583856  0.583511  6.45912  
0.88012  1.35374  5.9026  
0.601254  0.574012  5.34843  
0.701039  0.774873  4.98524  
0.963232  0.854977  5.10281  
0.644926  0.716773  6.36462  
1.7518  0.564737  1.73906  
1.79357  0.593279  1.76998  
0.870203  1.17618  3.0552  
0.568565  0.561341  6.4238  
0.944884  0.668149  6.57473  
0.711685  0.80464  6.44074  
0.7041  1.61864  4.52639  
1.01946  0.600472  5.81396  
0.547464  0.896425  6.38796  
0.566697  0.553193  6.52127  
1.13828  1.20294  3.80668  
0.702123  2.43855  3.25763  
0.633987  0.799216  4.2922  
0.511815  3.33474  4.61832  
0.610897  0.852992  4.13863  
0.555758  1.66052  3.27737  
0.504416  0.488061  6.48566  
0.518879  0.953419  4.26929  
1.43488  1.05917  0.745743  
1.16532  0.731755  2.25039  
0.688927  0.962735  2.84483  
0.820717  2.30059  0.541995  
0.584224  1.96387  1.62791  
0.770857  0.569837  2.79311  
0.435653  1.7953  2.81757  
1.17849  1.26683  0.691003  
0.511878  3.5407  0.676345  
0.625615  0.465621  4.65061  
2.24671  0.449196  0.434799  
0.577071  0.597189  5.88286  
0.337235  0.463435  5.12503  
1.08875  0.767307  1.58786  
0.950831  0.421749  2.74804  
1.45041  0.970799  0.686568  
0.835295  2.1399  0.722215  
0.62477  0.664729  2.71525  
0.680942  0.359417  4.02289  
0.350039  0.438862  5.86113  
0.403008  2.6858  2.0474  
1.12307  0.425486  2.80118  
1.45974  0.328828  1.51629  
0.983339  0.747829  4.03693  
0.713893  1.76676  1.69573  
0.474404  0.389187  5.17308  
0.563414  2.42805  0.352946  
0.485625  1.02618  2.82628  
0.44894  2.1262  1.54923  
0.269297  1.65093  2.65255  
0.734228  0.947273  1.45185  
0.360296  0.413734  3.82439  
0.632586  1.79005  1.68398  
1.42349  1.09029  0.503236  
1.63887  0.593828  0.347098  
1.37777  1.29509  0.576384  
0.584756  2.25378  2.27345  
0.961269  0.609985  2.86424  
0.687098  2.40061  3.64878  
0.934826  1.58776  0.421973  
1.97424  0.416538  0.613144  
0.500347  0.674905  3.99006  
0.572357  1.69888  3.05412  
0.441473  0.376285  5.32688  
0.441136  4.04915  0.489439  
2.16516  0.547925  0.570255  
0.896025  1.2437  1.67859  
0.485148  0.661281  4.03843  
1.45446  1.18958  0.675774  
0.456642  2.54555  1.71839  
0.205087  0.205849  6.0705  
1.3506  0.640973  2.15947  
1.67187  0.453544  1.6377  
0.706653  3.17553  0.944091  
1.90308  0.626463  0.980614  
0.417988  1.05777  4.00614  
1.16535  1.65006  1.02288  
0.462284  0.469862  5.20212  
1.26758  0.54247  1.562  
0.772878  1.65853  1.79588  
1.20098  0.860209  1.7331  
0.754606  0.496569  4.09699  
0.650076  1.9522  1.72067  
0.786521  0.392984  6.16783  
0.530581  1.39494  2.85095  
1.82478  0.800331  0.922108  
0.77301  0.838012  3.03918  
1.73212  0.444245  1.63484  
0.921942  0.668458  2.89723  
1.16461  0.958983  2.09927  
0.771406  0.603323  4.20075  
0.677315  0.429522  6.12013  
0.929065  0.43321  5.90059  
0.691438  1.86126  2.04252  
0.742554  0.514003  4.22379  
1.58818  0.608682  2.09358  
1.00658  1.37913  1.81159  
0.624494  0.747402  4.27413  
0.455026  1.42383  3.34258  
0.568905  1.64038  3.04333  
0.510036  0.551872  5.25983  
0.876158  0.896301  3.72503  
0.937452  1.74968  0.61698  
0.695858  0.625003  2.7232  
0.399117  0.972654  3.63924  
0.343453  1.15206  2.70439  
1.11002  0.967061  1.35484  
0.582822  0.603295  2.71423  
1.56952  0.428099  1.83031  
1.1345  1.04824  0.383517  
0.638214  1.32424  1.51522  
0.999514  1.14779  0.724857  
0.507948  1.90076  1.81858  
0.507343  0.599495  3.00759  
0.780979  1.77036  0.340089  
0.367199  0.453977  4.46277  
1.46201  0.440253  1.57143  
1.31735  0.890109  0.398003  
1.00502  1.20761  0.419509  
0.525673  1.67296  1.51898  
0.290141  1.09326  3.18797  
0.644846  1.17702  1.59064  
0.288043  2.74587  1.58312  
0.768437  0.787352  1.41524  
2.06912  0.3106  0.54563  
0.757448  1.02283  0.0636895  
0.42207  2.25  0.330955  
0.446159  0.174508  4.32352  
0.542363  1.03155  1.81177  
0.659176  1.06956  1.4789  
0.528177  1.93355  0.896041  
1.01958  0.193293  3.04779  
0.767023  0.711921  1.8783  
0.642027  0.408107  2.66903  
0.226284  2.04401  1.563  
0.173614  1.23516  2.54573  
0.679056  0.221533  2.66078  
0.19957  3.62635  0.194122  
0.813404  0.258931  2.65754  
0.284627  0.655743  2.571  
0.906622  0.47011  1.46615  
0.403095  0.710958  2.71377  
0.617849  0.33536  2.61375  
1.08265  0.782408  0.167487  
0.247505  2.48627  0.14781  
1.69784  0.178849  0.112365  
0.398373  1.72102  1.4312  
0.128505  2.34026  1.3013  
0.839959  0.129796  2.50911  
0.395297  2.36722  0.350984  
0.893573  0.620755  1.42138  
0.0808939  0.0945885  4.82251  
0.346243  0.462166  2.46263  
0.265864  1.1373  2.59581  
1.33711  0.211579  1.60385  
0.678741  0.865748  1.39415  
1.27499  0.501063  0.193169  
0.610908  1.82449  0.342  
0.746095  0.265164  2.58907  
1.12433  0.278858  1.37876  
0.411516  1.14343  1.32649  
0.106585  0.631984  3.75748  
1.65701  0.353504  0.25942  
0.300975  0.226483  3.70092  
0.299198  1.82369  1.39878  
1.59523  0.459199  0.297201  
0.276259  1.89362  1.68665  
0.813772  0.776142  1.52308  
0.60204  1.07172  1.40878  
0.219142  1.05728  2.99396  
0.567994  0.385672  3.26733  
0.593593  1.9461  0.308306  
0.153667  0.786795  3.73803  
0.654955  1.88081  0.28566  
0.308429  1.17785  2.6174  
1.51415  0.24501  1.51335  
0.311312  0.211936  5.00178  
0.578441  2.02845  0.249286  
0.617734  1.87343  0.686524  
0.668201  0.963462  1.76833  
0.459976  2.28228  0.222493  
0.894074  0.594812  1.51595  
0.419015  2.45908  0.464079  
0.811207  0.755834  1.82588  
0.102653  1.46218  2.48301  
1.5733  0.497555  0.708965  
0.654063  1.03757  1.744  
0.804129  0.237915  2.67446  
0.885428  0.727457  1.79724  
0.282942  0.587677  4.79903  
0.462617  2.03414  0.161461  
0.829939  1.3845  0.24575  
1.8061  0.396008  0.304571  
0.194854  1.50486  2.72469  
0.268162  3.09826  0.295891  
0.186086  0.119777  5.10618  
0.799743  0.870196  1.50287  
1.48989  0.588335  0.321483  
0.537923  1.35133  1.75808  
1.14584  1.00725  0.424838  
0.449116  0.277796  3.83198  
1.24349  0.493728  1.62702  
0.529014  0.751587  1.26111  
0.483295  0.83285  1.33674  
0.112963  1.1841  2.48166  
0.183151  0.799997  2.75468  
0.328812  1.12429  2.06479  
0.165258  1.77838  1.7319  
0.227507  0.160437  4.22033  
0.187214  2.77353  0.0828265  
0.318871  2.11984  0.152317  
0.472112  0.902797  1.28005  
0.732456  0.0951015  2.45685  
0.628952  0.607771  1.28148  
0.266945  0.631515  2.45467  
0.469328  0.81413  1.90834  
1.77423  0.105627  0.0694159  
0.115494  0.353833  3.67756  
0.196249  0.800047  2.47066  
1.03753  0.662857  0.68151  
0.185136  2.63657  0.15527  
1.74537  0.108591  0.639775  
0.147631  2.85709  0.33322  
0.972956  0.239367  1.25865  
0.897892  0.825862  0.0750676  
0.595596  0.16149  2.47998  
1.266  0.376256  0.0649761  
0.34662  1.06269  1.27926  
0.14072  0.994692  2.48752  
0.689679  0.477766  1.26171  
0.0139199  1.35893  3.28006  
0.144819  1.86442  1.34473  
1.17813  0.459004  0.0781756  
0.285686  0.0887617  3.62741  
1.77567  0.101083  0.143558  
0.559574  0.117958  3.33428  
0.319857  0.0350813  3.69943  
0.693546  0.110844  2.47624  
0.224576  2.39859  0.0491848  
0.150073  0.173579  3.60475  
0.958517  0.697071  0.0558259  
0.290336  2.1301  0.132643  
0.382652  1.69523  0.0154793  
0.126066  1.13746  2.4634  
0.0701512  0.414784  3.66296  
0.0441863  0.0553541  4.79551  
0.163255  0.814921  2.46471  
0.107391  1.19445  2.47837  
1.20539  0.0356647  1.20462  
1.92675  0.0516923  0.0460574  
0.574694  1.34907  0.0672378  
1.35589  0.239789  0.0237302  
0.0846196  0.0192597  4.7848  
0.0181111  0.620987  3.91171  
0.0615139  2.02993  1.2028  
1.5015  0.195621  0.051578  
0.281271  0.434612  2.40198  
0.147952  0.822938  2.63529  
0.228856  1.2998  1.20963  
0.660293  1.17427  0.132219  
0.0070146  0.0071228  5.86245  
0.733393  0.921934  0.0125875  
0.632881  1.28048  0.193471  
0.0216941  1.33325  2.44949  
0.34506  0.389721  2.76925  
0.49067  0.67014  1.24856  
1.65797  0.1423  0.0703238  
0.122668  2.90238  0.0434349  
0.431352  0.854918  1.4701  
0.169135  1.6542  1.35439  
0.0618275  3.55197  0.0484887  
0.782354  0.0110511  2.40865  
0.167908  2.66962  0.143931  
0.862486  0.316226  1.28161  
0.868064  0.785902  0.503163  
0.490314  1.57103  0.362544  
0.60571  0.573065  1.38937  
1.12139  0.155301  1.28919  
0.233534  0.60309  2.8295  
1.06622  0.610115  0.47103  
0.669965  0.0921215  2.77535  
0.787504  0.403142  1.28301  
0.0688041  0.335218  3.89806  
0.346287  1.98808  0.104346  
0.261779  0.134657  3.66725  
0.507417  0.221604  2.52929  
1.13105  0.564563  0.0973996  
0.550761  1.40719  0.282938  
1.02074  0.215229  1.33964  
0.229937  0.674369  2.52407  
0.38352  0.265432  2.44145  
0.41276  0.966046  1.35796  
0.309908  1.16051  1.97112  
1.63518  0.153175  0.674043  
0.266286  2.25235  0.623591  
0.201755  2.59021  0.146135  
0.70244  1.11597  0.37824  
0.176644  1.72356  1.26214  
0.20326  0.679002  3.32408  
0.619843  0.12916  2.75327  
0.940543  0.284894  1.47511  
0.737173  0.0680624  2.86075  
0.685235  0.987385  0.00117459  
0.0652016  0.967493  2.56577  
0.0823171  0.244979  3.96508  
1.94817  0.00206706  0.00160621  
0.369203  0.887775  1.19716  
0.663387  0.387301  1.29137  
0.246982  1.16098  1.30015  
0.168448  0.60836  2.63317  
0.134711  1.57654  1.20262  
1.01257  0.521474  0.00407396  
0.96808  0.564795  0.0435506  
0.0716503  2.87077  0.335063  
1.05497  0.462804  0.0774676  
0.00536651  3.71229  0.0379344  
0.00463915  0.149385  4.7807  
1.56208  0.0901401  0.100226  
0.0421748  1.10377  2.48546  
0.432626  0.751922  1.21343  
0.130811  2.57449  0.0106922  
0.0136365  2.39602  1.19479  
0.912383  0.622967  0.127425  
0.0875176  0.919703  2.39269  
0.862689  0.679406  0.231805  
0.183866  0.110784  3.60492  
1.36825  0.000543807  1.24129  
0.233857  0.0530591  3.66526  
0.49169  1.3707  0.00878579  
1.2208  0.312077  0.0225231  
1.32925  0.218932  0.138192  
1.39735  0.173644  0.145991  
0.0750587  0.00484686  4.83083  
0.803577  0.000849027  2.42698  
1.19815  0.0252021  1.20082  
1.26515  0.256468  0.300971  
0.0108731  1.37584  2.427  
0.757711  0.302031  1.1961  
0.0374715  2.13239  1.20024  
0.107721  1.6869  1.22218  
0.521787  1.27292  0.17679  
0.32186  0.926753  1.65348  
0.392073  0.778984  1.61174  
0.836745  0.2103  1.31459  
0.955421  0.133357  1.21645  
0.274572  0.408155  2.45324  
0.395451  0.209751  2.6797  
0.574384  1.17858  0.0660099  
0.221808  0.485043  2.63304  
0.622945  1.08904  0.0359169  
1.06324  0.0778391  1.19321  
0.784935  0.791724  0.215803  
1.79335  0.0193107  0.0648549  
0.500351  0.613641  1.31302  
0.000719541  0.00136444  5.89439  
0.220866  2.17516  0.000784784  
0.0992155  2.73785  0.0577103  
0.105038  0.793122  2.65571  
0.000763296  2.72243  1.23517  
1.46776  0.145142  0.000664337  
0.309097  1.86672  0.000719372  
0.394099  1.5985  0.061163  
0.248611  2.06133  0.0198895  
0.0341544  3.24192  0.0727946  
0.000686804  3.95127  0.050521  
1.6744  0.0528635  0.0128626  
0.134884  0.187067  3.59084  
0.672917  0.0306305  2.39199  
1.10887  0.406092  0.0893597  
0.218071  1.21453  1.53503  
0.00167755  0.722188  3.58724  
0.74833  0.866391  0.0668957  
0.318344  0.35704  2.39088  
0.13921  0.712378  2.47321  
0.0226505  3.4114  0.00125647  
0.000698776  1.66761  2.39072  
0.613313  0.453744  1.30213  
0.0289666  1.21337  2.41266  
0.08192  1.75967  1.53532  
0.454267  0.180401  2.39272  
0.591399  0.0601205  2.4763  
0.456541  0.661334  1.57296  
0.184211  2.31794  0.0193683  
0.305546  1.02189  1.22649  
0.49266  0.118201  2.63327  
0.201357  1.33527  1.19535  
0.280916  1.90857  0.255017  
0.204015  0.570862  2.39282  
0.0574948  1.97276  1.2135  
0.832471  0.75361  0.000579078  
0.3862  0.000659956  3.58621  
0.0579339  3.04899  0.000637921  
0.033019  0.0592275  4.77429  
0.0164278  0.542024  3.61322  
0.301906  0.016949  3.60954  
0.152772  1.47164  1.30791  
0.431668  1.48543  0.159679  
0.341667  1.72831  0.170058  
0.166053  2.40774  0.00135978  
0.355  0.287513  2.42816  
0.567186  0.537205  1.19472  
0.0447879  0.398436  3.6265  
0.0949923  0.845028  2.54774  
1.24436  0.296846  0.00031135  
0.0489197  0.0300495  4.78199  
0.222138  0.0617215  3.67327  
1.02275  0.0865745  1.28996  
1.99524  0.000153685  0.000237739  
0.44342  0.699238  1.45773  
0.14089  2.48081  0.1721  
1.67566  0.0537348  0.000717893  
0.686199  0.961415  0.111873  
1.21676  0.0187044  1.21798  
0.827616  0.740282  0.103891  
1.04269  0.488252  0.000241042  
1.07068  0.0633852  1.29221  
0.141892  0.177309  3.58723  
0.816007  0.000421594  2.39028  
0.000140212  0.205394  4.77446  
0.00971366  3.57202  0.111813  
0.884988  0.189541  1.19283  
0.613553  1.08419  0.186214  
0.254766  1.11122  1.49905  
0.101989  0.000333471  4.77408  
0.00646339  2.46153  1.31356  
0.48015  1.39352  0.0205847  
0.00804851  1.42651  2.39411  
0.903526  0.614422  0.383834  
0.348107  1.70546  0.185771  
0.0155098  2.36648  1.19628  
1.3765  0.000289439  1.19259  
0.923916  0.15181  1.28072  
0.201859  2.2499  0.000265605  
0.556808  0.0823788  2.46827  
0.879038  0.689187  0.000830616  
0.0492151  2.04448  1.19298  
0.631196  0.448406  1.19346  
1.79807  0.016758  0.125265  
0.00020434  0.757208  3.58822  
0.30561  1.04206  1.19279  
0.000199724  2.75429  1.19259  
0.584814  1.17403  0.00016947  
0.193292  1.32618  1.29219  
0.202597  0.562619  2.41596  
0.00102007  3.8811  0.0031857  
0.00784426  0.565456  3.80503  
1.10719  0.420947  0.000177087  
0.33349  0.939179  1.31321  
0.156862  1.45803  1.28696  
1.38752  0.192501  0.00243989  
0.0293887  3.30133  0.0329674  
0.16963  2.35515  0.1125  
0.0576423  1.05607  2.39199  
0.51264  1.29029  0.19033  
0.743709  0.307042  1.22573  
0.289163  0.401302  2.39204  
0.400527  1.5989  0.00027913  
0.740258  0.893591  0.000264672  
0.0795256  2.88445  0.00023598  
0.147221  0.671701  2.60009  
0.253014  0.43355  2.5396  
0.0815163  0.28338  3.64438  
0.282004  1.95159  0.0033687  
0.381621  0.862754  1.19387  
0.41078  0.228954  2.39026  
1.55401  0.0984848  0.0217341  
0.0316881  1.17782  2.45119  
0.0968805  2.73449  0.125254  
0.492758  0.652822  1.19632  
0.649451  1.04395  0.0205861  
0.386497  0.215422  2.73439  
0.672726  0.0310868  2.39046  
0.443167  1.46031  0.12899  
0.302494  1.85493  0.111735  
1.28342  0.25259  0.11132  
0.236769  1.23913  1.19839  
0.249029  2.02183  0.207545  
0.590372  0.479846  1.29217  
0.101397  1.72155  1.20595  
0.0666228  1.88366  1.29366  
0.000881941  0.00100764  5.86025  
0.130374  2.58323  0.000947028  
0.78059  0.807139  0.125252  
0.0385965  0.433835  3.59599  
0.125752  0.774369  2.40082  
0.5303  0.574645  1.27497  
0.669919  0.366107  1.42126  
0.808404  0.236358  1.28602  
1.18607  0.332288  0.11216  
0.178656  0.102478  3.70967  
0.027827  2.17521  1.31357  
0.279216  0.032876  3.58548  
0.0162701  0.0723796  4.92003  
0.315647  0.332775  2.49792  
0.978153  0.560854  0.00276836  
0.386306  0.000139288  3.58797  
0.471989  0.144995  2.49788  
0.0552354  3.07066  0.000783239  
0.223064  2.13027  0.128965  
0.000114522  1.64551  2.3941  
0.131898  1.59358  1.19629  
1.46447  0.135918  0.130721  
1.49604  0.123596  0.0485343  
0.19729  2.21961  0.296159  
1.01442  0.518606  0.00278065  
1.15204  0.350758  0.27437  
0.771732  0.843364  7.08559e-05  
0.102966  1.68567  1.29177  
0.389358  0.846011  1.19478  
0.548915  1.21628  0.154424  
0.0854669  2.79982  0.148694  
0.0102845  3.59671  0.000382215  
0.0864569  0.889044  2.51398  
0.217182  0.0735847  3.60613  
1.86202  0.00761442  0.0706567  
1.60725  0.0743904  0.0346054  
0.113495  0.19858  3.72814  
1.43626  0.162404  0.000139108  
0.45785  1.44743  0.0121103  
1.22454  0.313147  0.000265383  
1.26708  0.266699  0.0944706  
0.0490865  3.07849  0.154819  
0.376888  1.62039  0.238102  
1.0542  0.459502  0.102126  
0.00434131  1.39682  2.77253  
0.521725  1.30309  0.00696773  
0.133439  2.50117  0.293999  
0.708315  0.0193561  2.39401  
0.60299  0.0532627  2.47386  
0.790562  0.255849  1.26163  
9.85979e-05  2.75463  1.19447  
0.251188  1.18233  1.19329  
0.0717786  1.88867  1.19653  
0.0008505  0.00131707  5.85597  
0.848296  0.216637  1.19539  
0.300021  1.87729  0.0399775  
0.918953  0.608916  0.185237  
0.134336  1.52443  1.4145  
0.0443357  2.01278  1.4145  
0.424373  0.732871  1.42051  
0.241739  0.485185  2.44276  
1.0527  0.0815765  1.19391  
0.711735  0.91261  0.154364  
0.138829  0.149416  3.80142  
0.0276945  2.20204  1.21962  
0.369501  0.000745931  3.59193  
0.82355  0.000115511  2.39137  
0.529595  0.561645  1.34512  
0.506347  0.131831  2.3916  
0.872445  0.691219  0.0163456  
0.115289  0.803391  2.44021  
0.633979  1.07858  0.00031951  
1.358  0.000663396  1.19391  
0.000168001  1.64417  2.39001  
0.0265255  1.25168  2.39612  
0.164287  0.61301  2.66659  
0.0123386  2.35412  1.31455  
0.487285  1.33058  0.379077  
0.0224251  3.38054  0.0491319  
0.142308  0.733076  2.39029  
0.722577  0.311264  1.38246  
0.81304  0.740784  0.391618  
0.000374644  3.93012  0.000617911  
1.99606  6.38379e-05  6.76332e-05  
0.336215  0.332764  2.3924  
0.175225  2.36322  0.000333202  
0.677827  0.998419  0.0011103  
0.366438  0.245149  2.65877  
0.205754  1.2804  1.34626  
1.17712  0.0251612  1.29735  
0.422433  0.195141  2.48443  
0.541257  0.0814578  2.62384  
0.0430274  0.399197  3.64694  
0.251756  1.99384  0.35444  
0.0528382  1.04367  2.46841  
0.20817  0.531339  2.50968  
0.170715  1.44485  1.19252  
0.10254  6.48432e-05  4.77674  
0.000218076  0.198639  4.77466  
1.74822  0.0318639  0.000267525  
0.484988  0.668334  1.19307  
0.286451  0.377573  2.5088  
0.0391296  0.0466073  4.77306  
0.670966  0.402473  1.19492  
6.15534e-05  0.776617  3.58576  
0.235482  2.11657  0.0011143  
0.0680832  2.96576  0.000368734  
0.578594  1.1509  0.19193  
0.118367  2.64495  9.50169e-05  
0.287805  1.03899  1.36025  
0.584176  0.503622  1.20958  
0.0770493  0.313379  3.58631  
0.342226  1.76259  0.000196788  
0.916422  0.160683  1.20468  
0.602208  0.450952  1.41445  
0.287257  0.0254373  3.59196  
0.975179  0.103609  1.47172  
0.0132585  0.554928  3.62635  
1.32847  0.206611  0.377425  
0.413644  1.53567  0.119704  
1.11768  0.405886  0.0172623  
0.350247  0.91096  1.2419  
0.542856  0.104892  2.3902  
0.476128  1.39368  0.0492037  
0.81032  0.225404  1.39527  
0.523011  1.30367  0.000832965  
0.829548  4.31821e-05  2.39103  
0.386453  0.819823  1.31689  
0.400805  1.59702  0.00195478  
5.82729e-05  0.775357  3.58573  
0.0123531  3.54438  0.0217288  
0.671862  0.0254111  2.43587  
0.0326515  2.12387  1.34391  
0.645166  0.410803  1.33114  
0.00539747  2.46314  1.39431  
4.74238e-05  2.76881  1.19301  
0.984448  0.529133  0.196123  
0.108405  2.65768  0.199284  
0.133173  0.763247  2.39009  
0.0670585  2.97334  0.000201266  
0.273472  1.9396  0.177018  
0.157906  0.648824  2.52199  
0.109403  0.229909  3.59873  
0.587538  0.51064  1.19343  
1.26893  0.259172  0.171918  
0.000189635  1.64353  2.39082  
1.58795  0.0851987  0.00549186  
1.04391  0.486803  6.83165e-05  
0.0348477  1.18087  2.39375  
0.698737  0.354187  1.22822  
0.163355  0.144741  3.58579  
0.136297  1.57721  1.19308  
0.246161  1.13582  1.47895  
1.04573  0.0757462  1.31141  
0.0118754  0.576427  3.59883  
0.0209491  2.28358  1.20249  
0.000525801  3.91327  0.000365441  
0.630382  1.052  0.187485  
0.13424  2.56137  0.000569701  
0.0594635  0.314932  3.83204  
0.603103  1.13744  0.000644721  
0.962991  0.129044  1.20717  
0.380106  0.000311051  3.58538  
0.231744  0.0584548  3.62311  
0.055471  2.00112  1.1929  
0.312907  1.02718  1.1944  
0.437543  0.197451  2.39135  
0.516159  0.579814  1.37601  
0.34655  0.914699  1.26814  
0.215564  2.14988  0.187794  
1.37527  0.000196284  1.1925  
0.195529  2.27541  7.46952e-05  
1.0869  0.423935  0.123984  
0.0316291  0.0594236  4.77476  
0.240753  0.458395  2.54798  
0.212296  1.28501  1.23296  
0.096513  0.000111639  4.79539  
0.151656  2.45928  0.0314746  
0.838324  0.734034  0.0369632  
0.280378  0.0210099  3.69107  
1.44676  0.147126  0.0874281  
1.22027  0.0146185  1.30142  
0.0983976  1.69853  1.36569  
0.363763  1.67842  0.0679836  
1.38988  0.188986  0.010522  
0.947747  0.598976  0.000417721  
1.51049  0.111156  0.138494  
0.788392  0.817775  0.00106342  
0.587282  0.0513781  2.68939  
1.8272  0.0150154  4.98045e-05  
0.059356  1.00491  2.49366  
0.430404  1.47753  0.23305  
0.56019  1.19773  0.123802  
0.69612  0.967044  4.68525e-05  
0.36081  0.250338  2.68939  
0.479489  0.133286  2.56715  
0.000374456  0.194099  4.77319  
0.426591  0.773409  1.19304  
0.00885266  1.36083  2.55158  
0.724233  0.882458  0.262763  
1.15388  0.372631  0.0124829  
0.32566  1.81251  7.06709e-05  
1.70751  0.0378554  0.0971476  
0.0323187  3.28354  0.00196811  
1.98853  0.000108032  4.18678e-05  
0.0996527  0.833914  2.50343  
0.460739  0.685411  1.27376  
1.14435  0.0438762  1.19273  
0.292166  0.388913  2.40542  
0.000524762  0.00121824  5.86561  
0.756032  0.305417  1.19251  
0.0359466  0.452081  3.58576  
0.276894  1.07477  1.31104  
0.193866  0.598154  2.39006  
0.0495904  3.06601  0.166385  
0.891944  0.182199  1.19424  
1.20609  0.328049  0.00223742  
0.887539  0.651836  0.150617  
0.0880527  2.78816  0.123273  
0.250305  2.05832  0.00777244  
0.160127  1.45575  1.2566  
0.0689395  1.86241  1.32765  
0.191749  2.29168  0.000190823  
1.47054  0.142637  0.00178006  
0.00999535  1.38912  2.40793  
0.164628  1.45616  1.2095  
0.0541491  3.01564  0.241441  
0.463782  1.43338  0.0130225  
0.683202  0.989481  5.75262e-05  
0.383633  1.63843  0.0118364  
0.342428  0.953074  1.19252  
0.131599  2.57342  0.000415916  
0.00149415  0.000368301  5.85701  
0.259201  1.10625  1.42644  
0.0743317  2.90649  0.0261083  
0.0704761  1.88199  1.21993  
0.539338  1.23554  0.16202  
1.98815  8.89503e-05  0.00271617  
0.13606  0.704954  2.5796  
0.275872  1.94942  0.0715555  
0.0284067  1.2323  2.39027  
0.510287  0.582902  1.43214  
0.307233  1.0105  1.24629  
1.08632  0.4247  0.251841  
0.262787  0.0289475  3.71228  
0.000309067  3.94339  0.00041838  
0.19218  1.30865  1.42472  
0.700013  0.0206088  2.39094  
0.0123625  0.547454  3.67848  
0.560849  0.522088  1.28736  
0.606557  0.0558257  2.41946  
0.0987263  0.000933641  4.77107  
0.861625  0.678715  0.246639  
0.129377  1.53918  1.45506  
0.904071  0.160539  1.27088  
0.970575  0.554673  0.124596  
0.104001  1.72306  1.1927  
0.233926  0.0646975  3.58586  
1.82098  0.016363  0.000262529  
0.456098  0.178264  2.39094  
0.986317  0.120478  1.1928  
1.36962  0.000348539  1.19251  
1.67566  0.0540307  0.000815807  
0.128831  0.177042  3.67842  
0.423508  0.728939  1.47403  
0.00781535  2.43716  1.28573  
0.509319  1.33359  0.000202826  
0.11233  0.830262  2.38998  
0.230541  1.23694  1.19857  
0.486924  0.120758  2.67592  
0.658294  0.377221  1.45396  
4.73627e-05  2.74999  1.20303  
0.00768277  3.65149  0.00129353  
0.632229  1.06598  0.0724597  
0.216595  0.531053  2.41099  
0.382421  0.000136843  3.58682  
0.340837  1.72085  0.225246  
0.0340871  0.0565941  4.77134  
0.765998  0.825104  0.158144  
0.832021  0.206495  1.4074  
1.02975  0.499744  0.0109176  
0.161851  2.38236  0.211881  
0.928311  0.623179  0.000199418  
0.283149  0.37178  2.6061  
0.721857  0.903781  0.0885441  
0.0969547  0.254391  3.60352  
0.80223  0.260099  1.19255  
0.0598218  0.332715  3.72421  
1.048  0.0734969  1.29163  
0.0190189  3.37871  0.302407  
0.0257676  2.2457  1.1927  
1.33196  0.229793  0.000222216  
0.596507  1.14864  0.00352508  
0.407655  1.53897  0.203375  
0.36498  0.85893  1.35979  
0.0626561  1.00868  2.44745  
1.39292  0.175276  0.147229  
0.0843071  0.86536  2.68067  
1.17728  0.353912  0.00177254  
0.000220053  0.75184  3.5871  
0.635787  0.44011  1.19579  
0.339676  0.312448  2.41557  
0.0402815  2.04096  1.43335  
0.0339556  3.26618  0.00150103  
0.190364  0.0949995  3.64831  
0.38783  0.230606  2.5212  
1.19711  0.0224902  1.24979  
0.246605  2.06996  0.0127465  
0.480496  0.676256  1.19268  
0.234633  0.454057  2.66633  
3.28939e-05  1.6609  2.39025  
0.0366458  0.446761  3.58713  
1.25288  0.274677  0.128713  
0.829831  2.72125e-05  2.39065  
1.55447  0.0957777  0.0839179  
0.731167  0.314802  1.25322  
0.812384  0.781705  5.41795e-05  
0.311587  1.85641  0.000164975  
0.218125  2.14715  0.193492  
0.180111  0.631239  2.39  
0.0992447  2.75364  0.00382485  
4.23424e-05  0.203931  4.77588  
0.137903  0.702786  2.56528  
0.0883591  0.88663  2.45385  
0.105969  2.71711  0.000635756  
1.04476  0.485619  0.000796893  
1.8304  0.0145436  0.000120374  
0.52782  1.29241  0.00101926  
1.99769  3.04555e-05  3.12452e-05  
0.0296479  1.20291  2.41418  
0.469218  0.694381  1.1933  
1.08022  0.0668752  1.20011  
0.271726  1.0693  1.45097  
0.171417  0.121027  3.64622  
0.0218522  0.0555354  5.06978  
0.463872  0.144647  2.59473  
0.65551  0.377381  1.49464  
0.00999479  1.3959  2.397  
0.130129  2.5813  0.000185874  
0.341799  1.72225  0.191142  
0.975041  0.10954  1.33664  
0.000158428  0.19372  4.78283  
1.07954  0.42265  0.237289  
0.973307  0.546247  0.137937  
0.619503  0.457376  1.22508  
0.262963  1.9737  0.188617  
0.108797  0.239909  3.58519  
0.000579026  0.0025454  5.84812  
0.868115  0.6965  0.0176858  
0.604006  1.12509  0.0345748  
1.36624  0.000434364  1.1925  
0.0529701  2.01811  1.19252  
0.204926  0.0910888  3.58928  
0.817587  8.21901e-05  2.40078  
1.19438  0.0222653  1.26534  
0.0276921  3.30718  0.0716046  
0.289987  0.403514  2.39005  
1.41502  0.16599  0.0796191  
1.27452  0.25781  0.130124  
0.730651  0.310871  1.28872  
0.473332  1.35073  0.488388  
0.366037  0.88398  1.21545  
0.20636  0.538642  2.532  
0.0678536  0.315103  3.65501  
0.461124  1.4408  0.00940147  
0.687988  0.0239308  2.39367  
4.75953e-05  0.773362  3.58691  
0.700201  0.937143  0.107967  
0.142678  1.53167  1.21762  
0.241162  0.45141  2.58097  
0.929526  0.153467  1.19706  
0.557602  0.516985  1.36963  
0.07923  1.80197  1.33227  
0.0208655  2.29713  1.19381  
0.0344727  0.457429  3.58893  
0.230939  2.12731  0.0122148  
0.0002825  3.93696  4.22075e-05  
0.411654  0.21918  2.41059  
1.34662  0.219422  0.00098862  
0.214692  1.23241  1.45256  
0.0808058  2.85551  0.0660704  
0.573126  0.0712393  2.57572  
0.811509  0.756859  0.155827  
0.00998018  0.556981  3.73023  
0.0117046  3.56538  0.005264  
1.20621  0.328438  0.000809999  
0.528045  0.117625  2.39118  
0.179728  1.36729  1.3165  
0.412012  0.765478  1.34311  
0.382933  1.64628  7.75791e-05  
0.559993  1.1936  0.148376  
0.197441  2.22038  0.194672  
0.145106  2.4444  0.277189  
0.0576702  0.997504  2.5774  
0.765913  0.853966  0.00125314  
0.123835  0.788818  2.39077  
0.0565214  3.05669  0.000231477  
0.176138  2.35886  0.000138348  
1.15464  0.366627  0.0436507  
0.780321  0.279531  1.19331  
1.53995  0.107483  0.000190271  
1.61772  0.0738289  6.19431e-05  
0.31675  1.83153  0.0177567  
0.38995  3.57699e-05  3.585  
0.182259  0.616762  2.397  
0.0351822  2.0951  1.36236  
1.72508  0.0345508  0.0683209  
0.914777  0.613714  0.181471  
0.277073  0.0213244  3.7108  
0.00649401  2.46675  1.26965  
0.500436  0.618053  1.27198  
0.836621  0.207849  1.32856  
0.416648  1.51194  0.245471  
0.000271296  1.62135  2.39076  
0.114226  1.65423  1.21763  
0.102162  0.000339747  4.77088  
2.78916e-05  2.76951  1.1925  
0.662252  1.02838  0.00127112  
0.25317  1.17886  1.19251  
0.368705  0.250584  2.59583  
0.307504  0.339709  2.5355  
0.319351  0.99938  1.19708  
0.26869  1.09028  1.35392  
0.0486155  1.09506  2.39664  
0.885888  0.665735  0.0531866  
0.385906  3.18877e-05  3.58839  
0.341766  0.905111  1.39713  
0.0862733  0.279325  3.60358  
0.189788  2.28142  0.0437306  
0.708514  0.334992  1.28968  
0.127412  1.54008  1.51605  
0.188508  0.0966365  3.65743  
1.68434  0.0464782  0.050639  
0.506466  0.132635  2.39057  
0.502062  0.63506  1.1987  
0.764066  0.261547  1.49607  
0.00559279  2.52791  1.19269  
0.264165  1.98765  0.0801466  
1.37772  3.84107e-05  1.20303  
0.216646  1.22682  1.45385  
0.0379566  2.13265  1.19554  
1.98071  0.000207265  2.0965e-05  
0.139345  2.53104  0.00354744  
4.10414e-05  0.003305  5.863  
0.444481  0.684634  1.53898  
0.164625  0.631796  2.51421  
0.00875573  3.6136  0.026627  
0.178449  1.37855  1.28363  
0.288389  0.0151527  3.7484  
0.0265276  3.34421  0.0102571  
0.0446933  0.394156  3.64213  
0.0267815  1.1989  2.51467  
1.40869  0.168831  0.0943423  
1.92752e-05  2.77323  1.19269  
0.309937  1.0007  1.26042  
0.0144303  0.561002  3.59227  
0.554788  0.0784122  2.54307  
1.12895  0.374223  0.237284  
1.20567  0.0237246  1.19441  
0.725447  0.917789  0.000125807  
0.576156  0.525094  1.1926  
1.2566  0.269888  0.153229  
0.210128  2.16269  0.242829  
1.80679  0.0170867  0.0399521  
0.830531  0.235081  1.19256  
0.669158  0.98159  0.18886  
0.96696  0.130828  1.20335  
0.0984079  0.000312762  4.775  
0.0540283  1.93318  1.4708  
0.445311  1.46453  0.0634842  
0.20579  0.567783  2.3906  
1.00986  0.0852107  1.45388  
0.0419903  3.17133  0.0266333  
0.240969  0.0595602  3.58607  
0.0222639  2.23272  1.30533  
0.248746  1.18544  1.19602  
0.23308  0.492368  2.43517  
1.51545  0.1195  0.000220566  
0.0701181  2.93591  0.0265077  
0.890621  0.161116  1.39972  
0.000394742  1.61054  2.39154  
1.34405  0.221406  0.000390128  
0.077018  0.944168  2.41887  
0.608613  0.440632  1.48217  
0.662445  0.40678  1.1954  
0.63934  1.07022  0.000741189  
0.117652  0.784179  2.44418  
0.349531  0.301896  2.39993  
0.588969  1.14237  0.0986617  
1.58318  0.0800351  0.106739  
0.347701  1.69243  0.299235  
0.390202  1.60181  0.0881603  
0.837943  0.744457  0.000425637  
0.126334  0.191207  3.61913  
1.11048  0.0489654  1.26287  
0.397115  0.816144  1.22497  
1.07289  0.437878  0.122937  
0.946201  0.573932  0.196858  
0.000601568  0.185469  4.77598  
0.667673  0.0316109  2.39288  
0.0302749  0.0536611  4.8036  
0.337871  1.77544  4.79474e-05  
0.237927  2.10633  0.00245818  
0.769696  0.816846  0.180624  
0.000341309  3.93227  5.56644e-05  
1.01899  0.513288  0.00283097  
0.802086  0.000406747  2.415  
0.52566  1.27899  0.0634695  
0.155819  1.49884  1.19259  
3.24514e-05  0.765821  3.59227  
0.0122382  1.35656  2.41728  
0.114835  2.61283  0.204919  
0.415544  0.20495  2.46587  
0.493605  1.36888  0.000453426  
0.0828758  1.78771  1.29906  
0.107415  1.70604  1.19267  
0.0964568  2.77284  0.000462175  
0.297698  1.87445  0.0991473  
1.20081  0.33331  0.000472727  
0.158257  2.39916  0.153497  
0.522158  0.580799  1.31665  
0.293559  0.356078  2.59138  
