0.736577  1.6553  
0.720169  1.84967  
0.790309  1.59138  
2.01334  0.746936  
0.461846  0.538154  
0.179933  2.46526  
1.89064  0.488698  
0.921016  1.57045  
0.546508  1.94359  
1.60975  1.03674  
0.368438  2.20855  
2.49442  0.0579247  
2.14735  0.392402  
0.406298  0.593702  
1.66881  0.940052  
0.707843  1.51547  
0.578229  0.421771  
1.67647  0.841568  
0.419684  0.580316  
1.54869  0.904632  
0.508544  1.95333  
1.74297  0.783924  
0.833133  1.72831  
2.0569  0.320785  
0.239056  2.28635  
1.80421  0.726116  
0.925723  1.49428  
0.629476  2.02307  
1.52007  0.951616  
0.725176  2.00143  
2.37345  0.0229618  
0.480629  2.28517  
0.291702  2.05635  
0.919425  1.49968  
0.266365  2.39349  
1.9596  0.495964  
1.78774  0.589969  
1.7901  0.884202  
0.776028  1.80602  
0.533571  1.93034  
1.93992  0.50745  
0.782925  1.71871  
1.87905  0.363194  
0.643049  1.86361  
0.439296  0.560704  
0.553418  0.446582  
0.427131  0.572869  
2.28183  0.121792  
2.12564  0.38757  
0.265204  2.26171  
2.11129  0.168973  
0.178967  2.33391  
0.577234  0.422766  
0.132712  2.18367  
0.475077  1.98001  
0.496467  0.503533  
1.74671  0.735072  
0.304422  2.17773  
1.94709  0.613175  
0.616815  1.72672  
0.0563613  2.75862  
0.774726  1.75064  
2.09906  0.536069  
0.460596  0.539404  
1.09417  1.71676  
1.84353  0.425139  
2.02571  0.352032  
0.0588207  2.52509  
2.15932  0.240951  
2.31407  0.201351  
0.448829  0.551171  
0.460082  0.539918  
0.542468  1.89964  
2.3815  0.213576  
0.272325  2.14262  
2.36421  0.180891  
0.388573  1.8373  
1.64444  0.871276  
0.641627  2.02888  
0.526651  0.473349  
0.624261  1.70779  
2.10375  0.406059  
0.322061  2.09437  
0.440498  2.15167  
0.467058  0.532942  
2.099  0.334979  
0.179216  2.37447  
1.78659  0.410127  
0.774991  1.78207  
2.37208  0.213458  
2.50909  0.125641  
0.748007  1.46015  
1.87006  0.585518  
1.59085  0.935032  
1.86048  0.607948  
0.789392  1.61517  
2.36443  0.147937  
1.48034  0.820725  
0.584944  0.415056  
1.21889  0.812179  
1.80998  0.256325  
0.0730364  1.84827  
1.79216  0.114251  
0.00543065  1.94644  
1.80783  0.0128677  
0.0751403  1.75859  
0.00906172  1.75022  
0.0915796  1.715  
0.00503449  1.80445  
1.55154  0.0110434  
0.0331441  1.72618  
1.60061  0.00453377  
0.065047  1.6514  
1.39764  0.109072  
0.000633064  1.65815  
1.44215  0.00828077  
0.403311  0.596689  
1.50393e-14  2.1564  
4.11057e-13  1.55558  
0.510302  0.489698  
0.00260181  1.97475  
0.542835  0.457165  
0.556207  0.443793  
0.437815  0.562185  
0.568131  0.431869  
0.431244  0.568756  
0.468648  0.531352  
0.537502  0.462498  
0.518539  0.481461  
0.443766  0.556234  
0.403311  0.596689  
0.486883  0.513117  
0.493951  0.506049  
0.490624  0.509376  
0.599995  0.400005  
0.481259  0.518741  
0.545319  0.454681  
0.412561  0.587439  
0.512468  0.487532  
0.549975  0.450025  
1.75364  0.000416282  
0.500003  0.499997  
0.531095  0.468905  
0.427473  0.572527  
1.15  0  
0.524976  0.475024  
0.581202  0.418798  
0.400247  0.599753  
0.400014  0.599986  
0.407316  0.592684  
5.04934e-09  1.25001  
0.537502  0.462498  
0.562429  0.437571  
0.491499  0.508501  
0.456136  0.543864  
0.551894  0.448106  
0.449981  0.550019  
0.474997  0.525003  
0.406399  0.593601  
0.416319  0.583681  
0.496938  0.503062  
0.437451  0.562549  
0.50189  0.49811  
0.428031  0.571969  
0.574957  0.425043  
0.577966  0.422034  
0.424936  0.575064  
0.553377  0.446623  
0.587502  0.412498  
0.462503  0.537497  
0.545779  0.454221  
0.571054  0.428946  
0.534254  0.465746  
0.56988  0.43012  
0.459336  0.540664  
0.440398  0.559602  
0.521079  0.478921  
0.559513  0.440487  
0.434346  0.565654  
0.465493  0.534507  
0.587755  0.412245  
0.452734  0.547266  
0.410494  0.589506  
0.540833  0.459167  
0.482779  0.517221  
0.548147  0.451853  
0.408431  0.591569  
0.488152  0.511848  
0.442021  0.557979  
0.455056  0.544944  
0.460741  0.539259  
0.432733  0.567267  
0.524265  0.475735  
0.436289  0.563711  
0.533808  0.466192  
0.576932  0.423068  
0.56052  0.43948  
0.497674  0.502326  
0.537438  0.462562  
0.486653  0.513347  
0.436345  0.563655  
0.54211  0.45789  
0.479701  0.520299  
0.591678  0.408322  
0.4132  0.5868  
0.521722  0.478278  
0.425719  0.574281  
0.570536  0.429464  
0.558695  0.441305  
0.49859  0.50141  
0.428863  0.571137  
0.405098  0.594902  
0.534965  0.465035  
0.469977  0.530023  
0.449002  0.550998  
0.439349  0.560651  
0.464836  0.535164  
0.417058  0.582942  
0.572549  0.427451  
0.492323  0.507677  
0.485658  0.514342  
0.548421  0.451579  
0.541467  0.458533  
0.59534  0.40466  
0.454701  0.545299  
0.539182  0.460818  
0.510895  0.489105  
0.482812  0.517188  
0.534481  0.465519  
0.530039  0.469961  
0.418824  0.581176  
0.546288  0.453712  
0.443739  0.556261  
0.431248  0.568752  
0.406256  0.593744  
0.459376  0.540624  
0.478085  0.521915  
0.590622  0.409378  
0.496856  0.503144  
0.520281  0.479719  
0.571751  0.428249  
0.553131  0.446869  
0.583726  0.416274  
0.40001  0.59999  
0.449997  0.550003  
0.527568  0.472432  
0.506227  0.493773  
0.415453  0.584547  
0.524995  0.475005  
5.04934e-09  1.25001  
1.15  0  
0.434353  0.565647  
0.562496  0.437504  
0.487479  0.512521  
0.599999  0.400001  
0.555519  0.444481  
0.581251  0.418749  
0.503847  0.496153  
0.425009  0.574991  
0.543758  0.456242  
0.468736  0.531264  
0.57647  0.42353  
0.435545  0.564455  
0.437505  0.562495  
0.41253  0.58747  
0.515609  0.484391  
0.556583  0.443417  
0.585959  0.414041  
0.50153  0.49847  
0.464121  0.535879  
0.475875  0.524125  
0.557501  0.442499  
0.473637  0.526363  
0.569147  0.430853  
0.564725  0.435275  
0.409364  0.590636  
0.446901  0.553099  
0.428066  0.571934  
0.440536  0.559464  
0.403418  0.596582  
0.42198  0.57802  
0.560116  0.439884  
0.489963  0.510037  
0.471644  0.528356  
0.578809  0.421191  
0.461658  0.538342  
0.445569  0.554431  
0.480444  0.519556  
0.45698  0.54302  
0.513268  0.486732  
0.593085  0.406915  
0.550749  0.449251  
0.452372  0.547628  
0.522846  0.477154  
0.517899  0.482101  
0.588346  0.411654  
0.597708  0.402292  
0.499604  0.500396  
0.49449  0.50551  
0.532099  0.467901  
0.516948  0.483052  
0.414379  0.585621  
0.426637  0.573363  
0.439096  0.560904  
0.423443  0.576557  
0.429181  0.570819  
0.442007  0.557993  
0.420217  0.579783  
0.401351  0.598649  
0.435916  0.564084  
0.445267  0.554733  
0.448441  0.551559  
0.432804  0.567196  
0.404886  0.595114  
0.45571  0.54429  
0.407912  0.592088  
0.417018  0.582982  
0.458138  0.541862  
0.480843  0.519157  
0.555433  0.444567  
0.513256  0.486744  
0.461594  0.538406  
0.585946  0.414054  
0.463934  0.536066  
0.595339  0.404661  
0.539208  0.460792  
0.501534  0.498466  
0.520309  0.479691  
0.473413  0.526587  
0.534331  0.465669  
0.40638  0.59362  
0.562574  0.437426  
0.571925  0.428075  
0.515457  0.484543  
0.454621  0.545379  
0.590639  0.409361  
0.459374  0.540626  
0.418824  0.581176  
0.525001  0.474999  
0.431227  0.568773  
0.4  0.6  
0.553468  0.446532  
0.531609  0.468391  
0.496758  0.503242  
0.51094  0.48906  
0.543804  0.456196  
0.437505  0.562495  
5.04934e-09  1.25001  
1.15  0  
0.468767  0.531233  
0.541331  0.458669  
0.548775  0.451225  
0.557895  0.442105  
0.412361  0.587639  
0.482787  0.517213  
0.449997  0.550003  
0.6  0.4  
0.529633  0.470367  
0.428045  0.571955  
0.424998  0.575002  
0.546274  0.453726  
0.478456  0.521544  
0.487496  0.512504  
0.506277  0.493723  
0.44683  0.55317  
0.443663  0.556337  
0.58126  0.41874  
0.567251  0.432749  
0.57661  0.42339  
0.492168  0.507832  
0.415397  0.584603  
0.403136  0.596864  
0.434395  0.565605  
0.421947  0.578053  
0.45221  0.54779  
0.440557  0.559443  
0.409643  0.590357  
0.476017  0.523983  
0.466368  0.533632  
0.518229  0.481771  
0.49921  0.50079  
0.503995  0.496005  
0.593008  0.406992  
0.588293  0.411707  
0.527096  0.472904  
0.484936  0.515064  
0.58359  0.41641  
0.489869  0.510131  
0.569511  0.430489  
0.560387  0.439613  
0.550862  0.449138  
0.522396  0.477604  
0.59767  0.40233  
0.574012  0.425988  
0.508465  0.491535  
0.578973  0.421027  
0.471059  0.528941  
0.564628  0.435372  
0.537521  0.462479  
0.494334  0.505666  
0.428151  0.571849  
0.454705  0.545295  
0.573955  0.426045  
0.508578  0.491422  
0.492206  0.507794  
0.468768  0.531232  
0.421906  0.578094  
0.426487  0.573513  
0.6  0.4  
0.487516  0.512484  
0.417194  0.582806  
0.585901  0.414099  
0.557696  0.442304  
0.459375  0.540625  
0.435922  0.564078  
0.53661  0.46339  
0.560247  0.439753  
0.597629  0.402371  
0.515715  0.484285  
0.496857  0.503143  
0.506322  0.493678  
0.449993  0.550007  
0.410932  0.589068  
0.464053  0.535947  
0.534212  0.465788  
0.406255  0.593745  
0.473451  0.526549  
0.520365  0.479635  
0.4  0.6  
0.461702  0.538298  
0.583608  0.416392  
0.529542  0.470458  
0.593447  0.406553  
0.403126  0.596874  
0.448433  0.551567  
0.552988  0.447012  
0.409373  0.590627  
0.522695  0.477305  
0.550633  0.449367  
0.525  0.475  
0.442215  0.557785  
0.595414  0.404586  
0.437509  0.562491  
0.401563  0.598437  
0.531963  0.468037  
0.499128  0.500872  
0.538888  0.461112  
0.431279  0.568721  
0.445335  0.554665  
0.56917  0.43083  
0.57179  0.42821  
0.578942  0.421058  
0.504018  0.495982  
0.446872  0.553128  
0.425012  0.574988  
0.548159  0.451841  
0.555327  0.444673  
0.545033  0.454967  
0.562406  0.437594  
0.501698  0.498302  
0.588398  0.411602  
0.527116  0.472884  
0.576613  0.423387  
0.439079  0.560921  
0.543641  0.456359  
0.412498  0.587502  
0.51109  0.48891  
0.581143  0.418857  
0.423457  0.576543  
0.46643  0.53357  
0.546436  0.453564  
0.471115  0.528885  
0.564735  0.435265  
1.15  0  
0.494533  0.505467  
0.541367  0.458633  
0.480506  0.519494  
0.434378  0.565622  
0.42034  0.57966  
0.404688  0.595312  
0.452328  0.547672  
0.414026  0.585974  
0.407807  0.592193  
0.482868  0.517132  
0.485186  0.514814  
0.415643  0.584357  
0.432909  0.567091  
0.518074  0.481926  
0.513372  0.486628  
0.440604  0.559396  
0.590626  0.409374  
0.41834  0.58166  
0.478121  0.521879  
0.457033  0.542967  
0.429766  0.570234  
0.475756  0.524244  
0.443757  0.556243  
5.04934e-09  1.25001  
0.48988  0.51012  
0.56711  0.43289  
0.408075  0.591925  
4.95008e-09  1.25001  
0.405992  0.594008  
0.587166  0.412834  
0.555022  0.444978  
0.488734  0.511266  
0.552645  0.447355  
0.582963  0.417037  
0.584599  0.415401  
0.442489  0.557511  
0.546098  0.453902  
0.571719  0.428281  
0.483989  0.516011  
0.479113  0.520887  
0.417397  0.582603  
0.402037  0.597963  
0.53476  0.46524  
0.577727  0.422273  
0.526379  0.473621  
1.14967  0.00187432  
0.507542  0.492458  
0.502  0.498  
0.493141  0.506859  
0.569531  0.430469  
0.47167  0.52833  
0.573651  0.426349  
0.593319  0.406681  
0.457366  0.542634  
0.455859  0.544141  
0.532425  0.467575  
0.528199  0.471801  
0.477195  0.522805  
0.451548  0.548452  
0.575667  0.424333  
0.424367  0.575633  
0.433586  0.566414  
0.486697  0.513303  
0.563346  0.436654  
0.597772  0.402228  
0.419655  0.580345  
0.469523  0.530477  
0.537703  0.462297  
0.567496  0.432504  
0.497778  0.502222  
0.454042  0.545958  
0.440974  0.559026  
0.539723  0.460277  
0.404271  0.595729  
0.475307  0.524693  
0.6  0.4  
0.48088  0.51912  
0.414853  0.585147  
0.421708  0.578292  
0.559224  0.440776  
0.54211  0.45789  
0.518287  0.481713  
0.565178  0.434822  
0.495366  0.504634  
0.595519  0.404481  
0.410098  0.589902  
0.550517  0.449483  
0.523994  0.476006  
0.49983  0.50017  
0.466909  0.533091  
0.435587  0.564413  
0.444326  0.555674  
0.463247  0.536753  
0.520134  0.479866  
0.439275  0.560725  
0.41232  0.58768  
0.4  0.6  
0.544135  0.455865  
0.429205  0.570795  
0.548379  0.451621  
0.426929  0.573071  
0.561326  0.438674  
0.446778  0.553222  
0.472916  0.527084  
0.591469  0.408531  
0.50595  0.49405  
0.448821  0.551179  
0.459586  0.540414  
0.461644  0.538356  
0.46544  0.53456  
0.589127  0.410873  
0.557121  0.442879  
0.58086  0.41914  
0.490861  0.509139  
0.513559  0.486441  
0.530388  0.469612  
0.521993  0.478007  
0.437586  0.562414  
0.579412  0.420588  
0.511389  0.488611  
0.51599  0.48401  
0.504381  0.495619  
0.482723  0.517277  
0.509534  0.490466  
1.15  0  
0.431603  0.568397  
0.534206  0.465794  
0.495092  0.504908  
0.479614  0.520386  
0.589203  0.410797  
0.402113  0.597887  
0.561915  0.438085  
0.577098  0.422902  
0.441468  0.558532  
0.49076  0.50924  
1.14966  0.00200409  
0.566022  0.433978  
0.409696  0.590304  
0.488824  0.511176  
0.595327  0.404673  
0.427246  0.572754  
0.435272  0.564728  
0.556214  0.443786  
0.536092  0.463908  
0.461977  0.538023  
0.548766  0.451234  
0.468486  0.531514  
0.580693  0.419307  
0.517946  0.482054  
0.406132  0.593868  
0.527762  0.472238  
0.429473  0.570527  
0.464342  0.535658  
0.57411  0.42589  
0.451454  0.548546  
0.585441  0.414559  
0.550492  0.449508  
0.554493  0.445507  
0.525078  0.474922  
0.513495  0.486505  
0.483436  0.516564  
0.501852  0.498148  
0.572252  0.427748  
0.503506  0.496494  
0.473232  0.526768  
0.597342  0.402658  
0.505617  0.494383  
0.570951  0.429049  
0.457476  0.542524  
0.455808  0.544192  
0.413715  0.586285  
0.4  0.6  
0.563567  0.436433  
0.417954  0.582046  
0.415792  0.584208  
0.447644  0.552356  
0.6  0.4  
0.591394  0.408606  
0.449432  0.550568  
0.477506  0.522494  
0.507162  0.492838  
1.15  0  
0.543007  0.456993  
0.445523  0.554477  
0.511615  0.488385  
0.459663  0.540337  
0.404376  0.595624  
0.431922  0.568078  
0.422494  0.577506  
0.544839  0.455161  
0.433714  0.566286  
0.578704  0.421296  
0.454135  0.545865  
0.509206  0.490794  
0.546925  0.453075  
0.487295  0.512705  
0.411777  0.588223  
0.485289  0.514711  
0.470575  0.529425  
0.582907  0.417093  
0.558217  0.441783  
0.538887  0.461113  
0.568474  0.431526  
0.443517  0.556483  
0.53261  0.46739  
0.475484  0.524516  
0.541253  0.458747  
0.420719  0.579281  
6.57714e-12  1.2  
0.552414  0.447586  
0.424155  0.575845  
0.520596  0.479404  
0.437524  0.562476  
0.530384  0.469616  
0.481454  0.518546  
0.492846  0.507154  
0.439549  0.560451  
0.407894  0.592106  
0.499598  0.500402  
0.58738  0.41262  
0.593207  0.406793  
0.466642  0.533358  
0.522887  0.477113  
0.560286  0.439714  
0.516062  0.483938  
0.497392  0.502608  
0.513563  0.486437  
5.97369e-12  1.2  
0.55036  0.44964  
0.408265  0.591735  
0.475544  0.524456  
1.14966  0.00200409  
0.49419  0.50581  
0.519217  0.480783  
0.455361  0.544639  
0.570916  0.429084  
0.464124  0.535876  
0.53036  0.46964  
0.447052  0.552948  
0.415989  0.584011  
0.41195  0.58805  
0.562175  0.437825  
0.466634  0.533366  
0.554954  0.445046  
0.551778  0.448222  
0.507217  0.492783  
0.410234  0.589766  
0.591054  0.408946  
0.459614  0.540386  
0.440257  0.559743  
0.457708  0.542292  
0.594466  0.405534  
0.444811  0.555189  
0.427666  0.572334  
0.511597  0.488403  
0.532167  0.467833  
0.483986  0.516014  
0.553315  0.446685  
0.566113  0.433887  
0.423024  0.576976  
0.528492  0.471508  
0.588926  0.411074  
0.545224  0.454776  
0.473299  0.526701  
0.556377  0.443623  
0.429634  0.570366  
0.479744  0.520256  
0.515606  0.484394  
0.540561  0.459439  
0.558185  0.441815  
0.509297  0.490703  
0.581459  0.418541  
0.542277  0.457723  
0.418409  0.581591  
0.482065  0.517935  
0.406208  0.593792  
0.505036  0.494964  
0.453177  0.546823  
0.477473  0.522527  
0.580001  0.419999  
0.461624  0.538376  
0.593086  0.406914  
0.492105  0.507895  
0.469725  0.530275  
0.437443  0.562557  
0.524497  0.475503  
0.4  0.6  
0.598648  0.401352  
0.578031  0.421969  
0.402039  0.597961  
0.489949  0.510051  
0.517668  0.482332  
0.433126  0.566874  
0.560321  0.439679  
0.576045  0.423955  
0.420235  0.579765  
0.574269  0.425731  
0.471568  0.528432  
0.442213  0.557787  
0.536269  0.463731  
0.572742  0.427258  
0.53422  0.46578  
0.501485  0.498515  
1.15  0  
0.496773  0.503227  
0.485976  0.514024  
0.586701  0.413299  
0.538248  0.461752  
0.522315  0.477685  
0.41376  0.58624  
0.503035  0.496965  
0.435244  0.564756  
0.568592  0.431408  
0.563858  0.436142  
0.404101  0.595899  
0.548045  0.451955  
0.450629  0.549371  
0.498815  0.501185  
0.448934  0.551066  
0.59666  0.40334  
0.526426  0.473574  
0.584553  0.415447  
0.425518  0.574482  
0.6  0.4  
0.488039  0.511961  
0.431097  0.568903  
0.495779  0.504221  
5.56118e-12  1.2  
0.580581  0.419419  
0.576451  0.423549  
0.465037  0.534963  
0.5635  0.4365  
0.486978  0.513022  
1.14966  0.00200409  
0.515535  0.484465  
0.507785  0.492215  
0.541036  0.458964  
0.530497  0.469503  
0.412364  0.587636  
0.574675  0.425325  
0.567684  0.432316  
0.511803  0.488197  
0.481951  0.518049  
0.583014  0.416986  
0.549382  0.450618  
0.475811  0.524189  
0.447018  0.552982  
0.556802  0.443198  
0.460295  0.539705  
0.463205  0.536795  
0.551755  0.448245  
0.587022  0.412978  
0.545674  0.454326  
1.15  0  
0.591324  0.408676  
0.40581  0.59419  
0.598032  0.401968  
0.491941  0.508059  
0.534732  0.465268  
0.528596  0.471404  
0.489896  0.510104  
0.513485  0.486515  
0.472444  0.527556  
0.404047  0.595953  
0.565576  0.434424  
0.41665  0.58335  
0.499809  0.500191  
0.4  0.6  
0.449579  0.550421  
0.45219  0.54781  
0.479594  0.520406  
0.584904  0.415096  
0.433572  0.566428  
0.477824  0.522176  
0.589204  0.410796  
0.503775  0.496225  
0.6  0.4  
0.522355  0.477645  
0.547675  0.452325  
0.424301  0.575699  
0.526629  0.473371  
0.553941  0.446059  
0.407999  0.592001  
0.505501  0.494499  
0.593673  0.406327  
0.401978  0.598022  
0.414636  0.585364  
0.501922  0.498078  
0.430247  0.569753  
0.538829  0.461171  
0.569888  0.430112  
0.44334  0.55666  
0.578375  0.421625  
0.595735  0.404265  
0.485156  0.514844  
0.543162  0.456838  
0.561329  0.438671  
0.536687  0.463313  
0.454493  0.545507  
0.497796  0.502204  
0.458283  0.541717  
0.422425  0.577575  
0.517746  0.482254  
0.494005  0.505995  
0.473902  0.526098  
0.519806  0.480194  
0.435754  0.564246  
0.47048  0.52952  
0.483241  0.516759  
0.437766  0.562234  
0.509817  0.490183  
0.431695  0.568305  
0.571634  0.428366  
0.420707  0.579293  
0.418524  0.581476  
0.456291  0.543709  
0.466958  0.533042  
0.532604  0.467396  
0.441568  0.558432  
0.524616  0.475384  
0.42752  0.57248  
0.439697  0.560303  
0.410223  0.589777  
0.445071  0.554929  
0.468295  0.531705  
0.559105  0.440895  
0.454491  0.545509  
0.407537  0.592463  
0.564029  0.435971  
0.550683  0.449317  
0.539596  0.460404  
0.485645  0.514355  
0.553085  0.446915  
0.459972  0.540028  
0.507583  0.492417  
0.537566  0.462434  
0.581872  0.418128  
0.503657  0.496343  
0.413111  0.586889  
0.41739  0.58261  
0.511132  0.488868  
0.475732  0.524268  
0.458133  0.541867  
0.496256  0.503744  
0.424205  0.575795  
0.59775  0.40225  
0.425961  0.574039  
0.573539  0.426461  
0.480627  0.519373  
0.456225  0.543775  
0.571452  0.428548  
0.577612  0.422388  
0.491482  0.508518  
0.541572  0.458428  
0.461569  0.538431  
0.523094  0.476906  
0.405457  0.594543  
1.15  0  
0.466368  0.533632  
0.586775  0.413225  
0.59523  0.40477  
0.520898  0.479102  
0.450697  0.549303  
0.40159  0.59841  
0.500417  0.499583  
0.452704  0.547296  
0.448744  0.551256  
0.592749  0.407251  
0.561783  0.438217  
0.439692  0.560308  
0.421451  0.578549  
0.569647  0.430353  
5.56118e-12  1.2  
0.529333  0.470667  
0.546918  0.453082  
0.433232  0.566768  
1.14966  0.00200409  
0.414826  0.585174  
0.435713  0.564287  
0.589063  0.410937  
0.545317  0.454683  
0.512837  0.487163  
0.505835  0.494165  
0.409506  0.590494  
0.403292  0.596708  
0.531139  0.468861  
0.516952  0.483048  
0.52694  0.47306  
0.514821  0.485179  
0.473658  0.526342  
0.579559  0.420441  
0.524968  0.475032  
0.555687  0.444313  
0.430727  0.569273  
0.548567  0.451433  
0.6  0.4  
0.519167  0.480833  
0.419061  0.580939  
0.469047  0.530953  
0.533363  0.466637  
0.437426  0.562574  
0.590849  0.409151  
0.542956  0.457044  
0.471731  0.528269  
0.4  0.6  
0.483014  0.516986  
0.498282  0.501718  
0.575457  0.424543  
0.489022  0.510978  
0.535081  0.464919  
0.557684  0.442316  
0.509568  0.490432  
0.446543  0.553457  
0.502249  0.497751  
0.567816  0.432184  
0.463838  0.536162  
0.487556  0.512444  
0.478187  0.521813  
0.494098  0.505902  
0.566027  0.433973  
0.584041  0.415959  
0.427905  0.572095  
0.441646  0.558354  
0.559353  0.440647  
0.444207  0.555793  
0.411406  0.588594  
0.446058  0.553942  
5.56118e-12  1.2  
0.595685  0.404315  
0.460679  0.539321  
0.416552  0.583448  
0.597804  0.402196  
0.484868  0.515132  
0.524216  0.475784  
0.465165  0.534835  
0.543405  0.456595  
0.588222  0.411778  
0.50777  0.49223  
0.477595  0.522405  
0.540825  0.459175  
0.442277  0.557723  
0.556044  0.443956  
0.52235  0.47765  
0.563796  0.436204  
1.15  0  
0.546926  0.453074  
0.436456  0.563544  
0.426638  0.573362  
0.567986  0.432014  
0.495658  0.504342  
0.409149  0.590851  
0.510071  0.489929  
0.501959  0.498041  
0.57183  0.42817  
0.514436  0.485564  
0.4  0.6  
0.439872  0.560128  
0.467447  0.532553  
0.482186  0.517814  
0.518199  0.481801  
0.414009  0.585991  
0.526576  0.473424  
0.404173  0.595827  
0.469351  0.530649  
0.516444  0.483556  
0.424778  0.575222  
0.487307  0.512693  
0.578977  0.421023  
0.493319  0.506681  
0.506461  0.493539  
0.463108  0.536892  
0.583041  0.416959  
0.428757  0.571243  
0.420383  0.579617  
0.475962  0.524038  
0.565697  0.434303  
0.553881  0.446119  
1.14966  0.00199782  
0.411265  0.588735  
0.576368  0.423632  
0.480285  0.519715  
0.422685  0.577315  
0.532077  0.467923  
0.434502  0.565498  
0.527984  0.472016  
0.449674  0.550326  
0.448366  0.551634  
0.558041  0.441959  
0.574244  0.425756  
0.458371  0.541629  
0.489274  0.510726  
0.406736  0.593264  
0.586448  0.413552  
0.538432  0.461568  
0.438129  0.561871  
0.51234  0.48766  
0.520586  0.479414  
0.591927  0.408073  
0.473806  0.526194  
0.530181  0.469819  
0.430517  0.569483  
0.545244  0.454756  
0.455997  0.544003  
0.444188  0.555812  
0.593775  0.406225  
0.500438  0.499562  
0.47142  0.52858  
0.549261  0.450739  
0.6  0.4  
0.584674  0.415326  
0.498308  0.501692  
0.491097  0.508903  
0.402378  0.597622  
0.453831  0.546169  
0.560054  0.439946  
0.569752  0.430248  
0.418433  0.581567  
0.590025  0.409975  
0.580705  0.419295  
0.45175  0.54825  
0.551638  0.448362  
0.534136  0.465864  
0.561763  0.438237  
0.53616  0.46384  
0.504498  0.495502  
0.432831  0.567169  
