0.110266  1.8706  0.40478  
0.0996225  0.274394  1.50792  
1.45295  0.772224  0.901586  
1.79275  0.465117  0.662108  
0.0394587  0.18108  1.81479  
0.0198577  0.0354996  1.84236  
1.36728  0.717277  0.864105  
0.179473  2.13634  0.380956  
1.25727  1.13535  0.577463  
0.269926  1.82946  1.49468  
0.133425  0.0827761  1.55046  
0.42411  1.003  1.48373  
0.647731  1.81439  0.0103723  
0.53802  1.37152  1.51734  
1.21612  0.402469  1.48516  
0.78003  0.400258  1.53485  
0.991606  0.225766  1.29034  
0.15273  1.84292  0.236481  
0.919008  0.38388  1.54856  
0.2992  0.0992126  1.71192  
0.578381  0.0320944  1.90095  
0.539443  0.331938  1.10509  
0.641325  1.52498  0.0350314  
0.489531  0.0191675  1.6422  
0.560997  1.55986  1.06788  
1.32347  0.983791  1.24599  
0.391932  1.63041  0.385429  
1.27972  0.632624  1.20993  
1.08027  1.86159  0.00281493  
0.630794  1.38256  0.417106  
1.01183  0.933879  0.658751  
1.34992  0.857912  0.589798  
1.86704  0.338046  0.11912  
1.02504  1.16554  1.51989  
0.278135  0.0881605  1.92234  
0.517865  0.209939  1.8412  
1.68279  0.181553  0.673533  
0.940073  1.0299  0.55021  
1.19067  0.789328  0.762491  
0.0555296  0.00153881  1.97478  
1.70799  0.707423  1.15499  
1.69724  0.241667  0.72724  
0.00503477  0.855786  1.48953  
0.856843  0.584946  1.94165  
1.23248  0.667987  0.54575  
1.92707  0.587764  0.379679  
0.385209  0.457133  1.46134  
0.140746  0.953967  1.61528  
1.4101  1.00071  0.495815  
1.0091  1.02068  0.217028  
1.07962  1.08396  1.12835  
1.74862  0.458965  0.27559  
0.00905936  6.22853e-05  1.78729  
1.25302  0.375002  1.73356  
0.75238  0.982626  1.52506  
1.35014  0.87937  0.255809  
0.618074  0.546317  1.55005  
1.57995  0.529424  0.624942  
1.13615  0.16222  0.91189  
0.377514  0.218627  2.15721  
0.0841181  0.133599  1.59813  
0.210414  2.00787  0.0466401  
0.505822  0.466968  1.55017  
0.413047  1.02158  1.43969  
1.04243  0.968372  1.14211  
0.828596  0.832864  1.60184  
0.0911923  0.383337  1.6768  
0.771349  0.54576  1.45954  
0.161715  0.817068  1.40836  
0.836493  0.376278  1.80964  
0.69774  0.637891  1.16055  
0.178299  0.136975  1.81505  
0.545876  0.0206367  1.88151  
0.18883  0.611594  1.62318  
0.233973  1.29691  0.472513  
1.41641  0.764839  0.356068  
0.486234  1.27384  1.44626  
1.67663  0.58384  0.842594  
1.02449  0.595728  1.1955  
0.175501  1.05335  1.54515  
0.705194  1.22051  0.990675  
0.00725087  0.00398574  2.08773  
0.737436  0.594504  1.64187  
1.36442  0.582184  0.494406  
0.59431  0.637  1.7679  
0.95981  0.708213  1.44995  
0.0325523  0.832737  1.72308  
0.462834  0.985813  1.37175  
0.502385  1.80647  0.705377  
0.310562  0.534902  1.443  
0.312535  0.263618  1.48511  
0.97234  0.56849  1.44426  
0.0224667  0.259637  1.92668  
0.0439642  0.9835  1.33315  
1.11102  1.08885  1.24371  
0.27461  1.60756  1.41628  
0.713733  0.8525  1.73489  
0.916409  1.06883  1.32361  
0.0764653  0.0479781  1.60027  
0.395561  0.0752705  1.79135  
0.106718  0.004863  1.98754  
2.05932  0.877282  0.123286  
1.42312  1.96051  2.30357e-05  
0.0181937  0.0023546  2.07265  
0.115494  1.84764  1.31183e-05  
0.0772775  0.000358136  2.25109  
2.22605  0.674636  0.0093832  
0.047672  0.19626  2.03153  
0.666714  2.39752  0.615216  
2.26688  0.0042371  1.60636e-05  
0.0979853  0.358409  2.47508  
0.0833434  0.313419  2.16033  
0.0446443  0.00630866  2.19551  
0.0162912  0.0340783  2.13124  
0.0126134  0.325192  2.10056  
0.00131161  0.0465196  2.26613  
1.30264  1.51265  1.10408  
2.35112  0.986303  0.10973  
0.102956  0.000477143  2.09251  
0.00507605  0.000762411  2.19816  
1.62412  0.623394  0.812059  
0.87577  1.81868  0.0388237  
0.854562  1.85581  1.39496e-05  
2.31721  4.37154e-05  0.00101605  
0.154522  1.57144  1.12787  
1.11642  1.29332  0.677006  
8.20916e-06  0.00587836  1.59374  
0.00495561  2.14868  0.000489916  
1.07359  0.00122053  2.0335e-07  
1.26266  0.650852  1.15863  
1.80557  0.00566735  0.201777  
0.0215464  2.0777  0.484171  
1.15609  1.539  0.0738013  
0.0334606  1.72814  0.929598  
0.0263395  1.72199  1.13205  
0.116802  2.11014  1.49757e-05  
1.72023  0.0431138  0.886044  
8.90881e-05  0.00233849  1.86109  
1.85467  0.1442  0.699338  
0.000353937  2.07438  2.11289e-05  
0.0128325  0.630532  1.47871  
0.000109722  1.00513  0.00016532  
0.807012  1.89067  7.39338e-05  
1.63819  0.0436916  1.538  
0.146334  2.34099  1.28474e-05  
2.0718  0.627886  0.00873299  
0.110125  0.00501825  2.05098  
1.81141  3.41733e-05  0.0630539  
1.32276  0.00545432  1.66635  
1.89913  0.0715692  0.0212496  
8.74617e-15  5.49108e-15  1.00504  
1.23583e-06  2.1533  0.345991  
1.25952  1.49238  0.712545  
1.72341  0.424048  1.31008  
0.472229  1.98779  6.80361e-06  
2.06587  0.000535008  0.00365254  
0.0316785  1.86088  1.12848  
0.00233443  0.000295593  2.20072  
4.48307e-06  2.03982  0.106599  
1.74886  1.03701  0.00359477  
1.35543e-07  1.92028  0.497451  
2.24369  4.23283e-05  0.000983808  
0.00284263  1.23695  1.32496  
1.80429  0.00961167  1.17485  
0.874303  1.82889  3.37362e-05  
0.763506  8.75983e-06  1.66412  
2.46484e-05  1.85352  0.741727  
0.164838  2.54727e-05  1.91062  
0.664583  1.94785  1.51641e-05  
0.0766265  1.92475  0.59166  
0.341879  1.46013  1.18343  
2.36492  0.115929  1.67784e-05  
2.17206  0.106475  1.54102e-05  
4.71997e-06  2.14761  0.492253  
2.31831  0.145876  0.272695  
1.33048  1.85619  5.02091e-05  
1.67958  0.300386  1.39092  
0.000652207  1.02668e-05  2.02745  
0.639774  2.0108  0.091849  
0.0221713  0.00138942  2.01717  
0.419373  1.53185  1.39918  
7.67152e-08  1.09043e-05  2.12343  
0.101128  0.00046867  2.05535  
0.0283065  1.85059  1.1222  
0.00178138  0.0467596  2.33681  
1.90566  0.428489  0.10758  
3.3358e-06  0.018603  2.06516  
0.0089647  0.0341018  1.88412  
0.0176832  2.1556  0.0253716  
1.31812  1.85275  0.048985  
0.279949  0.513753  1.82492  
0.0290444  2.01801  0.000460169  
5.27367e-05  0.2941  2.00837  
1.53506  8.90733e-06  0.717206  
1.03664e-05  0.00742308  2.01255  
0.00192263  0.0329973  1.91752  
0.0181937  0.0023546  2.07265  
1.27961e-05  0.00327775  2.30041  
0.131943  2.11078  1.49866e-05  
0.0130289  0.00199147  2.18164  
0.982651  4.29948e-05  1.18768  
0.000188562  0.930266  1.18301  
0.175469  1.09556  0.960951  
0.03042  1.76939  0.305789  
1.46912  0.494829  4.17787e-17  
0.94087  0.260695  1.06504  
1.07186  0.310221  0.966436  
0.338927  0.521702  1.28158  
1.18784  0.768206  0.466611  
1.18814  0.995691  2.66079e-07  
1.47984  0.00841745  0.106658  
1.20864  0.0381219  0.71411  
0.48265  1.35816  0.115243  
1.45857  0.267248  0.0826268  
0.99947  1.08278  0.115219  
1.06595  0.106709  0.984636  
0.511516  1.3368  3.80614e-18  
0.294435  1.45816  7.90521e-18  
0.634407  1.24698  3.89488e-18  
1.44216  0  0.348027  
0.897304  0.633224  0.951181  
3.3523e-15  1.46922  0.308595  
1.46726  0  0.178642  
1.42023  4.16123e-12  0.363667  
3.3883e-15  1.485  1.98498e-16  
1.34219  0  0.536048  
1.08801  5.1289e-13  0.918597  
1.29291  4.13125e-20  0.569874  
7.81597e-17  2.84348e-17  1.35829  
0.00662015  0.873492  0.868039  
0.645015  0  1.36333  
0.816108  0.849007  0.46407  
0.00117087  0.858526  0.885744  
0.445645  0.00804348  0.902507  
0.978957  0.989436  6.03741e-07  
0.442551  1.402  4.3594e-17  
0.389844  1.41044  0.010405  
1.00001  8.2208e-07  1.09871e-13  
1.42346  0.0446321  0.603371  
0.00114767  0.929631  0.997461  
1.21959  3.43805e-21  0.683445  
0.903575  0.86348  0.038321  
0.256588  0.84175  0.861045  
1.40565  5.36311e-12  0.408165  
1.35107e-15  1.15333  0.732161  
2.2121e-17  5.70977e-17  1.00001  
0.0345027  1.48771  0.00480416  
0.803043  0.580534  0.775396  
0.392918  1.43442  4.00819e-17  
0.895887  0.941678  0.106684  
1.45836  0  0.241017  
1.46015  0.232016  3.17878e-17  
1.54465  4.93563e-20  0.00855689  
0.958836  0.614225  0.635581  
0.000511135  0.698902  1.09627  
1.4891  1.37289e-20  3.47475e-09  
1.49475e-05  1.48407  3.9996e-17  
1.13703  0.920172  4.94014e-20  
1.33867  0.44411  0.412679  
1.69094  1.55898e-20  1.84166e-09  
0.0185647  1.49406  0.3826  
1.09945  0  0.955145  
1.10846  0  0.937382  
7.26024e-17  4.15888e-17  1.36644  
0.032054  2.95525e-22  1.39414  
0.565183  0.00321481  1.31159  
1.58755  0  0.0019344  
0.671982  0.947296  0.768786  
0.0344594  1.48584  4.48793e-20  
1.08149e-09  1.00001  3.37614e-10  
1.4372  0.414002  0.00828543  
0.803874  0.50899  1.05665  
0.71113  0  1.32756  
1.66814  0  2.86324e-07  
8.65603e-17  1.43937e-18  1.41383  
1.48965  0.00847326  0.00233699  
0.0724639  0  1.4226  
1.00992e-16  6.70408e-20  1.64933  
0.478225  1.36149  3.88901e-17  
8.58724e-20  8.76913e-17  1.43211  
0.572313  1.35813  0.0104794  
1.01651  1.09894  0.0545008  
0.00291708  0.00188656  1.33655  
1.10004  0.783496  0.00860445  
1.23443  2.00038e-05  0.689849  
0.000943842  1.29057  0.671959  
0.91434  0.00173171  1.07694  
0.0766613  1.12239  0.948867  
0.876893  1.14401  0.124919  
0.23133  1.07353  0.879468  
1.15235  0.0025829  0.838521  
0.64365  0.678582  0.613394  
0.859409  1.25758  2.61445e-07  
0.694879  0.398048  1.13564  
1.48364  0  0.0279408  
1.01145  0.579386  0.840189  
0.78527  1.05679  0.554374  
1.69385  0  2.90737e-07  
0.386185  0.393846  1.26626  
7.37711e-17  4.22583e-17  1.38844  
0.048318  1.16233  0  
6.52775e-17  2.26366e-17  1.12834  
6.2566e-17  2.16963e-17  1.08147  
6.84292e-17  2.39845e-18  1.11822  
1.11933  0.132335  0  
5.41817e-17  3.02364e-17  1.01331  
0.286514  1.06932  0  
6.77867e-17  1.10704  0.166259  
1.13607  9.62563e-15  0.0815482  
6.36651e-17  1.03973  0.413275  
1.03536e-14  1.12968  5.66211e-06  
0.000617394  1.12313  7.04465e-17  
1.24885  3.91439e-21  0.00143984  
6.53628e-17  1.06746  0.261194  
1.08163  3.39025e-21  0.289015  
6.88485e-17  1.12438  0.00548345  
1.18239  3.70609e-21  0.0109264  
0.748647  0.935795  3.65243e-16  
0.208152  1.11323  0  
0.783386  0.884853  7.41266e-17  
0.547391  0.971858  0  
0.558726  0.150624  0.904894  
0.164995  0.868081  0.645359  
0.117982  0.447682  0.95195  
0.0468459  1.12692  0  
0.618772  0.437217  0.7965  
0.44712  0.954384  0.229287  
0.94201  0.489013  2.87744e-15  
0.458105  0.985706  0.15634  
0.562192  0.517218  0.774938  
0.597596  0.690456  0.547928  
0.638861  0.769399  8.78531e-10  
0.062135  0.963399  0.437933  
0.874257  0.673426  0.0169724  
0.18946  0.848937  0.68227  
0.951407  0.137568  0.461971  
1.13917  1.06391e-13  0.0259538  
0.706173  2.77302e-13  0.708058  
0.709412  0.743584  0.363134  
2.37202e-17  5.64514e-17  1  
0.59745  0.000306775  0.929188  
1  9.76347e-13  4.60431e-17  
0.909899  0.00619996  0.63639  
0.669475  0.525946  0.643534  
0.835502  0.419123  0.361472  
0.852296  0.237846  0.623555  
1.50204e-15  0.929743  0.583344  
0.63423  0.924237  0.00546656  
5.9603e-13  1  1.07889e-14  
0.921443  0.556713  6.75256e-17  
0.422025  0.295094  0.857317  
0.58729  0.608412  0.615363  
0.219197  0.51203  0.88656  
0.982922  0.021756  0.417586  
0.483581  0.770587  0.594904  
0.42996  0.818207  0.676947  
6.78077e-10  0.691159  0.722751  
0.882267  0.08081  0.66854  
0.371429  0.596664  0.781181  
0.778341  0.432536  0.650871  
0.34405  0.852527  0.427659  
0.956026  0.00128635  0.523117  
0.932799  8.71173e-14  0.580886  
0.804801  0.7118  0.251085  
0.621486  0.170255  0.871254  
0.17945  1.87494e-13  0.984203  
0.7827  0.636526  0.500782  
0.537153  0.628762  0.694497  
0.827031  0.739873  2.99743e-16  
0.551761  0.715488  0.638227  
0.187679  0.61091  0.872101  
0.906455  0.6093  0.00631708  
5.62179e-17  0.918107  0.654667  
0.133521  0.674952  0.868714  
0.0141336  0.956658  0.501851  
0.630654  0.71194  0.507788  
0.17746  0.898606  0.592762  
0.86037  0.659953  0.15941  
0.931762  0.194117  0.525859  
0.009824  0.493615  0.969581  
0.640421  0.0971975  0.891794  
0.0724766  0.900406  0.638078  
3.4715e-17  0.566939  0.942349  
0.33065  0.458168  0.914812  
0.0416639  0.611422  0.924886  
0.901328  0.0716832  0.648241  
0.68074  9.79516e-22  0.882143  
0.543496  0.143557  0.91482  
0.37868  0.534523  0.848735  
0.918015  0.25713  0.560104  
0.543554  0.0147446  0.966503  
0.62519  5.29708e-15  0.915807  
0.257392  0.80924  0.714681  
0.895682  0.651687  0.020004  
0.894209  1.28668e-21  0.672834  
3.82283e-17  0.624315  0.927559  
0.00771692  0.945711  0.576035  
2.99711e-17  0.489466  0.98512  
0.518897  0.995954  0.0255858  
0.609572  0.0430239  0.922242  
0.608705  0.492432  0.622084  
0.26615  0.858699  0.437951  
0.345984  2.19079e-09  0.938241  
0.452872  0.784144  0.424294  
0.70759  0.582265  0.400354  
0.597929  0.801549  4.08006e-09  
4.89722e-10  0.749313  0.662216  
0.803757  0.489394  0.338339  
0.975126  4.57943e-08  0.221653  
9.86315e-10  1  2.47686e-21  
0.265618  0.255588  0.929582  
0.740883  0.502128  0.44605  
0.914098  2.87308e-18  0.405492  
0.449857  0.893101  1.08255e-20  
0.929346  0.36921  2.48337e-19  
6.26295e-14  0.945629  0.325247  
0.859726  0.249749  0.44553  
0.418315  0.240946  0.875761  
0.319224  0.554344  0.768635  
0.334329  0.88568  0.322173  
0.717391  0.69667  2.72222e-21  
0.486296  0.284953  0.826044  
4.62962e-11  0.912306  0.409509  
0.805224  0.298467  0.512378  
0.980447  0.196786  4.2663e-09  
0.528447  0.848966  1.08255e-20  
1.10311e-14  0.603818  0.797122  
0.771156  0.636646  1.52854e-19  
0.618523  0.622222  0.479864  
0.733061  2.64804e-19  0.680163  
0.529331  0.659011  0.534334  
0.780875  0.552018  0.29373  
0.467658  0.451198  0.760076  
5.21199e-17  3.2139e-17  1  
0.804212  0.594343  1.84697e-21  
0.300578  0.953757  2.80673e-19  
0.493285  0.82198  0.284639  
1  6.01517e-20  2.03078e-19  
0.382713  0.375996  0.843895  
0.903706  0.428188  1.90974e-19  
0.551996  0.76777  0.325316  
4.91649e-15  0.876013  0.482287  
4.99589e-15  0.324781  0.945789  
0.430611  0.870652  0.237783  
0.840129  0.542386  7.48757e-19  
0.698113  0.64709  0.306621  
0.269568  0.733744  0.62366  
0.770176  0.417483  0.482221  
0.784543  2.86136e-10  0.620075  
0.358566  0.597664  0.717096  
0.40079  0.642484  0.653132  
0.562953  0.30435  0.768411  
0.515  2.17982e-18  0.85719  
0.872768  0.488135  6.2529e-19  
0.836625  0.359816  0.413028  
0.276041  0.925159  0.260541  
0.33962  0.474406  0.812156  
5.52684e-09  0.409619  0.912257  
0.665871  0.275788  0.693222  
0.71541  0.288384  0.636414  
0.435685  0.699942  0.565934  
0.756725  0.320762  0.569631  
5.80121e-10  0.706938  0.707276  
0.92317  0.262122  0.281581  
0.239605  0.970871  2.5526e-20  
0.389389  0.921101  0.0061388  
0.521982  0.511184  0.682807  
2.19902e-09  0.840768  0.541395  
0.307698  0.77107  0.559665  
0.340091  0.808364  0.480506  
0.435493  4.57561e-08  0.900192  
0.26595  0.428859  0.863337  
3.63831e-14  0.670778  0.741658  
0.675556  0.461619  0.574919  
0.60576  9.91605e-09  0.795648  
0.563424  9.4546e-19  0.826168  
0.868175  1.35977e-19  0.496259  
0.49409  0.604609  0.624759  
0.322734  0.310547  0.894093  
0.854737  0.446042  0.265463  
0.6254  0.737878  0.253793  
0.687652  1.19436e-09  0.726041  
0.649832  1.09046e-18  0.760077  
0.583985  0.377019  0.718901  
0.95722  0.289361  2.38753e-19  
2.54687e-08  0.217771  0.976  
0.636701  0.676654  0.369798  
0.660296  0.751005  1.18017e-20  
0.572241  0.70961  0.411089  
4.13599e-09  0.54338  0.839487  
0.233278  5.87282e-10  0.97241  
0.484739  0.730373  0.481233  
0.649105  0.39312  0.651244  
2.26406e-12  0.976361  0.216147  
7.42929e-15  0.482976  0.875634  
2.0028e-10  0.796204  0.605029  
0.588555  0.57349  0.569834  
0.885329  0.349419  0.306756  
0.943449  2.96533e-18  0.331519  
0.829425  1.39182e-18  0.558618  
0.403273  0.845935  0.349156  
0.814927  0.327418  0.479549  
0.545284  0.838323  1.04754e-05  
0.762545  0.294136  0.576431  
0.701261  0.470829  0.535702  
0.681778  0.671598  0.292727  
3.83342e-05  0.2381  0.971256  
0.712881  0.7013  2.0358e-06  
0.807644  0.590195  8.8191e-09  
0.234915  0.290755  0.927592  
3.4403e-16  0.680815  0.732487  
0.556  0.594265  0.581965  
0.440491  2.15248e-05  0.897831  
0.373794  3.28705e-05  0.927586  
2.39233e-16  0.844519  0.535614  
0.54464  0  0.838886  
0.608459  0.305487  0.732516  
0.440198  0.760882  0.478622  
0.487777  2.23695e-05  0.873099  
4.43078e-14  0.910017  0.4148  
0.880976  0.473785  6.86809e-10  
0.324276  0.624938  0.712896  
0.766046  0.564473  0.308897  
0.381026  0.892717  0.241055  
4.43745e-16  0.878144  0.479017  
0.282879  0.768306  0.576275  
0.61485  0.678129  0.403119  
0.976124  0.000432119  0.218791  
5.85546e-17  1.79098e-17  1  
0.747856  0.485101  0.45377  
3.09274e-06  0.448213  0.894347  
0.358307  0.406305  0.840921  
0.479357  0.322556  0.8165  
4.90463e-16  0.970595  0.240955  
0.402755  0.68907  0.602655  
0.804464  0.426592  0.413844  
0.433528  0.274038  0.8588  
4.8689e-14  1  0  
0.859494  0.297546  0.415694  
0.316745  0.860287  0.401114  
0.788258  3.5529e-05  0.615452  
0.000367357  0.566503  0.824445  
0.887873  0.313297  0.336978  
0.844252  0.536064  0.000684026  
0.739646  0.673425  2.03637e-06  
0.451839  0.436481  0.778595  
0.269874  0.498015  0.824349  
0.194292  8.60105e-05  0.980991  
0.648068  2.73524e-05  0.761601  
0.702116  0.606787  0.372793  
7.09912e-06  0.329811  0.944127  
0.643855  0.600172  0.476694  
0.443099  0.621961  0.645889  
0.54128  0.504557  0.674095  
0.891226  0.000394535  0.454551  
3.94646e-05  0.612096  0.791618  
0.642666  0.766273  2.21547e-08  
1  0  3.2772e-20  
0.638041  0.522091  0.566013  
0.362984  0.512752  0.778592  
0.488525  0.872768  0.000287911  
0.684461  0.406127  0.605699  
0.847092  0.453802  0.27663  
8.38925e-06  0.389748  0.920985  
0.967879  0.25159  0.000114776  
0.453904  0.537967  0.712707  
0.271765  0.922196  0.279574  
0.312383  0.949975  2.21529e-08  
0.542973  0.38634  0.745827  
0.699431  0.275222  0.660178  
0.506215  0.685953  0.523532  
0.677271  0.735746  2.0358e-06  
0.945  0.327147  0.000111334  
0.907251  0.420653  0.000111334  
0.757977  2.23924e-05  0.654487  
0.585248  0.000214552  0.810867  
0.00920444  0.757144  0.653235  
0.000187535  0.72702  0.686767  
0.599212  0.425134  0.678616  
0.307683  5.7654e-05  0.951536  
0.192275  0.981363  2.2153e-08  
0.267873  0.702096  0.660128  
2.57966e-16  0.510499  0.859953  
0.503242  0.81382  0.292677  
0.773941  0.633294  2.21531e-08  
0.588358  0.809437  3.27941e-20  
2.34033e-05  0.795817  0.605651  
0.857028  0.000380073  0.515484  
0.346162  0.811032  0.472309  
0.818273  3.99853e-05  0.574942  
0.406594  0.913776  0.000115168  
0.704212  0.000311746  0.710051  
0.308816  0.337822  0.889982  
0.927962  1.92288e-05  0.372784  
2.68829e-16  0.948998  0.315402  
0.607474  0.749079  0.267045  
0.533621  0.734132  0.420327  
0.952312  2.81336e-05  0.30574  
0.92398  0.382444  3.2772e-20  
0.00533793  0.650365  0.759658  
0.36036  0.763295  0.536475  
0.438722  0.898762  1.42366e-07  
5.84809e-17  0.955065  0.296493  
0.215605  0.976502  0.0150524  
0.492805  0.8703  2.07957e-07  
0.770787  9.52638e-08  0.637107  
0.862851  0.506432  0.000330519  
0.981918  0.191635  0.000496594  
0.761992  0.483923  0.431378  
0.499974  0.718849  0.483999  
0.736551  0.00075775  0.676424  
0.366789  0.62294  0.691016  
0.605749  0.588962  0.538084  
0.476062  0.822735  0.313848  
0.928932  0.270446  0.253071  
0.661155  0.557308  0.505333  
7.60878e-07  0.977034  0.2132  
0.893519  0.449166  1.26193e-10  
0.799695  0.600438  2.07932e-07  
1.81693e-07  0.786194  0.618085  
4.2214e-17  0.689408  0.724733  
0.802983  0.000282368  0.596943  
0.454981  3.42966e-05  0.890592  
5.6531e-17  2.35296e-17  1  
0.744236  0.588797  0.316092  
0.334389  0.723781  0.603723  
0.201429  0.00415488  0.979563  
8.03626e-06  0.412723  0.910881  
0.92667  0.000661348  0.376053  
0.826943  0.472656  0.309226  
0.612032  0.3173  0.724687  
0.319488  0.894253  0.313784  
0.628231  0.712094  0.31354  
0.409677  1.10531e-07  0.912255  
0.502912  0.419028  0.756117  
0.0155163  0.723089  0.690903  
0.699587  0  0.714747  
3.70719e-17  0.60543  0.795911  
4.66006e-07  0.857164  0.515058  
0.954701  8.57505e-05  0.297649  
7.28394e-07  0.820559  0.571627  
1.62999e-06  0.929805  0.368106  
0.00457954  0.19012  0.981898  
7.21493e-06  0.370542  0.928836  
0.879798  0.37002  0.298574  
0.41007  0.529666  0.742776  
0.452791  0.337605  0.825264  
0.675458  0.737414  2.07931e-07  
4.59105e-17  0.749775  0.661747  
0.54567  0.282895  0.788828  
0.519022  0.00053396  0.854813  
0.716988  0.697118  4.78442e-06  
0.410452  0.84642  0.339352  
1.49024e-07  0.274112  0.961712  
0.285953  0.419175  0.86183  
2.05001e-05  0.474417  0.880307  
0.303499  0.315474  0.899131  
5.46188e-08  0.539599  0.841937  
0.319735  0.68753  0.652008  
0.575264  0.76586  0.287462  
0.588298  0.808822  1.15544e-05  
0.302844  0.57413  0.760853  
0.98095  0  0.194436  
6.46712e-08  0.638909  0.769294  
0.666212  0.34405  0.661775  
0.661877  2.31894e-05  0.749661  
0.828213  0.560468  3.95284e-05  
0.855838  0.310395  0.413769  
0.487437  0.651457  0.581607  
0.301407  0.860398  0.411016  
0.63619  0.772165  2.0803e-07  
0.427099  0.783169  0.451949  
0.298057  7.41098e-05  0.954898  
0.91619  0.400865  1.26191e-10  
0.490699  0.552682  0.673946  
0.947622  0.319475  1.26189e-10  
5.4824e-17  0.895343  0.445378  
0.902316  0  0.431209  
6.12323e-17  1  0  
0.582431  0.677049  0.450267  
0.327501  0.469618  0.820197  
0.787801  0.53312  0.308819  
0.754272  0.656814  0.000806447  
0.583236  0.484282  0.652468  
1  0  3.0962e-21  
0.748278  0.345183  0.566724  
0.670722  0.627563  0.395479  
0.720639  0.442572  0.534632  
0.383381  0.924761  1.26322e-10  
0.286536  0.825801  0.48668  
0.525748  0.74646  0.408588  
0.326534  0.945294  3.49955e-05  
0.536766  0.843863  0.000854308  
0.577064  0.000593672  0.816729  
0.803369  0.370597  0.467538  
0.870854  0.000895918  0.491662  
0.62947  1.69831e-07  0.777344  
0.840031  3.99464e-06  0.542546  
0.352833  0.000586358  0.935751  
0.64861  0.434822  0.624859  
0.797847  0.521536  0.305155  
2.95226e-07  0.719578  0.694423  
0.313461  0.68235  0.660418  
0.609131  0.793125  0.000228501  
0.318764  0.739824  0.600163  
0.95056  0.310284  0.0153154  
0.890663  0.454832  1.18658e-05  
0.848199  0  0.529689  
0.634418  0.694431  0.33963  
2.34937e-08  0.223844  0.974631  
0.362598  0.305978  0.880687  
0.402011  0.864043  0.305091  
0.855788  0.423915  0.297019  
0.590693  0.574787  0.566601  
0.81205  1.0822e-06  0.585487  
0.650869  0.759251  1.03646e-05  
0.888353  0  0.459169  
0.747869  0.594532  0.296708  
0.268042  0.920861  0.285296  
0.977152  0.212875  1.03649e-05  
0.458438  0.739143  0.493931  
0.667585  0.489995  0.560849  
0.85639  0.290529  0.426907  
0.410409  0.913135  0.00184651  
0.402047  0.824732  0.398333  
0.386696  0.793242  0.470551  
5.58716e-09  0.974938  0.223685  
3.6367e-09  0.954224  0.300145  
0.212592  0.977974  0  
0.432918  3.42755e-08  0.901444  
0.669062  0.614527  0.418272  
6.12311e-17  3.81902e-19  1  
0.571415  0  0.82067  
0.722905  0.343771  0.601083  
0.369081  3.27118e-08  0.929433  
0.488706  0.639765  0.59322  
0.264103  0.820883  0.506613  
0.802221  0.302192  0.515252  
1  0  2.59096e-21  
0.439235  0.61865  0.651561  
0.596589  0.475274  0.647187  
1.75617e-06  0.608995  0.793211  
0.713556  0.536897  0.450777  
1.21567e-07  0.303699  0.952784  
1.51358e-07  0.378123  0.925781  
0.840826  0.542344  7.06202e-07  
0.708724  0.650902  0.272964  
0.557746  0.658574  0.505613  
0.717536  0.697123  0.00242147  
0.295481  0.501704  0.814141  
0.462184  0.886828  4.52954e-06  
0.275506  0.961568  6.09738e-06  
0.915085  3.68576e-06  0.403675  
0.29568  0.860096  0.416397  
0.77027  0.637732  4.35207e-06  
0.484006  3.56271e-08  0.87513  
0.626677  0.0250828  0.779084  
0.492979  0.300481  0.816587  
0.580507  0.303167  0.756004  
0.000185636  0.801695  0.598464  
1.1837e-09  0.859521  0.511492  
0.719585  0.00792362  0.694472  
0.343628  0.939118  3.09624e-21  
0.867495  0.497481  4.35211e-06  
0.984762  3.71885e-06  0.174079  
0.263329  0.423253  0.867281  
0.76606  2.95101e-06  0.642784  
0.283672  0.628707  0.724126  
0.37719  0.413827  0.828621  
9.1935e-10  0.667569  0.744896  
6.34003e-05  0.762843  0.647292  
0.812449  0.402446  0.422297  
0.000212883  0.919362  0.393555  
0.297173  1.32049e-06  0.954848  
0.517737  0.855571  3.56313e-06  
0.501987  0.423601  0.754243  
0.745911  0.446737  0.495189  
0.938625  1.36364e-06  0.345344  
0.563323  0.826323  1.57046e-05  
2.49494e-07  0.55812  0.830238  
0.608923  0.364693  0.704481  
0.203411  1.80284e-08  0.979109  
0.512224  0.52301  0.681388  
0.904851  0.335293  0.26534  
0.41798  0.515553  0.749281  
3.58417e-07  0.895399  0.445498  
0.567105  0.721174  0.398037  
0.660526  0.378312  0.653629  
0.691125  0.723877  0.0034064  
0.000192116  0.829679  0.558359  
6.12323e-17  1  0  
0.806625  0.592049  3.09801e-21  
0.00248396  0.433577  0.901173  
0.925636  0.378463  4.35211e-06  
1.7297e-07  0.50802  0.861356  
0.318146  0.567093  0.759782  
0.668933  1.77494e-06  0.743337  
0.513389  0.801915  0.305886  
0.533772  0.0213643  0.846257  
0.961499  3.631e-06  0.275682  
2.31882e-07  0.813034  0.582676  
1.3963e-06  0.358006  0.933745  
4.26297e-06  0.600859  0.799381  
1  0  2.59096e-21  
0.479102  0.841426  0.250497  
0.465618  0.885008  0.000169695  
0.351635  0.319963  0.879773  
1.9932e-20  6.12323e-17  1  
0.605115  0.000767641  0.796166  
3.25456e-06  0.945797  0.325023  
0.788084  0.336232  0.516261  
0.658293  2.57722e-06  0.75341  
0.44133  0.746659  0.4981  
0.263327  0.826308  0.498052  
0.911747  1.49057e-06  0.41098  
0.304476  0.50884  0.806785  
0.427902  0.828165  0.362262  
4.77303e-06  0.545814  0.838308  
0.00393392  0.486547  0.873797  
0.722467  6.27351e-06  0.693124  
0.796103  0.418275  0.441755  
0.00102787  0.657403  0.755424  
0.263793  0.933639  0.242607  
2.67368e-07  0.86847  0.496326  
0.861587  7.51763e-07  0.507642  
0.287548  0.865301  0.411016  
0.857727  0.514491  8.58325e-05  
0.716308  0.645372  0.265605  
0.742593  0.669825  3.57635e-07  
5.9716e-17  0.975237  0.221168  
0.796824  9.89812e-06  0.604231  
0.884403  1.44586e-06  0.467021  
0.350649  0.642459  0.681711  
0.408299  2.28987e-06  0.913002  
0.330713  0.000419538  0.94378  
0.568015  0.31739  0.759413  
0.000144667  0.444428  0.896064  
0.00107015  0.684448  0.731064  
0.463587  0.424461  0.778492  
0.899264  0.351427  0.261237  
0.306672  0.21892  0.928072  
0.425727  0.543171  0.726014  
0.697066  0.310939  0.646698  
0.453958  0.685868  0.569431  
0.655008  0.755639  3.57619e-07  
0.548953  0.703967  0.450893  
0.714135  0.568825  0.41154  
0.828174  7.22609e-07  0.560495  
0.336014  0.768427  0.544892  
0.765355  0.550131  0.334064  
0.783906  0.621928  5.82639e-06  
0.895837  0.445363  6.27729e-05  
0.486066  0.795102  0.363384  
6.12323e-17  1  2.70834e-21  
0.963687  1.57548e-06  0.267996  
0.556197  0.831092  3.57627e-07  
0.00109931  0.281012  0.959717  
0.347783  0.898322  0.269121  
0.70503  0.709204  3.57621e-07  
8.17904e-09  0.192565  0.981312  
0.820589  0.57167  0.000169706  
0.397959  0.917524  3.663e-06  
0.932516  0.263496  0.24787  
0.466074  0.271888  0.841967  
0.646138  0.467811  0.603271  
0.75052  0.285602  0.596477  
0.604458  0.796815  8.31228e-07  
0.561758  0.600869  0.570731  
0.221972  0.975101  2.13402e-09  
0.578863  0.742323  0.337529  
0.978268  0  0.207453  
0.933465  0.0011943  0.358719  
0.608651  0.620111  0.495068  
0.0143204  0.835521  0.549411  
0.345579  0.434112  0.832388  
0.504574  0.863664  7.16313e-05  
0.755351  6.55906e-06  0.655338  
0.30823  0.592323  0.747136  
0.85293  0.345348  0.391542  
0.186691  0  0.982449  
0.303928  0.952738  2.13401e-09  
0.687456  2.69139e-06  0.726905  
0.492276  0.000406897  0.87046  
0.934025  0.357265  6.09129e-05  
0.961496  0.274831  0.000198385  
0.00310606  0.898458  0.440041  
0.834782  0.458077  0.306295  
0.647285  0.684373  0.336176  
0.63963  0.326115  0.696137  
0.000779518  0.784921  0.619669  
0.322492  0.715217  0.620131  
0.508492  0.567496  0.647787  
0.543962  0.000795169  0.839672  
0.668425  0.5154  0.53653  
0.00320325  0.926572  0.376717  
0.980449  0.198044  2.59161e-21  
0.598975  0.441633  0.668091  
3.60028e-08  0.738258  0.67452  
0.489034  0.49193  0.720746  
0.739291  0.47215  0.480318  
0.87331  0.000180231  0.487637  
0.290573  0.459313  0.840136  
0.470186  1.6963e-05  0.882576  
0.515144  0.788234  0.337491  
0.843842  0.340247  0.417424  
0.549684  0.835469  0.000567307  
0.704351  0.421316  0.57171  
0.61491  0.642334  0.458347  
5.77528e-17  0.943175  0.332357  
0.788449  0.411501  0.457996  
0.767424  0.549005  0.332775  
0.934357  0.356492  0.000102888  
0.913599  0.406693  2.55548e-21  
5.86113e-05  0.485275  0.874388  
0.207402  0.955259  0.211532  
0.208128  0.978121  0.000102884  
0.322764  0.947234  2.55723e-21  
0.448799  0.858553  0.248798  
3.14206e-10  0.87029  0.492552  
0.758536  0.000356662  0.651662  
0.646304  0.763703  0.00589212  
0.698844  0.252146  0.669476  
0.824054  0.255068  0.505881  
0.807932  2.8848e-05  0.589306  
0.471001  0.882164  2.55548e-21  
0.951956  3.43439e-05  0.306665  
0.734237  0.677686  0.0407052  
0.333285  0.352768  0.874448  
3.29919e-10  0.913813  0.406293  
0.841515  0  0.540239  
0.666371  0.670662  0.327419  
0.482702  0.726991  0.488472  
2.73568e-10  0.757731  0.652591  
0.435323  0.636731  0.636761  
0.382977  2.07641e-07  0.923775  
0.923918  2.43014e-06  0.382991  
0.528729  0.648431  0.54843  
0.730372  0.640436  0.237939  
0.781834  0.623547  0.000237305  
0.381978  0.714624  0.586205  
4.28362e-05  0.212054  0.977267  
0.899253  3.24426e-05  0.43803  
0.000296346  0.80298  0.597319  
0.980499  0.196892  5.41579e-06  
0.540529  1.24578e-06  0.841652  
0.463977  0.520186  0.717418  
0.430734  0.406624  0.807173  
0.000741232  0.717417  0.696665  
0.330909  0.824894  0.458464  
0.560504  0.508717  0.653849  
0.517988  0.391874  0.760401  
0.906399  0.271455  0.324598  
0.672195  0.402082  0.622051  
0.290657  0.878266  0.38082  
0.295481  2.46563e-07  0.955614  
0.732049  0.504248  0.458525  
0.716119  4.06975e-06  0.698281  
0.656722  0.000135532  0.754667  
0.00206291  0.306095  0.952033  
0.59168  3.36256e-06  0.806206  
0.000660091  0.638883  0.769322  
0.516697  0.284411  0.807668  
0.848783  0.528755  2.88903e-06  
0.968155  0.00959796  0.250465  
0.446047  0.26418  0.855202  
0.868692  0.408438  0.281179  
0.313874  0.676104  0.667628  
0.312814  0.612349  0.726468  
1.24047e-08  0.975387  0.221166  
1  0  2.55599e-21  
0.327875  0.906893  0.268256  
0.265101  0.575325  0.774298  
0.353354  0.766855  0.536218  
0.816429  0.468169  0.338194  
5.5075e-09  0.433057  0.901423  
0.000532445  0.371738  0.928547  
0.352075  0.496597  0.793418  
0.225676  4.65745e-05  0.974491  
0.000308659  0.836342  0.548344  
0.689809  0.724071  5.41571e-06  
0.418624  0.832481  0.364853  
0.401738  0.91585  2.55563e-21  
0.713601  0.572946  0.403667  
0.000612733  0.593046  0.805212  
0.96014  0.280269  5.41654e-06  
0.81897  0.573849  2.88903e-06  
0.645288  0.304589  0.70097  
0.274494  0.296843  0.914679  
0.522439  0.587339  0.618504  
0.883527  0.468516  0.000567298  
0.773624  0.321684  0.546682  
1.97347e-10  0.546613  0.837439  
0.620631  0.733367  0.279605  
0.65124  0.547546  0.525592  
6.11574e-17  3.02899e-18  1  
0.582451  0.363064  0.728634  
0.00319174  0.674208  0.738562  
6.12323e-17  1  2.5554e-21  
0.598023  0.801511  5.41554e-06  
0.555972  0.70998  0.432709  
6.08282e-05  0.648147  0.761554  
0.898203  8.24238e-06  0.439698  
0.891594  0.328955  0.311554  
7.76196e-05  0.83809  0.54557  
0.548867  0.310828  0.775985  
0.744974  0.455689  0.48724  
6.65977e-05  0.721919  0.692206  
0.83615  0.00130587  0.548533  
0.271619  0.774871  0.570826  
0.606487  0.795568  6.6745e-10  
0.576335  9.1946e-06  0.81731  
0.598254  0.50584  0.622101  
0.483334  0.416444  0.772074  
0.328659  0.303441  0.894653  
0.616526  0.371275  0.694352  
0.473471  0.881671  1.22066e-10  
3.21367e-06  0.519802  0.854455  
5.96864e-17  0.974753  0.224297  
0.480338  7.52473e-06  0.877103  
0.356574  0.620285  0.699179  
8.59044e-05  0.931922  0.362919  
0.77985  0.24605  0.575658  
7.51723e-05  0.800989  0.599889  
0.618527  0.732484  0.286371  
0.206454  0.978641  2.55645e-21  
0.280857  0.416702  0.864802  
2.94828e-07  0.369932  0.929887  
0.689509  0.566367  0.452256  
0.746688  0.580525  0.325266  
0.887257  0.461439  0.00259743  
0.248906  0.562843  0.78821  
8.17075e-08  0.867662  0.497175  
0.414332  0.541311  0.736733  
0.233187  3.77011e-06  0.972481  
0.410118  8.50126e-06  0.912193  
0.716175  0.36249  0.596508  
1  0  2.556e-21  
0.539935  0.496265  0.682364  
0.801465  0.00345216  0.598795  
0.291841  0.839441  0.458459  
0.540389  8.7369e-06  0.841424  
0.859305  0.271119  0.433789  
0.728631  0.685076  3.60556e-09  
0.947998  0.323432  6.68301e-10  
0.657997  4.11945e-06  0.753259  
0.403949  0.75365  0.519146  
0.968311  0  0.249814  
0.477361  0.678695  0.55863  
0.657553  0.753652  0.000491227  
0.427304  0.904129  5.56741e-10  
0.460635  0.590395  0.663574  
0.973135  0.230575  1.10728e-09  
0.814433  0.42576  0.395107  
0.32886  0.00326883  0.946661  
0.83724  0.546906  2.15012e-06  
0.923479  0.000368845  0.383884  
0.864607  0.502677  5.47961e-05  
1.9888e-07  0.187902  0.982528  
0.695957  4.3571e-06  0.718146  
0.92685  0.375662  5.97985e-08  
0.423902  0.35842  0.831818  
0.281186  0.959896  1.4838e-10  
8.83315e-05  0.958251  0.286237  
0.316134  0.914349  0.253104  
0.498192  0.720377  0.482599  
0.524855  0.60116  0.603624  
0.464236  0.842546  0.273395  
0.729068  0.0280344  0.684033  
0.341303  0.488696  0.803092  
0.876184  1.41879e-05  0.48212  
0.679412  0.637828  0.363194  
0.543757  0.765668  0.343885  
0.661286  0.490571  0.5693  
0.621396  9.9135e-06  0.783511  
4.98879e-07  0.899319  0.437359  
6.33199e-05  0.686917  0.726857  
0.358369  0.876092  0.323987  
3.03961e-05  0.589069  0.808962  
6.99667e-05  0.759023  0.651156  
0.765354  1.22101e-05  0.643848  
0.340742  0.940202  5.56753e-10  
6.12323e-17  1  2.55593e-21  
0.808871  0.485941  0.331543  
0.367616  0.7111  0.599684  
0.609773  0.62697  0.489255  
0.76469  0.644616  5.47975e-05  
0.693643  0.720492  1.68537e-05  
4.2173e-05  0.469612  0.883025  
0.44304  0.804745  0.395201  
2.67012e-07  0.28056  0.960012  
0.525351  0.851328  3.6065e-09  
0.805937  0.319117  0.499006  
0.568802  0.822478  8.35953e-06  
0.796063  0.605416  1.21988e-10  
0.943619  0.000503094  0.331544  
0.317816  0.675381  0.668051  
0.756438  0.507853  0.412595  
0.657993  0.396246  0.640429  
2.72693e-17  5.4825e-17  1  
0.583978  0.707585  0.40107  
