2.27155  2.4944  4.24515  
2.42994  2.06241  4.27708  
1.11312  4.38066  2.79696  
1.90462  3.08859  4.55736  
1.06635  2.1663  5.86288  
0.716193  1.06451  6.30085  
1.75964  3.43404  2.65737  
1.32717  2.8432  5.0322  
1.80388  3.66456  2.56614  
0.730034  1.30007  6.35602  
0.890411  3.62831  4.15441  
1.26152  3.90834  3.99777  
0.896763  2.25773  5.6499  
1.53148  0.998396  6.35171  
1.60687  1.30685  5.14153  
0.680587  1.87853  5.90464  
1.66255  2.83457  3.37913  
1.62092  2.52503  4.27452  
1.19624  2.8749  4.89154  
1.29383  2.55384  5.56524  
2.4582  3.1493  1.99832  
1.58297  2.48299  5.4461  
1.0226  1.14184  6.41331  
0.872534  2.05496  5.79329  
0.957092  2.39135  5.80111  
2.00853  3.18455  3.18516  
2.04319  2.99793  3.47466  
1.57675  2.76404  4.78783  
2.34196  1.3291  4.64297  
1.51165  4.2191  2.00555  
2.66332  1.50066  2.85806  
1.07218  1.68526  6.06943  
1.25102  1.39064  5.84504  
1.69743  3.09127  4.45911  
1.65686  2.02982  4.83953  
1.44025  2.33575  5.30676  
0.957633  1.58183  6.15993  
1.15552  2.54352  5.06488  
1.59959  1.26031  6.05259  
1.82586  2.85415  4.25071  
1.55148  3.12937  4.13008  
1.82272  2.98285  5.14398  
1.40133  2.22993  5.90207  
1.70721  2.80596  4.62703  
1.80562  2.36987  4.69936  
0.692258  2.88491  5.24319  
1.32883  2.98817  4.24044  
1.64933  2.77366  4.84534  
0.558665  0.782815  6.382  
1.25733  2.0831  5.60397  
1.65211  3.45397  4.18114  
2.91824  1.75314  1.58336  
1.67231  4.04088  2.93332  
2.1599  1.99585  4.74187  
1.06083  1.77638  5.79852  
0.894188  4.22583  3.49206  
1.05219  2.33524  6.01728  
1.45868  0.79919  6.15035  
0.578791  3.68919  4.05028  
1.82463  2.4817  4.57355  
1.1869  3.34555  3.45228  
2.24924  1.06937  4.99897  
2.29908  3.25801  3.1157  
0.760291  1.91902  6.18784  
1.87406  2.17584  4.43318  
1.76801  2.18539  5.29242  
2.41147  3.08064  2.89971  
1.78379  3.37745  3.37837  
1.51035  2.51147  5.15336  
1.02819  1.08969  6.40451  
1.75078  2.70294  4.05824  
1.96047  1.74838  5.51042  
2.65683  1.63829  3.52681  
1.94046  2.28439  5.13816  
1.55488  1.92586  5.66488  
1.19119  3.73627  3.88844  
1.16323  1.16798  5.91446  
2.33516  2.18818  3.88095  
0.962089  2.59839  5.17496  
2.09187  3.37901  1.86475  
0.991465  2.84694  5.24629  
1.95761  3.4894  3.3874  
2.22449  1.92516  4.01363  
1.76545  2.47923  5.47324  
1.63165  1.47554  5.59335  
1.17086  3.81314  2.51054  
1.61537  1.24311  5.70223  
2.33675  2.72453  2.68035  
2.30137  1.12702  4.92227  
1.89749  2.67741  3.95239  
1.52137  3.52297  4.148  
1.69177  1.2627  5.74576  
2.56996  2.59262  1.94196  
2.28643  3.36983  2.57028  
0.700343  1.30897  6.47676  
1.83025  2.07775  5.23946  
2.32107  2.25975  3.0162  
0.961957  1.02149  6.29146  
2.22569  2.11562  4.64383  
0.835132  2.47588  5.58467  
1.55976  1.51644  4.3214  
1.06262  4.14473  0.48133  
0.640681  1.55086  6.46328  
1.59237  1.54874  4.31173  
0.26857  0.272366  6.26445  
2.28386  2.79165  0.745944  
0.970238  1.53226  6.66895  
1.54783  0.79966  5.53053  
0.517734  0.494149  6.49363  
2.04772  3.12869  0.554266  
1.66566  1.69899  4.81986  
1.18051  2.23236  5.4691  
1.00329  2.74975  5.56661  
1.96358  3.03761  0.53459  
0.924081  1.43576  5.87857  
1.10565  2.1575  5.39424  
1.72463  1.47137  4.80566  
1.58559  2.85164  4.36529  
1.50671  1.85353  5.4839  
1.7513  1.5097  4.13537  
1.65742  2.00562  3.98535  
1.15841  2.67541  4.7038  
2.025  0.823197  3.5021  
1.62671  2.21555  4.07046  
0.69785  2.8358  4.87923  
1.31831  3.62864  0.446547  
1.38189  2.6994  3.8144  
1.39491  2.29494  4.38003  
1.25918  2.84962  2.86025  
1.3771  3.58175  0.265747  
0.640363  3.27992  3.82058  
1.05274  2.88648  3.83292  
1.40509  0.704516  5.31592  
1.51934  0.255987  4.52672  
0.992096  4.25864  0.737139  
0.871473  2.07654  4.895  
0.948667  0.0814947  5.47394  
1.53732  1.49369  4.25668  
1.4071  3.0023  0.0549573  
2.05667  0.0566688  0.05799  
1.20167  2.35149  4.05658  
1.92494  2.00891  0.723633  
0.375089  3.1693  4.20608  
0.794272  3.87699  3.15253  
1.70393  1.99878  3.953  
0.892258  1.40394  5.84675  
0.380982  2.42796  5.52192  
1.07281  3.65048  1.11284  
0.00808756  4.00537  0.00537722  
0.399278  3.96751  2.87413  
0.010039  0.00435563  6.00433  
1.79768  0.829619  3.70972  
2.33507  0.33728  0.345857  
1.89066  2.39851  0.313329  
1.6474  2.51924  0.219788  
1.68616  3.40033  0.728449  
1.73276  1.65384  3.38789  
1.66299  2.0908  3.26464  
1.12821  3.532  2.2749  
0.582183  1.53675  5.72827  
1.94216  3.0162  0.513171  
1.29676  1.50458  4.63568  
1.22684  2.31513  4.81552  
0.521194  2.61104  5.17323  
0.280279  0.274243  6.27419  
1.0244  1.007  6.22825  
0.567803  2.29025  5.28431  
0.755702  3.55163  2.84798  
1.12178  3.87818  0.584468  
1.37217  3.22173  4.69533  
1.2701  1.03832  5.39354  
1.81521  0.643448  4.29972  
1.09509  1.93252  5.15179  
1.37248  1.06998  5.30433  
1.69279  1.28615  4.36797  
0.788758  2.49897  5.18435  
1.66953  0.487768  5.15845  
1.48027  2.38671  3.8051  
1.52268  1.60523  4.49377  
1.72271  1.46944  4.80373  
1.63798  1.67209  4.67251  
0.938328  1.47284  5.82178  
0.465048  3.56707  4.10609  
1.64148  1.67558  4.676  
0.846932  2.20082  5.4757  
1.1208  3.24407  3.58431  
0.782765  2.14242  5.37617  
0.593846  4.52927  0.631574  
1.03759  4.19633  0.403839  
1.93598  1.02222  3.82079  
1.38388  2.87067  4.85553  
1.40353  3.32061  3.03917  
1.19948  3.2383  4.58917  
2.26578  2.3523  0.495303  
0.545885  1.00489  6.24013  
1.85304  2.22416  3.61464  
1.29436  1.51511  5.7352  
0.990674  4.25722  0.735717  
1.67563  2.07141  4.5579  
2.08272  2.10203  3.76668  
1.59363  2.02625  3.65374  
2.09556  1.67988  2.51877  
1.25638  2.94878  3.87773  
1.05095  2.06621  5.09941  
1.25099  1.98324  4.84505  
1.3463  2.49147  4.80565  
0.605746  2.71077  5.53632  
1.22278  1.6553  5.67122  
1.4202  1.42206  5.33923  
1.96234  1.79641  3.88077  
0.803501  3.10523  3.88843  
2.08199  1.3213  2.8871  
1.84283  2.03793  2.93827  
1.44362  1.49258  5.10004  
1.78999  2.54994  2.22118  
1.2209  3.83175  0.499689  
1.31108  2.6963  4.65699  
0.67401  3.10698  4.22538  
2.20012  1.64159  0.313569  
0.769184  4.30202  0.38075  
1.95838  0.747392  4.10964  
1.46826  3.00582  2.75719  
1.93102  2.43327  0.266891  
0.692639  0.242067  5.83705  
1.69634  0.0570381  3.48647  
1.61058  2.01986  3.15333  
1.22957  0.274507  5.54228  
0.875157  3.7977  0.376998  
1.49589  1.48697  4.11337  
1.93835  2.34561  0.238383  
0.808844  3.68395  1.73815  
2.05231  0.0523145  0.0523145  
0.38392  3.68136  2.60325  
1.17882  1.41211  5.21498  
1.30138  2.81415  2.64524  
1.66944  1.56172  3.20746  
0.594031  1.37574  5.50453  
0.884869  0.469753  5.80425  
1.48779  0.700294  4.42732  
1.98022  1.51723  0.162732  
0.850618  2.06733  4.71691  
0.64221  3.19284  3.7379  
1.74579  1.90527  2.27695  
1.5142  2.35177  3.05411  
1.1534  2.24899  3.87977  
0.00781753  4.00507  0.00507373  
1.94605  0.343054  2.86386  
1.36931  2.9226  0.0463934  
1.19488  1.32282  5.37092  
0.0098267  0.00414334  6.00412  
0.341795  2.93089  4.40483  
0.929943  0.710557  5.39013  
1.88703  1.16673  2.77904  
0.731499  3.50109  2.8146  
1.20326  1.40351  4.34971  
1.60909  2.61062  0.0981076  
1.04984  2.0651  5.0983  
1.59149  0.19279  4.39328  
0.992888  2.69821  3.55637  
1.301  1.32008  5.23425  
0.368975  2.42252  4.83228  
1.82401  1.9057  0.387969  
1.94556  1.63904  2.40036  
1.03865  3.52528  0.434478  
0.894942  0.198816  5.75068  
1.08639  2.20896  4.59952  
1.49619  2.54015  3.70816  
1.30855  0.592814  5.35721  
1.09384  3.44782  2.77894  
0.693142  2.75864  4.65288  
0.908492  2.96193  4.20206  
1.37412  1.20552  5.29922  
0.800548  3.10228  3.88547  
0.604128  3.49874  3.40826  
1.24025  0.267812  5.48119  
0.703937  2.64611  4.61364  
0.865507  2.84009  4.52507  
1.30302  3.62728  0.248193  
2.29533  0.969744  1.06182  
1.47129  0.297343  4.74585  
1.96409  1.51549  2.57445  
0.743356  3.40372  3.58014  
0.129658  0.129361  6.12935  
0.663517  3.09648  4.21488  
0.821224  1.92241  5.2971  
1.56135  2.75816  2.48468  
1.88432  1.88293  3.14558  
1.06996  3.27527  3.13917  
1.77977  2.53971  2.21095  
0.805465  2.62369  4.75707  
0.862549  3.3803  2.95777  
2.09763  1.71602  0.273809  
0.770028  3.88202  2.18565  
1.45342  2.66179  3.72696  
0.753915  1.74648  5.49448  
0.369701  2.42324  4.83301  
0.515653  1.88731  5.70481  
0.567449  4.12431  1.72977  
0.733564  4.15031  0.46896  
1.63289  0.406597  5.04225  
2.10897  0.299618  1.79393  
2.12152  1.29572  1.39643  
0.818781  0.658304  5.88523  
0.0748051  4.0721  0.0721077  
1.95403  1.57175  1.49826  
1.07429  3.66748  0.306455  
1.6798  2.28821  2.26466  
1.95378  1.57151  1.49802  
1.57393  2.9032  0.416589  
1.25513  1.59283  4.66695  
1.89114  2.25001  0.281296  
1.28968  3.18405  2.03359  
0.468638  2.59468  4.8198  
0.94256  1.85937  4.83306  
0.638886  2.76142  4.54543  
1.10903  1.95186  4.80733  
0.380762  0.618818  5.99166  
1.55064  2.08669  3.55935  
0.765312  0.151526  5.85987  
1.80037  1.95495  2.18978  
1.35218  1.983  4.14506  
1.20199  1.9748  4.7043  
1.43693  0.688046  4.27755  
0.129285  3.4732  3.16481  
1.42312  1.41407  3.90998  
1.09577  2.20184  3.7971  
1.88558  1.07147  1.91402  
0.904379  1.71132  5.0256  
1.73935  2.2028  0.37093  
1.36678  1.47856  4.33822  
2.00952  1.30819  0.102538  
1.22928  0.0631685  4.91051  
0.675457  3.3417  3.17181  
0.244817  3.82083  2.07031  
0.707848  3.3663  2.70252  
0.592842  1.33282  5.49466  
0.159283  2.0374  5.41604  
0.734406  1.72093  5.26435  
1.9812  0.171848  1.66616  
1.51274  2.5168  1.83907  
1.69767  0.0782567  3.50632  
0.950785  2.639  3.50865  
0.359734  3.0045  3.99089  
1.20542  3.32205  0.267934  
1.36848  2.92076  0.047934  
1.27114  2.75658  2.59863  
2.05088  0.050879  0.050879  
0.841428  2.00536  4.60405  
1.27806  0.00202155  4.62215  
0.65589  3.06657  3.57462  
0.00770926  4.00501  0.00501189  
0.98441  3.34316  2.05969  
1.83315  0.191649  2.7752  
1.69259  1.84585  2.22407  
1.82059  1.89977  0.390251  
1.59752  2.58857  0.08374  
0.8556  3.72478  0.192034  
0.488286  0.766536  5.90247  
0.786612  3.61859  1.1054  
1.96103  1.30138  1.38737  
0.540392  2.1769  4.96795  
1.19043  3.27713  1.003  
1.61378  1.51038  3.09504  
0.920467  0.710902  5.36301  
0.009786  0.00410264  6.00408  
1.512  0.0645211  4.15645  
0.638875  3.91008  0.187834  
1.78421  1.10597  2.62711  
0.684062  0.193574  5.74167  
0.901101  2.82243  4.30099  
1.93594  1.6952  0.167103  
0.573865  1.39973  5.58191  
0.340295  2.8957  4.35695  
0.381613  3.67866  2.60238  
1.52417  2.67116  1.13034  
0.498386  3.8489  1.56664  
1.11852  0.232369  5.55804  
1.03606  3.5231  0.436099  
1.65864  0.861768  3.41988  
1.78099  2.11053  1.67021  
1.95342  0.671229  2.20597  
1.8812  1.87912  1.14358  
0.64322  1.97734  5.25682  
1.60881  2.01825  3.1516  
0.954523  0.379431  5.57994  
0.228373  2.65711  4.91051  
1.47731  2.14316  3.88779  
1.59682  1.91549  3.62816  
2.02176  1.19596  1.29667  
0.326274  3.14261  4.07441  
1.34359  2.1839  4.11361  
1.2087  1.9226  4.28755  
1.3957  1.16054  4.38741  
1.1935  1.29584  5.19597  
0.531406  1.29575  5.80452  
1.28343  3.40491  0.141737  
0.830141  1.56199  5.21788  
0.513266  2.38552  4.72601  
0.451637  1.29218  5.82203  
0.398744  1.50471  5.79592  
0.63926  2.0845  5.07856  
1.43199  2.30474  3.41823  
0.187655  3.7698  2.50223  
1.60166  2.31683  2.22506  
0.70219  2.73569  4.0491  
1.73252  1.80601  2.3062  
0.0950162  3.52486  3.1742  
0.754918  2.03818  4.91653  
0.958671  0.502779  5.51194  
1.20154  1.54139  4.75936  
0.542751  0.345021  5.99359  
0.685584  1.51297  5.31736  
1.2279  1.12949  5.00363  
1.43734  2.43488  3.2564  
1.1496  2.96327  3.23197  
1.3973  2.41025  3.53773  
0.49201  3.25995  3.84686  
1.09176  1.4047  5.11205  
0.923031  2.48692  4.36916  
0.811162  3.91564  0.189925  
0.571764  1.88192  5.18989  
0.330534  2.84476  4.29785  
0.983542  3.32509  2.0654  
0.124771  3.46452  3.15331  
1.42248  1.41342  3.90946  
0.647495  3.86731  0.256498  
0.00972188  0.00403852  6.00401  
1.48381  1.86135  2.90702  
1.69125  0.126501  3.4831  
0.702707  3.30378  2.6572  
0.588963  1.41935  5.45491  
1.22875  0.0528248  4.89905  
1.73614  2.19856  0.375403  
0.316872  2.40183  5.07381  
1.9785  0.171519  1.66328  
0.171563  2.00359  5.33454  
0.669747  0.164124  5.65822  
1.20467  3.31532  0.287288  
0.956731  2.63203  3.49675  
1.51014  0.0516854  4.15357  
1.79512  0.189299  2.64277  
0.613167  2.80333  4.1416  
1.69007  1.84232  1.66114  
1.82057  1.89954  0.394355  
1.27582  0.000640994  4.62291  
0.53999  2.1737  4.96539  
0.922274  0.711592  5.36086  
1.36787  2.92015  0.047819  
0.643516  3.005  3.51836  
0.397692  3.58208  2.80578  
0.832845  1.99441  4.56263  
1.58149  1.48372  3.039  
0.242625  3.73935  2.02898  
1.19044  3.27541  1.00503  
0.136299  3.67474  2.60041  
2.05065  0.0506508  0.0506508  
0.00766804  4.00497  0.00497067  
0.779668  3.61201  1.10909  
1.8828  1.07088  1.9115  
1.9487  0.0755734  2.07322  
0.359412  3.00233  3.98926  
1.51165  2.51141  1.8345  
1.47803  0.560537  4.5955  
1.55205  2.53185  0.214456  
1.95574  1.2735  0.180121  
1.09321  2.20042  3.79493  
0.386276  0.504467  5.89494  
1.2362  2.67447  2.51404  
0.513698  2.38531  4.71994  
0.855785  3.71137  0.206239  
0.485354  3.77978  1.53893  
1.43529  0.691116  4.2719  
1.88524  1.65392  0.0525192  
0.887482  1.09628  5.12744  
0.355697  1.42001  5.797  
1.21687  1.36442  4.50699  
1.82776  1.40211  1.92383  
1.75766  1.72118  2.58272  
1.03564  3.52169  0.47144  
1.65798  0.853297  3.41378  
0.218701  1.02836  5.9158  
0.488641  2.06801  5.32414  
1.91234  0.632342  2.1553  
0.473365  2.35037  5.14188  
1.86031  1.85793  1.18966  
1.78001  1.10482  2.62101  
0.14506  2.13408  5.29979  
1.54818  2.71294  0.144561  
0.479735  1.83521  5.49425  
0.354326  3.05705  4.11087  
0.365756  2.90293  4.21912  
0.170483  2.70982  4.66806  
0.217433  2.92664  4.36004  
1.19827  3.11602  3.17104  
0.631023  2.67428  4.32617  
1.20638  2.10652  4.42986  
0.886067  3.4198  2.63257  
0.908673  2.68144  4.09274  
1.05521  2.26322  4.1781  
0.879571  1.5162  5.16813  
1.98507  0.344643  0.76259  
1.97393  0.692663  0.00769615  
1.96659  0.571188  0.732408  
1.92956  1.01538  0.689273  
1.96704  0.0192112  1.15934  
1.9936  0.00367227  0.605128  
1.55742  2.50886  0.221255  
1.67208  2.19333  0.360927  
1.97211  0.644522  0.511723  
0.149483  3.98363  0.429117  
1.91485  0.00888099  1.74847  
1.76816  1.84052  0.617379  
1.95451  0.547471  1.08421  
1.9587  0.827034  0.193798  
1.99595  0.358637  0.0489856  
0.233872  3.74331  2.021  
1.89629  1.29546  0.00380346  
1.85571  1.23109  1.31163  
1.98821  0.17894  0.759747  
1.76044  1.75347  1.12747  
1.90395  0.624275  1.61623  
0.338244  2.83007  4.2731  
0.386419  0.502163  5.89447  
0.712183  3.29886  2.65  
0.832866  1.99505  4.56157  
1.68837  1.84033  1.65938  
1.2758  0.000399732  4.6221  
0.634683  3.79132  0.286692  
1.92712  0.0761501  1.61984  
1.87394  1.21948  1.07721  
0.139746  3.76469  2.04289  
0.672657  0.166236  5.64665  
0.586762  1.45308  5.44019  
1.48398  1.85958  2.90439  
0.539858  2.17429  4.96396  
1.90616  1.22567  0.0162709  
0.955388  2.63185  3.49534  
0.776417  3.53474  1.65993  
1.7461  0.571691  2.82317  
1.23397  2.66914  2.51072  
1.19532  1.38714  4.34165  
0.484636  3.74747  1.52562  
0.00981541  0.00385424  6.00383  
1.83104  1.04024  1.8566  
1.82346  1.65976  0.00306737  
1.36782  2.91974  0.0482211  
0.513451  2.38568  4.71807  
0.128615  3.46107  3.15351  
1.4039  0.611876  4.17882  
1.64919  0.171701  3.39457  
1.58805  1.44517  2.95327  
2.00456  0.00709976  0.005937  
0.00808828  4.00457  0.00457246  
0.359863  3.00279  3.98738  
1.5543  2.51689  0.20793  
0.89251  0.698473  5.27231  
1.74105  0.994102  2.56356  
1.78509  0.139797  2.70019  
1.42243  1.4134  3.90837  
0.779184  3.61096  1.10784  
0.994119  3.38508  1.17522  
1.46686  0.343031  4.04912  
1.77539  1.36216  1.86919  
0.181846  2.00273  5.32262  
0.643339  3.00519  3.51704  
1.09247  2.2003  3.79439  
1.17446  3.23155  0.373387  
1.20327  0.00932752  4.798  
0.402679  3.57592  2.52867  
1.48128  2.59356  1.09644  
1.97884  0.617853  0.0327923  
1.70671  2.09391  0.0306166  
1.67983  2.18517  0.013176  
1.46929  2.44186  1.78377  
0.835935  3.62088  0.545065  
1.77929  1.77662  0.672531  
1.00693  0.588571  5.11208  
1.88242  0.014199  2.10933  
1.32047  2.81786  1.58258  
0.887546  1.09376  5.1269  
1.83439  1.60563  0.00212704  
1.9707  0.0447806  1.09593  
1.29211  2.59202  2.43678  
1.93469  1.01646  0.397866  
1.34295  2.97089  0.00241689  
1.99255  0.34392  0.468429  
1.64105  1.78824  2.15949  
1.61342  0.84525  3.32105  
0.248282  1.02831  5.90181  
0.983224  3.32482  2.06477  
1.66949  2.10797  1.03313  
0.156143  3.92464  1.15073  
1.9253  0.786339  1.15185  
0.256431  3.93508  0.77077  
1.21617  2.63435  2.713  
1.84957  0.636311  2.08767  
1.66273  1.97243  1.63519  
1.85299  0.0085387  2.28596  
1.63104  0.00717224  3.4872  
0.0275988  3.97895  0.930867  
1.97078  0.707347  0.00211356  
1.96356  0.00102556  1.15691  
1.96013  0.642376  0.726688  
1.9907  0.00107749  0.606509  
1.67057  2.1908  0.358122  
1.55784  2.50563  0.228267  
0.834794  3.6182  0.55324  
0.146595  3.98  0.422538  
1.91266  0.000743625  1.76178  
0.430844  3.90728  0.00843591  
0.863755  3.60967  0.017351  
1.96802  0.645478  0.511279  
0.673031  3.76406  0.27399  
1.95606  0.831792  0.190353  
1.99256  0.364496  0.0377908  
1.94766  0.567858  1.08413  
1.76381  1.83878  0.664431  
1.89427  1.29344  0.00146798  
0.156275  3.9243  1.15  
1.85353  1.22894  1.30945  
1.85072  0.00539567  2.28063  
1.75881  1.75516  1.12438  
0.339104  2.82912  4.27282  
1.62927  0.00805539  3.48199  
1.83009  1.04103  1.85586  
1.19485  1.38722  4.34063  
0.634401  3.78964  0.286042  
1.48373  1.85962  2.90171  
0.886624  1.1122  5.12125  
1.6395  1.78673  2.15724  
1.64846  0.17118  3.39158  
0.797638  3.67079  0.0101811  
0.705845  3.30113  2.65068  
0.182232  2.00281  5.32172  
0.540075  2.17455  4.96324  
1.92618  0.0760818  1.61738  
0.99421  3.38265  1.17563  
1.67778  2.17962  0.021844  
0.587495  1.45228  5.43906  
0.643422  3.006  3.51484  
1.71593  2.05856  0.0351824  
0.242025  3.73709  2.0264  
2.00137  0.00136643  0.00136643  
1.90482  1.22544  0.0167142  
1.66566  2.10851  1.03009  
1.23354  2.66895  2.50815  
0.0098122  0.00385103  6.00382  
1.82111  1.65778  0.000783778  
0.485355  3.74675  1.52384  
1.17365  3.2302  0.397141  
1.8488  0.638061  2.08523  
1.2768  0.00030936  4.61925  
1.96703  0.0126619  1.09436  
0.955633  2.63268  3.49443  
1.36756  2.91947  0.0479578  
1.34149  2.96943  0.000949134  
1.61281  0.844403  3.31757  
1.58545  1.44262  2.95423  
0.359852  3.00307  3.98677  
1.20327  0.0100712  4.79509  
0.83281  1.99566  4.56075  
0.134099  3.64511  2.57198  
1.77487  1.3625  1.86745  
1.78529  0.139142  2.69817  
1.55376  2.5161  0.208615  
0.00900801  4.0037  0.00371163  
0.894861  0.698823  5.26626  
1.98282  0.180599  0.760116  
1.09188  2.20136  3.79384  
1.38568  1.37756  3.81139  
0.838175  3.63473  0.00153075  
1.46785  0.342705  4.04503  
0.67258  0.166209  5.64585  
0.513479  2.38632  4.71694  
0.128845  3.4614  3.15167  
1.83337  1.60479  0.00113909  
1.46948  2.44124  1.78151  
1.97756  0.615245  0.00125874  
1.73264  1.07544  2.5473  
1.87254  0.0736981  2.11253  
1.40335  0.625171  4.17413  
1.48048  2.59193  1.0948  
1.65743  1.96151  1.62678  
0.776534  3.51977  1.65893  
0.983559  3.32539  2.06163  
1.77865  1.77568  0.671137  
0.403569  3.57459  2.52586  
1.31972  2.81622  1.58063  
1.0074  0.589113  5.10954  
1.29131  2.59016  2.43411  
0.371557  3.93289  0.00186247  
1.93092  1.01658  0.398035  
0.0275754  3.95496  1.15224  
1.87191  1.21838  1.07583  
0.386476  0.501574  5.89437  
1.74327  0.579828  2.81702  
0.247441  1.02774  5.90022  
1.21254  2.62284  2.70764  
1.92455  0.783844  1.15139  
1.90176  0.630167  1.61267  
1.96941  0.708161  0.000920402  
1.95976  0.642131  0.728498  
1.96323  0.000696267  1.15658  
1.99042  0.000970645  0.60651  
1.55744  2.50594  0.224257  
0.835243  3.61654  0.554011  
0.146397  3.97974  0.422252  
1.91245  0.000525188  1.76143  
0.863789  3.60864  0.0184565  
1.95589  0.831634  0.191881  
1.96705  0.644506  0.510307  
0.67304  3.76325  0.27435  
1.99219  0.364346  0.0458044  
1.94723  0.567454  1.08327  
1.76309  1.83842  0.665245  
0.156412  3.92414  1.14831  
1.85329  1.22817  1.30914  
1.89316  1.2937  0.000554764  
1.85036  0.00624981  2.28032  
1.75838  1.75479  1.12493  
0.242814  3.73662  2.02619  
1.48369  1.85957  2.90166  
0.643524  3.00576  3.51506  
0.634468  3.78901  0.286729  
1.8299  1.04078  1.8552  
1.6482  0.171964  3.3901  
1.67028  2.19  0.358232  
1.23352  2.669  2.50747  
1.63946  1.78671  2.15567  
0.832897  1.99578  4.56072  
0.706212  3.30099  2.65029  
0.587453  1.45224  5.43901  
0.955556  2.6326  3.49435  
1.67756  2.17939  0.0194928  
0.182172  2.00276  5.32166  
1.90445  1.22497  0.0124914  
1.77859  1.77558  0.671068  
0.339259  2.82931  4.27213  
1.17363  3.2294  0.3968  
0.794365  3.67156  0.00605512  
1.84875  0.638105  2.08383  
1.09163  2.20112  3.7936  
1.97668  0.616729  0.00422176  
1.27642  0.000260123  4.62007  
1.31978  2.81578  1.57964  
1.92608  0.0763241  1.61728  
0.994682  3.38147  1.17467  
1.29156  2.58978  2.43244  
1.55364  2.51598  0.208682  
0.00980889  0.00384772  6.00382  
1.46931  2.44106  1.78168  
2.00081  0.000806585  0.000806585  
0.672811  0.166452  5.64555  
0.00937687  4.00333  0.00334872  
1.82063  1.65727  0.000299902  
0.13487  3.6355  2.56951  
1.46839  0.342804  4.04301  
1.71789  2.05018  0.0347601  
0.360008  3.00294  3.98673  
0.540043  2.17451  4.96322  
1.62897  0.109849  3.48013  
1.78526  0.138731  2.69813  
1.21225  2.62251  2.70587  
0.894728  0.69871  5.26494  
1.36751  2.91943  0.0479167  
1.58521  1.44236  2.95308  
1.38575  1.37652  3.80558  
1.92432  0.783643  1.14956  
0.513454  2.38629  4.71692  
0.48529  3.74683  1.52237  
1.20316  0.00919596  4.79392  
0.128786  3.46134  3.15161  
1.73104  1.07424  2.54545  
1.40321  0.621914  4.17367  
0.775945  3.51863  1.65805  
1.48004  2.59191  1.09414  
1.8722  0.0734218  2.11105  
0.838801  3.63268  0.00547479  
1.65715  1.96144  1.62549  
1.00717  0.589364  5.10878  
1.74319  0.573958  2.8165  
0.886748  1.11151  5.12118  
1.9669  0.0123899  1.09464  
1.83276  1.60472  0.000623722  
1.34146  2.96809  0.00230809  
0.371968  3.93118  0.00596703  
0.0274648  3.95406  1.15826  
1.93056  1.01623  0.398127  
0.403314  3.57297  2.52465  
0.431392  3.90645  0.0115516  
1.77485  1.36248  1.86735  
1.19478  1.38715  4.34056  
1.66547  2.10766  1.02927  
0.247906  1.02816  5.89968  
1.87157  1.21841  1.07485  
1.61259  0.845539  3.31652  
0.386545  0.501214  5.89433  
0.983249  3.32509  2.06132  
1.98237  0.18161  0.760508  
1.90116  0.630665  1.61215  
1.96922  0.708284  0.000945588  
1.95967  0.642032  0.728399  
1.96295  0.000475782  1.1563  
1.99031  0.00086388  0.606403  
1.67005  2.18977  0.357998  
1.55736  2.50584  0.225304  
0.835165  3.61645  0.554088  
0.146243  3.97959  0.422098  
1.91227  0.000323221  1.76109  
0.864116  3.60811  0.0183446  
1.95561  0.831843  0.191646  
1.9668  0.645001  0.510115  
0.672994  3.76303  0.274204  
1.99203  0.365021  0.0440175  
1.94698  0.567214  1.08313  
0.156491  3.92393  1.14901  
1.85318  1.22806  1.30892  
1.89301  1.29356  0.000412261  
1.85031  0.00607043  2.28038  
1.75821  1.75498  1.12483  
1.19469  1.38708  4.3402  
0.134485  3.63512  2.56913  
0.634577  3.78892  0.286721  
1.63938  1.78663  2.15578  
1.48364  1.85953  2.90162  
1.83226  1.60407  0.0886317  
0.706657  3.30034  2.64991  
0.242924  3.73655  2.0261  
1.64815  0.173131  3.39008  
0.337057  2.82854  4.27094  
1.92597  0.0762164  1.61718  
1.46871  0.342619  4.04115  
0.832833  1.99571  4.56066  
1.7629  1.83823  0.665061  
0.643498  3.00574  3.51504  
0.431233  3.90629  0.0123032  
1.23348  2.66895  2.50742  
0.12877  3.46145  3.15128  
0.18185  2.00233  5.32126  
1.71782  2.05011  0.0356632  
1.00716  0.589334  5.1086  
1.34117  2.96826  0.00131803  
1.36745  2.91937  0.0478551  
1.66533  2.10766  1.02916  
1.90431  1.22482  0.00747242  
1.17374  3.22882  0.396639  
1.09152  2.201  3.79348  
0.00980686  0.00384569  6.00382  
1.82973  1.04062  1.85504  
1.58514  1.4423  2.95302  
1.31967  2.81567  1.57953  
2.00048  0.000481193  0.000481193  
1.82061  1.65725  0.000278444  
1.27608  0.000212903  4.62077  
0.00935828  4.00331  0.00333013  
0.98324  3.32508  2.06131  
0.359696  3.00226  3.98611  
0.794233  3.67143  0.00592331  
0.994634  3.38142  1.17462  
1.55367  2.51572  0.207466  
0.247896  1.02808  5.89963  
0.587397  1.4519  5.43884  
1.93033  1.01631  0.397933  
1.78525  0.138719  2.69812  
0.371918  3.93097  0.00525577  
0.536639  2.16125  4.93279  
1.74301  0.57375  2.81606  
0.95546  2.63259  3.49429  
1.73042  1.07405  2.54462  
0.895004  0.698691  5.26437  
1.47995  2.59144  1.0941  
0.672789  0.166429  5.64553  
1.38559  1.37566  3.80527  
1.87207  0.0722832  2.11092  
0.485497  3.74665  1.52251  
1.20305  0.00928711  4.79381  
0.51342  2.38618  4.71684  
1.77848  1.77547  0.670953  
1.46932  2.441  1.78106  
1.97644  0.617089  0.00301688  
0.886843  1.11088  5.1211  
1.6774  2.17951  0.0178693  
1.29129  2.58948  2.4325  
1.40317  0.62218  4.17329  
0.776194  3.51797  1.65771  
1.62863  0.106349  3.48066  
1.65698  1.96167  1.62541  
1.96679  0.0131028  1.09502  
1.8715  1.21834  1.07478  
0.0276146  3.954  1.15823  
1.77467  1.3623  1.86717  
1.61252  0.845483  3.31661  
0.386534  0.500804  5.89422  
1.21204  2.6223  2.70564  
0.403324  3.57289  2.5246  
0.838667  3.63207  0.00597093  
1.9237  0.786663  1.14978  
1.84859  0.637967  2.0839  
1.98217  0.181791  0.760313  
1.90105  0.630731  1.61205  
1.96282  0.00029085  1.15631  
1.99023  0.00107158  0.606325  
1.66992  2.18964  0.357867  
1.95952  0.642806  0.728321  
1.55734  2.50581  0.22762  
0.835026  3.61631  0.553949  
0.146183  3.97953  0.422039  
0.431214  3.9062  0.0122198  
1.91222  0.000282169  1.76105  
0.864085  3.60795  0.020769  
1.95554  0.831777  0.19158  
1.96672  0.644935  0.510406  
0.673002  3.76279  0.272968  
1.99194  0.365273  0.0444035  
1.9469  0.56758  1.08307  
0.156468  3.92391  1.14898  
1.89289  1.2936  0.000315955  
1.8529  1.22909  1.30869  
1.85025  0.00600864  2.28031  
1.75811  1.75488  1.12473  
1.90094  0.630887  1.61196  
0.33722  2.82838  4.27088  
1.19529  1.38625  4.33987  
1.8297  1.0406  1.85501  
0.181766  2.00224  5.32117  
0.249229  3.84563  1.56042  
1.64809  0.17307  3.39002  
1.76289  1.83822  0.665049  
0.634798  3.78875  0.286706  
1.63934  1.78658  2.15574  
0.587496  1.45203  5.43827  
0.95539  2.63259  3.49424  
0.643493  3.00572  3.51507  
1.90421  1.22472  0.00657032  
1.71899  2.04578  0.0355751  
1.92597  0.0761738  1.61663  
0.706163  3.30038  2.64971  
1.23344  2.66893  2.50726  
1.17363  3.22871  0.396527  
1.82061  1.65725  0.000274287  
1.78523  0.138697  2.6981  
1.36754  2.91911  0.0478197  
1.5849  1.44206  2.95278  
1.48363  1.85947  2.90159  
1.27606  0.000199461  4.62076  
2.00045  0.000452234  0.000452234  
1.46877  0.342625  4.04089  
0.00986586  0.00376656  6.00374  
1.83222  1.60403  0.0950092  
0.0093625  4.0033  0.00331831  
1.66521  2.10753  1.02941  
0.536825  2.16164  4.93208  
0.359673  3.00234  3.98586  
1.55366  2.51571  0.207816  
1.92343  0.786717  1.15024  
0.7942  3.6714  0.0052622  
0.994584  3.38137  1.17457  
1.84844  0.637829  2.08402  
0.89537  0.698947  5.26388  
1.96676  0.0130716  1.09499  
1.09143  2.20128  3.79352  
1.77467  1.3623  1.86717  
0.832917  1.99632  4.55983  
0.135127  3.63486  2.56897  
0.776112  3.51768  1.65789  
0.672736  0.165732  5.64544  
1.38563  1.3757  3.80465  
1.20311  0.00896537  4.79352  
1.93024  1.01622  0.398157  
0.0277202  3.95388  1.15812  
0.513415  2.38614  4.71679  
0.128945  3.46139  3.15125  
0.371849  3.93077  0.00477571  
1.4693  2.44098  1.78104  
1.97642  0.617142  0.00300198  
1.73026  1.07389  2.54446  
1.29126  2.58943  2.43254  
1.40315  0.622164  4.17327  
1.87206  0.0722571  2.11082  
1.47985  2.59134  1.094  
1.65693  1.96161  1.62577  
1.77839  1.77539  0.67087  
1.00715  0.589321  5.10858  
1.67734  2.17945  0.0181386  
0.403302  3.57286  2.52458  
0.886838  1.11062  5.12104  
1.34108  2.96817  0.00131993  
1.31964  2.81564  1.5795  
0.242909  3.73654  2.02608  
0.485625  3.74654  1.52248  
0.838743  3.63167  0.00736465  
1.87132  1.2183  1.07462  
0.247893  1.0281  5.89961  
1.61248  0.84544  3.31657  
0.38652  0.500769  5.8942  
1.74293  0.573678  2.81598  
1.21191  2.62217  2.70551  
0.983387  3.3247  2.0615  
1.62847  0.109712  3.48055  
1.98206  0.181701  0.760599  
1.96275  0.00262941  1.15625  
1.99017  0.000840878  0.60647  
1.55733  2.5058  0.227607  
1.66991  2.18936  0.358364  
0.834996  3.61628  0.55392  
0.146157  3.97951  0.42192  
0.431154  3.90614  0.0123935  
1.91213  0.000646806  1.76095  
0.863993  3.60785  0.0206695  
1.95553  0.831769  0.191572  
1.96664  0.644849  0.51032  
0.672999  3.76275  0.273813  
1.99184  0.365224  0.0443786  
1.94677  0.567661  1.08312  
1.7627  1.83845  0.665091  
0.156465  3.92385  1.14942  
1.8528  1.22926  1.30863  
1.89286  1.29356  0.000280597  
1.85016  0.00596892  2.28023  
1.75803  1.75481  1.12465  
1.9009  0.630846  1.61192  
1.98202  0.181656  0.760554  
1.48361  1.85946  2.90148  
0.485622  3.74648  1.52284  
1.1958  1.38683  4.33813  
0.337216  2.82838  4.27087  
1.63922  1.78647  2.15591  
0.706141  3.30033  2.64967  
0.955243  2.63259  3.49416  
0.181905  2.0025  5.32087  
1.71948  2.04369  0.0354748  
1.17361  3.22869  0.396504  
0.587323  1.45132  5.43788  
1.69136  2.14155  0.0330267  
1.90419  1.22452  0.00653023  
0.634758  3.78871  0.286666  
1.82057  1.65709  0.000212145  
1.64806  0.173033  3.38998  
1.82967  1.04058  1.85498  
1.46928  2.44096  1.7811  
0.832781  1.99647  4.5598  
1.09115  2.20133  3.79376  
1.36753  2.9191  0.0483056  
0.249308  3.84459  1.56343  
1.77465  1.36217  1.86714  
0.00986212  0.00376283  6.00373  
1.46876  0.342615  4.04087  
2.00034  0.000340607  0.000340607  
0.643482  3.00571  3.51505  
1.78521  0.139207  2.69809  
1.21188  2.62214  2.70548  
0.994578  3.3813  1.17454  
1.27603  0.000162796  4.62072  
0.513389  2.38612  4.71676  
0.895308  0.698805  5.26381  
1.87123  1.21822  1.07483  
0.35991  3.00251  3.9852  
0.0093567  4.00329  0.00331251  
0.794168  3.67137  0.00509846  
1.92594  0.0763342  1.6166  
0.536702  2.16145  4.93207  
1.55361  2.51566  0.207769  
1.23343  2.66892  2.50725  
1.20305  0.00927347  4.79346  
1.58489  1.44204  2.95276  
0.135083  3.63482  2.56893  
0.672695  0.165691  5.6454  
1.3856  1.37567  3.80463  
1.66517  2.10749  1.02937  
0.128915  3.46136  3.15122  
0.386514  0.500764  5.89419  
1.97639  0.61711  0.00326521  
1.73021  1.07384  2.54441  
1.40297  0.6326  4.17225  
1.62842  0.109942  3.4805  
0.775996  3.51754  1.65776  
1.47978  2.59127  1.09393  
1.67729  2.1794  0.0180886  
1.87204  0.0722403  2.1108  
1.65689  1.96154  1.62573  
1.77839  1.77533  0.671046  
1.61247  0.845418  3.31646  
1.3197  2.81551  1.5795  
1.00713  0.589455  5.10843  
0.0277521  3.95384  1.15807  
0.886455  1.11752  5.1192  
1.83218  1.60399  0.0940032  
1.96675  0.0130541  1.09495  
1.29121  2.58939  2.43249  
0.9833  3.32461  2.06141  
1.34105  2.96815  0.0012943  
0.371905  3.9307  0.00515842  
0.242866  3.73655  2.02579  
1.93007  1.01606  0.399185  
0.247995  1.0284  5.89943  
1.74273  0.577552  2.81571  
0.403259  3.57282  2.52453  
0.838668  3.6316  0.00701475  
1.92336  0.786723  1.15002  
1.84841  0.637804  2.08399  
