5.34978  5.12175  
4.4367  7.66653  
6.29978  6.91267  
5.96531  4.56046  
5.24562  6.87682  
6.74664  3.98219  
5.16885  5.79751  
6.62264  7.89241  
4.99054  5.6137  
6.43604  4.77897  
4.79009  5.18274  
4.43832  8.74221  
6.29242  6.45963  
4.51386  5.26206  
5.09897  5.63264  
5.48418  7.56801  
6.44207  6.5904  
6.74525  7.10026  
4.84348  6.38083  
6.07884  4.12866  
6.82078  5.41672  
6.54912  5.43179  
6.15772  6.93926  
6.86438  6.70968  
3.74144  8.05022  
6.69025  5.90695  
5.17208  5.52298  
6.28285  7.23489  
4.09308  7.23042  
6.13541  7.0868  
5.57556  5.97151  
8.21838  7.18934  
7.37841  6.71812  
6.54587  5.30678  
8.35941  6.63175  
5.94799  4.74246  
7.20104  5.56938  
6.31973  5.82992  
5.73354  5.9557  
5.75164  5.53214  
7.13703  4.51459  
4.86018  6.751  
5.63624  7.69959  
6.4176  7.93689  
3.98227  7.12517  
5.46238  5.16664  
7.31156  5.27027  
5.55526  6.38641  
5.90293  6.55229  
5.46841  5.42811  
6.09733  5.52593  
5.95303  6.34572  
6.69548  5.64245  
4.96007  5.36737  
5.59782  5.4495  
6.94408  6.3735  
6.52604  6.67453  
4.57073  6.64406  
5.87912  5.57263  
6.04091  5.09197  
4.76838  5.47948  
5.1993  6.29144  
6.61637  5.07691  
5.19415  5.8427  
6.53082  6.39679  
5.08819  6.45987  
5.4166  4.94124  
5.8365  5.98907  
5.95051  5.43034  
7.25007  4.71744  
7.91213  4.95234  
4.77264  6.44168  
4.03088  5.24206  
5.59475  4.38777  
6.58731  5.15344  
6.82331  5.10978  
5.90539  3.61521  
5.87197  7.23321  
6.32682  5.04516  
5.21081  6.89435  
7.33759  4.53059  
6.07857  4.9582  
4.8935  7.06654  
5.36177  5.35599  
6.87831  5.91763  
6.20661  5.12863  
5.15885  5.37276  
4.20919  6.81198  
5.58847  6.35445  
6.30822  5.8844  
5.00041  8.18365  
5.403  5.32118  
4.46282  6.45063  
4.39919  5.61551  
6.3464  5.47302  
5.00641  7.42349  
5.95628  6.16379  
7.72005  5.59485  
6.17137  5.81744  
4.32286  3.84661  
4.74419  1.69653  
4.64478  6.51336  
5.88092  5.95132  
7.08747  7.33404  
5.73675  5.96997  
6.12852  5.33941  
6.15732  5.37326  
6.021  5.37326  
4.94695  5.31545  
5.52371  5.8741  
6.36447  5.94876  
6.20056  5.2953  
6.86966  5.37326  
6.10454  6.10902  
6.10982  6.44939  
6.02268  4.51676  
6.19719  6.51373  
7.44467  6.20826  
7.19551  6.32899  
7.53258  6.32965  
6.43823  4.31473  
4.13179  7.16407  
3.99832  1.15984  
5.96895  1.54443  
5.08362  2.48542  
5.34476  2.02065  
1.67087  5.85331  
4.71928  3.93783  
2.43451  4.78866  
5.9608  1.54443  
4.89558  1.77918  
3.55726  2.2439  
2.48985  2.95589  
5.63142  3.45536  
3.48416  3.47301  
1.09861  3.92857  
5.7416  4.44112  
4.90543  0.133556  
3.85378  2.55245  
0.67307  0.491392  
0.76002  4.51222  
0.439695  0.631998  
3.15232  1.43124  
0.782382  1.28009  
0.155917  0.860633  
3.14644  5.02925  
4.47158  4.57594  
1.00041  0.000291865  
0.880261  3.10491  
3.09634  5.02925  
4.04803  4.15109  
0.565007  5.44438  
4.7157  1.12615  
4.81704  3.64233  
3.74357  0.498643  
4.08473  2.04061  
6.15732  5.33129  
1.11014  2.59327  
5.32284  4.63785  
4.57701  6.7225  
3.51781  3.27352  
2.22546  7.34807  
3.13586  4.09431  
4.68122  4.04456  
1.65214  1.71867  
5.09556  2.66731  
3.97886  1.15984  
6.94243  3.69212  
6.77936  2.05284  
4.02354  4.09495  
2.4572  5.80676  
4.73208  4.5547  
4.56581  6.08738  
3.92061  2.55245  
3.88536  2.66497  
3.16166  4.09431  
5.40216  4.29165  
7.2892  3.80941  
4.02354  3.82885  
5.90634  1.54443  
3.16187  4.09571  
4.02354  4.01556  
5.1449  2.618  
3.96172  4.06933  
4.87912  3.86704  
4.01779  5.56012  
5.09451  4.01739  
4.56875  5.67794  
6.37114  4.61077  
5.27179  0.51821  
4.18455  4.98637  
6.44607  4.20571  
5.9645  1.57165  
4.04803  4.15109  
5.26837  4.73818  
3.25336  6.50101  
4.04681  4.2056  
6.77936  2.015  
4.94498  5.10885  
5.01033  4.99172  
1.51129  3.29488  
2.90964  2.99134  
2.18004  4.30553  
5.08541  6.23549  
5.10946  6.95674  
3.36342  5.28512  
3.01025  2.95916  
3.0375  3.14255  
5.03188  8.17704  
4.89632  5.57923  
4.98111  6.23549  
3.33885  2.36998  
5.39539  5.11314  
4.03106  2.06195  
2.71121  5.16566  
3.56093  3.90514  
3.51914  4.41662  
4.40367  2.11332  
5.10821  1.95509  
5.05166  2.86767  
0.789086  2.30155  
1.78261  1.27771  
2.18715  0.963725  
0.302865  3.35956  
2.53552  0.988176  
4.57947  0.65893  
1.19678  1.93232  
0.51972  2.63409  
0.469103  3.00316  
1.82486  1.03458  
3.79197  4.04248  
0.788253  2.30155  
1.38082  1.6283  
2.64342  0.621667  
0.937269  2.00222  
1.69972  1.44256  
1.30908  2.32547  
1.00004  1.79831e-05  
1.89124  1.77474  
0.264897  3.43311  
0.153517  0.854346  
3.45683  0.13798  
0.217503  0.821844  
0.84341  0.27937  
4.07175  4.55839  
0.667598  2.46222  
3.15128  0.139596  
2.45233  1.5564  
4.21627  0.022426  
1.51129  2.34204  
1.63747  0.430513  
0.858592  2.18604  
0.469643  3.00316  
0.0531203  0.978559  
0.196427  1.23201  
2.16698  4.22602  
1.80057  1.22425  
0.118102  3.66561  
2.3969  2.08301  
1.67259  0.331136  
0.154134  2.91664  
2.34063  0.732222  
0.164563  2.75582  
2.4688  0.946458  
2.90617  0.671656  
1.51129  1.91258  
0.69197  4.4483  
0.671449  0.489494  
1.86367  1.77389  
5.54335  2.70238  
4.19003  0.931732  
0.858592  2.24874  
0.917752  2.45997  
0.687394  4.01017  
3.27363  1.71141  
1.29543  2.32547  
1.37573  2.2764  
0.793894  2.30155  
1.26414  2.3601  
0.718254  3.32746  
1.60139  2.12952  
0.926169  2.46205  
5.18011  2.9708  
4.70781  0.660053  
0.687394  4.4742  
2.5723  2.03653  
4.52956  0.804309  
2.40252  2.10176  
2.03155  3.15132  
1.22569  4.17382  
1.97805  4.31425  
1.53537  1.55511  
0.687394  4.72825  
2.34399  2.99134  
0.687394  4.66467  
1.2817  2.89269  
5.76819  1.61016  
1.48063  2.38487  
2.70119  4.22602  
3.92512  3.72161  
0.681475  1.57835  
0.0309497  3.24774  
2.12228  1.03953  
0.514445  1.71817  
3.16204  0.00820352  
3.34282  1.44881e-06  
3.43729  1.34506e-06  
3.32955  0.00132563  
1.12223  1.01112  
2.03539  0.469412  
1.22656  0.951684  
1.11703  1.00727  
1.19666  0.951689  
1.3471  0.823846  
0.956511  1.2266  
2.02763  0.305089  
2.65137  0.00989243  
0.314258  1.86336  
0.677893  1.53935  
1.2655  0.851799  
1.6957  0.628233  
0.510667  1.70429  
0.000111433  3.07995  
0.0548877  2.005  
2.25733  1.34506e-06  
3.75264e-07  3.16525  
1.88599  0.351529  
1.25408  0.486046  
0.313912  1.64908  
1.73314e-06  1  
0.342227  1.58023  
1.26196  0.408261  
0.0523567  2.20172  
2.01192  0.00300199  
0.150345  1.76163  
0.627133  1.26703  
2.12567  2.3006e-06  
3.8206e-07  2.19878  
0.915013  1.02566  
0.671436  0.489449  
1.79745  0.489527  
0.291704  1.71667  
0.510667  0.629163  
1.00125  0.849248  
1.33266  0.819495  
0.052067  0.951684  
4.58586e-07  2.08283  
0.0622576  1.95438  
2.19348  6.24517e-07  
0.50913  1.70454  
0.772384  0.27759  
0.151465  0.851799  
1.11402  1.00727  
1.42894  0.819199  
2.01192  0.00523688  
0.218622  1.85942  
1  2.3006e-06  
4.93263e-07  2.04029  
0.774193  1.31809  
0.953565  0.0544347  
3.75611e-07  2.09281  
2.06979  0.0761132  
0.0518309  1.99152  
1.62331  0.731196  
0.216418  0.819494  
2.12212  0.0543755  
2.15729  1.44881e-06  
1.40106  0.251279  
0.956348  0.953671  
3.72979e-07  2.27243  
2.16139  2.3006e-06  
1.00051  1.03953  
1.26468  0.851206  
1.12223  1.00165  
0.151798  1.90073  
0.510667  1.67308  
1.63252  0.637702  
1.91486  0.27759  
0.671434  1.53334  
1.18092  0.951719  
0.953632  1.09445  
1.68849  0.626911  
0.0527119  2.04131  
0.325326  1.85759  
1  1.04309  
0.156265  1.89948  
0.0600433  2.10982  
0.97876  1.09346  
1  1.04197  
0.953576  1.10567  
0.772384  1.33728  
1.18482  0.951684  
2.82639  1.34506e-06  
4.4163e-07  3.21192  
4.58586e-07  3.12569  
0.151451  1.94714  
3.33446  2.3006e-06  
4.58586e-07  3.15728  
2.14357  1.48044e-06  
2.13564  0.0543969  
0.0502471  1.21246  
2.19974  2.18347e-10  
1.96891  2.1836e-10  
0.15019  1.14507  
0.279788  1  
1  0.260041  
0.355158  0.950086  
0.333126  0.950086  
0.670231  0.760199  
0.671475  0.747951  
0.52953  0.812927  
0.328821  0.952421  
0.523534  0.813075  
0.989691  0.31386  
0.212941  1.07336  
1.26008  0.243533  
0.329596  0.950093  
0.050867  1.21012  
0.670373  0.748095  
0.670338  0.48775  
1.23136  0.052777  
0.497823  0.812037  
0.670106  0.749765  
0.0502471  1.21011  
0.428818  0.850239  
0.670338  0.747851  
4.34015e-09  1  
0.948913  0.487813  
1.22925  0.0535605  
1.2815  2.18555e-10  
0.767235  0.530467  
0.968191  0.243533  
0.950331  0.313082  
4.34015e-09  1.26003  
0.148885  0.950236  
0.428824  0.850244  
4.34015e-09  1.26003  
1.56806  2.18358e-10  
2.00762  2.18258e-10  
0.489596  0.813704  
1.27861  2.19518e-10  
0.834304  0.404889  
1  2.19698e-10  
0.278599  1.01959  
0.150191  1.11027  
0.503863  0.617109  
0.15019  0.850245  
0.950706  0.312407  
0.767347  0.271506  
4.17013e-09  1.26009  
1.2786  2.20133e-10  
0.212848  0.813081  
1.55837  2.19647e-10  
0.950592  0.0531897  
0.342637  0.950084  
1.30352  2.18361e-10  
0.328745  0.950086  
0.0502471  0.950086  
0.49071  0.81324  
4.17013e-09  1.26004  
0.497823  0.811856  
0.950556  0.332695  
1.22918  0.0735243  
1.33331  2.1836e-10  
0.767208  0.532255  
0.433914  0.850236  
1.72145  2.1836e-10  
0.498558  0.812915  
0.00107944  1.26003  
0.278645  1  
0.212356  1.07315  
1.86992  2.18347e-10  
0.15019  1.11027  
0.212248  1.07452  
0.278599  1  
0.278623  1  
0.212031  1.07466  
0.150185  1.11029  
0.767243  0.531886  
0.211974  1.07501  
1.85515  2.18358e-10  
0.953949  0.310576  
2.54947  2.18258e-10  
1.94178  2.18347e-10  
0.0501526  1.21012  
0.0501568  1.21012  
0.675664  0.747449  
1.28286  2.18658e-10  
1.68982  2.18361e-10  
0.492973  0.813122  
0.670288  0.748324  
1.2403  0.0511848  
1.48176  0.0026204  
1.27886  2.19987e-10  
0.950929  0.311457  
1.31456  2.18362e-10  
1  0.260026  
4.34015e-09  1.26003  
0.278599  1  
0.490917  0.814486  
0.465658  0.798531  
0.757267  0.255338  
0.769998  0.255208  
0.0507851  0.95821  
0.150025  0.851  
0.754298  0.259853  
1.00057  1.92773e-10  
5.1639e-10  1.00008  
0.49832  0.613112  
0.754681  0.257961  
0.755593  0.257271  
0.200126  0.800073  
0.950052  0.0503093  
0.200099  0.800636  
0.496846  0.625659  
0.496854  0.625049  
0.200074  0.803124  
0.754304  0.258649  
0.496885  0.621003  
0.668458  0.487703  
0.693473  0.484663  
0.668433  0.487525  
0.482069  0.796842  
0.496885  0.620736  
0.668439  0.487336  
0.497094  0.615635  
5.15802e-10  1.00607  
0.497022  0.618156  
0.482012  0.796842  
0.150024  0.851363  
0.0507993  0.95001  
0.754304  0.25855  
0.200048  0.803124  
0.667928  0.49449  
0.504958  0.609032  
0.667928  0.494404  
0.496759  0.623302  
0.150023  0.854857  
0.200671  0.800009  
0.95001  0.0503093  
0.200048  0.803308  
0.757267  0.255338  
0.200104  0.800073  
0.754681  0.257222  
0.497832  0.609961  
5.1639e-10  1  
2.69379e-05  1  
0.0507851  0.95001  
0.505506  0.608891  
1  1.92773e-10  
0.754189  0.25981  
0.668459  0.48558  
0.693447  0.484663  
0.769998  0.255202  
0.496846  0.621423  
0.465399  0.797443  
1  0.000419326  
0.754157  0.262585  
0.200104  0.80008  
0.762126  0.255261  
0.465658  0.796932  
0.672446  0.484681  
0.667979  0.48848  
0.465661  0.79701  
5.15802e-10  1.00763  
0.66912  0.484807  
0.956673  0.0501025  
0.755563  0.25582  
0.0502671  0.950126  
0.754334  0.25855  
0.49832  0.609739  
0.497789  0.613267  
0.768773  0.255208  
0.0501514  0.951284  
0.497324  0.615347  
0.955343  0.0502858  
0.668026  0.487665  
0.95087  0.0502864  
0.668458  0.486711  
0.667975  0.491973  
0.496885  0.620876  
0.758782  0.255282  
0.95001  0.0506851  
1  4.75206e-05  
0.498499  0.609771  
0.150025  0.85003  
0.668459  0.48564  
0.677634  0.484681  
0.150118  0.85003  
0.762196  0.255261  
0.496874  0.621423  
0.754157  0.357066  
0.200099  0.800552  
0.506022  0.608891  
0.667979  0.489473  
0.754189  0.262585  
0.20083  0.800009  
0.496759  0.633019  
0.150023  0.854981  
0.806117  0.255202  
0.20911  0.800008  
0.479106  0.586246  
1  5.28449e-05  
0.750004  0.250008  
0.478883  0.588678  
0.656345  0.469488  
0.655895  0.470553  
0.478814  0.627338  
0.150321  0.850001  
0.75002  0.250001  
0.657245  0.469465  
0.479365  0.585915  
0.150002  0.850001  
5.158e-10  1  
0.0500012  0.966726  
0.750001  0.250001  
0.655889  0.500785  
0.478879  0.591258  
0.730363  0.469449  
0.47907  0.586265  
0.150001  0.850006  
0.750615  0.250001  
0.150002  0.850001  
0.727772  0.469449  
0.460133  0.79191  
0.478879  0.590623  
0.750615  0.250001  
0.150002  0.850002  
0.479033  0.588513  
0.479081  0.585957  
0.479031  0.586364  
4.97822e-06  1  
0.750001  0.25077  
0.2  0.800001  
0.950008  0.05001  
1  1.00299e-10  
0.150001  0.850051  
0.0500021  0.950001  
0.479266  0.585915  
0.65584  0.493266  
0.657515  0.469465  
0.750004  0.250001  
0.750001  0.250001  
0.0500012  0.950007  
0.150002  0.850001  
0.150002  0.850001  
5.158e-10  1  
0.657233  0.469465  
0.460133  0.791894  
0.656278  0.469488  
0.150002  0.850001  
0.460133  0.7919  
0.150001  0.850022  
0.460133  0.791961  
0.750016  0.250001  
5.15802e-10  1  
0.48542  0.585695  
0.657523  0.469465  
0.950008  0.0500627  
0.150321  0.850001  
0.0500021  0.950001  
0.478808  0.627338  
0.655821  0.499788  
0.47887  0.591689  
0.655894  0.470553  
0.750001  0.250001  
0.656333  0.469488  
0.150002  0.850002  
0.655894  0.470666  
0.15022  0.850001  
0.65584  0.500879  
0.478883  0.588457  
5.158e-10  1  
0.750001  0.250001  
1  1.75453e-07  
0.478808  0.640008  
0.2  0.800001  
0.479266  0.585919  
0.656278  0.469496  
0.950008  0.0500869  
0.0500083  0.950001  
0.46015  0.791894  
0.47887  0.593758  
0.750001  0.250001  
0.485587  0.585695  
0.655821  0.505347  
0.750634  0.250001  
0.150001  0.850051  
0.150324  0.850001  
0.750001  0.250886  
0.2  0.800008  
0.733063  0.469449  
0.479087  0.586364  
0.750634  0.250001  
0.150002  0.850002  
0.728748  0.469449  
0.479099  0.586239  
1  1.00299e-10  
0.479031  0.588568  
0.953345  0.05001  
1.30432e-10  1.00481  
0.15002  0.85  
0.75  0.250159  
0.600757  0.550004  
0.527695  0.550005  
0.200033  0.8  
0.640798  0.450745  
0.453206  0.550005  
0.450011  0.555979  
0.647264  0.449897  
0.15  0.85  
0.95  0.050012  
0.640805  0.450541  
0.2  0.800003  
0.75  0.25  
1.30432e-10  1  
1  1.00297e-10  
0.450025  0.550022  
0.15  0.85  
0.95  0.0500046  
0.641179  0.45018  
1.30431e-10  1  
1.30431e-10  1  
0.15  0.85  
1.30431e-10  1  
1  1.00296e-10  
1.30432e-10  1  
0.15  0.85  
0.15  0.85  
1  1.00296e-10  
0.150009  0.85  
0.0500002  0.950072  
1  1.00296e-10  
0.450038  0.550018  
0.644035  0.450034  
0.2  0.800002  
0.95  0.0500046  
0.75  0.25  
0.450012  0.554939  
0.640798  0.450216  
0.0500002  0.950012  
0.2  0.8  
1  1.00296e-10  
1.30432e-10  1  
0.15  0.85  
0.452991  0.550005  
0.0500008  0.95  
0.15  0.85  
0.75  0.25  
1.30432e-10  1  
0.450018  0.550027  
0.15  0.85  
0.598196  0.550004  
0.642081  0.450066  
0.95  0.0500095  
0.15  0.85  
0.640796  0.450541  
0.15  0.85  
1.30432e-10  1  
0.0500005  0.95  
0.95  0.0500046  
1.30432e-10  1  
1  1.00296e-10  
0.646688  0.449897  
0.75  0.250078  
0.996178  0.0500022  
0.450011  0.555959  
0.527607  0.550005  
0.0500005  0.95  
0.527544  0.550005  
0.450025  0.550022  
0.95  0.0500095  
0.641302  0.450093  
0.750002  0.25  
0.15  0.85  
1.30432e-10  1  
0.95  0.0500046  
0.450192  0.550005  
0.450025  0.550022  
1.30432e-10  1  
1.30431e-10  1  
0.15  0.85  
0.95  0.0500046  
0.15  0.85  
1  1.00296e-10  
0.15  0.85  
0.64124  0.45018  
0.150009  0.85  
0.15  0.85  
0.75  0.25  
0.450049  0.550009  
0.15  0.850002  
0.450015  0.550221  
1.30432e-10  1  
0.95  0.0500046  
1.30432e-10  1  
0.450026  0.550022  
0.452991  0.550005  
1.30431e-10  1  
1.30432e-10  1  
0.450078  0.55002  
0.613278  0.41914  
0.953428  0.0500001  
0.95  0.0502483  
0.613136  0.419402  
0.15  0.85  
0.95  0.0500092  
0.613137  0.419257  
0.613124  0.419691  
0.15  0.850031  
0.61336  0.41768  
0.450009  0.55  
0.0500015  0.95  
0.15  0.850031  
0.15  0.850031  
0.15  0.850031  
0.15  0.850031  
0.750704  0.25  
0.2  0.800023  
3.44055e-12  1  
0.613533  0.416863  
0.95  0.0500007  
0.45  0.55  
0.75  0.250123  
0.45  0.55002  
0.15  0.85  
0.45  0.55  
1  6.78984e-06  
0.0500011  0.95  
0.150004  0.85  
0.614174  0.416399  
0.05  0.95084  
0.05  0.95  
0.75  0.250004  
0.614174  0.416301  
0.15  0.85  
0.150005  0.85  
0.75  0.250002  
0.762997  0.25  
0.2  0.800023  
0.614523  0.416216  
0.613638  0.416471  
0.75  0.25  
0.75  0.250888  
3.44055e-12  1  
0.45  0.55  
1  2.89897e-08  
0.75  0.25  
0.75  0.25012  
5.10006e-12  1  
0.95  0.0505277  
0.150014  0.85  
0.150001  0.85  
0.150007  0.85  
0.75  0.25  
0.2  0.8  
1.0001  1.99216e-11  
0.613377  0.417549  
0.15  0.85  
0.45001  0.55  
0.0500093  0.95  
3.44055e-12  1  
0.613069  0.421467  
0.05  0.950841  
0.15  0.85  
0.2  0.8  
0.75  0.250865  
0.450009  0.55  
0.61336  0.417549  
0.15  0.850031  
0.2  0.800054  
0.61342  0.417283  
0.05  0.950019  
0.613124  0.419257  
3.44055e-12  1  
0.95  0.0502483  
1  1.99216e-11  
0.95  0.0502723  
0.95  0.0500001  
0.613137  0.41855  
0.45  0.55  
0.2  0.8  
0.75  0.250002  
0.613671  0.416471  
0.614391  0.416271  
0.762997  0.25  
0.95  0.0505277  
0.0500093  0.95  
0.613069  0.421469  
0.61459  0.416216  
0.15  0.850069  
0.2  0.800054  
0.613533  0.41688  
0.614422  0.416301  
0.95  0.0500007  
0.0500093  0.95  
0.15  0.85  
0.75  0.25  
0.75  0.25  
5.10006e-12  1  
1  3.07634e-15  
1  3.07634e-15  
1  3.07634e-15  
1  3.07634e-15  
1  3.07634e-15  
1  3.07634e-15  
1  3.07634e-15  
1  3.07634e-15  
1  3.07634e-15  
1  3.07634e-15  
1  3.07634e-15  
1  3.07634e-15  
1  3.07634e-15  
1  3.07634e-15  
1  3.07634e-15  
1  3.07634e-15  
1  3.07634e-15  
1  3.07634e-15  
1  3.07634e-15  
1  3.07634e-15  
1  3.07634e-15  
1  3.07634e-15  
1  3.07634e-15  
1  3.07634e-15  
0.600001  0.400003  
1  3.07634e-15  
1  3.07634e-15  
1  3.07634e-15  
1  3.07634e-15  
1  3.07634e-15  
1  3.07634e-15  
1  3.07634e-15  
1  3.07634e-15  
1  3.07634e-15  
1  3.07634e-15  
1  3.07634e-15  
1  3.07634e-15  
1  3.07634e-15  
1  3.07634e-15  
1  3.07634e-15  
1  3.07634e-15  
0.75  0.25  
1  3.07634e-15  
1  3.07634e-15  
0.200624  0.8  
0.75  0.250308  
0.2  0.8  
4.71369e-13  1  
0.15  0.850008  
1  3.07634e-15  
1  3.07634e-15  
1  3.07634e-15  
1  3.07634e-15  
0.95  0.0508034  
1  3.07634e-15  
0.15  0.85  
0.45  0.55  
1  3.07634e-15  
0.0500012  0.95  
1  3.07634e-15  
1  3.07634e-15  
0.750018  0.25  
0.45  0.550034  
1  3.07634e-15  
1  3.07634e-15  
1  3.07634e-15  
1  3.07634e-15  
1  3.07634e-15  
1  3.07634e-15  
1  3.07634e-15  
1  3.07634e-15  
1  3.07634e-15  
1  3.07634e-15  
1  3.07634e-15  
1  3.07634e-15  
1  3.07634e-15  
1  3.07634e-15  
1  3.07634e-15  
1  3.07634e-15  
1  3.07634e-15  
1  3.07634e-15  
1  3.07634e-15  
1  3.07634e-15  
1  3.07634e-15  
1  3.07634e-15  
1  3.07634e-15  
1  3.07634e-15  
1  3.07634e-15  
1  3.07634e-15  
1  3.07634e-15  
1  3.07634e-15  
1  3.07634e-15  
1  3.07634e-15  
1  3.07634e-15  
1  3.07634e-15  
1  3.07634e-15  
1  3.07634e-15  
1  3.07634e-15  
1  3.07634e-15  
1  3.07634e-15  
1  3.07634e-15  
1  3.07634e-15  
1  3.07634e-15  
1  3.07634e-15  
1  3.07634e-15  
1  3.07634e-15  
1  3.07634e-15  
1  3.07634e-15  
1  3.07634e-15  
1  3.07634e-15  
1  3.07634e-15  
1  3.07634e-15  
1  3.07634e-15  
1  3.07634e-15  
1  3.07634e-15  
1  3.07634e-15  
1  3.07634e-15  
1  3.07634e-15  
1  3.07634e-15  
1  3.07634e-15  
1  3.07634e-15  
1  3.07634e-15  
1  3.07634e-15  
1  3.07634e-15  
1  3.07634e-15  
1  3.07634e-15  
1  3.07634e-15  
1  3.07634e-15  
1  3.07634e-15  
1  3.07634e-15  
1  3.07634e-15  
1  3.07634e-15  
1  3.07634e-15  
1  3.07634e-15  
1  3.07634e-15  
1  3.07634e-15  
1  3.07634e-15  
1  3.07634e-15  
1  3.07634e-15  
1  3.07634e-15  
1  3.07634e-15  
1  3.07634e-15  
1  3.07634e-15  
1  3.07634e-15  
1  3.07634e-15  
0.600001  0.400002  
1  3.07634e-15  
1  3.07634e-15  
1  3.07634e-15  
0.2  0.8  
0.75  0.25  
1  3.07634e-15  
1  3.07634e-15  
4.7121e-13  1  
1  3.07634e-15  
0.45  0.55  
1  3.07634e-15  
1  3.07634e-15  
0.0775656  0.95  
1  3.07634e-15  
1  3.07634e-15  
0.15  0.85  
0.600001  0.401994  
1  3.07634e-15  
1  3.07634e-15  
1  3.07634e-15  
0.0515542  0.95  
1  3.07634e-15  
0.95  0.054856  
1  3.07634e-15  
1  3.07634e-15  
1  3.07634e-15  
1  3.07634e-15  
1  3.07634e-15  
1  3.07634e-15  
1  3.07634e-15  
1  3.07634e-15  
1  3.07634e-15  
1  3.07634e-15  
1  3.07634e-15  
1  3.07634e-15  
1  3.07634e-15  
1  3.07634e-15  
1  3.07634e-15  
1  3.07634e-15  
1  3.07634e-15  
1  3.07634e-15  
1  3.07634e-15  
1  3.07634e-15  
1  3.07634e-15  
1  3.07634e-15  
1  3.07634e-15  
1  3.07634e-15  
1  3.07634e-15  
1  3.07634e-15  
1  3.07634e-15  
1  3.07634e-15  
1  3.07634e-15  
1  3.07634e-15  
1  3.07634e-15  
