1.27103  4.61691  
0.806002  4.56045  
1.24678  2.56446  
1.49946  3.57801  
1.50839  3.16663  
1.17374  4.24533  
0.813211  4.45112  
0.84616  3.15711  
1.38666  2.5225  
0.911866  4.24879  
1.26054  3.27621  
1.62186  4.49605  
1.20027  3.27651  
1.22672  4.4095  
1.17269  3.84024  
1.21928  2.42172  
1.62282  4.50326  
0.960147  2.9625  
1.78221  1.42502  
1.68353  4.47449  
0.912551  3.19424  
1.28657  3.51286  
0.900579  3.75779  
1.11237  4.1413  
0.927914  2.99832  
0.933248  3.46388  
0.681307  3.80839  
0.971724  3.14435  
1.08995  3.94785  
0.609788  3.68469  
0.973667  3.34147  
1.74627  3.9938  
1.02314  3.48135  
1.37754  2.22892  
1.37805  2.40162  
1.15981  4.36496  
1.83515  3.45364  
2.19294  3.92115  
1.47501  2.76752  
1.15879  4.5223  
0.80505  2.80257  
1.36666  2.12835  
1.32298  2.4177  
1.03749  3.12554  
1.18932  3.04677  
1.43093  2.3162  
0.862604  3.29248  
1.15725  4.57005  
1.59902  3.99219  
0.74601  4.52631  
1.57109  3.4393  
1.44861  2.26837  
0.989907  3.31222  
1.48521  2.86615  
1.28719  2.87723  
1.22943  4.64399  
2.13148  4.07945  
0.86295  3.78597  
1.13512  4.50768  
0.872585  4.51751  
0.680312  4.28841  
1.36595  2.96645  
1.01674  3.83484  
1.08036  4.45054  
0.883101  3.42648  
1.10226  4.40622  
0.744644  4.48188  
0.813959  4.36195  
0.971191  3.89587  
1.10801  4.52357  
1.2876  3.0463  
1.10158  3.58317  
0.93945  3.83239  
1.10706  4.46443  
0.954659  3.53028  
1.68224  4.49126  
1.28507  3.13482  
0.755866  4.50824  
1.18305  4.0465  
1.59161  3.97878  
1.01491  4.08384  
0.813784  3.25668  
1.54575  4.42305  
0.787286  3.87207  
0.861137  3.40052  
1.37768  2.20697  
0.966182  3.1097  
1.43233  2.6688  
0.907142  2.91003  
1.25811  2.97243  
1.44566  2.49597  
1.31886  2.60797  
0.735445  4.51281  
1.70133  3.70031  
1.3251  2.60605  
1.39731  2.51293  
1.64758  3.63044  
1.19198  4.36656  
1.4195  3.2542  
1.33045  2.22999  
1.16981  2.45242  
0.519392  3.61527  
1.02735  4.44341  
0.587869  3.78522  
0.463219  4.17741  
0.814431  2.82763  
0.57046  4.02634  
0.670666  3.85436  
1.35505  2.11686  
0.87115  2.86805  
1.19151  3.93037  
0.71273  3.81591  
0.49013  3.6298  
0.940281  2.97894  
0.639922  4.42365  
0.938702  2.9354  
0.928142  2.92794  
0.763921  4.05974  
1.27895  3.61059  
1.48513  2.48644  
0.798022  2.97941  
0.756655  3.85983  
1.14172  2.28261  
0.810533  2.82373  
1.14882  1.93503  
0.529081  3.60181  
0.601504  4.30715  
0.429374  3.92783  
0.472049  4.39973  
0.633793  3.88848  
1.76852  1.17723  
0.428698  3.92716  
1.08899  2.38002  
1.74625  1.31051  
0.0606007  3.97412  
0.673321  2.83273  
1.13777  1.89687  
0.564747  3.81968  
0.586822  3.66479  
0.708789  2.70864  
0.355581  4.25087  
0.330981  3.41875  
0.552372  2.56118  
0.524572  3.21461  
0.787192  3.45997  
0.470641  3.70977  
1.06629  4.48235  
1.44199  0.855852  
0.679103  3.07294  
1.12291  2.40552  
0.825636  2.82501  
0.640838  3.32629  
0.915528  4.50483  
0.65701  4.12072  
0.754491  3.85767  
1.00108  1.77345  
1.76102  1.17413  
0.957574  2.15897  
0.353708  3.75588  
0.486579  3.55852  
0.804934  2.98089  
1.05796  1.84095  
1.6721  1.08465  
0.671687  3.12173  
0.640108  2.65906  
1.65394  1.3101  
0.623278  2.88327  
0.758002  3.86118  
0.432701  3.51372  
0.582397  3.66036  
1.6332  1.40091  
0.516272  3.92015  
1.27689  2.03467  
0.58025  3.65822  
0.819262  2.84815  
0.575265  3.7314  
1.29457  2.05225  
1.19395  4.16071  
0.575771  3.73191  
0.620335  2.97318  
0.674521  3.85407  
0.845516  2.84824  
0.585998  3.66397  
1.11217  4.27091  
0.840988  2.98402  
0.5815  3.69572  
1.2989  2.06287  
0.924507  2.98573  
0.829546  3.93272  
0.873306  3.13297  
0.909667  3.73105  
0.646772  4.35242  
0.796527  4.38374  
0.687992  4.1577  
0.71173  3.86419  
0.752833  3.85601  
0.76185  3.86503  
0.717342  3.95578  
0.725549  4.41575  
0.84088  2.96624  
0.843656  2.8577  
0.73646  2.95621  
1.19007  2.08965  
0.549035  3.9929  
0.450769  4.06754  
1.53345  3.9292  
0.39339  4.01016  
0.535489  3.66019  
0.386254  4.00302  
1.47188  3.12129  
1.10037  2.19919  
1.7175  1.13162  
0.716396  3.3672  
0.811679  2.93469  
0.499954  3.58029  
1.46533  3.11474  
1.43848  2.47754  
1.71997  1.13408  
0.672355  3.32316  
1.23727  2.07198  
0.437181  3.51223  
1.55764  0.986656  
0.525118  2.52808  
0.447244  2.45811  
1.02363  1.79263  
2.19172  0.1922  
2.19179  0.192272  
0.447487  3.2881  
0.474207  2.85895  
0.238008  4.14593  
0.919683  2.16092  
1.04003  2.05904  
0.524622  2.52759  
0.969877  1.72906  
0.347066  3.44917  
0.230377  3.95636  
0.487419  2.93127  
1.50237  1.25231  
0.217023  4.12199  
0.401492  2.80854  
0.212412  4.10338  
0.480027  2.70896  
0.942742  2.04553  
0.997917  2.63047  
0.505362  2.54862  
1.02778  2.04679  
1.08223  1.8545  
1.52292  0.960322  
2.15304  0.153041  
2.14264  0.406668  
0.00595384  3.93828  
0.592287  2.69381  
2.10353  0.290715  
0.693886  3.34469  
0.866249  2.02902  
0.93348  1.69918  
0.462293  3.26616  
0.236654  3.35627  
0.219826  3.80484  
0.240327  3.32832  
1.39846  0.812229  
0.273913  3.3673  
0.714862  3.36566  
0.938182  1.74681  
1.6003  1.02802  
0.910701  2.28156  
0.235115  3.74229  
0.628909  2.65408  
0.327878  3.41027  
0.184729  4.1557  
1.5227  1.4008  
0.909917  1.71869  
1.54386  1.2042  
0.653626  3.30443  
1.01482  1.92731  
0.519457  2.72079  
0.73539  2.74731  
0.54082  2.68428  
0.648185  2.64476  
0.260898  3.33511  
0.628623  2.65379  
0.242735  4.15066  
0.302266  3.68921  
0.657357  2.67031  
0.631917  2.71564  
0.593014  2.79297  
1.70396  1.11807  
1.03287  2.05189  
0.712128  2.71096  
1.10217  1.86655  
0.681074  2.82823  
0.63926  3.26991  
0.374898  3.44694  
0.740526  2.73894  
0.732166  2.87932  
1.09907  2.1979  
1.71747  1.13158  
0.367692  3.98446  
0.750145  2.77401  
1.09928  2.1981  
0.401542  2.73545  
0.42066  3.56281  
0.401189  2.7351  
1.42629  1.18041  
0.317033  3.80595  
0.353124  3.42784  
0.3757  3.14759  
0.797523  2.34445  
0.820177  2.17625  
0.401091  2.735  
1.42521  1.17934  
0.885869  1.65572  
0.881956  1.64952  
0.872166  1.65171  
0.85224  1.81855  
0.158345  3.76477  
0.797489  2.34442  
0.882611  1.64938  
2.03382  0.52657  
1.35944  1.44125  
0.817007  2.04293  
2.07329  0.245613  
0.381946  2.40405  
0.104977  3.95826  
0.905833  1.71505  
0.820042  2.17612  
0.865393  1.72226  
0.392152  2.66818  
0.171317  3.25703  
2.02351  0.636826  
0.866778  1.64632  
0.799616  2.1496  
1.37883  1.31093  
1.37434  1.37474  
1.39193  1.00719  
0.150431  3.34846  
0.130139  3.48744  
1.37995  1.16445  
0.15787  3.23673  
0.0637507  4.05137  
0.111309  3.18446  
0.815814  2.21012  
0.364784  2.49104  
0.00217034  3.94959  
0.826391  1.60015  
1.33123  1.10898  
0.77713  1.89447  
0.846097  1.77846  
2.00266  0.00375085  
0.421646  3.56379  
0.334431  2.77185  
0.405035  2.63467  
0.828599  1.95327  
0.366709  3.02084  
0.101775  3.8168  
0.374985  2.809  
0.82034  1.89761  
0.800587  1.70127  
0.374974  3.12545  
1.38543  0.801793  
0.798137  2.33293  
1.9909  0.625038  
1.37246  1.40258  
2.05039  0.334036  
0.8665  1.64604  
1.38344  1.09881  
0.418514  2.60086  
0.415573  2.43823  
2.09306  0.0978017  
1.42509  0.840595  
0.110361  3.78012  
0.407645  2.53119  
1.4158  0.953566  
1.39895  1.02846  
0.854225  1.72042  
0.791005  2.33008  
1.35761  1.55681  
0.435511  2.45579  
1.37586  1.3509  
0.122459  3.64274  
0.150435  3.34847  
0.182332  3.26245  
0.120566  3.70981  
0.37402  2.99261  
0.386784  2.74846  
2.12488  0.127443  
0.12603  4.09328  
2.0826  0.371991  
0.888947  2.49359  
0.400487  2.69318  
1.39374  1.11556  
0.853305  1.7785  
2.08932  0.328837  
0.446254  2.45063  
0.391089  2.92787  
1.41269  1.02208  
1.5209  0.929708  
0.846697  1.8534  
0.796264  2.36181  
0.81864  2.2056  
0.372055  2.68303  
0.0347389  3.99623  
1.97743  0.522237  
0.770236  1.9493  
0.770193  1.94926  
0.801309  1.94959  
0.378082  2.65064  
1.40708  0.881543  
0.788035  2.10901  
0.786542  2.13987  
0.830925  1.71984  
1.33636  1.46697  
1.37693  1.04778  
0.822112  1.81565  
1.35325  1.25557  
0.369235  2.75415  
1.97305  0.571789  
1.32803  1.50772  
0.810838  1.86593  
1.37898  0.975111  
1.98214  0.401576  
0.141208  3.21513  
0.363345  2.48172  
0.811785  1.63534  
0.345014  2.65299  
0.768189  1.96752  
0.738639  2.34034  
1.3214  1.19205  
0.746362  2.23616  
1.29768  1.49679  
1.98926  0.290624  
1.33379  1.06513  
1.38802  0.894982  
1.38949  0.795425  
2.00016  0.000786  
0.833342  1.59339  
0.391177  2.3901  
0.795921  2.01454  
0.815371  1.6278  
0.783216  1.81813  
0.862134  1.62162  
0.0496252  3.79231  
0.0951843  3.21331  
1.37427  0.889063  
1.97411  0.45973  
1.38259  0.79946  
0.823638  1.60152  
0.0858802  3.28288  
0.748792  2.20223  
0.000928165  3.936  
0.800687  1.68998  
0.107862  3.18074  
0.380965  2.40251  
0.775469  1.89003  
0.825214  1.74849  
0.347583  2.60995  
0.35942  2.50831  
0.332924  2.77031  
1.35337  0.913379  
0.414733  2.42768  
0.761431  2.04625  
0.791992  1.74789  
0.822662  1.60588  
0.318431  2.96157  
0.86213  1.62161  
0.753347  2.14224  
1.95844  0.724289  
0.770189  1.94925  
2.00231  0.261144  
1.33941  1.03019  
1.97029  0.551157  
0.82868  1.5954  
0.367604  2.45747  
0.383513  2.39754  
1.96294  0.687589  
0.390583  2.39038  
0.753826  2.13525  
0.0342488  3.9253  
0.378892  2.41611  
0.328395  2.84512  
0.104127  3.20778  
0.311777  3.08545  
0.314228  3.05921  
2.05243  0.052492  
1.96374  0.617774  
0.347328  3.02389  
0.0347386  3.99623  
0.407151  2.43624  
0.380849  2.62164  
0.848087  1.63131  
1.40918  0.825683  
0.770192  1.94925  
1.35831  1.13316  
0.372029  2.683  
1.33873  1.3645  
0.09085  3.63525  
1.97743  0.522237  
1.30944  1.33604  
2.01965  0.131091  
0.0416208  3.93247  
1.29246  1.5638  
0.346001  2.72425  
1.37484  0.814105  
1.35187  0.920012  
1.33238  1.07669  
1.32843  1.11589  
1.30373  1.40724  
0.320435  2.93022  
1.32489  1.15278  
0.0423573  3.88391  
0.308184  3.10321  
0.376181  2.4165  
0.74962  2.18866  
0.74147  2.29867  
0.00380187  3.89562  
1.38  0.803127  
0.332733  2.771  
1.93459  0.489114  
0.0599765  3.6267  
0.372042  2.43304  
0.784939  1.80174  
0.00207651  3.90707  
1.96536  0.163149  
0.380944  2.40237  
1.98787  0.030396  
1.29715  1.49685  
0.760524  2.05222  
1.94468  0.365716  
1.32524  1.14878  
0.738435  2.34121  
1.38969  0.794954  
1.94238  0.392703  
0.83291  1.59328  
1.36533  0.846642  
1.96834  0.139287  
0.318063  2.96283  
0.753259  2.14172  
1.93052  0.542967  
0.800445  1.69012  
0.00431766  3.89514  
1.38236  0.799494  
1.97145  0.117381  
0.391325  2.38998  
0.358818  2.51186  
1.97477  0.0954365  
1.35275  0.913649  
0.823836  1.60099  
1.9545  0.25963  
0.0953865  3.21173  
2.00025  0.000622806  
0.791278  1.75145  
1.95438  0.260371  
1.35855  0.879421  
1.33363  1.06485  
0.77527  1.89083  
0.783017  1.81833  
0.332662  2.77187  
1.92358  0.64116  
0.085937  3.28068  
0.347221  2.61168  
0.0571211  3.67114  
1.33807  1.02464  
1.32118  1.19313  
0.000461433  3.95031  
1.99489  0.00967843  
1.30915  1.33655  
1.34756  0.948947  
1.947  0.338136  
1.93289  0.511628  
0.107441  3.18053  
1.91417  0.784429  
0.811515  1.63565  
1.34264  0.986519  
0.363004  2.48277  
0.745915  2.23795  
0.767837  1.96856  
1.9165  0.747832  
1.93987  0.421908  
1.30119  1.4413  
1.31315  1.28681  
1.32939  1.10608  
1.37416  0.815944  
0.383062  2.3978  
1.95964  0.210763  
1.9496  0.311558  
1.9827  0.0520894  
1.29306  1.55482  
1.92594  0.60744  
0.828393  1.59524  
1.30516  1.38799  
1.31717  1.23909  
1.91892  0.71163  
1.93762  0.451099  
1.97867  0.0732723  
1.92134  0.674746  
1.96263  0.185649  
1.95193  0.285567  
1.95715  0.233585  
1.92826  0.574964  
1.93569  0.474278  
1.29779  1.48773  
1.35965  0.87355  
0.813376  1.62861  
1.31052  1.31915  
1.33734  1.03106  
1.36902  0.832123  
1.33552  1.04734  
0.832794  1.59328  
0.803453  1.67313  
1.37235  0.82104  
1.38225  0.79963  
1.30835  1.34651  
0.0819688  3.32016  
0.346137  2.62221  
0.103316  3.18413  
0.381039  2.40212  
0.0986447  3.19707  
1.91837  0.718111  
0.791294  1.75112  
1.94453  0.365318  
1.35278  0.913396  
1.98766  0.030929  
1.91646  0.747584  
0.00431323  3.89514  
1.94452  0.365386  
0.800488  1.68981  
0.791291  1.75114  
1.32118  1.19286  
1.94693  0.338084  
0.347238  2.61137  
1.99441  0.0102536  
1.94215  0.393217  
0.832984  1.59328  
0.363009  2.48264  
0.358719  2.51254  
0.318077  2.96254  
0.10739  3.18052  
1.9652  0.162905  
0.09538  3.21173  
1.97475  0.0950974  
0.753265  2.14152  
1.92118  0.675673  
1.37425  0.815591  
1.95184  0.285393  
1.92817  0.574648  
0.380909  2.40243  
0.823804  1.60103  
0.738439  2.34086  
0.0859372  3.28067  
1.35277  0.913442  
1.38235  0.799502  
1.9998  0.000260014  
1.30917  1.33615  
0.783033  1.81811  
1.92351  0.641207  
1.29715  1.49662  
1.34266  0.986191  
1.3654  0.846324  
0.000462234  3.95023  
0.760541  2.05189  
1.33366  1.06452  
0.828508  1.59512  
1.95437  0.259862  
1.38953  0.794948  
1.33366  1.06448  
1.97848  0.0732636  
1.9328  0.51127  
0.775289  1.89053  
0.332668  2.77172  
1.97135  0.117271  
0.81154  1.63551  
0.745928  2.23762  
0.767846  1.96833  
0.391244  2.38997  
1.29307  1.55453  
1.93979  0.421727  
1.92584  0.607499  
1.93745  0.450886  
1.30118  1.44103  
1.9596  0.210378  
1.31315  1.28659  
1.32941  1.10571  
1.94937  0.311431  
1.35861  0.8791  
1.33807  1.02463  
1.98265  0.051959  
1.93049  0.542517  
1.34753  0.949123  
1.30519  1.38747  
1.96819  0.139842  
1.31715  1.23888  
1.32525  1.14854  
0.383114  2.39768  
1.91408  0.784899  
1.91882  0.711206  
1.96235  0.186419  
1.95695  0.234884  
1.93512  0.48074  
0.0571268  3.67103  
1.99981  0.000258584  
1.36253  0.859208  
0.771832  1.92571  
0.328869  2.81891  
1.98195  0.0552869  
0.319522  2.94261  
0.79895  1.69906  
1.95178  0.286044  
1.92195  0.66416  
0.759186  2.06811  
1.97898  0.0705003  
0.815718  1.62068  
0.815873  1.6202  
0.32778  2.8328  
1.35673  0.889516  
0.757421  2.08959  
0.390168  2.39011  
1.97777  0.077171  
1.98234  0.0534464  
1.30917  1.33615  
0.800485  1.68982  
0.753265  2.1415  
1.33366  1.06448  
1.9652  0.162905  
0.760541  2.05189  
0.811547  1.63549  
0.383116  2.39767  
1.3654  0.846339  
0.00431064  3.89514  
1.93048  0.542575  
0.791292  1.75113  
0.738439  2.34086  
1.93745  0.450886  
1.32117  1.1929  
1.9944  0.0102729  
1.92118  0.675704  
0.391243  2.38997  
0.358634  2.51316  
1.32525  1.14854  
1.97475  0.0950974  
1.9998  0.000259592  
1.98764  0.0309531  
1.30518  1.3876  
0.800482  1.68983  
1.38229  0.799581  
1.29307  1.55456  
0.318075  2.96254  
0.823749  1.60112  
1.30917  1.33615  
0.332668  2.77172  
0.380927  2.40238  
0.0953502  3.21188  
0.0859353  3.28027  
0.0571268  3.67103  
1.96235  0.186421  
1.9998  0.000259967  
0.347238  2.61137  
0.767843  1.96837  
1.38953  0.794948  
0.000462204  3.95023  
1.33366  1.06452  
1.95436  0.25985  
0.107403  3.18052  
1.35278  0.913403  
1.29715  1.49668  
0.775289  1.89051  
1.9328  0.511295  
0.832979  1.59328  
1.34753  0.949136  
0.753263  2.14152  
1.94936  0.311484  
1.34266  0.986202  
0.363011  2.48263  
0.745927  2.23763  
1.94453  0.365368  
1.31715  1.23888  
0.783031  1.81812  
1.92584  0.607495  
1.95184  0.285393  
1.30118  1.44106  
1.31315  1.28659  
1.3294  1.10575  
1.91646  0.747584  
1.9596  0.210391  
1.37424  0.815621  
1.98265  0.051959  
1.35861  0.879101  
0.828507  1.59512  
1.92351  0.641192  
1.33807  1.02463  
1.97135  0.117271  
1.92816  0.574627  
1.93979  0.421736  
1.97846  0.0733253  
1.96819  0.139869  
1.91407  0.784927  
1.91882  0.711206  
1.95695  0.234884  
1.93512  0.48074  
1.94693  0.33813  
1.94215  0.393221  
1.34945  0.935507  
0.379596  2.41203  
1.33802  1.025  
1.96045  0.202858  
1.97868  0.072115  
0.758916  2.07138  
1.32901  1.10968  
0.817794  1.61449  
1.93882  0.433755  
1.91529  0.765788  
1.32018  1.20404  
1.31966  1.20991  
1.97158  0.115708  
1.35865  0.878862  
0.369492  2.44514  
1.30606  1.37603  
0.342818  2.65621  
1.29835  1.47986  
0.000424201  3.94992  
0.750936  2.17143  
0.791293  1.75112  
1.34267  0.986105  
1.29715  1.49664  
0.0042746  3.89511  
1.94937  0.311416  
0.760541  2.05189  
0.73844  2.34084  
1.32118  1.19286  
0.753265  2.14149  
0.057107  3.67129  
1.96521  0.162856  
1.3895  0.794948  
1.97847  0.0732572  
0.35867  2.51289  
1.34266  0.986184  
1.97476  0.0950223  
1.99442  0.0102267  
0.832958  1.59328  
1.94453  0.3653  
0.332667  2.77172  
0.347236  2.6114  
0.318075  2.96255  
0.363003  2.48266  
0.391256  2.38997  
0.0953437  3.2119  
1.36541  0.846284  
1.93049  0.542513  
1.38236  0.799485  
1.98267  0.0518584  
1.92118  0.675638  
1.95437  0.259818  
0.38088  2.40249  
0.823776  1.60107  
1.96235  0.186361  
0.79129  1.75113  
1.93281  0.511194  
1.99984  0.000205822  
1.92817  0.574598  
0.000443409  3.94889  
1.9398  0.421647  
0.0859187  3.2804  
1.33366  1.0645  
1.92351  0.641154  
0.775289  1.89051  
1.98767  0.0308423  
1.30917  1.33609  
1.91884  0.710885  
1.35862  0.87899  
1.35278  0.91339  
0.107403  3.18052  
0.811546  1.63548  
0.745926  2.23763  
0.767845  1.96833  
1.93746  0.450721  
0.783032  1.8181  
1.92584  0.607453  
1.91647  0.747372  
1.30118  1.44104  
1.31315  1.28655  
1.32941  1.10573  
1.37426  0.815567  
1.95963  0.210166  
0.828508  1.59511  
1.29307  1.55451  
1.97137  0.117106  
1.34753  0.949105  
0.383109  2.39768  
0.800485  1.68981  
1.30518  1.38753  
1.33807  1.02461  
1.31716  1.23874  
1.9682  0.139804  
1.32526  1.14846  
1.91407  0.784843  
1.95695  0.234822  
1.93512  0.480691  
1.95185  0.285301  
1.94693  0.338051  
1.94216  0.393131  
1.33367  1.06441  
1.92107  0.677208  
1.95445  0.258964  
0.378954  2.40759  
1.97872  0.0718876  
1.32416  1.16014  
1.38684  0.79558  
1.95605  0.243421  
1.94602  0.348296  
1.29556  1.51893  
0.754991  2.11967  
0.327518  2.83614  
1.96213  0.188261  
0.303749  3.16785  
0.338207  2.70663  
1.91584  0.757071  
1.37426  0.815582  
1.33132  1.08688  
0.735323  2.38511  
1.96581  0.158014  
1.92406  0.633112  
1.32118  1.19286  
0.753264  2.14152  
1.29715  1.49664  
0.00426755  3.8951  
0.760538  2.05191  
1.36541  0.846303  
1.32117  1.19288  
1.94453  0.365313  
0.79129  1.75113  
1.95184  0.285355  
1.92118  0.675695  
0.347231  2.61143  
0.83298  1.59328  
0.391232  2.38997  
0.358702  2.51265  
1.30118  1.44102  
1.9398  0.421676  
1.97476  0.095036  
0.800483  1.68982  
1.38232  0.799541  
1.99442  0.0102267  
0.0953456  3.21189  
1.31715  1.23887  
0.0859142  3.28044  
1.38951  0.794948  
0.753261  2.14153  
0.318069  2.96263  
1.92351  0.641154  
0.823772  1.60108  
0.000436349  3.94927  
1.9652  0.162858  
1.95437  0.259829  
1.99984  0.000205819  
1.35278  0.91339  
1.33366  1.06449  
0.775289  1.89051  
1.98765  0.0308847  
0.332663  2.77175  
1.91646  0.747532  
0.0571076  3.67128  
0.73844  2.34084  
1.92584  0.607454  
1.30917  1.3361  
1.33807  1.02461  
1.9328  0.51122  
1.31315  1.28659  
0.811545  1.63548  
1.29307  1.55455  
0.363003  2.48266  
1.95695  0.234833  
0.745925  2.23763  
0.783032  1.8181  
0.380882  2.40249  
0.767843  1.96835  
1.98267  0.0518749  
1.93746  0.450832  
1.30518  1.38753  
1.32941  1.10573  
1.37425  0.815587  
1.95961  0.210291  
1.94937  0.31143  
1.35861  0.879059  
0.828509  1.59511  
1.34753  0.949085  
1.93049  0.542513  
1.34266  0.986166  
1.32525  1.14852  
1.94693  0.338087  
1.97136  0.117191  
0.107434  3.18052  
1.93512  0.480691  
1.92817  0.574598  
0.383098  2.3977  
1.97847  0.0732679  
1.96819  0.139812  
1.91407  0.784878  
1.91882  0.711143  
1.96235  0.186356  
1.94215  0.393176  
1.33366  1.06446  
1.99574  0.00723698  
0.320911  2.92361  
1.35066  0.927233  
1.29765  1.48956  
1.9537  0.266502  
1.32944  1.10536  
0.823241  1.602  
1.92839  0.571501  
1.30058  1.44918  
1.92511  0.61797  
1.94994  0.30527  
1.29149  1.57746  
1.37406  0.8161  
1.32957  1.10411  
0.742737  2.28099  
0.0544198  3.71311  
1.29149  1.57746  
0.800483  1.68982  
1.29715  1.49664  
0.775289  1.89051  
0.753264  2.14149  
1.98765  0.030896  
0.358708  2.51261  
1.31315  1.28659  
0.00426755  3.8951  
0.79129  1.75113  
1.98266  0.0519033  
1.93512  0.480691  
0.738437  2.34084  
1.92117  0.675711  
1.38952  0.794948  
0.000436348  3.94927  
0.347231  2.61143  
1.37425  0.81559  
0.391239  2.38997  
1.29715  1.49667  
1.97476  0.095036  
1.34266  0.986166  
1.92816  0.574612  
1.32117  1.19287  
1.94215  0.393192  
0.800482  1.68982  
0.380906  2.40243  
1.31715  1.23887  
1.3654  0.846304  
0.811544  1.63549  
0.107407  3.18052  
0.832974  1.59328  
1.30118  1.44103  
1.94937  0.311436  
0.318065  2.96267  
1.97136  0.117216  
1.35278  0.91339  
1.38232  0.799535  
1.9652  0.162864  
0.760538  2.0519  
1.96819  0.139812  
1.33807  1.02461  
1.94453  0.365331  
0.823751  1.60111  
1.34753  0.94909  
0.383098  2.3977  
0.332661  2.77176  
1.97847  0.0732678  
1.33366  1.06446  
1.99984  0.000205817  
1.91882  0.71116  
0.753261  2.14153  
0.775287  1.89053  
1.33366  1.06446  
1.95437  0.259829  
0.0859142  3.28044  
0.0571022  3.67127  
0.0953789  3.21172  
1.93049  0.542513  
1.9328  0.511254  
0.363003  2.48266  
0.745925  2.23763  
1.30917  1.3361  
0.783028  1.81813  
1.91646  0.747532  
0.767843  1.96835  
1.92584  0.607469  
1.93745  0.450852  
1.32941  1.10573  
1.30518  1.38757  
1.95961  0.210347  
1.35861  0.879059  
1.32525  1.14852  
0.828509  1.59511  
1.30917  1.33613  
1.93979  0.421687  
1.99442  0.0102222  
1.91407  0.784878  
1.29307  1.55452  
1.96235  0.186356  
1.92351  0.641154  
1.95695  0.234833  
1.95184  0.285357  
1.94693  0.338087  
