0.907893 0.419343
0.847319 0.531084
0.346933 0.93789
0.853675 0.520806
0.286225 0.958162
0.805951 0.591982
0.477395 0.878689
0.526832 0.849969
0.98481 0.173638
0.821038 0.570873
0.428085 0.903738
0.987477 0.157762
0.672876 0.739756
0.948684 0.316224
0.970505 0.241079
0.842518 0.538668
0.958184 0.286154
9.98188e-05 1
0.715466 0.698661
0.962398 0.271642
0.564278 0.825585
0.891222 0.453567
0.49389 0.869525
0.991278 0.131785
0.860308 0.509775
0.653823 0.756647
0.438598 0.898683
0.519086 0.854974
0.913631 0.406593
0.592704 0.805428
0.812211 0.583381
0.768811 0.639476
0.776427 0.630217
0.212423 0.977178
0.751008 0.660293
0.331799 0.94335
0.614878 0.788622
0.639344 0.76892
0.931872 0.362787
0.726137 0.68755
0.551193 0.834378
0.976778 0.214256
0.997075 0.076952
0.972945 0.231037
0.790937 0.612051
0.828768 0.559593
0.781568 0.62382
0.645442 0.763809
0.900154 0.435573
0.681221 0.732078
0.242813 0.970073
0.761001 0.648751
0.0593569 0.998323
0.966751 0.255721
0.920665 0.39039
0.46688 0.88453
0.539481 0.841998
0.99812 0.0612886
0.301119 0.953587
0.094543 0.995521
0.94335 0.331799
0.630299 0.776352
0.171092 0.985255
0.271468 0.962447
0.256871 0.966446
0.419787 0.907623
0.225125 0.97433
0.507382 0.861721
0.363401 0.931633
0.316228 0.948683
0.953587 0.301119
0.66315 0.748563
0.623821 0.781567
0.406852 0.913494
0.994288 0.106731
0.144661 0.989481
0.575843 0.81756
0.583443 0.812158
0.378079 0.925773
0.119145 0.992877
0.45163 0.892205
0.798773 0.601634
0.872823 0.488037
0.734665 0.67843
0.390929 0.920421
0.937831 0.347091
0.925231 0.379405
0.70719 0.707023
0.980116 0.198427
0.742219 0.670157
0.186749 0.982408
0.878688 0.477397
1 9.99775e-05
0.599616 0.800288
0.698354 0.716192
0.88336 0.468695
0.835164 0.55
0.86591 0.5002
0.60798 0.793952
0.6891 0.724666
