3.10492e-05 0.505601 0.862768
5.29456e-05 0.862159 0.506638
0.447245 0.894411 8.71189e-05
0.706386 0.470225 0.529062
0.859863 0.045987 0.508449
0.310743 0.880385 0.358276
2.02943e-05 0.330469 0.943817
3.72759e-05 0.606995 0.794706
0.342141 0.570839 0.746383
0.571654 0.745497 0.342709
0.880128 0.307432 0.362696
0.405981 0.0425189 0.912892
0.318537 0.422456 0.848567
5.65854e-05 0.921428 0.38855
0.657401 0.753541 4.28267e-05
4.02156e-05 0.654864 0.755811
0.500792 0.774893 0.386066
0.489476 0.872017 9.64894e-05
4.64329e-05 0.756106 0.654536
2.3806e-05 0.387653 0.921805
0.731777 0.680143 0.0447727
0.195736 1.70025e-05 0.980657
0.572949 5.71625e-05 0.819591
0.755703 6.56437e-05 0.654915
0.529349 0.470847 0.705834
0.943493 9.28681e-05 0.331391
0.924933 0.243411 0.292005
0.866928 0.498433 9.64894e-05
0.397281 0.797993 0.453184
1 9.97688e-05 9.64894e-05
0.832436 8.1023e-05 0.554121
0.454252 0.395737 0.798152
0.390277 0.498919 0.773822
0.799635 0.600486 9.64894e-05
0.894433 0.447203 4.28267e-05
0.732492 0.0288514 0.680165
0.918396 9.16273e-05 0.395662
7.35505e-07 0.447334 0.894369
0.832714 0.553703 9.64894e-05
0.894388 1.18017e-15 0.447292
0.970386 8.42921e-05 0.241585
0.59696 0.534222 0.598551
0.34179 0.939776 6.04136e-05
6.02203e-05 0.980618 0.195927
0.653035 0.70662 0.272476
0.679174 6.77604e-05 0.73408
0.692979 0.632955 0.345179
0.363741 0.313479 0.877423
7.53672e-05 8.156e-05 1
0.65074 0.592575 0.474755
0.98865 9.73129e-05 0.150237
2.06087e-07 0.894261 0.447546
5.88649e-05 0.958547 0.285717
0.0463097 0.731944 0.67982
0.848517 0.424308 0.316273
0.755869 0.654723 6.04136e-05
0.194875 0.980845 9.6491e-05
0.957846 0.287282 6.04136e-05
0.24333 0.289219 0.925932
0.342235 0.68968 0.638135
0.274805 0.9615 9.64894e-05
0.480704 0.257435 0.838243
0.643593 0.415186 0.643256
0.781816 0.558776 0.276646
0.628099 0.0353321 0.777331
0.555803 0.831314 6.04136e-05
0.342777 0.745442 0.571682
9.21843e-06 0.150112 0.988814
0.262684 0.841337 0.472386
4.89471e-05 0.797047 0.603927
0.606299 0.795237 6.04136e-05
0.580276 0.341395 0.73946
0.79905 7.97203e-05 0.601275
4.34235e-05 0.707102 0.707111
0.841342 0.262668 0.472386
0.341767 2.96874e-05 0.939878
0.00366643 0.680993 0.732281
0.921879 0.387477 6.04136e-05
0.745668 0.337293 0.574802
0.535322 0.653655 0.535688
0.707147 6.14259e-05 0.707067
0.470411 0.705159 0.530531
0.242347 0.925204 0.292002
0.472813 0.591136 0.653457
0.397538 0.623346 0.673352
0.506151 4.92649e-05 0.862447
0.570584 0.684878 0.453184
0.903093 0.348653 0.250725
0.287382 2.86717e-05 0.957832
5.12437e-05 0.834444 0.551092
0.752641 0.519713 0.404277
0.410024 0.910975 0.0447705
0.980617 0.195933 6.04136e-05
6.14105e-05 1 6.04136e-05
0.707293 0.706923 4.46397e-08
3.40623e-05 0.554665 0.83217
0.798384 0.396494 0.453184
0.424153 0.848579 0.316239
1.6793e-05 0.242692 0.970103
0.447717 4.35774e-05 0.894175
