0.0879223 3.84728
0.212989 3.594
0.774811 2.56527
0.0369676 3.95041
0.128915 3.75024
0.0201953 3.97598
0.823798 2.35573
0.820402 2.36528
0.056584 3.91465
0.72331 2.90863
0.748175 2.73196
0.167775 3.66446
0.201211 3.60815
0.134551 3.73702
0.811503 2.39411
0.734721 2.82569
0.777117 2.55231
0.162271 3.6756
0.814337 2.38434
0.0999529 3.81921
0.178811 3.64355
0.0817963 3.86121
0.117502 3.77739
0.151245 3.6991
0.6887 3.16931
0.0939698 3.83327
0.784502 2.51262
0.77247 2.5787
0.145714 3.7114
0.649909 3.45231
0.0501022 3.92711
0.123237 3.76371
0.0303165 3.96114
0.817294 2.37473
0.729119 2.86608
0.184364 3.63383
0.768418 2.60255
0.840759 2.32054
0.703407 3.05786
0.706945 3.03109
0.657398 3.40004
0.806109 2.41417
0.0629933 3.90177
0.140148 3.72406
0.234493 3.57732
0.781816 2.52673
0.750717 2.71487
0.672583 3.28993
0.105867 3.80518
0.760438 2.65164
0.0435653 3.93905
0.720347 2.93056
0.684514 3.20089
0.791232 2.47901
0.111709 3.79124
0.668763 3.31802
0.000169207 3.99983
0.763 2.63558
0.207019 3.60075
0.827267 2.34682
0.173286 3.65377
0.755707 2.68218
0.676071 3.26408
0.71063 3.00328
0.661917 3.3677
0.641581 3.5087
0.857928 2.30709
0.835545 2.32909
0.189926 3.62469
0.800984 2.43497
0.737362 2.8069
0.0756027 3.87497
0.156764 3.68715
0.646397 3.47634
0.753187 2.69847
0.713924 2.97851
0.696453 3.11059
0.0101449 3.98889
0.742982 2.76752
0.666216 3.33662
0.653257 3.42908
0.0693327 3.88852
0.692617 3.13967
0.717131 2.95451
0.195566 3.61608
0.726267 2.88689
0.75816 2.66613
0.848337 2.31179
0.740028 2.78811
0.699973 3.08389
0.745653 2.74913
0.680225 3.23309
0.78697 2.5
0.765605 2.61954
0.731955 2.84554
0.831151 2.33787
0.222011 3.5855
0.796048 2.45655
0.637665 3.53447
0.251411 3.57319
