0.0511451 0.773847
0.0108786 0.8957
0.084169 0.709881
0.00736915 0.914156
0.0767699 0.722926
0.00913227 0.904437
0.0708087 0.733901
0.0572562 0.760717
0.199999 0.552787
0.0226711 0.849431
0.00191102 0.956285
0.942034 0.0647437
0.179871 0.575888
0.0526811 0.770476
0.0355716 0.811396
0.172628 0.584514
0.0307873 0.824537
0.166846 0.591532
0.0602905 0.754459
0.0402972 0.799258
0.996905 0.0120012
0.0988427 0.685607
0.0126048 0.887729
0.0678118 0.739593
0.00376867 0.938611
0.0465257 0.784302
0.137975 0.628551
9.69757e-05 0.990152
0.518732 0.283353
0.0259464 0.838921
0.152404 0.60961
0.0387291 0.803203
0.174076 0.582776
0.169736 0.588009
0.0243151 0.844067
0.874024 0.0678246
0.0193654 0.86084
0.117736 0.656873
0.158176 0.602286
0.0176906 0.866994
0.0480703 0.780751
0.0291821 0.829172
0.191489 0.562405
0.0143147 0.880356
0.0633111 0.748383
0.0371523 0.807251
0.0959188 0.690292
0.132197 0.636411
0.120635 0.652674
0.0871152 0.704847
0.11484 0.661119
0.0339733 0.815682
0.0618024 0.751399
0.00557864 0.92531
0.0449746 0.787928
0.12353 0.648531
0.0210214 0.855012
0.0693167 0.736719
0.0160072 0.87348
0.090055 0.699908
0.0648147 0.745413
0.978129 0.0134975
0.0323913 0.820024
0.126421 0.644443
0.194401 0.559091
0.11194 0.665425
0.182771 0.572483
0.0275653 0.833972
0.143746 0.620861
0.0542079 0.767174
0.129313 0.640399
0.106128 0.674226
0.146632 0.617075
0.155289 0.605933
0.149517 0.613325
0.0496117 0.777263
0.161064 0.598673
0.0557318 0.763924
0.0752796 0.725629
0.176971 0.579321
0.0812086 0.715029
0.0929804 0.695073
0.18858 0.565741
0.0587747 0.757565
0.103212 0.678734
0.0737975 0.728343
0.140856 0.624692
0.0434149 0.791638
0.163952 0.59509
0.101757 0.681006
0.0723067 0.731101
0.135085 0.63246
0.0663201 0.742473
0.0797337 0.717628
0.185675 0.569099
0.109037 0.669792
0.500139 0.295638
0.999975 2.66461e-05
0.197316 0.555797
0.0418606 0.795401
