0.223873 0.443293 0.332834
0.308759 0.414428 0.276813
0.0331452 0.633627 0.333228
9.40391e-05 0.764754 0.235152
0.278722 0.512817 0.208461
1.83463e-07 1.59075e-05 1.44334
0.999881 8.07465e-05 3.79766e-05
0.899286 0.100698 1.56411e-05
0.47895 0.241545 0.279505
0.409399 0.454695 0.135906
0.722033 0.277929 3.79766e-05
0.463313 0.206132 0.330555
1.80155e-05 0.972119 0.0278628
0.634212 0.231197 0.134591
0.202639 0.695389 0.101972
0.667339 0.267826 0.0648354
0.0953094 0.571902 0.332789
0.80472 0.132601 0.0626787
0.000670128 0.999292 3.79766e-05
0.518471 0.3457 0.135829
0.583559 0.0843151 0.332126
0.363496 0.304144 0.332361
0.111535 0.556285 0.332179
0.534985 0.132184 0.332831
0.268288 0.596592 0.13512
0.558404 0.382209 0.0593873
0.246003 0.421085 0.332912
0.0328275 0.701292 0.26588
0.867646 7.00677e-05 0.132284
0.793529 6.40823e-05 0.206407
0.556863 0.109888 0.333248
8.07779e-05 0.865324 0.134595
0.268931 0.398112 0.332957
0.165949 0.834013 3.79766e-05
0.0324237 0.901024 0.0665523
0.629569 0.135274 0.235157
0.000142951 0.0307863 1.31053
0.102634 0.761083 0.136284
0.833278 0.0666911 0.100031
0.414013 0.518139 0.0678484
0.133488 0.599485 0.267027
0.42629 0.241148 0.332563
0.733884 0.13415 0.131967
0.0672186 0.601294 0.331488
0.55413 0.171585 0.274286
0.394114 0.272563 0.333323
0.0325563 0.802145 0.165299
6.0593e-05 0.668589 0.33135
0.667025 4.29622e-05 0.332932
0.167668 0.525509 0.306823
0.205419 0.553515 0.241067
0.699619 0.19937 0.101011
0.763013 0.0678605 0.169127
0.900533 0.0334309 0.0660364
0.668422 0.163441 0.168138
0.240798 0.759164 3.79766e-05
0.447538 0.380065 0.172398
0.510777 0.156806 0.332417
0.301636 0.632405 0.0659593
0.132668 0.534421 0.332912
0.375377 0.591544 0.0330792
0.311316 0.356829 0.331855
0.564352 0.268196 0.167452
0.659219 0.0678087 0.272973
0.632769 0.0339118 0.33332
0.767722 0.200019 0.0322596
0.336219 0.564104 0.0996761
0.344815 0.484927 0.170258
0.588086 0.205925 0.205989
0.832989 0.166968 4.34458e-05
0.136497 0.795825 0.0676781
0.585565 0.311312 0.103123
0.166274 0.5018 0.331926
0.591896 0.408066 3.79766e-05
0.435573 0.564333 9.43888e-05
0.0913101 0.674416 0.234273
0.513959 0.451919 0.0341219
0.134263 0.697627 0.16811
0.174201 0.619864 0.205935
0.498458 0.501504 3.79766e-05
0.438771 0.315372 0.245857
0.612514 0.055707 0.331779
0.0655591 0.934403 3.79766e-05
0.00101402 0.0210717 1.29358
0.480313 0.416048 0.103639
0.197508 0.470075 0.332417
0.699966 0.0979656 0.202068
0.335749 0.664213 3.79766e-05
0.29198 0.375419 0.332601
0.967173 7.81051e-05 0.0327491
0.655002 0.34497 2.80594e-05
0.266874 0.701368 0.0317587
0.378631 0.414277 0.207093
0.0995956 0.866398 0.034006
0.334846 0.332495 0.332659
0.236933 0.662288 0.100779
0.734615 0.0269778 0.238408
0.524191 0.279244 0.196566
0.380136 0.346892 0.272973
0.485573 0.181107 0.33332
