0.458384 0.323105
0.1283 0.642809
0.279463 0.471627
0.233491 0.516944
0.57024 0.245172
0.831288 0.0885612
0.136729 0.630489
0.592363 0.230642
0.487262 0.302154
0.769342 0.122903
0.0055351 0.928662
0.676974 0.177653
0.507236 0.287908
0.35207 0.40692
0.24915 0.501276
0.271854 0.478626
0.991215 0.00555733
0.626687 0.208619
0.430612 0.344202
0.477266 0.309322
0.715523 0.154578
0.295394 0.456586
0.65108 0.193393
0.448643 0.330552
0.422175 0.350688
0.0245471 0.847011
0.395099 0.371478
0.360629 0.39952
0.0993757 0.685833
0.728293 0.146816
0.158812 0.60168
0.663562 0.185597
0.84647 0.0801605
0.114607 0.661653
0.497505 0.294824
0.527223 0.274518
0.0143596 0.884588
0.0619202 0.751563
0.755647 0.130889
1 0.000113935
0.518284 0.280571
0.20332 0.549269
0.947214 0.0272979
0.743067 0.138496
0.31998 0.434818
0.210589 0.5413
0.0450422 0.788358
0.615346 0.215836
0.0838383 0.710923
0.00187267 0.965317
0.969803 0.0153328
0.799283 0.106094
0.010893 0.897407
0.412608 0.357783
0.195319 0.558902
0.287591 0.463805
0.702251 0.162544
0.439688 0.337067
0.864052 0.071094
0.467752 0.316351
0.0387965 0.806108
0.188782 0.565761
0.1068 0.673593
0.263725 0.486857
0.369049 0.392623
0.310725 0.443486
0.785797 0.113957
0.882 0.0622937
0.914591 0.0440191
0.538102 0.266744
0.0195128 0.863
0.241269 0.508963
0.93026 0.0366689
0.18086 0.574999
0.0542804 0.76867
0.403656 0.364744
0.559074 0.252421
0.000126408 1
0.0762161 0.724934
0.0924115 0.696115
0.378004 0.38534
0.144074 0.620702
0.173685 0.583411
0.638406 0.20111
0.386674 0.378355
0.818424 0.0955982
0.121385 0.651958
0.603391 0.223354
0.166651 0.592133
0.0694026 0.737517
0.327359 0.42795
0.218586 0.532673
0.548517 0.259599
0.897701 0.0532525
0.152169 0.610053
0.3364 0.420461
0.688781 0.17042
0.0301711 0.828691
0.226016 0.524681
0.581463 0.237919
